 EVERGREEN AL                             12758 0
 LATT=  31.43 LONG= -86.97 YEARS= 40. TYPE= 4
 ELEVATION =  340. TP5 = 2.95 TP6= 7.98
 MEAN P    .59   .63   .74   .68   .61   .58   .54   .48   .61   .55   .62   .59
 S DEV P   .73   .74   .98  1.06   .77   .77   .68   .60   .98   .84   .71   .82
 SKEW  P  2.45  2.44  2.72  5.81  2.65  2.62  3.11  3.32  4.15  4.33  1.90  3.17
 P(W/W)    .46   .45   .43   .39   .41   .49   .53   .46   .44   .43   .40   .37
 P(W/D)    .26   .24   .22   .19   .21   .24   .32   .28   .20   .13   .19   .24
 TMAX AV 58.46 62.68 70.75 77.11 83.70 88.93 90.66 90.28 86.17 77.82 68.71 60.42
 TMIN AV 36.02 38.50 45.04 51.16 60.10 67.29 70.20 69.69 65.03 53.15 44.38 37.87
 SD TMAX 10.96 10.65  9.89  7.75  5.96  5.16  4.49  4.67  5.80  7.49  9.12 10.58
 SD TMIN 11.44 10.78 10.02  8.56  6.67  4.50  2.30  3.28  6.01  9.42 10.47 11.34
 SOL.RAD  224.  291.  378.  468.  522.  507.  497.  460.  408.  335.  257.  211.
 SD SOL   28.5  32.7  38.0  35.6  47.1  45.7  34.4  30.6  35.0  38.9  25.5  22.1
 MX .5 P  1.17  1.23  1.43  1.26  1.67  1.74  1.86  1.82  1.54  1.17  1.39  1.11
 DEW PT  38.28 41.28 46.71 53.14 61.57 68.14 71.57 71.14 66.14 55.14 47.71 41.28
Time Pk   .386  .556  .642  .743  .766  .783  .912  .930  .948  .968  .988 1.000
% N       6.83  7.65  7.92  6.22  5.76  4.89  2.95  4.52  6.03  8.78  9.20  9.18
MEAN      3.31  3.63  3.38  3.39  2.81  2.58  2.07  2.32  2.60  2.88  2.94  3.20
STD DEV   1.66  1.80  1.77  1.78  1.55  1.18   .97  1.08  1.36  1.55  1.59  1.68
SKEW       .53   .68   .92   .72  1.26   .98  1.34  1.09  1.35  1.13  1.05   .88
% NNE     4.15  5.42  4.28  3.41  3.73  3.34  2.24  3.21  6.76  5.41  5.35  5.87
MEAN      3.25  3.63  3.38  3.64  2.89  2.60  2.34  2.41  2.96  2.93  3.28  3.35
STD DEV   1.34  1.45  1.56  1.72  1.44  1.08   .72  1.06  1.40  1.35  1.51  1.62
SKEW       .47   .30   .52   .58  1.06   .85   .76   .70   .71   .61   .57   .85
% NE      3.42  3.83  3.04  2.37  4.25  5.93  5.29  7.30 12.20 10.56  5.80  4.38
MEAN      2.55  2.88  2.99  2.85  2.74  2.60  2.47  2.49  3.05  2.80  2.78  2.60
STD DEV    .99  1.36  1.59  1.59  1.18  1.18  1.10  1.18  1.66  1.44  1.27  1.21
SKEW       .89  1.02  1.50  1.25   .55  1.03  1.16  1.45  1.84  1.11   .85  1.01
% ENE     1.66  1.97  2.18  1.24  2.63  2.77  3.47  4.48  8.04  6.23  2.28  2.51
MEAN      2.58  2.68  3.10  2.93  2.66  2.75  3.08  3.08  3.41  3.37  3.18  2.72
STD DEV   1.05  1.04  1.33  1.20  1.02  1.16  1.26  1.36  1.46  1.54  1.47  1.07
SKEW       .27   .57   .70   .25   .67   .49   .62   .84   .74   .76   .94   .63
% E       2.25  2.49  2.91  2.34  3.72  4.38  4.65  5.55  7.57  5.38  3.53  3.52
MEAN      2.50  2.96  2.34  2.90  2.39  2.38  2.50  2.75  3.14  3.03  2.64  2.54
STD DEV   1.07  1.26   .97  1.38   .99   .98  1.07  1.21  1.39  1.40  1.16   .92
SKEW       .37   .62  1.26   .69  1.12   .81  1.09   .76   .71   .63  1.05   .33
% ESE     4.06  4.44  4.26  4.27  4.00  3.78  4.94  4.84  6.74  4.54  3.95  6.82
MEAN      2.99  3.31  2.67  3.04  2.89  2.87  3.16  3.04  3.30  3.23  3.09  3.30
STD DEV   1.17  1.25   .91  1.31  1.40  1.30  1.37  1.51  1.38  1.28  1.27  1.38
SKEW       .56   .41   .89   .45  1.14   .80   .84  1.29   .43   .38   .59   .41
% SE      7.48  6.85  6.35  8.34  7.52  6.43  7.06  6.11  5.53  3.28  6.18  9.13
MEAN      2.80  3.24  3.06  3.07  2.76  2.49  2.47  2.53  2.69  2.75  2.85  3.02
STD DEV   1.16  1.53  1.51  1.58  1.22  1.12  1.15  1.02  1.25  1.22  1.26  1.36
SKEW       .85   .51  1.40  1.15   .66   .89  1.44   .92   .79   .59  1.14   .60
% SSE    11.35  7.52  8.03  7.92  6.24  4.13  5.14  2.99  2.79  2.14  3.68  6.95
MEAN      3.73  4.00  4.16  3.88  3.15  3.09  2.87  2.80  2.99  3.40  3.86  4.16
STD DEV   1.65  1.99  2.11  2.08  1.35  1.41  1.39  1.35  1.21  1.66  1.90  1.60
SKEW       .60   .53   .73  1.34   .65   .87   .95   .84   .78   .57   .42   .27
% S       8.14  5.03  7.44  8.01  8.14  4.77  4.68  3.53  2.48  1.25  2.66  3.58
MEAN      3.77  3.74  4.30  3.63  3.21  2.65  2.53  2.52  2.61  2.29  3.01  3.57
STD DEV   1.90  2.04  2.10  1.82  1.54  1.25  1.20  1.43  1.10   .98  1.50  1.79
SKEW       .82   .76   .55   .83   .62   .93  1.37  1.55   .88   .80  1.12   .69
% SSW     9.55  7.39  8.23  7.84  6.62  5.46  5.34  2.85  2.13  1.57  2.72  2.93
MEAN      4.92  4.51  4.93  3.88  3.62  3.04  3.13  2.75  2.80  2.59  3.36  3.96
STD DEV   2.11  2.10  2.49  1.67  1.66  1.34  1.37  1.29  1.15  1.08  1.58  2.07
SKEW       .52   .29  1.29   .47   .61   .86   .81  1.20   .72   .98   .56   .56
% SW      4.33  4.10  5.62  4.52  5.66  5.64  5.70  3.97  2.04  1.43  2.06  1.85
MEAN      3.83  4.31  4.08  3.65  3.09  2.64  2.82  2.55  2.70  3.13  3.14  3.34
STD DEV   1.98  2.33  2.16  1.94  1.40  1.25  1.33  1.09  1.17  1.50  2.00  1.41
SKEW       .70   .58   .78  1.07   .58  1.32  1.03   .87   .70   .54  1.66   .35
% WSW     2.31  4.85  4.54  4.43  4.18  4.73  5.01  3.11  2.12  1.14  2.26  2.15
MEAN      4.20  4.28  4.61  4.42  3.84  3.28  3.30  2.88  3.25  3.12  3.81  4.62
STD DEV   2.14  2.12  2.23  2.02  1.62  1.39  1.55  1.35  1.39  1.37  1.86  2.26
SKEW       .86   .62   .38   .75   .41   .54  1.43  1.09   .56   .60   .82   .76
% W       2.51  3.55  2.92  3.14  2.82  4.47  5.82  4.22  1.75  1.38  2.68  2.49
MEAN      4.24  4.22  3.64  3.68  3.21  2.82  3.07  2.60  3.13  2.54  3.35  3.68
STD DEV   1.90  1.90  1.87  2.05  1.39  1.33  1.53  1.21  1.39  1.13  1.83  1.84
SKEW       .26   .18  1.02   .84   .54   .75  1.23   .65   .51   .64   .65   .63
% WNW     3.59  5.30  4.77  3.04  3.58  4.84  4.27  4.50  1.74  2.27  4.46  4.78
MEAN      4.92  4.44  4.70  4.23  4.05  3.26  3.43  3.12  3.14  3.15  4.31  4.12
STD DEV   2.47  1.91  2.00  2.05  1.70  1.39  1.34  1.25  1.31  1.66  1.94  1.94
SKEW       .45   .15   .25   .55   .37   .48   .38   .37   .26   .70   .15   .58
% NW      7.57  8.73  8.26  7.65  6.66  7.77  5.60  7.93  4.27 10.29 10.81  8.92
MEAN      4.10  3.79  3.94  3.80  3.31  2.83  2.86  2.82  2.83  2.78  3.41  3.61
STD DEV   2.12  1.97  2.12  1.97  1.81  1.31  1.21  1.24  1.54  1.53  1.91  1.92
SKEW       .69   .49   .64   .70  1.07   .94   .61   .79  1.02  1.53   .91   .82
% NNW     7.62  8.20  8.76  8.26  4.50  4.90  2.77  3.61  4.37  9.12  8.12  8.60
MEAN      4.39  4.39  4.27  4.53  3.44  3.22  2.65  3.02  2.85  3.45  4.17  4.06
STD DEV   1.94  2.26  2.07  2.13  1.84  1.40  1.12  1.38  1.47  1.79  2.02  1.87
SKEW       .30   .48   .47   .30   .78   .34   .67   .85  1.02   .67   .39   .49
CALM     12.99 12.78 10.58 16.81 19.92 21.67 25.07 27.35 23.44 25.22 24.35 16.25
 
INTERPOLATED DATA (station & weighting factor)
 
---Wind Stations---
EVERGREEN     AL     .868  MILTON        FL     .077  TROY          AL     .054
---Solar Radiation and Max .5 P Stations---
 AL PETERMAN         .513   AL GREENVILLE       .331   FL NICEVILLE        .156 
---Dewpoint Stations---
FL WHITING FLD NAS   .571  AL MONTGOMERY AP     .429                            
---Time Peak Stations---
AL PETERMAN          .595  AL JACKSON           .217  AL ENTERPRISE 2 W    .188 
