 SAINT BERNARD AL                         17157 0
 LATT=  34.20 LONG= -86.78 YEARS= 40. TYPE= 3
 ELEVATION =  800. TP5 = 2.71 TP6= 5.81
 MEAN P    .56   .58   .56   .60   .53   .46   .48   .44   .67   .56   .58   .55
 S DEV P   .72   .65   .71   .66   .63   .53   .60   .53   .99   .76   .65   .65
 SKEW  P  2.65  1.73  2.32  1.93  2.14  2.01  2.98  2.48  3.64  2.22  2.39  2.35
 P(W/W)    .48   .46   .45   .44   .47   .47   .45   .41   .49   .43   .43   .49
 P(W/D)    .24   .22   .25   .20   .23   .22   .24   .21   .16   .15   .22   .22
 TMAX AV 52.26 56.91 65.71 74.27 80.75 87.47 90.69 90.41 84.43 74.37 64.36 54.75
 TMIN AV 28.74 31.89 39.22 46.57 55.17 62.47 67.00 66.16 58.68 46.12 37.37 30.55
 SD TMAX 11.08 11.46 10.92  8.70  7.04  5.39  5.13  5.59  7.27  8.13  9.46 10.41
 SD TMIN 11.58 11.34 10.78 10.37  8.39  6.14  5.54  6.33  8.17 10.18 10.71 11.25
 SOL.RAD  196.  261.  355.  446.  503.  508.  515.  478.  404.  320.  224.  183.
 SD SOL   25.0  29.9  25.7  33.8  46.6  39.4  37.0  29.4  28.4  38.5  26.2  20.4
 MX .5 P   .84   .87  1.00  1.08  1.36  1.48  1.74  1.41  1.45   .89   .95   .78
 DEW PT  32.07 34.31 40.31 48.31 58.31 65.54 69.54 68.54 62.31 50.61 41.85 34.61
Time Pk   .459  .626  .699  .786  .812  .824  .915  .935  .948  .970  .982 1.000
% N       9.54  9.22  7.16  5.93  6.34  5.10  5.41  6.19  7.97  8.56  8.17  7.64
MEAN      4.70  4.47  4.31  4.35  3.85  3.63  3.48  3.38  3.84  4.20  4.13  4.37
STD DEV   1.90  1.88  1.70  1.76  1.65  1.45  1.38  1.47  1.59  1.79  1.70  1.79
SKEW       .39   .50   .32   .42   .66   .58   .65   .92   .65   .70   .46   .61
% NNE     3.79  3.87  3.56  3.32  3.42  3.40  3.64  4.68  5.43  4.92  3.89  4.22
MEAN      4.06  4.01  3.93  4.08  3.53  3.36  3.25  3.38  3.73  3.86  3.70  3.98
STD DEV   1.57  1.59  1.63  1.70  1.52  1.35  1.40  1.40  1.52  1.61  1.64  1.52
SKEW       .33   .45   .53   .53   .73   .56  1.04   .88   .70   .78   .75   .43
% NE      3.10  4.03  3.51  3.77  4.44  4.56  5.07  6.28  7.08  5.81  4.31  4.30
MEAN      3.15  3.15  3.29  3.19  2.91  2.90  2.79  2.93  3.08  3.08  3.13  3.46
STD DEV   1.34  1.37  1.34  1.37  1.29  1.17  1.09  1.21  1.25  1.45  1.30  1.47
SKEW       .78   .89   .74   .90  1.04   .99  1.08  1.08   .95  1.17   .75   .74
% ENE     2.70  3.12  2.95  2.83  3.16  3.38  3.12  4.21  5.78  5.29  3.23  2.97
MEAN      3.22  3.16  3.13  2.95  2.85  2.77  2.87  2.89  3.17  2.97  2.82  3.25
STD DEV   1.36  1.22  1.32  1.27  1.18  1.05  1.17  1.23  1.39  1.31  1.20  1.37
SKEW       .86   .64   .83  1.19  1.14   .78  1.08  1.09  1.02  1.15  1.10   .83
% E       4.29  5.20  5.12  4.81  5.66  5.90  5.54  7.68  9.96  8.38  5.60  5.49
MEAN      3.10  3.32  3.62  3.00  2.80  2.88  2.74  2.79  3.24  2.94  2.81  3.30
STD DEV   1.33  1.58  1.74  1.33  1.23  1.19  1.15  1.16  1.37  1.24  1.13  1.47
SKEW      1.18  1.09   .90  1.23  1.43  1.09  1.14  1.04   .83  1.07   .94  1.14
% ESE     5.83  6.88  6.89  5.43  6.34  6.55  5.59  6.35  9.09  7.79  4.89  6.79
MEAN      3.86  4.49  4.58  3.89  3.51  3.51  3.15  3.07  3.79  4.02  3.56  4.18
STD DEV   1.70  2.01  2.13  1.71  1.51  1.49  1.31  1.30  1.48  1.67  1.60  1.80
SKEW       .74   .59   .91   .68   .68   .73   .77  1.04   .61   .51   .89   .51
% SE      8.84  8.78  8.97  8.66  8.81  8.93  9.10  8.91 10.77  9.46  8.48 10.75
MEAN      4.25  4.41  4.64  4.00  3.64  3.44  3.09  3.05  3.63  3.80  4.04  4.49
STD DEV   1.89  2.09  2.10  1.69  1.61  1.46  1.30  1.24  1.57  1.63  1.90  2.02
SKEW       .79  1.02   .73   .64   .86   .77   .84   .98   .85   .79   .89   .74
% SSE     7.18  5.96  6.62  7.71  6.26  5.43  6.02  5.04  4.63  4.19  6.41  6.83
MEAN      4.68  4.92  5.09  4.66  3.84  3.45  3.13  3.11  3.72  3.97  4.65  4.82
STD DEV   1.93  2.07  2.30  2.08  1.56  1.35  1.23  1.26  1.53  1.53  2.11  2.16
SKEW       .53   .50   .97   .97   .62   .58   .80   .78   .68   .48   .59   .76
% S       9.41  7.29  9.13 10.12  7.86  6.72  7.34  6.31  4.85  3.78  6.69  7.04
MEAN      4.63  4.81  5.08  4.70  4.00  3.42  3.04  3.16  3.52  3.53  4.36  4.51
STD DEV   1.96  2.08  2.21  1.98  1.67  1.44  1.19  1.31  1.46  1.44  1.96  2.06
SKEW       .68   .66   .68   .70   .69   .78   .81   .90   .65   .75   .61   .76
% SSW     4.81  4.42  4.65  6.29  5.01  5.11  5.13  3.56  2.36  2.03  3.55  3.81
MEAN      5.04  5.39  5.28  5.14  4.47  4.01  3.44  3.41  3.60  3.80  4.53  4.55
STD DEV   2.01  2.28  2.17  1.92  1.85  1.55  1.32  1.46  1.45  1.64  1.87  1.95
SKEW       .45   .39   .46   .27   .47   .48   .64   .92   .52   .66   .43   .76
% SW      3.52  4.36  3.96  5.25  4.87  6.25  6.35  4.56  2.63  2.57  3.71  3.77
MEAN      4.32  4.83  4.70  4.61  4.21  3.81  3.45  3.38  3.48  3.51  4.00  4.23
STD DEV   1.89  2.06  1.99  1.92  1.87  1.59  1.36  1.39  1.51  1.55  1.79  1.88
SKEW       .64   .40   .63   .56   .66   .67   .62   .80   .82   .65   .60   .64
% WSW     3.01  3.37  3.82  4.06  3.61  4.06  4.30  3.04  1.43  1.84  2.50  3.11
MEAN      4.44  4.82  5.02  5.07  4.24  3.82  3.59  3.36  3.39  3.67  3.87  4.48
STD DEV   1.95  2.25  2.09  2.32  1.82  1.58  1.38  1.37  1.41  1.53  1.67  1.96
SKEW       .70   .76   .33   .48   .64   .64   .55   .86   .84   .69   .67   .54
% W       4.11  4.48  4.86  4.43  4.31  4.23  4.82  3.67  1.93  2.91  4.28  4.53
MEAN      4.58  4.89  5.25  5.21  3.98  4.01  3.54  3.36  3.13  3.75  4.53  4.65
STD DEV   2.14  2.27  2.42  2.38  1.76  1.85  1.54  1.35  1.35  1.69  2.13  2.04
SKEW       .77   .63   .54   .37   .75   .69   .99   .74   .85   .63   .70   .57
% WNW     5.00  5.35  6.54  5.18  4.18  4.12  3.54  2.89  2.12  2.66  5.21  5.36
MEAN      5.01  5.21  5.65  5.27  4.39  4.08  3.62  3.36  3.40  4.10  4.97  5.06
STD DEV   1.91  2.14  2.37  2.18  1.88  1.76  1.42  1.22  1.29  1.93  2.03  2.02
SKEW       .41   .55   .34   .57   .63   .71   .86   .57   .73   .76   .45   .28
% NW      8.21  8.09  8.49  6.99  5.51  5.39  4.30  5.51  4.34  6.03  8.26  7.12
MEAN      4.79  5.00  5.12  4.79  3.90  3.63  3.24  3.28  3.44  3.94  4.64  4.86
STD DEV   2.01  2.27  2.10  2.08  1.72  1.55  1.32  1.31  1.45  1.73  2.04  2.11
SKEW       .37   .49   .41   .48   .65   .74   .85   .87   .86   .93   .57   .46
% NNW     7.57  7.10  5.98  5.16  4.51  4.93  3.84  3.55  4.49  5.33  6.99  5.94
MEAN      5.00  5.06  4.89  4.75  4.06  3.72  3.43  3.34  3.86  4.27  4.69  4.90
STD DEV   1.93  1.98  1.91  1.88  1.63  1.51  1.38  1.33  1.49  1.81  1.92  2.24
SKEW       .20   .47   .37   .27   .46   .77   .70   .58   .60   .57   .39   .89
CALM      9.15  8.43  7.79 10.12 15.64 16.00 16.94 17.51 15.12 18.41 13.87 10.49
 
INTERPOLATED DATA (station & weighting factor)
 
---Wind Stations---
HUNTSVILLE    AL     .417  BIRMINGHAM    AL     .336  MUSCLE SHOALS AL     .248
---Solar Radiation and Max .5 P Stations---
 AL WARRIOR          .537   AL FT PAYNE         .243   AL HAMILTON 3 S     .220 
---Dewpoint Stations---
AL HUNTSVILLE INTL   .459  AL BIRMINGHAM AP     .306  AL MUSCLE SHOALS RG  .235 
---Time Peak Stations---
AL WARRIOR           .533  AL FT PAYNE          .244  AL HAMILTON 3 S      .223 
