 GREENSBORO AL                            13511 0
 LATT=  32.70 LONG= -87.60 YEARS= 40. TYPE= 4
 ELEVATION =  220. TP5 = 2.54 TP6= 6.30
 MEAN P    .54   .63   .65   .66   .56   .44   .46   .44   .56   .56   .57   .49
 S DEV P   .68   .76   .72   .80   .61   .48   .57   .56   .74   .70   .63   .54
 SKEW  P  2.69  2.31  1.53  1.87  1.76  1.60  2.39  2.17  2.21  2.03  1.58  1.50
 P(W/W)    .46   .40   .43   .41   .44   .40   .45   .43   .44   .41   .40   .42
 P(W/D)    .26   .24   .23   .19   .20   .19   .27   .18   .15   .12   .20   .20
 TMAX AV 56.00 60.97 69.79 77.16 83.91 90.48 92.64 92.45 87.09 77.40 67.37 58.38
 TMIN AV 35.51 38.83 45.02 51.59 60.46 67.80 71.37 70.74 64.82 52.97 44.20 38.12
 SD TMAX 10.55 10.94  9.76  7.30  5.93  4.90  4.56  4.69  6.18  7.50  8.94 10.34
 SD TMIN 11.49 10.81 10.17  9.07  7.12  4.90  3.13  3.63  7.00  9.96 10.79 11.86
 SOL.RAD  204.  267.  364.  452.  511.  518.  522.  481.  409.  325.  234.  189.
 SD SOL   24.7  31.5  26.5  29.3  48.3  40.3  35.7  23.1  25.6  40.9  24.9  22.8
 MX .5 P   .96  1.10  1.34  1.34  1.34  1.44  1.61  1.51  1.38  1.06  1.12   .95
 DEW PT  35.22 37.74 43.74 51.22 60.52 67.00 71.00 70.48 64.22 53.22 44.74 38.22
Time Pk   .425  .589  .665  .751  .771  .791  .916  .939  .956  .966  .988 1.000
% N       6.45  7.36  6.32  4.92  5.10  4.21  3.77  5.80  9.02  8.89  8.35  7.62
MEAN      3.69  3.44  3.51  3.42  2.77  2.47  2.51  2.50  2.72  2.84  3.05  3.37
STD DEV   1.60  1.59  1.78  1.64  1.30  1.02  1.03  1.01  1.21  1.30  1.40  1.59
SKEW       .65   .75   .95   .80   .95   .76  1.21  1.20  1.03  1.05   .88   .69
% NNE     3.82  5.21  4.30  3.45  3.32  3.04  2.78  4.34  7.13  6.06  4.72  4.02
MEAN      3.35  3.10  3.09  3.17  2.77  2.62  2.63  2.60  2.87  3.00  3.03  2.95
STD DEV   1.43  1.41  1.42  1.52  1.35  1.15  1.16  1.11  1.30  1.51  1.41  1.29
SKEW       .60   .84   .70   .85   .67   .96  1.20  1.23   .97   .98   .74   .67
% NE      3.27  4.18  3.67  2.51  3.85  3.16  3.35  4.70  6.96  5.60  3.59  3.97
MEAN      2.54  2.88  2.89  2.51  2.38  2.30  2.57  2.50  2.82  2.68  2.40  2.52
STD DEV   1.08  1.26  1.32  1.08  1.02   .92  1.05  1.14  1.32  1.27  1.04  1.09
SKEW       .70   .93   .80   .78  1.00   .72   .98  1.46  1.00  1.01  1.07   .86
% ENE     2.73  4.47  3.18  2.87  3.55  3.97  4.26  5.34  7.98  6.96  2.98  3.85
MEAN      2.63  2.93  2.90  2.60  2.56  2.55  2.59  2.75  3.19  3.08  2.57  2.70
STD DEV   1.05  1.24  1.34  1.16  1.11  1.12  1.04  1.27  1.45  1.56  1.19  1.21
SKEW       .83   .57  1.12   .57   .90  1.02   .84  1.12   .80  1.20   .89  1.25
% E       4.75  5.75  4.97  4.02  4.37  5.54  6.12  5.92  9.97  7.79  4.59  7.52
MEAN      2.69  2.99  3.01  2.77  2.57  2.60  2.58  2.66  3.00  3.08  2.66  3.06
STD DEV   1.04  1.32  1.39  1.33  1.23  1.21  1.08  1.19  1.33  1.43  1.17  1.44
SKEW       .84   .82   .83   .99  1.03   .95  1.02  1.04   .64   .90   .83   .97
% ESE     5.42  5.26  5.07  4.06  4.50  4.39  4.84  4.00  5.62  5.03  3.74  6.22
MEAN      3.11  3.58  3.63  3.15  2.77  2.78  2.90  2.79  3.05  3.03  2.93  3.44
STD DEV   1.36  1.50  1.75  1.41  1.31  1.22  1.18  1.27  1.31  1.33  1.40  1.47
SKEW       .71   .48   .73   .47   .94   .79   .76   .98   .50   .63   .80   .64
% SE      7.18  4.95  5.05  5.03  4.17  4.08  4.71  3.80  4.46  3.28  5.14  5.60
MEAN      3.18  3.47  3.60  3.10  2.77  2.62  2.52  2.51  2.76  2.86  3.37  3.53
STD DEV   1.46  1.61  1.76  1.61  1.26  1.12  1.01  1.00  1.25  1.29  1.71  1.63
SKEW      1.00  1.02   .78  1.26   .94   .73  1.04   .83  1.16   .81  1.05   .66
% SSE     7.14  5.35  5.97  6.52  4.82  3.90  4.41  3.17  2.86  2.18  3.39  4.38
MEAN      4.16  4.24  4.14  3.56  2.96  2.65  2.68  2.57  2.76  2.74  3.75  4.13
STD DEV   1.97  1.96  1.98  1.75  1.35  1.11  1.06  1.12  1.18  1.25  2.09  1.93
SKEW       .77   .60   .86   .75   .87  1.04  1.31  1.36   .81   .80  1.14   .62
% S       9.43  7.10  8.45  9.45  6.87  6.89  7.72  4.98  3.65  2.56  4.86  5.50
MEAN      4.37  4.30  4.50  3.64  3.19  2.86  2.70  2.57  2.73  2.69  3.38  3.94
STD DEV   1.99  2.07  2.15  1.76  1.39  1.33  1.13  1.28  1.19  1.12  1.65  1.90
SKEW       .64   .69   .69   .80   .56  1.13  1.13  1.67  1.00   .82  1.10   .66
% SSW     5.79  5.39  6.91  8.76  7.11  6.30  7.33  4.15  3.21  2.07  4.83  3.20
MEAN      4.69  4.68  4.63  4.03  3.52  3.12  3.00  2.67  2.99  2.87  3.79  3.96
STD DEV   2.13  2.14  2.23  1.77  1.52  1.39  1.22  1.17  1.29  1.59  1.73  2.03
SKEW       .49   .68   .53   .59   .58   .80   .92  1.10   .96  1.85   .64   .72
% SW      3.16  3.70  3.82  5.50  5.85  5.68  6.61  4.38  2.66  1.96  2.86  2.95
MEAN      3.72  4.12  3.94  3.80  3.19  2.89  2.84  2.56  2.70  2.76  3.16  3.25
STD DEV   1.85  2.06  1.83  1.78  1.47  1.19  1.22  1.07  1.18  1.28  1.35  1.55
SKEW       .89   .81   .58   .75   .95   .92  1.28  1.01   .82  1.00   .66   .84
% WSW     2.59  3.34  2.82  3.67  3.85  5.16  5.27  4.45  1.83  1.73  2.21  2.70
MEAN      4.28  4.25  3.98  3.98  3.35  3.08  2.89  2.77  2.81  2.89  3.27  3.58
STD DEV   2.14  1.94  1.77  1.94  1.59  1.29  1.20  1.21  1.25  1.21  1.52  1.90
SKEW       .42   .43   .35   .65   .68   .58   .63  1.05   .71   .73   .60   .76
% W       3.87  4.13  4.81  3.83  3.87  4.97  5.57  4.88  1.79  2.77  3.96  4.96
MEAN      4.09  4.00  4.22  3.99  2.99  2.90  2.76  2.65  2.53  2.79  3.21  3.70
STD DEV   2.09  2.06  2.25  2.24  1.47  1.31  1.23  1.18  1.04  1.30  1.72  2.02
SKEW       .75   .47   .67   .93  1.18   .83   .98  1.08   .87   .82  1.07   .82
% WNW     5.83  6.40  6.51  6.35  4.38  4.56  3.25  4.19  2.14  3.57  6.04  5.78
MEAN      4.52  4.82  4.94  4.22  3.57  3.32  2.84  2.93  2.83  3.30  4.21  4.33
STD DEV   2.14  2.25  2.35  1.95  1.75  1.57  1.21  1.40  1.33  1.77  1.98  2.01
SKEW       .65   .34   .33   .48   .67   .71   .73  1.26   .84   .97   .44   .36
% NW      7.12  6.76  7.16  5.37  4.38  4.36  2.99  4.31  3.16  5.63  8.12  6.73
MEAN      4.43  4.31  4.46  4.18  3.38  2.92  2.64  2.71  2.79  3.38  4.13  3.95
STD DEV   2.01  2.05  2.20  1.97  1.77  1.32  1.06  1.21  1.35  1.72  1.97  1.97
SKEW       .59   .42   .58   .53   .81   .63   .54  1.06  1.03   .83   .51   .56
% NNW     6.63  7.19  6.82  5.40  4.53  4.08  2.69  4.79  4.91  6.92  7.51  6.19
MEAN      4.45  4.22  4.28  4.09  3.50  2.95  2.66  2.68  3.18  3.64  4.04  3.96
STD DEV   1.86  1.93  1.93  1.82  1.75  1.30  1.15  1.13  1.55  1.74  1.88  1.85
SKEW       .46   .54   .56   .51   .67   .64   .99   .68   .77   .82   .57   .71
CALM     14.89 13.51 14.15 18.22 25.51 25.81 24.39 26.65 22.69 26.99 23.09 18.77
 
INTERPOLATED DATA (station & weighting factor)
 
---Wind Stations---
TUSCALOOSA    AL     .411  SELMA         AL     .378  MERIDIAN      MS     .211
---Solar Radiation and Max .5 P Stations---
 AL WARRIOR L&D      .600   AL ALBERTA          .248   AL THORSBY EXP STN  .152 
---Dewpoint Stations---
AL TUSCALOOSA MUNI   .483  MS MERIDIAN NAAS     .296  AL MONTGOMERY AP     .221 
---Time Peak Stations---
AL WARRIOR L&D       .619  AL ALBERTA           .234  AL THORSBY EXP STN   .147 
