 PINE BLUFF AR                            35754 0
 LATT=  34.20 LONG= -92.00 YEARS= 40. TYPE= 3
 ELEVATION =  220. TP5 = 2.49 TP6= 6.09
 MEAN P    .46   .50   .55   .60   .55   .46   .47   .57   .60   .67   .50   .64
 S DEV P   .55   .52   .67   .75   .71   .59   .60   .75   .85   .81   .60   .80
 SKEW  P  2.44  1.45  1.95  2.06  2.44  2.53  2.41  2.44  2.86  1.78  1.86  2.34
 P(W/W)    .42   .45   .42   .45   .46   .44   .44   .36   .46   .47   .47   .46
 P(W/D)    .24   .22   .22   .21   .23   .17   .18   .14   .13   .15   .20   .19
 TMAX AV 50.67 55.70 64.85 74.27 81.51 88.72 92.38 91.84 85.40 75.35 63.93 54.02
 TMIN AV 31.70 35.24 43.47 51.69 60.92 68.81 72.28 71.13 63.50 51.63 42.31 34.10
 SD TMAX 12.63 12.94 11.49  9.38  7.14  5.37  5.15  5.70  7.43  9.09 10.53 11.88
 SD TMIN 10.47  9.96  9.99  8.89  7.17  5.40  3.63  4.48  7.69  9.10 10.11 10.43
 SOL.RAD  187.  254.  344.  439.  489.  529.  548.  511.  413.  316.  212.  175.
 SD SOL   28.2  36.1  25.5  28.9  34.2  41.5  29.8  33.7  19.8  39.4  32.7  30.0
 MX .5 P   .70   .69  1.08  1.04  1.38  1.41  1.41  1.60  1.36  1.30  1.02   .90
 DEW PT  32.81 35.81 42.89 50.02 60.10 67.05 71.00 69.92 62.97 51.02 42.94 35.81
Time Pk   .469  .590  .671  .789  .809  .820  .920  .940  .950  .961  .981 1.000
% N       7.29  7.67  5.46  7.32  5.44  3.57  4.18  6.59  9.79  7.65  7.03  6.20
MEAN      4.62  4.27  4.36  4.39  3.82  3.61  2.78  3.07  3.39  3.65  4.38  4.04
STD DEV   2.01  2.12  1.95  1.58  1.83  1.67  1.40  1.47  1.67  1.94  2.06  2.02
SKEW       .25   .44   .37   .21   .54   .39   .86   .37   .53   .70   .32   .51
% NNE     8.04  6.19  4.95  4.62  3.67  2.36  2.65  5.06  9.07  8.30  4.26  6.13
MEAN      4.57  4.63  4.37  4.51  4.26  3.86  3.93  3.66  4.18  4.29  4.62  4.19
STD DEV   1.71  2.27  1.64  1.72  2.00  2.10  1.68  1.59  1.69  1.91  2.17  1.75
SKEW       .30   .85   .38   .22   .40  1.30   .62   .57   .46   .68   .36   .31
% NE      6.93  8.06  7.84  6.26  5.24  3.67  7.31  8.26 13.13  7.14  5.14  6.62
MEAN      4.08  4.32  3.87  4.13  3.41  3.41  3.26  3.22  3.57  3.37  3.75  3.77
STD DEV   1.72  2.06  1.53  1.67  1.66  1.75  1.46  1.53  1.64  1.69  1.84  1.72
SKEW       .39   .48   .16   .82   .69   .57   .71   .60   .41   .71   .53   .28
% ENE     3.05  4.84  3.99  4.22  3.07  2.75  3.75  4.59  6.52  4.34  2.34  3.59
MEAN      3.66  3.63  3.89  4.13  3.48  3.37  3.70  3.36  3.43  3.30  2.97  3.73
STD DEV   1.43  1.50  1.61  1.64  1.78  1.46  1.52  1.66  1.38  1.54  1.43  1.49
SKEW       .21   .62   .31   .47   .84   .64   .11   .79   .39   .59   .45   .15
% E       3.19  5.62  6.18  5.71  4.21  3.08  6.27  7.29  7.30  5.13  3.18  4.04
MEAN      3.00  3.51  3.65  3.71  3.24  3.27  3.30  3.35  3.28  3.13  2.72  3.23
STD DEV   1.40  1.51  1.58  1.87  1.75  1.76  1.42  1.73  1.61  1.60  1.54  1.36
SKEW       .40   .33   .59   .94  1.04   .84   .27   .64   .61   .88  1.11   .19
% ESE     3.56  4.87  7.28  3.82  3.78  3.00  3.24  3.82  4.37  4.99  3.67  5.57
MEAN      3.49  3.69  4.04  3.91  3.04  3.78  3.27  3.02  3.45  3.02  3.18  3.62
STD DEV   1.56  1.54  1.82  1.62  1.62  1.62  1.56  1.32  1.31  1.45  1.60  1.69
SKEW       .77   .30  1.01   .27  1.25   .28   .63   .13   .25   .54   .66   .56
% SE      4.77  4.87  8.16  7.04  6.70  5.39  6.73  5.19  5.12  4.75  5.90  7.00
MEAN      3.61  3.63  4.09  3.85  3.42  3.20  3.10  2.53  3.04  2.97  3.66  3.59
STD DEV   1.75  1.82  1.91  1.88  1.79  1.49  1.53  1.32  1.46  1.40  1.91  1.66
SKEW       .70   .59   .79   .60   .81   .65   .83   .99   .39   .50   .64   .46
% SSE     5.57  4.27  5.82  5.01  5.03  4.53  4.21  2.34  3.09  4.12  4.18  5.25
MEAN      4.31  4.14  4.76  4.46  4.18  3.36  3.36  2.57  3.39  3.37  3.60  3.95
STD DEV   1.86  1.77  1.86  1.89  1.79  1.39  1.52  1.23  1.43  1.39  1.78  1.99
SKEW       .61   .30   .47   .21   .43   .33  1.06   .56   .33   .41   .95   .58
% S      14.78  8.94  9.25 12.83 13.42 16.32 11.23  6.71  5.08  6.72 10.16  9.78
MEAN      5.10  5.00  5.10  4.70  3.97  3.48  3.07  2.64  3.29  3.47  4.46  4.44
STD DEV   2.09  2.17  2.41  2.14  1.95  1.58  1.48  1.26  1.82  1.63  2.19  2.10
SKEW       .38   .22   .41   .62   .67   .56   .71   .52   .85   .53   .47   .66
% SSW     9.59  6.71  6.50  5.61  7.85  9.71  7.55  4.57  2.53  4.38  5.90  6.78
MEAN      5.75  5.11  5.68  5.34  4.73  4.00  3.43  3.11  3.36  3.67  4.76  5.03
STD DEV   2.34  2.36  2.36  2.10  1.96  1.70  1.33  1.50  1.52  1.65  2.17  2.21
SKEW       .23   .52   .31   .09   .06   .28   .24   .53   .11   .40   .38   .14
% SW      5.82  8.48  6.79  6.10 10.71 17.15 13.24 11.05  4.61  5.07  7.53  7.28
MEAN      4.92  4.45  5.03  4.34  3.46  3.76  3.24  3.25  3.20  2.83  3.73  3.35
STD DEV   2.50  2.13  2.41  2.15  1.71  1.68  1.41  1.59  1.81  1.47  2.00  1.82
SKEW       .45   .47   .39   .65   .69   .35   .48   .52  1.00   .75   .74   .87
% WSW     3.96  3.71  3.37  4.45  4.42  5.26  5.37  4.35  2.07  3.15  5.84  4.16
MEAN      4.37  4.10  4.99  5.00  4.07  3.74  3.64  3.51  3.48  3.21  3.91  3.55
STD DEV   2.19  2.18  2.38  2.39  1.69  1.51  1.55  1.53  1.56  1.52  1.95  1.68
SKEW       .69  1.12   .72   .78   .35   .22   .39   .29   .39   .54   .73   .50
% W       2.83  3.90  4.56  4.88  5.42  4.93  4.90  4.43  2.25  3.39  4.44  4.41
MEAN      3.67  4.09  4.67  4.44  3.44  3.04  2.83  2.91  2.52  2.66  3.56  4.06
STD DEV   1.87  2.25  2.23  2.46  1.82  1.33  1.35  1.31  1.37  1.43  2.13  2.20
SKEW       .37   .89   .23   .59   .77   .38   .58   .39   .54   .83  1.44   .55
% WNW     3.80  4.54  6.39  4.13  3.01  2.46  1.72  2.39  2.28  2.97  5.43  5.50
MEAN      4.63  4.37  6.16  5.22  4.01  3.52  3.01  3.14  2.82  3.27  4.31  4.86
STD DEV   1.98  1.73  2.47  2.29  1.61  1.81  1.40  1.67  1.18  1.57  1.94  2.19
SKEW       .18   .13   .44   .40   .34  1.42   .48   .75   .47   .69   .35   .33
% NW      5.92  6.92  5.30  7.63  4.91  3.07  2.89  4.17  4.58  6.01  8.18  6.81
MEAN      4.42  4.27  4.83  4.27  3.16  2.33  2.53  2.88  2.51  2.98  3.85  3.87
STD DEV   2.18  1.92  2.23  2.01  1.68  1.10  1.22  1.52  1.28  1.55  1.92  2.11
SKEW       .30   .19   .24   .43   .78   .95   .76   .95   .61   .66   .57   .60
% NNW     6.24  4.47  3.71  4.68  2.28  1.50  1.13  3.12  3.77  4.66  5.50  4.92
MEAN      4.49  4.37  5.12  4.90  3.99  3.12  2.28  3.34  3.28  3.62  4.07  4.25
STD DEV   2.02  1.98  1.92  1.96  1.78  1.31  1.16  1.55  1.57  1.81  1.82  2.17
SKEW       .17   .23   .20   .09   .48   .02  1.28  1.04   .40   .54   .45   .46
CALM      4.39  6.03  4.27  5.66 11.03 11.35 13.64 16.13 14.33 17.23 11.38  5.71
 
INTERPOLATED DATA (station & weighting factor)
 
---Wind Stations---
PINE BLUFF    AR     .854  LITTLE ROCK   AR     .099  EL DORADO     AR     .047
---Solar Radiation and Max .5 P Stations---
 AR PINE BLUFF       .903   AR DUMAS            .061   AR ARKADELPHIA      .035 
---Dewpoint Stations---
AR PINE BLUFF GRIDE  .871  AR LITTLE ROCK AFB   .080  AR EL DORADO S AR R  .048 
---Time Peak Stations---
AR PINE BLUFF        .942  AR DUMAS             .037  AR ARKADELPHIA       .021 
