 CORCORAN IRRIG DIST CA                   42012 0
 LATT=  36.10 LONG=-119.57 YEARS= 40. TYPE= 1
 ELEVATION =  200. TP5 = 1.24 TP6= 3.34
 MEAN P    .23   .22   .22   .18   .17   .13   .03   .07   .21   .21   .19   .20
 S DEV P   .26   .23   .26   .22   .16   .13   .03   .03   .29   .24   .20   .24
 SKEW  P  2.75  2.52  2.53  2.89   .94  1.56  1.41  -.26  2.27  3.01  2.56  2.49
 P(W/W)    .46   .45   .44   .33   .35   .17   .00   .00   .24   .26   .27   .34
 P(W/D)    .13   .16   .14   .08   .03   .01   .00   .01   .02   .05   .09   .13
 TMAX AV 55.06 62.30 68.68 76.09 85.46 93.03 98.10 96.36 91.50 81.12 65.89 55.54
 TMIN AV 37.74 40.48 44.06 47.08 53.31 59.12 63.68 62.14 58.10 50.22 41.25 36.29
 SD TMAX  7.10  6.12  7.01  8.60  8.81  7.67  5.37  6.08  7.12  8.04  7.35  7.09
 SD TMIN  6.86  6.35  5.62  5.60  5.95  5.59  5.49  5.06  5.19  5.87  6.55  7.20
 SOL.RAD  197.  271.  403.  528.  623.  683.  672.  612.  507.  379.  254.  191.
 SD SOL   32.0  38.8  50.2  44.7  48.5  27.2  19.2  16.8  16.4  23.4  23.2  24.9
 MX .5 P   .46   .41   .39   .34   .33   .43  1.30   .52   .59   .51   .36   .42
 DEW PT  40.26 42.26 43.26 42.01 44.23 48.26 53.51 53.26 50.75 45.49 41.72 38.75
Time Pk   .698  .845  .889  .926  .940  .944  .969  .979  .979  .986  .993 1.000
% N       6.21  8.11 12.23 12.93 15.57 17.58 15.21 13.88 13.21 10.68  7.87  6.00
MEAN      3.07  3.29  3.72  3.80  3.98  3.91  3.55  3.41  3.33  3.29  3.03  2.99
STD DEV   1.68  1.70  1.93  1.77  1.67  1.60  1.37  1.34  1.43  1.59  1.53  1.65
SKEW      1.09  1.02   .92   .87   .70   .59   .49   .44   .61   .92   .89  1.08
% NNE     2.22  2.70  2.99  3.14  3.61  4.33  5.03  5.05  4.24  3.38  2.92  2.15
MEAN      2.44  2.61  2.84  3.01  3.21  3.30  3.41  3.40  3.01  2.66  2.48  2.46
STD DEV   1.13  1.18  1.28  1.32  1.39  1.37  1.34  1.28  1.32  1.19  1.25  1.23
SKEW       .80  1.10  1.05   .71   .69   .75   .39   .20   .89   .63  1.13   .99
% NE      2.92  2.91  2.67  1.99  1.93  1.81  2.32  2.28  2.54  2.72  3.11  2.91
MEAN      2.09  2.26  2.38  2.60  2.83  2.70  2.93  2.83  2.67  2.24  2.15  2.22
STD DEV    .94   .99   .99  1.09  1.09  1.18  1.12  1.16  1.14   .91   .97   .97
SKEW      1.12   .92   .78   .83   .78   .89   .17   .44   .63   .85  1.12   .88
% ENE     3.05  3.24  2.83  1.98  1.51  1.23  1.18  1.42  2.05  2.89  3.57  3.20
MEAN      2.34  2.34  2.38  2.30  2.44  2.51  2.80  2.75  2.36  2.14  2.13  2.22
STD DEV   1.01   .97   .96   .96   .91  1.03  1.01  1.02   .92   .82   .83   .95
SKEW       .89   .81   .97   .67   .56   .42   .07   .41   .39   .55   .77   .95
% E       6.33  6.11  4.37  3.23  2.24  1.73  1.48  1.74  3.12  4.67  5.92  6.15
MEAN      2.36  2.48  2.61  2.53  2.56  2.46  2.52  2.46  2.27  2.22  2.33  2.26
STD DEV    .99  1.16  1.14  1.09  1.05  1.15  1.21  1.07   .91   .91  1.16  1.00
SKEW      1.03  1.10   .75   .88   .69   .92  1.16   .59   .61   .91  1.45  1.13
% ESE     6.42  5.16  3.66  2.51  1.51   .99   .92  1.15  2.10  3.03  5.10  6.30
MEAN      2.69  2.82  2.88  2.79  2.81  2.54  2.06  2.42  2.31  2.41  2.54  2.72
STD DEV   1.38  1.55  1.40  1.38  1.29  1.17   .68  1.06   .96  1.07  1.32  1.40
SKEW      1.56  1.43  1.13   .86   .77   .74   .26   .85   .70  1.10  1.50  1.34
% SE      7.92  6.13  4.31  3.23  1.89  1.32  1.44  1.52  2.20  3.06  5.40  7.64
MEAN      3.09  3.19  3.17  3.04  2.61  2.50  2.11  2.82  2.32  2.32  2.97  3.02
STD DEV   1.78  1.72  1.86  1.58  1.39  1.00   .79  1.69  1.02  1.02  1.69  1.68
SKEW      1.45  1.13  1.67  1.12  1.90   .56   .55  1.19   .82   .79  1.25  1.39
% SSE     6.90  5.72  3.83  2.79  1.34   .96  1.08  1.10  1.70  2.63  4.88  6.94
MEAN      3.24  3.27  3.43  3.25  2.63  2.83  2.51  2.54  2.53  2.50  3.15  3.11
STD DEV   1.86  1.79  1.92  1.65  1.09  1.28  1.41  1.09  1.06  1.16  1.85  1.73
SKEW      1.36  1.10  1.07   .98  1.03   .60  1.58   .62   .61   .89  1.13  1.15
% S       6.14  5.66  4.12  3.10  1.53  1.23  1.27  1.32  1.92  3.07  4.66  6.47
MEAN      3.06  3.01  3.48  3.17  2.70  2.34  2.23  2.16  2.36  2.74  2.78  2.74
STD DEV   1.79  1.76  2.12  1.62  1.27   .97   .92   .92  1.09  1.47  1.56  1.56
SKEW      1.39  1.50  1.43   .81   .70   .72   .47   .87   .80  1.10  1.18  1.62
% SSW     2.38  2.33  2.20  1.95  1.06   .87   .88   .95  1.49  1.83  2.27  2.28
MEAN      2.63  2.37  3.10  3.05  2.45  2.44  2.11  2.13  2.15  2.56  2.86  2.50
STD DEV   1.58  1.22  1.82  1.75  1.22  1.04   .97   .88   .90  1.28  1.76  1.37
SKEW      1.19  1.38   .98  1.36   .93  1.06  1.49   .84  1.14  1.12  1.46  1.11
% SW      2.22  2.24  2.20  2.31  1.58  1.42  1.44  1.68  2.16  2.42  2.39  2.17
MEAN      2.20  2.33  2.83  3.01  2.59  2.55  2.16  2.27  2.35  2.38  2.27  2.07
STD DEV   1.18  1.19  1.68  1.64  1.37  1.17   .95  1.20  1.11  1.23  1.14   .93
SKEW      1.51  1.56  1.15  1.03   .88   .81  1.18  2.79  1.21  1.29  1.12  1.40
% WSW     2.18  2.82  3.09  3.23  2.40  2.29  1.97  2.17  2.88  3.25  2.64  1.96
MEAN      2.15  2.40  2.64  2.96  3.41  2.91  2.62  2.32  2.43  2.33  2.32  2.02
STD DEV    .87  1.22  1.52  1.73  1.91  1.38  1.35   .85  1.07  1.23  1.21   .80
SKEW       .97  1.30  1.26  1.09   .87  1.05  1.38   .49  1.25  2.02  1.64  1.06
% W       4.36  5.19  5.58  6.07  5.43  5.53  6.34  7.03  7.60  6.94  5.45  3.89
MEAN      2.17  2.33  2.46  2.71  2.98  2.91  2.75  2.66  2.51  2.35  2.28  2.17
STD DEV    .97  1.02  1.16  1.37  1.48  1.39  1.08  1.01   .96   .98  1.05   .99
SKEW      1.67  1.48  1.35  1.55  1.52  1.83   .93   .52   .60  1.24  1.69  1.67
% WNW     4.21  5.14  6.70  9.16 11.23 12.55 13.46 13.25 10.95  7.81  5.27  4.05
MEAN      2.56  2.80  2.98  3.23  3.44  3.49  3.31  3.22  3.03  2.73  2.50  2.66
STD DEV   1.29  1.29  1.47  1.41  1.45  1.40  1.21  1.18  1.21  1.10  1.11  1.37
SKEW      2.41   .97  2.03   .84  1.30   .83   .36   .35   .84   .65  1.14  1.35
% NW      6.51  8.39 12.61 15.53 20.08 18.49 18.49 18.51 15.53 11.99  7.36  6.32
MEAN      3.18  3.50  3.81  3.96  4.09  4.07  3.71  3.57  3.50  3.47  3.07  3.29
STD DEV   1.69  1.87  2.04  1.95  1.78  1.82  1.44  1.44  1.53  1.78  1.54  1.96
SKEW      1.05  1.16  1.40  1.12   .93   .89   .52   .58   .79  1.28  1.06  1.61
% NNW     6.58  8.85 14.13 17.38 20.74 21.72 20.22 18.45 15.00 12.17  7.13  5.55
MEAN      3.50  3.97  4.20  4.33  4.34  4.30  3.86  3.66  3.65  3.77  3.41  3.48
STD DEV   1.99  2.40  2.19  2.07  1.92  1.82  1.57  1.47  1.57  1.89  1.74  2.01
SKEW      1.27  1.31  1.02   .90   .81   .70   .69   .66   .84  1.12   .95  1.20
CALM     23.43 19.40 12.47  9.49  6.33  5.87  7.17  8.42 11.39 17.52 24.09 26.05
 
INTERPOLATED DATA (station & weighting factor)
 
---Wind Stations---
LEMOORE       CA     .586  FRESNO        CA     .227  BAKERSFIELD   CA     .188
---Solar Radiation and Max .5 P Stations---
 CA BALCH PWR HOUSE  .381   CA HERNANDEZ 7 SE   .364   CA TEHACHAPI AP     .255 
---Dewpoint Stations---
CA LEMOORE AAF       .514  CA FRESNO YOSEMITE   .261  CA BAKERSFIELD AP    .225 
---Time Peak Stations---
CA BALCH PWR HOUSE   .384  CA HERNANDEZ 7 SE    .365  CA TEHACHAPI AP      .252 
