 BYERS CO                                 51179 0
 LATT=  39.70 LONG=-104.22 YEARS= 40. TYPE= 3
 ELEVATION = 5200. TP5 = 2.19 TP6= 3.91
 MEAN P    .11   .11   .20   .24   .28   .24   .27   .23   .20   .22   .17   .12
 S DEV P   .11   .13   .29   .31   .38   .31   .40   .31   .25   .28   .19   .13
 SKEW  P  2.05  4.02  3.20  2.99  2.63  2.23  3.85  2.33  2.41  2.99  2.34  2.64
 P(W/W)    .17   .22   .22   .34   .45   .41   .38   .34   .34   .30   .24   .27
 P(W/D)    .11   .12   .16   .19   .21   .21   .24   .22   .14   .11   .12   .10
 TMAX AV 42.21 45.48 54.45 62.73 72.10 83.55 90.54 87.65 79.51 66.58 52.50 42.88
 TMIN AV 12.65 16.18 24.28 31.82 41.34 50.73 56.93 55.12 45.90 33.32 21.86 13.54
 SD TMAX 12.93 13.32 13.11 12.71 11.20  9.75  7.04  7.06 10.71 12.47 13.78 13.53
 SD TMIN 11.44 11.25  8.63  7.91  7.08  6.11  4.30  4.73  7.52  7.96  9.69 11.13
 SOL.RAD  201.  288.  389.  467.  541.  595.  580.  506.  430.  319.  215.  186.
 SD SOL   16.5  27.2  38.0  46.4  57.1  41.1  38.6  37.0  35.4  22.5  20.8  17.5
 MX .5 P   .20   .22   .27   .35   .58   .88  1.08   .92   .48   .31   .23   .20
 DEW PT  13.90 16.43 20.65 27.43 37.50 44.71 49.24 49.03 39.81 28.96 20.43 14.43
Time Pk   .512  .693  .770  .855  .855  .865  .971  .971  .973  .989  .990 1.000
% N       6.65  8.66  9.32  8.94  9.68  8.06 10.01  9.27  8.92  8.74  9.26  7.40
MEAN      3.70  4.64  4.88  4.94  4.42  4.27  4.02  3.88  3.68  3.86  4.21  4.10
STD DEV   1.82  2.58  2.78  2.52  2.14  2.10  1.96  1.81  1.74  1.81  2.06  2.23
SKEW       .96  1.05  1.10   .79   .82  1.06  1.11   .66   .79   .78   .81  1.07
% NNE     3.27  4.10  4.32  3.93  4.32  3.43  3.45  3.39  3.55  3.57  4.03  3.21
MEAN      3.80  4.18  5.35  4.75  4.48  4.38  4.08  3.45  3.66  3.93  4.41  4.02
STD DEV   1.80  2.03  2.68  2.38  2.16  2.21  1.81  1.37  1.80  1.72  2.13  1.93
SKEW      1.21   .80   .88   .84   .79   .88   .79   .44   .78   .72   .80   .92
% NE      5.25  5.07  6.05  6.11  6.64  6.37  6.28  5.46  6.43  6.23  5.12  4.27
MEAN      3.45  3.37  3.87  4.07  3.95  3.70  3.51  3.46  3.60  3.31  3.53  3.33
STD DEV   1.69  1.50  1.91  1.89  1.89  1.74  1.66  1.54  1.65  1.60  1.66  1.47
SKEW       .92   .82   .95   .79   .92  1.08   .95   .55   .64   .98   .75   .84
% ENE     2.20  2.07  2.41  2.45  2.97  2.86  2.30  2.27  2.72  2.43  2.34  2.11
MEAN      3.59  3.21  3.78  3.76  3.79  4.00  3.59  3.26  3.33  3.30  3.53  3.03
STD DEV   1.57  1.23  1.84  1.57  1.63  1.66  1.46  1.39  1.51  1.40  1.47  1.31
SKEW       .56   .32  1.06   .42   .52   .35   .54   .94  1.11   .77   .76   .61
% E       5.26  4.88  5.47  5.48  5.98  6.96  5.52  5.15  5.66  5.97  4.99  4.56
MEAN      3.54  3.33  3.82  3.82  3.99  3.88  3.81  3.47  3.52  3.47  3.33  3.59
STD DEV   1.70  1.49  1.69  1.71  1.94  1.82  1.69  1.74  1.73  1.57  1.46  1.50
SKEW       .87   .78   .58   .49  1.09   .62   .83   .74   .86   .81   .66   .73
% ESE     3.47  3.32  3.28  3.14  3.46  3.43  2.95  2.58  2.77  2.82  2.53  2.50
MEAN      3.65  3.92  3.73  3.83  4.35  4.62  4.15  3.74  3.85  3.93  3.46  3.44
STD DEV   1.67  1.80  1.54  1.75  1.86  1.99  1.82  1.57  1.66  1.73  1.35  1.51
SKEW       .93   .52   .64   .39   .53   .68   .88   .41   .47   .68   .46   .50
% SE      6.82  6.77  7.46  7.67  6.63  7.33  6.24  6.60  6.02  5.65  6.62  5.93
MEAN      3.76  3.62  4.04  4.46  4.23  4.82  4.14  4.07  4.03  3.63  3.56  3.53
STD DEV   1.70  1.62  1.93  2.36  2.00  2.30  2.02  2.07  1.94  1.67  1.51  1.65
SKEW       .77   .65  1.10   .86   .74   .80   .72   .67   .84   .71   .38   .77
% SSE     5.92  5.79  5.96  6.83  6.43  6.66  5.48  6.18  5.47  6.45  5.07  5.97
MEAN      3.75  3.82  4.24  5.00  5.03  5.31  4.48  4.24  4.44  3.96  3.79  3.76
STD DEV   1.54  1.42  1.87  2.64  2.28  2.51  2.06  1.98  2.40  1.78  1.61  1.51
SKEW       .49   .26   .89   .77   .44   .61   .69   .78   .99   .75   .57   .49
% S      21.01 21.08 16.44 17.68 16.95 18.35 18.77 20.24 21.16 21.93 22.39 22.80
MEAN      4.14  4.11  4.01  4.83  4.83  4.67  4.37  4.08  4.14  3.87  4.03  4.20
STD DEV   1.67  1.71  1.66  2.39  2.27  2.21  1.95  1.78  1.89  1.63  1.58  1.57
SKEW       .43   .60   .75  1.02   .81   .84   .75   .60  1.00   .79   .42   .43
% SSW     7.62  6.98  5.83  5.72  6.52  6.39  7.12  8.23  8.00  8.04  7.22  7.74
MEAN      3.95  4.33  3.85  4.68  4.49  4.56  4.08  3.85  4.12  4.03  3.83  4.36
STD DEV   1.69  2.00  1.95  1.95  2.15  2.25  1.71  1.57  1.58  1.69  1.37  1.84
SKEW       .43   .45  1.17   .46   .76   .80   .79   .57   .52   .77   .72   .44
% SW      5.55  4.75  5.12  4.98  5.64  6.35  6.65  7.41  5.95  5.17  4.47  5.13
MEAN      3.99  4.03  3.96  4.39  4.11  3.89  3.30  3.36  3.70  3.44  3.48  3.51
STD DEV   2.14  2.41  2.64  2.25  2.56  1.91  1.82  1.48  1.73  1.86  1.75  1.61
SKEW      1.00  1.17  1.39   .95  1.25   .77  1.16   .57   .61  1.29  1.30   .86
% WSW     2.68  2.13  2.10  2.68  2.27  2.18  2.12  2.20  2.20  1.55  1.91  2.61
MEAN      5.55  3.98  4.63  4.98  4.07  4.35  3.89  3.37  3.55  3.40  3.82  4.61
STD DEV   3.17  1.78  2.63  2.49  1.94  2.02  1.64  1.40  1.44  1.48  1.91  2.40
SKEW      1.16   .90   .89   .87   .52   .88   .73   .13   .72   .66   .88   .96
% W       6.77  6.39  6.28  6.17  5.41  5.10  5.05  4.50  5.08  4.32  5.00  7.00
MEAN      5.41  5.47  5.43  5.46  4.59  4.55  3.64  3.31  3.60  3.82  5.44  5.86
STD DEV   2.87  3.06  3.02  2.86  2.88  2.67  1.93  1.97  1.99  1.88  2.93  3.01
SKEW       .73   .94   .72   .71  1.24  1.24  1.16  1.18  1.33   .94   .59   .67
% WNW     4.02  4.32  4.29  3.43  3.07  2.41  2.53  2.18  2.43  2.28  3.29  4.15
MEAN      5.82  5.87  6.57  5.64  4.52  4.03  3.38  3.86  3.81  4.11  5.78  5.78
STD DEV   2.77  2.93  3.33  2.98  2.30  2.20  1.61  1.96  1.95  2.22  3.00  2.89
SKEW       .34   .25   .42   .52   .86  1.01   .98   .96  1.00   .88   .37   .39
% NW      6.11  6.30  6.89  6.80  6.20  5.67  6.72  6.32  5.71  5.18  5.70  5.81
MEAN      4.56  4.76  5.07  4.80  4.39  4.20  3.74  3.69  3.61  3.63  4.52  5.00
STD DEV   2.48  2.59  2.76  2.61  2.23  2.27  1.86  2.12  1.90  2.08  2.53  2.76
SKEW       .83   .66   .53   .78   .91  1.14  1.05  1.31   .79  1.26   .74  1.02
% NNW     3.61  4.98  6.15  5.50  5.32  5.40  5.81  4.95  4.85  5.59  5.02  4.30
MEAN      3.88  4.27  5.18  5.17  4.59  4.70  3.99  3.98  3.66  3.75  4.45  4.14
STD DEV   1.76  2.08  2.60  2.33  2.11  2.32  1.73  2.01  1.69  1.77  2.31  2.06
SKEW       .43   .74   .58   .58   .73   .65   .73   .84   .62   .56  1.07   .88
CALM      3.83  2.42  2.65  2.48  2.37  2.93  2.97  3.14  3.05  4.12  5.01  4.55
 
INTERPOLATED DATA (station & weighting factor)
 
---Wind Stations---
DENVER/STAPLE.CO     .385  DENVER        CO     .385  USAF ACADEMY  CO     .231
---Solar Radiation and Max .5 P Stations---
 CO BYERS 5 ENE      .826   CO CASTLE ROCK      .104   CO WOODLAND PARK 8  .070 
---Dewpoint Stations---
CO AURORA BUCKLEY F  .468  CO LIMON             .315  CO AKRON WASHINGTON  .216 
---Time Peak Stations---
CO BYERS 5 ENE       .801  CO CASTLE ROCK       .111  CO MORRISON 1 SW     .089 
