 DENVER WB AP CO                          52220 0
 LATT=  39.77 LONG=-104.88 YEARS= 40. TYPE= 3
 ELEVATION = 5290. TP5 = 1.97 TP6= 3.59
 MEAN P    .08   .09   .16   .21   .21   .20   .25   .21   .21   .20   .14   .11
 S DEV P   .10   .09   .29   .25   .31   .27   .44   .39   .50   .23   .17   .19
 SKEW  P  2.87  1.64  6.27  2.19  2.74  2.72  3.92  4.07  9.21  1.98  1.92  6.76
 P(W/W)    .38   .38   .42   .44   .53   .44   .45   .40   .42   .35   .38   .39
 P(W/D)    .13   .15   .19   .21   .24   .19   .21   .24   .16   .13   .14   .13
 TMAX AV 44.22 46.53 54.24 61.60 70.89 82.45 88.83 86.09 77.80 65.51 52.73 44.46
 TMIN AV 17.49 20.46 27.46 34.87 44.18 53.49 59.58 57.51 48.51 36.42 25.74 17.96
 SD TMAX 13.33 13.66 13.04 12.79 11.38  9.78  6.94  7.08 10.74 12.67 13.71 13.95
 SD TMIN 10.48 10.49  8.14  7.65  6.75  5.71  4.08  4.26  7.20  7.16  8.62 10.61
 SOL.RAD  199.  284.  382.  453.  537.  587.  586.  509.  428.  314.  215.  182.
 SD SOL   16.4  26.4  40.1  57.2  61.7  44.5  40.2  35.7  35.6  24.0  21.2  18.1
 MX .5 P   .20   .22   .28   .37   .48   .60   .86   .73   .51   .35   .22   .22
 DEW PT  13.89 16.15 20.28 26.96 35.92 42.81 47.13 47.06 38.11 28.10 20.15 14.08
Time Pk   .593  .768  .832  .888  .891  .898  .978  .978  .983  .990  .990 1.000
% N       6.12  8.07  8.61  9.59  9.34  7.51  8.57  7.68  8.24  7.61  7.53  6.53
MEAN      3.68  4.60  5.01  4.61  4.28  4.11  3.86  3.78  3.70  3.61  4.08  4.09
STD DEV   1.71  2.70  3.03  2.33  2.07  1.93  1.84  1.71  1.68  1.64  2.04  2.25
SKEW       .96  1.21  1.31   .82   .80   .98  1.15   .70   .82   .88   .82  1.16
% NNE     3.27  3.98  4.33  4.52  4.26  3.08  3.19  2.99  3.54  3.33  3.29  2.97
MEAN      3.88  4.26  5.86  4.69  4.44  4.24  3.92  3.44  3.78  3.93  4.46  4.03
STD DEV   1.86  2.17  3.01  2.17  1.97  1.97  1.64  1.26  1.77  1.71  2.13  1.98
SKEW       .90   .95   .95   .72   .69   .66   .67   .42   .76   .67   .91   .84
% NE      5.93  5.63  7.48  7.52  7.68  7.68  7.36  6.50  7.36  7.44  5.57  4.95
MEAN      3.39  3.55  4.01  3.99  3.84  3.70  3.53  3.45  3.55  3.43  3.56  3.38
STD DEV   1.62  1.65  1.95  1.95  1.82  1.68  1.65  1.48  1.63  1.68  1.72  1.57
SKEW      1.08  1.05  1.01   .79   .91   .89   .81   .65   .86  1.17   .95  1.06
% ENE     2.23  2.42  2.89  2.70  3.14  3.06  2.46  2.13  2.97  2.74  2.59  1.93
MEAN      3.76  3.44  4.09  4.20  3.91  4.02  3.34  3.36  3.51  3.67  3.82  3.19
STD DEV   1.50  1.33  1.87  1.80  1.62  1.66  1.26  1.33  1.53  1.63  1.63  1.31
SKEW       .43   .37  1.04   .48   .59   .52   .55   .73  1.04  1.00   .90   .64
% E       5.82  5.38  6.33  6.59  6.87  7.55  6.04  5.49  6.58  7.05  5.44  4.97
MEAN      3.74  3.43  3.82  3.82  3.89  3.80  3.67  3.41  3.67  3.61  3.55  3.62
STD DEV   1.83  1.53  1.76  1.81  1.99  1.78  1.75  1.52  1.80  1.70  1.55  1.61
SKEW       .93   .91   .79   .70  1.27   .65  1.13   .65   .94   .84   .81   .91
% ESE     2.49  2.70  2.70  2.70  2.88  2.85  2.45  2.36  2.56  2.56  2.51  2.26
MEAN      3.70  3.91  3.67  3.80  4.30  4.26  3.88  3.63  3.75  3.89  3.55  3.49
STD DEV   1.67  1.81  1.51  1.74  1.85  1.77  1.76  1.45  1.63  1.70  1.35  1.45
SKEW      1.12   .61   .58   .48   .41   .70   .94   .46   .51   .73   .52   .41
% SE      6.19  5.98  6.19  5.98  5.60  6.74  5.38  6.22  5.64  5.51  6.06  5.88
MEAN      3.75  3.45  3.91  4.13  3.82  4.36  3.94  3.93  3.78  3.48  3.46  3.44
STD DEV   1.70  1.59  1.92  2.34  1.88  2.19  1.99  2.00  2.01  1.65  1.49  1.63
SKEW       .78   .76  1.20  1.09   .80   .75   .73   .77  1.00   .83   .52   .78
% SSE     3.88  3.27  3.53  4.11  4.16  3.95  3.44  3.90  3.88  3.70  3.74  3.94
MEAN      3.72  3.67  4.11  4.95  4.94  5.11  4.27  4.13  4.42  3.94  3.68  3.70
STD DEV   1.50  1.32  1.84  2.74  2.37  2.49  2.00  2.03  2.51  1.79  1.50  1.42
SKEW       .39   .31   .95   .81   .56   .56   .65   .87  1.10   .72   .61   .41
% S      23.98 24.22 18.70 19.77 18.20 21.60 21.13 22.68 22.52 24.88 25.98 26.43
MEAN      4.23  4.20  4.09  4.94  4.71  4.57  4.26  4.10  4.01  3.89  4.08  4.20
STD DEV   1.73  1.71  1.74  2.50  2.42  2.22  1.93  1.79  1.86  1.58  1.57  1.63
SKEW       .67   .70   .88  1.09   .99   .93   .77   .69  1.06   .65   .43   .56
% SSW     9.18  8.35  7.15  6.57  7.43  7.56  8.36  9.56  9.16  9.91  8.81  9.35
MEAN      4.17  4.15  4.17  4.51  4.39  4.47  3.90  3.78  3.95  4.02  4.01  4.11
STD DEV   1.72  1.74  2.01  1.96  2.00  2.12  1.50  1.50  1.52  1.66  1.33  1.66
SKEW       .52   .47  1.17   .70   .75   .86   .67   .66   .61   .89   .38   .53
% SW      6.80  5.78  6.36  5.72  6.91  7.87  8.34  8.80  6.77  6.34  5.61  6.28
MEAN      4.03  3.62  3.99  3.99  3.84  3.63  3.47  3.22  3.31  3.45  3.54  3.38
STD DEV   2.31  1.94  2.41  2.24  2.14  1.89  1.72  1.40  1.46  1.75  1.89  1.59
SKEW      1.30  1.49  1.58  1.28  1.20  1.10  1.17   .69   .73  1.38  1.69  1.12
% WSW     2.17  1.85  2.10  2.05  2.14  1.99  2.12  2.26  1.78  1.56  1.83  1.95
MEAN      4.08  3.23  4.31  4.38  3.76  3.63  3.32  3.06  3.05  3.08  3.60  3.77
STD DEV   2.35  1.48  2.66  2.33  1.73  1.65  1.32  1.33  1.19  1.34  1.73  2.08
SKEW      1.34  1.21  1.02   .68   .60   .88   .68   .31   .72   .91  1.04  1.09
% W       6.43  6.03  6.12  5.47  5.81  5.02  5.60  4.91  4.68  3.93  4.91  5.99
MEAN      4.81  5.04  4.86  4.69  3.99  3.67  3.14  3.18  3.17  3.40  4.93  5.31
STD DEV   2.82  2.96  3.01  2.75  2.38  2.11  1.69  1.86  1.77  1.85  2.96  2.86
SKEW       .87   .75   .80   .88  1.22  1.30  1.38  1.37  1.38  1.19   .81   .52
% WNW     4.32  4.63  4.73  3.71  2.97  2.44  2.30  2.11  2.30  2.24  3.86  4.52
MEAN      5.88  6.03  6.74  6.03  4.38  4.23  3.20  3.97  3.55  4.03  6.28  6.04
STD DEV   2.84  3.20  3.28  3.12  2.40  2.22  1.54  2.12  1.84  2.16  3.22  2.85
SKEW       .31   .28   .29   .46   .82   .93   .98  1.02  1.23   .94   .47   .38
% NW      6.74  7.16  7.76  7.45  7.05  5.96  7.51  6.89  6.34  5.75  6.45  6.62
MEAN      4.36  4.93  4.94  4.70  4.14  3.81  3.50  3.58  3.56  3.63  4.55  4.78
STD DEV   2.49  2.76  2.76  2.59  2.24  2.00  1.82  2.04  1.75  2.07  2.58  2.85
SKEW       .88   .75   .76   .95  1.01  1.13  1.18  1.41   .82  1.29   .86  1.18
% NNW     2.60  3.02  3.55  3.94  3.91  3.10  3.57  3.46  3.82  3.16  2.92  2.80
MEAN      3.73  4.00  5.12  4.70  4.34  4.47  3.72  3.71  3.66  3.35  4.32  3.76
STD DEV   1.46  1.93  2.61  2.22  2.04  2.10  1.64  1.85  1.57  1.54  2.18  1.73
SKEW       .31   .84   .58   .55   .85   .48   .85   .96   .49   .67   .89   .90
CALM      1.95  1.56  1.50  1.61  1.46  1.93  2.14  2.13  1.84  2.36  2.91  2.71
 
INTERPOLATED DATA (station & weighting factor)
 
---Wind Stations---
DENVER/STAPLE.CO     .500  DENVER        CO     .500  AURORA/BUCK.  CO     .000
---Solar Radiation and Max .5 P Stations---
 CO MORRISON 1 SW    .468   CO BOULDER 2        .314   CO BYERS 5 ENE      .218 
---Dewpoint Stations---
CO AURORA BUCKLEY F  .864  CO AKRON WASHINGTON  .074  CO EAGLE CO AP       .063 
---Time Peak Stations---
CO MORRISON 1 SW     .468  CO BOULDER 2         .318  CO BYERS 5 ENE       .214 
