 MOULTRIE GA                              96087 0
 LATT=  31.18 LONG= -83.78 YEARS= 40. TYPE= 3
 ELEVATION =  330. TP5 = 2.77 TP6= 6.26
 MEAN P    .50   .54   .67   .49   .43   .46   .45   .39   .47   .42   .43   .41
 S DEV P   .62   .66   .84   .63   .55   .58   .61   .59   .84   .62   .59   .52
 SKEW  P  2.02  1.72  2.25  2.78  2.47  2.76  3.51  3.89  3.92  3.26  2.12  2.03
 P(W/W)    .49   .48   .43   .35   .43   .55   .54   .56   .51   .49   .46   .46
 P(W/D)    .23   .22   .20   .18   .17   .27   .30   .29   .19   .12   .17   .20
 TMAX AV 62.02 65.46 73.11 79.43 85.63 90.42 92.20 91.14 87.32 79.47 71.29 63.89
 TMIN AV 39.38 42.22 48.33 53.65 61.97 68.52 71.26 70.85 66.45 56.34 47.83 41.44
 SD TMAX 10.23  9.55  8.83  6.98  5.11  4.86  4.11  4.34  5.28  6.66  8.14  9.68
 SD TMIN 10.81 10.18  9.10  7.85  6.02  4.18  2.98  3.32  5.37  9.24 10.19 10.72
 SOL.RAD  225.  289.  379.  476.  522.  491.  504.  457.  385.  324.  257.  212.
 SD SOL   36.3  34.8  39.2  35.3  61.9  49.4  36.4  31.5  35.0  38.7  25.9  23.2
 MX .5 P  1.01  1.03  1.25  1.26  1.26  1.88  1.97  1.88  1.43  1.04  1.11   .91
 DEW PT  40.49 42.15 47.73 53.15 61.58 68.58 71.58 71.58 67.58 57.15 49.15 43.15
Time Pk   .366  .523  .610  .717  .737  .751  .904  .924  .941  .960  .980 1.000
% N       4.61  4.71  4.93  3.51  3.84  2.84  2.15  3.26  4.76  7.45  6.26  5.32
MEAN      3.64  3.79  3.77  3.73  3.57  3.29  2.88  3.16  3.42  3.47  3.47  3.54
STD DEV   1.50  1.61  1.50  1.57  1.53  1.44  1.17  1.43  1.69  1.51  1.46  1.51
SKEW       .48   .42   .46   .37   .63   .84   .70   .98  1.26   .65   .47   .59
% NNE     3.19  3.22  3.10  2.11  2.75  2.83  2.48  3.60  7.49  8.25  5.10  4.51
MEAN      3.46  3.76  3.58  3.57  3.78  3.60  3.21  3.28  3.97  3.82  3.64  3.56
STD DEV   1.34  1.54  1.35  1.35  1.52  1.37  1.35  1.40  1.66  1.55  1.49  1.51
SKEW       .46   .61   .43   .35   .45   .29   .59   .85   .85   .58   .67   .65
% NE      4.79  4.45  3.58  3.41  4.59  4.56  4.72  7.44 14.86 16.47  8.11  7.23
MEAN      3.39  3.46  3.34  3.41  3.55  3.53  3.21  3.56  3.94  4.01  3.45  3.54
STD DEV   1.28  1.37  1.30  1.41  1.42  1.45  1.40  1.69  1.67  1.75  1.46  1.42
SKEW       .31   .49   .56   .59   .65   .56   .80  1.06   .63   .76   .69   .52
% ENE     4.43  4.40  3.02  3.02  3.49  4.61  3.76  5.13  9.81  9.96  5.83  5.08
MEAN      3.48  3.95  3.64  3.68  3.86  3.73  3.48  3.51  3.95  4.06  3.39  3.42
STD DEV   1.43  1.46  1.40  1.42  1.60  1.45  1.50  1.44  1.64  1.67  1.37  1.32
SKEW       .56   .31   .34   .67   .49   .50   .67   .63   .52   .56   .49   .51
% E       4.57  5.17  4.73  5.44  5.94  6.72  5.93  6.60  9.23  7.71  5.49  5.48
MEAN      3.16  3.60  3.69  3.49  3.62  3.45  3.25  3.13  3.40  3.50  3.09  3.19
STD DEV   1.28  1.44  1.48  1.43  1.46  1.53  1.45  1.40  1.48  1.47  1.31  1.29
SKEW       .62   .43   .56   .48   .53   .98   .90   .81   .70   .50   .74   .62
% ESE     3.10  3.40  3.93  5.13  4.76  5.12  4.05  3.92  4.82  3.22  3.01  3.36
MEAN      3.00  3.47  3.85  3.88  3.61  3.50  3.22  3.08  3.38  3.34  3.12  3.06
STD DEV   1.33  1.23  1.56  1.55  1.43  1.41  1.33  1.28  1.49  1.40  1.20  1.19
SKEW      1.07   .23   .36   .51   .74   .60   .75   .73   .94   .52   .26   .41
% SE      4.20  3.89  3.69  6.55  5.60  5.41  6.11  5.24  4.56  2.45  3.03  3.58
MEAN      3.10  3.64  3.72  3.58  3.20  3.28  2.95  2.94  3.14  2.99  3.14  3.14
STD DEV   1.34  1.57  1.64  1.50  1.29  1.38  1.27  1.30  1.30  1.19  1.28  1.37
SKEW       .73   .69   .68   .81   .70   .84   .92   .91   .83   .58   .56   .86
% SSE     3.90  3.26  3.34  5.41  3.63  3.57  4.54  3.93  2.90  1.48  2.37  3.25
MEAN      3.70  3.96  4.16  3.91  3.62  3.62  3.21  3.20  3.32  3.35  3.47  3.74
STD DEV   1.74  1.69  1.90  1.74  1.63  1.86  1.44  1.50  1.53  1.42  1.45  1.64
SKEW       .63   .45   .82   .66   .79  1.42   .90   .92   .97   .58   .56   .72
% S       7.08  6.08  6.81  6.49  5.59  6.13  8.50  7.00  3.74  2.13  4.24  5.80
MEAN      3.97  4.26  4.47  4.12  3.50  3.19  3.13  3.06  3.18  3.51  3.71  4.27
STD DEV   1.85  1.93  2.07  1.97  1.61  1.50  1.44  1.46  1.63  1.65  1.62  1.92
SKEW       .57   .63   .78   .72   .87  1.07  1.09  1.06  1.20   .63   .54   .62
% SSW     6.52  6.24  7.65  6.86  4.92  5.13  6.26  4.66  2.49  1.17  3.66  3.94
MEAN      4.50  4.64  4.86  4.68  3.91  3.50  3.35  3.40  3.22  3.42  4.31  4.41
STD DEV   1.85  1.80  1.99  2.20  1.67  1.42  1.39  1.59  1.53  1.41  1.87  2.04
SKEW       .35   .30   .58   .66   .60   .78   .81   .92  1.31   .52   .54   .52
% SW      6.95  8.20  9.20  8.76  9.03  9.82 10.44  7.99  4.08  2.19  4.08  4.23
MEAN      4.00  4.29  4.45  4.22  3.84  3.40  3.42  3.14  3.23  3.28  3.63  3.70
STD DEV   1.81  1.87  1.96  1.90  1.68  1.44  1.45  1.35  1.47  1.42  1.81  1.75
SKEW       .63   .79   .72   .65   .66   .82   .90   .74   .82   .47  1.00   .96
% WSW     4.18  5.54  5.22  5.43  6.50  7.38  7.61  5.69  2.11  1.92  3.20  3.47
MEAN      4.18  4.42  4.47  4.39  3.93  3.70  3.62  3.36  3.14  3.66  3.99  3.98
STD DEV   1.92  1.97  2.03  1.86  1.57  1.48  1.43  1.34  1.29  1.80  1.91  1.81
SKEW       .74   .64   .81   .53   .56   .88   .76   .64   .89   .98   .70   .86
% W       5.02  6.18  5.90  5.43  6.72  7.71  6.69  5.57  2.74  2.93  5.22  5.41
MEAN      4.57  4.51  4.46  4.10  3.63  3.59  3.51  3.34  3.16  3.72  4.01  3.94
STD DEV   2.05  2.11  2.06  1.82  1.64  1.53  1.37  1.37  1.35  1.85  1.81  1.82
SKEW       .62   .71   .61   .66   .92   .84   .49   .54   .53   .79   .66   .76
% WNW     6.43  7.14  7.07  5.64  4.62  4.87  3.40  3.72  1.91  3.46  5.66  6.52
MEAN      4.81  4.77  5.11  4.53  3.97  3.60  3.56  3.37  3.23  3.79  4.57  4.36
STD DEV   2.19  2.06  2.20  1.99  1.64  1.36  1.38  1.42  1.28  1.63  1.96  1.93
SKEW       .80   .50   .30   .55   .70   .44   .44   .79   .24   .57   .38   .52
% NW      6.44  6.86  7.36  6.41  5.18  4.10  2.46  3.26  2.64  4.76  6.59  6.79
MEAN      4.49  4.49  4.47  4.30  3.62  3.31  3.10  3.06  3.12  3.47  4.01  3.83
STD DEV   1.91  1.90  1.99  1.88  1.56  1.31  1.28  1.24  1.33  1.57  1.77  1.72
SKEW       .51   .50   .45   .42   .53   .41   .57   .64   .63   .78   .53   .63
% NNW     4.45  4.24  4.88  3.58  3.56  2.27  1.33  2.12  2.14  3.68  4.74  4.53
MEAN      4.19  4.18  4.26  3.97  3.65  3.39  3.04  3.12  3.29  3.52  3.87  3.95
STD DEV   1.72  1.71  1.82  1.73  1.56  1.30  1.14  1.14  1.44  1.57  1.74  1.69
SKEW       .55   .23   .45   .42   .65   .64   .48   .33   .89   .81   .59   .43
CALM     20.23 17.04 15.67 16.78 19.25 16.92 19.59 20.91 19.64 20.68 23.43 21.55
 
INTERPOLATED DATA (station & weighting factor)
 
---Wind Stations---
VALDOSTA/MOODYGA     .399  VALDOSTA      GA     .399  ALMA          GA     .202
---Solar Radiation and Max .5 P Stations---
 GA VALDOSTA         .425   GA PEARSON          .301   GA EDISON           .274 
---Dewpoint Stations---
GA ALBANY SW GA RGN  .424  GA VALDOSTA RGNL AP  .341  FL TALLAHASSEE DALE  .236 
---Time Peak Stations---
GA VALDOSTA          .421  GA PEARSON           .302  GA EDISON            .277 
