 TALBOTTON GA                             98535 0
 LATT=  32.67 LONG= -84.53 YEARS= 40. TYPE= 3
 ELEVATION =  700. TP5 = 2.69 TP6= 6.30
 MEAN P    .58   .71   .73   .63   .50   .60   .58   .57   .66   .59   .65   .67
 S DEV P   .54   .67   .80   .69   .54   .65   .63   .63   .74   .64   .65   .60
 SKEW  P  1.27  1.39  3.20  2.17  2.86  3.01  2.32  2.50  2.91  2.06  1.69  1.31
 P(W/W)    .33   .32   .32   .33   .35   .40   .35   .37   .39   .33   .33   .28
 P(W/D)    .20   .21   .20   .16   .17   .19   .22   .17   .12   .11   .15   .18
 TMAX AV 57.11 61.63 69.70 76.53 82.66 88.02 90.08 89.25 84.46 75.62 67.76 58.98
 TMIN AV 33.46 35.67 42.69 48.62 57.01 64.62 68.54 67.55 61.92 49.52 41.44 35.01
 SD TMAX 10.15 10.16  9.76  7.48  5.88  5.55  5.57  5.56  6.49  7.87  8.38  9.83
 SD TMIN 11.34 10.49 10.24  9.26  7.73  5.54  3.85  4.66  6.80 10.19 10.49 10.82
 SOL.RAD  222.  286.  383.  483.  538.  509.  526.  476.  401.  330.  251.  208.
 SD SOL   28.7  31.0  32.1  35.8  43.2  45.8  34.0  27.3  34.4  34.4  20.3  21.4
 MX .5 P   .89   .90  1.23  1.11  1.25  1.32  1.86  1.57  1.14   .99   .97   .81
 DEW PT  34.44 36.44 42.44 49.17 58.59 65.85 69.59 69.59 63.85 53.38 44.38 37.17
Time Pk   .414  .581  .658  .762  .776  .792  .916  .930  .948  .968  .980 1.000
% N       5.31  5.62  4.56  3.74  4.62  4.30  3.18  4.55  6.27  7.36  6.06  6.00
MEAN      3.41  3.57  3.51  3.64  3.18  2.96  2.84  2.72  2.82  3.08  3.11  3.20
STD DEV   1.57  1.69  1.69  1.78  1.45  1.40  1.32  1.26  1.30  1.48  1.52  1.53
SKEW       .82   .75   .70   .68   .62  1.24  1.00   .91  1.02   .92   .79   .73
% NNE     2.76  3.14  2.80  1.90  2.97  3.37  2.52  3.55  5.79  5.54  3.09  3.08
MEAN      3.07  3.24  3.46  3.22  3.15  3.24  2.89  3.09  3.37  3.28  3.16  2.94
STD DEV   1.18  1.32  1.39  1.38  1.40  1.50  1.16  1.41  1.51  1.56  1.25  1.29
SKEW       .67   .50   .48   .43   .63  1.08   .49   .79   .87  1.27   .46   .59
% NE      3.46  4.05  3.24  1.81  3.45  4.57  3.33  5.10  9.27  7.63  3.61  4.22
MEAN      3.42  3.59  3.59  3.08  3.45  3.44  3.09  3.38  3.86  3.76  3.50  3.43
STD DEV   1.43  1.54  1.56  1.27  1.40  1.51  1.38  1.50  1.68  1.71  1.41  1.52
SKEW       .59   .56   .62   .29   .36   .65   .66   .57   .73   .85   .42   .62
% ENE     3.63  4.25  3.40  2.25  3.80  4.41  3.66  4.53  9.75  7.65  3.27  4.27
MEAN      3.68  4.00  3.77  3.36  3.62  3.61  3.39  3.41  3.95  3.98  3.49  3.76
STD DEV   1.49  1.62  1.52  1.32  1.44  1.42  1.41  1.47  1.54  1.66  1.44  1.56
SKEW       .23   .42   .49   .47   .38   .44   .50   .50   .43   .50   .47   .41
% E       4.50  4.60  4.23  4.03  4.74  4.76  4.18  5.16  8.40  6.48  3.84  5.09
MEAN      3.54  3.73  3.70  3.60  3.66  3.48  3.18  3.18  3.75  3.63  3.20  3.53
STD DEV   1.56  1.51  1.54  1.45  1.52  1.45  1.44  1.37  1.54  1.50  1.34  1.54
SKEW       .65   .31   .56   .45   .44   .61   .58   .57   .55   .43   .49   .59
% ESE     2.51  2.87  3.51  4.11  4.12  3.47  3.35  3.38  4.20  3.23  2.65  2.76
MEAN      3.30  3.64  3.87  3.64  3.49  3.22  3.03  2.87  3.33  3.29  2.95  3.36
STD DEV   1.51  1.71  1.65  1.53  1.42  1.30  1.30  1.22  1.36  1.43  1.38  1.50
SKEW       .65   .74   .51   .46   .40   .53   .61   .54   .42   .51   .93   .47
% SE      3.58  3.72  4.26  5.85  4.71  4.09  4.55  4.18  4.10  3.26  3.68  3.51
MEAN      3.20  3.43  3.85  3.72  3.31  3.01  2.92  2.87  3.12  3.10  3.27  3.31
STD DEV   1.54  1.59  1.88  1.70  1.42  1.33  1.34  1.26  1.38  1.37  1.55  1.56
SKEW       .90   .66   .97   .58   .63   .66   .75   .74   .53   .49   .69   .66
% SSE     3.56  3.15  3.99  5.27  3.77  3.20  4.33  3.52  2.71  1.91  3.23  3.36
MEAN      3.83  4.01  4.17  3.74  3.30  2.99  2.85  2.86  3.03  3.14  3.50  3.66
STD DEV   1.96  2.28  2.13  1.68  1.52  1.37  1.36  1.33  1.39  1.54  1.71  1.73
SKEW       .79  1.06   .91   .55   .66   .70   .94   .89   .61   .74   .72   .68
% S       6.03  5.59  7.15  7.50  4.73  4.08  5.59  4.41  2.62  2.05  4.01  4.75
MEAN      4.18  4.36  4.43  3.91  3.39  3.08  3.01  2.74  2.93  3.34  3.68  3.90
STD DEV   2.06  2.22  2.24  1.86  1.60  1.45  1.43  1.20  1.43  1.62  1.75  1.98
SKEW       .61   .86   .82   .69   .70   .79  1.03   .74   .65  1.01   .59   .64
% SSW     3.44  3.57  4.84  6.09  4.04  3.37  4.61  3.10  1.73  1.04  2.55  2.42
MEAN      4.53  4.87  4.72  4.34  3.74  3.21  3.11  2.92  2.90  3.21  3.83  3.72
STD DEV   2.01  2.22  2.22  2.02  1.74  1.53  1.38  1.32  1.31  1.43  1.90  1.83
SKEW       .42   .60   .63   .59   .73   .80   .69   .67   .49   .52   .51   .58
% SW      4.03  4.67  4.70  6.06  5.16  5.41  6.27  4.04  2.02  1.52  2.78  3.04
MEAN      4.31  4.61  4.54  4.44  3.78  3.44  3.29  3.01  3.23  3.18  3.79  3.69
STD DEV   2.02  2.27  2.10  2.07  1.72  1.53  1.47  1.35  1.45  1.41  2.05  1.81
SKEW       .64   .96   .58   .65   .67   .48   .67   .72   .69   .30  1.02   .67
% WSW     3.11  3.57  3.93  5.06  4.63  5.28  5.62  4.02  1.83  1.90  2.83  3.06
MEAN      4.24  4.55  4.73  4.52  3.80  3.55  3.21  2.94  3.08  3.18  3.88  4.22
STD DEV   1.99  2.07  2.15  2.28  1.70  1.57  1.34  1.24  1.48  1.39  1.98  2.05
SKEW       .54   .79   .54   .70   .66   .71   .71   .59   .51   .49   .73   .76
% W       6.34  6.57  6.81  6.57  6.39  6.45  6.81  5.33  2.87  3.56  5.88  6.16
MEAN      4.19  4.51  4.70  4.38  3.78  3.46  3.28  3.10  2.94  3.42  3.92  4.01
STD DEV   2.12  2.22  2.27  2.17  1.81  1.58  1.43  1.40  1.33  1.67  1.87  1.92
SKEW       .90   .70   .63   .55   .85   .92   .75   .81   .83   .90   .70   .70
% WNW     7.80  7.72  8.22  6.59  5.68  5.29  4.65  4.53  3.03  4.41  7.25  7.19
MEAN      4.63  4.87  5.24  5.02  4.09  3.43  3.20  3.12  3.10  3.38  4.35  4.33
STD DEV   2.29  2.26  2.46  2.38  2.03  1.56  1.33  1.41  1.54  1.63  2.15  2.07
SKEW       .71   .55   .59   .55   .77   .72   .57   .74   .94   .81   .63   .64
% NW     10.00  9.98  9.20  6.68  6.01  5.16  3.79  4.41  4.24  6.90 10.07  9.28
MEAN      4.72  4.84  4.87  4.40  3.75  3.41  3.06  2.96  3.19  3.60  4.52  4.48
STD DEV   2.14  2.20  2.26  2.07  1.80  1.62  1.40  1.37  1.54  1.74  2.27  2.17
SKEW       .43   .60   .53   .61   .86   .70   .75   .91  1.01   .72   .69   .60
% NNW     6.41  6.61  5.60  4.71  4.37  3.60  2.67  3.49  4.04  5.73  6.36  6.12
MEAN      4.22  4.39  4.52  4.39  3.59  3.20  2.98  2.84  3.01  3.41  4.09  4.06
STD DEV   1.91  1.99  2.09  2.05  1.68  1.46  1.44  1.31  1.46  1.62  1.99  1.97
SKEW       .63   .55   .51   .45   .85   .79  1.42   .91   .96   .73   .64   .84
CALM     23.55 20.33 19.57 21.79 26.88 29.08 30.85 32.71 27.13 29.82 28.85 25.70
 
INTERPOLATED DATA (station & weighting factor)
 
---Wind Stations---
FT BENNING    GA     .539  MACON         GA     .263  ATLANTA       GA     .198
---Solar Radiation and Max .5 P Stations---
 GA THE ROCK         .577   AL MIDWAY           .221   GA EDISON           .202 
---Dewpoint Stations---
GA COLUMBUS METRO A  .526  GA MACON MIDDLE GA   .266  GA ATLANTA HARTSFIE  .207 
---Time Peak Stations---
GA THE ROCK          .579  AL MIDWAY            .222  GA EDISON            .199 
