 ALBANY GA                                9 140 0
 LATT=  31.57 LONG= -84.15 YEARS= 40. TYPE= 3
 ELEVATION =  200. TP5 = 2.79 TP6= 6.32
 MEAN P    .53   .55   .62   .53   .50   .45   .51   .44   .48   .42   .48   .43
 S DEV P   .62   .75   .76   .66   .64   .54   .63   .57   .69   .64   .69   .53
 SKEW  P  1.93  2.45  2.58  1.99  2.38  2.73  2.18  2.60  3.43  4.04  3.00  2.41
 P(W/W)    .46   .45   .43   .36   .39   .53   .55   .52   .50   .46   .43   .44
 P(W/D)    .25   .23   .21   .18   .18   .27   .29   .28   .18   .12   .18   .21
 TMAX AV 60.18 64.24 71.78 78.69 85.66 90.55 92.49 91.74 87.73 79.67 71.00 62.64
 TMIN AV 35.46 38.27 44.96 50.88 59.98 67.65 70.91 70.58 65.54 53.25 44.12 37.81
 SD TMAX 10.57 10.11  9.29  7.51  6.20  5.33  4.70  4.81  5.96  7.18  8.58 10.30
 SD TMIN 11.26 10.39  9.88  8.72  6.82  4.41  2.82  3.14  6.05  9.95 10.57 11.19
 SOL.RAD  223.  288.  381.  477.  530.  503.  518.  468.  396.  330.  254.  211.
 SD SOL   31.9  33.4  33.3  31.3  48.2  43.7  32.7  27.0  33.9  35.6  24.0  21.2
 MX .5 P   .92  1.00  1.27  1.26  1.30  1.60  1.93  1.64  1.40   .96  1.07   .91
 DEW PT  39.00 40.96 46.03 52.04 61.00 68.00 71.04 71.04 66.96 55.96 47.96 41.96
Time Pk   .394  .547  .632  .740  .760  .770  .905  .925  .940  .962  .980 1.000
% N       2.70  3.51  3.26  2.90  3.13  2.73  1.96  2.35  4.99  6.35  5.10  4.46
MEAN      3.00  3.06  3.10  2.66  2.35  2.37  2.11  2.31  2.23  2.51  2.59  3.08
STD DEV   1.82  1.88  1.83  1.80  1.53  1.46  1.41  1.73  1.29  1.73  1.83  1.90
SKEW       .56   .98   .64  1.62  1.62  1.63  1.63  2.20  1.10  1.56  1.38   .88
% NNE     3.54  4.21  3.23  2.46  3.01  2.81  2.87  4.02 10.32 11.42  4.44  4.57
MEAN      3.10  3.28  2.99  2.31  2.63  3.25  2.55  2.70  3.16  3.05  2.64  2.96
STD DEV   1.65  1.87  1.73  1.31  1.70  2.27  1.60  1.93  2.16  1.97  1.76  2.22
SKEW       .22   .69   .55  1.06   .92  1.12  1.19  1.74  1.34  1.13  1.23  1.74
% NE      4.81  6.50  4.40  4.14  4.99  4.80  5.67  8.68 17.07 14.91  6.74  9.33
MEAN      2.38  2.52  2.25  1.95  1.87  2.26  2.27  2.20  3.00  2.76  2.49  2.57
STD DEV   1.34  1.53  1.39  1.07  1.15  1.45  1.31  1.54  1.75  1.76  1.60  1.55
SKEW       .92  1.18  1.24  1.43  1.79  1.54  1.22  2.16  1.18  1.10  1.16  1.22
% ENE     5.27  6.96  4.90  4.38  3.64  3.17  4.40  7.21 10.31  9.30  4.67  6.86
MEAN      2.90  3.25  3.03  2.89  2.41  2.19  2.19  2.10  3.28  3.04  2.69  2.97
STD DEV   1.57  1.78  1.87  1.82  1.64  1.35  1.46  1.21  1.77  1.86  1.71  1.64
SKEW       .66   .50  1.12  1.45  1.28  1.58  1.59  1.52   .81  1.07  1.03   .75
% E       5.10  5.29  4.96  6.73  6.28  5.34  7.16  8.05  6.74  7.00  4.45  4.81
MEAN      2.02  2.37  2.42  2.61  2.03  1.86  2.07  2.00  2.32  2.33  2.06  2.13
STD DEV   1.19  1.38  1.50  1.61  1.20   .94  1.39  1.11  1.41  1.47  1.12  1.28
SKEW      1.51  1.31  1.30  1.11  1.57  1.22  1.95  1.51  1.52  1.19  1.21  1.54
% ESE     3.60  4.26  5.26  5.60  4.71  4.49  6.27  5.03  5.19  2.88  2.93  3.07
MEAN      2.09  2.97  3.00  2.52  2.18  2.44  1.98  2.33  2.67  2.64  2.53  2.38
STD DEV   1.06  1.68  1.84  1.66  1.36  1.55  1.33  1.50  1.52  1.59  1.62  1.39
SKEW      1.06   .82   .84  1.49  1.58  2.05  1.86  1.56  1.08   .89  1.13  1.33
% SE      7.03  5.38  6.23  8.86  5.77  5.86  8.60  6.92  5.39  2.35  4.18  5.27
MEAN      2.22  2.63  3.15  2.40  2.04  2.05  2.06  2.16  2.23  2.48  2.46  2.60
STD DEV   1.46  1.78  2.26  1.73  1.43  1.54  1.39  1.54  1.41  1.48  1.83  1.74
SKEW      1.80  1.15  1.20  1.45  1.56  3.33  1.85  1.80  1.39   .97  1.55  1.27
% SSE    10.20  7.29  8.23  7.07  4.70  5.00  7.44  5.19  4.13  2.44  5.10  6.13
MEAN      3.16  3.19  3.92  3.01  2.14  1.86  2.06  1.99  2.22  2.36  3.10  3.07
STD DEV   2.16  2.04  2.78  2.16  1.49  1.04  1.31  1.48  1.53  1.52  2.12  2.01
SKEW       .97   .91  1.26  1.11  1.74  1.84  1.87  1.99  2.51  1.11   .90   .82
% S       9.36  7.02  9.21  6.61  5.01  6.76  8.41  4.94  3.24  1.66  4.64  4.87
MEAN      3.13  3.27  3.55  3.06  2.19  1.96  2.10  2.04  1.86  2.38  2.92  3.25
STD DEV   2.02  2.21  2.44  2.08  1.39  1.24  1.33  1.35  1.13  1.49  2.06  2.03
SKEW       .95  1.14  1.28  1.04  1.46  2.19  1.84  1.53  2.20  1.15  1.28   .97
% SSW     6.93  8.42  7.17  7.21  9.19  7.94  9.21  6.01  3.67  1.97  4.26  3.89
MEAN      3.29  3.97  3.51  3.54  3.07  2.49  2.43  2.20  2.43  2.17  3.41  3.16
STD DEV   2.02  2.22  2.01  2.08  1.89  1.57  1.61  1.43  1.38  1.33  2.38  1.80
SKEW       .77   .63   .77   .81   .84  1.44  1.55  1.72  1.13  1.27  1.29   .88
% SW      4.11  5.24  4.70  5.54  7.43  9.77  8.66  5.66  2.58  1.82  3.21  2.71
MEAN      3.39  3.95  3.80  3.37  3.01  2.50  2.61  2.13  2.59  2.36  3.83  2.86
STD DEV   2.09  2.35  2.31  2.05  1.89  1.54  1.65  1.34  1.46  1.41  2.53  1.55
SKEW       .80   .57   .66   .66  1.04  1.34  1.41  1.72   .62  1.08   .91   .81
% WSW     4.01  4.06  3.43  4.50  5.36  6.67  4.93  4.52  1.93  1.87  3.75  3.81
MEAN      3.97  4.26  3.71  4.13  3.12  2.82  2.49  2.35  2.56  3.13  3.47  3.78
STD DEV   2.57  2.57  2.26  2.49  1.89  1.82  1.56  1.47  1.67  1.85  2.17  2.35
SKEW      1.00   .91   .53   .37   .73  1.00  1.92  1.83  1.63   .85   .87   .71
% W       4.84  5.38  6.46  7.73  7.79 11.00  5.39  6.18  1.98  3.65  7.02  5.03
MEAN      4.32  3.93  4.59  3.45  2.97  2.48  2.37  2.20  2.11  2.98  3.78  3.62
STD DEV   2.76  2.75  2.93  2.20  1.86  1.58  1.62  1.50  1.19  1.88  2.53  2.18
SKEW       .76  1.00   .35   .76  1.04  1.36  2.63  1.60  1.10   .90   .73   .63
% WNW     6.67  6.41  7.52  7.30  6.33  5.44  2.59  4.18  2.07  3.75  7.24  9.44
MEAN      4.78  5.13  4.84  4.55  3.35  2.88  2.49  2.55  2.17  3.78  5.01  4.42
STD DEV   2.71  2.91  2.83  2.64  2.14  1.69  1.42  1.84  1.33  2.54  2.84  2.50
SKEW       .53   .36   .34   .39   .73   .94  1.08  1.98  1.31   .88   .35   .42
% NW      7.03  6.66  9.52  6.60  7.43  5.57  3.37  4.09  3.53  5.80  8.58  7.67
MEAN      4.09  4.07  4.12  4.00  2.87  2.51  2.34  2.27  2.28  2.84  3.66  3.60
STD DEV   2.48  2.43  2.56  2.58  1.89  1.65  1.69  1.58  1.47  2.09  2.32  2.15
SKEW       .54   .76   .76   .61  1.33  1.54  1.90  1.90  1.38  1.48   .76  1.00
% NNW     3.79  4.68  4.67  2.77  3.13  2.17  1.60  3.22  3.74  4.21  4.87  4.33
MEAN      3.61  3.25  3.28  3.51  2.61  2.53  2.10  2.23  2.11  2.48  3.08  3.13
STD DEV   1.92  1.84  2.03  2.42  1.78  1.74  1.40  1.71  1.37  1.85  2.00  2.04
SKEW       .33   .79  1.05  1.42  1.33  1.48  2.03  2.17  1.21  1.70   .76   .91
CALM     11.04  8.70  6.87  9.69 12.15 10.42 11.55 13.78 13.23 18.69 18.89 13.79
 
INTERPOLATED DATA (station & weighting factor)
 
---Wind Stations---
ALBANY        GA    1.000  ALBANY NAS    GA     .000  FT BENNING    GA     .000
---Solar Radiation and Max .5 P Stations---
 GA EDISON           .548   GA PEARSON          .235   AL MIDWAY           .217 
---Dewpoint Stations---
GA ALBANY SW GA RGN  .924  GA FT BENNING LAWSO  .038  GA VALDOSTA RGNL AP  .037 
---Time Peak Stations---
GA EDISON            .546  GA PEARSON           .234  AL MIDWAY            .220 
