 MILFORD 4 NW IA                         135493 0
 LATT=  43.38 LONG= -95.18 YEARS= 40. TYPE= 3
 ELEVATION = 1400. TP5 = 2.48 TP6= 5.86
 MEAN P    .12   .13   .26   .35   .37   .46   .40   .45   .41   .32   .27   .14
 S DEV P   .15   .16   .33   .39   .47   .54   .57   .63   .62   .41   .37   .17
 SKEW  P  3.05  3.23  2.84  2.13  2.57  2.31  2.85  2.58  4.39  2.36  3.44  2.31
 P(W/W)    .31   .32   .39   .44   .50   .42   .39   .36   .35   .42   .36   .32
 P(W/D)    .15   .14   .17   .23   .25   .27   .24   .21   .20   .14   .15   .14
 TMAX AV 23.83 29.47 41.67 58.00 70.48 79.50 83.73 80.45 73.22 59.85 42.33 27.63
 TMIN AV  6.04 11.54 23.18 35.66 47.53 57.16 61.91 59.10 50.18 37.98 24.05 11.13
 SD TMAX 13.15 13.01 13.27 12.96 10.38  8.00  6.49  6.61  9.44 11.38 12.89 12.56
 SD TMIN 14.21 14.08 12.05  9.52  8.54  6.97  6.45  6.82  9.00  9.29 11.01 13.31
 SOL.RAD  126.  199.  305.  397.  459.  522.  549.  470.  370.  243.  145.  111.
 SD SOL   19.1  26.4  47.1  51.6  53.1  35.3  32.8  26.9  21.9  27.8  24.3  21.0
 MX .5 P   .25   .29   .40   .55   .87  1.36  1.57  1.42   .98   .57   .33   .23
 DEW PT  10.33 15.64 25.26 34.95 46.32 56.95 62.95 61.95 50.95 37.95 26.25 15.26
Time Pk   .499  .674  .756  .833  .846  .856  .940  .950  .960  .975  .985 1.000
% N       6.40  7.18  8.14  7.81  7.40  6.03  5.85  5.46  5.94  6.19  5.67  5.43
MEAN      5.68  5.98  6.52  6.44  5.65  4.79  4.30  4.34  4.55  5.10  5.96  5.40
STD DEV   2.68  2.65  2.97  2.86  2.58  2.17  1.99  2.01  2.08  2.36  2.83  2.57
SKEW       .51   .31   .45   .41   .51   .49   .59   .60   .58   .46   .93   .58
% NNE     3.64  4.51  5.39  4.92  5.79  4.19  4.13  4.04  3.74  3.64  3.32  3.47
MEAN      5.06  5.39  6.06  5.80  5.40  4.51  4.16  3.94  4.17  4.60  5.67  5.10
STD DEV   2.38  2.60  2.79  2.56  2.34  1.96  1.99  1.80  1.83  2.13  2.73  2.25
SKEW       .49   .55   .45   .37   .42   .59   .75   .75   .58   .67   .61   .37
% NE      2.90  4.10  4.82  4.30  5.37  4.26  4.33  4.05  3.47  2.58  2.64  3.16
MEAN      4.07  4.73  5.33  5.24  4.65  4.15  3.64  3.52  3.76  3.81  4.50  4.31
STD DEV   1.97  2.37  2.65  2.52  2.18  1.90  1.75  1.69  1.82  1.82  2.27  2.19
SKEW       .74   .68   .65   .43   .52   .65   .76   .85   .81   .60   .57   .71
% ENE     1.96  3.15  3.78  3.51  4.37  3.33  3.25  3.01  2.53  1.67  1.47  2.14
MEAN      3.92  5.15  5.47  5.73  4.93  4.44  4.01  3.59  3.91  3.85  4.23  4.16
STD DEV   1.94  2.36  2.60  2.75  2.13  1.89  1.77  1.56  1.85  1.69  2.06  1.99
SKEW       .68   .46   .71   .58   .50   .56   .70   .50   .76   .56   .65   .80
% E       3.02  4.34  5.24  5.55  5.66  5.08  5.16  5.22  4.33  2.67  2.62  3.13
MEAN      4.14  5.00  5.41  5.74  5.06  4.40  3.80  3.59  3.77  3.67  4.10  4.21
STD DEV   2.06  2.64  2.60  2.72  2.27  1.94  1.66  1.61  1.61  1.55  1.84  2.01
SKEW       .75   .76   .74   .48   .48   .72   .68   .71   .56   .61   .67   .78
% ESE     4.86  5.57  6.63  6.74  6.62  6.23  6.39  7.05  6.17  5.37  4.71  5.28
MEAN      4.60  5.14  5.50  5.92  5.44  4.77  4.17  4.00  4.17  4.32  4.64  4.61
STD DEV   1.93  2.18  2.22  2.48  2.42  1.95  1.74  1.60  1.69  1.78  1.95  1.88
SKEW       .49   .51   .46   .42   .55   .56   .77   .70   .46   .56   .50   .48
% SE      6.93  6.82  7.48  7.41  7.50  8.42  8.77 10.75  8.07  9.11  6.70  7.40
MEAN      4.91  4.95  5.48  5.80  5.57  5.11  4.43  4.45  4.57  4.91  4.62  4.88
STD DEV   2.11  2.14  2.32  2.51  2.34  2.17  1.86  1.85  1.90  2.07  1.97  2.07
SKEW       .53   .42   .53   .36   .47   .51   .60   .53   .47   .56   .44   .44
% SSE     7.11  7.09  6.97  7.68  8.68 10.24 10.84 11.81 11.08 10.07  7.42  7.77
MEAN      5.51  5.61  6.03  6.61  6.39  5.78  5.13  5.13  5.49  5.59  5.50  5.48
STD DEV   2.26  2.32  2.40  2.69  2.52  2.23  2.01  2.06  2.15  2.21  2.23  2.27
SKEW       .27   .25   .21   .37   .26   .26   .47   .45   .30   .35   .36   .38
% S       7.51  6.77  6.28  7.78  9.95 13.24 14.29 14.31 12.87 11.31  9.03  7.45
MEAN      5.36  5.31  5.84  6.58  6.46  6.13  5.35  5.19  5.75  5.80  5.35  5.34
STD DEV   2.46  2.40  2.71  2.93  2.65  2.48  2.19  2.09  2.35  2.49  2.28  2.37
SKEW       .52   .34   .48   .21   .20   .17   .33   .30   .31   .41   .37   .37
% SSW     4.15  3.64  3.24  4.67  5.08  6.26  6.33  6.29  5.47  5.17  5.23  4.39
MEAN      5.04  5.23  5.62  6.59  6.22  5.78  5.09  5.09  5.52  5.43  5.32  4.86
STD DEV   2.37  2.37  2.54  2.85  2.65  2.44  2.19  2.18  2.40  2.40  2.35  2.19
SKEW       .63   .39   .43   .29   .19   .23   .35   .32   .32   .84   .38   .60
% SW      4.27  4.01  3.08  3.40  4.12  4.69  4.34  4.44  3.91  4.43  4.81  4.58
MEAN      4.26  4.24  4.51  5.22  5.28  4.48  4.06  4.09  4.03  4.34  4.37  4.19
STD DEV   1.97  1.93  2.39  2.42  2.50  2.16  2.06  2.03  2.04  2.02  2.03  1.78
SKEW       .65   .66   .93   .38   .44   .73   .80   .69   .84   .69   .79   .56
% WSW     3.78  3.47  2.44  2.57  2.98  3.64  2.76  2.58  3.21  3.65  4.14  4.04
MEAN      4.41  4.33  4.68  5.32  5.29  4.44  3.91  3.78  4.18  4.47  4.34  4.37
STD DEV   1.93  2.01  2.21  2.64  2.74  2.17  1.76  1.74  1.93  2.18  2.00  1.83
SKEW       .59   .87   .85   .65   .95   .68   .65   .77   .79   .78   .86   .65
% W       6.01  4.89  4.14  3.77  4.12  4.46  3.68  3.32  4.46  4.93  6.27  5.95
MEAN      4.81  4.48  4.73  5.54  5.22  4.43  3.64  3.76  4.27  4.53  4.78  4.86
STD DEV   2.32  2.29  2.46  3.07  2.82  2.25  1.72  1.88  2.11  2.24  2.30  2.34
SKEW      1.08  1.20  1.21   .93   .93   .89   .88   .98   .84   .83   .97   .84
% WNW     9.78  8.87  7.84  6.72  5.74  5.27  4.51  3.64  6.24  7.79 10.85  9.83
MEAN      6.03  5.89  6.32  6.77  6.14  5.37  4.39  4.34  5.18  5.63  6.47  6.08
STD DEV   2.80  2.82  3.01  3.29  2.97  2.52  2.11  2.10  2.44  2.70  3.03  2.73
SKEW       .61   .73   .72   .54   .47   .54   .85   .85   .63   .66   .71   .43
% NW     14.34 12.84 12.10 10.77  6.98  6.07  5.83  5.00  7.86  9.87 13.65 14.13
MEAN      6.81  6.52  7.00  7.43  6.23  5.40  4.75  4.51  5.38  6.05  7.36  6.66
STD DEV   3.09  2.80  3.17  3.37  2.92  2.58  2.34  2.26  2.52  2.93  3.42  2.91
SKEW       .55   .33   .46   .35   .37   .46   .65   .78   .54   .57   .60   .47
% NNW    10.40  9.62 10.05  9.83  6.65  5.20  4.86  4.39  6.05  7.77  8.73  8.73
MEAN      6.89  6.56  7.17  7.40  6.34  5.49  4.84  4.81  5.23  6.11  6.84  6.59
STD DEV   2.85  2.78  3.03  3.07  2.78  2.44  2.13  2.27  2.29  2.85  2.99  2.84
SKEW       .29   .49   .44   .29   .27   .41   .50   .60   .46   .55   .47   .40
CALM      2.99  3.12  2.38  2.51  3.01  3.37  4.67  4.68  4.57  3.77  2.70  3.12
 
INTERPOLATED DATA (station & weighting factor)
 
---Wind Stations---
SIOUX FALLS   SD     .372  SIOUX CITY    IA     .318  MASON CITY    IA     .310
---Solar Radiation and Max .5 P Stations---
 MN LAKEFIELD        .488   IA RINGSTED         .311   IA SIOUX CTR 2 SE   .200 
---Dewpoint Stations---
SD SIOUX FALLS       .374  IA SIOUX CITY GATEW  .319  IA MASON CITY MUNI   .307 
---Time Peak Stations---
MN LAKEFIELD         .492  IA RINGSTED          .308  IA SIOUX CTR 2 SE    .200 
