 CLARION IA                              131541 0
 LATT=  42.73 LONG= -93.73 YEARS= 40. TYPE= 3
 ELEVATION = 1170. TP5 = 2.78 TP6= 6.26
 MEAN P    .13   .19   .29   .38   .37   .51   .47   .46   .39   .30   .27   .20
 S DEV P   .16   .26   .49   .48   .48   .66   .65   .56   .53   .37   .41   .29
 SKEW  P  2.59  2.54  5.49  2.43  2.70  2.42  3.01  1.84  4.53  2.24  3.56  4.31
 P(W/W)    .30   .30   .39   .45   .50   .43   .36   .38   .38   .44   .42   .26
 P(W/D)    .13   .12   .17   .23   .27   .27   .24   .23   .18   .17   .16   .14
 TMAX AV 24.21 29.98 42.85 58.07 71.07 80.39 84.06 81.20 74.62 61.24 43.97 28.84
 TMIN AV  5.74 11.38 23.84 35.48 47.69 57.58 61.96 58.87 49.02 36.77 24.42 11.09
 SD TMAX 12.89 13.45 13.49 13.29 10.53  8.00  6.65  6.67  9.62 11.59 13.12 12.72
 SD TMIN 13.91 14.34 11.62  9.31  8.83  7.03  5.98  6.84  9.31  9.51 10.94 13.47
 SOL.RAD  127.  209.  302.  388.  450.  516.  521.  451.  357.  235.  140.  105.
 SD SOL   23.4  29.0  44.5  46.8  53.7  34.7  49.8  27.3  28.2  25.0  22.6  20.5
 MX .5 P   .21   .28   .43   .65  1.07  1.46  1.59  1.43  1.09   .52   .36   .26
 DEW PT  10.02 15.59 25.59 35.44 46.44 57.44 63.44 62.15 51.44 38.44 27.29 15.88
Time Pk   .506  .682  .752  .840  .850  .860  .942  .952  .960  .970  .990 1.000
% N       5.86  7.10  7.78  7.14  7.01  5.88  5.92  5.51  5.84  5.46  5.01  5.09
MEAN      5.75  6.09  6.70  6.45  5.77  5.09  4.64  4.46  4.64  5.26  5.92  5.58
STD DEV   2.52  2.74  3.03  2.91  2.57  2.20  2.04  1.95  2.00  2.21  2.51  2.50
SKEW       .44   .53   .43   .53   .48   .42   .51   .53   .57   .41   .41   .55
% NNE     2.71  3.77  4.28  3.85  4.13  3.27  3.20  3.10  2.81  2.47  2.64  2.93
MEAN      5.38  5.61  6.13  6.09  5.47  4.84  4.31  4.07  4.16  4.95  5.87  5.68
STD DEV   2.36  2.57  2.76  2.57  2.29  1.89  2.04  1.75  1.69  2.17  2.49  2.31
SKEW       .46   .71   .50   .52   .50   .55   .75   .63   .58   .72   .22   .12
% NE      1.92  3.12  4.02  3.67  4.18  3.19  3.02  2.93  2.79  1.72  1.97  2.23
MEAN      4.59  5.16  5.68  5.31  4.84  4.37  3.65  3.58  3.99  4.15  4.96  4.64
STD DEV   2.30  2.64  2.63  2.40  2.20  1.95  1.73  1.63  1.74  1.96  2.36  2.25
SKEW       .58   .70   .50   .51   .52   .72   .94   .86   .67   .63   .59   .56
% ENE     1.46  2.65  3.74  3.55  3.91  3.31  2.69  2.56  2.42  1.42  1.44  2.02
MEAN      4.52  5.55  6.07  5.95  5.08  4.61  3.99  3.69  3.87  4.01  4.50  4.85
STD DEV   2.26  2.37  2.83  2.90  2.04  1.88  1.72  1.57  1.71  1.70  2.16  2.25
SKEW       .74   .42   .55   .61   .44   .43   .79   .45   .85   .57   .64   .70
% E       2.47  4.21  4.89  5.52  5.53  4.57  4.47  4.02  4.13  2.30  2.59  2.98
MEAN      4.82  5.74  6.01  6.29  5.47  4.72  4.00  3.65  3.97  3.91  4.40  4.82
STD DEV   2.34  3.06  2.76  3.03  2.40  2.11  1.73  1.63  1.74  1.67  1.97  2.27
SKEW       .58   .84   .53   .51   .33   .73   .55   .69   .60   .53   .56   .65
% ESE     4.67  5.65  6.78  8.02  7.49  6.31  5.91  6.29  5.93  5.42  4.88  5.41
MEAN      5.14  5.56  6.05  6.54  5.86  5.03  4.24  4.17  4.32  4.52  4.98  5.32
STD DEV   2.14  2.46  2.59  2.69  2.51  2.09  1.82  1.73  1.74  1.91  2.21  2.19
SKEW       .49   .40   .47   .24   .42   .60   .78   .73   .60   .73   .69   .48
% SE      5.99  6.03  7.09  7.36  7.69  8.15  7.92  9.47  7.94  8.71  6.72  6.97
MEAN      5.42  5.47  5.90  6.13  5.85  5.11  4.51  4.56  4.72  4.98  4.96  5.51
STD DEV   2.30  2.40  2.45  2.59  2.49  2.17  1.93  1.96  2.04  2.19  2.19  2.36
SKEW       .53   .37   .29   .10   .45   .50   .56   .57   .46   .63   .50   .53
% SSE     6.76  6.64  6.77  7.24  8.43  9.57  9.24  9.98  9.97 10.02  7.64  7.97
MEAN      5.91  6.09  6.43  6.92  6.53  5.95  5.10  5.19  5.50  5.63  5.80  5.85
STD DEV   2.39  2.54  2.63  2.71  2.66  2.35  2.07  2.23  2.32  2.37  2.34  2.34
SKEW       .40   .32   .30   .26   .35   .33   .51   .66   .55   .50   .44   .37
% S       8.40  6.94  6.84  7.78 10.39 13.80 14.10 14.33 13.58 12.73 10.12  8.26
MEAN      5.64  5.52  6.02  6.71  6.53  6.15  5.34  5.09  5.57  5.86  5.48  5.67
STD DEV   2.47  2.42  2.74  3.00  2.73  2.55  2.27  2.19  2.41  2.63  2.41  2.40
SKEW       .50   .49   .46   .25   .30   .27   .44   .52   .50   .59   .58   .44
% SSW     4.12  3.67  3.25  4.90  5.74  7.06  6.81  7.07  5.78  5.54  5.25  3.79
MEAN      5.74  5.89  6.13  7.19  6.78  6.01  5.44  5.41  5.79  5.94  5.88  5.70
STD DEV   2.65  2.58  2.71  2.96  2.80  2.47  2.22  2.27  2.35  2.56  2.55  2.57
SKEW       .57   .37   .45   .09   .12   .27   .41   .53   .38  1.23   .45   .82
% SW      3.64  3.28  2.71  3.45  4.36  5.11  4.56  4.72  3.72  4.18  4.42  3.90
MEAN      5.13  5.23  5.46  6.29  6.15  5.21  4.74  4.64  4.74  5.30  5.27  5.32
STD DEV   2.25  2.27  2.66  2.91  2.71  2.24  2.19  2.08  2.20  2.29  2.43  2.21
SKEW       .41   .53   .63   .19   .26   .41   .65   .45   .63   .41   .61   .19
% WSW     4.22  3.51  2.56  2.84  3.11  4.12  3.31  3.29  3.56  3.77  3.97  4.24
MEAN      5.11  5.21  5.36  6.20  5.99  5.02  4.37  4.27  4.82  4.93  5.21  5.27
STD DEV   2.12  2.19  2.31  2.97  2.95  2.21  1.83  1.74  2.09  2.21  2.23  2.00
SKEW       .56   .46   .67   .57  1.24   .58   .47   .55   .70   .67   .54   .48
% W       7.48  5.45  4.84  4.49  4.75  5.13  4.57  4.29  4.97  6.02  6.91  6.80
MEAN      5.56  5.08  5.28  6.22  5.55  4.87  4.03  4.13  4.52  4.91  5.54  5.46
STD DEV   2.65  2.53  2.70  3.22  2.71  2.15  1.81  1.87  2.10  2.29  2.59  2.52
SKEW      1.00  1.47  1.00   .85   .87   .73   .88   .79   .79   .86   .80   .79
% WNW    13.08 11.58  9.55  8.14  6.70  6.04  6.10  5.07  6.92  9.11 12.33 12.01
MEAN      6.74  6.38  6.71  7.27  6.43  5.60  4.42  4.48  5.24  5.81  6.98  6.48
STD DEV   2.98  2.87  3.09  3.54  3.02  2.55  2.00  2.07  2.40  2.70  3.19  2.75
SKEW       .62   .62   .77   .55   .55   .58   .89   .81   .63   .74   .74   .35
% NW     15.16 14.08 12.76 10.95  7.04  5.78  7.04  6.17  7.94 10.05 13.15 14.52
MEAN      7.17  7.09  7.17  7.54  6.33  5.60  4.88  4.61  5.36  6.19  7.31  6.84
STD DEV   3.01  2.91  3.05  3.26  2.76  2.62  2.32  2.26  2.47  2.86  3.30  2.89
SKEW       .42   .26   .39   .26   .31   .51   .64   .90   .71   .61   .77   .43
% NNW     9.26  9.07  9.46  8.42  6.20  4.71  5.06  4.58  6.01  6.90  7.69  7.84
MEAN      7.18  7.08  7.56  7.59  6.72  5.90  5.09  4.92  5.35  6.14  6.85  6.86
STD DEV   2.89  2.96  3.07  3.01  2.86  2.49  2.16  2.18  2.26  2.66  2.85  2.88
SKEW       .25   .59   .22   .19   .37   .39   .58   .48   .45   .52   .27   .39
CALM      2.82  3.23  2.72  2.64  3.36  3.96  6.11  6.59  5.74  4.22  3.23  3.10
 
INTERPOLATED DATA (station & weighting factor)
 
---Wind Stations---
MASON CITY    IA     .566  WATERLOO      IA     .289  SIOUX CITY    IA     .145
---Solar Radiation and Max .5 P Stations---
 IA SHEFFIELD        .411   IA IOWA FALLS       .378   IA ROCKWELL CITY N  .211 
---Dewpoint Stations---
IA MASON CITY MUNI   .562  IA WATERLOO MUNI AP  .291  IA SIOUX CITY GATEW  .147 
---Time Peak Stations---
IA SHEFFIELD         .407  IA IOWA FALLS        .379  IA ROCKWELL CITY NO  .214 
