 BLOOMFIELD 2 N IA                       13 753 0
 LATT=  40.80 LONG= -92.42 YEARS= 40. TYPE= 3
 ELEVATION =  840. TP5 = 2.54 TP6= 5.80
 MEAN P    .17   .19   .29   .34   .42   .47   .54   .52   .47   .34   .30   .20
 S DEV P   .20   .27   .35   .45   .50   .62   .79   .74   .61   .46   .38   .30
 SKEW  P  2.22  3.73  2.16  3.62  1.91  2.72  2.98  4.28  2.65  2.83  2.32  2.90
 P(W/W)    .35   .37   .42   .51   .53   .50   .45   .45   .45   .48   .45   .36
 P(W/D)    .17   .20   .21   .26   .30   .29   .21   .23   .21   .19   .19   .19
 TMAX AV 32.64 37.89 50.42 63.47 73.03 81.88 86.90 84.96 77.30 65.21 50.58 36.68
 TMIN AV 14.62 18.72 29.63 40.87 51.44 60.89 65.56 63.12 54.10 42.84 31.42 19.38
 SD TMAX 12.76 13.42 13.58 11.48  8.78  6.84  6.59  6.98  8.87 10.48 11.85 12.41
 SD TMIN 13.23 13.20 11.34  9.38  8.08  6.74  6.10  6.57  8.91  9.39 10.41 12.35
 SOL.RAD  150.  223.  323.  390.  465.  525.  526.  465.  383.  261.  160.  130.
 SD SOL   20.1  33.2  38.2  49.4  50.2  36.6  46.2  23.4  27.5  24.3  30.3  19.2
 MX .5 P   .30   .37   .50   .80  1.13  1.70  1.44  1.29   .93   .66   .43   .35
 DEW PT  15.44 20.20 29.20 38.95 49.95 59.95 64.85 63.85 54.10 41.10 31.20 20.44
Time Pk   .480  .662  .727  .817  .830  .847  .935  .950  .955  .972  .982 1.000
% N       4.95  5.64  5.48  5.14  4.44  3.52  4.22  4.34  4.17  5.06  4.20  3.82
MEAN      5.38  5.34  6.04  5.42  4.73  4.18  4.07  3.88  4.06  4.74  5.13  5.18
STD DEV   2.29  2.29  2.53  2.35  2.18  1.64  1.83  1.57  1.81  1.82  2.27  2.50
SKEW       .14   .42   .29   .63   .73   .46   .45   .43   .46   .37   .51   .68
% NNE     3.38  4.91  5.09  4.20  5.25  3.53  3.99  4.49  4.30  4.00  2.39  3.04
MEAN      4.61  4.77  5.79  4.94  5.05  4.37  3.86  4.14  4.53  4.61  4.82  5.21
STD DEV   1.96  1.94  2.95  1.97  2.19  1.72  1.57  1.60  1.88  1.58  2.18  2.21
SKEW       .43   .49  2.44   .51   .57   .52   .43   .26   .64   .15   .62   .22
% NE      3.74  4.79  4.85  4.89  5.37  3.72  5.55  6.13  5.03  3.16  2.25  3.39
MEAN      4.11  4.37  4.87  4.62  4.47  3.69  3.47  3.48  3.61  4.03  3.86  4.42
STD DEV   2.03  1.74  2.10  1.82  2.10  1.48  1.36  1.31  1.31  1.53  1.44  1.97
SKEW       .95   .58   .49   .59   .79   .43   .51   .51   .87   .40   .29   .53
% ENE     3.34  4.79  5.65  5.72  6.28  4.09  4.50  5.96  5.40  2.30  2.31  3.05
MEAN      4.12  5.04  5.41  5.11  4.58  3.94  3.55  3.55  3.85  3.73  4.01  4.44
STD DEV   1.75  2.02  2.10  1.91  1.78  1.54  1.39  1.21  1.33  1.34  1.39  1.83
SKEW       .95   .61   .41   .50   .50   .68   .53   .33   .36   .63   .28   .43
% E       3.10  3.66  5.54  4.74  4.93  5.05  5.06  5.97  4.26  2.85  2.53  2.69
MEAN      4.15  4.41  5.43  4.95  4.17  3.90  3.08  3.35  3.38  3.51  3.92  4.06
STD DEV   1.80  1.88  2.65  2.10  1.75  1.57  1.21  1.23  1.29  1.17  1.36  1.71
SKEW       .79   .59   .78   .73   .52   .61   .78   .67   .36   .77  1.13   .16
% ESE     5.36  6.39  7.21  7.39  6.56  6.92  5.50  7.70  5.32  4.08  3.20  4.93
MEAN      4.62  4.93  5.48  5.36  4.70  4.52  3.44  3.68  3.67  3.85  4.33  4.71
STD DEV   1.65  1.84  2.06  1.92  1.81  1.70  1.14  1.26  1.23  1.24  1.33  1.78
SKEW       .43   .65   .23   .51   .34   .40   .18   .34   .41   .44   .28   .65
% SE      4.22  5.06  4.84  5.19  5.43  5.90  6.30  7.11  6.10  5.37  3.29  4.59
MEAN      4.36  4.77  4.84  5.16  4.43  4.35  3.55  3.55  3.83  4.15  4.55  4.67
STD DEV   1.70  1.78  1.86  1.94  1.91  1.82  1.30  1.24  1.46  1.51  1.54  1.84
SKEW       .37   .55   .42   .48   .62   .76   .34   .33   .49   .44   .09   .32
% SSE     6.25  5.61  7.34  6.97  9.04  9.93  9.92  9.88  9.30  9.77  7.37  7.33
MEAN      5.49  5.48  5.93  6.08  5.21  4.76  4.06  4.13  4.62  4.94  5.33  5.47
STD DEV   2.23  2.05  2.44  2.43  2.29  1.95  1.48  1.57  1.61  1.89  1.85  2.16
SKEW       .61   .22   .35   .54   .83   .69   .35   .43   .43   .83   .28   .30
% S       6.39  5.67  6.46  7.12  7.76 11.92 11.68 10.16 10.62 12.75  9.99  8.42
MEAN      5.50  5.55  5.95  6.27  5.16  5.08  4.39  4.23  4.94  5.17  5.57  5.45
STD DEV   2.27  2.18  2.37  2.52  2.14  2.10  1.72  1.54  1.78  1.87  1.96  2.15
SKEW       .25   .27   .59   .73   .61   .70   .41   .60   .45   .65   .25   .50
% SSW     7.74  7.09  6.24  7.65  7.84 12.18 11.45  9.38 10.49 11.37  9.86  8.27
MEAN      5.89  6.08  6.70  6.72  5.89  5.64  4.99  4.44  5.68  5.59  6.17  5.84
STD DEV   2.53  2.34  2.99  2.75  2.84  2.35  1.95  1.54  2.11  2.09  2.32  2.19
SKEW       .45   .35   .97   .49  1.41  1.34   .42   .36   .48   .49   .51   .60
% SW      6.31  5.10  4.02  4.46  4.97  6.84  6.79  6.47  5.89  6.74  6.77  7.02
MEAN      5.10  5.15  5.91  6.22  5.11  4.96  4.45  4.46  4.72  4.99  5.47  5.46
STD DEV   2.21  2.06  2.86  2.89  2.31  2.35  1.96  1.88  1.96  2.24  2.44  2.46
SKEW       .54   .81   .87   .52   .80   .73   .44   .57   .79   .70   .75  1.05
% WSW     6.31  5.37  4.51  3.86  4.66  5.64  4.42  4.17  4.44  4.74  6.79  6.15
MEAN      5.37  5.13  6.24  5.38  5.25  4.69  4.15  4.12  4.32  4.78  5.27  5.63
STD DEV   2.56  2.26  3.20  2.59  2.75  1.97  1.68  1.72  1.89  2.19  2.23  2.46
SKEW       .85   .98  1.03   .73  1.57   .54   .48   .37   .67   .71   .70  1.23
% W       5.07  4.98  5.18  4.41  4.65  3.68  4.12  3.00  4.44  4.84  6.56  5.94
MEAN      4.81  5.05  6.11  5.12  4.37  4.17  3.53  3.67  3.97  4.18  4.89  5.04
STD DEV   2.53  2.52  2.96  2.93  2.18  1.99  1.45  1.57  1.75  1.69  2.36  2.23
SKEW      1.33  1.43   .68  1.24  1.16   .86   .73   .88   .95   .80  1.54  1.01
% WNW     8.01  9.06  7.78  7.50  6.18  4.10  3.78  3.42  5.63  6.49 10.70  9.86
MEAN      6.11  6.35  6.68  6.70  5.77  4.54  4.06  4.04  4.74  4.87  6.13  5.76
STD DEV   2.70  2.69  2.82  3.01  2.61  1.94  1.73  1.81  2.17  1.98  2.61  2.23
SKEW       .65   .39   .71   .60   .61   .56   .83   .46   .68   .66   .66   .47
% NW     14.15 11.89  9.70 10.77  7.43  6.44  5.05  5.00  7.26  7.75 12.58 13.44
MEAN      6.49  6.37  6.87  6.69  5.34  4.76  4.19  4.08  4.78  5.36  6.89  6.08
STD DEV   2.50  2.71  3.17  2.99  2.59  2.10  1.88  1.85  2.08  2.31  2.94  2.47
SKEW       .20   .49   .94   .43   .88   .60   .59   .80   .52   .64   .44   .31
% NNW    10.42  9.15  9.25  9.22  7.50  4.87  5.31  4.62  5.79  7.46  8.39  6.93
MEAN      6.33  6.23  6.57  6.56  5.83  5.11  4.80  4.30  4.90  5.86  6.39  6.22
STD DEV   2.41  2.51  2.41  2.59  2.43  2.13  1.88  1.78  2.11  2.19  2.52  2.53
SKEW       .33   .32   .24   .43   .65   .50   .32   .57   .45   .59   .30   .33
CALM      1.20  1.02   .93   .81  1.78  1.63  2.37  2.22  1.63  1.34   .76  1.12
 
INTERPOLATED DATA (station & weighting factor)
 
---Wind Stations---
OTTUMWA       IA     .576  KIRKSVILLE    MO     .245  BURLINGTON    IA     .179
---Solar Radiation and Max .5 P Stations---
 MO DOWNING          .517   IA MT PLEASANT 1 S  .243   IA COLUMBIA         .240 
---Dewpoint Stations---
IA OTTUMWA INDUSTRI  .600  MO KIRKSVILLE RGNL   .249  IA CEDAR RAPIDS MUN  .151 
---Time Peak Stations---
MO DOWNING           .511  IA COLUMBIA          .245  IA MT PLEASANT 1 SS  .244 
