 STOCKTON IL                             118293 0
 LATT=  42.35 LONG= -90.00 YEARS= 40. TYPE= 3
 ELEVATION = 1000. TP5 = 2.38 TP6= 5.25
 MEAN P    .15   .21   .26   .33   .33   .45   .41   .45   .40   .32   .28   .18
 S DEV P   .19   .30   .32   .42   .40   .63   .63   .63   .56   .40   .36   .25
 SKEW  P  2.28  2.79  2.32  2.31  2.59  2.80  5.09  3.62  2.54  2.26  2.10  2.30
 P(W/W)    .32   .41   .44   .50   .48   .48   .36   .44   .44   .46   .41   .39
 P(W/D)    .21   .19   .22   .28   .30   .29   .27   .26   .23   .22   .23   .24
 TMAX AV 26.86 31.88 44.01 58.57 70.22 78.82 82.25 80.07 73.03 60.63 45.39 31.08
 TMIN AV 10.41 15.27 26.17 37.20 48.21 57.72 61.58 59.21 50.42 39.35 28.51 15.65
 SD TMAX 11.67 11.66 12.79 12.00  9.97  7.47  6.08  6.33  8.92 10.69 11.33 11.47
 SD TMIN 14.06 13.50 10.97  8.98  8.82  7.08  6.48  6.72  8.73  9.15 10.18 13.09
 SOL.RAD  133.  217.  312.  393.  471.  530.  519.  455.  372.  246.  145.  113.
 SD SOL   19.3  26.3  31.5  40.2  50.3  45.5  39.6  35.9  28.9  23.7  22.4  19.7
 MX .5 P   .30   .31   .47   .68   .88  1.39  1.38  1.42   .88   .54   .45   .32
 DEW PT  12.63 16.63 26.32 35.74 47.43 57.43 63.00 61.74 53.00 40.32 29.32 18.32
Time Pk   .519  .696  .766  .850  .864  .874  .947  .957  .966  .976  .986 1.000
% N       6.92  7.22  6.71  5.65  5.08  4.92  5.40  5.64  5.69  5.92  5.84  6.36
MEAN      4.50  4.52  4.87  4.73  4.42  3.92  3.68  3.53  3.83  4.26  4.56  4.56
STD DEV   1.93  1.99  2.08  2.03  2.10  1.80  1.70  1.59  1.68  1.82  1.98  2.01
SKEW       .39   .38   .26   .30   .68   .50   .64   .40   .45   .27   .39   .40
% NNE     5.57  6.19  6.18  5.23  5.56  3.87  4.61  5.46  4.95  4.65  3.63  4.80
MEAN      4.02  4.27  4.69  4.63  4.13  3.78  3.42  3.17  3.54  3.86  4.34  4.22
STD DEV   1.79  2.02  2.09  2.02  1.74  1.64  1.49  1.38  1.58  1.62  1.95  1.92
SKEW       .64   .73   .46   .63   .49   .56   .66   .55   .55   .48   .47   .59
% NE      4.01  5.95  6.31  5.48  5.91  4.78  4.95  5.13  4.50  3.79  3.09  4.54
MEAN      3.87  4.13  4.68  4.85  4.10  3.59  3.24  3.15  3.47  3.51  3.78  3.83
STD DEV   1.86  2.07  2.14  2.33  1.94  1.62  1.44  1.44  1.63  1.59  1.84  1.89
SKEW       .72   .89   .47   .54   .75   .68   .68   .64   .68   .87   .69   .69
% ENE     2.97  5.32  7.56  6.58  7.14  6.18  5.33  5.29  4.73  3.67  2.86  3.84
MEAN      4.28  4.95  5.60  5.45  4.63  4.01  3.61  3.36  3.74  3.78  3.75  4.17
STD DEV   2.06  2.17  2.46  2.26  2.00  1.64  1.50  1.43  1.55  1.58  1.73  2.00
SKEW       .72   .33   .35   .37   .70   .65   .56   .48   .62   .37   .61   .64
% E       2.62  3.89  4.73  5.04  5.18  4.53  4.03  4.17  3.73  3.03  2.29  3.01
MEAN      3.97  4.67  5.13  5.42  4.54  3.97  3.38  3.28  3.44  3.44  3.75  4.09
STD DEV   2.03  2.00  2.34  2.34  1.99  1.60  1.43  1.36  1.59  1.47  1.63  1.83
SKEW       .71   .26   .38   .46   .47   .47   .52   .44   .51   .24   .65   .32
% ESE     3.77  3.71  5.00  5.25  5.95  5.72  4.14  4.45  3.99  3.62  2.87  3.49
MEAN      4.61  4.74  5.50  5.47  5.00  4.25  3.52  3.70  3.88  3.80  4.21  4.44
STD DEV   2.08  2.08  2.35  2.33  2.12  1.65  1.39  1.52  1.62  1.59  1.83  1.94
SKEW       .59   .56   .38   .56   .36   .31   .52   .55   .70   .47   .31   .36
% SE      2.96  3.08  3.67  4.34  4.35  4.48  3.87  4.16  4.06  4.07  2.83  3.49
MEAN      4.78  4.74  4.99  5.28  5.08  4.32  3.64  3.68  3.92  4.17  4.45  4.78
STD DEV   2.23  2.24  2.09  2.28  2.28  1.90  1.51  1.54  1.73  1.80  1.98  2.11
SKEW       .40   .43   .29   .39   .37   .47   .42   .44   .50   .69   .45   .41
% SSE     4.67  4.79  4.58  5.34  5.80  6.56  5.92  6.41  6.50  7.49  6.04  5.29
MEAN      5.13  5.19  6.05  6.06  5.80  4.87  4.27  4.22  4.90  5.16  5.46  5.51
STD DEV   2.28  2.29  2.66  2.60  2.49  2.04  1.71  1.77  2.05  2.17  2.33  2.34
SKEW       .50   .34   .37   .41   .43   .49   .48   .59   .56   .41   .42   .45
% S       8.40  7.47  7.01  7.32  9.17 10.59 11.23 12.06 12.23 12.68 10.90  9.31
MEAN      5.14  5.29  5.94  5.84  5.80  5.16  4.68  4.55  5.08  5.41  5.45  5.42
STD DEV   2.28  2.32  2.67  2.65  2.60  2.26  2.02  1.96  2.17  2.32  2.38  2.40
SKEW       .30   .31   .24   .42   .47   .45   .50   .61   .39   .38   .36   .37
% SSW     8.20  6.78  5.45  6.63  9.22 10.99 11.24 11.04 10.92 11.27 10.95  8.15
MEAN      5.45  5.59  6.05  6.36  6.36  5.52  5.07  4.86  5.63  5.66  5.72  5.68
STD DEV   2.40  2.36  3.10  2.78  2.98  2.35  2.10  1.97  2.53  2.34  2.53  2.42
SKEW       .37   .27   .56   .27   .75   .42   .48   .45   .54   .38   .54   .58
% SW      7.06  5.53  4.53  5.16  6.36  7.71  8.02  7.51  7.16  6.88  7.06  7.27
MEAN      5.08  5.34  5.99  6.38  5.95  5.10  4.72  4.70  4.92  5.44  5.65  5.49
STD DEV   2.35  2.72  3.56  3.11  3.07  2.36  2.06  2.14  2.35  2.54  2.82  2.62
SKEW       .53   .74   .82   .48   .55   .34   .39   .41   .54   .48   .61   .84
% WSW     7.23  6.05  5.95  5.33  5.27  6.03  5.52  5.22  5.67  5.46  6.43  7.29
MEAN      5.52  5.40  6.39  6.87  6.39  5.35  4.56  4.57  5.24  5.40  6.06  5.86
STD DEV   2.44  2.37  3.06  3.63  3.22  2.36  1.92  1.93  2.54  2.65  2.99  2.81
SKEW       .61   .51   .69   .99   .78   .39   .50   .47   .52   .81   .71   .94
% W       8.97  7.58  6.46  6.11  5.21  5.32  4.60  4.43  5.34  5.30  8.22  8.15
MEAN      5.65  5.64  5.99  6.19  5.78  5.00  4.36  4.15  4.94  5.38  5.99  5.50
STD DEV   2.70  2.57  2.74  3.04  2.67  2.30  2.15  1.93  2.52  2.47  2.80  2.31
SKEW       .93   .86   .67   .58   .46   .42   .74   .65  1.11   .54   .55   .42
% WNW    10.47 10.09  9.58  9.38  6.59  5.41  5.51  4.45  6.33  7.03 10.14  9.79
MEAN      5.93  6.02  6.22  6.71  6.20  5.31  4.73  4.58  5.31  5.70  6.33  5.84
STD DEV   2.44  2.40  2.54  2.83  2.66  2.20  2.06  1.95  2.26  2.37  2.57  2.37
SKEW       .41   .35   .48   .33   .38   .42   .55   .51   .69   .36   .41   .45
% NW      7.47  7.37  7.48  8.21  5.58  5.05  5.26  4.83  5.47  6.09  7.88  7.12
MEAN      5.06  5.26  5.43  5.68  4.99  4.52  4.23  4.17  4.66  5.04  5.55  5.10
STD DEV   2.38  2.22  2.37  2.38  2.17  1.94  1.83  1.81  1.94  2.26  2.34  2.23
SKEW       .50   .30   .29   .39   .40   .52   .39   .60   .41   .38   .17   .28
% NNW     6.00  6.53  6.61  6.87  5.24  4.61  5.34  4.92  4.96  5.75  6.46  5.61
MEAN      4.74  4.72  5.31  5.43  4.79  4.36  4.24  4.11  4.20  4.83  5.28  4.89
STD DEV   1.99  1.90  2.19  2.11  1.93  1.72  1.72  1.64  1.66  1.91  2.13  1.93
SKEW       .57   .38  1.54   .31   .52   .37   .58   .51   .53   .29   .39   .30
CALM      2.70  2.44  2.18  2.07  2.36  3.24  4.98  4.92  3.89  3.25  2.57  2.53
 
INTERPOLATED DATA (station & weighting factor)
 
---Wind Stations---
DUBUQUE       IA     .559  ROCKFORD      IL     .246  LONE ROCK     WI     .195
---Solar Radiation and Max .5 P Stations---
 IL LANARK           .455   IL FREEPORT WWP     .434   WI LYNXVILLE DAM 9  .110 
---Dewpoint Stations---
IA DUBUQUE RGNL AP   .426  IL ROCKFORD GTR ROC  .316  WI LONE ROCK TRI CO  .257 
---Time Peak Stations---
IL LANARK            .450  IL FREEPORT WWP      .436  WI LYNXVILLE DAM 9   .114 
