 FAIRFIELD IL                            112931 0
 LATT=  38.38 LONG= -88.37 YEARS= 40. TYPE= 3
 ELEVATION =  450. TP5 = 2.34 TP6= 5.07
 MEAN P    .31   .32   .40   .40   .43   .39   .45   .44   .43   .45   .40   .36
 S DEV P   .41   .41   .54   .52   .58   .52   .49   .60   .51   .61   .54   .44
 SKEW  P  2.44  2.45  3.05  3.15  3.06  2.67  1.96  3.11  2.10  2.36  2.87  2.97
 P(W/W)    .44   .45   .47   .48   .53   .47   .40   .38   .43   .43   .51   .46
 P(W/D)    .25   .23   .30   .31   .28   .25   .22   .20   .18   .21   .25   .25
 TMAX AV 38.38 43.85 55.28 67.02 76.26 84.98 88.48 87.30 80.21 68.32 54.86 42.38
 TMIN AV 21.67 25.42 34.64 44.14 53.54 61.81 65.89 63.83 55.69 44.37 35.30 25.80
 SD TMAX 12.27 12.83 12.87 10.75  8.45  6.76  6.03  6.35  8.57 10.17 11.53 11.85
 SD TMIN 12.50 11.70 10.88  9.82  8.73  6.79  5.73  6.21  8.70  9.72 10.32 11.96
 SOL.RAD  156.  231.  320.  428.  499.  558.  555.  502.  411.  294.  181.  135.
 SD SOL   26.4  25.4  26.5  40.7  44.2  41.5  46.3  31.5  25.3  31.5  25.3  16.5
 MX .5 P   .52   .50   .66   .82  1.12  1.24  1.48  1.39  1.08   .85   .70   .40
 DEW PT  22.38 25.85 34.08 43.08 54.08 62.30 67.30 65.78 57.55 45.55 36.08 27.13
Time Pk   .514  .693  .756  .827  .846  .856  .947  .959  .960  .979  .990 1.000
% N       8.57  6.96  6.43  5.82  5.60  5.97  5.52  7.99  8.59  7.37  4.33  5.83
MEAN      4.85  4.70  4.94  4.48  3.97  4.11  3.36  3.38  3.87  3.71  4.51  4.28
STD DEV   1.95  2.26  2.44  1.80  1.67  1.85  1.40  1.58  1.76  1.71  2.04  1.94
SKEW       .28   .92   .83   .04   .45   .41   .23   .74   .44   .56   .59   .55
% NNE     3.65  3.55  3.94  4.09  5.50  3.45  4.59  5.40  6.18  4.29  2.38  2.81
MEAN      4.40  4.86  4.63  4.66  4.55  3.67  3.51  3.59  3.95  3.58  4.47  4.19
STD DEV   1.67  2.26  2.13  1.86  1.89  1.72  1.45  1.56  1.60  1.59  1.89  2.12
SKEW       .22   .66   .58   .11   .36   .38   .27   .53   .38   .52   .85   .80
% NE      2.87  3.43  3.57  4.44  4.37  4.49  6.01  7.76  5.29  5.40  2.24  2.62
MEAN      3.87  3.84  4.03  4.13  3.83  3.38  3.18  3.28  3.45  3.18  3.86  3.58
STD DEV   1.67  2.02  1.95  1.87  1.61  1.54  1.36  1.39  1.61  1.61  1.77  1.68
SKEW       .55  1.53   .70   .57   .55   .41   .47   .57   .76  1.40   .70   .97
% ENE     2.55  3.07  3.47  5.07  4.39  3.38  4.24  5.23  3.65  2.80  1.49  2.62
MEAN      3.65  4.64  4.42  4.32  3.93  3.41  3.25  3.19  3.29  3.32  3.44  3.48
STD DEV   1.56  2.50  2.09  1.70  1.52  1.41  1.28  1.32  1.42  1.46  1.10  1.55
SKEW       .44   .91   .71   .47   .35   .26   .51   .58   .63   .50   .90   .59
% E       3.65  6.49  5.75  5.67  5.33  4.00  5.40  5.12  4.82  4.51  2.53  3.96
MEAN      3.55  4.10  4.49  4.17  3.61  3.18  2.85  3.20  3.01  3.05  3.46  3.38
STD DEV   1.46  1.79  2.19  1.67  1.55  1.33  1.15  1.40  1.23  1.42  1.31  1.45
SKEW       .24   .51   .67   .30   .65   .40   .55   .70   .45   .58   .82   .62
% ESE     4.02  4.35  4.55  3.90  5.13  2.70  3.96  2.95  3.92  3.44  1.83  3.35
MEAN      4.02  3.94  4.35  4.45  3.97  3.35  3.16  3.11  3.25  3.55  3.82  3.60
STD DEV   1.50  1.70  1.83  2.00  1.68  1.42  1.20  1.23  1.27  1.39  1.47  1.66
SKEW      -.01   .85   .59   .53   .47   .47   .39   .42   .40   .29   .54   .58
% SE      4.60  4.48  4.45  4.61  4.38  5.15  4.46  3.95  5.56  5.12  3.63  4.69
MEAN      3.88  3.91  4.40  4.01  3.49  3.33  3.10  2.90  3.29  3.25  3.54  3.70
STD DEV   1.56  1.70  2.00  1.80  1.48  1.45  1.27  1.27  1.47  1.48  1.55  1.80
SKEW       .24   .66   .65   .31   .59   .44   .44   .46   .65   .73   .73   .77
% SSE     6.02  7.31  7.54  6.50  6.96  8.95  6.69  5.18  6.88  6.81  5.46  8.18
MEAN      4.76  4.70  5.28  4.74  4.35  4.06  3.47  3.34  3.81  4.12  4.48  4.72
STD DEV   1.92  2.02  2.36  2.23  1.88  1.65  1.34  1.35  1.56  1.82  2.17  2.02
SKEW       .43   .50   .64   .57   .52   .65   .39   .33   .67   .64  1.13   .67
% S      10.32  9.14  8.32  9.92  9.61 10.49  8.46  6.60  9.48 12.70 12.62 12.14
MEAN      5.36  4.96  5.66  5.23  4.61  4.22  3.76  3.29  4.02  4.26  5.12  5.00
STD DEV   2.32  2.11  2.63  2.20  2.27  1.72  1.60  1.37  1.78  1.92  2.06  2.11
SKEW       .64   .22   .54   .25   .96   .55   .62   .41  1.14   .74   .32   .66
% SSW     9.85  7.79  8.19  8.45 10.51 11.61 10.87  7.66  6.77  6.95  8.13  8.77
MEAN      5.62  5.74  5.65  5.95  5.10  4.71  4.30  3.50  4.33  4.63  5.44  5.22
STD DEV   2.38  2.34  2.49  2.57  2.31  2.03  1.75  1.41  1.89  2.12  2.08  2.12
SKEW       .47   .35   .34   .40   .85   .65   .68   .35   .40   .66   .25   .43
% SW      4.74  4.32  4.38  5.17  7.54  8.48  7.67  6.38  4.26  4.99  7.56  5.99
MEAN      4.49  4.32  4.59  5.00  4.37  4.36  4.04  3.46  3.70  3.96  4.29  4.59
STD DEV   2.11  2.04  2.30  2.33  2.03  1.83  1.69  1.31  1.65  2.07  1.79  2.32
SKEW       .92   .52   .93   .68   .64   .40   .61   .27   .31  1.01   .60   .98
% WSW     3.68  3.85  4.27  3.59  4.26  4.62  4.27  3.97  2.99  2.71  3.91  4.19
MEAN      5.09  4.83  5.83  5.50  4.78  4.41  4.09  3.71  3.61  3.91  4.37  4.97
STD DEV   2.45  2.17  2.81  2.55  2.19  1.87  1.64  1.54  1.70  1.62  1.83  2.18
SKEW       .70   .46   .39   .66   .74   .37   .70   .47  1.09   .50   .51   .73
% W       6.07  5.20  6.06  6.80  4.73  4.02  4.05  3.48  3.51  3.89  6.93  5.70
MEAN      5.13  4.71  5.51  5.70  4.13  3.78  3.73  3.39  3.48  4.19  4.62  4.79
STD DEV   2.44  2.19  2.69  2.81  1.97  1.61  1.56  1.43  1.44  1.86  2.14  2.25
SKEW       .74   .58   .63   .66   .56   .34   .44   .57   .37   .51   .66   .94
% WNW     6.33  6.93  7.45  7.29  4.14  2.98  2.89  2.87  3.40  4.71  9.43  6.39
MEAN      5.63  5.89  6.31  6.57  4.76  4.05  3.49  3.49  3.81  4.76  5.53  5.27
STD DEV   2.60  3.16  2.71  2.74  1.93  1.91  1.60  1.48  1.69  2.03  2.37  2.25
SKEW       .61  2.14   .26   .10   .83   .59   .63   .61   .75   .19   .47   .38
% NW      9.64 10.28  9.98  7.79  5.10  4.85  5.31  6.18  6.33  7.09 12.12 10.03
MEAN      5.11  5.52  5.44  5.46  4.12  3.76  3.37  3.24  3.81  4.07  5.44  4.96
STD DEV   2.18  2.38  2.59  2.40  1.99  1.74  1.56  1.49  2.04  1.88  2.34  2.19
SKEW       .48   .34   .61   .27   .62   .65   .66   .71  1.05   .52   .58   .43
% NNW     8.60  8.43  7.21  6.33  4.36  5.16  4.47  5.42  6.51  6.56  8.06  7.12
MEAN      5.09  5.25  5.04  5.09  4.45  3.84  3.57  3.43  3.69  4.25  5.14  4.67
STD DEV   2.03  2.41  2.17  2.09  1.98  1.61  1.65  1.50  1.73  1.70  2.09  1.99
SKEW       .38   .47   .36   .32   .30   .36   .83   .57   .58   .42   .52   .52
CALM      4.81  4.52  4.50  4.68  8.03  9.62 11.28 13.85 11.88 10.71  7.37  5.68
 
INTERPOLATED DATA (station & weighting factor)
 
---Wind Stations---
EVANSVILLE    IN     .389  EFFINGHAM     IL     .367  BELLEVILLE    IL     .244
---Solar Radiation and Max .5 P Stations---
 IL CISNE 2 S        .719   IN PRINCETON 1 W    .144   IL ASHLEY           .137 
---Dewpoint Stations---
IN EVANSVILLE REGIO  .528  MO ST LOUIS LAMBERT  .248  IL SPRINGFIELD CAPI  .224 
---Time Peak Stations---
IL CISNE 2 S         .721  IN PRINCETON 1 W     .141  IL ASHLEY            .138 
