 RANTOUL CHANUTE AFB IL                  117150 0
 LATT=  40.30 LONG= -88.15 YEARS= 40. TYPE= 3
 ELEVATION =  740. TP5 = 2.35 TP6= 5.01
 MEAN P    .25   .31   .33   .37   .41   .45   .53   .52   .45   .42   .39   .32
 S DEV P   .33   .38   .39   .46   .47   .48   .64   .69   .58   .46   .45   .36
 SKEW  P  2.92  2.21  2.46  3.23  2.58  2.25  2.58  2.98  2.80  2.19  1.87  1.87
 P(W/W)    .35   .36   .37   .45   .48   .43   .38   .39   .36   .38   .40   .37
 P(W/D)    .20   .19   .23   .27   .25   .24   .21   .22   .18   .19   .22   .20
 TMAX AV 32.83 37.40 49.92 62.84 74.35 83.61 86.94 84.76 78.94 65.79 51.30 37.65
 TMIN AV 15.30 18.89 29.48 39.64 51.09 60.67 63.96 61.43 53.00 41.11 31.53 20.89
 SD TMAX 12.35 12.56 13.30 11.85 10.21  8.12  6.56  6.45  8.79 10.92 11.62 11.89
 SD TMIN 13.23 12.75 10.76  9.38  9.29  7.36  6.14  6.74  8.73  9.17 10.03 12.25
 SOL.RAD  141.  221.  311.  391.  460.  518.  526.  456.  377.  268.  162.  126.
 SD SOL   22.2  37.2  38.2  41.3  48.7  38.7  41.3  26.0  29.7  18.9  30.3  20.7
 MX .5 P   .36   .37   .57   .71  1.20  1.26  1.48  1.28   .95   .73   .56   .37
 DEW PT  18.39 21.99 30.99 39.99 50.59 59.90 65.30 64.30 55.30 43.30 33.70 23.39
Time Pk   .510  .660  .740  .820  .830  .840  .940  .950  .960  .980  .990 1.000
% N       6.30  5.26  5.93  5.77  5.45  4.06  4.83  5.71  4.55  4.74  3.62  4.73
MEAN      5.48  5.42  5.58  5.46  5.53  4.50  4.17  4.17  4.49  4.67  5.08  5.17
STD DEV   2.28  2.61  2.46  1.96  2.18  1.82  1.62  1.64  1.84  1.64  2.27  2.07
SKEW       .32   .66   .64   .57   .12   .18   .33   .40   .27   .30   .69   .18
% NNE     4.40  4.49  5.57  6.94  6.17  5.51  5.34  6.25  5.64  4.83  2.62  2.62
MEAN      5.10  5.67  5.48  5.72  5.47  4.72  4.33  4.32  4.50  4.65  4.28  4.93
STD DEV   2.29  2.78  2.36  2.10  2.09  1.84  1.63  1.72  1.87  1.85  1.64  2.33
SKEW       .50   .77   .56   .42   .30   .39   .50   .35   .40   .78   .65   .38
% NE      3.04  3.94  5.26  4.93  4.58  4.87  5.19  5.82  4.67  3.28  2.24  2.15
MEAN      4.88  5.39  5.80  5.82  5.23  4.59  4.03  4.24  4.33  4.03  4.35  4.89
STD DEV   2.05  2.30  2.47  2.49  2.07  1.84  1.44  1.57  1.82  1.80  1.89  2.26
SKEW       .56   .40   .47   .44   .21   .64   .08   .23   .67   .61  1.04   .81
% ENE     3.05  4.22  5.62  4.56  5.34  4.54  5.02  4.69  4.96  2.97  2.02  2.25
MEAN      4.69  5.71  6.14  5.81  5.33  4.49  3.91  4.11  4.26  4.22  4.29  4.65
STD DEV   1.89  2.46  2.64  2.59  2.13  1.78  1.57  1.57  1.91  1.97  2.19  2.00
SKEW       .40   .40   .52   .49   .28   .32   .36   .01   .73   .77  1.05   .51
% E       3.40  5.10  4.53  5.33  4.33  3.59  4.56  3.81  3.66  3.64  2.14  3.13
MEAN      4.74  5.03  5.82  5.74  4.96  3.99  3.44  3.47  3.69  3.74  3.49  4.26
STD DEV   1.89  1.95  2.60  2.55  2.12  1.65  1.52  1.60  1.59  1.63  1.58  1.88
SKEW       .23   .40   .60   .49   .40   .51   .47   .38   .42   .56   .67   .47
% ESE     3.27  2.96  3.33  4.19  4.45  2.92  3.33  3.09  3.04  2.75  2.34  3.13
MEAN      4.81  5.03  5.60  5.43  5.00  3.80  3.69  3.76  3.68  3.65  3.68  4.36
STD DEV   1.90  1.94  2.40  2.42  2.01  1.44  1.34  1.51  1.51  1.56  1.57  1.68
SKEW       .42   .33   .73   .55   .32   .30   .34   .10   .27   .47   .61   .07
% SE      4.33  3.48  3.20  4.05  3.86  3.42  3.25  3.00  4.12  4.15  3.60  4.92
MEAN      5.14  5.40  5.13  5.46  4.76  4.36  3.72  3.70  3.81  3.79  4.55  4.90
STD DEV   2.30  2.18  2.04  2.63  2.18  1.80  1.26  1.38  1.64  1.69  1.94  1.87
SKEW       .73   .38   .48   .92   .67   .64   .15   .14  1.10   .73   .47   .26
% SSE     6.20  6.01  5.60  6.25  5.96  6.81  4.92  4.07  6.06  7.02  6.16  7.50
MEAN      5.54  5.88  5.77  5.59  5.35  4.63  3.75  4.16  4.24  4.68  4.90  5.34
STD DEV   2.29  2.37  2.59  2.23  2.42  1.80  1.35  1.66  1.94  2.25  2.25  2.16
SKEW       .48   .42   .60   .70   .63   .49   .08   .27   .83   .81   .58   .45
% S       9.32  6.79  7.16  8.33  9.31  8.60  8.04  6.73  9.61  9.21  9.56 10.00
MEAN      5.90  5.77  6.03  6.39  5.66  4.82  4.21  3.99  4.98  5.10  5.69  5.70
STD DEV   2.76  2.42  2.73  2.50  2.48  2.06  1.71  1.81  2.25  2.34  2.66  2.57
SKEW       .57   .47   .41   .50   .36   .72   .50   .63   .61   .85   .68   .68
% SSW     6.66  6.03  5.60  7.26  9.17  9.95  8.69  7.84  7.03  8.58  8.51  8.19
MEAN      5.78  6.08  6.40  6.76  6.38  5.61  4.74  4.34  5.15  5.36  5.60  5.93
STD DEV   2.44  2.40  2.74  2.69  2.87  2.14  1.83  1.85  2.03  2.27  2.49  2.52
SKEW       .83   .50   .28   .37   .63   .31   .17   .30   .30   .31   .73   .43
% SW      4.55  5.04  4.48  4.75  5.89  7.42  7.05  7.10  5.57  5.90  6.49  5.99
MEAN      5.47  5.49  6.16  6.01  5.57  5.62  4.81  4.62  4.70  5.01  5.40  5.27
STD DEV   2.35  2.35  2.83  2.71  2.38  2.28  2.01  1.86  2.19  2.24  2.63  2.32
SKEW       .67   .96   .57   .77   .65   .48   .63   .17   .65   .62   .96   .59
% WSW     5.65  5.40  7.63  5.11  6.32  7.32  6.59  5.71  4.54  4.79  8.29  6.86
MEAN      5.68  5.75  6.69  6.25  5.92  5.57  4.84  4.55  4.80  4.85  5.64  5.69
STD DEV   2.72  2.25  3.01  3.04  2.26  2.25  1.89  1.77  2.11  2.12  2.50  2.76
SKEW       .93   .42   .61   .89   .33   .51   .34   .36   .60   .59   .60  1.23
% W       9.82  7.72  8.40  7.16  5.45  6.32  5.41  4.83  5.29  7.29 11.21  8.88
MEAN      6.27  5.55  6.28  7.03  5.51  5.16  4.69  4.20  4.37  5.08  5.57  5.69
STD DEV   2.79  2.56  2.83  3.27  2.57  2.23  2.04  1.72  1.90  2.54  2.67  2.82
SKEW       .52  1.04   .67   .59   .66   .46   .50   .58   .79   .65   .72  1.11
% WNW     8.42 10.33  9.19  7.52  6.46  4.92  4.50  4.18  5.43  6.62  9.39 10.14
MEAN      6.51  6.12  6.29  6.97  5.40  5.07  4.42  4.51  4.59  5.16  5.88  5.82
STD DEV   2.55  2.45  2.59  2.62  2.19  1.93  1.82  1.76  1.91  2.51  2.57  2.30
SKEW       .30   .63   .59   .44   .50   .38   .33   .47   .68   .62   .41   .46
% NW      7.07  8.80  5.86  5.16  4.34  3.39  3.55  3.47  4.90  6.26  7.13  6.43
MEAN      6.05  6.10  6.03  6.42  5.17  4.64  4.54  4.33  4.68  4.98  5.79  5.48
STD DEV   2.27  2.37  2.54  2.57  2.13  1.72  1.71  1.70  1.80  2.19  2.30  2.11
SKEW       .33   .30   .60   .48   .68   .34   .25   .62   .56   .41   .31   .44
% NNW     7.12  6.44  5.72  5.92  4.91  3.54  3.65  3.32  4.82  4.66  5.46  5.09
MEAN      5.85  5.76  5.68  6.09  5.27  4.93  4.62  4.50  4.98  5.19  5.88  5.43
STD DEV   2.10  2.28  2.27  2.29  1.94  1.77  1.64  1.69  1.96  2.06  2.41  2.27
SKEW       .39   .46   .57   .53   .34   .31   .06   .05   .49   .45   .73   .58
CALM      7.53  7.93  6.99  6.74  8.06 12.81 16.09 20.49 16.16 13.52  9.14  8.06
 
INTERPOLATED DATA (station & weighting factor)
 
---Wind Stations---
RANTOUL       IL    1.000  W. LAFAYETTE  IN     .000  EFFINGHAM     IL     .000
---Solar Radiation and Max .5 P Stations---
 IL HOOPESTON        .441   IL PIPER CITY 3 SE  .429   IL NOKOMIS          .130 
---Dewpoint Stations---
IN LAFAYETTE PURDUE  .400  IL PEORIA GTR PEORI  .305  IL SPRINGFIELD CAPI  .295 
---Time Peak Stations---
IL PIPER CITY 3 SE   .529  IL PIPER CITY        .471                            
