 PARIS WATERWORKS IL                     116610 0
 LATT=  39.63 LONG= -87.70 YEARS= 40. TYPE= 3
 ELEVATION =  740. TP5 = 2.35 TP6= 5.11
 MEAN P    .25   .28   .30   .37   .41   .44   .50   .50   .41   .37   .39   .28
 S DEV P   .33   .39   .31   .43   .49   .60   .59   .62   .57   .48   .48   .37
 SKEW  P  2.41  3.12  1.67  2.38  2.48  3.34  2.11  2.02  2.93  2.61  2.87  2.43
 P(W/W)    .44   .44   .43   .46   .48   .43   .39   .40   .40   .41   .47   .47
 P(W/D)    .28   .24   .28   .33   .28   .26   .23   .21   .19   .22   .24   .27
 TMAX AV 34.39 39.53 51.57 64.15 74.37 82.91 86.21 84.41 78.24 65.85 52.27 38.89
 TMIN AV 18.42 22.24 32.27 42.67 53.27 62.34 65.93 63.72 55.74 44.20 34.41 23.55
 SD TMAX 12.36 12.59 13.13 10.83  8.99  7.10  5.99  5.78  8.22 10.13 11.71 11.87
 SD TMIN 13.39 12.53 10.91  9.85  8.71  6.88  5.81  6.36  8.54  9.42 10.29 12.13
 SOL.RAD  138.  215.  299.  380.  452.  502.  507.  451.  371.  265.  159.  119.
 SD SOL   23.6  36.8  33.9  41.8  52.8  56.5  45.8  38.9  37.3  20.6  29.2  18.2
 MX .5 P   .43   .44   .57   .81  1.15  1.42  1.58  1.32  1.10   .88   .63   .40
 DEW PT  20.35 23.63 32.36 41.36 51.91 60.64 66.09 64.82 56.09 44.09 34.81 25.35
Time Pk   .511  .677  .749  .824  .834  .848  .940  .950  .960  .976  .990 1.000
% N       8.10  6.34  6.00  5.82  6.83  6.06  5.39  8.42  7.01  7.09  4.86  5.08
MEAN      4.72  4.73  4.99  4.61  4.36  3.94  3.27  3.29  3.83  3.74  4.57  4.33
STD DEV   1.91  2.38  2.56  1.96  1.89  1.76  1.42  1.53  1.78  1.69  2.18  2.04
SKEW       .24  1.06   .99   .40   .44   .42   .52   .78   .57   .60   .65   .63
% NNE     4.64  4.92  4.90  6.59  7.91  5.17  6.72  8.70  7.16  5.69  3.05  2.91
MEAN      4.58  4.91  4.95  4.94  4.74  3.77  3.61  3.57  4.00  3.72  4.11  4.22
STD DEV   1.75  2.26  2.38  1.93  1.90  1.68  1.50  1.57  1.70  1.71  1.78  2.27
SKEW       .12   .62   .64   .18   .37   .45   .58   .70   .45   .76  1.02   .69
% NE      3.35  3.67  3.73  5.05  4.92  4.35  6.71  9.28  5.64  5.37  2.06  2.02
MEAN      4.49  4.31  4.72  4.84  4.10  3.41  3.13  3.21  3.41  3.25  3.67  4.16
STD DEV   1.92  2.18  2.04  2.01  1.69  1.55  1.30  1.46  1.70  1.80  1.68  2.21
SKEW       .39  1.26   .40   .28   .53   .60   .56   .83   .95  1.30   .76  1.07
% ENE     2.67  3.81  4.13  4.84  4.86  3.63  4.77  5.62  3.96  3.19  1.53  2.35
MEAN      4.54  5.07  5.07  4.99  4.24  3.51  3.17  3.16  3.34  3.37  4.00  4.17
STD DEV   2.10  2.52  2.20  2.00  1.73  1.47  1.28  1.28  1.59  1.67  1.57  2.04
SKEW       .41   .87   .44   .41   .32   .26   .47   .55   .65  1.11   .59   .61
% E       2.86  4.95  4.74  4.21  4.55  3.19  4.96  5.05  4.21  4.15  1.85  2.74
MEAN      3.97  4.31  5.27  4.80  3.93  3.29  2.77  3.04  2.94  3.10  3.60  3.88
STD DEV   1.42  1.92  2.24  1.93  1.80  1.48  1.29  1.40  1.31  1.62  1.71  1.95
SKEW      -.14   .69   .33   .34   .63   .58  1.39   .65   .49   .98   .94  1.30
% ESE     4.16  4.00  4.69  4.36  5.34  3.22  4.51  4.32  4.54  4.08  1.97  3.06
MEAN      4.34  4.54  5.19  4.88  4.28  3.57  3.11  3.16  3.47  3.73  3.75  3.70
STD DEV   1.55  1.72  2.08  2.11  1.72  1.56  1.19  1.25  1.43  1.62  1.47  1.59
SKEW       .06   .64   .41   .61   .40   .51   .42   .31   .39   .32   .45   .46
% SE      4.06  4.71  4.94  4.84  4.34  5.75  6.08  5.39  6.80  6.23  3.84  5.47
MEAN      4.35  4.55  5.01  4.57  3.70  3.49  3.02  2.96  3.18  3.15  3.72  4.21
STD DEV   1.81  1.95  2.19  1.97  1.61  1.65  1.21  1.22  1.44  1.55  1.75  1.84
SKEW       .43   .65   .69   .65   .62  1.11   .51   .53   .61   .93   .69   .40
% SSE     7.02  9.34  8.72  7.65  7.78 10.00  7.77  6.53  7.86  7.84  7.18 10.09
MEAN      5.20  5.33  5.80  5.15  4.46  4.18  3.40  3.37  3.82  4.01  4.93  5.26
STD DEV   2.06  2.10  2.47  2.34  2.06  1.72  1.35  1.39  1.67  1.86  2.26  2.12
SKEW       .40   .47   .64   .78   .94   .76   .56   .37   .76   .76   .91   .67
% S      12.00  9.31  8.26  9.33  9.01 11.65  9.94  7.16 10.67 13.13 12.79 13.42
MEAN      5.74  5.36  6.10  5.72  4.62  4.39  3.65  3.19  3.97  4.32  5.12  5.35
STD DEV   2.65  2.37  2.82  2.56  2.35  1.92  1.64  1.40  1.87  2.25  2.33  2.49
SKEW       .83   .43   .58   .87   .95   .69   .70   .53  1.02  1.21   .72   .82
% SSW    10.58  8.02  7.37  8.43 10.36 12.24 10.78  7.11  7.70  8.55 10.10  9.43
MEAN      6.27  6.04  6.43  6.80  5.72  5.01  4.54  3.69  4.68  5.00  5.78  5.48
STD DEV   2.72  2.64  2.99  2.97  2.77  2.12  1.92  1.58  2.00  2.30  2.44  2.38
SKEW       .66   .29   .51   .42   .93   .46   .49   .38   .34   .57   .45   .53
% SW      4.75  5.45  5.25  5.31  7.56  7.92  7.50  5.77  5.59  5.81  8.45  6.39
MEAN      5.27  5.01  5.49  5.49  4.70  4.77  4.43  3.70  4.26  4.25  4.75  4.91
STD DEV   2.69  2.35  2.84  2.56  2.29  2.22  1.99  1.58  2.05  2.33  2.23  2.41
SKEW      1.29   .61   .97   .71   .75   .58   .65   .22   .49   .99   .78   .77
% WSW     3.83  4.40  5.21  3.73  4.83  4.93  4.35  3.71  3.10  3.34  5.09  5.37
MEAN      5.92  5.46  6.57  5.99  5.10  4.83  4.31  3.88  3.97  4.23  5.14  5.47
STD DEV   3.07  2.57  3.22  2.95  2.43  2.10  1.92  1.71  1.87  1.88  2.46  2.61
SKEW       .92   .55   .55   .65   .68   .35   .66   .57   .82   .41   .81   .73
% W       5.52  4.46  6.04  6.14  4.05  3.87  3.52  3.17  3.72  3.96  6.69  5.51
MEAN      5.90  5.35  6.13  6.36  4.76  4.33  4.09  3.54  3.75  4.31  4.95  5.10
STD DEV   2.80  2.61  2.77  3.21  2.53  2.12  1.83  1.57  1.78  2.15  2.44  2.53
SKEW       .56   .68   .51   .52   .67   .33   .33   .49   .56   .62   .52  1.00
% WNW     5.86  8.09  8.34  8.14  4.19  3.17  2.63  2.67  4.09  4.36  9.38  7.40
MEAN      5.95  6.18  6.58  7.03  5.49  4.85  3.72  3.63  4.25  5.19  5.85  5.41
STD DEV   2.56  2.93  2.77  2.73  2.34  2.18  1.79  1.64  1.96  2.32  2.41  2.26
SKEW       .38  1.37   .45   .29   .94   .58   .67   .66   .87   .18   .40   .32
% NW     10.05  8.38  8.92  7.08  4.40  3.76  3.66  4.06  5.34  5.67 10.83  9.48
MEAN      5.43  5.77  5.75  6.07  4.79  4.19  3.79  3.49  4.14  4.70  5.77  4.92
STD DEV   2.20  2.41  2.49  2.47  2.10  1.97  1.86  1.71  2.11  2.21  2.45  2.18
SKEW       .41   .35   .55   .28   .38   .71   .61   .70   .83   .42   .44   .50
% NNW     8.20  7.43  6.31  5.88  4.54  4.95  3.47  4.36  5.58  5.18  6.91  6.15
MEAN      5.36  5.38  5.38  5.73  5.06  4.24  3.81  3.74  4.11  4.84  5.51  4.86
STD DEV   1.98  2.36  2.27  2.17  2.16  1.74  1.81  1.64  1.86  1.98  2.31  2.15
SKEW       .50   .44   .39   .20   .37   .31   .97   .44   .58   .34   .50   .69
CALM      2.41  2.68  2.44  2.59  4.44  6.11  7.24  8.74  6.96  6.47  3.28  3.23
 
INTERPOLATED DATA (station & weighting factor)
 
---Wind Stations---
TERRE HAUTE   IN     .521  RANTOUL       IL     .249  EFFINGHAM     IL     .229
---Solar Radiation and Max .5 P Stations---
 IN BRAZIL           .435   IL HUTSONVILLE PWR  .385   IL PIPER CITY 3 SE  .181 
---Dewpoint Stations---
IN LAFAYETTE PURDUE  .449  IL SPRINGFIELD CAPI  .282  IN EVANSVILLE REGIO  .270 
---Time Peak Stations---
IN BRAZIL            .435  IL HUTSONVILLE PWR   .382  IL PIPER CITY 3 SE   .183 
