 WINDSOR IL                              119354 0
 LATT=  39.43 LONG= -88.60 YEARS= 40. TYPE= 3
 ELEVATION =  690. TP5 = 2.38 TP6= 5.10
 MEAN P    .25   .30   .32   .37   .37   .41   .42   .39   .43   .39   .38   .30
 S DEV P   .34   .40   .37   .46   .46   .53   .55   .48   .64   .47   .51   .38
 SKEW  P  2.62  2.61  2.40  2.65  2.46  3.35  2.85  2.12  3.14  2.40  2.67  2.35
 P(W/W)    .41   .38   .43   .46   .51   .47   .41   .38   .43   .44   .49   .44
 P(W/D)    .22   .21   .28   .31   .31   .25   .23   .22   .17   .20   .23   .22
 TMAX AV 35.25 40.98 52.80 65.62 75.41 83.64 87.16 85.49 79.72 67.29 52.56 39.66
 TMIN AV 19.44 23.72 33.35 43.36 53.68 62.16 65.93 63.41 55.93 44.77 34.74 24.46
 SD TMAX 12.15 12.95 12.99 10.64  8.49  6.48  5.71  5.81  8.06 10.20 11.72 11.68
 SD TMIN 12.80 12.35 10.73  9.83  8.63  6.75  5.97  6.49  8.74  9.44 10.15 11.75
 SOL.RAD  145.  225.  314.  396.  466.  523.  535.  468.  390.  273.  164.  130.
 SD SOL   20.9  30.8  34.5  41.0  55.7  46.0  50.7  27.9  26.7  19.0  28.2  18.0
 MX .5 P   .39   .43   .54   .80  1.16  1.40  1.50  1.39  1.02   .76   .64   .45
 DEW PT  20.32 23.79 32.52 41.52 52.25 60.99 66.26 64.99 56.26 44.26 34.79 25.32
Time Pk   .494  .686  .752  .834  .844  .854  .944  .954  .968  .976  .990 1.000
% N       9.26  6.15  5.73  5.26  5.58  6.08  5.04  8.50  8.36  7.18  4.07  4.90
MEAN      5.36  5.18  5.26  4.77  4.47  4.53  3.85  3.56  4.35  4.11  5.26  4.44
STD DEV   1.92  2.61  2.73  1.79  1.68  1.87  1.46  1.63  1.83  1.74  2.20  1.86
SKEW       .19  1.22   .99  -.02   .30   .32   .13   .88   .35   .55   .64   .47
% NNE     4.14  4.17  4.79  6.02  7.49  3.73  5.19  7.07  6.73  5.70  2.82  3.14
MEAN      5.15  5.70  5.23  5.39  5.30  4.14  3.97  3.97  4.42  3.97  5.29  4.75
STD DEV   1.76  2.72  2.48  2.00  1.97  1.85  1.44  1.62  1.58  1.65  2.02  2.45
SKEW      -.02   .87   .95   .15   .25   .46   .22   .61   .34   .76  1.03   .87
% NE      2.97  2.87  3.54  4.72  4.28  4.36  7.42  9.79  4.78  6.06  2.18  2.31
MEAN      4.42  4.01  4.39  4.66  4.36  3.66  3.59  3.58  3.59  3.30  4.43  4.09
STD DEV   1.68  2.18  2.20  2.02  1.69  1.54  1.34  1.32  1.59  1.67  1.65  1.99
SKEW       .42  2.01   .76   .56   .50   .26   .32   .39   .84  1.84   .50  1.26
% ENE     2.66  2.62  3.53  5.60  4.83  3.95  5.14  6.28  3.57  2.38  1.15  2.45
MEAN      4.11  5.18  4.90  5.04  4.58  3.89  3.66  3.56  3.32  3.76  4.41  3.82
STD DEV   1.56  2.86  2.13  1.81  1.45  1.48  1.28  1.34  1.27  1.64  1.11  1.55
SKEW       .12  1.08   .61   .36  -.09  -.04   .28   .39   .45   .22   .86   .26
% E       2.85  6.81  5.00  5.01  4.77  3.17  5.20  5.05  4.40  4.23  1.82  2.78
MEAN      3.82  4.26  4.78  4.53  3.79  3.25  3.00  3.48  3.03  3.42  3.82  3.42
STD DEV   1.28  1.77  2.31  1.70  1.63  1.28  1.17  1.51  1.16  1.64  1.23  1.42
SKEW      -.07   .60   .67   .27   .64   .19   .51   .66   .35   .49  1.03   .42
% ESE     5.13  5.06  5.43  4.06  6.38  3.24  5.02  3.84  5.19  3.89  1.44  3.52
MEAN      4.17  4.24  4.89  4.92  4.29  3.70  3.60  3.34  3.45  3.85  4.06  3.84
STD DEV   1.29  1.76  1.85  2.28  1.70  1.51  1.20  1.26  1.25  1.46  1.41  1.67
SKEW      -.21   .71   .50   .61   .31   .35   .22   .29   .11   .21   .39   .47
% SE      3.46  3.13  3.81  3.29  2.81  4.62  3.85  3.30  4.89  4.41  2.15  3.34
MEAN      4.16  4.00  4.47  4.21  3.56  3.54  3.47  3.16  3.38  3.23  3.63  3.91
STD DEV   1.45  1.63  1.89  1.84  1.44  1.44  1.24  1.26  1.46  1.49  1.34  1.73
SKEW      -.18   .60   .60   .29   .61   .30   .16   .32   .41   .70   .33   .55
% SSE     7.70  9.60  9.95  8.77  9.24 12.40  9.20  5.84  8.14  8.33  5.80 10.62
MEAN      5.08  5.19  5.49  5.08  4.82  4.59  3.99  3.60  4.13  4.40  4.87  5.06
STD DEV   1.91  2.08  2.45  2.38  2.05  1.65  1.34  1.39  1.63  1.72  2.40  2.06
SKEW       .40   .52   .84   .60   .57   .57   .02   .03   .73   .51  1.38   .65
% S      11.46  9.74  8.31  8.97  9.42 11.81  9.84  6.80 10.24 14.89 13.41 13.74
MEAN      6.04  5.26  5.82  5.56  4.93  4.72  4.06  3.46  4.17  4.34  5.52  5.41
STD DEV   2.57  2.35  2.80  2.23  2.55  1.79  1.60  1.43  1.86  1.92  2.27  2.28
SKEW       .73   .33   .77   .24  1.16   .46   .58   .35  1.43   .91   .49   .79
% SSW    11.69  9.08  8.48  8.14 12.82 13.69 13.66  8.60  7.77  8.64  8.75 10.16
MEAN      6.52  6.28  5.93  6.76  5.68  5.27  4.96  3.67  4.79  5.15  5.94  5.97
STD DEV   2.69  2.53  2.65  2.99  2.66  2.12  1.88  1.47  2.17  2.26  2.33  2.45
SKEW       .59   .34   .47   .55  1.20   .58   .66   .23   .58   .79   .36   .56
% SW      3.97  4.56  3.90  4.25  7.05  6.61  5.70  5.64  3.78  4.37  8.32  5.42
MEAN      4.97  4.54  4.86  5.18  4.57  4.83  4.60  3.85  3.98  4.17  4.73  4.90
STD DEV   2.22  2.09  2.64  2.62  2.21  2.06  1.94  1.46  1.81  2.28  1.80  2.45
SKEW       .85   .47  1.15  1.02   .74   .40   .61   .10   .22  1.27   .59  1.19
% WSW     3.93  4.58  5.56  3.78  4.59  4.34  3.83  4.21  3.77  2.95  4.75  5.28
MEAN      5.81  5.51  7.01  6.35  5.48  5.15  4.92  3.94  4.20  4.17  5.29  5.80
STD DEV   2.67  2.37  3.32  3.21  2.59  2.02  1.91  1.62  1.98  1.59  2.18  2.39
SKEW       .73   .35   .15  1.04   .86   .13   .68   .56  1.01   .32   .29   .73
% W       6.00  4.86  5.51  7.29  4.41  3.99  3.41  3.49  4.27  4.15  7.22  5.29
MEAN      5.93  5.09  5.82  6.28  4.45  4.44  4.30  3.73  4.03  4.16  4.85  5.18
STD DEV   2.92  2.33  2.74  3.17  2.22  1.79  1.70  1.45  1.68  1.72  2.20  2.41
SKEW       .80   .78   .67   .89   .75   .12   .28   .69   .21   .48   .76  1.27
% WNW     4.99  6.82  7.26  8.06  4.42  2.86  2.69  2.84  4.56  4.46 10.51  6.39
MEAN      6.04  6.39  6.92  7.54  5.49  4.45  3.98  4.05  3.95  5.22  5.98  5.70
STD DEV   2.77  3.59  2.81  2.93  2.05  2.17  1.69  1.56  1.76  1.97  2.39  2.33
SKEW       .78  2.96   .26   .19   .96   .82   .42   .60   .97  -.09   .60   .57
% NW      7.55  8.40  8.81  7.38  3.33  4.28  4.54  5.17  5.80  5.44 11.80  9.42
MEAN      5.65  5.79  6.05  6.39  4.57  4.49  3.61  3.81  4.36  4.71  6.28  5.47
STD DEV   2.12  2.32  2.96  2.60  1.99  1.92  1.46  1.57  2.29  1.89  2.42  2.26
SKEW       .37   .31   .90   .17   .54   .65   .34   .46   .94   .26   .63   .55
% NNW    10.39  8.85  7.62  7.02  4.41  6.19  4.35  5.05  6.78  6.48  9.45  7.78
MEAN      5.91  6.02  5.87  5.97  5.35  4.54  4.25  4.11  4.49  5.12  6.25  5.43
STD DEV   2.12  2.56  2.46  2.28  2.14  1.81  1.81  1.60  1.96  1.73  2.27  2.20
SKEW       .49   .40   .47   .21   .13   .27   .68   .12   .46   .19   .57   .74
CALM      1.94  2.69  2.87  2.40  4.09  4.58  6.02  8.51  6.92  6.48  4.25  3.48
 
INTERPOLATED DATA (station & weighting factor)
 
---Wind Stations---
EFFINGHAM     IL     .568  VANDALIA      IL     .258  RANTOUL       IL     .174
---Solar Radiation and Max .5 P Stations---
 IL NOKOMIS          .438   IL MORRISONVILLE    .356   IN BRAZIL           .206 
---Dewpoint Stations---
IL SPRINGFIELD CAPI  .467  IN LAFAYETTE PURDUE  .269  IN EVANSVILLE REGIO  .264 
---Time Peak Stations---
IL NOKOMIS           .440  IL MORRISONVILLE     .356  IN BRAZIL            .204 
