 GALESBURG IL                            113320 0
 LATT=  40.95 LONG= -90.37 YEARS= 40. TYPE= 3
 ELEVATION =  780. TP5 = 2.46 TP6= 5.40
 MEAN P    .19   .24   .29   .35   .40   .45   .47   .45   .44   .30   .32   .25
 S DEV P   .25   .32   .40   .47   .51   .53   .71   .57   .56   .37   .39   .38
 SKEW  P  2.56  3.45  3.64  3.01  2.62  2.40  4.06  2.29  2.22  2.15  2.11  3.50
 P(W/W)    .35   .37   .48   .53   .50   .44   .43   .44   .44   .45   .42   .41
 P(W/D)    .22   .21   .23   .28   .29   .27   .22   .23   .19   .21   .23   .23
 TMAX AV 30.13 35.26 48.45 61.95 72.69 81.34 85.05 82.70 75.79 63.23 48.57 34.46
 TMIN AV 14.31 18.69 29.43 40.66 51.76 61.22 65.81 63.39 54.65 42.65 31.28 19.50
 SD TMAX 12.52 12.65 13.20 11.77  9.55  7.17  6.50  6.41  8.79 10.69 11.83 12.09
 SD TMIN 13.48 12.85 10.89  9.46  8.53  6.65  5.82  6.15  8.58  9.32 10.46 12.46
 SOL.RAD  139.  222.  317.  395.  473.  534.  523.  458.  381.  255.  150.  122.
 SD SOL   17.4  29.8  33.4  42.8  50.1  44.1  45.1  30.7  28.1  23.0  25.1  19.7
 MX .5 P   .31   .42   .48   .77  1.10  1.36  1.37  1.35  1.03   .57   .51   .39
 DEW PT  15.51 19.72 28.72 38.49 49.49 59.25 65.02 63.46 54.25 41.49 31.28 20.51
Time Pk   .488  .675  .752  .827  .845  .855  .936  .953  .962  .973  .984 1.000
% N       6.06  6.03  6.15  4.87  4.70  4.46  4.79  5.37  6.21  5.48  4.49  4.88
MEAN      4.98  5.02  5.20  4.98  4.63  4.25  4.01  3.83  4.25  4.56  4.78  4.97
STD DEV   2.07  2.01  1.98  1.99  1.90  1.74  1.60  1.47  1.73  1.75  2.00  2.00
SKEW       .46   .45   .37   .45   .49   .55   .57   .57   .56   .44   .54   .44
% NNE     3.40  3.68  3.70  3.18  3.59  3.27  3.17  3.50  3.87  2.82  2.14  2.49
MEAN      4.60  4.73  4.98  5.02  4.52  4.21  3.89  3.84  4.04  4.11  4.50  4.71
STD DEV   1.79  1.89  1.89  1.96  1.78  1.62  1.43  1.47  1.60  1.58  1.75  1.99
SKEW       .57   .42   .44   .48   .43   .56   .49   .68   .60   .48   .44   .39
% NE      3.42  4.51  5.35  4.57  5.39  4.24  4.53  4.56  5.09  2.99  2.46  2.95
MEAN      4.64  4.80  5.23  5.19  4.69  4.35  3.72  3.61  4.00  4.00  4.37  4.67
STD DEV   2.08  2.01  2.04  2.02  1.83  1.80  1.39  1.42  1.60  1.58  1.71  1.98
SKEW       .71   .62   .42   .43   .34   .60   .59   .63   .51   .52   .53   .57
% ENE     3.16  5.87  7.20  6.13  5.81  4.79  4.89  5.01  5.17  3.61  2.80  3.82
MEAN      4.42  5.23  5.69  5.60  4.92  4.52  3.81  3.68  3.92  3.92  4.41  4.75
STD DEV   1.92  2.13  2.15  2.08  1.88  1.74  1.44  1.32  1.50  1.62  1.83  1.80
SKEW       .98   .53   .36   .35   .27   .49   .63   .44   .63   .66   .72   .50
% E       4.07  5.65  7.06  7.28  6.84  6.39  6.67  6.45  5.85  4.70  3.51  4.54
MEAN      4.23  4.75  5.40  5.39  4.59  4.18  3.45  3.40  3.51  3.59  3.97  4.15
STD DEV   1.70  1.96  2.26  2.14  1.86  1.58  1.36  1.22  1.34  1.45  1.58  1.65
SKEW       .63   .52   .38   .32   .47   .54   .78   .50   .55   .61   .70   .60
% ESE     3.33  4.45  5.20  5.53  5.47  5.01  5.21  5.28  4.68  4.02  3.31  3.82
MEAN      4.49  4.63  5.33  5.32  4.72  3.87  3.27  3.32  3.54  3.62  4.09  4.39
STD DEV   1.81  1.90  2.18  2.24  2.00  1.50  1.26  1.20  1.44  1.48  1.73  1.77
SKEW       .60   .49   .34   .56   .46   .41   .60   .54   .71   .68   .64   .55
% SE      3.78  4.07  4.63  5.16  5.69  5.16  5.47  5.63  4.96  5.77  3.98  4.28
MEAN      4.50  4.68  5.39  5.43  4.66  3.93  3.35  3.48  3.59  4.11  4.27  4.58
STD DEV   1.80  1.95  2.20  2.14  1.91  1.62  1.30  1.37  1.40  1.73  1.81  1.92
SKEW       .49   .51   .30   .28   .53   .77   .56   .50   .77   .55   .59   .53
% SSE     4.45  4.24  5.16  5.85  6.10  5.97  5.91  6.02  6.22  7.43  5.71  5.40
MEAN      4.99  5.25  5.89  5.70  5.01  4.35  3.84  3.87  4.29  4.75  4.91  5.15
STD DEV   2.10  2.11  2.18  2.17  1.99  1.75  1.48  1.49  1.59  1.86  1.95  2.05
SKEW       .57   .38   .19   .23   .51   .62   .61   .59   .46   .47   .44   .32
% S       9.76  8.54  7.91  9.85 11.64 13.58 12.55 13.27 13.59 14.51 13.14 10.55
MEAN      5.30  5.32  5.87  5.91  5.23  4.75  4.23  4.13  4.68  4.91  5.20  5.30
STD DEV   2.14  2.02  2.36  2.29  2.09  1.84  1.62  1.58  1.83  1.92  2.02  2.13
SKEW       .42   .25   .46   .39   .51   .49   .59   .59   .52   .47   .47   .44
% SSW     5.99  5.33  4.14  5.91  7.49  8.57  8.16  8.28  7.32  8.03  7.89  6.43
MEAN      5.10  5.35  5.90  5.82  5.56  4.95  4.58  4.30  4.97  5.09  5.43  5.20
STD DEV   2.03  2.09  2.53  2.32  2.22  1.91  1.79  1.65  2.02  1.98  2.12  2.07
SKEW       .39   .44   .56   .60   .49   .45   .48   .57   .43   .46   .52   .46
% SW      5.80  4.72  3.96  5.05  6.47  7.93  6.91  6.57  5.77  5.74  6.22  6.24
MEAN      4.74  4.88  5.74  5.54  5.34  4.77  4.29  4.21  4.53  4.78  4.92  4.90
STD DEV   2.00  2.27  2.80  2.53  2.33  2.07  1.80  1.80  2.05  2.22  2.24  2.13
SKEW       .76   .76   .72   .46   .45   .62   .56   .60   .62   .78   .74  1.15
% WSW     6.94  5.34  5.39  4.56  5.11  5.92  5.21  4.85  4.24  4.59  6.53  6.61
MEAN      4.98  5.10  6.11  5.38  5.00  4.34  3.91  3.87  4.06  4.40  5.21  5.01
STD DEV   2.32  2.57  3.09  2.65  2.41  1.87  1.70  1.66  1.81  2.00  2.56  2.23
SKEW       .88  1.01   .76   .71   .92   .66   .90   .65   .77   .69   .90   .96
% W      10.00  8.28  7.56  7.10  5.79  5.36  5.20  4.64  4.62  5.63  8.91  8.98
MEAN      5.61  5.58  6.10  6.15  5.04  4.49  3.88  3.84  4.25  4.85  5.74  5.34
STD DEV   2.48  2.59  2.72  2.94  2.41  2.06  1.74  1.78  2.03  2.26  2.70  2.31
SKEW       .65   .82   .52   .53   .55   .84   .77   .99   .75   .59   .61   .57
% WNW    11.73 11.32  9.82  8.91  5.79  4.79  4.79  4.05  5.00  6.41 10.96 11.85
MEAN      6.29  6.15  6.62  6.71  5.63  4.74  4.36  4.18  4.81  5.40  6.39  6.09
STD DEV   2.47  2.43  2.66  2.76  2.53  2.14  1.92  1.92  2.18  2.44  2.60  2.44
SKEW       .40   .26   .34   .26   .46   .48   .57   .68   .50   .62   .43   .27
% NW      8.60  9.58  8.53  8.15  5.46  4.66  4.86  4.41  4.98  6.90  9.20  8.74
MEAN      5.91  6.16  6.26  6.33  5.29  4.56  4.39  4.14  4.66  5.31  6.05  5.73
STD DEV   2.30  2.44  2.55  2.55  2.21  2.04  1.89  1.93  2.14  2.25  2.36  2.20
SKEW       .34   .40   .49   .38   .37   .43   .54   .85   .59   .45   .20   .27
% NNW     6.25  5.61  5.60  4.82  3.84  3.42  3.84  3.92  4.30  5.05  5.24  5.35
MEAN      5.45  5.45  5.72  5.85  5.06  4.63  4.36  4.01  4.71  5.18  5.58  5.30
STD DEV   2.07  2.06  2.15  2.26  2.13  1.91  1.77  1.59  1.90  1.95  2.21  2.10
SKEW       .41   .32   .27   .29   .54   .43   .50   .61   .55   .28   .30   .47
CALM      3.22  2.79  2.67  3.04  4.86  6.44  7.96  8.23  8.11  6.21  3.47  3.04
 
INTERPOLATED DATA (station & weighting factor)
 
---Wind Stations---
MOLINE        IL     .368  PEORIA        IL     .320  BURLINGTON    IA     .312
---Solar Radiation and Max .5 P Stations---
 IL ALEXIS 1 SW      .719   IL PROPHETSTOWN     .170   IL JACKSONVILLE 2E  .111 
---Dewpoint Stations---
IL MOLINE QUAD CITY  .558  IL SPRINGFIELD CAPI  .232  IA CEDAR RAPIDS MUN  .209 
---Time Peak Stations---
IL ALEXIS 1 SW       .738  IL PROPHETSTOWN      .160  IL JACKSONVILLE 2E   .103 
