 MONMOUTH IL                             115768 0
 LATT=  40.90 LONG= -90.65 YEARS= 40. TYPE= 3
 ELEVATION =  760. TP5 = 2.45 TP6= 5.51
 MEAN P    .23   .26   .32   .38   .41   .46   .47   .46   .47   .33   .33   .30
 S DEV P   .28   .33   .35   .47   .49   .56   .65   .59   .61   .41   .39   .43
 SKEW  P  2.71  3.60  2.35  2.75  2.06  2.30  2.92  2.84  2.57  2.61  2.10  3.45
 P(W/W)    .33   .34   .38   .44   .51   .42   .38   .39   .38   .46   .42   .37
 P(W/D)    .20   .19   .24   .28   .28   .26   .22   .23   .20   .21   .21   .20
 TMAX AV 32.20 37.32 50.75 64.43 74.51 82.65 86.52 84.52 77.88 65.50 50.23 36.20
 TMIN AV 15.18 19.62 30.24 40.86 51.11 60.29 64.24 61.79 53.46 42.53 31.68 20.13
 SD TMAX 12.14 12.35 13.21 11.61  9.02  6.75  5.95  6.11  8.45 10.39 11.64 12.08
 SD TMIN 13.30 12.72 11.01  9.68  8.71  7.05  6.24  6.61  8.75  9.36 10.32 12.55
 SOL.RAD  140.  221.  314.  390.  468.  530.  518.  452.  375.  252.  150.  122.
 SD SOL   17.1  31.7  36.7  44.8  47.7  41.9  45.4  29.2  29.7  23.1  26.7  20.5
 MX .5 P   .29   .41   .50   .77  1.13  1.38  1.39  1.33  1.00   .58   .50   .39
 DEW PT  15.44 19.68 28.68 38.45 49.45 59.22 64.99 63.46 54.22 41.45 31.21 20.44
Time Pk   .490  .670  .748  .822  .840  .850  .933  .950  .960  .972  .983 1.000
% N       6.08  6.03  6.10  4.95  4.70  4.44  4.73  5.26  6.23  5.53  4.54  4.83
MEAN      5.05  5.05  5.28  5.03  4.68  4.29  4.08  3.89  4.31  4.63  4.86  5.04
STD DEV   2.10  2.01  2.01  2.02  1.94  1.76  1.63  1.49  1.75  1.77  2.03  2.01
SKEW       .47   .45   .34   .46   .51   .58   .57   .56   .54   .42   .54   .44
% NNE     3.50  3.86  3.77  3.22  3.74  3.32  3.19  3.61  3.98  2.97  2.16  2.53
MEAN      4.67  4.78  5.05  5.02  4.57  4.22  3.93  3.87  4.09  4.17  4.47  4.83
STD DEV   1.81  1.86  1.89  1.94  1.79  1.60  1.45  1.48  1.61  1.57  1.72  2.02
SKEW       .57   .41   .40   .48   .43   .56   .47   .71   .61   .43   .47   .36
% NE      3.61  4.70  5.43  4.61  5.48  4.24  4.71  4.72  5.22  3.05  2.50  3.07
MEAN      4.62  4.80  5.21  5.11  4.67  4.29  3.71  3.61  4.00  4.01  4.32  4.71
STD DEV   2.03  2.00  2.01  1.97  1.82  1.78  1.37  1.40  1.57  1.59  1.65  1.97
SKEW       .71   .63   .41   .41   .35   .61   .56   .62   .49   .49   .53   .53
% ENE     3.06  5.64  6.97  5.90  5.59  4.62  4.74  4.91  5.01  3.41  2.69  3.65
MEAN      4.41  5.25  5.70  5.61  4.94  4.49  3.84  3.70  3.93  3.93  4.39  4.79
STD DEV   1.87  2.11  2.15  2.08  1.87  1.73  1.46  1.31  1.51  1.60  1.82  1.80
SKEW       .98   .55   .38   .38   .25   .50   .68   .39   .63   .63   .70   .48
% E       3.96  5.62  7.04  7.19  6.75  6.23  6.67  6.40  5.71  4.57  3.39  4.45
MEAN      4.19  4.80  5.42  5.39  4.60  4.22  3.49  3.40  3.52  3.62  3.97  4.13
STD DEV   1.71  1.96  2.26  2.14  1.83  1.60  1.36  1.22  1.34  1.43  1.57  1.64
SKEW       .68   .49   .35   .34   .44   .53   .77   .48   .51   .56   .65   .57
% ESE     3.49  4.69  5.47  5.82  5.58  5.29  5.50  5.66  4.88  4.18  3.37  3.93
MEAN      4.50  4.67  5.32  5.36  4.75  3.93  3.30  3.35  3.56  3.67  4.08  4.39
STD DEV   1.76  1.89  2.16  2.20  1.97  1.50  1.24  1.19  1.43  1.47  1.70  1.77
SKEW       .60   .50   .34   .51   .47   .45   .56   .51   .71   .66   .61   .54
% SE      3.89  4.14  4.63  5.32  5.78  5.38  5.77  5.87  5.18  5.84  4.08  4.31
MEAN      4.45  4.66  5.31  5.43  4.62  3.93  3.34  3.46  3.58  4.09  4.24  4.54
STD DEV   1.77  1.96  2.17  2.12  1.89  1.61  1.29  1.34  1.39  1.71  1.79  1.90
SKEW       .46   .54   .33   .27   .55   .83   .55   .50   .79   .58   .60   .54
% SSE     4.43  4.21  5.08  5.70  6.17  6.15  5.97  6.08  6.27  7.42  5.52  5.39
MEAN      4.93  5.17  5.81  5.62  4.93  4.33  3.80  3.84  4.24  4.68  4.84  5.09
STD DEV   2.07  2.08  2.18  2.15  1.94  1.73  1.45  1.46  1.56  1.84  1.91  2.02
SKEW       .58   .38   .21   .26   .49   .67   .59   .55   .48   .51   .43   .33
% S       9.05  7.91  7.58  9.31 11.27 13.17 12.18 12.86 13.30 14.02 12.49 10.09
MEAN      5.26  5.25  5.74  5.83  5.16  4.70  4.19  4.08  4.62  4.85  5.13  5.22
STD DEV   2.13  2.00  2.30  2.27  2.06  1.81  1.60  1.56  1.79  1.91  1.99  2.09
SKEW       .42   .28   .47   .41   .50   .53   .58   .61   .52   .50   .48   .43
% SSW     6.34  5.68  4.41  6.26  7.85  8.85  8.48  8.68  7.66  8.58  8.45  6.75
MEAN      5.15  5.37  5.93  5.81  5.61  4.98  4.58  4.31  4.96  5.07  5.44  5.25
STD DEV   2.03  2.08  2.55  2.31  2.22  1.92  1.79  1.63  2.01  1.96  2.12  2.08
SKEW       .40   .42   .68   .59   .46   .46   .53   .62   .46   .51   .54   .50
% SW      5.95  4.82  4.03  5.22  6.53  8.08  6.97  6.63  5.98  5.93  6.54  6.36
MEAN      4.80  4.87  5.76  5.57  5.36  4.77  4.31  4.24  4.56  4.85  5.01  4.95
STD DEV   2.01  2.21  2.79  2.53  2.33  2.09  1.83  1.79  2.07  2.25  2.27  2.13
SKEW       .75   .72   .75   .47   .45   .71   .59   .59   .64   .83   .73  1.12
% WSW     6.56  5.12  5.15  4.35  4.86  5.82  4.99  4.58  4.06  4.35  6.23  6.37
MEAN      4.98  5.12  6.16  5.42  5.04  4.37  3.93  3.92  4.10  4.39  5.22  5.07
STD DEV   2.29  2.54  3.05  2.63  2.38  1.84  1.70  1.70  1.80  1.97  2.53  2.21
SKEW       .81   .96   .74   .66   .83   .65   .91   .65   .76   .68   .89   .95
% W       9.31  7.80  7.35  6.85  5.64  5.29  5.13  4.55  4.52  5.38  8.49  8.58
MEAN      5.52  5.52  6.14  6.11  5.01  4.47  3.89  3.82  4.26  4.79  5.72  5.28
STD DEV   2.46  2.61  2.73  2.91  2.39  2.04  1.73  1.78  2.02  2.21  2.71  2.28
SKEW       .66   .89   .53   .53   .56   .93   .75  1.11   .74   .59   .61   .57
% WNW    11.57 11.04  9.56  8.80  5.83  4.66  4.68  3.98  4.88  6.46 10.96 11.78
MEAN      6.23  6.13  6.57  6.68  5.62  4.72  4.31  4.15  4.77  5.37  6.35  6.07
STD DEV   2.47  2.44  2.67  2.78  2.54  2.14  1.91  1.90  2.19  2.47  2.59  2.43
SKEW       .37   .25   .36   .25   .47   .50   .62   .71   .52   .66   .41   .25
% NW      9.49 10.24  9.05  8.67  5.71  4.86  5.04  4.61  5.22  7.24  9.73  9.28
MEAN      6.01  6.22  6.36  6.39  5.33  4.63  4.38  4.16  4.72  5.37  6.14  5.81
STD DEV   2.36  2.48  2.60  2.60  2.24  2.11  1.91  1.98  2.19  2.31  2.41  2.25
SKEW       .32   .42   .51   .36   .36   .46   .55   .92   .63   .47   .19   .25
% NNW     6.66  5.87  5.83  4.97  4.00  3.50  3.84  3.94  4.39  5.12  5.48  5.72
MEAN      5.58  5.55  5.88  5.96  5.20  4.71  4.44  4.06  4.82  5.29  5.74  5.43
STD DEV   2.13  2.12  2.20  2.33  2.18  1.98  1.84  1.65  1.98  2.00  2.29  2.17
SKEW       .43   .29   .24   .33   .53   .45   .52   .66   .57   .28   .28   .44
CALM      3.05  2.63  2.54  2.81  4.57  6.04  7.51  7.72  7.50  5.84  3.31  2.92
 
INTERPOLATED DATA (station & weighting factor)
 
---Wind Stations---
BURLINGTON    IA     .458  MOLINE        IL     .314  PEORIA        IL     .228
---Solar Radiation and Max .5 P Stations---
 IL ALEXIS 1 SW      .654   IL ILLINOIS CITY D  .188   IL AUGUSTA          .158 
---Dewpoint Stations---
IL MOLINE QUAD CITY  .533  IA CEDAR RAPIDS MUN  .237  IL SPRINGFIELD CAPI  .230 
---Time Peak Stations---
IL ALEXIS 1 SW       .654  IL ILLINOIS CITY DA  .189  IL AUGUSTA           .157 
