 ELWOOD WATERWORKS IN                    122638 0
 LATT=  40.27 LONG= -85.83 YEARS= 40. TYPE= 3
 ELEVATION =  850. TP5 = 2.16 TP6= 4.48
 MEAN P    .26   .26   .28   .32   .36   .42   .45   .46   .40   .31   .33   .28
 S DEV P   .46   .35   .34   .42   .42   .57   .62   .56   .58   .38   .44   .37
 SKEW  P  6.29  2.73  1.97  3.29  2.07  3.33  2.99  2.42  3.30  2.35  2.65  2.88
 P(W/W)    .45   .42   .43   .51   .48   .50   .41   .36   .41   .44   .49   .50
 P(W/D)    .28   .24   .29   .29   .28   .27   .24   .22   .20   .21   .23   .24
 TMAX AV 32.76 37.29 49.31 61.87 72.66 81.27 84.84 83.08 77.07 64.39 51.05 37.64
 TMIN AV 16.10 19.19 28.69 38.46 49.57 58.81 62.24 59.89 51.73 40.13 31.79 21.35
 SD TMAX 12.09 12.55 13.41 11.78  9.82  7.40  6.05  6.00  8.44 10.54 11.75 11.61
 SD TMIN 13.50 12.73 10.71  9.52  8.96  7.27  6.28  6.87  8.81  9.49  9.84 12.08
 SOL.RAD  128.  201.  297.  379.  447.  492.  514.  445.  363.  248.  147.  107.
 SD SOL   22.1  38.5  38.8  46.0  44.0  30.6  35.0  27.8  30.7  16.1  23.8  18.5
 MX .5 P   .37   .47   .54   .66   .95  1.33  1.33  1.45   .95   .61   .61   .40
 DEW PT  19.80 22.10 30.80 39.80 50.49 59.10 64.40 63.40 55.10 43.10 34.40 24.80
Time Pk   .538  .700  .772  .844  .860  .870  .942  .952  .962  .972  .990 1.000
% N       4.32  4.96  5.54  5.04  5.41  5.78  6.26  6.43  5.97  5.02  3.45  3.54
MEAN      4.71  4.72  4.68  4.42  4.38  3.59  3.44  3.31  3.89  3.84  4.32  4.73
STD DEV   1.93  2.17  2.08  2.01  1.95  1.68  1.65  1.50  1.77  1.66  2.07  2.03
SKEW       .10   .41   .63   .43   .48   .58   .82   .61   .44   .48   .53   .42
% NNE     2.53  2.94  3.32  3.16  3.05  3.37  3.24  3.79  3.89  2.73  2.20  2.10
MEAN      5.03  4.68  4.67  4.34  4.28  3.79  3.37  3.32  3.85  3.44  4.19  4.41
STD DEV   2.32  2.14  1.99  1.96  1.84  1.69  1.46  1.44  1.71  1.40  1.75  2.00
SKEW       .51   .40   .51   .40   .43   .51   .57   .65   .65   .51   .17   .47
% NE      3.86  4.55  5.01  4.33  4.76  4.38  4.83  5.04  5.96  4.07  2.48  2.74
MEAN      5.07  4.80  4.80  4.70  4.44  3.81  3.26  3.06  3.68  3.15  4.05  4.28
STD DEV   2.47  2.21  2.22  2.16  2.00  1.74  1.52  1.31  1.82  1.40  1.66  2.15
SKEW       .76   .40   .55   .45   .34   .41   .74   .50   .83   .59   .33   .59
% ENE     3.62  5.48  5.98  5.23  4.95  4.12  3.78  3.83  4.83  3.16  2.53  2.59
MEAN      4.78  4.99  5.31  5.12  4.48  4.02  3.32  3.25  3.46  3.44  3.90  4.56
STD DEV   2.12  2.35  2.19  2.22  1.96  1.81  1.51  1.38  1.47  1.43  1.83  2.08
SKEW       .41   .50   .32   .42   .32   .34   .61   .54   .57   .45   .62   .59
% E       4.24  6.27  7.82  6.82  7.53  5.13  5.24  5.07  6.06  4.45  3.72  4.49
MEAN      4.13  4.56  5.08  5.00  4.40  3.59  3.04  2.94  3.21  3.45  3.62  4.42
STD DEV   1.86  2.07  2.22  2.13  1.81  1.56  1.33  1.31  1.36  1.51  1.55  1.99
SKEW       .41   .59   .31   .42   .27   .36   .49   .56   .51   .46   .60   .34
% ESE     3.41  3.74  3.84  4.68  4.93  3.13  3.16  3.17  4.11  3.71  3.18  3.84
MEAN      3.98  4.10  4.69  4.63  4.06  3.21  2.91  2.86  3.16  3.18  3.57  3.98
STD DEV   1.79  1.71  1.95  1.89  1.67  1.40  1.16  1.23  1.32  1.22  1.49  1.68
SKEW       .63   .52   .60   .47   .37   .58   .65   .75   .65   .50   .77   .46
% SE      4.54  4.08  4.31  5.10  4.94  3.92  3.92  4.15  5.29  5.28  4.51  4.79
MEAN      3.67  3.97  4.06  4.38  3.80  2.98  2.69  2.72  2.96  3.19  3.62  3.81
STD DEV   1.53  1.70  1.71  1.91  1.62  1.33  1.17  1.14  1.36  1.36  1.42  1.68
SKEW       .53   .36   .49   .51   .62   .77   .84   .77   .77   .61   .38   .55
% SSE     4.28  3.63  4.02  4.47  4.51  4.37  4.22  3.83  5.82  5.88  4.54  4.62
MEAN      4.38  4.34  4.47  4.34  3.93  3.21  2.93  2.92  3.30  3.54  4.07  4.08
STD DEV   1.89  1.91  1.82  1.81  1.70  1.42  1.20  1.24  1.41  1.41  1.77  1.75
SKEW       .42   .34   .52   .54   .67   .68   .72   .74   .62   .54   .78   .67
% S       8.03  6.42  7.05  8.33  8.25 10.21  9.08  8.34 10.44 11.45 10.31  8.92
MEAN      4.49  4.67  5.02  5.06  4.37  3.82  3.16  3.05  3.72  4.13  4.71  4.66
STD DEV   2.01  2.10  2.16  2.27  2.02  1.83  1.50  1.40  1.71  1.93  2.22  2.01
SKEW       .48   .45   .46   .46   .64   .90  1.01   .80   .54   .86   .62   .35
% SSW     7.87  6.69  5.73  7.24  7.62  9.42  7.34  8.01  8.09  8.40  9.28  8.65
MEAN      5.53  5.49  5.94  5.57  5.15  4.38  3.88  3.70  4.42  4.77  5.42  5.64
STD DEV   2.46  2.36  2.79  2.42  2.44  2.07  1.80  1.69  2.00  2.04  2.30  2.29
SKEW       .59   .25   .38   .37   .64   .72   .69   .66   .46   .49   .33   .42
% SW      9.62  7.59  7.08  8.43  9.97 11.64 10.42 10.34  8.01  9.21 10.46 10.73
MEAN      5.61  5.56  6.03  6.21  5.18  4.80  4.01  3.93  4.41  5.00  5.48  5.64
STD DEV   2.36  2.59  2.90  2.90  2.41  2.17  1.95  1.83  2.08  2.30  2.54  2.36
SKEW       .29   .43   .45   .43   .53   .48   .74   .53   .36   .40   .48   .36
% WSW     9.23  7.71  7.04  6.59  7.45  7.46  7.38  7.14  5.15  6.09  8.71  9.76
MEAN      5.96  5.80  6.32  6.49  5.55  4.61  4.11  3.99  4.02  4.76  5.42  5.44
STD DEV   2.59  2.69  3.22  3.26  2.60  2.16  1.93  1.78  1.78  2.17  2.58  2.40
SKEW       .57   .65   .73   .63   .52   .61   .65   .53   .38   .47   .66   .47
% W      14.88 13.99 12.17 10.03  7.82  6.85  7.94  7.26  6.41  9.58 14.30 14.46
MEAN      6.12  5.92  6.43  6.02  5.17  4.45  3.67  3.59  4.14  4.93  5.87  5.51
STD DEV   2.66  2.65  3.11  2.94  2.46  2.26  1.81  1.67  2.05  2.34  2.74  2.51
SKEW       .43   .41   .62   .58   .52   .72   .69   .65   .81   .61   .61   .48
% WNW     6.92  8.68  7.14  6.36  4.81  4.03  4.49  4.34  3.95  5.47  7.18  7.40
MEAN      5.93  6.23  6.04  6.25  5.32  4.28  3.96  3.83  4.37  5.15  5.77  5.54
STD DEV   2.45  2.56  2.69  2.77  2.41  2.14  1.97  1.85  2.06  2.36  2.47  2.21
SKEW       .19   .20   .52   .45   .51   .77   .71   .68   .58   .51   .41   .19
% NW      5.78  6.10  6.41  6.50  5.37  4.80  4.75  5.00  4.44  5.22  6.04  5.10
MEAN      5.29  5.36  5.40  5.56  4.72  4.01  3.80  3.57  4.04  4.52  5.45  5.01
STD DEV   2.41  2.38  2.40  2.37  2.12  1.90  1.92  1.74  1.97  2.11  2.50  2.18
SKEW       .37   .33   .33   .24   .38   .63   .60   .62   .55   .48   .63   .31
% NNW     3.44  4.24  4.76  4.94  4.63  4.37  4.99  4.80  4.01  4.25  3.15  2.84
MEAN      4.92  5.42  5.28  5.42  4.54  4.00  3.87  3.67  4.00  4.31  4.44  4.91
STD DEV   2.23  2.43  2.37  2.23  1.98  1.81  1.81  1.69  1.68  1.88  2.00  2.06
SKEW       .48   .69   .37   .25   .36   .44   .66   .53   .49   .43   .56   .29
CALM      3.41  2.92  2.83  2.72  4.03  7.03  8.98  9.51  7.48  6.04  3.97  3.53
 
INTERPOLATED DATA (station & weighting factor)
 
---Wind Stations---
BUNKER HILL   IN     .458  INDIANAPOLIS  IN     .316  FT. WAYNE     IN     .226
---Solar Radiation and Max .5 P Stations---
 IN ANDERSON SEWAGE  .567   IN HARTFORD CITY 4  .226   IN BURLINGTON       .206 
---Dewpoint Stations---
IN INDIANAPOLIS INT  .398  IN LAFAYETTE PURDUE  .301  IN FT WAYNE INTL AP  .301 
---Time Peak Stations---
IN ANDERSON SEWAGE   .545  IN HARTFORD CITY 4   .235  IN BURLINGTON        .220 
