 SOUTH BEND WB AP IN                     128187 0
 LATT=  41.70 LONG= -86.32 YEARS= 40. TYPE= 3
 ELEVATION =  770. TP5 = 2.29 TP6= 5.10
 MEAN P    .15   .17   .21   .27   .31   .38   .42   .39   .37   .29   .25   .18
 S DEV P   .24   .24   .26   .35   .41   .52   .54   .50   .59   .43   .34   .26
 SKEW  P  3.87  3.13  2.09  2.38  2.64  2.79  2.56  2.47  4.93  3.01  3.78  3.42
 P(W/W)    .64   .58   .52   .56   .51   .46   .40   .44   .48   .51   .58   .60
 P(W/D)    .41   .31   .34   .35   .31   .29   .26   .28   .25   .29   .33   .42
 TMAX AV 31.42 35.14 47.10 59.77 70.84 79.79 83.67 81.29 74.34 61.94 48.76 35.93
 TMIN AV 17.45 20.05 29.12 38.89 49.21 58.92 63.51 61.84 53.83 42.72 33.58 22.98
 SD TMAX 11.02 11.19 13.04 11.85 10.35  8.16  6.48  6.26  8.77 10.23 11.07 10.87
 SD TMIN 12.40 11.79 10.70  9.63  9.03  7.65  6.31  6.48  8.27  8.55  9.36 11.55
 SOL.RAD  131.  207.  302.  380.  444.  495.  507.  439.  365.  250.  150.  111.
 SD SOL   20.1  30.1  31.8  47.7  35.2  30.6  39.6  27.6  32.3  16.6  25.0  18.1
 MX .5 P   .44   .39   .51   .84  1.04  1.21  1.28  1.31   .96   .77   .65   .45
 DEW PT  19.00 21.00 28.00 37.00 48.00 57.00 62.00 62.00 54.00 42.00 33.00 24.00
Time Pk   .494  .670  .744  .814  .824  .834  .934  .944  .954  .964  .984 1.000
% N       4.38  4.91  4.72  3.73  5.11  3.74  4.84  5.44  3.69  3.67  3.79  2.38
MEAN      4.58  4.57  4.35  4.59  4.17  3.60  3.51  3.47  3.98  4.64  4.60  4.65
STD DEV   1.95  1.98  2.15  1.91  1.90  1.66  1.68  1.58  1.95  2.14  2.11  2.03
SKEW       .29   .41  1.18   .36   .41   .59   .78   .56   .54   .39   .34   .31
% NNE     3.29  4.10  3.93  4.20  5.73  2.67  3.65  4.18  2.71  4.17  2.55  1.91
MEAN      4.41  4.80  4.46  4.66  4.16  3.66  3.62  3.68  4.16  4.57  4.63  4.82
STD DEV   1.47  1.96  1.76  2.24  1.76  1.56  1.43  1.55  1.73  1.89  2.07  2.32
SKEW      -.01   .25   .09   .63   .33   .44  -.02   .23   .32   .28   .34   .29
% NE      3.80  3.37  4.03  4.70  6.29  3.90  4.55  4.80  3.89  3.90  2.13  1.61
MEAN      4.18  4.12  4.19  3.92  4.24  3.43  3.31  3.17  3.93  3.92  3.73  4.01
STD DEV   1.78  1.91  1.84  1.92  2.11  1.50  1.50  1.41  1.71  1.76  1.62  2.03
SKEW       .29   .42   .29   .74  1.12   .36   .55   .50   .22   .57   .37   .79
% ENE     2.62  3.90  5.17  4.58  4.82  3.22  3.23  3.69  3.21  2.41  1.38  1.87
MEAN      4.16  5.28  5.53  4.32  4.01  3.59  3.46  3.31  3.91  3.82  4.64  4.43
STD DEV   1.61  2.21  2.13  1.81  1.59  1.48  1.57  1.40  1.51  1.63  1.96  2.01
SKEW       .56   .39   .00   .31   .50   .60   .31   .15   .17   .34   .17   .25
% E       3.01  3.99  5.69  5.51  5.23  4.97  3.91  3.55  3.45  2.62  1.54  2.80
MEAN      3.76  4.64  5.38  4.35  3.51  3.49  2.83  3.02  3.48  3.17  3.67  4.37
STD DEV   1.75  2.17  2.41  2.20  1.50  1.58  1.25  1.28  1.59  1.55  1.63  1.97
SKEW       .55   .20   .39   .68   .57   .53   .43   .35   .65   .83   .79   .17
% ESE     4.90  5.40  6.57  6.73  4.59  4.69  3.79  3.34  3.02  3.41  2.06  4.05
MEAN      4.49  4.81  5.28  4.90  4.21  3.96  3.13  3.08  3.47  3.63  3.60  5.03
STD DEV   1.82  2.07  2.05  1.98  1.52  1.55  1.19  1.20  1.36  1.57  1.51  1.77
SKEW       .53   .49   .20   .40   .24   .36   .15   .33   .42   .30   .60   .43
% SE      5.46  5.61  5.15  5.79  5.35  6.10  5.15  7.10  6.74  6.89  3.98  5.10
MEAN      4.04  4.23  4.35  4.21  3.63  3.33  2.87  2.79  3.18  3.33  3.75  4.07
STD DEV   1.83  1.81  2.03  1.74  1.49  1.40  1.29  1.13  1.42  1.51  1.69  1.82
SKEW       .59   .18   .62   .36   .30   .73   .78   .73   .75   .88   .63   .59
% SSE     6.56  5.73  6.01  5.91  4.80  7.34  5.61  5.80  6.57  6.51  7.56  7.16
MEAN      4.72  5.32  4.98  5.29  4.36  4.14  3.53  3.21  3.62  3.80  4.75  4.67
STD DEV   1.94  2.16  2.03  2.07  1.74  1.51  1.60  1.42  1.58  1.65  2.03  1.72
SKEW       .52   .39   .28   .25   .42   .46   .50   .56   .59   .80   .53   .40
% S       7.90  5.79  5.18  5.18  6.41  9.00  8.46  8.16 10.67  9.60  9.91  8.08
MEAN      5.06  5.11  5.24  4.88  4.58  4.34  3.83  3.18  3.88  4.13  4.90  5.19
STD DEV   2.14  2.18  2.30  2.15  2.13  1.73  1.66  1.40  1.91  1.89  2.41  2.40
SKEW       .52   .39   .48   .59   .54   .50   .53   .65   .74   .71   .89   .91
% SSW     9.42  8.40  4.86  6.01  6.33 11.25 10.30  7.83  9.71 10.46 12.79 11.68
MEAN      5.75  5.63  6.09  5.66  5.29  4.90  4.41  3.77  4.48  4.79  5.67  5.52
STD DEV   2.22  2.22  2.43  2.23  2.25  1.81  1.87  1.71  1.84  2.04  2.39  2.23
SKEW       .12   .13   .07   .48   .45   .36   .66   .55   .49   .52   .77   .52
% SW      9.07  9.37  6.77  7.89  7.86  9.18  9.75  8.83 11.44 11.59 12.27 15.00
MEAN      5.10  5.34  5.72  4.98  4.72  4.66  4.23  3.84  4.12  4.41  4.88  5.18
STD DEV   2.20  2.41  2.86  2.29  2.29  2.06  1.83  1.78  1.84  2.03  2.48  2.33
SKEW       .69   .61   .52   .44   .92   .46   .45   .55   .59   .54  1.69   .58
% WSW     8.92  8.09  8.11  6.91  5.69  5.74  5.72  4.99  5.04  5.78  9.97 12.00
MEAN      6.11  6.16  6.63  6.12  5.48  5.11  4.37  4.02  4.30  4.77  5.93  5.70
STD DEV   2.59  2.88  2.89  2.60  2.56  2.12  1.86  1.83  1.90  2.10  2.49  2.31
SKEW       .47   .61   .24   .63   .67   .33   .37   .43   .51   .54   .68   .66
% W       8.99  9.02  7.97  8.78  6.89  5.55  5.19  5.46  6.39  5.66  8.01  9.28
MEAN      5.61  5.43  6.12  5.56  5.16  4.44  4.00  3.95  4.68  4.40  4.97  5.32
STD DEV   2.21  2.63  2.38  2.60  2.26  2.05  1.84  1.94  2.25  2.04  2.27  1.92
SKEW       .33   .58   .19   .71   .45   .58   .33   .67   .72   .64   .55   .35
% WNW     7.58  7.14  8.26  8.82  6.96  6.41  5.49  4.40  6.11  4.76  6.95  5.97
MEAN      6.13  5.94  6.05  6.11  5.23  4.87  4.82  4.48  5.07  5.64  5.62  5.58
STD DEV   2.20  2.62  2.48  2.47  2.14  2.06  2.04  2.01  2.11  2.36  2.45  2.26
SKEW       .15   .35   .34   .26   .35   .44   .43   .55   .51   .56   .38   .48
% NW      7.14  6.72  8.58  7.12  7.41  6.01  6.24  6.71  6.22  7.27  7.53  5.10
MEAN      5.87  5.38  5.64  5.63  4.70  4.61  3.92  3.85  4.73  4.82  5.46  5.02
STD DEV   2.39  2.47  2.44  2.52  2.17  1.92  1.97  1.89  2.11  2.26  2.94  2.08
SKEW       .24   .64   .29   .28   .40   .36   .62   .74   .59   .47  1.07   .08
% NNW     5.25  6.10  6.91  5.40  4.82  5.05  4.89  5.54  4.80  4.90  5.19  3.05
MEAN      5.74  5.22  5.69  5.53  4.50  4.31  4.09  3.84  4.56  4.95  5.23  4.99
STD DEV   2.40  2.08  2.38  2.32  2.06  1.88  1.90  1.73  2.00  2.06  2.19  2.18
SKEW       .43   .39   .54   .11   .47   .39   .45   .71   .36   .06   .23   .09
CALM      1.72  2.38  2.12  2.80  5.67  5.26  9.22 10.21  6.39  6.45  2.33  2.78
 
INTERPOLATED DATA (station & weighting factor)
 
---Wind Stations---
GOSHEN        IN     .552  BATTLE CREEK  MI     .231  CHICAGO/MID.  IL     .217
---Solar Radiation and Max .5 P Stations---
 IN MEDARYVILLE      .593   IN RENSSELAER       .407                            
---Dewpoint Stations---
IN SOUTH BEND MICHI 1.000  IN FT WAYNE          .000  IL CHICAGO MIDWAY A  .000 
---Time Peak Stations---
IN MEDARYVILLE       .590  IN RENSSELAER        .410                            
