 COLDWATER KS                            141704 0
 LATT=  37.27 LONG= -99.33 YEARS= 40. TYPE= 3
 ELEVATION = 2080. TP5 = 2.52 TP6= 5.47
 MEAN P    .22   .26   .39   .42   .52   .56   .55   .53   .44   .43   .40   .34
 S DEV P   .24   .28   .44   .48   .55   .61   .65   .65   .44   .63   .47   .46
 SKEW  P  2.32  1.79  2.18  1.88  1.86  2.22  1.95  2.42  1.40  3.57  2.61  2.74
 P(W/W)    .25   .30   .31   .29   .37   .36   .34   .31   .28   .34   .25   .19
 P(W/D)    .08   .09   .12   .14   .18   .19   .13   .17   .13   .11   .07   .08
 TMAX AV 46.28 51.70 61.22 70.94 78.98 88.29 94.10 92.35 84.22 72.89 58.88 47.86
 TMIN AV 21.93 25.99 34.68 44.30 54.19 63.67 68.79 67.23 58.51 46.60 33.89 24.25
 SD TMAX 14.07 14.73 13.73 11.92  9.32  7.87  6.54  7.41  9.55 10.85 12.69 13.08
 SD TMIN 10.07 10.80 10.49  9.22  8.07  6.56  5.11  5.57  8.52  8.98  9.60  9.52
 SOL.RAD  208.  277.  369.  464.  532.  573.  602.  526.  424.  318.  224.  194.
 SD SOL   23.8  37.6  36.8  37.3  43.5  46.8  29.2  26.9  36.8  32.1  33.2  25.2
 MX .5 P   .33   .32   .52   .80  1.20  1.34  1.33  1.18   .89   .82   .47   .37
 DEW PT  19.00 22.00 29.00 38.00 49.00 57.00 60.00 60.00 52.00 40.00 28.00 20.00
Time Pk   .450  .630  .713  .810  .821  .831  .950  .963  .965  .980  .990 1.000
% N      11.20 12.12 10.30  8.99  6.07  4.13  3.24  3.61  5.07  7.59 10.22  9.82
MEAN      7.16  7.37  7.36  7.02  6.21  5.44  4.63  4.95  5.50  5.71  6.66  6.67
STD DEV   3.11  3.15  3.35  2.90  2.54  2.46  2.02  2.14  2.61  2.55  3.06  3.09
SKEW       .26   .46   .66   .27   .12   .35   .51   .43   .62   .67   .51   .52
% NNE     9.65  9.32  7.70  7.70  6.23  4.20  4.79  4.91  6.89  7.77  6.63  6.95
MEAN      6.90  6.49  7.05  6.82  6.17  6.14  5.02  5.21  5.94  6.22  6.80  6.43
STD DEV   2.88  2.77  2.93  2.85  2.41  2.41  2.11  2.19  2.52  2.69  3.28  2.76
SKEW       .19   .57   .41   .27   .15   .33   .45   .53   .33   .65   .60   .31
% NE      5.17  5.78  5.81  6.35  6.45  5.21  5.26  4.81  6.28  4.99  4.20  4.40
MEAN      4.68  5.02  5.93  5.62  5.40  4.99  4.75  4.47  5.07  4.89  5.07  5.12
STD DEV   1.99  2.25  2.60  2.55  2.24  2.06  2.15  2.01  2.14  1.91  2.29  2.05
SKEW       .39   .59   .32   .56   .46   .50   .68   .83   .45   .38   .66   .37
% ENE     2.77  3.16  4.12  4.81  4.39  3.81  4.34  3.88  5.67  2.90  2.39  2.76
MEAN      4.16  4.36  5.44  5.25  5.21  5.08  4.70  4.10  4.91  4.31  4.49  4.53
STD DEV   1.65  1.93  2.22  2.15  2.03  2.04  2.10  1.66  1.94  1.63  1.79  1.79
SKEW       .49   .55   .25   .54   .38   .38   .80   .45   .43   .34   .34   .14
% E       1.92  3.02  2.80  4.45  4.38  4.58  4.86  4.21  4.49  2.26  1.67  1.81
MEAN      3.45  3.99  4.31  4.63  4.49  4.56  4.23  3.94  4.10  3.76  3.41  3.99
STD DEV   1.46  1.78  1.67  1.89  1.90  1.90  1.82  1.61  1.63  1.40  1.32  1.60
SKEW       .75   .28   .35   .38   .52   .63   .63   .47   .34   .32   .42   .35
% ESE     1.48  2.77  2.84  4.04  5.00  4.34  5.15  4.63  4.95  1.97  1.65  1.56
MEAN      3.43  4.28  4.75  5.14  4.96  4.93  4.57  4.48  4.75  3.89  3.82  4.23
STD DEV   1.34  1.64  1.65  1.95  2.10  1.96  1.83  1.85  1.82  1.44  1.22  1.55
SKEW       .29   .25   .31   .34   .63   .39   .47   .41   .55   .34   .32   .34
% SE      2.94  4.44  4.69  5.80  8.48  8.34  8.42  8.96  6.25  4.17  2.71  2.42
MEAN      4.11  4.82  5.18  5.64  5.38  5.16  4.89  4.86  4.81  4.76  4.47  4.10
STD DEV   1.79  2.31  2.01  2.22  2.34  2.13  1.98  1.95  1.85  1.89  1.77  1.78
SKEW       .42   .67   .44   .35   .47   .58   .48   .37   .46   .24   .08   .56
% SSE     7.73  9.28 11.05 11.72 12.75 15.11 15.66 15.54 14.54 13.38  6.96  8.01
MEAN      5.73  6.18  6.73  6.92  6.76  6.61  5.69  5.50  6.00  6.20  5.65  5.97
STD DEV   2.27  2.57  2.56  2.76  2.69  2.34  2.11  1.89  2.17  2.41  2.14  2.59
SKEW       .13   .40   .38   .37   .24   .24   .29   .23   .29   .49   .23   .46
% S      10.97 10.31 10.16 12.51 16.10 21.46 20.44 20.47 19.05 18.21 12.57 11.22
MEAN      6.37  6.59  7.22  7.71  7.16  7.17  6.43  5.76  6.66  6.53  6.29  6.41
STD DEV   2.50  2.79  2.99  3.25  2.87  2.66  2.44  2.09  2.43  2.53  2.52  2.72
SKEW       .40   .31   .39   .35   .22   .20   .26   .28   .22   .38   .35   .43
% SSW     8.91  7.96  7.82  8.46  8.73 11.63 13.27 12.67 11.21 11.52  9.65  9.71
MEAN      6.35  6.89  6.96  7.84  6.98  7.38  6.84  6.01  7.00  6.68  6.14  6.33
STD DEV   2.50  3.03  2.87  3.14  2.85  2.79  2.63  2.18  2.62  2.76  2.45  2.77
SKEW       .42   .31   .38   .10   .22   .08   .14   .18   .04   .33   .38   .59
% SW      7.10  5.48  5.04  4.64  4.76  5.94  5.41  6.10  4.56  5.97  7.60  7.88
MEAN      4.80  4.57  5.75  5.72  5.57  5.86  5.45  5.13  5.09  4.72  4.65  4.60
STD DEV   2.15  2.28  2.90  2.61  2.76  2.67  2.27  2.25  2.43  2.14  2.13  2.11
SKEW       .56   .82  1.26   .59   .63   .34   .22   .31   .37   .61   .84   .87
% WSW     6.14  3.94  3.99  3.05  2.34  2.10  1.91  2.29  1.63  3.33  5.00  6.01
MEAN      4.48  4.10  5.65  5.43  4.75  4.61  4.16  4.44  4.04  4.08  4.08  4.31
STD DEV   1.83  1.96  3.09  2.55  2.53  2.03  1.76  1.95  1.91  1.82  1.61  1.92
SKEW       .53  1.05   .96   .49   .81   .60   .27   .36   .62   .65   .52  1.17
% W       4.93  3.52  3.28  2.77  2.20  1.48  1.22  1.30  1.45  2.87  4.48  4.96
MEAN      4.17  4.01  5.12  4.90  4.36  4.17  3.39  3.32  3.07  3.69  4.06  4.09
STD DEV   1.67  1.72  2.79  2.31  2.54  1.92  1.46  1.47  1.00  1.48  1.69  1.62
SKEW       .57   .62   .93   .43   .89   .54   .70   .59   .33   .74   .67   .43
% WNW     3.85  3.61  3.34  2.05  2.27  1.22   .89  1.12   .99  1.76  4.40  4.00
MEAN      5.11  4.65  6.20  5.35  5.48  4.12  3.40  3.62  3.86  4.66  4.90  4.74
STD DEV   2.10  2.03  3.26  2.49  2.93  1.71  1.20  1.46  1.56  2.49  2.01  2.49
SKEW       .33   .77   .64   .41   .67   .28   .04   .38   .34  1.16   .45  1.69
% NW      5.57  5.61  5.97  4.51  3.26  1.84  1.06  1.00  1.37  3.22  7.35  6.86
MEAN      5.43  5.54  6.91  5.85  5.50  4.38  3.53  3.48  3.54  4.81  5.63  5.53
STD DEV   2.52  2.67  3.56  2.82  2.62  2.07  1.44  1.60  1.56  2.49  2.84  2.67
SKEW       .46   .59   .68   .52   .57   .73   .38   .42   .79  1.34  1.38  1.26
% NNW     7.39  7.17  9.47  6.53  4.68  2.65  1.63  1.85  2.84  5.11  9.80  8.58
MEAN      6.82  6.50  7.82  7.52  6.10  5.44  3.69  4.36  4.68  5.56  6.68  6.64
STD DEV   2.92  2.89  3.37  3.45  2.66  2.46  1.66  2.01  2.07  2.59  3.20  3.06
SKEW       .39   .71   .34   .48   .28   .39   .42   .65   .74   .62   .78   .73
CALM      2.31  2.49  1.58  1.54  1.83  1.86  2.40  2.65  2.67  3.05  2.82  3.02
 
INTERPOLATED DATA (station & weighting factor)
 
---Wind Stations---
DODGE CITY    KS     .423  GAGE          OK     .292  ANTHONY       KS     .284
---Solar Radiation and Max .5 P Stations---
 KS KIOWA            .479   OK TALOGA           .272   KS GARDEN CITY EXP  .249 
---Dewpoint Stations---
KS DODGE CITY        .504  KS DODGE CITY RGNL   .496                            
---Time Peak Stations---
KS KIOWA             .477  OK TALOGA            .271  KS GARDEN CITY EXP   .252 
