 WICHITA WB AIRPORT KS                   148830 0
 LATT=  37.65 LONG= -97.42 YEARS= 40. TYPE= 3
 ELEVATION = 1320. TP5 = 2.50 TP6= 6.58
 MEAN P    .16   .22   .33   .31   .41   .50   .44   .46   .42   .38   .29   .23
 S DEV P   .27   .31   .44   .46   .51   .59   .55   .60   .87   .61   .40   .36
 SKEW  P  3.20  3.80  2.02  4.39  1.90  1.80  1.82  2.01  7.03  4.13  2.17  3.29
 P(W/W)    .36   .39   .41   .42   .48   .45   .40   .41   .37   .42   .44   .38
 P(W/D)    .12   .15   .21   .23   .29   .26   .18   .21   .18   .16   .12   .13
 TMAX AV 41.67 47.50 58.08 67.92 76.79 87.22 93.44 91.59 82.79 70.38 56.14 44.22
 TMIN AV 20.96 25.25 34.94 44.64 55.12 64.85 70.11 68.70 59.38 46.60 34.28 23.93
 SD TMAX 13.40 14.63 12.90 10.72  8.59  8.10  7.54  7.92 10.02 10.63 11.77 12.40
 SD TMIN 10.09 11.15 10.23  9.14  8.07  6.23  4.88  5.25  8.62  9.17  9.79  9.92
 SOL.RAD  189.  256.  346.  431.  497.  542.  576.  506.  409.  301.  204.  172.
 SD SOL   26.8  39.0  36.6  38.3  55.9  44.7  30.2  30.6  37.9  32.4  34.2  28.3
 MX .5 P   .33   .40   .58   .83  1.34  1.52  1.49  1.37  1.02   .93   .64   .38
 DEW PT  21.00 25.00 34.00 43.00 54.00 62.00 65.00 64.00 56.00 45.00 34.00 25.00
Time Pk   .472  .652  .739  .819  .839  .845  .939  .952  .962  .976  .990 1.000
% N      15.09 14.98 11.22  9.19  7.44  4.57  3.45  4.57  7.57  9.24 11.93 12.49
MEAN      7.01  6.82  7.07  6.53  5.61  5.10  4.48  4.82  5.59  5.89  6.47  6.57
STD DEV   2.99  3.01  3.12  2.90  2.57  2.30  2.02  2.22  2.66  2.72  3.01  2.82
SKEW       .30   .54   .31   .38   .49   .32   .68   .63   .63   .55   .58   .22
% NNE     7.06  8.02  7.37  6.01  5.16  3.68  3.49  4.23  5.72  5.64  5.16  5.64
MEAN      5.91  5.72  6.36  5.82  5.31  4.93  4.70  4.94  5.23  5.55  5.57  5.72
STD DEV   2.49  2.32  2.66  2.39  2.19  2.11  1.96  2.09  2.26  2.49  2.30  2.32
SKEW       .28   .36   .44   .28   .37   .34   .48   .50   .38   .84   .35   .25
% NE      3.97  4.65  5.32  4.98  4.93  4.23  4.65  4.72  5.18  3.54  3.21  3.63
MEAN      4.47  4.55  5.38  5.39  4.94  4.61  4.20  4.36  4.52  4.72  4.66  4.51
STD DEV   1.94  2.01  2.24  2.29  1.99  2.10  1.75  1.80  1.95  2.08  2.06  1.97
SKEW       .64   .50   .31   .51   .42   .53   .48   .52   .44   .46   .43   .47
% ENE     2.38  3.14  3.61  3.90  3.86  3.70  3.93  4.24  4.55  1.95  1.94  1.94
MEAN      4.29  4.49  5.09  5.36  4.76  4.32  4.05  4.11  4.39  4.35  4.11  4.09
STD DEV   1.73  2.04  2.13  2.25  1.93  1.79  1.67  1.66  1.82  1.90  1.78  1.75
SKEW       .25   .62   .28   .37   .33   .47   .43   .57   .57   .30   .57   .31
% E       2.41  3.82  4.98  4.88  5.12  4.91  6.73  6.56  5.30  2.64  2.32  2.63
MEAN      3.62  4.14  5.10  5.03  4.55  4.39  4.11  4.09  4.16  3.99  3.99  4.19
STD DEV   1.54  1.68  2.12  1.98  1.94  1.92  1.66  1.70  1.70  1.77  1.90  1.86
SKEW       .31   .48   .47   .37   .49   .61   .66   .61   .51   .66   .50   .44
% ESE     2.27  2.97  3.84  4.49  4.23  4.62  5.65  5.76  4.17  2.75  1.85  2.05
MEAN      4.03  4.47  4.99  5.47  5.03  4.55  4.36  4.26  4.22  4.15  4.07  4.21
STD DEV   1.73  1.74  1.94  2.11  2.19  1.93  1.68  1.70  1.73  1.81  1.91  1.78
SKEW       .34   .42   .38   .41   .59   .65   .52   .56   .60   .65   .68   .47
% SE      4.26  4.28  5.71  5.97  7.16  8.24  8.81  8.44  6.94  5.65  3.45  4.28
MEAN      4.49  5.12  5.52  5.67  5.23  5.18  4.66  4.52  4.61  4.72  4.41  4.88
STD DEV   1.96  2.32  2.22  2.38  2.21  2.29  1.78  1.82  1.98  2.06  1.98  2.05
SKEW       .66   .75   .32   .35   .50   .69   .65   .61   .69   .62   .72   .49
% SSE     7.39  6.66  7.60  8.82 11.64 14.51 13.58 14.70 13.78 12.44  7.74  7.62
MEAN      5.65  5.97  6.80  6.49  6.29  6.24  5.34  5.39  5.73  6.07  5.40  5.53
STD DEV   2.44  2.57  2.89  2.72  2.57  2.49  2.10  2.18  2.41  2.53  2.33  2.31
SKEW       .32   .31   .32   .38   .35   .31   .45   .53   .47   .52   .34   .30
% S      16.74 14.40 14.86 19.52 23.46 26.90 27.00 24.35 23.21 24.99 19.90 16.56
MEAN      6.22  6.45  7.52  8.06  7.39  7.07  5.99  5.95  6.59  6.56  6.23  6.02
STD DEV   2.63  2.83  3.25  3.23  2.92  2.81  2.31  2.31  2.58  2.73  2.58  2.68
SKEW       .39   .43   .31   .21   .20   .37   .40   .29   .20   .36   .37   .53
% SSW     7.20  6.56  5.74  5.69  7.15  8.37 10.10  9.16  6.75  6.98  7.85  7.55
MEAN      5.65  5.98  7.03  7.59  6.78  6.91  6.00  6.14  6.39  6.03  5.83  5.66
STD DEV   2.63  2.76  3.13  3.38  2.80  2.84  2.35  2.41  2.72  2.74  2.62  2.75
SKEW       .68   .82   .32   .37   .13   .47   .34   .20   .29   .53   .48   .72
% SW      3.96  3.39  3.10  3.01  3.00  2.90  3.64  3.35  2.45  2.85  3.57  3.39
MEAN      4.71  4.78  5.67  6.17  5.62  5.14  5.27  5.65  4.80  4.66  4.72  4.14
STD DEV   2.01  2.14  2.82  2.88  2.52  2.26  2.24  2.26  2.23  1.99  2.19  1.84
SKEW       .62   .62   .47   .38   .28   .31   .28   .06   .38   .33   .60   .81
% WSW     2.26  2.34  2.00  1.76  1.67  1.42  1.21  1.18  1.24  1.51  2.27  2.34
MEAN      4.04  4.01  4.98  5.64  4.97  4.26  4.72  4.61  3.72  3.98  4.24  3.62
STD DEV   1.73  1.79  2.56  2.94  2.47  1.88  2.15  2.05  1.68  1.87  2.11  1.56
SKEW       .58   .95   .74   .43   .72   .73   .48   .30   .72   .80   .93  1.81
% W       2.80  2.84  2.86  2.64  1.84  1.37   .95   .96  1.22  1.50  3.02  3.26
MEAN      3.74  3.93  5.20  5.08  4.30  3.61  3.88  3.64  3.28  3.25  3.59  3.71
STD DEV   1.59  1.96  2.89  3.12  2.42  1.50  2.02  1.99  1.41  1.39  1.59  1.83
SKEW       .64  1.08  1.24  1.10  1.42   .55   .87  1.10   .73   .66   .81  1.41
% WNW     2.70  2.77  3.55  3.06  2.15  1.16   .75   .66   .92  1.90  3.43  4.04
MEAN      4.74  5.20  6.01  6.60  5.05  3.87  3.38  3.68  3.52  4.36  4.65  4.93
STD DEV   2.19  2.78  2.92  3.55  2.41  1.79  1.33  1.64  1.57  1.96  2.31  2.22
SKEW       .83   .94   .74   .62   .50   .63   .41   .25  1.06   .63   .79   .86
% NW      5.74  5.91  6.88  5.55  3.82  2.41   .99  1.13  1.62  4.25  7.99  7.88
MEAN      5.93  6.07  7.03  6.73  5.17  4.89  3.79  4.07  4.05  5.03  5.76  6.05
STD DEV   2.75  2.88  3.15  3.26  2.47  2.23  1.53  1.95  2.05  2.37  2.84  2.91
SKEW       .50   .62   .50   .54   .76   .39   .61   .48  1.03   .94   .73   .75
% NNW    10.01  9.67  8.94  7.72  4.29  2.73  1.53  2.09  3.24  6.43  9.05  9.31
MEAN      6.85  6.73  7.55  7.12  5.45  5.27  4.66  4.72  5.14  5.86  6.38  6.48
STD DEV   2.97  3.01  3.15  3.10  2.51  2.54  2.05  2.13  2.41  2.83  2.92  3.01
SKEW       .29   .41   .35   .42   .53   .54   .89   .68   .46   .58   .55   .44
CALM      3.76  3.72  2.51  2.72  2.97  4.17  3.44  3.92  6.13  5.80  5.26  5.36
 
INTERPOLATED DATA (station & weighting factor)
 
---Wind Stations---
WICHITA/MCCON.KS     .500  WICHITA       KS     .500  ANTHONY       KS     .000
---Solar Radiation and Max .5 P Stations---
 KS CALDWELL         .392   KS BEAUMONT         .366   KS KANOPOLIS LAKE   .242 
---Dewpoint Stations---
KS WICHITA          1.000  KS WICHITA MCCONNEL  .000  KS HUTCHINSON MUNI   .000 
---Time Peak Stations---
KS CALDWELL          .391  KS BEAUMONT          .364  KS KANOPOLIS LAKE    .245 
