 WASHINGTON KS                           148578 0
 LATT=  39.82 LONG= -97.05 YEARS= 40. TYPE= 3
 ELEVATION = 1300. TP5 = 2.70 TP6= 6.18
 MEAN P    .17   .23   .33   .37   .41   .52   .49   .49   .47   .35   .32   .25
 S DEV P   .18   .30   .41   .53   .50   .67   .65   .58   .61   .44   .40   .33
 SKEW  P  1.65  2.17  2.35  5.38  2.45  2.29  2.34  2.09  2.81  2.69  2.79  2.88
 P(W/W)    .29   .36   .40   .42   .44   .41   .40   .36   .38   .41   .42   .29
 P(W/D)    .12   .12   .16   .23   .28   .27   .20   .22   .18   .15   .11   .11
 TMAX AV 38.80 44.10 56.31 67.60 76.81 86.26 91.99 89.56 81.65 69.84 53.84 41.43
 TMIN AV 16.52 20.43 30.93 41.70 52.47 62.10 67.78 65.34 55.61 43.29 30.43 19.99
 SD TMAX 13.48 14.92 13.97 12.10  8.95  7.46  7.04  7.31  9.50 11.05 12.43 12.81
 SD TMIN 11.65 12.48 10.99  9.95  8.58  7.13  5.97  6.44  9.72  9.91 10.22 11.17
 SOL.RAD  172.  238.  342.  410.  488.  546.  557.  494.  401.  288.  188.  156.
 SD SOL   22.3  30.9  37.0  39.4  56.8  38.2  41.0  22.4  23.5  24.7  28.5  24.1
 MX .5 P   .24   .32   .56   .64  1.27  1.60  1.50  1.40  1.12   .76   .45   .38
 DEW PT  17.42 20.89 29.89 39.89 51.37 60.63 64.89 63.63 54.37 41.37 30.10 20.89
Time Pk   .467  .645  .722  .809  .819  .836  .933  .946  .956  .970  .986 1.000
% N      11.55 11.10 11.21  8.03  6.66  5.52  5.46  4.48  7.45  8.96  9.10 10.48
MEAN      5.95  6.11  6.01  5.77  5.10  4.63  4.26  4.40  4.80  5.05  5.44  5.72
STD DEV   2.36  2.40  2.47  2.28  2.07  1.92  1.76  1.92  2.11  2.11  2.19  2.27
SKEW       .31   .24   .25   .22   .46   .46   .54   .58   .50   .48   .28   .30
% NNE     5.62  5.43  6.70  5.61  4.31  3.73  4.09  4.31  5.07  3.82  3.92  5.49
MEAN      5.31  5.41  5.80  5.53  4.77  4.46  4.26  4.42  4.71  4.75  4.70  5.03
STD DEV   2.38  2.49  2.44  2.16  2.07  1.78  1.77  1.96  1.87  2.02  2.08  2.14
SKEW       .42   .39   .43   .11   .46   .23   .45   .49   .41   .58   .29   .31
% NE      4.37  4.06  5.40  5.10  4.29  4.05  5.15  4.54  4.84  3.09  3.08  3.70
MEAN      4.71  4.50  5.02  5.15  4.50  4.30  4.14  4.11  4.36  4.43  4.02  4.59
STD DEV   1.92  1.87  2.16  2.10  1.69  1.74  1.65  1.67  1.86  1.86  1.76  1.97
SKEW       .37   .58   .37   .41   .21   .52   .51   .66   .51   .68   .57   .44
% ENE     2.53  3.14  4.26  4.57  4.24  3.42  4.49  4.60  4.40  1.74  1.97  2.15
MEAN      4.23  4.36  4.74  5.35  4.51  4.15  4.10  4.00  4.16  3.70  3.77  4.18
STD DEV   1.80  1.80  1.82  2.03  1.84  1.70  1.62  1.53  1.66  1.65  1.55  1.91
SKEW       .39   .52   .37   .19   .41   .49   .65   .50   .45   .66   .51   .61
% E       3.02  4.55  5.17  5.99  5.53  5.04  5.79  7.07  4.86  2.86  2.33  2.69
MEAN      3.98  4.77  4.65  5.00  4.69  4.34  4.21  4.26  3.85  3.64  3.52  4.15
STD DEV   1.70  2.18  1.89  2.07  1.95  1.86  1.79  1.74  1.58  1.58  1.68  1.83
SKEW       .50   .54   .52   .32   .46   .69   .53   .58   .64   .74   .95   .50
% ESE     2.57  3.47  3.61  4.79  5.09  5.73  5.88  5.38  4.28  3.35  2.62  2.77
MEAN      4.11  4.87  5.04  5.38  4.98  4.76  4.47  4.52  4.26  4.27  3.96  4.36
STD DEV   1.73  2.02  2.26  2.21  2.08  2.09  1.82  1.79  1.71  1.75  1.81  1.88
SKEW       .48   .50   .45   .31   .46   .57   .49   .46   .57   .50   .82   .52
% SE      3.70  3.46  4.49  6.28  7.10  8.39  9.39  7.93  6.11  5.43  3.83  3.49
MEAN      4.78  4.73  5.65  6.22  5.48  5.33  5.06  5.05  4.97  5.31  4.67  4.65
STD DEV   2.11  1.96  2.34  2.68  2.12  2.14  2.01  2.02  2.10  2.19  2.00  2.07
SKEW       .39   .40   .25   .31   .35   .57   .46   .56   .63   .41   .43   .68
% SSE     4.10  4.28  5.10  6.83  9.61 12.75 10.58 10.67  9.80  7.59  5.30  5.15
MEAN      4.95  5.34  6.27  6.43  5.94  5.83  5.19  5.22  5.79  5.63  5.24  5.18
STD DEV   2.18  2.21  2.87  2.67  2.37  2.11  1.92  2.00  2.31  2.29  2.21  2.34
SKEW       .56   .46   .61   .24   .44   .22   .36   .50   .30   .56   .55   .61
% S       9.55  7.74  9.35 11.30 15.27 17.77 19.36 18.95 16.74 16.65 11.40  9.40
MEAN      5.63  5.83  7.25  7.19  6.68  6.29  5.79  5.76  6.37  6.36  5.69  5.32
STD DEV   2.46  2.34  3.01  2.73  2.55  2.30  2.03  2.06  2.43  2.58  2.31  2.31
SKEW       .49   .25   .18   .12   .34   .19   .15   .26   .28   .39   .34   .50
% SSW     6.48  5.76  4.81  4.81  5.39  5.26  6.99  7.48  5.54  6.65  6.84  6.51
MEAN      5.28  5.35  6.02  6.58  6.11  5.54  5.69  5.64  5.85  5.63  5.30  5.00
STD DEV   2.12  2.22  2.87  2.89  2.59  2.23  2.20  2.16  2.48  2.43  2.24  2.31
SKEW       .44   .38   .48   .17   .41   .46   .27   .24   .38   .56   .31   .70
% SW      6.61  6.02  4.01  3.82  4.42  3.47  3.88  4.00  3.94  4.54  5.88  6.54
MEAN      4.54  4.75  5.13  5.72  5.17  4.45  4.80  4.68  4.88  4.88  4.33  4.61
STD DEV   2.01  1.98  2.21  2.61  2.19  1.80  1.90  2.00  2.03  2.34  1.96  2.00
SKEW       .82   .56   .43   .53   .37   .47   .46   .53   .62   .76   .86   .60
% WSW     4.91  4.43  3.14  3.44  2.79  2.26  1.51  1.76  2.48  2.80  4.10  4.94
MEAN      4.33  4.21  4.73  5.27  4.65  3.85  3.70  3.85  4.02  4.08  4.16  4.05
STD DEV   1.75  1.73  2.22  2.46  2.02  1.46  1.53  1.74  1.67  1.69  1.54  1.55
SKEW       .79   .70   .73   .59   .60   .54   .62   .70   .58   .49   .48   .77
% W       5.31  5.85  4.41  4.62  4.27  3.01  1.60  1.81  2.86  4.24  6.18  6.05
MEAN      4.12  4.26  4.87  5.66  4.84  3.93  3.39  3.66  3.72  4.21  4.20  4.04
STD DEV   1.59  1.79  2.48  2.84  2.30  1.67  1.21  1.60  1.42  1.94  1.73  1.73
SKEW       .60   .74   .89   .68   .80   .56   .50  1.05   .89   .83   .66   .91
% WNW     4.62  4.40  4.79  3.81  3.50  2.50  1.20  1.53  2.00  3.79  5.23  4.72
MEAN      4.68  4.57  5.99  5.61  4.89  4.06  3.45  3.89  4.08  4.53  4.68  5.10
STD DEV   1.94  1.88  2.94  2.60  2.32  1.82  1.19  1.68  1.69  1.92  2.04  2.41
SKEW       .49   .54   .66   .63   .59   .85   .26   .78   .76   .73   .60   .85
% NW      6.24  6.85  7.20  5.53  3.71  3.09  1.70  1.59  2.59  5.37  7.44  6.76
MEAN      5.55  5.31  6.63  6.25  5.22  4.43  3.80  4.00  4.43  5.51  5.53  5.84
STD DEV   2.38  2.33  3.06  2.72  2.17  1.88  1.75  1.66  1.76  2.37  2.53  2.73
SKEW       .54   .76   .65   .24   .34   .51   .96   .73   .53   .47   .56   .76
% NNW     6.87  7.50  7.49  6.58  3.69  2.87  2.09  2.28  3.28  4.94  6.88  6.31
MEAN      5.95  6.38  6.64  6.54  5.43  4.56  4.24  4.45  5.04  5.45  6.21  5.96
STD DEV   2.42  2.50  3.06  2.72  2.24  1.87  1.93  1.96  2.08  2.28  2.53  2.46
SKEW       .45   .20   .89   .41   .30   .37   .81   .60   .32   .32   .33   .36
CALM     11.98 12.00  8.82  8.76 10.09 11.16 10.95 11.63 13.58 14.15 13.91 12.88
 
INTERPOLATED DATA (station & weighting factor)
 
---Wind Stations---
CONCORDIA     KS     .456  FT.RILEY      KS     .313  LINCOLN       NB     .231
---Solar Radiation and Max .5 P Stations---
 KS MILFORD LAKE     .371   NE DU BOIS 1NNW     .351   KS IONIA            .277 
---Dewpoint Stations---
KS CONCORDIA MUNI A  .526  NE LINCOLN MUNI AP   .264  KS TOPEKA MUNI AP    .210 
---Time Peak Stations---
KS MILFORD LAKE      .370  NE DU BOIS 1NNW      .348  KS IONIA             .282 
