 ASHLAND KS                              14 365 0
 LATT=  37.20 LONG= -99.78 YEARS= 40. TYPE= 3
 ELEVATION = 1980. TP5 = 2.52 TP6= 5.37
 MEAN P    .19   .18   .32   .35   .44   .48   .44   .39   .32   .37   .31   .26
 S DEV P   .21   .21   .37   .42   .51   .55   .51   .46   .38   .48   .38   .44
 SKEW  P  1.85  2.10  2.59  2.39  2.18  2.58  1.97  2.42  1.77  2.52  2.54  4.12
 P(W/W)    .20   .30   .31   .31   .39   .41   .34   .36   .38   .37   .30   .29
 P(W/D)    .08   .10   .13   .15   .20   .19   .15   .18   .13   .10   .08   .08
 TMAX AV 46.00 50.74 60.52 70.54 79.19 88.96 95.34 93.47 84.96 73.11 59.17 48.01
 TMIN AV 16.39 20.46 29.96 39.43 51.13 61.24 65.78 64.33 54.43 40.40 27.96 18.44
 SD TMAX 14.54 15.63 14.36 12.57 10.38  9.06  7.14  8.23 10.53 11.78 13.24 13.73
 SD TMIN  9.07 10.01  9.53  8.81  8.15  6.61  4.94  5.17  9.05  9.41  9.52  8.60
 SOL.RAD  208.  278.  371.  466.  536.  576.  605.  527.  425.  318.  225.  194.
 SD SOL   23.4  37.2  39.3  38.7  44.0  46.4  28.5  26.9  36.9  31.5  32.6  25.4
 MX .5 P   .33   .32   .52   .79  1.19  1.35  1.33  1.15   .87   .77   .46   .36
 DEW PT  19.66 22.80 29.93 38.49 49.66 57.52 60.55 60.55 52.52 40.49 28.93 20.80
Time Pk   .445  .625  .709  .809  .818  .828  .951  .963  .966  .980  .990 1.000
% N      10.85 11.67 10.26  9.05  6.05  3.99  3.11  3.45  5.03  7.73 10.08 10.02
MEAN      7.13  7.33  7.43  7.12  6.31  5.47  4.73  5.01  5.60  5.87  6.69  6.69
STD DEV   3.07  3.13  3.33  2.91  2.58  2.46  2.04  2.17  2.62  2.57  3.02  3.02
SKEW       .28   .48   .66   .25   .14   .32   .51   .45   .57   .60   .49   .49
% NNE     9.10  9.00  7.57  7.48  6.13  4.22  4.58  4.67  6.69  7.63  6.62  6.84
MEAN      6.83  6.52  7.07  6.87  6.24  6.15  5.08  5.25  6.04  6.27  6.77  6.50
STD DEV   2.82  2.75  2.93  2.86  2.44  2.41  2.14  2.20  2.55  2.65  3.15  2.76
SKEW       .19   .51   .41   .25   .16   .35   .46   .53   .31   .57   .51   .28
% NE      5.28  5.82  5.93  6.18  6.53  5.37  5.24  4.96  6.30  5.12  4.31  4.36
MEAN      4.78  5.16  5.99  5.74  5.51  5.12  4.80  4.58  5.17  5.04  5.17  5.19
STD DEV   2.03  2.29  2.59  2.60  2.28  2.11  2.13  2.02  2.16  1.98  2.30  2.09
SKEW       .40   .56   .31   .58   .43   .48   .62   .73   .42   .40   .61   .39
% ENE     2.76  3.16  4.11  4.66  4.41  3.85  4.35  3.95  5.36  2.87  2.33  2.58
MEAN      4.26  4.47  5.48  5.33  5.28  5.15  4.73  4.23  4.96  4.42  4.56  4.47
STD DEV   1.69  1.95  2.21  2.19  2.05  2.04  2.05  1.70  1.95  1.70  1.82  1.73
SKEW       .47   .52   .25   .55   .34   .35   .75   .46   .37   .41   .33   .18
% E       1.99  2.96  2.93  4.42  4.40  4.51  4.72  4.07  4.35  2.27  1.66  1.84
MEAN      3.57  4.02  4.47  4.72  4.60  4.62  4.33  4.02  4.18  3.85  3.47  4.03
STD DEV   1.51  1.75  1.73  1.93  1.94  1.91  1.86  1.65  1.66  1.45  1.35  1.59
SKEW       .76   .28   .36   .39   .53   .63   .62   .49   .35   .33   .39   .33
% ESE     1.47  2.66  2.86  3.95  4.72  4.16  4.92  4.41  4.51  1.94  1.51  1.48
MEAN      3.54  4.43  4.84  5.20  5.06  5.00  4.65  4.54  4.77  3.99  3.84  4.24
STD DEV   1.38  1.66  1.70  1.97  2.09  1.99  1.85  1.88  1.80  1.46  1.23  1.54
SKEW       .24   .23   .33   .32   .57   .39   .45   .44   .52   .33   .30   .28
% SE      2.91  4.37  4.70  5.90  8.01  7.87  8.20  8.52  6.05  4.09  2.66  2.37
MEAN      4.17  4.90  5.29  5.78  5.47  5.24  4.93  4.91  4.86  4.85  4.55  4.19
STD DEV   1.81  2.27  2.04  2.27  2.35  2.13  1.98  1.98  1.85  1.95  1.84  1.82
SKEW       .42   .60   .47   .35   .48   .52   .45   .39   .42   .25   .17   .63
% SSE     6.97  8.66 10.45 11.33 12.70 15.12 15.40 15.29 13.85 12.56  6.61  7.19
MEAN      5.81  6.27  6.79  7.04  6.80  6.66  5.72  5.58  6.05  6.28  5.75  6.03
STD DEV   2.29  2.54  2.54  2.77  2.67  2.35  2.10  1.92  2.16  2.40  2.19  2.59
SKEW       .11   .35   .32   .38   .23   .23   .28   .26   .27   .43   .21   .41
% S      11.09 10.50 10.37 12.61 16.50 21.77 21.06 21.25 19.98 18.35 12.66 11.18
MEAN      6.53  6.72  7.36  7.78  7.33  7.30  6.48  5.94  6.75  6.64  6.43  6.55
STD DEV   2.54  2.80  2.96  3.20  2.88  2.69  2.43  2.12  2.43  2.51  2.53  2.70
SKEW       .33   .30   .33   .33   .20   .20   .26   .24   .19   .33   .31   .36
% SSW     8.93  8.05  7.88  8.47  9.01 11.85 13.54 13.01 11.76 11.81 10.01  9.75
MEAN      6.43  6.89  7.06  7.80  7.06  7.40  6.86  6.15  7.04  6.69  6.28  6.41
STD DEV   2.52  2.97  2.90  3.12  2.83  2.75  2.60  2.21  2.63  2.73  2.50  2.74
SKEW       .37   .31   .37   .13   .20   .05   .14   .17   .06   .32   .40   .56
% SW      7.53  5.91  5.31  4.86  4.95  6.00  5.68  6.33  4.94  6.22  8.01  8.21
MEAN      4.92  4.72  5.83  5.86  5.68  5.96  5.58  5.29  5.26  4.81  4.76  4.72
STD DEV   2.20  2.28  2.90  2.65  2.82  2.70  2.33  2.31  2.49  2.19  2.17  2.14
SKEW       .59   .78  1.13   .57   .57   .34   .23   .30   .36   .63   .80   .87
% WSW     6.31  4.18  4.06  3.22  2.40  2.13  2.00  2.37  1.78  3.44  5.20  6.28
MEAN      4.50  4.31  5.61  5.58  4.89  4.76  4.28  4.56  4.19  4.14  4.21  4.33
STD DEV   1.83  2.01  3.00  2.64  2.53  2.11  1.80  2.02  1.96  1.80  1.66  1.81
SKEW       .55  1.04   .97   .57   .76   .60   .32   .42   .61   .59   .57  1.04
% W       5.29  3.82  3.40  2.90  2.30  1.56  1.28  1.35  1.57  3.03  4.76  5.27
MEAN      4.23  4.19  5.17  5.08  4.46  4.31  3.49  3.48  3.22  3.77  4.17  4.20
STD DEV   1.69  1.77  2.77  2.44  2.46  2.03  1.48  1.55  1.11  1.51  1.72  1.67
SKEW       .58   .61   .95   .54   .78   .58   .64   .58   .37   .75   .69   .47
% WNW     3.91  3.67  3.29  2.10  2.21  1.20   .91  1.07  1.07  1.80  4.37  4.16
MEAN      5.10  4.87  6.21  5.50  5.54  4.14  3.48  3.71  4.03  4.63  5.00  4.86
STD DEV   2.04  2.10  3.17  2.56  2.84  1.74  1.18  1.52  1.68  2.36  2.07  2.46
SKEW       .32   .74   .63   .40   .65   .32   .05   .37   .45  1.08   .48  1.61
% NW      5.98  5.99  6.13  4.71  3.34  1.84  1.08  1.01  1.44  3.28  7.23  7.14
MEAN      5.54  5.74  7.00  6.11  5.62  4.53  3.62  3.56  3.66  4.98  5.75  5.65
STD DEV   2.53  2.77  3.56  2.94  2.73  2.10  1.50  1.67  1.62  2.54  2.89  2.64
SKEW       .49   .62   .71   .49   .58   .62   .39   .41   .75  1.15  1.36  1.09
% NNW     7.38  7.23  9.16  6.56  4.43  2.61  1.57  1.76  2.61  4.97  9.37  8.46
MEAN      6.82  6.65  7.87  7.59  6.18  5.62  3.77  4.39  4.81  5.66  6.75  6.67
STD DEV   2.88  2.93  3.35  3.39  2.69  2.52  1.71  1.99  2.09  2.56  3.18  3.00
SKEW       .38   .74   .34   .45   .27   .36   .44   .65   .67   .56   .81   .70
CALM      2.29  2.34  1.57  1.58  1.80  1.86  2.33  2.51  2.63  2.97  2.71  2.83
 
INTERPOLATED DATA (station & weighting factor)
 
---Wind Stations---
DODGE CITY    KS     .484  GAGE          OK     .315  ANTHONY       KS     .201
---Solar Radiation and Max .5 P Stations---
 KS KIOWA            .369   KS GARDEN CITY EXP  .341   OK TALOGA           .290 
---Dewpoint Stations---
KS DODGE CITY        .555  KS GARDEN CITY RGNL  .307  OK HOBART MUNI AP    .138 
---Time Peak Stations---
KS KIOWA             .368  KS GARDEN CITY EXP   .344  OK TALOGA            .288 
