 MAYSVILLE DAM 33 KY                     155243 0
 LATT=  38.63 LONG= -83.70 YEARS= 40. TYPE= 3
 ELEVATION =  520. TP5 = 2.22 TP6= 4.73
 MEAN P    .29   .29   .35   .34   .39   .38   .48   .41   .41   .35   .32   .32
 S DEV P   .36   .40   .50   .38   .45   .50   .54   .49   .55   .44   .36   .40
 SKEW  P  2.09  2.86  4.03  2.23  2.04  2.70  2.24  1.85  2.69  2.28  1.86  2.60
 P(W/W)    .50   .46   .47   .51   .56   .49   .45   .40   .47   .47   .51   .50
 P(W/D)    .28   .27   .28   .30   .29   .26   .22   .21   .18   .20   .24   .29
 TMAX AV 40.42 44.84 55.15 66.37 74.90 83.26 87.09 86.24 79.81 67.93 56.31 44.58
 TMIN AV 21.81 23.85 31.41 40.51 50.04 59.45 64.14 63.04 55.35 43.30 34.38 25.93
 SD TMAX 12.49 12.55 12.65 11.06  8.67  7.01  6.01  5.62  7.93  9.84 11.45 11.68
 SD TMIN 11.93 10.93  9.62  8.90  8.20  6.55  5.49  5.73  7.90  8.82  9.60 10.85
 SOL.RAD  144.  218.  299.  396.  456.  489.  498.  441.  366.  261.  161.  120.
 SD SOL   28.1  36.8  37.8  33.7  41.3  40.4  35.5  29.7  32.1  22.6  23.6  14.5
 MX .5 P   .50   .45   .60   .60  1.04  1.02  1.38  1.35   .74   .76   .62   .64
 DEW PT  23.92 25.92 33.01 41.40 53.00 61.61 66.00 64.69 58.00 45.31 35.70 28.31
Time Pk   .539  .714  .774  .837  .856  .857  .930  .950  .960  .970  .990 1.000
% N       3.60  4.13  4.14  3.88  4.22  3.95  3.75  5.04  4.11  4.24  2.63  3.05
MEAN      3.96  4.05  4.01  3.76  3.65  3.26  3.12  2.97  3.25  3.50  3.34  3.73
STD DEV   1.68  1.79  1.72  1.55  1.62  1.32  1.31  1.28  1.40  1.40  1.46  1.55
SKEW       .63   .53   .59   .63   .67   .62   .77   .94   .79   .68  1.05   .67
% NNE     3.39  4.12  3.79  3.50  4.29  3.63  3.91  4.39  4.86  3.87  2.50  2.66
MEAN      3.97  3.91  3.88  3.83  3.75  3.15  3.18  2.96  2.99  3.25  3.46  3.78
STD DEV   1.71  1.74  1.67  1.51  1.62  1.36  1.24  1.19  1.31  1.38  1.53  1.80
SKEW       .56   .58   .62   .46   .44   .58   .59   .97   .93   .71   .64  1.19
% NE      4.26  5.07  5.62  5.90  6.53  4.76  5.78  6.46  7.17  5.55  3.00  3.83
MEAN      3.64  3.56  3.91  3.58  3.50  3.14  2.87  2.86  3.15  3.13  2.99  3.55
STD DEV   1.45  1.45  1.57  1.49  1.43  1.30  1.11  1.07  1.31  1.21  1.19  1.45
SKEW       .62   .78   .53   .68   .68   .92   .92   .70   .84   .74   .74   .80
% ENE     3.56  4.08  5.00  4.40  3.80  3.48  3.76  3.68  5.56  3.62  2.31  2.76
MEAN      3.79  3.77  3.97  3.91  3.48  3.18  3.03  2.80  3.29  3.12  3.20  3.51
STD DEV   1.37  1.44  1.63  1.50  1.38  1.22  1.15  1.03  1.32  1.26  1.23  1.32
SKEW       .43   .73   .58   .52   .61   .94   .60   .82   .72   .62   .65   .40
% E       3.85  3.82  4.52  4.80  3.79  3.82  4.00  3.97  5.59  3.99  2.94  3.36
MEAN      3.48  3.63  3.55  3.72  3.23  2.92  2.83  2.69  3.01  2.93  3.28  3.63
STD DEV   1.31  1.34  1.42  1.53  1.31  1.13  1.13  1.12  1.10  1.13  1.21  1.35
SKEW       .63   .62   .55   .55   .74   .95  1.18  1.14   .63   .94   .66   .48
% ESE     2.25  2.69  3.08  3.08  2.74  2.81  2.88  2.65  3.95  3.69  2.52  2.64
MEAN      3.44  3.63  3.65  3.58  3.15  2.74  2.73  2.68  2.74  2.93  3.26  3.43
STD DEV   1.25  1.28  1.39  1.31  1.26  1.05   .99  1.01   .94  1.05  1.17  1.31
SKEW       .45   .58   .63   .58   .93   .77   .79   .76   .91   .80   .63   .71
% SE      2.68  2.84  3.41  3.58  3.55  3.40  3.29  3.54  4.04  3.79  3.44  3.33
MEAN      3.56  3.76  3.84  3.60  3.11  2.78  2.65  2.59  2.87  2.94  3.29  3.48
STD DEV   1.51  1.45  1.68  1.48  1.21  1.05   .99  1.02  1.05  1.02  1.31  1.25
SKEW       .93   .63   .87   .86   .85  1.07  1.13  1.24   .91   .72  1.07   .80
% SSE     4.62  4.73  4.27  4.33  4.28  4.52  3.75  3.96  4.69  5.08  5.03  5.91
MEAN      4.17  4.26  4.23  4.17  3.39  3.17  2.95  2.96  3.25  3.27  4.04  4.05
STD DEV   1.86  1.88  1.88  1.73  1.31  1.29  1.16  1.11  1.31  1.34  1.80  1.62
SKEW       .86   .77   .68   .68   .73  1.11  1.04   .69   .87   .87   .97   .68
% S       9.65  8.11  7.62  9.61  8.98 10.52  9.21  8.41  9.29  9.32 10.87 11.18
MEAN      4.75  4.88  4.55  4.47  3.83  3.50  3.19  3.12  3.57  3.80  4.41  4.67
STD DEV   2.04  2.13  1.96  1.96  1.63  1.52  1.27  1.25  1.49  1.65  1.87  1.97
SKEW       .56   .61   .72   .65   .80   .97   .88   .91   .85   .91   .63   .61
% SSW     8.19  7.26  7.58  7.79  7.57  9.06  7.95  6.47  6.39  7.00  8.76  8.85
MEAN      4.96  5.05  5.15  5.13  4.16  3.83  3.47  3.38  3.79  4.12  4.51  4.74
STD DEV   2.15  2.22  2.29  2.19  1.82  1.66  1.47  1.44  1.62  1.85  2.01  1.99
SKEW       .46   .68   .62   .46   .74   .75   .87   .77   .73   .73   .63   .57
% SW      8.49  7.45  7.11  8.40  8.49  9.29  9.14  7.18  6.39  7.10  9.92  9.78
MEAN      5.08  5.20  5.09  5.21  4.30  4.07  3.75  3.56  3.90  4.23  4.84  5.08
STD DEV   2.13  2.32  2.42  2.34  1.94  1.82  1.61  1.61  1.57  1.87  2.12  2.18
SKEW       .45   .61   .65   .48   .74   .68   .85   .83   .63   .66   .51   .45
% WSW     9.39  9.04  8.27  7.44  6.74  6.20  6.17  5.30  4.27  5.82  9.34  8.79
MEAN      5.34  5.35  5.79  5.56  4.44  4.08  3.88  3.67  3.99  4.17  5.15  5.08
STD DEV   2.42  2.35  2.65  2.46  2.11  1.80  1.71  1.64  1.70  1.94  2.34  2.31
SKEW       .51   .34   .58   .47   .65   .59   .95   .73   .58   .72   .46   .49
% W      10.66 11.26 10.65  7.61  6.82  5.86  5.61  5.07  4.33  6.19  9.51  9.31
MEAN      5.26  5.28  5.61  5.28  4.27  3.91  3.52  3.33  3.73  4.20  4.89  4.99
STD DEV   2.32  2.32  2.58  2.45  2.08  1.81  1.58  1.54  1.77  1.86  2.25  2.20
SKEW       .52   .49   .71   .47   .72   .75   .77   .85   .72   .57   .56   .44
% WNW     5.85  6.36  6.39  5.36  4.28  2.92  3.15  2.92  3.02  4.04  5.74  5.70
MEAN      4.99  5.49  5.34  5.05  4.14  3.62  3.46  3.43  3.80  4.09  4.75  4.73
STD DEV   2.29  2.25  2.29  2.28  1.90  1.61  1.67  1.57  1.88  1.92  2.15  2.01
SKEW       .48   .24   .32   .59   .64   .69  1.62   .87  1.02   .64   .40   .39
% NW      4.34  4.59  4.63  4.38  3.97  3.00  3.27  3.42  3.62  3.80  4.16  3.81
MEAN      4.24  4.71  4.64  4.29  3.57  3.34  3.20  3.14  3.29  3.87  4.39  4.15
STD DEV   1.86  2.12  2.02  1.95  1.57  1.43  1.41  1.38  1.40  1.73  2.09  1.93
SKEW       .57   .47   .43   .59   .68   .62  1.08   .98   .84   .65   .68   .68
% NNW     3.79  3.98  3.18  3.48  3.03  2.68  2.60  3.19  2.99  3.17  2.94  2.81
MEAN      4.24  4.24  4.03  4.08  3.48  3.22  3.24  3.16  3.09  3.60  3.92  3.84
STD DEV   1.87  2.07  1.80  1.78  1.52  1.45  1.40  1.36  1.32  1.63  1.76  1.65
SKEW       .50   .80   .66   .48   .62  1.10   .77  1.01   .80   .72   .59   .45
CALM     11.47 10.39 10.68 12.45 16.95 19.91 21.77 24.34 19.72 19.68 14.36 12.10
 
INTERPOLATED DATA (station & weighting factor)
 
---Wind Stations---
WILMINGTON    OH     .362  LEXINGTON     KY     .321  HUNTINGTON/TS.WV     .317
---Solar Radiation and Max .5 P Stations---
 KY MAYSVILLE SEWAG  .847   OH HILLSBORO 5 S    .153                            
---Dewpoint Stations---
OH CINCINNATI LUNKE  .391  KY LEXINGTON BLUEGR  .307  WV HUNTINGTON TRI S  .302 
---Time Peak Stations---
KY MAYSVILLE SEWAGE  .858  OH HILLSBORO 5 S     .142                            
