 TALLULAH LA                             168923 0
 LATT=  32.38 LONG= -91.22 YEARS= 40. TYPE= 4
 ELEVATION =   90. TP5 = 3.03 TP6= 8.19
 MEAN P    .58   .61   .67   .73   .62   .51   .48   .49   .59   .63   .66   .64
 S DEV P   .72   .67   .79   .92   .75   .69   .60   .59   .81   .73   .81   .77
 SKEW  P  2.71  1.78  2.30  2.33  2.50  2.86  2.97  3.14  2.58  1.70  2.87  2.81
 P(W/W)    .45   .42   .41   .36   .43   .49   .43   .40   .43   .43   .45   .44
 P(W/D)    .25   .26   .22   .19   .21   .19   .20   .17   .14   .14   .19   .22
 TMAX AV 55.11 59.62 68.23 76.02 82.88 89.25 91.82 91.83 86.71 77.60 67.18 57.90
 TMIN AV 34.96 38.48 45.82 53.47 62.36 69.03 72.00 70.99 64.65 52.62 44.32 36.92
 SD TMAX 12.28 12.54 10.74  8.18  6.15  4.58  4.00  4.48  6.34  8.34 10.40 11.69
 SD TMIN 10.70 10.21  9.52  8.57  6.63  4.85  2.98  3.65  7.16  9.29 10.10 10.56
 SOL.RAD  204.  270.  357.  465.  516.  532.  551.  512.  430.  338.  242.  197.
 SD SOL   23.2  37.8  23.1  35.5  38.4  43.3  29.4  29.5  28.9  43.2  33.3  26.2
 MX .5 P  1.01  1.04  1.39  1.51  1.67  1.62  1.74  1.57  1.30  1.27  1.31  1.07
 DEW PT  37.46 40.46 46.91 53.91 62.91 69.36 72.45 71.68 65.23 54.91 47.14 39.70
Time Pk   .406  .572  .650  .740  .764  .784  .904  .926  .940  .966  .986 1.000
% N       7.13  6.55  5.38  4.62  3.33  2.96  2.26  4.75  6.52  7.76  6.32  7.87
MEAN      3.56  3.23  3.56  3.53  3.05  2.44  2.45  2.44  2.82  3.02  3.40  3.48
STD DEV   1.38  1.32  1.56  1.51  1.55   .94  1.28   .87  1.26  1.21  1.53  1.38
SKEW       .41   .45   .84   .66  1.35   .29  1.38   .57   .96   .71   .62   .69
% NNE     7.99  8.24  5.80  5.96  4.25  3.57  2.78  4.78 11.78  9.02  5.22  8.59
MEAN      3.67  3.39  3.57  3.55  3.01  2.65  2.91  2.83  3.24  3.22  3.63  3.80
STD DEV   1.32  1.34  1.47  1.38  1.31  1.34   .99  1.11  1.34  1.38  1.55  1.37
SKEW       .52   .86   .56   .57  1.06  1.57   .59   .61   .70   .69   .48   .31
% NE      4.02  5.64  5.21  4.35  3.34  3.24  3.75  4.48 10.85  6.68  4.04  5.54
MEAN      3.30  3.19  3.29  3.23  2.72  2.97  3.01  2.46  3.08  2.85  3.12  3.47
STD DEV   1.20  1.32  1.24  1.31  1.13  1.36  1.18   .96  1.32  1.44  1.17  1.17
SKEW       .79   .91   .63   .60   .97  1.48   .79   .42   .60  1.49   .50   .83
% ENE     2.53  5.66  4.29  3.25  2.99  3.12  3.09  4.67 10.72  6.45  2.60  3.77
MEAN      3.41  2.89  3.22  3.14  2.67  3.21  2.89  2.65  3.61  3.18  2.89  3.43
STD DEV   1.34  1.09  1.21  1.25   .94  1.94  1.34  1.31  1.46  1.65  1.08  1.30
SKEW       .26   .85   .42   .68  1.33  1.38  1.04  2.18   .40  1.18   .69   .59
% E       2.55  3.79  4.22  3.10  2.63  4.85  7.12  5.85  7.03  6.18  4.44  4.87
MEAN      2.94  2.90  2.99  2.68  2.63  2.62  2.74  2.45  2.80  3.12  2.41  2.90
STD DEV   1.25  1.08  1.23  1.22  1.06  1.09  1.12   .95  1.12  1.41   .76  1.05
SKEW       .71  1.03   .51   .83   .68   .89   .74  1.03   .78   .75   .15   .42
% ESE     6.00  8.93  9.68  7.91  8.63  7.95  8.57  5.71  8.09 10.45  3.74 15.42
MEAN      3.15  3.09  3.19  3.02  2.57  2.68  2.81  2.32  2.79  3.30  2.69  3.48
STD DEV   1.31  1.22  1.25  1.25  1.02  1.16  1.20   .84  1.03  1.57   .95  1.27
SKEW       .69   .72   .74   .58   .99   .92   .96   .32   .59  1.01  1.13   .40
% SE      9.25  6.45  8.29  8.71  8.98 11.66  9.44  6.13  6.39 11.42  5.33 10.54
MEAN      3.13  3.28  3.32  3.16  2.81  2.62  2.58  2.38  2.58  2.99  2.90  3.48
STD DEV   1.28  1.37  1.48  1.33  1.18  1.11   .98   .86  1.03  1.57  1.12  1.35
SKEW       .81  1.00   .70   .73  1.01   .81   .93  1.26  1.16  1.67  1.50   .66
% SSE    16.27  9.44 10.33 10.82 10.94  8.21  7.78  3.35  3.68  4.33  5.20  8.48
MEAN      4.06  3.80  4.46  3.68  3.24  2.87  2.66  2.56  2.78  3.48  3.08  4.45
STD DEV   1.53  1.71  1.90  1.55  1.34  1.08  1.03  1.03  1.22  1.32  1.14  1.64
SKEW       .61   .97   .57   .62   .87   .70  1.19  1.21  1.89   .31   .22   .48
% S       6.99  5.38  5.42  5.98  6.10  6.20  5.87  3.74  2.32  2.55  4.01  4.35
MEAN      3.86  3.60  4.38  3.61  2.89  2.99  2.53  2.36  2.65  3.19  3.17  4.26
STD DEV   1.46  1.65  1.93  1.82  1.15  1.21   .93   .77   .82  1.21  1.23  1.29
SKEW       .12   .31   .51  1.21   .72  1.03  1.00   .33   .78   .36   .71   .84
% SSW     9.43  7.53  9.37  9.80 11.65  8.90  8.69  4.04  2.85  2.68  9.16  4.30
MEAN      4.55  4.38  4.28  3.74  3.31  3.26  3.01  2.88  2.93  3.50  4.16  4.31
STD DEV   1.86  2.03  1.78  1.57  1.39  1.40  1.13  1.12  1.31  1.64  1.87  1.98
SKEW       .45   .51   .60   .97   .91   .87   .68   .87   .36   .85   .85   .55
% SW      3.05  4.01  4.55  4.24  6.15  5.56  7.80  6.52  1.27  2.95  7.29  2.53
MEAN      3.65  4.05  4.08  3.60  3.27  3.13  2.73  2.86  2.30  3.08  3.71  2.81
STD DEV   1.79  2.08  1.73  1.71  1.56  1.29  1.05  1.17   .61  1.45  1.52  1.07
SKEW       .48  1.00   .50   .64   .95   .93  1.20   .54   .30  1.50   .16  1.35
% WSW     2.84  3.53  3.31  4.41  5.53  4.10  5.28  4.14  2.03  1.28  5.43  2.79
MEAN      3.85  4.12  3.85  3.76  3.05  3.17  2.97  3.39  2.91  2.73  3.26  2.97
STD DEV   1.87  1.77  1.82  1.43  1.18  1.42  1.14  1.54  1.19  1.04  1.38  1.28
SKEW       .66   .30   .64   .36   .53  1.10   .58  1.58   .17  1.09   .79   .37
% W       2.21  2.37  2.69  3.24  2.80  5.01  5.32  6.12  1.24  1.47  4.23  2.24
MEAN      3.13  3.25  3.84  3.44  2.88  2.93  2.59  2.70  2.73  3.09  2.78  2.94
STD DEV   1.31  1.38  1.80  1.71  1.22  1.14   .91  1.12  1.06  1.34  1.28  1.24
SKEW      1.17   .71   .74   .70   .74   .59   .56   .65   .66   .39   .93   .36
% WNW     3.53  4.32  4.72  3.54  2.43  3.67  4.02  4.95  2.11  1.91  4.08  2.77
MEAN      3.72  3.99  4.86  3.76  2.91  2.87  2.75  2.77  2.63  2.72  3.31  4.08
STD DEV   1.51  1.76  2.32  1.71  1.27  1.13  1.15  1.02   .93   .80  1.33  1.80
SKEW       .48   .52   .76  1.28   .80   .64  1.08   .86   .43  2.43   .73   .80
% NW      4.81  4.88  4.86  4.62  3.68  3.93  4.10  8.09  4.26  5.83  7.88  4.43
MEAN      3.50  3.67  4.05  3.18  2.80  2.71  2.33  2.51  2.52  2.84  3.25  3.63
STD DEV   1.42  1.65  1.84  1.44  1.18  1.17   .82  1.02   .96  1.27  1.38  1.67
SKEW       .76   .57   .62  1.05   .62   .90   .96   .88  1.27  1.47   .53  1.10
% NNW     6.81  6.94  6.14  6.82  2.92  3.35  1.74  4.22  4.99  7.70  8.57  5.02
MEAN      4.02  3.65  4.19  3.48  3.14  2.60  2.60  2.74  3.05  3.34  3.81  3.80
STD DEV   1.49  1.48  1.78  1.47  1.30  1.14   .98  1.08  1.19  1.36  1.46  1.44
SKEW       .44   .88   .72   .80  1.09   .99   .33   .74   .86   .89   .41   .56
CALM      4.49  6.34  5.66  8.64 13.67 13.64 12.39 18.39 13.90 11.34 12.44  6.53
 
INTERPOLATED DATA (station & weighting factor)
 
---Wind Stations---
VICKSBURG     MS     .557  MONROE        LA     .285  MCCOMB        MS     .159
---Solar Radiation and Max .5 P Stations---
 MS PORT GIBSON 1 N  .419   LA WINNSBORO 4 SW   .364   MS YAZOO CITY 5 NN  .218 
---Dewpoint Stations---
LA MONROE REGIONAL   .447  MS JACKSON INTL AP   .321  LA ALEXANDRIA ESLER  .232 
---Time Peak Stations---
MS PORT GIBSON 1 NE  .407  LA WINNSBORO         .384  MS YAZOO CITY 5 NNE  .209 
