 LAWRENCE MA                             194105 0
 LATT=  42.70 LONG= -71.17 YEARS= 40. TYPE= 4
 ELEVATION =   60. TP5 = 1.24 TP6= 4.40
 MEAN P    .49   .48   .49   .38   .35   .37   .40   .40   .46   .48   .40   .46
 S DEV P   .70   .68   .75   .51   .45   .51   .46   .57   .59   .67   .49   .72
 SKEW  P  5.30  6.12  6.79  2.82  3.84  2.73  1.82  4.44  2.63  4.02  2.51  8.08
 P(W/W)    .46   .43   .39   .47   .52   .46   .37   .42   .40   .45   .43   .43
 P(W/D)    .19   .16   .23   .23   .26   .27   .23   .22   .22   .22   .26   .21
 TMAX AV 34.73 37.76 46.04 57.60 68.43 77.54 83.13 81.71 73.67 61.98 51.76 40.13
 TMIN AV 16.77 19.47 27.96 38.08 48.00 57.20 62.84 61.27 52.94 41.38 33.59 23.43
 SD TMAX 10.86 10.05 10.81 10.65 10.00  8.92  6.63  6.90  7.80  8.63  9.60 10.34
 SD TMIN 11.41  9.84  9.16  7.15  6.86  6.68  5.70  6.20  7.58  7.86  8.35  9.70
 SOL.RAD  137.  210.  297.  392.  448.  489.  495.  434.  337.  229.  139.  115.
 SD SOL   19.6  29.5  36.4  46.0  38.4  47.2  35.4  28.1  27.1  20.6  14.0  14.9
 MX .5 P   .37   .33   .40   .47   .50   .77  1.00   .87   .66   .64   .50   .38
 DEW PT  16.39 16.03 24.03 32.28 44.64 55.26 60.38 59.77 53.15 41.64 31.54 21.52
Time Pk   .675  .815  .855  .895  .905  .909  .955  .965  .975  .985  .990 1.000
% N       6.84  7.05  9.02  7.79  5.51  4.34  4.69  4.65  4.71  4.87  8.23  7.38
MEAN      4.16  4.45  4.40  4.56  4.08  3.36  3.33  3.50  3.40  3.62  4.14  4.51
STD DEV   2.16  2.31  2.10  2.29  2.05  1.64  1.51  1.79  1.67  1.79  2.18  2.44
SKEW       .82   .84   .57   .60   .80   .65   .45   .88   .61   .64   .73   .79
% NNE     3.98  4.96  4.96  4.44  3.11  2.43  2.35  2.60  3.38  3.30  4.58  4.24
MEAN      4.13  4.44  4.69  4.51  3.98  3.53  3.24  3.51  3.71  3.79  3.99  4.45
STD DEV   2.01  2.18  2.30  2.17  1.94  1.60  1.46  1.58  1.80  1.77  1.88  2.13
SKEW       .76   .63   .76   .78   .61   .55   .67   .48   .59   .42   .85   .77
% NE      3.01  4.71  4.90  4.41  3.98  3.48  2.31  2.98  4.12  4.14  3.71  3.55
MEAN      4.32  4.46  4.62  4.22  4.05  3.64  2.98  3.55  3.95  3.93  3.78  4.14
STD DEV   2.47  2.32  2.45  1.93  2.05  1.63  1.18  1.51  1.83  1.76  1.85  1.94
SKEW      1.05   .65  1.18   .54  1.32   .54   .25   .28   .67   .49   .77   .74
% ENE     1.67  2.78  4.18  4.06  3.97  3.17  1.83  1.99  3.17  3.22  2.51  2.04
MEAN      4.26  4.16  4.87  4.32  3.82  3.51  2.99  3.31  4.13  4.27  3.81  4.01
STD DEV   2.38  2.34  2.57  2.08  1.63  1.56  1.33  1.32  1.97  2.21  1.93  1.99
SKEW       .48   .79  1.00   .87   .26   .42   .34   .27   .26   .76   .65   .45
% E       1.81  2.48  4.90  4.33  4.40  3.66  2.66  2.30  3.96  2.73  2.52  1.42
MEAN      3.72  3.93  4.62  4.37  3.78  3.47  3.09  3.15  3.35  3.79  3.87  4.72
STD DEV   2.29  2.09  2.25  1.79  1.66  1.63  1.29  1.39  1.54  1.84  2.31  2.94
SKEW      1.16   .99   .66   .36   .30   .51   .50   .38   .75   .56  1.16   .81
% ESE      .84  1.45  2.89  3.57  4.23  2.69  2.43  2.13  2.11  2.10  1.27   .78
MEAN      3.40  3.88  4.20  4.23  4.05  3.50  3.29  3.49  3.25  3.88  4.07  4.54
STD DEV   1.96  1.99  1.77  1.70  1.66  1.42  1.36  1.60  1.37  1.70  2.34  2.59
SKEW      1.23   .82   .71   .12   .40   .19   .31   .41   .41   .58   .84   .42
% SE       .73  1.23  2.21  3.54  4.43  3.44  3.03  2.79  2.77  2.14  1.27   .86
MEAN      3.27  3.44  3.92  4.05  4.09  3.66  3.33  3.34  3.07  3.44  3.25  3.78
STD DEV   1.27  1.66  1.73  1.62  1.58  1.51  1.37  1.34  1.35  1.39  1.85  1.80
SKEW       .08   .61   .34   .41   .30   .20   .36   .25   .36   .10  1.06   .93
% SSE     1.02  1.55  2.02  2.98  3.39  3.31  3.53  3.07  2.89  2.08  1.91  1.38
MEAN      3.47  3.69  3.45  3.90  3.93  3.43  3.38  3.26  3.39  3.25  3.27  3.74
STD DEV   1.88  1.96  1.51  1.66  1.74  1.53  1.55  1.43  1.57  1.32  1.48  2.16
SKEW      1.01   .59   .61   .35   .44   .27   .66   .52  1.08   .45   .34   .97
% S       1.96  2.50  2.59  3.58  4.28  4.33  5.17  4.92  4.93  4.09  3.48  3.03
MEAN      3.43  3.37  3.53  3.93  3.67  3.31  3.17  3.15  3.26  3.27  3.42  3.25
STD DEV   1.77  1.92  1.61  1.86  1.73  1.56  1.49  1.50  1.50  1.50  1.68  1.60
SKEW       .77  1.46   .38   .79   .66   .58   .80   .86   .80   .62   .89   .88
% SSW     3.71  2.93  2.68  4.39  5.24  6.66  7.11  6.91  6.49  5.31  5.18  3.90
MEAN      3.77  3.56  3.76  4.57  4.22  3.70  3.71  3.55  3.82  3.75  3.87  3.79
STD DEV   1.94  1.72  1.96  2.28  1.93  1.66  1.69  1.61  1.72  1.80  2.02  1.69
SKEW       .90   .84  1.11   .53   .46   .70   .65   .69   .66   .73  1.08   .51
% SW      5.20  5.66  4.23  5.26  8.04 10.30  9.93 10.27  7.81  6.83  6.05  5.80
MEAN      3.88  3.79  3.97  4.46  4.18  3.80  3.68  3.61  3.57  3.83  3.88  3.96
STD DEV   1.88  1.65  1.96  2.01  1.90  1.64  1.60  1.58  1.64  1.95  1.74  1.95
SKEW       .72   .60   .66   .49   .60   .48   .41   .78   .66   .67   .59   .66
% WSW     7.06  6.17  4.98  5.91  7.34  9.61  8.61  8.06  5.51  6.88  6.18  7.22
MEAN      3.68  3.99  3.98  4.14  4.07  3.64  3.54  3.47  3.49  3.63  4.05  3.97
STD DEV   1.83  1.92  2.02  2.02  1.89  1.65  1.63  1.60  1.71  1.80  1.95  1.87
SKEW       .76   .74   .98   .75   .60   .49   .68   .60   .72   .80   .68   .58
% W      12.91 10.63  9.28  8.27  8.42 10.59 10.21  9.29  7.49  9.62  8.74 10.79
MEAN      4.33  4.70  4.69  4.78  4.21  3.81  3.57  3.46  3.56  3.89  3.96  4.42
STD DEV   2.21  2.38  2.57  2.46  2.16  1.87  1.76  1.67  1.85  1.94  2.04  2.25
SKEW       .78   .74   .91   .76   .65   .61   .80   .66   .92   .73   .84   .69
% WNW    11.02  9.75  8.40  7.26  5.43  4.96  5.32  4.69  5.17  6.71  7.93  9.11
MEAN      5.23  5.30  5.53  5.45  4.58  4.28  3.70  3.73  4.04  4.42  4.95  4.91
STD DEV   2.54  2.48  2.61  2.62  2.20  2.19  1.73  1.73  1.99  2.16  2.45  2.40
SKEW       .59   .56   .60   .57   .41   .43   .35   .49   .77   .44   .81   .65
% NW      9.15  8.33  8.95  7.73  5.38  4.54  5.17  4.85  5.29  7.49  7.44  9.07
MEAN      5.12  5.37  5.50  5.58  4.90  4.21  3.82  3.77  4.14  4.60  4.64  5.05
STD DEV   2.65  2.59  2.51  2.76  2.34  2.13  1.84  1.83  1.98  2.20  2.29  2.46
SKEW       .64   .69   .42   .98   .54   .72   .54   .52   .38   .40   .56   .53
% NNW     7.53  6.31  7.61  7.28  4.17  3.51  3.41  3.83  3.93  4.66  6.33  6.02
MEAN      4.76  4.99  4.98  5.09  4.66  4.05  3.62  3.96  3.82  4.31  4.56  4.56
STD DEV   2.40  2.41  2.24  2.33  2.26  2.08  1.75  2.13  1.90  2.19  2.35  2.42
SKEW       .70   .44   .55   .54   .50   .70   .54   .98   .52   .78   .65   .91
CALM     21.57 21.46 16.14 15.21 18.71 18.97 22.20 24.72 26.33 23.84 22.74 23.41
 
INTERPOLATED DATA (station & weighting factor)
 
---Wind Stations---
BEDFORD/HANSC MA     .440  FT.DEVENS     MA     .323  PORTSMOUTH/PE NH     .237
---Solar Radiation and Max .5 P Stations---
 NH DURHAM           .625   NH NEW DURHAM 3 NN  .375                            
---Dewpoint Stations---
NH MANCHESTER AP     .489  MA BOSTON LOGAN INT  .385  ME PORTLAND INTL JE  .127 
---Time Peak Stations---
NH FRANKLIN FALLS D  .535  NH BRISTOL           .465                            
