 HAVERHILL MA                            193505 0
 LATT=  42.80 LONG= -71.07 YEARS= 40. TYPE= 4
 ELEVATION =  120. TP5 = 1.23 TP6= 4.43
 MEAN P    .35   .39   .42   .36   .32   .35   .36   .38   .42   .45   .38   .39
 S DEV P   .44   .51   .61   .53   .46   .48   .51   .57   .66   .68   .50   .49
 SKEW  P  2.34  2.28  3.58  3.64  3.85  2.97  3.12  3.88  3.66  3.82  2.29  2.24
 P(W/W)    .42   .43   .48   .54   .55   .50   .40   .48   .46   .49   .49   .43
 P(W/D)    .29   .25   .28   .29   .32   .30   .28   .24   .24   .26   .28   .29
 TMAX AV 35.10 38.21 46.74 58.13 68.72 77.36 83.27 81.40 73.12 61.90 51.32 39.97
 TMIN AV 15.98 18.09 26.17 35.51 45.26 54.62 61.13 59.31 50.92 39.62 31.55 21.55
 SD TMAX 10.73  9.76 10.77 10.78 10.24  9.11  6.79  7.02  8.11  8.58  9.66 10.09
 SD TMIN 11.23 10.11  9.06  7.39  7.33  7.18  6.34  7.09  8.40  8.74  9.03  9.65
 SOL.RAD  137.  210.  296.  391.  447.  488.  494.  433.  336.  229.  139.  115.
 SD SOL   19.7  29.6  36.7  46.1  38.3  46.3  35.5  28.1  27.7  20.9  13.9  15.2
 MX .5 P   .37   .33   .41   .47   .50   .77   .99   .87   .66   .64   .50   .38
 DEW PT  16.22 15.85 23.85 32.15 44.52 55.18 60.33 59.67 53.00 41.52 31.33 21.37
Time Pk   .653  .770  .813  .857  .863  .873  .937  .947  .963  .973  .983 1.000
% N       8.14  7.20  7.55  5.82  4.79  3.74  3.07  3.71  4.71  4.72  5.66  7.14
MEAN      4.61  4.61  4.60  4.70  4.22  3.68  3.38  3.49  3.67  3.87  4.21  4.46
STD DEV   2.30  2.41  2.23  2.27  2.10  1.72  1.49  1.67  1.80  2.04  2.18  2.21
SKEW       .87   .99   .76   .66   .72   .59   .56   .84   .75   .88   .85   .88
% NNE     4.16  4.71  4.71  4.07  3.21  2.54  2.01  2.60  3.55  3.67  4.05  4.84
MEAN      4.33  4.69  4.61  4.34  4.02  3.52  2.97  3.36  3.60  3.67  3.90  4.34
STD DEV   1.98  2.18  2.19  1.95  2.04  1.64  1.27  1.54  1.88  1.70  1.78  1.92
SKEW       .68   .57   .82   .69   .88   .82   .58   .67  1.60   .55   .84   .69
% NE      3.02  3.44  4.41  4.18  3.78  3.30  2.11  2.60  3.85  3.68  3.25  3.30
MEAN      4.42  4.34  4.58  4.38  3.99  3.86  3.02  3.44  3.88  3.68  3.76  4.13
STD DEV   2.32  2.22  2.35  2.14  1.95  1.78  1.15  1.50  1.84  1.66  1.77  1.98
SKEW       .66   .69  1.11   .72   .98   .72   .55   .54   .60   .67   .58   .87
% ENE     1.55  2.20  3.64  3.78  3.58  2.76  1.74  2.17  2.88  2.79  2.52  1.39
MEAN      4.60  4.38  4.99  4.37  3.98  3.70  3.13  3.35  3.77  4.11  3.85  4.09
STD DEV   2.40  2.31  2.49  2.12  1.74  1.59  1.26  1.32  1.55  2.07  1.98  1.83
SKEW       .42   .68   .81  1.00   .67   .63   .50   .30   .33   .70   .71   .23
% E       1.22  2.11  3.66  3.80  4.20  3.14  2.31  1.94  2.59  2.29  2.62   .98
MEAN      3.88  4.18  4.39  4.32  3.92  3.66  3.32  3.32  3.56  3.70  4.19  4.22
STD DEV   2.34  1.97  2.01  1.78  1.74  1.69  1.27  1.51  1.54  1.84  2.29  2.30
SKEW      1.35   .70   .59   .38   .64   .87   .31  1.10   .56   .87   .98   .83
% ESE      .75  1.42  2.66  3.72  4.41  3.03  2.34  2.15  2.17  2.32  1.92   .75
MEAN      3.34  3.99  4.17  4.33  4.33  3.76  3.53  3.50  3.47  3.92  4.65  4.55
STD DEV   1.73  1.77  1.70  1.75  1.66  1.55  1.41  1.42  1.44  1.76  2.50  2.29
SKEW      1.28   .61   .43   .31   .38   .43   .24   .51   .58   .66  1.11   .48
% SE      1.05  1.44  2.57  4.71  5.27  4.30  3.89  3.43  3.19  2.75  1.65  1.03
MEAN      3.75  3.49  3.98  4.34  4.23  3.94  3.61  3.61  3.36  3.75  3.61  4.13
STD DEV   1.65  1.48  1.67  1.69  1.65  1.68  1.49  1.45  1.46  1.59  1.82  2.02
SKEW       .31   .43   .47   .58   .39   .49   .42   .33   .44   .66  1.10   .82
% SSE     1.55  2.33  2.94  4.45  4.90  5.48  5.55  5.00  4.36  3.62  2.72  2.21
MEAN      4.02  4.06  3.94  4.21  4.11  3.89  3.66  3.56  3.54  3.69  3.79  4.18
STD DEV   2.04  2.14  1.86  1.85  1.78  1.64  1.59  1.47  1.59  1.68  1.84  2.27
SKEW       .78   .90   .85   .56   .72   .35   .63   .49   .86   .84   .87   .98
% S       2.76  3.46  3.20  4.27  5.31  6.00  6.65  6.15  5.21  4.95  5.09  3.45
MEAN      3.79  3.83  4.04  4.09  3.74  3.60  3.44  3.39  3.52  3.47  3.80  3.42
STD DEV   1.91  2.02  1.87  1.89  1.76  1.68  1.52  1.47  1.54  1.56  1.80  1.66
SKEW      1.02  1.41   .73   .52   .81   .72   .68   .59   .50   .66  1.01   .95
% SSW     3.68  3.49  2.79  4.28  5.81  7.46  7.70  6.71  5.89  4.99  4.62  3.91
MEAN      4.04  4.09  4.20  4.54  4.44  4.01  3.86  3.59  4.05  3.93  3.98  3.85
STD DEV   1.96  1.99  2.07  1.96  2.03  1.83  1.72  1.53  1.77  1.92  2.09  1.80
SKEW       .85   .90   .70   .39   .68   .63   .52   .55   .65   .77  1.26   .75
% SW      4.99  4.46  3.56  4.35  6.37  8.37  8.71  7.98  6.76  6.20  5.04  5.55
MEAN      4.05  4.18  4.19  4.43  4.40  4.11  3.85  3.65  3.72  3.82  3.93  3.95
STD DEV   1.86  1.80  1.99  2.05  2.04  1.77  1.68  1.57  1.66  1.85  1.84  1.84
SKEW       .93   .76   .66   .75   .68   .48   .51   .69   .61   .83   .89   .73
% WSW     5.86  5.60  4.44  4.91  5.68  7.40  7.47  6.87  5.36  5.96  5.52  5.86
MEAN      4.36  4.67  4.58  4.75  4.33  3.97  3.75  3.70  3.83  3.95  4.21  4.29
STD DEV   2.19  2.19  2.42  2.27  1.92  1.79  1.64  1.64  1.76  1.90  2.04  2.00
SKEW       .95   .73  1.06   .71   .71   .58   .69   .79   .70   .87   .77   .67
% W      11.11 10.55  9.25  7.85  7.50  7.75  8.33  7.95  6.66  8.18  8.47 10.04
MEAN      4.83  5.37  5.26  5.04  4.58  4.06  3.79  3.76  3.81  4.24  4.50  4.94
STD DEV   2.44  2.70  2.74  2.58  2.21  2.00  1.75  1.83  1.91  2.08  2.31  2.47
SKEW       .81   .96   .77   .72   .55   .78   .63  1.03   .98   .84   .98   .79
% WNW    10.87 10.56  9.44  7.36  6.06  5.16  5.32  5.25  5.19  6.59  8.28  9.56
MEAN      5.88  6.00  6.21  5.90  5.00  4.58  4.10  4.06  4.14  4.85  5.08  5.54
STD DEV   2.81  2.76  2.86  2.81  2.36  2.25  1.89  1.90  2.07  2.39  2.43  2.72
SKEW       .58   .54   .46   .53   .59   .51   .64   .61   .90   .64   .67   .61
% NW      9.41  8.92  9.85  7.69  5.85  4.93  5.07  5.05  5.91  6.32  7.71  8.59
MEAN      5.54  5.96  5.97  5.76  5.29  4.56  4.23  3.96  4.23  4.81  4.99  5.42
STD DEV   2.75  2.81  2.72  2.71  2.54  2.20  2.00  1.94  2.11  2.28  2.44  2.61
SKEW       .60   .54   .41   .69   .51   .58   .64   .72   .64   .50   .54   .60
% NNW     8.35  8.26  8.91  7.65  5.27  4.43  4.26  4.66  5.50  5.20  5.76  7.79
MEAN      4.87  5.39  5.20  5.32  4.87  4.31  3.83  3.96  4.07  4.65  4.73  4.90
STD DEV   2.33  2.58  2.31  2.39  2.28  2.08  1.76  1.94  1.98  2.25  2.41  2.40
SKEW       .75   .64   .58   .56   .57   .60   .65   .80   .66   .62   .73   .81
CALM     21.50 19.79 16.40 17.06 17.98 20.20 23.46 25.85 26.20 25.71 25.14 23.62
 
INTERPOLATED DATA (station & weighting factor)
 
---Wind Stations---
PORTSMOUTH/PE NH     .349  MANCHESTER/GR NH     .332  BEDFORD/HANSC MA     .319
---Solar Radiation and Max .5 P Stations---
 NH DURHAM           .661   NH NEW DURHAM 3 NN  .339                            
---Dewpoint Stations---
NH MANCHESTER AP     .516  MA BOSTON LOGAN INT  .334  ME PORTLAND INTL JE  .151 
---Time Peak Stations---
NH DURHAM            .667  NH NEW DURHAM 3 NNW  .333                            
