 IONIA STATE HOSP MI                     204078 0
 LATT=  42.97 LONG= -85.08 YEARS= 40. TYPE= 3
 ELEVATION =  740. TP5 = 2.09 TP6= 4.74
 MEAN P    .17   .17   .25   .29   .33   .35   .35   .41   .36   .29   .25   .17
 S DEV P   .22   .29   .37   .36   .39   .46   .46   .54   .52   .43   .34   .21
 SKEW  P  2.37  4.92  4.81  2.70  2.18  2.88  2.51  2.50  3.60  4.87  2.27  2.71
 P(W/W)    .54   .51   .46   .50   .49   .44   .33   .45   .45   .49   .52   .52
 P(W/D)    .28   .25   .24   .25   .24   .24   .25   .23   .25   .25   .25   .29
 TMAX AV 29.68 32.69 43.60 57.35 69.55 78.66 82.78 80.16 72.67 59.78 46.51 33.83
 TMIN AV 14.78 15.56 24.24 34.48 45.91 55.16 59.39 57.44 48.92 38.53 30.16 20.40
 SD TMAX 10.11  9.99 12.75 12.15 10.42  8.09  6.56  6.64  8.83 10.15 10.73  9.63
 SD TMIN 11.96 11.54 10.91  9.03  8.90  7.97  6.82  6.94  8.63  8.41  8.67 10.44
 SOL.RAD  115.  190.  292.  379.  448.  511.  509.  426.  347.  216.  123.   94.
 SD SOL   22.4  33.8  39.6  52.2  45.7  40.8  42.0  34.8  37.2  15.5  20.8  13.4
 MX .5 P   .30   .34   .37   .54   .81   .98  1.18  1.14   .88   .50   .43   .32
 DEW PT  17.66 18.66 25.83 34.36 45.83 55.83 60.83 60.00 52.83 41.00 31.83 22.47
Time Pk   .552  .726  .789  .863  .869  .879  .949  .956  .966  .976  .986 1.000
% N       3.28  4.23  3.72  4.08  4.12  3.39  3.81  4.32  3.87  3.87  3.45  3.25
MEAN      4.43  4.50  4.53  4.69  4.30  3.82  3.72  3.61  3.85  4.24  4.64  4.82
STD DEV   1.92  1.88  2.07  2.04  1.82  1.62  1.64  1.54  1.64  1.83  2.12  2.04
SKEW       .63   .67   .78   .54   .55   .58   .66   .52   .62   .57   .73   .30
% NNE     3.28  4.24  4.25  3.68  4.57  3.29  3.00  4.15  3.34  3.44  2.84  2.74
MEAN      4.51  4.93  5.16  5.29  4.66  3.97  3.72  3.88  4.12  4.29  4.61  4.89
STD DEV   2.00  2.25  2.22  2.16  1.84  1.79  1.54  1.62  1.64  1.93  1.94  2.14
SKEW       .60   .53   .45   .43   .18   .73   .63   .44   .44   .47   .38   .46
% NE      4.41  5.02  5.91  4.98  5.66  4.93  4.22  4.96  4.24  3.74  2.66  3.02
MEAN      5.00  5.15  5.15  5.26  4.65  4.07  3.75  3.79  3.97  4.08  4.36  4.55
STD DEV   2.34  2.38  2.05  2.21  1.91  1.84  1.62  1.61  1.65  1.88  2.04  2.14
SKEW       .48   .57   .33   .33   .34   .77   .70   .53   .59   .62   .57   .61
% ENE     3.65  5.49  7.33  5.50  5.47  4.23  4.24  4.25  4.07  3.29  2.75  3.46
MEAN      5.01  5.31  5.86  5.37  4.70  3.92  3.85  3.72  3.78  3.90  4.43  4.69
STD DEV   2.40  2.50  2.47  2.17  1.84  1.57  1.53  1.45  1.50  1.70  2.03  2.02
SKEW       .56   .71   .56   .26   .48   .62   .47   .54   .60   .59   .73   .37
% E       3.86  4.71  6.70  6.01  5.80  4.69  4.34  4.71  4.91  4.23  2.86  4.12
MEAN      4.49  4.42  5.51  5.10  4.27  3.68  3.43  3.31  3.54  3.64  3.98  4.94
STD DEV   2.14  1.94  2.40  2.30  1.82  1.50  1.46  1.38  1.46  1.58  1.80  2.22
SKEW       .73   .60   .36   .45   .53   .56   .73   .79   .66   .77   .84   .58
% ESE     3.99  4.19  4.86  5.00  5.71  3.77  3.21  3.24  3.60  3.76  2.86  3.85
MEAN      4.94  4.99  5.48  5.13  4.67  3.73  3.43  3.17  3.70  3.75  4.25  5.01
STD DEV   2.07  2.19  2.23  2.22  1.81  1.58  1.50  1.31  1.52  1.72  2.01  2.15
SKEW       .37   .63   .31   .45   .21   .71   .67   .65   .62   .89   .58   .39
% SE      4.00  3.97  4.39  4.98  5.23  4.51  3.58  4.00  4.68  4.73  3.81  3.81
MEAN      4.80  4.94  4.87  4.94  4.45  3.67  3.22  3.27  3.71  3.88  4.63  4.76
STD DEV   2.07  2.07  1.97  2.09  1.77  1.63  1.41  1.34  1.51  1.70  1.97  1.95
SKEW       .33   .35   .27   .26   .27   .75   .67   .51   .45   .63   .37   .29
% SSE     4.59  4.31  4.29  5.22  5.27  5.46  4.40  5.06  6.84  6.33  5.88  5.03
MEAN      4.93  5.41  5.27  5.09  4.66  3.98  3.59  3.58  4.30  4.38  5.14  5.33
STD DEV   2.03  2.16  2.23  2.10  1.81  1.70  1.49  1.39  1.71  1.77  2.16  2.22
SKEW       .30   .22   .38   .30   .29   .67   .57   .40   .50   .47   .55   .59
% S       7.91  5.70  5.02  6.15  6.82  8.17  7.43  7.64  8.99  9.53 10.02  8.17
MEAN      5.25  5.03  5.26  5.18  4.71  4.28  3.83  3.79  4.26  4.60  4.99  5.20
STD DEV   2.16  2.04  2.30  2.19  1.87  1.80  1.68  1.62  1.75  1.91  2.01  2.08
SKEW       .42   .20   .37   .41   .31   .59   .75   .72   .56   .44   .53   .52
% SSW     9.11  6.38  5.18  5.59  6.01  8.31  7.64  7.55  9.49  9.86 11.42 10.50
MEAN      5.67  5.23  5.80  5.30  4.93  4.57  4.28  4.08  4.60  4.79  5.36  5.70
STD DEV   2.14  2.06  2.66  2.21  2.11  1.90  1.87  1.70  1.94  1.98  2.14  2.22
SKEW       .34   .19   .62   .40   .36   .43   .46   .62   .41   .46   .53   .52
% SW      9.85  7.78  6.30  6.48  6.94  8.93  8.86  8.38  8.20  9.12  9.10 10.11
MEAN      5.65  5.49  5.66  5.37  4.93  4.49  4.18  4.24  4.48  4.79  5.37  5.70
STD DEV   2.39  2.37  2.89  2.60  2.29  2.00  1.87  1.87  2.05  2.13  2.47  2.44
SKEW       .51   .75   .79   .70   .72   .52   .58   .60   .70   .39   .77   .47
% WSW    10.38  9.28  8.31  9.09  8.81  9.57  9.47  8.79  7.66  8.10  9.55 10.26
MEAN      6.40  6.04  6.35  6.43  6.09  5.16  4.65  4.63  5.04  5.40  5.87  6.01
STD DEV   2.89  2.77  2.98  2.83  2.92  2.16  2.01  1.95  2.33  2.47  2.67  2.59
SKEW       .79   .66   .61   .51  1.22   .47   .66   .41   .73   .51   .70   .62
% W      11.13 10.72 10.35 10.81 10.10  9.88 10.98  8.72  8.46  8.37 10.92 10.94
MEAN      6.07  5.78  5.95  6.14  5.48  4.91  4.47  4.25  4.88  5.07  5.73  5.86
STD DEV   2.78  2.57  2.74  2.74  2.53  2.22  1.98  1.91  2.25  2.48  2.59  2.53
SKEW       .55   .56   .60   .63   .52   .48   .48   .62   .63   .65   .56   .40
% WNW     8.48  9.14  8.94  8.53  6.62  7.12  7.62  6.11  7.21  6.57  8.37  8.72
MEAN      6.04  6.00  6.32  6.01  5.39  4.92  4.46  4.31  5.09  5.18  5.83  5.63
STD DEV   2.60  2.54  2.63  2.46  2.22  2.15  1.96  1.88  2.16  2.16  2.38  2.27
SKEW       .56   .33   .31   .31   .15   .41   .42   .54   .34   .24   .30   .28
% NW      5.62  7.06  6.87  6.56  5.17  4.69  6.01  5.98  5.14  5.61  5.87  5.56
MEAN      5.33  5.38  5.58  5.57  4.57  4.26  4.05  3.99  4.26  4.68  5.09  4.91
STD DEV   2.42  2.28  2.33  2.33  1.96  1.89  1.86  1.84  1.95  1.98  2.22  2.16
SKEW       .54   .41   .35   .41   .49   .58   .57   .65   .58   .33   .63   .59
% NNW     4.14  4.83  5.09  5.08  4.13  3.74  4.41  4.34  3.74  4.19  4.60  3.59
MEAN      5.14  4.96  5.37  5.48  4.64  4.29  4.11  3.88  4.37  4.59  5.03  5.03
STD DEV   2.13  1.95  2.21  2.18  1.93  1.90  1.75  1.68  1.90  1.93  2.10  2.05
SKEW       .26   .50   .29   .19   .34   .42   .47   .68   .69   .34   .44   .32
CALM      2.35  2.77  2.44  2.23  3.64  5.32  6.82  7.82  5.53  5.33  3.05  2.88
 
INTERPOLATED DATA (station & weighting factor)
 
---Wind Stations---
LANSING       MI     .418  GRAND RAPIDS  MI     .398  SAGINAW       MI     .184
---Solar Radiation and Max .5 P Stations---
 MI OWOSSO WASTEWAT  .384   MI GRAND HAVEN WWT  .310   MI JACKSON 3N       .305 
---Dewpoint Stations---
MI GRAND RAPIDS INT  .468  MI LANSING CAPITAL   .363  MI SAGINAW MBS INTL  .169 
---Time Peak Stations---
MI OWOSSO WASTEWATE  .387  MI GRAND HAVEN WWTP  .310  MI JACKSON 3N        .303 
