 CANBY MN                                211263 0
 LATT=  44.72 LONG= -96.28 YEARS= 40. TYPE= 3
 ELEVATION = 1240. TP5 = 2.61 TP6= 5.58
 MEAN P    .15   .16   .25   .31   .31   .42   .39   .36   .38   .34   .30   .15
 S DEV P   .20   .21   .31   .39   .37   .51   .55   .49   .50   .49   .40   .19
 SKEW  P  2.72  2.47  2.29  2.18  2.51  1.97  3.37  2.72  2.73  2.55  3.26  2.77
 P(W/W)    .33   .28   .41   .44   .42   .43   .29   .35   .39   .45   .32   .29
 P(W/D)    .15   .17   .17   .20   .26   .26   .24   .21   .18   .14   .12   .15
 TMAX AV 23.85 29.01 40.30 57.29 70.49 79.82 85.33 82.45 73.74 59.79 42.08 28.06
 TMIN AV  4.53 10.03 21.32 34.36 46.76 56.81 62.18 59.15 49.46 36.70 23.25 10.18
 SD TMAX 13.99 14.32 13.73 13.88 11.21  8.93  7.42  7.53 10.45 12.43 13.78 13.55
 SD TMIN 14.18 14.65 12.30  8.99  8.85  7.10  6.38  6.68  9.04  9.03 11.10 13.26
 SOL.RAD  125.  199.  307.  409.  473.  544.  558.  477.  369.  235.  145.  107.
 SD SOL   17.6  30.3  39.2  51.1  42.3  39.3  24.8  31.8  21.4  32.3  23.3  18.6
 MX .5 P   .20   .24   .33   .41   .77   .99  1.37  1.09   .87   .48   .26   .20
 DEW PT   7.32 12.32 22.29 32.29 44.29 54.53 60.53 58.80 48.77 36.27 23.53 12.29
Time Pk   .550  .710  .790  .860  .870  .870  .950  .960  .970  .980  .980 1.000
% N       5.50  5.79  7.10  8.09  8.10  4.14  4.96  4.87  4.05  5.26  4.90  4.91
MEAN      5.00  4.94  6.31  5.81  4.92  4.44  3.68  3.64  3.75  4.29  4.62  4.81
STD DEV   2.58  2.78  3.10  3.03  2.53  2.23  1.68  1.87  1.90  2.33  2.38  2.44
SKEW       .50  1.09   .61   .55   .58   .51   .49   .62   .75   .67   .83   .37
% NNE     3.74  5.22  6.04  5.87  7.18  4.86  4.40  3.89  3.57  4.93  3.58  3.77
MEAN      4.49  5.38  6.18  6.25  4.89  4.63  3.69  3.57  4.05  4.51  5.87  4.65
STD DEV   2.28  2.56  2.99  3.01  2.13  2.15  1.68  1.70  1.86  2.09  3.14  2.40
SKEW       .59   .49  1.04   .34   .21   .57   .47   .63   .47   .38   .55   .69
% NE      2.89  4.15  3.55  3.58  5.08  4.67  4.30  4.55  3.86  3.28  2.14  3.03
MEAN      4.03  4.90  5.40  4.64  4.51  4.06  3.58  3.36  3.61  3.78  3.43  3.93
STD DEV   2.13  2.62  2.85  2.33  2.19  2.03  1.77  1.55  1.85  1.91  1.68  2.22
SKEW       .60   .57   .75   .27   .31   .61   .61   .63   .57   .76   .53   .97
% ENE     3.09  4.64  4.88  4.67  5.06  5.17  4.03  4.76  3.40  2.31  1.98  2.60
MEAN      4.59  6.10  6.40  6.25  5.31  4.85  4.23  3.87  3.94  4.25  4.07  4.15
STD DEV   2.29  3.19  3.29  3.00  2.43  2.25  1.98  1.72  1.83  2.05  1.89  2.00
SKEW       .83   .50   .60   .42   .52   .69   .61   .48   .32   .53   .60   .53
% E       2.96  3.06  4.75  4.51  4.06  5.16  4.17  5.06  3.74  2.12  2.18  2.78
MEAN      4.40  5.17  5.34  6.37  4.97  4.43  3.72  3.65  3.71  3.49  4.01  3.92
STD DEV   2.53  2.94  2.92  3.47  2.38  2.03  1.87  1.81  1.79  1.63  1.82  2.03
SKEW       .95  1.00   .67   .45   .43   .51   .76   .68   .45   .65   .54   .53
% ESE     5.48  4.58  8.31  5.83  7.09  7.71  5.69  6.61  5.44  3.68  3.34  4.70
MEAN      4.51  4.61  5.35  5.38  5.34  4.98  3.99  3.79  3.85  3.84  4.07  4.30
STD DEV   2.07  2.33  2.43  2.77  2.56  2.38  1.68  1.73  1.76  1.69  1.79  2.16
SKEW       .38   .94   .48   .57   .57   .50   .55   .53   .65   .59   .35   .76
% SE      6.57  6.08  6.12  6.68  6.62  7.59  8.42 10.25  8.21  8.05  5.39  5.91
MEAN      4.22  4.19  5.76  5.24  5.41  4.86  4.18  3.95  4.12  4.59  4.06  4.54
STD DEV   2.28  2.24  2.71  2.90  2.76  2.50  1.97  1.84  2.05  2.49  2.03  2.49
SKEW       .99   .84   .43   .82   .72   .49   .54   .61   .69   .86   .59   .77
% SSE     9.23  9.68  6.59  8.92  8.88 10.07 12.86 14.22 12.30 12.83  9.19  9.83
MEAN      5.93  5.72  6.25  6.41  6.96  6.27  5.83  5.30  5.87  6.03  5.70  5.46
STD DEV   2.95  2.63  2.70  2.83  3.13  2.74  2.46  2.33  2.46  2.65  2.56  2.61
SKEW       .45   .31   .28   .32   .52   .28   .47   .57   .28   .43   .32   .48
% S       5.78  4.93  4.34  6.73  6.94  7.66 11.83 11.25  9.47  7.87  7.28  6.09
MEAN      5.24  4.74  5.02  6.48  6.39  6.33  5.63  5.34  5.68  5.94  5.17  4.76
STD DEV   2.80  2.50  2.61  3.28  2.94  3.18  2.45  2.41  2.67  2.99  2.38  2.36
SKEW       .40   .59   .53   .52   .23   .59   .36   .33   .36   .66   .33   .48
% SSW     4.74  4.07  3.48  4.66  4.65  6.41  6.78  6.17  5.74  6.88  6.73  5.48
MEAN      4.32  4.61  5.12  6.33  5.27  6.00  5.30  5.11  5.53  5.57  5.18  4.27
STD DEV   2.15  2.14  2.45  2.93  2.57  2.81  2.54  2.46  2.73  2.76  2.50  2.18
SKEW       .65   .46   .48   .44   .39   .29   .40   .33   .55   .53   .36   .90
% SW      4.25  4.35  3.01  2.36  2.89  4.78  3.61  3.97  4.78  4.36  4.63  4.94
MEAN      3.51  3.81  3.95  4.41  4.63  4.75  3.73  4.21  4.06  4.35  3.73  3.65
STD DEV   1.73  1.95  1.98  2.64  2.88  2.32  2.01  2.31  2.05  2.36  1.86  1.98
SKEW       .77   .81   .58   .74   .95   .54   .98   .77   .79   .81   .82  1.14
% WSW     3.98  4.60  3.62  2.34  4.08  5.50  2.95  2.38  3.94  3.95  4.52  5.36
MEAN      4.39  4.76  4.98  4.91  6.64  6.00  3.87  4.53  4.58  4.97  4.41  4.44
STD DEV   2.06  2.27  2.39  2.51  3.92  3.05  1.80  2.47  2.34  2.49  2.02  2.19
SKEW       .59   .72   .56   .37   .84   .76   .52   .62  1.14   .63   .69   .96
% W       5.02  5.92  5.43  3.21  4.12  4.75  4.08  2.89  5.10  4.96  5.94  5.53
MEAN      4.39  4.90  4.85  5.64  6.02  6.00  4.06  3.96  4.99  4.95  4.78  4.97
STD DEV   2.31  2.57  2.61  2.91  3.73  3.44  2.15  2.18  2.57  2.87  2.48  2.49
SKEW       .77  1.07   .87   .41   .87   .99   .74  1.26   .71   .98   .81   .75
% WNW    11.48  9.76  8.83  7.88  7.39  6.82  5.50  3.71  8.68  8.55 12.84 11.69
MEAN      6.25  6.02  6.60  7.33  6.91  6.28  5.27  5.01  6.27  6.25  7.02  6.36
STD DEV   3.06  3.04  3.38  3.34  3.55  3.09  2.55  2.21  3.12  2.88  3.18  2.91
SKEW       .58   .84   .67   .31   .65   .65   .56   .44  1.10   .49   .44   .32
% NW     11.84 10.40 11.68 11.13  7.91  6.11  6.08  5.25  7.71  9.29 12.44 11.48
MEAN      6.28  5.72  6.74  7.59  6.06  5.42  4.66  4.61  5.48  5.94  6.96  5.94
STD DEV   3.06  2.64  3.26  3.29  3.31  2.59  2.27  2.15  2.50  2.87  3.61  2.86
SKEW       .56   .51   .45   .23   .86   .43   .41   .42   .42   .39   .56   .59
% NNW     9.54  8.91  9.39 11.15  7.60  4.76  4.52  4.35  5.20  7.69  9.54  8.29
MEAN      6.59  6.02  6.94  7.47  6.00  5.23  4.74  4.66  5.24  5.82  6.88  5.89
STD DEV   3.06  2.58  3.03  3.10  2.81  2.39  2.13  2.16  2.27  2.63  3.23  2.54
SKEW       .42   .46   .68   .29   .17   .15   .40   .27   .36   .37   .56   .32
CALM      4.03  3.87  2.83  2.33  2.48  3.78  5.85  5.83  4.83  3.95  3.29  3.59
 
INTERPOLATED DATA (station & weighting factor)
 
---Wind Stations---
WATERTOWN     SD     .438  REDWOOD FALLS MN     .325  SIOUX FALLS   SD     .237
---Solar Radiation and Max .5 P Stations---
 MN CANBY           1.000   SD BROOKINGS 2 NE   .000   SD WAUBAY NWR       .000 
---Dewpoint Stations---
SD WATERTOWN RGNL A  .496  SD SIOUX FALLS       .266  MN ALEXANDRIA MUNI   .238 
---Time Peak Stations---
MN CANBY            1.000  SD BROOKINGS 2 NE    .000  SD WAUBAY NWR        .000 
