 GRAND MARAIS CST GD MN                  213282 0
 LATT=  47.75 LONG= -90.33 YEARS= 40. TYPE= 3
 ELEVATION =  620. TP5 = 1.89 TP6= 4.15
 MEAN P    .12   .11   .18   .25   .29   .33   .33   .33   .31   .30   .24   .15
 S DEV P   .17   .13   .24   .27   .35   .50   .47   .43   .40   .41   .31   .20
 SKEW  P  4.10  2.88  3.50  2.23  2.32  5.17  3.67  2.86  2.39  2.43  2.08  3.70
 P(W/W)    .34   .30   .33   .43   .46   .46   .39   .35   .46   .44   .39   .29
 P(W/D)    .18   .14   .15   .14   .23   .29   .29   .26   .27   .24   .18   .18
 TMAX AV 23.55 27.32 35.30 46.50 55.88 63.68 70.97 71.54 63.59 51.71 38.81 27.48
 TMIN AV  5.81  9.16 18.73 29.95 38.08 44.05 51.80 53.95 46.97 36.49 25.08 11.66
 SD TMAX 10.54  9.94  8.23  8.18  8.17  7.95  8.19  6.30  7.18  7.37  8.70 10.45
 SD TMIN 13.99 13.50 11.51  6.93  5.22  4.32  5.38  5.60  7.28  7.34  9.94 13.99
 SOL.RAD  101.  173.  270.  387.  466.  483.  491.  422.  300.  170.   93.   75.
 SD SOL   18.4  32.6  43.5  77.8  52.1  38.0  38.9  24.5  25.6  16.9  19.9  14.9
 MX .5 P   .24   .25   .26   .39   .50  3.39   .99   .95   .69   .43   .30   .22
 DEW PT   6.36  8.52 17.07 26.84 38.00 49.39 56.39 55.61 47.84 35.45 23.68 12.36
Time Pk   .567  .739  .804  .873  .887  .897  .957  .967  .971  .985  .990 1.000
% N       5.24  6.07  6.31  6.45  5.46  3.60  2.79  3.62  3.36  4.19  5.13  4.16
MEAN      5.05  4.92  5.11  5.36  4.98  4.29  3.94  4.15  4.42  4.69  5.43  4.83
STD DEV   2.14  1.98  2.19  2.24  2.04  1.77  1.62  1.75  1.98  2.29  2.60  1.97
SKEW       .53   .44   .65   .46   .40   .45   .35   .42   .72   .89   .74   .51
% NNE     3.31  3.76  4.97  5.43  5.18  2.77  1.74  3.11  2.31  3.32  3.99  2.98
MEAN      4.83  4.73  5.18  5.74  5.39  4.67  4.04  4.33  4.38  4.80  5.35  4.88
STD DEV   1.95  1.96  2.16  2.23  1.98  1.76  1.48  1.75  1.77  1.96  2.19  1.95
SKEW       .56   .61   .65   .26   .24   .29   .53   .42   .66   .44   .47   .43
% NE      3.21  3.87  4.50  3.96  4.39  3.08  2.12  2.71  2.87  2.92  3.11  3.26
MEAN      3.92  4.52  4.79  4.79  4.50  4.06  3.73  3.73  4.16  3.86  4.49  4.34
STD DEV   1.67  1.85  2.21  2.11  1.92  1.78  1.56  1.60  1.71  1.69  2.04  1.95
SKEW       .71   .60   .74   .48   .54   .77   .50   .70   .85   .72   .54   .50
% ENE     2.44  3.14  4.42  4.12  4.41  3.13  2.81  3.06  2.83  2.67  2.60  2.49
MEAN      4.43  4.91  5.02  5.43  4.86  4.07  3.89  4.13  4.06  4.28  5.06  5.19
STD DEV   1.65  2.03  2.25  2.43  1.97  1.64  1.46  1.81  1.56  1.62  2.24  2.31
SKEW       .54   .61   .75   .68   .69   .60   .34   .96   .47   .42   .57   .53
% E       3.09  3.45  6.46  8.54  8.59  7.26  5.44  5.43  4.40  3.84  3.14  2.95
MEAN      4.40  4.46  4.85  5.37  5.12  4.21  3.95  3.97  4.25  4.30  4.68  5.02
STD DEV   2.19  1.86  2.21  2.35  2.16  1.81  1.59  1.73  1.86  1.77  2.17  2.41
SKEW      1.15   .75   .69   .70   .90   .71   .60   .61   .70   .35   .71   .73
% ESE     4.42  4.39  7.34  7.76  8.07  6.17  4.99  5.55  5.18  5.24  4.19  4.19
MEAN      5.49  5.39  6.10  6.03  5.41  4.63  4.31  4.57  5.03  5.05  5.62  5.85
STD DEV   2.35  2.36  3.01  2.52  2.15  1.86  1.56  1.79  2.26  2.07  2.64  2.51
SKEW       .70   .50  1.02   .56   .42   .60   .36   .53   .90   .60  1.00   .54
% SE      4.18  4.52  4.35  3.77  4.59  5.27  4.46  5.08  4.93  5.64  4.33  4.63
MEAN      4.53  5.02  4.85  4.74  4.55  3.97  3.82  3.98  4.22  4.39  4.80  4.52
STD DEV   2.05  2.14  2.25  2.17  2.09  1.63  1.57  1.62  1.83  2.01  2.01  1.93
SKEW       .47   .41   .48   .62   .75   .67   .48   .59   .77   .66   .46   .61
% SSE     4.60  4.44  3.75  3.68  4.53  5.00  3.89  4.57  5.22  5.78  4.77  4.95
MEAN      4.86  5.18  5.15  5.48  5.02  4.75  4.33  4.40  5.03  5.17  5.27  5.14
STD DEV   2.10  2.17  2.08  2.43  2.13  1.99  1.74  1.82  2.22  2.10  2.12  2.08
SKEW       .63   .44   .39   .35   .37   .47   .63   .53   .63   .41   .27   .42
% S       5.80  5.25  4.29  4.35  5.01  7.00  6.70  6.44  7.84  7.55  6.97  6.50
MEAN      4.33  4.42  4.88  4.78  4.81  4.33  4.35  4.25  4.85  4.88  4.55  4.52
STD DEV   2.02  1.92  2.20  2.37  2.25  1.82  1.80  1.87  2.07  2.21  2.04  2.14
SKEW       .94   .55   .50  1.08   .65   .50   .45   .49   .48   .62   .65   .84
% SSW     6.94  5.21  3.85  4.15  4.73  6.12  6.81  6.63  8.04  8.09  8.43  7.20
MEAN      4.41  4.39  4.85  4.93  5.31  4.56  4.43  4.50  4.80  4.89  4.78  4.45
STD DEV   1.87  1.82  2.25  1.99  2.45  1.87  1.77  1.81  1.90  1.97  2.05  1.86
SKEW       .67   .53   .72   .39   .75   .56   .46   .43   .54   .44   .79   .75
% SW      5.57  4.01  2.60  2.85  3.10  3.72  4.62  4.38  4.92  4.71  5.59  5.61
MEAN      4.23  4.32  4.24  4.40  4.44  4.08  3.91  3.95  4.10  4.27  4.21  4.21
STD DEV   1.85  1.91  2.04  2.02  2.23  1.86  1.68  1.73  1.73  1.88  1.85  1.95
SKEW       .71   .47   .73   .58   .69   .79   .75   .59   .52   .49   .72   .75
% WSW     6.83  5.36  3.40  3.50  3.53  4.44  5.18  4.81  6.16  5.50  6.24  7.01
MEAN      5.18  4.90  5.33  5.43  5.42  5.16  4.64  4.74  5.08  5.27  5.01  5.32
STD DEV   2.01  2.07  2.23  2.23  2.34  2.31  1.95  1.91  2.22  2.24  2.01  2.31
SKEW       .40   .55   .54   .30   .41   .66   .72   .54   .63   .75   .50   .87
% W       9.27 10.61  7.99  8.40  6.63  8.25 10.83  8.88  9.10  8.31  8.62  8.20
MEAN      5.45  5.17  5.22  5.82  5.58  5.20  4.89  4.54  5.10  5.39  5.61  5.22
STD DEV   2.53  2.24  2.47  2.58  2.57  2.32  2.19  1.97  2.45  2.56  2.48  2.35
SKEW       .78   .65   .57   .43   .60   .57   .58   .62   .71   .57   .49   .47
% WNW    11.01 11.04 10.57 11.00  9.90 11.55 13.21 10.11 10.34 10.03 10.52 11.00
MEAN      6.15  5.79  5.73  6.07  5.75  5.35  5.03  4.62  5.34  5.75  6.26  6.06
STD DEV   2.36  2.34  2.40  2.40  2.25  2.13  2.03  1.78  2.14  2.38  2.41  2.26
SKEW       .53   .56   .57   .32   .45   .59   .67   .54   .43   .50   .30   .39
% NW      9.26  8.83  8.15  9.19  8.31  8.79  9.53  8.48  7.55  7.56  8.24  9.26
MEAN      5.41  5.18  5.18  5.29  4.84  4.39  4.23  4.02  4.48  5.10  5.58  5.23
STD DEV   2.11  2.16  2.32  2.39  2.09  1.87  1.73  1.73  1.99  2.25  2.37  1.97
SKEW       .41   .35   .63   .72   .51   .66   .64   .86   .66   .48   .32   .33
% NNW     7.74  8.63  8.95  7.52  7.24  5.28  5.02  6.37  6.09  7.23  7.63  7.79
MEAN      5.73  5.49  5.86  5.72  5.31  4.86  4.28  4.52  4.99  5.45  6.05  5.51
STD DEV   2.09  2.15  2.38  2.27  2.02  1.91  1.70  1.77  2.00  2.23  2.59  1.99
SKEW       .26   .57   .43   .26   .24   .41   .59   .54   .44   .38   .62   .37
CALM      7.14  7.35  8.18  5.34  6.29  8.61  9.87 10.80  8.87  7.43  6.49  7.76
 
INTERPOLATED DATA (station & weighting factor)
 
---Wind Stations---
HOUGHTON      MI     .487  INTERNAT.FALLSMN     .305  GRAND MARAIS  MI     .208
---Solar Radiation and Max .5 P Stations---
 MN TOFTE RS         .466   MN GUNFLINT LAKE    .443   MI BIG BAY          .091 
---Dewpoint Stations---
MI HANCOCK HOUGHTON  .613  MN INTL FALLS INTL   .387                            
---Time Peak Stations---
MN TOFTE RS          .470  MN GUNFLINT LAKE     .435  MI BIG BAY 8 NW      .095 
