 OTTERTAIL MN                            216276 0
 LATT=  46.42 LONG= -95.57 YEARS= 40. TYPE= 3
 ELEVATION =  980. TP5 = 2.35 TP6= 5.06
 MEAN P    .17   .17   .24   .31   .32   .43   .42   .40   .34   .32   .21   .15
 S DEV P   .17   .16   .26   .33   .37   .53   .53   .48   .42   .43   .25   .18
 SKEW  P  2.07  1.62  2.75  1.98  2.68  2.73  2.67  2.52  2.30  3.24  3.00  3.57
 P(W/W)    .34   .29   .36   .45   .49   .44   .38   .26   .43   .47   .36   .35
 P(W/D)    .10   .11   .14   .17   .24   .28   .26   .24   .19   .17   .14   .10
 TMAX AV 19.36 25.68 37.38 54.64 68.30 76.66 82.03 79.54 70.15 56.14 37.80 23.76
 TMIN AV -1.39  4.21 16.84 32.03 45.19 55.48 60.99 58.41 49.09 36.52 21.50  6.06
 SD TMAX 13.69 13.35 11.77 12.25 10.62  7.74  6.62  6.91  9.80 10.90 12.36 12.89
 SD TMIN 15.97 16.60 14.03  9.70  9.19  7.31  5.91  6.51  8.81  8.36 11.46 14.57
 SOL.RAD  112.  181.  289.  395.  456.  494.  519.  442.  326.  198.  113.   84.
 SD SOL   14.1  29.0  43.8  58.7  46.6  43.2  31.2  39.6  29.3  23.8  21.6  17.5
 MX .5 P   .21   .23   .28   .44   .64  1.17  1.23  1.16   .81   .46   .30   .22
 DEW PT   4.34  9.51 20.67 30.58 42.67 53.84 59.67 57.51 48.34 35.67 22.76 10.34
Time Pk   .523  .689  .766  .843  .860  .866  .953  .960  .970  .983  .990 1.000
% N       5.01  5.74  6.46  7.30  7.38  4.96  4.17  5.01  3.52  4.45  4.56  4.76
MEAN      5.34  4.98  5.99  5.77  5.11  4.39  3.87  4.17  4.30  4.68  5.02  5.27
STD DEV   2.88  2.97  2.72  2.65  2.30  2.14  1.82  1.92  1.99  2.23  2.16  2.41
SKEW       .72   .99   .66   .46   .40   .47   .73   .51   .47   .36   .21   .32
% NNE     2.47  2.98  4.32  4.84  5.16  3.85  3.03  3.69  2.64  3.74  2.39  2.47
MEAN      4.64  4.92  5.85  5.58  5.06  4.54  3.87  4.25  4.27  4.80  5.30  4.97
STD DEV   2.10  2.00  2.52  2.56  2.06  1.90  1.78  1.83  1.82  2.05  2.41  2.46
SKEW       .58   .23   .50   .31   .33   .26  1.00   .20   .15   .32   .49   .63
% NE      1.97  2.75  3.74  3.60  4.75  4.19  3.45  4.03  2.58  2.89  1.69  2.56
MEAN      4.14  4.48  5.25  4.54  4.43  4.17  3.36  3.49  3.38  4.14  4.28  3.76
STD DEV   2.11  2.17  2.54  2.45  2.00  2.04  1.73  1.53  1.54  1.97  2.16  1.71
SKEW       .79   .50   .57  1.01   .32   .65  1.79   .59   .70   .52   .74   .52
% ENE     3.57  4.50  4.21  4.68  5.38  4.51  3.60  5.14  3.96  2.42  2.42  2.71
MEAN      4.93  5.83  5.99  5.97  5.21  4.44  4.19  3.95  4.38  4.32  4.54  4.78
STD DEV   2.53  2.84  3.29  3.10  2.37  2.03  1.77  1.60  2.24  1.74  2.03  2.42
SKEW       .56   .42   .74   .43   .38   .46   .35   .34   .71   .19   .41   .41
% E       3.88  3.78  5.31  4.91  5.28  4.82  4.26  5.74  4.33  2.72  3.24  3.26
MEAN      4.37  4.28  4.96  5.92  4.50  4.24  3.81  3.67  4.00  3.84  4.16  3.89
STD DEV   2.34  2.44  2.74  3.00  2.09  2.02  1.81  1.56  2.01  1.65  2.20  1.89
SKEW       .79   .91   .61   .32   .46   .51   .59   .47   .67   .28  1.10   .61
% ESE     6.01  5.58  8.85  5.41  7.98  8.20  6.19  6.99  6.10  5.24  4.04  6.29
MEAN      4.60  4.66  5.34  5.42  5.06  4.66  4.13  3.81  4.27  4.33  4.46  4.61
STD DEV   1.95  1.97  2.31  2.74  2.33  2.09  1.80  1.69  1.91  1.85  1.94  2.13
SKEW       .48   .40   .32   .51   .56   .42   .55   .56   .27   .54   .40   .58
% SE      5.59  6.92  5.92  5.19  6.48  6.89  6.80  8.20  6.44  7.58  5.81  6.16
MEAN      4.43  4.56  4.57  5.02  4.92  4.56  4.00  3.95  4.02  4.32  4.41  4.59
STD DEV   2.23  2.15  2.13  2.37  2.39  2.11  1.74  1.83  1.89  2.02  1.98  2.15
SKEW       .62   .51   .34   .55   .64   .54   .45   .55   .44   .68   .53   .42
% SSE     7.57  7.31  6.27  7.86  8.00  8.91 10.88 11.42 10.14 10.84  8.31  8.17
MEAN      5.24  5.12  4.97  5.88  5.76  5.08  4.95  4.63  5.11  5.42  5.26  5.21
STD DEV   2.48  2.27  2.19  2.71  2.63  2.25  2.14  2.09  2.30  2.38  2.34  2.41
SKEW       .51   .32   .36   .37   .41   .50   .53   .53   .52   .40   .47   .49
% S       5.70  4.89  4.20  5.59  6.21  7.49  9.34  9.42  8.73  7.95  7.48  6.05
MEAN      4.52  4.59  4.66  5.19  5.56  5.06  4.91  4.92  5.32  5.51  5.22  4.76
STD DEV   2.14  2.29  2.38  2.55  2.72  2.39  2.16  2.27  2.31  2.54  2.41  2.12
SKEW       .50   .33   .36   .45   .33   .48   .42   .50   .10   .43   .28   .35
% SSW     3.98  3.46  3.12  5.32  4.29  5.39  6.74  6.85  5.99  5.86  5.76  5.27
MEAN      4.42  4.74  4.62  5.60  5.60  5.16  4.76  5.09  5.17  5.45  5.11  4.69
STD DEV   1.89  2.10  2.41  2.55  2.68  2.36  2.09  2.18  2.19  2.42  2.16  2.09
SKEW       .37   .32   .80   .47   .65   .35   .15   .42   .30   .48   .28   .45
% SW      3.90  3.69  3.02  2.99  3.43  4.79  4.72  4.32  4.01  5.14  4.19  4.21
MEAN      3.73  4.05  3.90  4.66  5.09  4.53  3.90  3.96  4.12  4.57  4.00  3.86
STD DEV   1.73  1.98  1.96  2.41  2.89  2.27  1.78  1.70  1.88  2.06  1.88  1.83
SKEW       .40   .42   .85   .48   .76   .63   .58   .51   .39   .51   .52   .73
% WSW     4.39  3.49  3.12  2.81  3.87  6.21  4.45  3.45  5.04  5.09  4.04  3.27
MEAN      4.45  4.54  4.43  4.81  5.74  5.63  4.12  4.21  4.58  4.82  4.32  4.46
STD DEV   2.16  2.20  2.16  2.74  3.04  3.06  1.97  2.16  2.14  2.35  1.88  2.35
SKEW       .46   .41   .69  1.04   .59   .90   .77   .92   .80   .65   .43   .87
% W       7.80  7.06  6.28  4.62  4.56  6.30  5.60  3.49  6.96  6.02  6.87  7.53
MEAN      5.10  5.06  4.70  5.33  5.59  5.46  4.54  4.07  5.10  5.04  5.15  5.29
STD DEV   2.68  2.58  2.48  3.01  3.37  3.09  2.25  1.91  2.43  2.54  2.43  2.74
SKEW       .85   .71   .78   .71   .70   .80  1.04   .48   .49   .66   .46   .68
% WNW    15.33 14.35 11.78 10.47  8.00  8.15  9.56  5.41 11.62 10.57 14.00 14.08
MEAN      6.39  6.31  6.30  6.92  6.75  5.94  5.22  5.14  6.06  6.53  7.17  6.34
STD DEV   2.98  2.93  3.00  3.27  3.26  3.02  2.48  2.41  2.73  2.96  3.19  2.93
SKEW       .56   .62   .50   .29   .50   .66   .44   .50   .53   .35   .62   .67
% NW     12.11 12.53 11.60 11.74  7.70  6.49  7.94  6.82  8.57  9.81 13.06 11.96
MEAN      5.95  5.53  6.04  6.51  5.77  4.84  4.41  4.59  5.04  5.99  7.08  5.75
STD DEV   2.77  2.83  2.75  3.08  2.95  2.46  2.20  2.16  2.51  2.79  3.26  2.40
SKEW       .38   .51   .39   .23   .45   .68   .54   .41   .38   .26   .45   .32
% NNW     8.03  7.76  9.62 10.60  8.91  5.88  5.43  5.96  5.79  6.70  9.19  8.28
MEAN      5.94  5.83  6.33  6.62  5.88  5.10  4.47  4.91  5.01  6.18  6.81  5.64
STD DEV   2.76  2.87  2.66  2.95  2.64  2.15  2.08  2.15  2.27  2.64  3.06  2.72
SKEW       .43   .49   .55   .39   .31   .40   .60   .46   .41   .40   .52   .26
CALM      2.74  3.12  2.24  2.03  2.59  3.08  3.76  3.98  3.66  2.99  2.94  2.98
 
INTERPOLATED DATA (station & weighting factor)
 
---Wind Stations---
ALEXANDRIA    MN     .571  ST. CLOUD     MN     .253  GRAND FORKS   ND     .176
---Solar Radiation and Max .5 P Stations---
 MN WHITE ROCK DAM   .350   MN LITTLE FALLS 1   .329   MN WALKER RANGER    .321 
---Dewpoint Stations---
MN ALEXANDRIA MUNI   .579  MN ST CLOUD WHITNEY  .257  ND GRAND FORKS AF    .164 
---Time Peak Stations---
MN WHITE ROCK DAM    .350  MN LITTLE FALLS 1 N  .326  MN WALKER RANGER     .324 
