 UNIVERSITY MS                           229079 0
 LATT=  34.37 LONG= -89.53 YEARS= 40. TYPE= 3
 ELEVATION =  500. TP5 = 2.62 TP6= 5.97
 MEAN P    .48   .53   .55   .60   .57   .52   .48   .46   .55   .60   .54   .60
 S DEV P   .60   .67   .65   .71   .75   .66   .58   .61   .82   .88   .69   .84
 SKEW  P  2.21  3.31  2.15  2.20  2.32  2.83  2.04  2.81  2.86  4.10  2.15  4.06
 P(W/W)    .51   .43   .46   .49   .47   .43   .45   .42   .49   .46   .47   .51
 P(W/D)    .25   .27   .25   .21   .27   .22   .22   .19   .16   .16   .24   .24
 TMAX AV 50.54 55.57 64.85 73.68 80.97 88.15 91.19 90.89 84.96 74.61 63.94 53.65
 TMIN AV 29.11 32.59 40.67 48.32 57.88 65.69 69.52 68.01 60.62 47.66 39.81 31.98
 SD TMAX 12.21 12.34 11.37  9.22  7.40  5.34  5.20  5.25  7.38  8.75 10.55 11.28
 SD TMIN 12.16 11.39 10.91 10.21  8.41  6.13  4.31  5.11  8.64 10.55 11.24 11.81
 SOL.RAD  180.  253.  339.  443.  520.  526.  520.  493.  418.  317.  211.  174.
 SD SOL   34.2  38.3  26.6  31.4  33.7  43.6  35.9  26.9  30.4  46.0  29.6  26.2
 MX .5 P   .85   .99  1.13  1.35  1.67  1.76  1.72  1.34  1.36  1.32  1.20  1.00
 DEW PT  31.87 34.87 41.54 49.51 59.51 66.51 70.51 69.51 62.84 51.33 42.35 35.35
Time Pk   .450  .600  .670  .770  .800  .810  .900  .930  .940  .970  .990 1.000
% N       9.61  9.31  7.25  5.77  5.34  4.09  4.31  6.90  8.93  8.64  7.14  7.42
MEAN      5.54  5.19  5.24  4.97  4.38  3.94  3.72  3.83  4.11  4.52  4.75  5.04
STD DEV   2.33  2.28  2.14  1.98  2.02  1.75  1.64  1.63  1.74  2.11  2.15  2.30
SKEW       .43   .48   .30   .24   .47   .39   .54   .38   .43   .44   .41   .52
% NNE     5.79  6.45  4.52  4.46  4.42  3.65  4.38  5.79  8.50  5.88  5.11  5.12
MEAN      4.88  4.65  4.76  4.82  4.78  4.13  3.91  3.87  4.16  4.44  4.49  4.45
STD DEV   1.89  1.85  1.76  1.77  1.95  1.54  1.52  1.49  1.70  1.99  2.04  1.83
SKEW       .22   .36   .21   .25   .44   .34   .35   .36   .44   .73   .52   .47
% NE      5.02  5.91  4.90  4.51  5.10  4.58  5.09  5.96  8.75  6.75  4.82  4.99
MEAN      3.96  3.98  4.10  4.03  3.96  3.46  3.27  3.23  3.47  3.46  3.57  3.87
STD DEV   1.69  1.70  1.64  1.74  1.79  1.39  1.38  1.36  1.54  1.67  1.67  1.61
SKEW       .53   .50   .43   .46   .72   .44   .67   .54   .64   .78   .62   .45
% ENE     3.38  4.19  4.46  3.85  4.55  4.28  4.62  5.43  6.59  5.04  4.46  3.54
MEAN      3.55  3.77  3.94  3.84  3.61  3.32  3.10  3.08  3.10  3.09  3.17  3.50
STD DEV   1.44  1.52  1.54  1.53  1.52  1.34  1.28  1.33  1.25  1.44  1.39  1.41
SKEW       .72   .55   .62   .52   .74   .60   .77   .83   .66   .98   .77   .32
% E       4.04  4.90  5.22  4.45  5.97  5.61  5.92  6.96  8.28  6.32  4.87  4.50
MEAN      3.09  3.29  3.50  3.35  3.03  2.87  2.89  2.73  2.82  2.53  2.67  3.21
STD DEV   1.24  1.45  1.59  1.42  1.32  1.36  1.30  1.27  1.28  1.12  1.22  1.37
SKEW       .40   .72   .78   .77   .74  1.12  1.21  1.07   .95  1.01   .99   .75
% ESE     3.11  4.03  4.20  3.67  4.69  5.36  4.29  4.50  5.38  4.79  3.42  4.35
MEAN      3.42  3.74  3.75  3.62  3.22  3.10  3.07  2.87  3.09  2.87  3.02  3.57
STD DEV   1.47  1.68  1.70  1.63  1.35  1.37  1.43  1.24  1.31  1.31  1.40  1.60
SKEW       .87   .82   .90   .81   .65   .81   .98   .82   .63  1.11   .94   .81
% SE      4.40  4.92  5.67  6.14  6.67  8.00  6.38  5.44  6.60  6.82  5.15  6.48
MEAN      3.69  3.96  4.10  3.76  3.31  3.21  2.87  2.70  3.14  3.16  3.46  3.88
STD DEV   1.77  1.93  2.01  1.77  1.54  1.49  1.22  1.28  1.43  1.45  1.72  1.88
SKEW       .86   .68   .96   .87   .79   .88   .70  1.13   .69   .89   .95   .80
% SSE     8.83  6.40  8.27  9.21  9.27  8.76  7.13  5.76  6.10  6.81  7.74  7.69
MEAN      4.61  4.75  4.97  4.71  4.13  3.57  3.27  3.07  3.61  3.77  4.53  4.76
STD DEV   1.98  2.10  2.23  2.08  1.84  1.52  1.38  1.33  1.77  1.59  2.06  2.09
SKEW       .56   .61   .77   .69   .83   .73   .82   .89  1.19   .61   .56   .56
% S      14.06 10.72 12.52 14.42 13.98 13.44 11.61  9.03  7.13  8.24 11.80 12.02
MEAN      5.23  5.32  5.64  5.13  4.59  3.81  3.32  3.30  3.77  3.87  4.82  5.01
STD DEV   2.14  2.31  2.38  2.15  2.06  1.61  1.32  1.41  1.60  1.70  2.21  2.21
SKEW       .49   .48   .46   .60   .65   .77   .56   .67   .60   .51   .54   .49
% SSW     7.84  7.40  8.43 10.36  9.42 10.64 10.11  7.93  4.88  5.34  6.73  7.46
MEAN      5.56  5.52  5.83  5.85  4.97  4.43  3.89  3.79  4.20  4.28  4.98  4.90
STD DEV   2.44  2.51  2.40  2.30  2.09  1.78  1.51  1.49  1.72  1.88  2.21  2.27
SKEW       .56   .71   .38   .28   .46   .53   .54   .32   .35   .58   .48   .78
% SW      4.38  5.30  4.42  5.92  6.10  7.77  9.24  7.14  4.00  4.12  4.49  5.15
MEAN      4.57  4.77  4.87  5.16  4.55  4.40  3.92  3.85  3.86  3.80  4.38  4.11
STD DEV   2.24  2.33  2.30  2.37  2.09  1.92  1.61  1.67  1.82  1.85  2.21  1.99
SKEW      1.01   .55   .41   .33   .55   .38   .44   .46   .67   .71   .60   .70
% WSW     3.06  3.56  3.41  3.54  3.60  4.73  5.80  4.93  2.02  2.57  3.28  3.98
MEAN      4.71  5.04  5.48  5.22  4.45  4.37  4.20  3.85  3.65  3.75  4.36  4.61
STD DEV   2.25  2.50  2.60  2.52  1.92  1.96  1.72  1.60  1.62  1.82  2.22  2.30
SKEW       .63   .61   .41   .53   .53   .42   .28   .43   .50   .69   .65   .76
% W       3.27  3.38  4.02  3.29  3.22  3.58  4.06  3.78  1.84  2.65  3.58  3.99
MEAN      4.37  4.69  5.29  5.04  4.05  3.87  3.73  3.46  3.18  3.66  4.12  4.56
STD DEV   2.22  2.54  2.60  2.57  1.97  1.84  1.78  1.60  1.43  1.94  2.26  2.32
SKEW       .54   .57   .28   .48   .86   .58   .57   .57   .59   .76  1.03   .72
% WNW     4.12  4.33  5.34  4.00  3.08  2.36  2.47  2.43  1.69  2.81  4.38  4.82
MEAN      5.42  5.14  6.01  5.54  4.56  4.04  3.39  3.33  3.40  4.15  5.07  5.34
STD DEV   2.41  2.33  2.64  2.54  2.12  1.87  1.42  1.40  1.58  2.01  2.38  2.42
SKEW       .44   .34   .18   .27   .55   .49   .47   .49   .57   .53   .46   .34
% NW      6.01  6.54  6.68  5.12  3.32  2.06  2.25  2.54  2.69  3.66  6.28  5.69
MEAN      5.46  5.29  5.72  5.39  4.57  3.59  3.30  3.19  3.59  4.30  5.01  5.17
STD DEV   2.46  2.35  2.44  2.37  2.17  1.65  1.63  1.55  1.80  2.33  2.36  2.41
SKEW       .42   .31   .31   .27   .45   .54  1.00   .86   .72   .62   .34   .36
% NNW     7.41  6.83  6.04  5.84  3.63  2.42  2.25  3.62  4.60  5.75  6.49  5.75
MEAN      5.92  5.77  5.73  5.51  4.94  4.12  3.56  3.77  4.25  4.73  5.30  5.73
STD DEV   2.51  2.35  2.33  2.21  2.23  1.85  1.47  1.68  1.83  2.13  2.24  2.42
SKEW       .41   .29   .17   .29   .33   .43   .44   .58   .28   .29   .26   .34
CALM      5.56  5.84  4.57  5.47  7.62  8.69 10.09 11.89 12.03 13.88 10.36  6.97
 
INTERPOLATED DATA (station & weighting factor)
 
---Wind Stations---
MEMPHIS/INT.  TN     .376  MEMPHIS       TN     .376  GREENWOOD     MS     .248
---Solar Radiation and Max .5 P Stations---
 MS UNIVERSITY      1.000   MS HOUSTON          .000   MS CLARKSDALE       .000 
---Dewpoint Stations---
TN MEMPHIS INTL AP   .485  MS COLUMBUS AFB      .325  AR PINE BLUFF GRIDE  .189 
---Time Peak Stations---
MS UNIVERSITY       1.000  MS HOLLY SPRINGS 4   .000  MS CLARKSDALE        .000 
