 KOSCIUSKO MS                            224776 0
 LATT=  33.07 LONG= -89.57 YEARS= 40. TYPE= 3
 ELEVATION =  430. TP5 = 2.77 TP6= 6.65
 MEAN P    .63   .68   .74   .83   .61   .51   .57   .57   .66   .70   .70   .65
 S DEV P   .69   .68   .86  1.17   .64   .58   .68   .67   .92   .87   .77   .70
 SKEW  P  2.22  1.64  1.92  3.60  1.97  2.41  2.28  2.56  2.90  2.56  1.94  1.92
 P(W/W)    .43   .40   .40   .36   .42   .44   .42   .38   .44   .40   .40   .42
 P(W/D)    .22   .20   .21   .18   .20   .17   .22   .17   .13   .14   .19   .22
 TMAX AV 53.70 58.90 67.59 75.28 81.77 88.61 91.25 91.11 85.69 75.70 65.37 56.20
 TMIN AV 31.68 34.82 42.00 49.35 58.66 65.94 69.39 68.38 61.55 49.42 40.51 33.92
 SD TMAX 11.75 11.71 10.66  8.32  6.54  5.10  4.53  5.00  7.08  8.55  9.91 11.29
 SD TMIN 11.50 10.38 10.21  9.06  7.19  5.15  3.60  4.19  7.71 10.03 10.53 11.36
 SOL.RAD  202.  275.  361.  469.  527.  535.  539.  506.  429.  335.  239.  191.
 SD SOL   23.2  37.6  25.8  39.1  36.6  33.5  33.2  28.0  30.1  47.1  31.1  22.7
 MX .5 P   .92   .96  1.18  1.44  1.41  1.45  1.62  1.56  1.26  1.10  1.09   .96
 DEW PT  34.94 37.94 44.13 51.50 61.06 67.25 71.25 70.25 64.06 53.06 44.69 37.69
Time Pk   .417  .584  .655  .748  .765  .784  .905  .927  .940  .963  .983 1.000
% N      10.70 10.85  8.17  7.21  6.26  4.99  4.71  7.34 10.23 10.73  8.48  9.09
MEAN      5.27  4.87  4.92  4.63  4.00  3.61  3.55  3.45  3.84  4.29  4.41  4.66
STD DEV   2.22  2.16  2.18  1.89  1.93  1.68  1.66  1.59  1.75  2.12  2.00  2.12
SKEW       .32   .55   .35   .24   .50   .55   .71   .64   .61   .57   .52   .48
% NNE     5.29  5.45  4.58  3.64  3.68  3.22  3.43  4.06  7.55  5.16  3.89  4.54
MEAN      4.55  4.17  4.02  4.19  4.12  3.55  3.24  3.23  3.75  3.92  3.81  4.02
STD DEV   1.89  1.84  1.69  1.70  1.79  1.48  1.40  1.42  1.73  1.95  1.70  1.77
SKEW       .22   .36   .33   .40   .38   .47   .60   .62   .80   .71   .61   .47
% NE      3.39  4.04  3.83  3.04  3.04  3.25  3.35  3.85  6.76  5.37  3.59  3.93
MEAN      3.56  3.27  3.42  3.36  3.46  2.89  2.82  2.69  3.15  3.25  3.14  3.36
STD DEV   1.51  1.42  1.51  1.54  1.82  1.32  1.27  1.27  1.49  1.76  1.48  1.50
SKEW       .33   .52   .73   .52   .95   .48   .71   .85   .83   .88   .70   .62
% ENE     2.65  3.42  3.26  2.83  3.31  3.39  3.30  4.37  6.82  5.13  3.66  2.81
MEAN      3.32  3.15  3.31  3.08  3.17  2.95  2.89  2.78  3.08  2.85  2.85  3.09
STD DEV   1.40  1.29  1.39  1.31  1.47  1.22  1.34  1.30  1.35  1.25  1.23  1.23
SKEW       .69   .66   .67   .68   .87   .73  1.07   .99   .91   .90   .87   .43
% E       2.47  3.44  3.24  3.01  4.21  4.39  3.62  5.24  6.58  4.94  3.27  3.07
MEAN      2.84  3.13  3.22  2.94  2.77  2.77  2.86  2.84  3.03  2.72  2.73  3.07
STD DEV   1.31  1.51  1.53  1.28  1.26  1.35  1.28  1.52  1.38  1.28  1.25  1.43
SKEW       .48   .78   .77   .73   .71  1.08   .91  1.27   .96   .90   .71   .92
% ESE     3.85  4.00  4.55  3.82  4.86  5.74  4.77  5.43  6.64  5.54  3.77  4.98
MEAN      3.44  3.69  3.47  3.43  3.13  2.95  3.08  2.87  3.29  3.18  3.02  3.49
STD DEV   1.59  1.80  1.64  1.65  1.41  1.37  1.52  1.33  1.48  1.47  1.49  1.68
SKEW       .83   .83   .95  1.01   .68   .72  1.01   .82   .69   .65   .92   .81
% SE      5.81  5.62  6.55  7.45  7.52  7.77  6.49  5.97  7.02  7.50  6.46  8.07
MEAN      3.77  3.66  3.99  3.62  3.28  2.94  2.89  2.66  3.16  3.10  3.21  3.92
STD DEV   1.84  1.93  1.91  1.71  1.69  1.35  1.40  1.29  1.55  1.52  1.67  2.10
SKEW       .85   .88   .81   .83   .79   .86  1.07  1.37   .87  1.08  1.00   .93
% SSE    11.16  8.18 10.15 11.38 10.10  8.30  7.44  6.16  6.04  6.69  9.03  9.41
MEAN      4.74  4.66  4.99  4.67  3.86  3.40  3.12  2.93  3.48  3.54  4.46  4.75
STD DEV   1.99  2.16  2.27  2.02  1.72  1.49  1.44  1.28  1.69  1.55  2.10  2.22
SKEW       .43   .65   .69   .47   .58   .76   .87   .90   .79   .65   .47   .55
% S      14.41 11.77 12.27 14.52 12.40 11.49 10.22  8.13  5.29  6.16  9.74 10.19
MEAN      5.23  4.94  5.30  4.80  4.09  3.41  2.94  3.04  3.40  3.42  4.43  4.89
STD DEV   2.12  2.32  2.34  2.03  1.96  1.45  1.29  1.42  1.56  1.56  2.11  2.31
SKEW       .34   .82   .53   .57   .70   .63   .76  1.27   .86   .59   .57   .48
% SSW     5.81  6.00  7.63  7.91  7.76  8.91  8.27  6.30  3.55  3.49  4.21  4.78
MEAN      5.00  5.01  5.07  4.95  4.17  3.73  3.30  3.32  3.57  3.77  4.24  4.31
STD DEV   2.15  2.29  2.07  2.07  1.88  1.51  1.35  1.34  1.48  1.59  1.91  2.25
SKEW       .41   .56   .41   .44   .49   .55   .65   .53   .43   .70   .55   .90
% SW      2.37  3.88  3.33  4.31  4.65  5.42  6.73  4.51  2.23  2.11  2.61  3.47
MEAN      4.39  4.35  4.35  4.53  3.98  3.70  3.31  3.26  3.14  3.30  3.96  3.87
STD DEV   2.16  2.07  1.88  2.07  1.86  1.59  1.49  1.47  1.47  1.48  1.96  1.79
SKEW       .86   .51   .33   .31   .50   .44   .67   .59   .70   .79   .47   .67
% WSW     1.95  3.36  3.06  2.95  3.24  4.22  5.71  4.48  1.66  1.91  2.47  2.79
MEAN      4.61  4.74  4.81  4.53  4.01  3.78  3.78  3.48  3.13  3.27  4.04  4.28
STD DEV   2.15  2.24  2.23  2.08  1.72  1.64  1.58  1.49  1.30  1.51  1.98  2.16
SKEW       .35   .54   .40   .45   .54   .48   .43   .43   .48   .60   .52   .58
% W       2.69  3.59  3.86  3.31  3.51  4.02  4.61  3.59  1.84  1.98  2.85  3.28
MEAN      3.99  4.63  4.85  4.71  3.66  3.63  3.44  3.31  2.84  3.55  3.72  4.19
STD DEV   2.12  2.37  2.35  2.43  1.73  1.65  1.68  1.58  1.26  1.89  2.01  2.28
SKEW       .60   .38   .31   .50   .68   .45   .44   .57   .63   .65   .95   .60
% WNW     3.78  4.36  4.87  3.64  3.40  3.38  3.45  2.89  1.86  2.67  4.11  4.50
MEAN      4.84  4.70  5.71  4.91  3.94  3.56  3.30  3.14  3.17  3.77  4.39  4.91
STD DEV   2.22  2.45  2.66  2.45  1.86  1.57  1.48  1.36  1.42  1.92  2.27  2.39
SKEW       .42   .52   .25   .38   .58   .55   .58   .50   .49   .79   .62   .35
% NW      5.65  5.75  5.74  4.87  3.68  2.89  3.11  3.56  3.27  4.31  6.68  5.59
MEAN      5.16  4.67  5.35  4.81  4.01  3.41  3.13  2.97  3.10  3.58  4.40  4.51
STD DEV   2.56  2.44  2.48  2.34  2.05  1.56  1.46  1.59  1.61  2.10  2.36  2.40
SKEW       .48   .54   .26   .40   .59   .69   .62   .93   .84   .97   .56   .51
% NNW     8.69  7.88  7.10  7.11  4.25  3.39  3.18  4.70  5.42  7.28  8.33  7.02
MEAN      5.71  5.54  5.53  5.08  4.52  3.70  3.48  3.52  3.83  4.38  5.06  5.27
STD DEV   2.55  2.39  2.44  2.09  2.21  1.72  1.53  1.59  1.72  2.10  2.33  2.37
SKEW       .43   .24   .25   .34   .54   .55   .54   .72   .53   .38   .44   .35
CALM      9.24  8.51  7.82  8.98 14.08 15.24 17.62 19.41 17.27 19.14 16.88 12.40
 
INTERPOLATED DATA (station & weighting factor)
 
---Wind Stations---
GREENWOOD     MS     .349  JACKSON       MS     .348  COLUMBUS      MS     .304
---Solar Radiation and Max .5 P Stations---
 MS CANTON 4N        .396   MS YAZOO CITY 5 NN  .316   MS STATE UNIV       .288 
---Dewpoint Stations---
MS JACKSON INTL AP   .438  MS MERIDIAN NAAS     .374  TN MEMPHIS INTL AP   .187 
---Time Peak Stations---
MS CANTON 4N         .396  MS YAZOO CITY 5 NNE  .320  MS STATE UNIV        .284 
