 ABERDEEN MS                             22  21 0
 LATT=  33.83 LONG= -88.55 YEARS= 40. TYPE= 3
 ELEVATION =  210. TP5 = 2.78 TP6= 6.08
 MEAN P    .50   .51   .56   .62   .56   .44   .43   .45   .58   .55   .53   .55
 S DEV P   .60   .62   .66   .73   .76   .55   .53   .60   .75   .69   .62   .75
 SKEW  P  2.35  2.79  2.36  1.87  2.96  3.83  2.46  3.99  2.29  2.16  2.70  2.99
 P(W/W)    .46   .45   .41   .41   .47   .52   .44   .39   .46   .44   .45   .47
 P(W/D)    .26   .25   .24   .19   .22   .21   .21   .18   .16   .15   .20   .22
 TMAX AV 52.83 57.62 66.77 75.04 81.94 88.37 91.33 90.97 84.85 75.19 64.84 55.31
 TMIN AV 32.61 35.53 42.91 50.05 59.27 66.98 70.94 70.22 63.58 51.07 41.77 34.49
 SD TMAX 11.62 11.88 10.32  8.27  6.32  5.06  4.74  5.14  6.54  7.78  9.52 10.81
 SD TMIN 10.99 10.35  9.90  8.98  7.28  4.98  3.40  3.89  7.21  9.77 10.44 10.77
 SOL.RAD  186.  257.  345.  439.  509.  519.  524.  492.  417.  320.  219.  178.
 SD SOL   28.5  35.0  25.0  32.8  39.6  39.3  34.8  26.6  26.6  42.8  28.1  24.8
 MX .5 P   .77   .95  1.14  1.11  1.41  1.48  1.66  1.40  1.44   .98  1.12   .86
 DEW PT  33.78 36.62 42.71 50.06 59.90 66.90 70.90 70.06 63.81 52.06 43.71 36.87
Time Pk   .463  .622  .696  .775  .795  .811  .917  .934  .950  .966  .984 1.000
% N      11.11  9.73  7.60  6.66  6.90  5.15  4.50  6.79  9.49  9.72 10.02  9.69
MEAN      4.18  4.28  4.10  3.85  3.51  3.09  3.18  3.01  3.32  3.61  3.77  3.88
STD DEV   1.92  2.00  1.83  1.60  1.54  1.30  1.42  1.35  1.48  1.68  1.69  1.70
SKEW       .74   .63   .62   .67   .70   .66   .82   .91   .78   .78   .68   .76
% NNE     4.99  5.02  4.35  3.65  3.87  3.74  3.30  4.52  6.00  5.04  4.20  4.36
MEAN      3.45  3.50  3.59  3.48  3.33  3.03  3.01  2.84  3.11  3.20  3.21  3.29
STD DEV   1.51  1.54  1.64  1.53  1.45  1.30  1.36  1.24  1.33  1.47  1.39  1.39
SKEW       .71   .61   .88   .65   .62   .80   .96   .85   .75   .93   .94   .61
% NE      3.83  4.45  4.42  3.38  4.11  4.64  4.49  6.23  7.92  6.19  4.19  4.26
MEAN      2.90  3.18  3.18  3.03  2.90  2.83  2.86  2.63  3.03  2.81  2.86  2.83
STD DEV   1.27  1.37  1.36  1.26  1.24  1.17  1.27  1.08  1.29  1.20  1.17  1.24
SKEW       .87   .66   .76   .76   .74   .76   .81   .86   .80   .82   .70   .76
% ENE     2.68  3.50  3.41  2.69  3.34  3.96  3.34  4.41  6.68  5.36  3.18  3.14
MEAN      2.98  3.14  3.18  2.98  2.99  2.89  2.96  2.89  3.26  2.99  2.74  2.90
STD DEV   1.21  1.27  1.32  1.29  1.27  1.25  1.34  1.27  1.38  1.40  1.15  1.19
SKEW       .65   .48   .60   .64   .86   .89   .89   .87   .66   .97   .72   .66
% E       4.10  4.78  4.88  4.15  5.13  6.00  5.50  6.27  9.80  7.97  4.48  5.11
MEAN      2.90  3.32  3.26  2.98  2.82  2.85  2.78  2.76  3.22  3.02  2.85  3.12
STD DEV   1.30  1.54  1.47  1.37  1.26  1.26  1.25  1.20  1.41  1.31  1.20  1.40
SKEW       .84   .76   .82   .98   .77  1.20   .86   .83   .67   .58   .70   .83
% ESE     3.34  3.22  3.46  3.46  3.45  3.56  3.13  3.14  4.93  4.20  3.14  3.72
MEAN      3.14  3.60  3.73  3.41  3.15  3.05  2.90  2.88  3.39  3.34  3.16  3.34
STD DEV   1.31  1.59  1.72  1.48  1.34  1.33  1.25  1.20  1.41  1.33  1.31  1.41
SKEW       .64   .64   .71   .51   .57   .85   .75   .80   .66   .51   .51   .41
% SE      4.72  4.14  4.89  5.08  4.37  4.30  4.34  4.12  5.26  4.32  4.55  5.04
MEAN      3.48  3.81  4.04  3.63  3.20  3.02  2.72  2.68  3.19  3.25  3.54  3.70
STD DEV   1.56  1.83  1.96  1.59  1.39  1.33  1.17  1.12  1.44  1.39  1.64  1.69
SKEW       .66   .88   .87   .69   .70   .83   .76   .76  1.02   .64   .90   .60
% SSE     6.16  5.36  6.19  6.68  5.39  4.37  4.23  3.70  3.38  2.75  5.24  5.91
MEAN      4.06  4.26  4.58  4.14  3.46  3.01  2.75  2.77  3.19  3.34  4.14  4.24
STD DEV   1.72  1.86  2.00  1.78  1.44  1.26  1.13  1.19  1.42  1.44  1.88  1.82
SKEW       .56   .55   .65   .76   .64   .66   .98   .98   .92   .73   .69   .52
% S       9.56  8.97 11.00 13.74  9.59  7.50  7.97  6.49  4.72  3.95  7.31  8.17
MEAN      3.98  4.27  4.63  4.20  3.59  2.99  2.71  2.71  3.06  3.17  3.88  3.90
STD DEV   1.73  1.99  2.10  1.90  1.53  1.27  1.18  1.12  1.35  1.35  1.83  1.73
SKEW       .58   .67   .74   .86   .61   .73  1.21   .87   .87   .75   .73   .74
% SSW     5.57  5.58  6.14  8.43  6.21  5.78  5.93  3.86  2.28  1.99  4.38  4.58
MEAN      4.29  4.52  4.78  4.45  3.88  3.29  2.95  3.00  3.18  3.09  3.96  4.10
STD DEV   1.81  2.06  2.09  1.86  1.74  1.37  1.23  1.35  1.36  1.33  1.77  1.85
SKEW       .47   .81   .44   .47   .66   .71   .90   .89   .84   .71   .50   .66
% SW      3.70  4.71  4.10  5.46  5.30  5.92  6.94  4.59  2.39  2.28  3.44  3.64
MEAN      4.10  4.35  4.34  4.30  3.72  3.35  3.18  2.92  3.09  3.11  3.67  3.95
STD DEV   1.97  2.05  1.97  2.01  1.75  1.44  1.45  1.29  1.37  1.37  1.77  1.89
SKEW       .71   .71   .47   .63   .74   .63   .89   .78   .63   .57   .58   .67
% WSW     2.35  2.89  2.95  3.02  2.86  3.50  4.50  2.64  1.17  1.47  2.12  2.46
MEAN      4.20  4.60  4.86  4.47  3.76  3.42  3.30  2.94  3.00  3.47  3.55  4.00
STD DEV   1.90  2.18  2.23  2.11  1.63  1.47  1.46  1.22  1.23  1.48  1.53  1.85
SKEW       .51   .54   .39   .51   .34   .55   .81   .62   .94   .54   .46   .53
% W       3.85  5.45  5.92  4.38  4.65  4.47  6.43  4.29  2.12  3.12  4.00  4.57
MEAN      4.32  4.53  4.98  4.42  3.58  3.44  3.34  2.98  2.87  3.21  3.69  4.06
STD DEV   2.12  2.26  2.38  2.19  1.70  1.54  1.51  1.29  1.31  1.58  1.79  1.97
SKEW       .75   .69   .49   .65   .86   .72   .95   .77   .78   .98   .81   .54
% WNW     4.14  4.77  5.02  3.47  3.03  2.91  3.03  2.52  1.67  2.39  4.04  4.11
MEAN      4.61  4.87  5.09  4.68  4.00  3.40  3.35  3.17  3.07  3.51  4.45  4.45
STD DEV   2.14  2.21  2.24  2.16  1.87  1.49  1.45  1.38  1.20  1.68  1.94  1.96
SKEW       .61   .42   .39   .60   .69   .65   .91  1.26   .68   .96   .51   .28
% NW      6.33  5.93  6.10  4.14  3.46  3.48  3.20  3.71  3.14  4.94  6.41  5.81
MEAN      4.70  4.55  4.86  4.39  3.64  3.19  3.17  3.01  3.05  3.50  4.25  4.27
STD DEV   2.04  2.08  2.21  2.01  1.76  1.40  1.33  1.29  1.39  1.66  1.96  2.00
SKEW       .40   .44   .46   .48   .89   .85   .59   .80   .95  1.02   .52   .42
% NNW     6.79  6.41  5.22  4.53  3.59  3.37  2.72  3.34  4.12  5.66  6.19  5.98
MEAN      4.72  4.66  4.50  4.37  3.65  3.22  3.10  2.93  3.46  3.77  4.11  4.24
STD DEV   2.11  2.08  1.97  1.90  1.65  1.41  1.27  1.18  1.58  1.67  1.94  1.91
SKEW       .60   .41   .53   .39   .67   .96   .62   .61   .88   .65   .69   .52
CALM     16.76 15.04 14.39 17.10 24.77 27.37 26.46 29.31 24.93 28.63 23.15 19.42
 
INTERPOLATED DATA (station & weighting factor)
 
---Wind Stations---
MERIDIAN      MS     .334  MERIDIAN      MS     .334  BIRMINGHAM    AL     .332
---Solar Radiation and Max .5 P Stations---
 AL VERNON           .376   MS HOUSTON          .369   AL HAMILTON 3 S     .254 
---Dewpoint Stations---
MS COLUMBUS AFB      .745  AL TUSCALOOSA MUNI   .159  TN MEMPHIS INTL AP   .095 
---Time Peak Stations---
MS HOUSTON           .377  AL VERNON            .366  AL HAMILTON 3 S      .257 
