 HYSHAM MT                               244358 0
 LATT=  46.30 LONG=-107.22 YEARS= 40. TYPE= 3
 ELEVATION = 2650. TP5 = 1.21 TP6= 2.54
 MEAN P    .11   .12   .15   .22   .33   .26   .26   .20   .26   .22   .14   .12
 S DEV P   .10   .11   .18   .26   .40   .28   .35   .23   .33   .25   .14   .12
 SKEW  P  2.62  2.46  2.63  2.35  2.57  2.40  3.05  2.82  3.09  2.24  1.99  2.73
 P(W/W)    .30   .25   .30   .35   .44   .39   .32   .23   .31   .34   .27   .27
 P(W/D)    .11   .11   .15   .17   .22   .22   .15   .13   .14   .14   .11   .10
 TMAX AV 34.09 39.77 50.56 61.69 70.34 79.68 88.12 86.13 75.81 62.03 46.21 35.64
 TMIN AV 11.32 15.51 23.97 33.26 42.71 51.36 57.20 54.64 44.62 34.02 22.30 13.42
 SD TMAX 15.86 15.76 14.13 12.27 10.77  9.25  7.61  7.67 10.95 12.30 14.38 15.19
 SD TMIN 16.16 15.13 11.17  7.80  7.57  6.53  5.75  6.17  7.75  8.32 12.21 14.76
 SOL.RAD  128.  213.  325.  409.  508.  548.  582.  504.  372.  239.  143.  113.
 SD SOL   13.6  23.7  34.1  44.5  52.9  41.4  47.6  29.3  23.3  17.7  20.3  13.7
 MX .5 P   .24   .22   .22   .29   .50   .60   .70   .61   .37   .26   .21   .20
 DEW PT  11.55 14.58 21.31 28.31 37.61 46.10 48.79 45.79 38.55 30.55 20.31 13.27
Time Pk   .622  .782  .840  .882  .887  .892  .977  .983  .987  .990  .990 1.000
% N       9.19  5.54  6.60  5.11  6.60  7.76  7.42  6.35  7.51  5.87  2.66  7.97
MEAN      4.30  4.36  4.86  4.25  4.10  3.99  4.02  3.70  4.13  3.82  3.76  3.86
STD DEV   2.34  2.50  2.56  1.98  2.16  2.07  2.00  1.69  1.95  1.71  1.87  2.02
SKEW      1.08   .74   .74   .47   .76   .95  1.00   .76   .57   .68   .44   .88
% NNE     6.97  5.19  7.69  6.13  6.39  7.28  7.68  6.69  7.09  5.34  1.48  5.13
MEAN      4.56  4.92  4.61  4.32  4.42  4.30  3.96  3.67  4.25  4.02  3.17  3.66
STD DEV   1.97  2.58  2.16  1.84  1.95  2.05  1.83  1.78  1.59  1.68  1.42  1.55
SKEW       .58   .90   .90   .67   .52   .99  1.06   .79   .40   .52   .80   .59
% NE      5.65  8.21 10.31  5.38 10.12 10.01 11.59  9.73  5.81  5.01  1.94  3.11
MEAN      3.66  3.69  4.09  3.83  3.79  3.96  3.51  3.08  3.25  2.83  2.92  2.72
STD DEV   1.83  2.01  1.97  1.78  1.79  1.82  1.65  1.43  1.43  1.35  1.48  1.35
SKEW       .83   .96   .79   .64   .89   .71   .75   .95   .77  1.00   .63  1.22
% ENE      .58  1.70  3.66  4.70  4.78  3.01  4.25  4.12  2.36  1.62   .65  1.08
MEAN      6.41  3.44  4.27  4.32  4.59  3.73  3.64  3.39  2.97  3.29  2.53  3.05
STD DEV   2.55  1.78  2.09  2.27  2.01  1.80  1.74  1.42  1.41  1.69   .99  1.34
SKEW       .49  1.09   .61   .59   .63   .64   .65   .38   .39   .76   .09   .26
% E       1.74  3.03  3.73  5.29  6.91  5.32  5.56  7.11  4.17  2.27  1.43  1.71
MEAN      2.44  2.91  3.73  4.33  4.29  3.65  3.56  3.23  2.87  2.96  2.57  2.59
STD DEV   1.23  1.50  1.86  2.47  2.58  1.81  1.80  1.59  1.35  1.34  1.06  1.31
SKEW      1.00   .69   .56   .86   .90   .43   .77   .81   .71  1.00   .80   .69
% ESE      .89  1.00  2.16  4.92  4.71  3.82  4.54  5.38  3.81  2.17  1.63  1.39
MEAN      2.38  2.42  3.83  4.76  4.67  4.06  3.73  3.91  2.83  3.25  2.42  2.60
STD DEV   1.25   .50  1.68  2.33  2.78  1.98  1.95  1.95  1.23  1.37   .90  1.02
SKEW       .57   .15   .65   .69  1.96   .34   .66   .93   .81   .39   .11   .82
% SE      4.09  4.08  4.68  7.80  9.48  6.81  6.77  8.35  6.56  6.18  5.92  4.13
MEAN      2.63  2.69  2.98  3.70  3.57  3.48  3.07  3.14  2.99  2.60  2.66  2.80
STD DEV   1.20  1.17  1.36  1.79  1.61  1.87  1.54  1.49  1.38  1.13  1.16  1.46
SKEW       .85   .41  1.00   .80   .68  1.07   .83   .93   .64   .88   .91  1.03
% SSE     3.56  3.18  2.96  4.44  3.28  5.04  3.79  4.80  4.90  4.87  5.81  5.93
MEAN      3.43  3.96  2.75  4.33  4.20  3.66  3.34  3.76  3.15  3.22  3.04  3.17
STD DEV   1.35  1.57  1.17  2.40  2.53  1.51  1.57  1.66  1.33  1.40  1.33  1.43
SKEW       .28   .32   .46  1.51  2.03   .36  1.21   .44   .57   .60   .90   .50
% S      12.33 17.13  8.29  5.97  6.02  5.52  4.12  5.20  8.49  9.48 11.87 15.10
MEAN      3.88  3.53  3.65  3.82  3.18  2.89  2.96  2.97  3.25  3.30  3.36  3.67
STD DEV   1.79  1.53  1.69  2.17  1.43  1.37  1.60  1.39  1.53  1.39  1.44  1.58
SKEW       .36   .43   .57  1.73   .49   .87  1.03   .64   .62   .60   .60   .39
% SSW     4.01  6.26  4.15  2.04  1.69  2.46  1.85  1.88  3.34  4.36  3.91  6.09
MEAN      3.95  4.78  4.15  3.97  3.26  2.91  3.09  3.27  3.13  3.74  3.26  3.53
STD DEV   1.82  2.40  1.98  2.48  1.48  1.51  1.41  1.34  1.46  1.72  1.49  1.63
SKEW       .55   .72   .81  2.10   .76  1.80   .26   .71   .52   .88   .86   .56
% SW     12.47 12.45 10.11  7.44  6.90  5.96  5.06  6.33  6.54 10.78 13.23 11.58
MEAN      4.50  4.38  4.20  3.94  3.31  3.21  3.04  3.20  3.28  3.60  4.07  3.93
STD DEV   2.28  2.30  2.21  2.08  1.73  1.92  1.37  1.91  1.68  1.84  1.98  2.04
SKEW       .66   .75   .61  1.12   .95  2.52   .57  2.16  1.39   .88   .68   .76
% WSW     5.56  5.32  6.33  6.01  5.93  5.35  5.64  5.76  7.13  9.80 13.87  9.12
MEAN      5.32  5.52  5.16  5.26  4.64  4.31  3.80  4.35  4.24  5.18  4.97  4.99
STD DEV   2.33  3.15  2.84  2.66  2.46  2.07  1.94  2.35  1.89  2.70  2.52  2.63
SKEW       .38   .71  1.10  1.27   .85   .48   .89   .84   .90   .81  1.73   .82
% W      10.98  9.25  9.11  8.57  6.90 10.50  9.85 10.07  8.86 10.49 13.17  8.38
MEAN      4.43  4.26  4.88  5.06  4.56  4.16  3.73  3.54  3.80  4.42  4.49  3.93
STD DEV   2.58  2.32  3.07  3.09  2.58  2.21  2.12  1.77  2.16  2.56  2.43  2.12
SKEW      1.09  1.09  1.22  1.21  1.22   .83  1.64  1.20  1.57   .95  1.13   .92
% WNW     5.57  4.33  5.29  7.25  4.54  5.71  5.24  4.10  6.10  6.88  7.62  5.77
MEAN      6.27  6.12  6.21  6.41  6.37  5.15  4.50  4.07  4.63  5.83  6.75  6.04
STD DEV   3.70  3.66  3.40  3.00  3.10  2.59  2.50  2.27  2.51  2.98  3.31  3.31
SKEW      1.01  1.78   .38   .38   .41   .93  1.27  1.22   .95   .46   .92   .40
% NW      6.80  5.45  6.47  9.31  8.13  6.45  8.25  6.35  6.88  6.89  8.71  5.18
MEAN      5.81  4.81  4.41  6.46  5.50  4.26  5.10  4.16  4.62  5.13  6.36  4.47
STD DEV   3.21  2.75  2.12  3.24  3.20  2.19  2.93  2.90  2.79  2.77  3.26  2.79
SKEW       .67   .64   .55   .42   .92   .57   .72  2.03  1.00   .49   .26  1.00
% NNW     5.74  3.35  5.29  7.02  4.62  6.24  5.06  4.30  6.34  4.74  3.35  4.64
MEAN      5.67  6.34  6.10  6.76  5.78  5.13  5.66  5.34  5.36  5.36  6.64  5.27
STD DEV   2.53  3.26  3.23  2.98  2.62  2.53  2.96  2.77  2.54  2.52  2.74  2.71
SKEW       .74  1.32   .80   .21   .25   .46   .57   .74   .38   .23   .30   .50
CALM      3.72  4.41  3.17  2.51  2.98  2.79  3.36  3.48  4.04  3.26  2.74  3.72
 
INTERPOLATED DATA (station & weighting factor)
 
---Wind Stations---
CUSTER        MT     .687  MILES CITY    MT     .202  LEWISTON      MT     .111
---Solar Radiation and Max .5 P Stations---
 MT LODGE GRASS      .484   MT ABSAROKEE        .265   MT FT PECK PWR PLA  .250 
---Dewpoint Stations---
MT BILLINGS INTL AP  .452  WY SHERIDAN CO AP    .305  MT GLASGOW INTL AP   .242 
---Time Peak Stations---
MT LODGE GRASS       .481  MT ABSAROKEE         .267  MT FT PECK PWR PLAN  .252 
