 SALISBURY NC                            317615 0
 LATT=  35.67 LONG= -80.48 YEARS= 40. TYPE= 3
 ELEVATION =  760. TP5 = 2.30 TP6= 5.27
 MEAN P    .36   .43   .46   .43   .41   .48   .46   .42   .54   .53   .44   .39
 S DEV P   .41   .45   .49   .50   .48   .62   .56   .63   .72   .74   .51   .43
 SKEW  P  1.85  1.53  1.71  2.51  1.90  2.40  2.00  4.55  2.60  3.07  2.05  1.53
 P(W/W)    .42   .35   .42   .39   .41   .44   .38   .41   .46   .39   .37   .38
 P(W/D)    .22   .24   .23   .21   .22   .21   .24   .19   .16   .15   .17   .22
 TMAX AV 50.92 55.26 63.62 72.96 79.45 86.22 89.25 87.92 81.38 71.87 62.66 53.24
 TMIN AV 29.46 32.00 39.20 47.13 55.78 64.16 68.25 67.27 59.88 47.44 38.59 31.36
 SD TMAX 10.44 10.64 10.55  8.91  7.09  5.72  5.23  5.55  7.00  8.01  9.20  9.87
 SD TMIN 10.56  9.92 10.22  9.28  8.13  6.05  4.39  4.91  7.60  9.57 10.27  9.76
 SOL.RAD  198.  259.  356.  452.  503.  515.  505.  452.  380.  305.  219.  185.
 SD SOL   20.5  25.2  23.6  28.9  46.3  41.1  33.7  35.2  32.4  36.8  24.1  21.4
 MX .5 P   .58   .51   .73   .82  1.21  1.36  1.57  1.51  1.26   .85   .60   .47
 DEW PT  27.76 29.33 36.17 44.17 55.17 63.17 67.16 66.59 60.59 49.01 39.17 30.76
Time Pk   .477  .639  .709  .792  .812  .824  .925  .936  .952  .966  .986 1.000
% N       5.53  5.24  5.07  4.57  4.72  4.99  3.94  5.13  6.17  6.91  5.95  5.66
MEAN      3.86  3.84  4.15  4.16  3.74  3.44  3.36  3.14  3.47  3.74  3.90  3.59
STD DEV   1.81  1.68  1.77  1.74  1.68  1.47  1.36  1.33  1.53  1.73  1.74  1.64
SKEW       .76   .58   .51   .56   .84   .67   .49   .90   .92  1.18   .70   .68
% NNE     5.74  6.35  6.02  4.83  5.70  6.27  4.69  7.36  9.83 10.58  6.79  6.72
MEAN      4.32  4.35  4.62  4.75  4.22  3.78  3.87  4.00  4.37  4.52  4.30  4.32
STD DEV   2.02  1.82  1.90  2.09  1.76  1.57  1.56  1.77  1.98  1.89  2.01  1.95
SKEW       .91   .55   .39   .91   .60   .62   .61   .71  1.09   .47   .85   .76
% NE      8.00  9.65  8.50  5.96  8.32  8.32  7.45 10.58 14.58 14.15  9.07  9.01
MEAN      4.57  4.54  4.55  4.70  4.54  4.10  4.02  4.09  4.34  4.62  4.25  4.20
STD DEV   2.24  1.96  1.77  2.12  1.95  1.75  1.67  1.69  1.84  1.99  1.88  1.92
SKEW       .93   .60   .40  1.03   .56   .59   .54   .45   .83   .51   .70   .78
% ENE     4.80  5.89  5.89  4.14  6.41  6.10  5.25  6.52  9.13  6.80  4.38  4.34
MEAN      4.10  4.29  4.35  4.31  4.24  3.89  3.83  3.76  4.16  4.12  3.83  3.73
STD DEV   1.95  1.86  1.78  1.72  1.76  1.65  1.66  1.58  1.79  1.79  1.73  1.55
SKEW       .91   .63   .59   .50   .60   .57   .68   .67   .67   .68   .76   .52
% E       2.38  3.02  3.58  2.97  3.70  3.95  3.77  3.99  4.78  3.40  2.43  2.40
MEAN      2.98  3.07  3.42  3.51  3.26  3.12  3.04  3.02  3.26  3.19  3.03  2.92
STD DEV   1.31  1.34  1.38  1.37  1.35  1.34  1.25  1.29  1.44  1.37  1.37  1.42
SKEW       .68   .80   .61   .64   .65   .62   .60   .73   .94   .73   .71   .88
% ESE     1.51  1.88  2.07  2.31  2.91  2.91  2.75  2.72  2.76  1.84  1.45  1.38
MEAN      2.82  2.90  3.24  3.41  3.29  2.93  2.94  2.91  2.93  2.82  2.74  2.62
STD DEV   1.12  1.30  1.33  1.43  1.24  1.20  1.16  1.24  1.10  1.12  1.14  1.08
SKEW       .43  1.03   .66   .77   .44   .67   .59   .85   .40   .76   .95   .72
% SE      1.54  2.45  2.38  2.94  3.09  3.34  3.23  3.40  3.25  2.43  2.08  1.94
MEAN      2.46  2.99  3.09  3.31  3.07  2.92  2.82  2.89  2.92  2.77  2.72  2.54
STD DEV   1.01  1.52  1.27  1.43  1.23  1.24  1.10  1.23  1.33  1.19  1.15  1.20
SKEW       .44  1.99   .57   .70   .72   .80   .42   .87  1.18   .74   .77  1.02
% SSE     2.01  2.76  2.74  3.95  3.95  4.24  3.92  3.74  3.31  2.51  2.53  2.44
MEAN      3.07  3.44  3.61  3.72  3.28  3.23  3.05  3.01  3.01  2.95  3.51  3.07
STD DEV   1.31  1.53  1.48  1.60  1.35  1.45  1.26  1.21  1.21  1.19  1.63  1.43
SKEW       .77  1.01   .74   .68   .69  1.03   .79   .83   .81   .51  1.00  1.11
% S       4.47  5.10  6.02  7.94  6.94  7.06  7.26  6.53  5.23  4.03  5.42  4.76
MEAN      3.43  3.59  3.98  4.02  3.32  3.28  3.21  3.06  3.00  3.16  3.67  3.28
STD DEV   1.69  1.61  1.92  1.67  1.40  1.46  1.31  1.25  1.25  1.50  1.82  1.56
SKEW      1.08   .86   .95   .67   .78   .91   .69   .68   .75   .94   .88   .90
% SSW     8.37  7.85  8.29 11.81  9.43  7.94  9.94  7.34  5.67  5.51  7.96  8.47
MEAN      4.23  4.40  4.79  4.52  4.01  3.76  3.64  3.44  3.32  3.62  4.17  4.00
STD DEV   1.88  1.99  2.14  1.85  1.70  1.59  1.47  1.38  1.38  1.50  1.95  1.76
SKEW       .73   .79   .68   .53   .60   .62   .65   .63   .60   .72   .81   .76
% SW     13.55 11.05 10.40 13.90 11.88 10.12 14.04  9.86  7.37  7.68 10.68 12.32
MEAN      4.24  4.50  4.75  4.72  4.09  3.66  3.66  3.28  3.25  3.58  3.94  3.98
STD DEV   2.04  2.05  2.19  2.02  1.79  1.56  1.51  1.38  1.38  1.58  1.83  1.80
SKEW       .79   .77   .63   .59   .74   .60   .64   .67   .70   .73   .73   .73
% WSW     8.24  7.17  7.28  8.08  7.04  7.20  8.31  6.12  4.69  5.21  6.94  8.04
MEAN      4.10  4.34  4.64  4.78  3.99  3.69  3.66  3.45  3.41  3.59  3.97  3.93
STD DEV   1.94  1.96  2.16  2.06  1.64  1.60  1.51  1.39  1.38  1.57  1.83  1.80
SKEW       .83   .73   .71   .54   .44   .60   .66   .52   .57   .85   .79   .77
% W       5.58  5.08  5.16  5.25  4.56  5.02  4.92  4.30  3.26  3.66  5.20  5.38
MEAN      3.80  4.30  4.51  4.52  3.65  3.44  3.25  3.16  3.20  3.25  3.72  3.75
STD DEV   1.93  2.09  2.11  2.26  1.62  1.55  1.34  1.41  1.42  1.44  1.76  1.88
SKEW       .94   .63   .54   .82   .65   .78   .56   .71   .59   .88   .76   .94
% WNW     5.89  6.16  6.84  5.57  4.68  4.29  3.95  3.59  2.59  3.91  5.27  5.30
MEAN      4.47  5.04  5.35  5.10  3.94  3.57  3.19  3.16  3.38  3.63  4.28  4.49
STD DEV   2.17  2.27  2.39  2.34  1.74  1.58  1.36  1.42  1.54  1.74  1.99  2.31
SKEW       .71   .40   .48   .55   .74   .84   .86   .87   .77   .97   .56   .88
% NW      8.75  8.10  8.21  6.43  5.09  4.96  4.09  4.61  3.58  6.14  7.60  7.47
MEAN      4.67  4.96  4.99  4.76  3.74  3.43  3.18  3.12  3.25  3.65  4.42  4.41
STD DEV   2.23  2.35  2.38  2.20  1.71  1.61  1.45  1.40  1.42  1.65  2.10  2.10
SKEW       .57   .56   .65   .51   .80   .91  1.25  1.10   .77   .89   .61   .56
% NNW     6.84  5.92  6.61  5.33  5.00  4.69  3.65  4.32  3.70  5.80  6.51  5.83
MEAN      4.60  4.54  4.77  4.63  3.80  3.50  3.29  3.14  3.42  3.81  4.21  4.25
STD DEV   2.12  2.00  2.11  2.01  1.60  1.48  1.43  1.32  1.54  1.63  1.90  1.95
SKEW       .59   .56   .51   .59   .67   .81   .78   .79   .89   .78   .72   .71
CALM      6.82  6.30  4.91  4.03  6.55  8.64  8.88  9.96 10.13  9.45  9.72  8.50
 
INTERPOLATED DATA (station & weighting factor)
 
---Wind Stations---
WINSTON SALEM NC     .365  CHARLOTTE     NC     .327  GREENSBORO    NC     .309
---Solar Radiation and Max .5 P Stations---
 NC MT PLEASANT      .470   NC BADIN            .380   NC ROARING GAP 1 N  .150 
---Dewpoint Stations---
NC CHARLOTTE DOUGLA  .429  NC PIEDMONT TRIAD I  .414  SC GRNVL SPART AP    .156 
---Time Peak Stations---
NC MT PLEASANT       .466  NC BADIN             .376  NC ROARING GAP 1 NE  .158 
