 LUMBERTON NC                            315177 0
 LATT=  34.62 LONG= -79.02 YEARS= 40. TYPE= 4
 ELEVATION =  100. TP5 = 2.76 TP6= 6.50
 MEAN P    .32   .35   .40   .36   .42   .47   .49   .52   .53   .39   .35   .32
 S DEV P   .39   .44   .51   .44   .59   .60   .58   .67   .95   .63   .48   .39
 SKEW  P  2.34  2.31  2.71  2.04  3.18  2.18  2.15  2.31  4.79  3.94  2.23  1.92
 P(W/W)    .51   .46   .44   .43   .45   .52   .47   .49   .47   .48   .46   .49
 P(W/D)    .26   .25   .24   .18   .24   .23   .28   .25   .18   .15   .19   .23
 TMAX AV 53.51 57.13 65.34 74.44 81.25 87.34 90.26 88.75 83.52 74.24 65.74 56.70
 TMIN AV 30.79 33.11 39.89 47.65 56.41 65.27 69.10 67.75 61.49 48.29 40.01 33.07
 SD TMAX 11.49 11.34 10.94  9.23  7.26  6.09  5.11  5.51  7.22  8.20  9.53 10.49
 SD TMIN 10.51  9.42  9.66  8.81  7.86  6.13  4.46  4.84  7.76 10.15 10.49 10.15
 SOL.RAD  207.  270.  364.  462.  510.  504.  501.  457.  375.  310.  234.  193.
 SD SOL   27.3  30.5  28.8  39.3  48.4  43.6  29.9  31.7  30.7  36.3  25.8  22.4
 MX .5 P   .68   .64   .79   .95  1.09  1.56  1.81  1.83  1.44   .94   .77   .51
 DEW PT  33.46 34.46 41.46 48.46 58.90 66.64 70.64 70.08 64.64 53.60 44.16 36.60
Time Pk   .431  .593  .667  .761  .773  .791  .912  .936  .946  .973  .983 1.000
% N       3.56  5.11  3.85  3.44  3.02  2.84  1.97  3.19  4.94  6.37  5.01  5.10
MEAN      2.87  2.88  2.92  3.05  2.64  2.64  2.37  2.43  2.53  2.86  2.79  2.70
STD DEV   1.19  1.34  1.22  1.24   .99  1.21   .67  1.05  1.04  1.29  1.25  1.07
SKEW       .75   .99   .85   .72   .98  1.27  1.11  1.27  1.22  1.13  1.27   .81
% NNE     2.93  5.94  3.98  3.17  3.69  3.37  2.11  3.95  7.09  8.06  4.11  5.76
MEAN      2.85  2.95  2.97  3.09  2.80  3.24  2.81  2.92  2.97  3.25  2.97  3.11
STD DEV   1.02  1.23  1.12  1.17  1.16  1.48   .99  1.44  1.27  1.34  1.23  1.25
SKEW       .81  1.10   .69   .69   .75  1.07   .88  1.10   .99   .59   .82   .76
% NE      5.72  8.14  5.27  4.17  7.08  7.42  6.78  7.76 14.56 14.03  6.43  7.73
MEAN      3.33  3.25  2.91  3.33  3.18  3.00  3.06  2.79  3.18  3.21  2.88  3.07
STD DEV   1.46  1.35  1.29  1.44  1.30  1.28  1.24  1.22  1.36  1.31  1.01  1.32
SKEW       .57   .40   .94   .78   .77   .86   .75  1.31   .96   .62   .63   .88
% ENE     4.83  4.89  5.04  4.33  4.46  4.94  3.64  5.39  7.13  5.71  3.52  3.17
MEAN      3.36  3.41  3.53  3.73  3.46  3.57  3.51  3.19  3.54  3.53  3.42  3.13
STD DEV   1.42  1.33  1.45  1.43  1.33  1.40  1.39  1.36  1.53  1.36  1.52  1.29
SKEW       .41   .72   .41   .27   .53   .39   .52   .70   .61   .36  1.02   .37
% E       2.69  3.21  4.80  3.16  3.59  5.48  4.85  5.78  4.92  4.96  2.79  3.24
MEAN      2.85  3.15  3.77  3.47  3.18  3.16  3.35  2.99  3.05  3.47  2.98  3.09
STD DEV   1.03  1.40  1.58  1.25  1.41  1.39  1.48  1.35  1.24  1.49  1.10  1.33
SKEW       .71   .79   .40   .09   .69   .95   .57   .89   .89   .54   .82   .76
% ESE     1.61  1.85  2.83  2.83  1.80  2.95  2.02  3.46  2.36  1.65  1.33  1.52
MEAN      2.72  3.00  3.38  3.42  2.85  3.62  2.71  3.34  2.91  3.31  3.10  3.04
STD DEV   1.03  1.24  1.75  1.41  1.21  1.50  1.02  1.56  1.24  1.27  1.21  1.13
SKEW       .37   .53   .72   .52   .82   .39   .66   .92   .75   .33   .81   .75
% SE      2.13  2.69  3.38  3.25  3.35  4.52  3.85  3.67  3.23  1.84  1.54  2.13
MEAN      3.06  3.26  3.89  3.35  3.28  3.42  3.09  3.02  3.00  2.94  3.06  2.95
STD DEV   1.38  1.49  1.73  1.46  1.38  1.57  1.33  1.22  1.04   .95  1.18  1.17
SKEW       .64   .76   .51   .49   .60   .78   .70   .89   .46   .56   .70   .53
% SSE     3.07  2.32  3.55  4.92  3.17  3.44  3.71  3.45  2.15   .97  1.61  1.93
MEAN      3.56  4.10  4.30  3.97  3.34  3.76  3.48  3.35  3.27  3.35  3.71  3.58
STD DEV   1.57  1.99  1.94  1.47  1.37  1.64  1.61  1.54  1.20  1.14  1.41  1.73
SKEW       .53   .25   .64   .21   .55   .76   .61  1.04   .44   .12   .33   .73
% S       5.67  4.39  5.06  8.76  5.87  8.10  9.47  8.36  5.12  2.38  3.47  4.19
MEAN      3.54  3.85  3.91  3.93  3.38  3.25  3.34  3.07  2.95  3.18  3.83  3.72
STD DEV   1.47  1.76  1.87  1.62  1.29  1.31  1.32  1.27  1.07  1.35  1.58  1.50
SKEW       .48   .48  1.09   .51   .39   .72   .52   .83   .49   .70   .46   .60
% SSW     6.46  4.39  5.93  8.01  5.31  5.31  8.05  5.76  3.30  1.40  4.13  3.62
MEAN      4.12  4.35  4.54  4.21  3.77  3.43  3.42  3.19  3.25  3.52  3.90  4.60
STD DEV   1.85  1.73  1.84  1.68  1.39  1.35  1.34  1.28  1.31  1.26  1.66  1.96
SKEW       .65   .43   .11   .25   .56   .42   .61   .85   .83   .44   .52   .15
% SW     12.95 10.16 10.20 12.06 12.48 11.39 16.39  9.38  6.60  4.73 10.03  7.44
MEAN      4.03  4.26  4.46  4.47  3.99  3.57  3.46  3.12  3.37  3.48  4.04  3.97
STD DEV   1.82  1.87  2.06  1.86  1.57  1.43  1.38  1.16  1.36  1.48  1.83  1.91
SKEW       .58   .58   .55   .59   .30   .36   .47   .56   .54   .73   .52   .91
% WSW     9.06  6.85  6.99  9.70  8.57  8.01  7.37  4.86  3.52  3.67  6.43  5.94
MEAN      4.37  4.71  5.08  5.31  4.31  3.76  3.61  3.35  3.55  4.09  4.31  4.20
STD DEV   1.85  2.07  2.33  2.33  1.66  1.53  1.38  1.19  1.58  1.78  1.91  2.05
SKEW       .36   .62   .39   .46   .28   .46   .25   .09   .64   .41   .41   .53
% W       8.30  8.20  7.97  6.96  8.91  7.86  6.94  5.66  3.76  3.99  7.44  8.12
MEAN      4.22  4.05  4.50  4.56  3.89  3.51  3.32  3.19  2.79  3.29  3.85  3.77
STD DEV   2.02  1.85  2.07  2.33  1.73  1.51  1.38  1.33  1.04  1.56  1.87  1.85
SKEW       .37   .47   .50   .72   .51   .87   .47   .48   .97   .93   .71   .61
% WNW     4.05  5.82  6.49  4.83  4.34  2.81  2.14  1.82  1.44  2.55  4.32  4.96
MEAN      3.88  3.94  4.50  4.00  3.51  3.37  3.02  2.80  2.83  3.23  3.94  3.93
STD DEV   1.79  1.68  2.05  1.86  1.51  1.37  1.25  1.07  1.04  1.54  1.84  1.94
SKEW       .51   .39   .42   .52   .45   .54  1.26   .48   .89   .88   .77   .86
% NW      3.80  5.00  4.21  3.83  3.44  2.12  1.77  1.32  1.83  3.27  4.21  3.83
MEAN      3.18  3.30  3.20  3.26  2.90  2.56  2.34  2.59  2.49  2.62  2.99  2.95
STD DEV   1.41  1.48  1.45  1.49  1.28  1.05   .67   .99   .88   .90  1.49  1.19
SKEW       .77   .74   .78   .72  1.10  1.23  1.37  1.26  1.49  1.26  1.47   .84
% NNW     3.72  3.93  3.77  2.81  2.41  1.52  1.17  1.25  1.83  2.88  2.61  2.62
MEAN      3.43  3.01  3.23  3.35  2.91  2.60  2.37  2.65  2.71  2.82  3.21  2.93
STD DEV   1.49  1.25  1.54  1.46  1.14  1.04   .74  1.01  1.08  1.04  1.45  1.22
SKEW       .72   .75   .86   .75   .77   .80  1.31   .95  1.27   .89  1.06   .52
CALM     19.27 17.09 16.86 13.68 18.61 18.01 17.68 24.95 26.22 31.53 31.11 28.78
 
INTERPOLATED DATA (station & weighting factor)
 
---Wind Stations---
LUMBERTON     NC     .885  FAYETTEVILLE  NC     .077  MYRTLE BEACH  SC     .037
---Solar Radiation and Max .5 P Stations---
 NC ELIZABETHTOWN 3  .415   NC LAURINBURG       .317   SC MULLINS          .268 
---Dewpoint Stations---
NC FT BRAGG SIMMONS  .437  SC FLORENCE RGNL AP  .305  SC N MYRTLE BCH AP   .258 
---Time Peak Stations---
NC ELIZABETHTOWN 3   .399  NC LAURINBURG        .331  SC MULLINS           .269 
