 EDMORE 1 W ND                           322525 0
 LATT=  48.42 LONG= -98.48 YEARS= 40. TYPE= 3
 ELEVATION = 1520. TP5 = 2.15 TP6= 4.42
 MEAN P    .09   .09   .13   .19   .26   .33   .33   .29   .24   .19   .16   .10
 S DEV P   .13   .12   .19   .20   .36   .40   .39   .36   .32   .26   .23   .13
 SKEW  P  4.05  3.86  3.50  1.76  4.52  2.32  2.38  2.17  2.43  2.39  2.88  3.33
 P(W/W)    .30   .30   .36   .37   .46   .46   .33   .34   .44   .43   .34   .29
 P(W/D)    .17   .14   .15   .13   .23   .29   .29   .24   .18   .15   .13   .16
 TMAX AV 13.51 19.50 31.10 51.66 65.86 74.31 79.83 78.39 68.31 53.10 33.65 18.30
 TMIN AV -6.21 -1.04 11.85 28.38 40.44 50.35 54.94 51.85 42.31 29.88 14.88   .06
 SD TMAX 14.77 14.33 13.01 14.53 11.87  8.74  7.33  8.04 10.93 12.46 13.68 14.21
 SD TMIN 15.47 16.39 15.21  9.56  9.01  7.29  6.43  7.21  8.54  8.96 12.65 14.72
 SOL.RAD   97.  167.  290.  400.  466.  497.  519.  450.  317.  192.  108.   75.
 SD SOL   17.4  28.5  42.2  56.7  41.2  42.0  36.3  28.0  27.0  24.0  19.6   9.0
 MX .5 P   .21   .24   .28   .30   .65  1.09  1.11  1.15   .61   .38   .38  1.28
 DEW PT   1.23  6.94 18.26 28.73 40.03 51.76 57.06 54.21 44.35 33.06 19.74  6.97
Time Pk   .504  .685  .758  .831  .848  .858  .941  .951  .954  .974  .987 1.000
% N       8.08  8.06  8.98 10.16  7.87  6.01  5.22  5.66  5.56  5.04  5.76  6.43
MEAN      6.65  5.81  6.95  7.20  7.24  6.05  4.65  4.83  5.27  6.53  4.91  6.03
STD DEV   2.98  3.02  4.05  3.35  3.30  2.78  2.14  2.09  2.33  2.97  2.28  2.93
SKEW       .30   .87  1.41   .34   .32   .53   .57   .32   .35   .05   .49   .70
% NNE     3.56  2.52  4.51  5.59  6.97  5.35  4.96  4.62  5.40  6.35  2.61  3.24
MEAN      5.30  5.09  5.85  6.42  6.10  5.20  4.63  4.71  5.21  5.86  4.47  4.97
STD DEV   2.57  2.54  3.19  2.81  2.65  2.45  1.86  2.06  2.43  2.35  2.07  2.32
SKEW       .46   .64   .93   .33   .44   .68   .43   .67   .46   .22   .58   .50
% NE      1.30  1.23  2.67  2.69  3.64  2.66  2.75  2.83  2.35  1.57  1.30  1.67
MEAN      4.17  3.40  5.10  4.91  4.78  4.27  3.78  4.07  4.04  4.37  3.38  3.93
STD DEV   2.21  1.26  2.98  2.50  2.12  2.08  1.57  1.99  1.87  2.15  1.49  1.71
SKEW       .90   .32   .73   .78   .55   .74   .55   .66   .80   .60   .75   .41
% ENE     1.47  2.18  2.43  3.59  5.49  3.10  3.51  3.65  2.68  1.60  2.03  2.82
MEAN      4.54  4.44  5.31  5.63  4.90  4.61  4.16  4.14  4.23  4.82  4.39  4.38
STD DEV   2.20  2.08  2.83  2.77  2.05  2.36  1.69  1.80  1.88  1.72  1.96  1.77
SKEW       .27   .16   .92   .48   .61   .68   .47   .88   .48  -.15   .23   .34
% E       1.70  2.06  2.46  3.35  4.82  3.42  3.19  3.62  2.61  1.36  2.65  1.90
MEAN      4.02  3.94  4.32  5.72  4.60  4.30  3.98  3.87  3.92  3.91  4.27  4.30
STD DEV   2.13  1.87  2.06  2.86  1.96  2.14  1.74  1.76  1.95  1.07  1.95  1.94
SKEW       .64   .42   .56   .66   .49   .82   .16   .72   .74   .25   .39   .32
% ESE     2.52  4.16  4.84  4.87  7.51  5.21  5.30  7.75  4.55  2.96  3.74  3.60
MEAN      4.54  4.98  5.01  5.99  5.32  4.93  4.44  4.21  4.30  5.78  4.63  4.36
STD DEV   2.05  2.07  1.98  2.81  2.21  2.07  1.88  1.75  2.00  2.05  1.89  2.01
SKEW       .38   .44   .44   .59   .54   .45   .65   .63   .57   .59   .29   .49
% SE      3.51  4.26  4.47  4.24  5.29  4.80  4.66  5.59  4.13  3.67  2.76  4.26
MEAN      5.02  4.79  5.05  5.37  5.68  4.83  3.92  4.29  4.33  5.45  4.34  4.66
STD DEV   2.25  2.39  2.06  2.39  2.67  2.34  2.02  1.89  2.05  3.37  1.96  2.56
SKEW       .48   .70   .51   .59   .63   .84  1.40   .63   .50   .95   .58   .95
% SSE     7.98 11.16  9.81 10.88  9.11  8.77  9.19 11.88  9.99 11.30  7.72 10.26
MEAN      6.49  6.72  6.22  6.81  6.45  5.95  5.17  5.20  5.96  6.61  6.30  6.01
STD DEV   2.82  2.81  2.41  2.76  2.66  2.60  2.25  2.05  2.65  2.98  2.82  2.83
SKEW       .66   .29   .39   .49   .41   .72   .67   .64   .47   .81   .54   .80
% S       8.01  9.18  7.01  7.90  6.16  6.64  7.73  8.20  7.33  8.10  6.62  8.52
MEAN      5.83  5.48  5.87  6.35  5.90  5.48  5.02  5.14  5.73  6.40  6.22  5.63
STD DEV   2.69  2.56  3.49  2.85  2.66  2.62  2.36  2.50  2.91  2.62  2.81  2.50
SKEW       .71   .45  2.43   .72   .69   .72   .61   .68   .48   .35   .26   .50
% SSW     5.71  4.63  5.07  5.22  6.99  7.68 10.33  6.87  6.94  9.02  7.68  5.24
MEAN      4.83  5.43  5.13  5.89  6.06  5.73  4.77  5.24  5.15  5.54  5.38  5.11
STD DEV   2.35  2.19  2.24  2.78  3.00  2.76  2.10  3.29  2.62  2.43  2.42  2.47
SKEW       .88   .24   .64   .70   .85   .73   .36  2.45   .85   .53   .51   .82
% SW      3.70  3.90  4.60  2.89  3.73  5.64  5.38  3.94  5.04  5.60  4.06  4.21
MEAN      4.37  4.08  4.36  5.18  5.10  5.12  4.00  3.90  4.71  5.01  4.35  3.96
STD DEV   1.98  1.92  1.90  2.47  2.22  2.60  1.96  1.81  2.31  2.46  1.79  1.73
SKEW       .56   .68   .70   .60   .62  1.09   .93   .91   .65   .64  1.28   .48
% WSW     4.39  3.97  3.74  4.07  3.52  8.22  6.16  4.69  7.13  7.60  5.06  4.45
MEAN      4.70  5.36  4.50  6.08  5.45  5.77  4.35  4.63  5.61  5.17  5.07  4.26
STD DEV   2.46  2.57  2.21  2.55  2.65  3.11  2.19  2.22  2.61  2.51  2.12  2.04
SKEW       .64   .57   .83   .59   .37  1.23  1.32   .58   .84   .94   .30   .77
% W       6.83  5.32  5.23  3.78  4.01  5.84  5.40  4.86  6.02  6.00  5.80  6.38
MEAN      5.35  5.17  5.06  6.19  5.51  5.92  4.60  4.15  4.71  5.87  5.63  5.00
STD DEV   2.75  2.88  2.53  3.21  2.97  2.88  2.22  2.14  2.67  3.73  2.76  2.55
SKEW       .72   .78   .91   .42   .63   .55   .64   .96  1.04   .92   .97   .83
% WNW     9.43  7.48  7.51  5.81  6.40  8.77  8.10  7.71 10.33 11.40 12.06 11.03
MEAN      6.86  6.72  6.06  7.31  7.01  6.07  5.41  5.48  6.22  6.93  6.76  6.14
STD DEV   2.86  2.82  2.55  4.44  3.14  2.85  2.64  2.56  2.92  3.15  3.09  2.68
SKEW       .45   .49   .28  2.18   .47   .77   .79   .81   .52   .77   .88   .59
% NW     10.07 11.97  9.83  8.76  6.53  6.13  7.56  6.63  8.20  7.61 13.05 12.00
MEAN      6.71  6.50  6.18  7.09  6.39  5.47  5.01  5.00  5.48  6.53  7.27  6.46
STD DEV   3.12  3.24  2.87  3.53  3.01  2.54  2.48  2.35  2.74  2.86  3.28  3.13
SKEW       .54   .74   .68   .69   .71   .44  1.14   .56   .69   .49   .52   .52
% NNW    19.95 15.81 14.97 14.79 10.02  9.26  7.94  9.20  9.44  9.06 15.08 12.11
MEAN      7.96  7.34  7.55  8.13  7.49  6.31  5.28  5.56  6.00  7.24  7.44  6.95
STD DEV   3.34  3.23  3.70  3.44  3.24  2.70  2.36  2.51  2.70  3.15  3.46  3.21
SKEW       .34   .30   .92   .41   .33   .41   .66   .60   .56   .45   .70   .53
CALM      1.91  2.13  1.85  1.43  1.96  2.53  2.67  2.24  2.35  1.84  2.01  1.83
 
INTERPOLATED DATA (station & weighting factor)
 
---Wind Stations---
PEMBINA       ND     .409  GRAND FORKS   ND     .378  MINOT         ND     .213
---Solar Radiation and Max .5 P Stations---
 ND ROLETTE 2SE      .360   ND PEMBINA          .329   ND GRAND FORKS UNI  .311 
---Dewpoint Stations---
ND GRAND FORKS AF    .588  ND MINOT AFB         .264  MN INTL FALLS INTL   .148 
---Time Peak Stations---
ND ROLETTE 2SE       .364  ND PEMBINA           .328  ND GRAND FORKS UNIV  .308 
