 CURTIS NE                               252100 0
 LATT=  40.63 LONG=-100.50 YEARS= 40. TYPE= 3
 ELEVATION = 2570. TP5 = 2.39 TP6= 4.60
 MEAN P    .14   .15   .24   .30   .37   .43   .38   .37   .32   .29   .19   .16
 S DEV P   .18   .16   .30   .33   .51   .50   .45   .46   .39   .41   .25   .23
 SKEW  P  2.55  2.13  2.20  1.72  4.97  2.15  2.59  1.88  1.93  2.79  2.01  2.59
 P(W/W)    .22   .28   .32   .37   .41   .36   .36   .31   .34   .35   .30   .25
 P(W/D)    .06   .09   .12   .17   .21   .21   .19   .17   .11   .11   .08   .06
 TMAX AV 39.63 44.01 54.00 64.93 74.16 84.35 90.78 87.66 80.59 67.62 51.73 42.23
 TMIN AV 11.19 15.37 24.12 34.28 45.36 55.74 61.39 59.24 47.82 34.77 22.08 13.73
 SD TMAX 14.57 15.51 15.31 13.29 10.28  9.46  8.21  9.16 11.15 12.65 14.75 13.70
 SD TMIN 11.44 12.00  9.92  9.14  8.44  6.95  5.29  7.17  9.46  9.11 10.09 10.52
 SOL.RAD  184.  256.  361.  425.  503.  577.  606.  523.  406.  295.  197.  171.
 SD SOL   17.3  26.1  40.9  53.4  73.8  47.3  40.5  29.0  34.9  26.9  24.1  18.4
 MX .5 P   .20   .21   .39   .60   .94  1.15  1.23  1.26   .79   .46   .32   .27
 DEW PT  15.82 19.06 25.71 34.11 45.51 54.36 58.60 57.96 48.11 36.11 25.11 17.46
Time Pk   .480  .660  .750  .840  .850  .860  .960  .970  .970  .980  .990 1.000
% N      15.43 11.70 13.94 13.14 11.92  9.97  7.11  5.43  8.22  9.37 11.38  9.76
MEAN      6.81  6.49  7.59  6.86  6.02  5.25  5.07  4.88  5.82  5.76  7.14  6.29
STD DEV   3.54  3.09  4.01  3.16  2.92  2.48  2.51  2.53  2.68  2.76  4.18  3.71
SKEW       .70   .48   .88   .37   .51   .84   .59   .71   .31   .57   .91  1.05
% NNE     4.09  4.69  6.46  5.10  6.23  6.08  5.56  4.42  4.68  6.83  3.13  3.46
MEAN      6.08  5.68  7.38  6.38  6.40  5.91  5.43  5.19  5.41  6.18  5.42  5.46
STD DEV   2.53  2.72  3.19  2.65  2.72  2.68  2.51  2.22  2.32  2.48  2.73  2.70
SKEW      -.01   .84   .65   .44   .48   .77   .57   .38   .59   .35   .48   .41
% NE      2.23  2.31  3.32  4.15  4.49  5.35  6.27  5.59  5.33  5.08  2.35  1.95
MEAN      4.04  4.39  5.32  5.08  5.56  4.85  4.49  4.06  4.12  4.52  3.83  4.10
STD DEV   1.83  1.87  2.26  2.32  2.66  2.22  2.18  2.04  2.07  2.02  2.08  2.15
SKEW       .50   .58   .47   .52   .50   .69   .80   .74   .98   .48  1.21   .89
% ENE     1.50  1.57  2.75  3.08  3.51  3.45  3.74  3.88  3.04  2.18  1.14  1.20
MEAN      3.80  3.65  5.32  5.12  5.20  4.73  4.46  4.63  4.17  4.01  4.11  3.91
STD DEV   1.01  1.47  1.94  2.14  2.35  1.68  1.68  1.89  1.53  1.72  1.20  1.66
SKEW       .48   .44   .41   .63   .21   .33   .21   .40   .53   .87   .53   .46
% E       2.41  3.55  3.67  4.86  6.43  7.99  6.45  6.77  5.42  3.29  2.32  3.32
MEAN      3.24  3.93  4.54  4.44  4.96  4.58  4.13  4.15  3.97  3.59  3.46  4.42
STD DEV   1.21  1.82  2.08  1.86  2.21  1.76  1.69  1.87  1.73  1.42  1.64  1.94
SKEW       .50   .61   .55   .70   .86   .42   .71   .95   .96   .74   .87   .54
% ESE     2.50  3.59  4.05  4.72  5.27  7.39  6.86  7.56  5.74  4.07  2.25  2.72
MEAN      3.85  4.79  4.77  5.12  5.25  5.05  4.39  4.54  4.27  4.13  4.49  4.30
STD DEV   1.17  2.01  2.06  2.08  2.17  1.77  1.50  1.56  1.82  1.57  1.62  1.96
SKEW       .45   .94   .49   .65   .84   .14   .49   .53  1.34   .35   .87   .73
% SE      5.70  6.22  6.30  7.41  7.74  9.12 13.46 13.99 12.26  8.99  3.28  6.06
MEAN      3.95  4.23  4.85  5.31  5.10  5.47  4.51  4.56  4.55  4.49  3.58  4.23
STD DEV   1.55  1.87  1.87  2.34  2.18  2.31  1.79  1.90  2.06  1.92  1.65  1.73
SKEW       .44   .97   .39   .54   .60   .42   .60   .67   .91   .77   .65   .67
% SSE     4.16  5.35  7.01  8.54  9.64 10.79 12.22 11.26 10.24  7.27  4.21  4.34
MEAN      4.85  5.40  6.15  6.65  6.25  6.32  5.48  5.54  5.86  5.77  4.82  5.40
STD DEV   1.92  2.24  2.58  2.64  2.51  2.52  2.03  2.14  2.46  2.54  1.93  2.12
SKEW       .34   .50   .56   .46   .70   .40   .36   .50   .58   .53  1.07   .50
% S       8.76 11.17 10.00 13.19 14.54 14.15 17.75 18.10 15.29 12.05  8.41  9.59
MEAN      4.59  5.00  5.59  6.67  6.15  5.94  5.84  5.40  5.80  5.44  4.76  4.75
STD DEV   2.09  2.09  2.68  3.23  2.94  2.72  2.40  2.19  2.73  2.33  2.15  2.19
SKEW       .73   .50   .80   .67   .52   .60   .38   .37   .63   .36   .50   .74
% SSW     3.14  2.72  2.72  2.96  3.48  3.88  5.06  5.12  3.60  3.87  3.28  3.01
MEAN      4.01  4.34  4.98  5.60  5.86  5.59  5.06  5.22  4.79  5.04  4.91  4.72
STD DEV   1.67  1.70  2.20  2.20  2.76  2.55  1.95  2.26  1.97  2.25  2.13  2.00
SKEW       .44   .42   .73   .46   .55   .54   .32   .46   .24   .67   .77   .86
% SW      4.41  4.82  3.96  2.91  3.24  3.51  3.27  4.05  3.72  4.28  4.44  4.77
MEAN      3.60  3.74  4.18  4.42  4.16  4.48  3.86  4.03  3.63  3.70  3.79  3.80
STD DEV   1.74  1.53  2.09  2.13  2.01  2.01  1.79  1.83  1.77  1.94  1.85  1.56
SKEW       .86   .53  1.02   .95   .50   .84   .50   .78   .75  1.15   .77   .58
% WSW     2.97  2.70  1.87  1.66  1.99  1.52  1.03  1.32  1.64  2.15  2.78  3.70
MEAN      3.50  3.89  4.39  4.11  4.02  3.86  4.00  3.35  3.76  3.17  3.75  3.97
STD DEV   1.38  1.69  1.88  1.86  1.64  1.70  2.13  1.31  1.50  1.35  1.59  1.40
SKEW       .60   .70   .47   .35   .41   .37   .43   .33   .50   .62   .45   .24
% W       7.59  6.28  4.73  3.11  3.22  2.65  1.59  2.02  2.81  4.44  6.34  7.36
MEAN      3.63  3.66  3.66  4.29  3.68  3.90  3.12  3.02  3.24  3.68  3.80  3.85
STD DEV   1.56  1.89  1.67  2.16  1.84  2.14  1.46  1.38  1.56  2.14  1.51  1.64
SKEW       .82  2.10   .99   .64  1.03  1.02   .70  1.16  1.02  1.64   .52   .87
% WNW     7.83  7.62  4.95  3.76  3.39  2.54  1.56  1.67  3.20  6.05  7.91 10.19
MEAN      5.00  5.10  6.14  5.50  5.38  5.40  3.08  3.59  3.94  4.86  5.27  5.08
STD DEV   2.36  2.72  4.02  2.72  3.14  3.17  1.21  1.17  2.26  2.35  2.56  2.39
SKEW       .92  1.16   .97   .67  1.45   .69   .81   .37  1.43  1.24   .92   .83
% NW     15.30 15.10 12.34 10.23  7.62  5.74  3.83  4.13  7.84 11.31 23.62 16.69
MEAN      5.18  5.11  6.22  6.17  5.37  4.75  3.76  3.73  3.97  4.93  5.24  5.25
STD DEV   2.94  2.73  3.88  3.45  3.16  2.70  1.85  2.15  2.11  2.92  2.92  2.94
SKEW      1.39   .93  1.12  1.08  1.53  1.18  1.12  1.55  1.09  1.22  1.07  1.53
% NNW     8.62  8.40  9.56  9.70  5.86  4.45  2.35  2.49  4.77  6.25 10.45  9.39
MEAN      6.81  6.29  8.32  7.89  6.47  5.44  4.75  4.38  5.52  6.31  7.94  7.18
STD DEV   3.39  3.11  4.70  3.82  3.46  2.61  2.50  2.13  2.56  3.56  4.39  3.96
SKEW       .54   .67   .82   .49  1.13   .75   .75   .61   .51  1.06   .73   .90
CALM      3.26  2.17  2.26  1.50  1.53  1.52  1.92  2.19  2.25  2.40  2.59  2.53
 
INTERPOLATED DATA (station & weighting factor)
 
---Wind Stations---
HAYS CENTER   NB     .422  NORTH PLATTE  NB     .301  LEXINGTON     NB     .277
---Solar Radiation and Max .5 P Stations---
 NE CURTIS 1 E      1.000   NE CANADAY STEAM P  .000   NE BIG SPRINGS      .000 
---Dewpoint Stations---
KS HILL CITY MUNI A  .401  KS GOODLAND RENNER   .353  NE VALENTINE MILLER  .246 
---Time Peak Stations---
NE CURTIS 1 E        .634  NE CURTIS 3 NNE      .366                            
