 BERLIN NH                               27 690 0
 LATT=  44.48 LONG= -71.17 YEARS= 40. TYPE= 3
 ELEVATION = 1110. TP5 = 1.53 TP6= 2.78
 MEAN P    .30   .30   .31   .34   .32   .33   .34   .41   .37   .39   .36   .31
 S DEV P   .35   .36   .35   .45   .35   .38   .33   .56   .52   .53   .45   .38
 SKEW  P  2.42  2.06  2.54  3.21  2.01  3.47  2.09  3.57  5.50  3.04  3.01  2.81
 P(W/W)    .34   .40   .38   .49   .50   .53   .44   .37   .44   .50   .45   .42
 P(W/D)    .26   .21   .26   .24   .28   .30   .30   .28   .27   .28   .27   .29
 TMAX AV 26.48 29.89 39.21 52.34 65.85 74.05 78.61 76.98 68.77 56.55 44.26 31.67
 TMIN AV  5.14  6.89 17.42 30.63 41.30 50.80 55.29 53.03 45.04 35.21 26.66 12.92
 SD TMAX 12.14 11.33 11.65 11.85 10.75  8.82  6.72  7.08  8.32 10.12 10.79 11.05
 SD TMIN 14.16 13.04 12.35  7.26  7.70  7.11  6.13  6.98  8.45  8.30  9.09 13.01
 SOL.RAD  135.  210.  284.  379.  431.  479.  476.  412.  315.  209.  130.  105.
 SD SOL   17.5  20.3  29.5  54.8  38.5  36.3  23.2  36.2  27.1  15.2  13.2  11.9
 MX .5 P   .33   .31   .35   .38   .60   .84  1.02   .88   .69   .56   .40   .33
 DEW PT  10.00 11.01 19.51 29.51 42.00 53.00 58.51 57.51 50.01 38.01 28.51 16.51
Time Pk   .644  .784  .838  .888  .892  .892  .960  .970  .980  .986  .990 1.000
% N       7.04  5.58  4.42  5.54  4.32  3.06  3.26  4.34  3.07  3.99  4.50  4.65
MEAN      3.90  3.87  4.11  3.84  3.69  3.43  3.25  3.33  3.20  3.46  3.51  3.82
STD DEV   2.18  2.09  2.11  1.91  2.02  1.73  1.57  1.63  1.40  1.70  1.64  1.98
SKEW       .73   .89   .73   .62   .96   .68   .60   .78   .53   .71   .39   .66
% NNE     8.72  9.41  7.86  6.54  6.11  4.35  2.88  4.71  3.89  6.34  6.14  6.15
MEAN      3.83  3.77  3.96  3.87  3.87  3.47  2.81  3.43  3.32  3.44  3.38  3.41
STD DEV   2.00  1.84  1.79  1.79  1.96  1.59  1.19  1.49  1.63  1.63  1.52  1.63
SKEW      1.02   .98   .70   .53   .67   .39   .47   .37   .89   .64   .67   .97
% NE      5.29  6.70  5.45  4.24  5.05  3.22  2.26  4.08  3.60  4.36  4.67  3.34
MEAN      3.04  3.38  3.65  3.15  3.43  3.16  2.61  2.96  3.23  3.23  3.35  2.96
STD DEV   1.50  1.61  1.49  1.40  1.51  1.42  1.10  1.27  1.56  1.33  1.72  1.49
SKEW       .64  1.53   .53   .66   .62   .96   .29   .59   .89   .53  1.18  1.06
% ENE     2.27  3.39  3.55  2.63  3.08  2.26  1.75  2.41  1.96  2.36  2.48  1.92
MEAN      2.59  2.90  3.70  3.10  3.14  3.40  2.81  2.97  3.21  3.20  3.29  3.00
STD DEV   1.28  1.20  1.54  1.42  1.38  1.38  1.08  1.01  1.36  1.39  1.49  1.50
SKEW       .74   .81   .45  1.04   .74   .42   .66   .06   .88   .77   .34   .56
% E       1.29  1.25  1.66  1.19  1.86  1.55  1.09  1.65  1.20  1.14  1.75  1.41
MEAN      1.92  2.03  3.17  2.15  2.31  2.41  2.41  2.30  2.71  2.39  3.07  2.84
STD DEV    .69   .64  1.41   .82   .89  1.01   .90   .87  1.09   .82  2.06  1.67
SKEW       .58   .39   .52   .28   .22   .37   .17  -.01   .52   .26  1.81   .65
% ESE      .96  1.25  1.86  2.36  2.97  1.70  1.25  1.40  1.20  1.55  1.56  1.41
MEAN      2.40  2.61  3.84  3.61  2.92  2.33  2.51  2.43  2.23  2.74  3.57  2.97
STD DEV   1.19  1.24  2.07  1.90  1.36   .85  1.17  1.14   .84  1.31  2.96  1.54
SKEW       .54  1.10   .76   .83  1.01   .66   .89   .93   .05   .81  2.08  1.06
% SE      1.31  1.65  1.87  2.07  3.47  2.36  1.61  1.80  1.66  2.36  1.90  1.35
MEAN      2.21  2.48  3.47  3.03  2.94  2.76  2.52  2.43  2.36  3.00  2.77  2.90
STD DEV   1.24  1.06  1.51  1.53  1.41  1.14  1.30  1.09  1.02  1.54  1.19  1.19
SKEW      1.66   .65   .25   .77   .83   .68  1.04  1.08   .77   .71   .49   .92
% SSE     5.08  5.59  7.58  6.47  7.12  6.05  5.26  4.29  6.50  6.26  6.20  5.46
MEAN      4.48  4.04  4.90  4.39  4.08  3.58  3.61  3.52  4.07  3.98  4.34  4.59
STD DEV   2.38  1.90  2.28  2.23  1.87  1.50  1.69  1.60  1.93  1.82  2.07  2.38
SKEW       .86   .87   .50   .78   .54   .24   .60   .72   .70   .77   .66  1.00
% S       6.65  6.17  5.28  6.49  7.20  8.94  7.76  8.20  9.59  8.37  8.18  7.20
MEAN      4.11  3.97  4.28  4.09  3.95  3.74  3.66  3.70  4.18  3.94  3.99  4.16
STD DEV   2.14  1.93  1.80  1.91  1.73  1.64  1.62  1.82  1.84  1.76  1.89  1.83
SKEW      1.08   .75   .30   .42   .41   .29   .49   .94   .60   .41   .65   .54
% SSW     8.68  6.23  6.08  8.37  9.86 14.05 13.03  9.56 12.67 10.45  9.36  9.04
MEAN      4.61  4.09  4.55  4.62  4.46  4.49  4.23  4.05  4.74  4.53  4.69  4.92
STD DEV   2.06  1.74  1.78  2.02  2.03  1.81  1.68  1.73  2.05  1.86  2.18  2.11
SKEW       .67   .55   .56   .50   .54   .30   .17   .37   .47   .33   .65   .50
% SW      4.77  4.12  3.47  6.02  5.84  8.09  9.24  8.20  8.83  7.75  6.48  7.04
MEAN      4.29  3.83  4.10  4.44  3.82  3.90  3.86  3.78  4.11  4.32  4.36  4.53
STD DEV   2.30  1.94  2.06  2.27  2.05  1.82  1.84  1.77  1.88  2.08  2.14  2.30
SKEW       .74   .77   .61   .78   .77   .30   .60   .53   .60   .54   .54   .74
% WSW     3.94  3.33  3.67  5.67  4.34  6.04  6.41  4.90  5.31  4.75  4.50  5.79
MEAN      5.79  4.76  4.93  4.73  4.39  4.29  3.99  3.90  4.29  4.60  4.76  5.22
STD DEV   3.08  2.18  2.25  2.21  2.30  1.86  1.85  1.76  2.03  2.25  2.22  2.35
SKEW       .67  -.04   .31   .42   .65   .46   .58   .54   .53   .38   .43   .41
% W       3.23  2.91  4.10  4.56  3.87  3.66  5.13  5.14  4.51  3.35  4.27  4.57
MEAN      5.40  4.30  4.54  4.08  3.83  3.81  3.56  3.55  3.88  3.75  3.61  4.56
STD DEV   3.32  2.16  2.25  1.93  2.10  1.79  1.59  1.71  1.66  1.76  1.85  2.45
SKEW       .64   .33   .31   .43   .70   .58   .48   .85   .36   .48   .82   .48
% WNW     7.90 10.67 11.80 10.20  7.18  8.16  9.64  9.42  8.98  8.41  8.06  9.40
MEAN      6.33  6.82  6.15  5.47  5.01  5.39  4.43  4.62  4.96  5.36  5.31  5.97
STD DEV   3.04  3.32  2.99  2.55  2.61  2.47  2.09  2.12  2.21  2.46  2.42  2.76
SKEW       .52   .46   .79   .65   .86   .40   .77   .73   .56   .45   .47   .28
% NW      8.45 10.90 12.46  8.38  7.42  6.38  9.50  9.01  8.12  8.90  9.08 11.09
MEAN      6.15  6.41  5.99  5.27  5.21  5.22  4.66  4.41  4.86  5.16  4.78  5.37
STD DEV   3.12  3.10  2.80  2.66  2.74  2.56  2.13  2.07  2.23  2.49  2.57  2.60
SKEW       .48   .24   .56   .49   .91   .48   .44   .72   .53   .49   .96   .47
% NNW    11.21 10.32 11.07  9.16  8.37  7.03  7.52  6.82  6.72  7.63  8.20  8.44
MEAN      5.60  6.12  5.44  5.39  5.28  5.26  4.60  4.29  4.89  5.11  4.67  5.05
STD DEV   2.82  2.97  2.57  2.74  2.56  2.57  2.09  1.92  2.32  2.58  2.34  2.36
SKEW       .61   .44   .51   .66   .52   .42   .57   .63   .62   .70   .76   .70
CALM     13.15 10.44  7.80 10.32 11.95 13.19 12.39 14.25 12.15 12.13 12.56 11.91
 
INTERPOLATED DATA (station & weighting factor)
 
---Wind Stations---
AUGUSTA/STATE ME     .512  MONTPELIER/ED VT     .488                       .000
---Solar Radiation and Max .5 P Stations---
 NH WARREN           .614   VT NORTH HARTLAND   .386                            
---Dewpoint Stations---
ME AUGUSTA STATE AP  .506  VT BARRE MONTPELIER  .494                            
---Time Peak Stations---
NH WARREN            .612  VT NORTH HARTLAND L  .388                            
