 BATTLE MTN AP NV                        26 691 0
 LATT=  40.60 LONG=-116.87 YEARS= 40. TYPE= 3
 ELEVATION = 4530. TP5 =  .86 TP6= 1.55
 MEAN P    .12   .10   .11   .14   .18   .15   .24   .12   .17   .14   .11   .13
 S DEV P   .16   .12   .14   .18   .23   .19  1.06   .15   .24   .16   .13   .16
 SKEW  P  2.78  2.29  2.89  2.45  2.54  2.36  9.07  2.32  3.06  1.86  2.10  3.00
 P(W/W)    .48   .45   .44   .48   .55   .47   .27   .35   .40   .44   .38   .44
 P(W/D)    .15   .17   .17   .17   .13   .09   .06   .06   .07   .09   .14   .14
 TMAX AV 41.66 47.93 56.50 63.52 73.70 85.02 94.91 92.74 82.91 68.84 52.76 42.74
 TMIN AV 17.22 22.64 27.52 31.82 39.59 46.42 52.68 49.40 41.07 30.95 23.44 17.78
 SD TMAX  9.30  9.34  9.66 11.06 11.30 10.35  6.71  7.38  9.54 11.26 10.71  9.44
 SD TMIN 12.36  9.75  7.75  7.58  7.62  6.66  7.01  7.10  8.12  8.31  9.78 12.03
 SOL.RAD  180.  261.  377.  489.  576.  660.  676.  599.  485.  338.  211.  162.
 SD SOL   26.3  25.7  32.2  31.6  50.2  40.3  18.9  24.9  18.3  23.1  15.1  23.4
 MX .5 P   .25   .21   .25   .28   .32   .33   .38   .43   .34   .24   .21   .27
 DEW PT  20.63 22.83 23.80 25.00 30.44 33.67 36.31 34.94 31.18 26.74 23.47 19.83
Time Pk   .631  .840  .895  .940  .940  .940  .995  .995  .995 1.000 1.000 1.000
% N       3.85  3.37  4.00  6.54  6.73  7.68  9.73  7.84  8.63  7.78  5.02  4.64
MEAN      3.15  3.31  3.90  4.20  4.24  4.03  4.00  3.77  3.74  3.74  3.54  3.42
STD DEV   1.34  1.45  1.67  1.74  1.92  1.66  1.54  1.46  1.35  1.63  1.43  1.53
SKEW       .73   .41   .73   .62   .85   .53   .52   .66   .40   .98   .41  1.03
% NNE     4.05  5.49  3.63  4.37  4.55  5.03  5.08  3.98  4.41  4.46  3.87  4.30
MEAN      3.59  4.16  4.50  4.49  4.27  3.97  3.98  3.74  3.71  3.51  3.70  3.57
STD DEV   1.76  1.94  2.27  1.83  1.72  1.60  1.91  1.58  1.34  1.60  1.51  1.44
SKEW       .73   .65   .95   .65   .69   .38  1.14   .91   .56  1.35   .72   .60
% NE      9.29 11.35  8.08  7.35  6.46  6.62  6.42  5.93  8.66  6.79  7.42  8.30
MEAN      3.98  4.77  4.63  4.78  3.97  3.88  3.74  3.57  3.61  3.49  3.77  3.76
STD DEV   1.61  2.01  1.97  2.15  1.77  1.75  1.80  1.63  1.60  1.38  1.60  1.50
SKEW       .50   .51   .34   .44   .50   .59   .89  1.19  1.10   .56   .91   .52
% ENE     6.02  6.62  4.97  4.63  3.54  3.67  3.30  2.69  3.18  3.94  5.09  6.46
MEAN      3.41  4.13  4.23  4.34  3.68  3.78  3.41  3.33  3.95  3.75  3.51  3.69
STD DEV   1.36  1.78  1.76  1.86  1.46  1.73  1.79  1.31  1.62  1.67  1.46  1.37
SKEW       .50   .69   .54   .39   .49   .73  1.17   .42   .70   .94   .93   .60
% E       5.64  4.97  4.14  3.82  3.53  3.18  3.42  3.82  3.84  4.82  5.16  4.87
MEAN      3.05  3.22  3.52  3.42  3.45  3.03  3.13  2.98  3.10  2.98  3.12  3.19
STD DEV   1.18  1.25  1.60  1.42  1.45  1.30  1.45  1.32  1.21  1.15  1.27  1.39
SKEW       .58   .65   .63   .17   .58   .73  1.52  1.69   .67   .75   .85   .93
% ESE     3.70  4.22  3.65  3.78  3.18  2.77  2.92  3.08  2.87  3.04  3.82  3.45
MEAN      2.94  3.09  3.75  3.55  3.48  3.22  3.50  3.00  3.16  2.98  2.98  3.19
STD DEV   1.19  1.06  2.14  1.54  1.60  1.45  1.78  1.10  1.54  1.10  1.10  1.35
SKEW       .48   .50  1.07   .84  1.01   .81  1.22   .66  1.96   .33   .50  1.13
% SE      4.21  4.20  4.38  3.96  3.47  3.12  4.15  5.22  5.81  5.59  5.11  3.61
MEAN      2.66  2.78  3.23  3.44  3.79  3.43  3.03  3.17  3.06  3.06  2.98  2.76
STD DEV   1.10  1.23  1.72  1.28  1.84  1.82  1.16  1.26  1.25  1.23  1.17  1.08
SKEW       .58   .95  1.59   .29   .95  1.52   .56   .88  1.31   .64  1.00   .60
% SSE     5.11  4.86  3.73  5.96  5.26  4.20  4.43  4.60  4.55  4.78  6.27  5.28
MEAN      2.96  2.99  3.13  3.59  4.05  3.20  3.14  3.14  3.11  3.01  3.33  3.02
STD DEV   1.28  1.23  1.59  1.62  2.65  1.70  1.57  1.10  1.29  1.05  1.32  1.16
SKEW       .67   .79  2.03  1.16  2.04  2.05  1.55   .51  1.76   .67   .87   .52
% S       5.67  4.76  5.47  5.54  5.33  3.79  5.38  5.61  5.61  6.54  7.99  5.03
MEAN      3.33  3.11  3.97  3.76  3.88  3.41  3.38  3.31  3.26  3.48  3.65  3.55
STD DEV   1.76  1.31  2.40  2.02  1.83  1.53  1.72  1.48  1.47  1.67  2.17  1.65
SKEW      1.37   .82  1.76  1.39   .90   .70  1.46  1.60  1.35  1.42  1.95   .84
% SSW    11.55  9.03 10.87  7.62  7.91  5.95  6.42  7.13  5.84  6.32  7.79  8.14
MEAN      6.67  5.91  6.35  5.18  5.65  5.36  4.75  4.47  4.68  4.94  5.08  5.51
STD DEV   4.07  3.41  3.91  2.84  2.86  2.84  2.52  2.19  2.31  3.24  2.80  3.36
SKEW      1.11   .85  1.23  1.08   .67   .76   .86   .92   .75  1.67   .97  1.06
% SW      7.90  6.28  7.69  5.31  5.94  5.21  6.69  7.40  6.43  6.64  6.63  7.11
MEAN      6.15  5.75  5.57  5.34  5.84  5.72  5.31  5.02  4.77  5.19  4.78  5.65
STD DEV   3.03  3.19  2.77  2.56  3.05  2.91  2.69  2.50  2.36  2.83  2.63  3.12
SKEW       .54   .76   .60   .47   .74   .68   .74   .82   .63   .90   .75  1.28
% WSW     5.60  5.80  6.35  5.57  6.06  5.21  5.42  5.79  4.72  3.93  4.39  5.43
MEAN      5.25  5.62  5.58  5.72  5.94  6.33  5.26  5.47  5.18  5.35  4.74  5.48
STD DEV   2.38  2.82  2.74  2.58  2.79  2.97  2.34  2.23  2.22  2.85  2.39  2.59
SKEW       .38   .49   .74   .37   .69   .62   .32   .52   .29   .78   .78   .75
% W       3.02  3.26  5.04  4.01  4.35  4.38  5.44  5.75  4.09  3.45  3.39  2.89
MEAN      4.13  4.49  4.48  4.96  5.05  5.07  4.82  5.05  4.44  4.70  4.39  3.86
STD DEV   2.02  2.18  2.14  2.41  2.35  2.33  2.33  2.16  1.74  2.59  2.08  1.83
SKEW       .53   .60   .45   .48   .57   .36   .68   .43   .39  1.12  1.03   .72
% WNW     2.88  3.50  5.15  5.37  4.80  5.08  3.16  4.02  3.19  2.61  2.71  2.87
MEAN      4.39  4.27  5.38  5.51  5.29  5.53  4.72  4.69  4.67  4.46  4.55  4.40
STD DEV   2.29  2.22  2.32  2.58  2.56  2.68  2.06  1.79  1.84  1.88  2.30  2.53
SKEW       .84   .82   .36   .72  1.06   .73   .34   .60   .52   .54   .95   .79
% NW      4.79  5.89  7.11  9.79 11.17 12.40  8.79  9.36  8.51  7.68  5.06  5.02
MEAN      4.98  4.75  5.48  5.27  5.47  5.02  4.67  4.67  4.64  4.67  4.06  4.31
STD DEV   2.41  2.15  2.78  2.59  2.66  2.09  1.97  2.02  2.03  2.16  1.69  1.83
SKEW       .54   .46   .78   .83   .90   .52   .51   .81   .79   .95   .67   .82
% NNW     4.59  5.10  5.94  8.63  9.67 13.42  9.98  8.38  7.32  6.64  4.71  5.09
MEAN      4.35  4.68  5.12  5.68  5.44  4.89  4.72  4.32  4.38  4.54  4.19  4.37
STD DEV   2.21  2.36  2.50  2.57  2.48  2.32  1.98  1.60  1.80  1.98  1.92  2.04
SKEW       .74   .77   .77   .75   .90   .84   .66   .71   .67   .79   .97   .82
CALM     12.06 11.32  9.73  7.92  7.86  8.30  9.25  9.40 12.17 15.18 15.63 17.61
 
INTERPOLATED DATA (station & weighting factor)
 
---Wind Stations---
BATTLE MOUNT. NV     .881  ELKO          NV     .074  LOVELOCK      NV     .045
---Solar Radiation and Max .5 P Stations---
 NV RYE PATCH DAM    .546   NV LOVELOCK         .454                            
---Dewpoint Stations---
NV WINNEMUCCA MUNI   .565  NV FALLON NAAS       .234  UT WENDOVER USAF AU  .202 
---Time Peak Stations---
NV RYE PATCH DAM     .545  NV LOVELOCK          .455                            
