 GLENS FALLS CAA AP NY                   303294 0
 LATT=  43.35 LONG= -73.62 YEARS= 40. TYPE= 3
 ELEVATION =  320. TP5 = 1.73 TP6= 3.40
 MEAN P    .25   .23   .29   .27   .29   .31   .35   .34   .37   .33   .28   .26
 S DEV P   .36   .30   .39   .33   .36   .39   .48   .48   .49   .45   .34   .32
 SKEW  P  2.69  2.20  3.07  2.20  2.08  3.09  2.50  2.98  2.67  2.66  1.88  2.06
 P(W/W)    .46   .43   .43   .51   .53   .50   .43   .41   .45   .49   .51   .45
 P(W/D)    .32   .26   .30   .29   .32   .33   .31   .32   .27   .28   .28   .31
 TMAX AV 28.58 32.34 42.63 56.56 68.70 76.64 81.43 79.14 70.52 58.19 46.62 34.00
 TMIN AV  8.65 10.75 21.93 33.59 44.25 53.19 58.05 56.29 47.44 36.48 28.40 16.71
 SD TMAX 11.20 10.08 11.12 11.34  9.75  7.91  6.40  6.45  7.69  8.76  9.68  9.66
 SD TMIN 15.23 13.88 11.22  8.26  8.31  7.28  6.41  7.10  8.88  8.85  8.95 12.66
 SOL.RAD  135.  208.  289.  380.  430.  477.  473.  412.  325.  218.  127.  105.
 SD SOL   16.7  18.1  35.2  58.1  36.0  41.8  40.2  34.3  27.9  19.0  12.9  16.1
 MX .5 P   .34   .29   .39   .43   .66   .90  1.12  1.13   .75   .56   .45   .36
 DEW PT  13.60 14.60 22.30 32.30 45.30 55.30 60.30 59.30 52.30 40.30 30.30 19.95
Time Pk   .655  .785  .831  .883  .893  .902  .960  .970  .970  .980  .990 1.000
% N       8.10  8.90  8.40 10.80  9.30  5.80  6.20  7.10  5.20  6.10  5.20  5.30
MEAN      3.35  3.29  3.65  3.43  2.90  2.94  2.59  2.60  2.84  2.77  2.79  3.32
STD DEV   1.67  1.69  1.83  1.54  1.45  1.61  1.19  1.37  1.58  1.46  1.59  1.57
SKEW       .42   .65   .92   .69  1.19   .92  1.01  1.16  1.09   .91   .93   .26
% NNE     5.60  5.60  6.90  6.70  7.40  4.40  4.00  5.90  4.40  5.70  5.60  4.90
MEAN      3.36  3.13  3.55  3.75  3.39  2.82  2.92  2.91  3.23  2.93  3.87  3.22
STD DEV   1.60  1.77  1.93  1.81  1.53  1.53  1.57  1.54  1.84  1.52  2.32  1.76
SKEW       .26   .89   .98   .91   .62  1.07   .92   .82   .72   .86   .90   .64
% NE      6.50  5.20  5.00  4.40  5.00  3.10  3.10  4.40  3.60  4.60  5.00  4.70
MEAN      2.71  2.54  3.18  3.32  2.90  2.72  2.49  2.59  2.58  2.43  2.70  2.49
STD DEV   1.46  1.39  1.68  1.75  1.42  1.46  1.42  1.30  1.42  1.17  1.67  1.31
SKEW       .91   .96   .94   .80   .96   .97  1.54   .71   .90   .74   .95   .78
% ENE    12.80 10.80  7.60  6.50  7.00  4.60  4.20  5.50  3.90  6.40  7.80  6.60
MEAN      3.35  3.19  3.19  3.64  3.58  3.16  2.77  2.73  2.77  3.04  3.03  3.13
STD DEV   1.58  1.58  1.56  1.60  1.81  1.55  1.46  1.31  1.56  1.51  1.84  1.38
SKEW       .47   .76   .77   .51  1.02   .66  1.25   .85   .76   .69  1.11   .23
% E       4.60  4.00  3.10  1.70  3.00  2.10  2.00  2.90  1.70  2.80  3.30  3.00
MEAN      2.15  2.07  2.48  2.63  2.37  2.03  2.34  2.00  1.78  2.26  1.95  2.05
STD DEV   1.00   .90  1.07  1.06  1.10   .71  1.25   .92   .74  1.24   .87   .94
SKEW      1.41  1.11  1.11   .53   .72  1.03  1.21   .92   .79   .95  1.13  1.21
% ESE     2.30  2.40  2.20  2.10  2.20  2.00  1.80  1.70  1.90  1.80  1.90  1.60
MEAN      1.95  2.15  2.49  2.59  2.45  2.29  2.14  2.04  1.88  2.12  1.88  2.06
STD DEV    .74   .89  1.25  1.17  1.04   .88   .75   .90  1.07  1.00   .70   .95
SKEW       .79  1.03  1.57  1.02   .68  1.14   .54  1.34  1.05   .86   .63  1.20
% SE      1.90  1.20  1.50  2.20  2.10  2.50  2.30  2.00  2.20  1.90  1.30  1.60
MEAN      1.83  1.92  2.62  3.10  2.52  2.29  2.31  2.06  2.08  1.94  2.19  1.66
STD DEV    .73   .74  1.10  1.62  1.16  1.00  1.05   .96  1.05  1.06  1.00   .59
SKEW       .63   .93   .53  1.09   .93   .91   .83  1.07  1.13  1.10  1.04   .18
% SSE     3.60  4.20  4.70  4.70  7.00  6.40  6.80  6.00  6.70  5.00  4.40  4.00
MEAN      2.67  3.05  3.65  3.83  3.67  3.71  3.27  2.91  2.75  3.08  2.82  2.91
STD DEV   1.27  1.37  1.79  1.63  1.60  1.64  1.51  1.36  1.25  1.47  1.31  1.52
SKEW      1.13   .52   .61   .70   .36   .38   .79   .50   .43   .69  1.14   .91
% S       4.60  5.50  5.90  6.10  8.90 11.70 11.90 10.90 10.80  7.60  7.80  6.40
MEAN      3.19  3.39  4.01  4.39  3.89  4.15  3.88  3.30  3.30  3.48  3.75  3.47
STD DEV   1.56  1.76  2.06  2.26  1.96  1.93  1.96  1.68  1.87  1.67  1.93  1.85
SKEW       .63   .93   .96   .84   .73   .41   .83   .93   .93   .52   .62   .62
% SSW    10.80  8.30  9.20 11.60 11.60 17.70 15.80 13.60 16.20 16.10 15.00 18.00
MEAN      4.35  4.54  4.09  5.32  4.14  4.29  4.03  3.51  4.10  4.22  4.65  4.60
STD DEV   2.01  2.14  2.00  2.37  2.01  1.95  1.84  1.58  2.18  2.00  2.38  2.00
SKEW       .57   .58   .56   .61   .80   .46   .44   .47   .70   .47   .65   .43
% SW      5.00  4.10  4.90  5.30  5.40  6.90  6.70  6.00  7.60  5.50  6.00  7.40
MEAN      3.85  3.60  3.79  4.08  3.21  3.26  3.08  2.77  2.75  3.13  3.32  3.83
STD DEV   1.75  1.72  1.99  1.93  1.45  1.57  1.52  1.53  1.52  1.88  1.84  2.05
SKEW       .33   .33   .91   .73   .56   .73   .60   .79  1.05   .76   .77  1.11
% WSW     7.60  6.60  9.40  9.10  6.20  8.50  8.50  7.00  7.90  7.40  8.40 10.60
MEAN      5.12  4.20  5.37  4.84  4.23  4.27  3.86  3.22  3.48  3.58  4.11  4.82
STD DEV   2.78  2.40  2.88  2.49  2.72  2.49  2.13  1.91  2.38  2.23  2.27  2.47
SKEW       .63   .65   .60   .43   .89   .74   .48   .85  1.09   .68   .72   .38
% W       6.40  8.20  6.90  6.60  5.00  7.10  7.50  5.50  6.40  5.90  6.50  6.00
MEAN      5.00  5.03  5.36  4.92  4.00  4.11  3.69  2.86  3.35  3.21  3.66  4.44
STD DEV   3.99  3.68  3.34  2.75  2.83  2.91  2.40  2.16  2.75  2.40  2.28  3.01
SKEW      1.13   .77   .58   .36  1.00   .80   .84  1.47  1.52  1.19   .79   .64
% WNW     5.50  6.50  6.60  5.70  5.10  4.80  4.80  4.40  5.40  5.70  6.30  5.30
MEAN      4.54  5.05  4.73  4.69  4.20  4.51  3.09  3.09  3.57  3.42  3.83  4.16
STD DEV   3.46  3.19  2.87  3.02  2.72  3.03  1.89  2.14  2.67  2.74  2.61  2.72
SKEW       .85   .42   .63   .56   .53   .59   .86   .86  1.05  1.24   .78   .56
% NW      2.90  4.60  4.30  4.10  4.10  3.50  3.90  4.40  3.60  4.30  3.70  3.10
MEAN      3.47  3.89  4.19  4.01  3.65  3.72  2.94  2.98  2.65  3.28  3.38  3.36
STD DEV   2.49  3.25  2.77  2.80  2.76  2.79  2.04  2.32  1.88  2.59  2.63  2.31
SKEW       .79  1.13   .67   .97  1.16  1.01  1.04  1.40   .86  1.10  1.00   .91
% NNW     7.10  9.30 11.10 10.30  8.60  5.90  6.70  6.60  5.70  6.10  7.20  7.10
MEAN      4.44  4.83  4.62  4.40  3.84  3.83  3.45  3.27  3.22  3.99  4.40  3.70
STD DEV   2.59  2.98  2.51  2.40  2.32  2.38  1.89  2.23  2.05  2.61  2.77  2.21
SKEW       .67   .56   .57   .75   .85   .78   .70  1.18  1.18   .81   .70   .65
CALM      4.80  4.70  2.20  2.20  2.30  2.90  3.70  6.10  6.60  7.00  4.60  4.50
 
INTERPOLATED DATA (station & weighting factor)
 
---Wind Stations---
GLENS FALLS/W NY    1.000  SCHENECTADY   NY     .000  ALBANY/CNTY   NY     .000
---Solar Radiation and Max .5 P Stations---
 NY CONKLINGVILLE D  .449   NY WHITEHALL        .394   VT BALL MTN LAKE    .157 
---Dewpoint Stations---
NY ALBANY AP         .649  VT BURLINGTON INTL   .351                            
---Time Peak Stations---
NY CONKLINGVILLE DA  .453  NY WHITEHALL         .394  VT BALL MTN LAKE     .153 
