 JACKSON OH                              334004 0
 LATT=  39.05 LONG= -82.63 YEARS= 40. TYPE= 3
 ELEVATION =  670. TP5 = 2.09 TP6= 4.31
 MEAN P    .24   .24   .31   .28   .37   .37   .39   .39   .37   .30   .29   .27
 S DEV P   .31   .35   .40   .33   .47   .45   .49   .48   .49   .38   .34   .36
 SKEW  P  2.83  3.30  4.28  2.50  3.18  2.75  2.41  2.28  3.00  2.30  2.03  2.61
 P(W/W)    .46   .50   .48   .49   .56   .49   .49   .44   .39   .51   .50   .49
 P(W/D)    .29   .29   .29   .29   .24   .26   .22   .21   .21   .20   .23   .29
 TMAX AV 38.30 42.34 53.42 65.69 73.92 80.81 84.20 83.24 76.59 64.74 54.16 42.11
 TMIN AV 20.60 22.70 30.74 39.60 49.19 57.71 62.35 61.25 53.64 41.22 32.92 24.71
 SD TMAX 12.44 12.50 13.27 12.25  9.26  6.80  5.82  5.91  8.13  9.97 11.71 11.99
 SD TMIN 12.56 11.39 10.53  9.33  8.83  6.89  5.86  5.97  8.20  9.40  9.77 11.08
 SOL.RAD  133.  204.  289.  384.  451.  501.  501.  448.  366.  258.  150.  113.
 SD SOL   20.3  35.6  40.6  39.8  36.4  31.5  40.3  36.4  25.2  15.4  25.5  14.5
 MX .5 P   .38   .42   .44   .59   .87  1.17  1.50  1.16   .85   .60   .52   .37
 DEW PT  22.25 23.94 30.52 38.83 51.25 60.25 64.52 63.52 56.52 43.83 34.42 26.83
Time Pk   .520  .690  .760  .830  .840  .850  .940  .950  .960  .970  .990 1.000
% N       3.03  4.31  4.28  4.45  4.23  3.54  3.48  3.94  4.08  4.18  2.76  2.71
MEAN      3.23  3.40  3.47  3.53  3.04  2.90  2.61  2.55  2.73  3.01  3.02  3.19
STD DEV   1.48  1.51  1.55  1.60  1.38  1.28  1.13  1.11  1.23  1.36  1.37  1.42
SKEW       .68   .72   .66   .72   .72   .92   .88   .68  1.08   .81  1.01   .77
% NNE     2.96  3.62  3.95  3.33  3.56  3.13  2.97  3.56  3.91  3.54  2.38  2.38
MEAN      2.92  3.09  3.23  3.12  2.92  2.78  2.52  2.47  2.61  2.50  2.61  2.89
STD DEV   1.41  1.36  1.42  1.33  1.32  1.17   .96  1.04  1.18  1.10  1.19  1.40
SKEW       .65   .81   .61   .50   .82   .80   .68   .96   .93   .88   .81  1.31
% NE      4.04  5.31  5.12  5.04  4.20  3.58  3.42  3.98  4.92  4.01  2.49  2.95
MEAN      2.61  2.71  2.93  2.85  2.50  2.42  2.32  2.23  2.26  2.31  2.38  2.37
STD DEV   1.25  1.22  1.31  1.27  1.15  1.06  1.01   .93   .95  1.04   .97   .98
SKEW       .97  1.03   .67   .76  1.00  1.04   .95   .95  1.03  1.14   .91   .81
% ENE     2.88  3.46  3.71  3.69  3.36  2.66  2.69  2.86  3.62  3.12  1.75  2.41
MEAN      2.70  2.81  2.93  2.95  2.50  2.37  2.28  2.19  2.40  2.26  2.31  2.53
STD DEV   1.37  1.27  1.27  1.31  1.06   .94   .86   .96  1.06   .95   .87  1.02
SKEW       .90  1.10   .75   .95   .76   .62   .65  1.10  1.03  1.13  1.11   .70
% E       3.25  3.99  4.75  4.03  4.04  3.76  3.33  4.02  4.77  4.53  2.67  3.88
MEAN      2.59  2.74  2.90  2.86  2.48  2.40  2.29  2.20  2.35  2.28  2.40  2.59
STD DEV   1.13  1.13  1.21  1.26  1.00  1.04   .99   .91   .95   .92  1.00  1.09
SKEW       .88   .69   .78   .86   .87  1.09  1.32  1.04  1.05  1.29  1.02   .97
% ESE     1.91  2.05  2.29  2.53  2.51  3.16  2.27  2.56  3.44  3.56  2.65  2.78
MEAN      2.52  2.68  2.91  2.83  2.56  2.47  2.32  2.33  2.31  2.37  2.43  2.54
STD DEV    .94  1.07  1.27  1.10  1.04  1.06   .91   .87   .85   .92   .92   .99
SKEW       .71   .87   .85   .81  1.12  1.13   .98   .81  1.14  1.07   .93   .95
% SE      2.71  2.29  3.45  2.76  2.41  2.42  2.20  2.22  2.65  2.45  1.86  2.22
MEAN      2.78  2.87  3.40  3.03  2.54  2.43  2.14  2.10  2.40  2.49  2.67  2.68
STD DEV   1.23  1.35  1.68  1.39  1.12  1.09   .81   .81  1.06  1.00  1.28  1.09
SKEW      1.07   .81   .92   .88  1.28  1.07   .93  1.05  1.37  1.12   .96   .95
% SSE     2.63  3.02  3.20  3.03  2.74  3.25  2.69  2.69  3.39  3.20  3.29  3.28
MEAN      3.40  3.73  3.64  3.30  3.00  2.69  2.51  2.40  2.62  2.95  3.57  3.43
STD DEV   1.65  1.63  1.70  1.47  1.38  1.14  1.07   .89  1.17  1.43  1.74  1.60
SKEW       .75   .44   .63   .55   .99   .96  1.07   .57   .90   .81   .66   .69
% S       7.57  5.70  6.08  6.55  6.78  7.83  7.43  6.80  6.71  6.56  7.47  7.31
MEAN      3.77  3.89  3.93  3.64  3.14  2.88  2.60  2.58  2.98  3.22  3.74  3.82
STD DEV   1.74  1.87  1.92  1.72  1.44  1.28  1.08  1.18  1.43  1.53  1.78  1.76
SKEW       .66   .63   .73   .67   .74   .85   .80  1.15   .97   .96   .69   .57
% SSW     8.49  7.07  5.98  7.10  7.54  9.16  8.72  7.03  7.09  7.44 10.25  8.43
MEAN      4.34  4.21  4.33  4.27  3.50  3.28  3.07  2.85  3.13  3.36  4.04  3.94
STD DEV   2.06  1.92  2.00  2.01  1.63  1.48  1.36  1.20  1.47  1.57  1.88  1.79
SKEW       .58   .57   .64   .56   .79   .85   .82   .73   .88   .76   .73   .53
% SW      9.30  8.99  7.89  9.33  8.85 10.08  8.92  7.17  6.46  7.56 10.47  9.96
MEAN      4.50  4.36  4.60  4.69  3.75  3.58  3.25  3.09  3.31  3.72  4.35  4.22
STD DEV   2.13  2.14  2.33  2.36  1.85  1.62  1.54  1.51  1.54  1.87  2.14  2.01
SKEW       .45   .60   .63   .45   .87   .63   .82   .97   .80   .79   .76   .58
% WSW    10.19  9.77 10.64  9.12  7.90  6.87  6.26  5.57  5.18  6.51 11.27 12.07
MEAN      4.97  4.98  5.44  5.16  4.33  3.95  3.64  3.51  3.66  4.01  4.77  4.75
STD DEV   2.29  2.22  2.42  2.39  2.03  1.74  1.62  1.60  1.69  1.89  2.15  2.18
SKEW       .43   .33   .44   .44   .48   .45   .59   .66   .60   .56   .49   .49
% W      10.38 10.62 10.17  7.88  6.45  4.79  4.64  4.25  4.18  5.00  8.50  9.47
MEAN      4.75  4.82  4.99  4.64  3.85  3.53  3.19  3.09  3.26  3.88  4.53  4.78
STD DEV   2.31  2.23  2.49  2.37  1.96  1.78  1.52  1.52  1.62  1.84  2.10  2.29
SKEW       .51   .35   .77   .59   .69   .72   .70   .89   .69   .49   .44   .57
% WNW     5.38  6.24  6.03  5.24  4.38  3.07  2.74  3.12  3.03  3.53  5.57  5.48
MEAN      4.38  4.74  4.77  4.66  3.76  3.33  3.10  3.03  3.43  3.76  4.42  4.45
STD DEV   2.08  2.17  2.15  2.12  1.75  1.55  1.49  1.36  1.69  1.67  1.95  1.94
SKEW       .41   .42   .37   .51   .55   .70   .85   .72   .73   .42   .37   .50
% NW      5.18  4.86  5.22  5.19  4.33  3.08  3.06  3.00  3.25  3.40  3.27  3.15
MEAN      3.55  3.92  4.10  4.01  3.25  3.09  2.98  2.90  2.89  3.31  3.75  3.79
STD DEV   1.72  1.84  1.92  1.89  1.47  1.33  1.32  1.38  1.30  1.56  1.82  1.81
SKEW       .63   .54   .59   .54   .72   .80   .88   .84   .94   .63   .74   .76
% NNW     3.20  3.50  3.46  3.89  3.63  2.92  3.24  3.11  3.15  3.42  2.98  2.72
MEAN      3.74  3.86  4.00  3.97  3.14  3.17  2.94  2.78  2.96  3.42  3.66  3.62
STD DEV   1.72  1.79  1.82  1.72  1.38  1.44  1.36  1.22  1.34  1.62  1.65  1.62
SKEW       .45   .66   .47   .40   .61   .74   .81   .81   .67   .81   .50   .66
CALM     17.03 15.27 13.81 16.87 23.10 26.62 31.92 34.04 30.20 27.97 20.35 18.75
 
INTERPOLATED DATA (station & weighting factor)
 
---Wind Stations---
HUNTINGTON/TS.WV     .412  COLUMBUS/LOC. OH     .298  PARKERSBURG   WV     .290
---Solar Radiation and Max .5 P Stations---
 OH LANCASTER        .648   OH MT VERNON NEAR   .352                            
---Dewpoint Stations---
WV HUNTINGTON TRI S  .416  OH COLUMBUS PORT CO  .307  OH ZANESVILLE MUNI   .277 
---Time Peak Stations---
OH CIRCLEVILLE       .509  OH CIRCLEVILLE       .491                            
