 CLAREMORE OK                            341828 0
 LATT=  36.32 LONG= -95.62 YEARS= 40. TYPE= 3
 ELEVATION =  600. TP5 = 2.74 TP6= 6.75
 MEAN P    .27   .37   .45   .49   .50   .54   .56   .50   .57   .48   .50   .36
 S DEV P   .37   .72   .79   .65   .64   .70   .72   .76   .78   .63   .65   .46
 SKEW  P  2.62  7.78  8.20  3.77  3.18  2.63  2.14  2.95  3.06  2.11  2.24  2.00
 P(W/W)    .45   .42   .41   .41   .48   .47   .36   .38   .48   .42   .45   .44
 P(W/D)    .15   .18   .23   .23   .27   .23   .17   .17   .18   .19   .17   .15
 TMAX AV 45.76 51.41 60.78 70.61 78.12 86.34 92.62 92.39 83.68 72.72 59.95 48.99
 TMIN AV 23.01 27.22 36.90 46.20 56.26 65.31 70.06 68.40 59.82 47.07 36.68 26.63
 SD TMAX 13.14 14.14 12.70 10.03  7.63  6.08  6.06  6.70  9.24  9.60 11.78 12.57
 SD TMIN 10.72 10.73 10.91  9.79  8.70  6.37  4.77  5.49  9.14 10.23 11.03 11.07
 SOL.RAD  194.  255.  344.  435.  495.  542.  579.  514.  411.  301.  203.  179.
 SD SOL   27.0  40.8  28.7  34.7  49.4  58.2  38.8  38.6  40.7  35.9  38.8  25.6
 MX .5 P   .45   .52   .80  1.10  1.42  1.68  1.45  1.59  1.34   .95   .86   .50
 DEW PT  25.00 28.85 36.71 45.56 57.56 65.56 67.85 66.71 59.56 48.56 37.71 28.85
Time Pk   .471  .646  .725  .819  .835  .849  .938  .958  .968  .976  .990 1.000
% N      14.27 11.88  9.23  8.06  5.95  3.75  4.72  4.81  8.15  8.59  9.39 10.61
MEAN      5.68  5.56  5.51  5.60  4.49  4.24  3.72  3.83  4.28  4.79  5.30  5.26
STD DEV   2.37  2.39  2.44  2.50  2.00  1.97  1.82  1.85  2.08  2.21  2.53  2.35
SKEW       .31   .31   .45   .44   .54  1.03   .75   .96   .70   .41   .71   .41
% NNE     8.32  8.31  7.45  6.47  5.62  3.30  4.00  4.62  7.04  5.50  4.92  6.02
MEAN      5.76  5.60  5.82  5.76  4.98  4.70  4.24  4.49  4.85  5.19  5.37  5.50
STD DEV   2.25  2.21  2.24  2.37  2.03  1.94  1.77  1.96  2.09  2.20  2.28  2.35
SKEW       .29   .30   .33   .42   .21   .38   .43   .67   .42   .15   .33   .68
% NE      3.20  3.74  4.00  4.10  4.42  3.14  3.91  4.64  6.09  3.35  2.77  2.78
MEAN      4.13  4.66  4.59  4.87  4.41  3.80  3.79  3.80  4.12  4.13  4.13  3.98
STD DEV   1.85  1.98  1.98  2.26  2.07  1.66  1.69  1.69  1.90  1.92  2.01  1.70
SKEW       .57   .34   .50   .72   .71   .45   .62   .56   .57   .57   .54   .58
% ENE     1.88  2.19  2.70  2.86  2.92  2.54  3.00  3.82  3.70  2.15  1.55  1.59
MEAN      3.29  4.00  4.23  4.21  4.07  3.93  3.90  3.80  3.93  3.71  3.88  3.55
STD DEV   1.35  1.86  1.76  1.84  1.71  1.69  1.67  1.55  1.77  1.73  1.82  1.30
SKEW       .52   .85   .64   .70   .49   .70   .72   .54   .57   .83   .49   .12
% E       1.36  1.98  2.72  2.44  2.71  2.47  3.20  3.58  3.17  2.00  1.37  1.40
MEAN      2.98  3.69  3.90  3.91  3.79  3.74  3.47  3.33  3.46  3.03  3.16  3.24
STD DEV   1.19  1.66  1.65  1.62  1.69  1.67  1.58  1.39  1.51  1.27  1.31  1.30
SKEW       .43   .75   .85   .64   .70   .81   .75   .57   .64  1.13   .38   .37
% ESE     1.55  2.14  3.09  2.71  3.67  3.49  3.51  4.03  3.04  2.25  1.58  1.54
MEAN      3.43  3.87  4.15  4.06  3.88  3.68  3.62  3.52  3.25  3.40  3.50  3.68
STD DEV   1.29  1.65  1.68  1.73  1.58  1.50  1.62  1.38  1.28  1.43  1.37  1.46
SKEW       .31   .65   .48   .69   .61   .84   .77   .57   .77   .62   .50   .51
% SE      3.82  4.20  4.97  5.36  6.81  6.88  6.88  9.11  7.32  6.89  4.00  3.90
MEAN      4.08  4.38  4.77  4.79  4.21  3.78  3.57  3.37  3.62  3.72  3.87  4.04
STD DEV   1.96  2.03  2.14  2.29  1.97  1.64  1.57  1.38  1.54  1.68  1.62  1.82
SKEW       .92   .64   .62   .65   .63   .59   .67   .82   .77   .90   .61   .76
% SSE     9.18  9.33 11.10 12.38 13.99 14.40 13.52 15.26 14.18 14.28 10.82 10.92
MEAN      5.07  5.41  5.89  5.60  5.21  4.65  4.20  4.02  4.48  4.69  5.08  5.17
STD DEV   2.11  2.10  2.38  2.25  2.21  1.88  1.65  1.52  1.79  1.95  2.11  2.06
SKEW       .58   .32   .55   .74   .61   .64   .69   .63   .81   .71   .58   .42
% S      16.47 14.53 13.66 18.28 20.41 26.63 23.38 20.07 18.68 20.05 18.28 17.55
MEAN      5.54  5.60  6.28  6.30  5.59  5.26  4.51  4.30  4.72  5.07  5.32  5.43
STD DEV   2.36  2.53  2.78  2.59  2.39  2.12  1.76  1.70  1.97  2.19  2.41  2.37
SKEW       .51   .72   .55   .37   .40   .48   .52   .65   .68   .62   .57   .67
% SSW    10.22  9.35  8.29  9.69  9.07 14.19 13.19 11.24  8.28  9.06  9.88 10.51
MEAN      6.09  6.13  6.82  6.83  5.80  5.59  5.03  4.84  5.16  5.23  5.47  5.49
STD DEV   2.74  2.77  2.80  2.84  2.54  2.17  1.94  1.84  2.09  2.34  2.56  2.48
SKEW       .48   .39   .24   .21   .50   .26   .32   .33   .24   .43   .57   .47
% SW      3.32  3.69  3.37  2.88  3.26  4.21  4.71  3.73  2.61  3.10  4.12  4.53
MEAN      4.65  4.50  5.55  5.00  4.32  4.39  4.19  4.34  4.10  3.97  4.17  4.08
STD DEV   2.32  2.29  3.05  2.48  2.23  1.99  1.88  1.90  2.07  2.01  2.06  2.06
SKEW       .60   .83   .62   .63   .93   .42   .38   .45   .39   .91   .82  1.00
% WSW     2.39  2.63  2.94  1.99  1.72  1.48  1.93  1.49  1.20  1.52  2.66  2.79
MEAN      4.02  4.33  5.50  4.51  3.82  3.48  3.50  3.80  3.37  3.49  3.98  4.06
STD DEV   1.73  2.05  2.53  2.22  1.86  1.44  1.43  1.73  1.49  1.74  1.93  1.90
SKEW       .55   .64   .39   .57   .71   .60   .44   .64   .35   .93   .71  1.00
% W       2.54  2.83  3.18  2.41  2.06  1.19  1.24   .93  1.05  1.79  2.99  3.27
MEAN      4.26  4.53  5.65  5.09  3.74  3.44  3.17  3.04  3.05  3.59  4.01  4.28
STD DEV   2.04  2.30  2.77  2.48  1.68  1.50  1.40  1.29  1.43  1.76  2.10  2.13
SKEW       .64   .66   .61   .67   .64   .54   .73   .40   .56   .70   .98  1.08
% WNW     3.76  4.70  5.77  4.20  3.12  1.52  1.24  1.26  1.24  2.41  5.03  5.55
MEAN      4.97  5.21  6.02  5.98  4.27  3.72  3.26  3.43  3.34  4.41  4.62  5.13
STD DEV   2.29  2.47  2.51  2.76  2.03  1.52  1.43  1.70  1.57  1.99  2.22  2.31
SKEW       .80   .55   .27   .42   .87   .71   .74   .99   .77   .50   .80   .71
% NW      5.17  5.53  6.17  5.42  3.72  2.09  1.81  2.03  2.47  4.27  7.05  5.70
MEAN      4.81  4.90  5.81  5.62  4.32  3.83  2.86  2.91  3.06  4.32  4.90  5.00
STD DEV   2.34  2.23  2.54  2.57  2.05  1.91  1.50  1.39  1.57  2.21  2.29  2.31
SKEW       .62   .49   .46   .45   .64   .70  1.44   .92  1.12   .64   .59   .49
% NNW     7.49  8.19  7.48  6.77  4.03  2.21  2.38  2.66  4.09  5.51  7.43  6.44
MEAN      5.29  5.45  5.86  5.55  4.65  4.21  3.30  3.51  3.77  4.55  5.23  5.27
STD DEV   2.19  2.29  2.32  2.37  2.06  1.85  1.43  1.55  1.73  2.17  2.36  2.45
SKEW       .35   .36   .08   .43   .55   .84   .81   .86   .88   .69   .61   .55
CALM      5.04  4.82  3.95  4.02  6.53  6.52  7.29  6.67  7.58  7.37  6.19  4.90
 
INTERPOLATED DATA (station & weighting factor)
 
---Wind Stations---
TULSA         OK     .698  FAYETTEVILLE  AR     .152  JOPLIN        MO     .150
---Solar Radiation and Max .5 P Stations---
 OK PAWHUSKA         .412   OK OILTON 2 SE      .350   AR FAYETTEVILLE EX  .238 
---Dewpoint Stations---
OK TULSA INTL AP     .705  MO JOPLIN REGIONAL   .147  AR FAYETTEVILLE DRA  .147 
---Time Peak Stations---
OK PAWHUSKA          .414  OK OILTON 2 SE       .352  AR FAYETTEVILLE EXP  .234 
