 MANNFORD OK                             345522 0
 LATT=  36.17 LONG= -96.38 YEARS= 40. TYPE= 3
 ELEVATION =  740. TP5 = 2.84 TP6= 6.73
 MEAN P    .39   .45   .56   .56   .65   .67   .59   .64   .60   .61   .58   .46
 S DEV P   .46   .53   .55   .65   .74   .71   .60   .74   .69   .73   .74   .44
 SKEW  P  2.45  3.21  1.65  2.34  2.38  2.24  1.79  2.45  2.82  2.28  3.18  1.44
 P(W/W)    .29   .31   .32   .37   .40   .36   .31   .35   .39   .33   .39   .34
 P(W/D)    .11   .13   .17   .17   .23   .20   .13   .13   .16   .14   .12   .11
 TMAX AV 49.00 54.29 64.46 74.19 79.55 87.43 94.22 94.09 85.07 74.33 61.90 50.82
 TMIN AV 25.88 30.28 39.76 48.92 57.49 65.91 70.38 68.83 60.22 49.13 38.86 28.84
 SD TMAX 13.02 14.32 12.39  9.84  7.15  6.17  6.68  7.28  9.01  9.43 11.39 12.21
 SD TMIN 11.56 12.05 11.63 10.15  8.57  6.64  5.57  6.31  9.40 10.24 11.20 11.26
 SOL.RAD  206.  264.  356.  450.  525.  568.  601.  530.  429.  302.  209.  191.
 SD SOL   23.9  38.5  30.3  25.4  49.0  61.1  37.6  34.7  38.8  37.7  39.6  21.6
 MX .5 P   .46   .43   .82  1.04  1.37  1.56  1.36  1.68  1.38   .90   .80   .48
 DEW PT  24.53 28.38 36.53 45.15 57.15 65.15 67.08 66.08 59.15 48.00 37.15 28.38
Time Pk   .477  .657  .730  .827  .840  .853  .940  .960  .970  .973  .990 1.000
% N      15.90 13.92 10.81  9.25  6.77  3.99  4.31  4.77  7.86  9.35 10.93 12.11
MEAN      6.23  6.02  6.18  5.87  4.97  4.65  3.98  4.27  4.66  5.13  5.66  5.64
STD DEV   2.62  2.59  2.68  2.56  2.27  2.12  1.89  2.08  2.17  2.31  2.72  2.59
SKEW       .29   .37   .37   .37   .50   .82   .67  1.00   .73   .43   .71   .50
% NNE     8.37  8.31  7.51  6.20  5.27  3.38  3.67  4.59  6.74  6.09  5.61  6.20
MEAN      5.92  5.78  6.17  5.82  5.01  5.10  4.42  4.68  5.20  5.46  5.46  5.43
STD DEV   2.45  2.38  2.41  2.38  2.17  2.23  1.94  2.04  2.24  2.47  2.54  2.30
SKEW       .37   .28   .32   .37   .27   .41   .54   .64   .46   .44   .50   .63
% NE      3.17  3.79  4.51  4.32  4.29  3.07  3.82  4.66  5.55  3.39  2.60  2.67
MEAN      4.32  4.88  5.03  5.13  4.75  4.34  4.14  4.29  4.59  4.61  4.30  4.24
STD DEV   1.83  2.03  2.11  2.22  2.18  1.83  1.82  1.89  2.02  2.05  2.03  1.82
SKEW       .59   .32   .36   .56   .56   .45   .52   .46   .53   .50   .55   .44
% ENE     1.77  2.10  2.83  3.49  3.23  2.97  3.96  4.02  4.53  2.49  2.07  1.97
MEAN      3.42  4.11  4.61  4.65  4.46  4.23  4.23  4.09  4.35  3.98  4.10  3.86
STD DEV   1.26  1.68  1.87  1.84  1.85  1.76  1.74  1.67  1.79  1.72  1.77  1.57
SKEW       .16   .52   .48   .63   .40   .77   .68   .55   .51   .70   .54   .16
% E       1.75  2.50  3.37  3.52  3.68  3.41  4.74  4.69  4.79  2.52  1.91  1.80
MEAN      3.29  3.95  4.42  4.47  4.17  4.14  3.95  3.80  3.92  3.39  3.57  3.40
STD DEV   1.23  1.59  1.81  1.63  1.79  1.70  1.68  1.48  1.57  1.41  1.50  1.38
SKEW       .27   .48   .69   .39   .62   .83   .70   .53   .48   .89   .40   .37
% ESE     2.12  3.08  3.88  3.63  4.74  4.85  5.69  6.26  4.89  3.30  2.56  2.25
MEAN      3.65  3.98  4.37  4.59  4.29  4.19  3.95  3.93  3.80  3.74  3.90  3.80
STD DEV   1.41  1.67  1.67  1.73  1.72  1.65  1.57  1.45  1.54  1.58  1.50  1.42
SKEW       .36   .47   .43   .59   .71   .83   .69   .56   .84   .59   .46   .48
% SE      4.53  4.81  5.71  6.50  7.87  8.55  8.78 10.47  8.00  6.87  4.47  4.35
MEAN      4.26  4.78  5.09  5.35  4.52  4.46  4.20  4.08  4.15  4.08  4.25  4.30
STD DEV   1.91  2.04  2.16  2.35  1.93  1.74  1.67  1.53  1.64  1.67  1.66  1.78
SKEW       .66   .47   .62   .53   .56   .52   .55   .65   .76   .76   .50   .62
% SSE     9.48  9.77 10.70 12.31 14.87 16.74 15.67 16.88 15.16 15.64 10.90 10.95
MEAN      5.45  5.87  6.42  6.30  5.88  5.51  4.89  4.74  5.05  5.28  5.47  5.53
STD DEV   2.10  2.23  2.37  2.26  2.30  1.95  1.78  1.61  1.84  2.04  2.09  2.18
SKEW       .36   .31   .42   .35   .43   .44   .46   .40   .60   .58   .41   .39
% S      18.00 15.44 15.00 19.38 22.24 29.82 25.74 21.98 20.87 22.32 19.92 19.08
MEAN      5.79  6.03  6.69  6.74  6.28  6.08  5.29  5.06  5.53  5.67  5.79  5.68
STD DEV   2.31  2.56  2.71  2.56  2.45  2.18  1.91  1.75  2.02  2.29  2.29  2.37
SKEW       .47   .60   .35   .26   .21   .36   .38   .35   .39   .51   .44   .67
% SSW     7.33  6.61  6.26  6.75  6.70  9.80 10.25  8.95  6.67  6.85  7.22  7.59
MEAN      6.22  6.16  7.02  7.13  6.30  6.25  5.52  5.44  5.74  5.69  5.68  5.44
STD DEV   2.87  2.94  2.99  2.92  2.79  2.35  2.10  2.00  2.29  2.49  2.62  2.49
SKEW       .49   .46   .22   .25   .44   .12   .15   .12   .09   .32   .50   .54
% SW      2.96  3.13  3.06  2.39  2.61  2.84  3.44  2.97  2.09  2.35  3.41  3.27
MEAN      4.66  4.49  5.93  5.33  4.59  4.88  4.57  4.78  4.37  4.43  4.38  4.14
STD DEV   2.37  2.35  3.38  2.63  2.43  2.13  2.10  2.05  2.14  2.31  2.14  2.14
SKEW       .66   .81   .65   .67   .88   .34   .29   .30   .32   .75   .65   .89
% WSW     2.10  2.26  2.29  1.69  1.56  1.02  1.44  1.11   .94  1.34  2.30  2.42
MEAN      3.90  4.10  5.60  4.78  4.16  3.63  3.73  4.01  3.65  3.62  4.04  3.99
STD DEV   1.65  1.90  2.81  2.15  2.05  1.63  1.52  1.72  1.64  1.77  2.02  2.03
SKEW       .57   .61   .54   .36   .70   .74   .33   .48   .34   .69   .75  1.07
% W       2.07  2.21  2.27  1.90  1.61   .80   .88   .78   .78  1.54  2.53  2.66
MEAN      4.18  4.31  5.29  4.89  3.81  3.53  3.44  3.14  3.19  3.57  3.88  4.02
STD DEV   2.09  2.28  2.72  2.42  1.61  1.70  1.40  1.33  1.41  1.68  2.08  1.96
SKEW       .67   .81   .65   .64   .70   .65   .53   .61   .41   .58  1.06   .88
% WNW     3.15  3.68  4.29  3.43  2.68   .98   .75   .90   .98  2.10  4.18  4.66
MEAN      4.51  5.11  6.31  5.80  4.28  4.01  3.28  3.55  3.61  4.09  4.70  4.89
STD DEV   2.19  2.60  2.91  2.67  2.05  1.47  1.36  2.11  1.72  1.88  2.44  2.29
SKEW       .83   .70   .43   .40   .85   .55   .38  1.20   .81   .46  1.06   .84
% NW      4.81  5.45  6.19  5.20  3.39  1.89  1.28  1.51  1.96  3.56  6.62  5.79
MEAN      5.17  5.29  6.62  5.93  4.59  4.25  2.84  3.10  3.59  4.42  5.03  5.31
STD DEV   2.47  2.45  2.97  2.69  2.08  2.02  1.55  1.41  1.82  2.25  2.42  2.45
SKEW       .51   .48   .47   .43   .42   .46  1.40   .79  1.03   .67   .75   .46
% NNW     8.54  9.35  8.64  7.44  4.17  2.35  1.86  2.12  3.54  5.90  8.67  8.45
MEAN      5.93  5.89  6.50  5.95  4.80  4.64  3.45  3.87  4.06  4.89  5.58  5.83
STD DEV   2.51  2.56  2.64  2.57  2.14  1.92  1.65  1.74  1.91  2.31  2.55  2.74
SKEW       .27   .37   .09   .35   .50   .62   .79   .93  1.02   .56   .64   .55
CALM      3.94  3.56  2.75  2.62  4.37  3.55  3.63  3.32  4.63  4.46  4.11  3.78
 
INTERPOLATED DATA (station & weighting factor)
 
---Wind Stations---
TULSA         OK     .557  PONCA CITY    OK     .269  OKLAHOMA CITY OK     .174
---Solar Radiation and Max .5 P Stations---
 OK OILTON 2 SE      .738   OK PAWHUSKA         .262                            
---Dewpoint Stations---
OK TULSA INTL AP     .620  OK OKLAHOMA CITY TI  .224  KS WICHITA MCCONNEL  .156 
---Time Peak Stations---
OK OILTON 2 SE       .749  OK PAWHUSKA          .251                            
