 MORO OR                                 355734 0
 LATT=  45.48 LONG=-120.72 YEARS= 40. TYPE= 2
 ELEVATION = 1870. TP5 = 1.00 TP6= 1.48
 MEAN P    .14   .11   .10   .10   .12   .13   .10   .13   .14   .13   .12   .14
 S DEV P   .16   .13   .11   .13   .17   .16   .12   .14   .18   .18   .16   .17
 SKEW  P  2.57  2.15  2.06  3.37  3.76  2.12  2.95  1.75  2.92  3.17  3.34  2.50
 P(W/W)    .52   .56   .52   .51   .48   .40   .29   .39   .43   .50   .58   .58
 P(W/D)    .26   .23   .24   .22   .17   .12   .07   .06   .07   .15   .28   .25
 TMAX AV 38.71 43.88 51.62 58.00 65.70 73.58 82.47 82.08 74.85 61.95 47.31 38.74
 TMIN AV 25.21 27.95 32.22 36.16 42.17 48.18 54.17 53.55 46.30 37.39 30.74 25.44
 SD TMAX 10.48  9.11  7.21  8.10  9.50  9.74  9.86  9.11  9.43  8.73  9.32  9.92
 SD TMIN  9.67  8.26  5.76  6.28  6.82  6.68  7.00  6.72  6.88  6.91  8.53  9.28
 SOL.RAD   98.  187.  294.  417.  518.  590.  619.  533.  393.  237.  117.   73.
 SD SOL   13.7  34.2  31.0  41.7  35.9  34.9  30.8  25.4  23.0  17.0  13.9  10.5
 MX .5 P   .26   .21   .27   .25   .34   .26   .30   .22   .44   .24   .25   .26
 DEW PT  31.15 33.02 35.88 38.05 42.75 47.27 50.61 50.61 46.36 41.53 36.84 31.15
Time Pk   .642  .830  .909  .949  .949  .949  .990  .990  .990  .990  .990 1.000
% N       2.32  2.67  2.45  2.61  2.75  2.45  2.56  2.40  2.72  2.50  2.70  2.43
MEAN      2.37  2.45  2.66  2.91  3.07  3.17  3.12  3.04  2.87  2.45  2.44  2.39
STD DEV   1.13  1.19  1.23  1.28  1.46  1.39  1.42  1.37  1.29  1.11  1.08  1.05
SKEW      1.03  1.06   .85   .74  1.06   .60  1.18   .81   .75  1.19   .98   .76
% NNE     1.95  2.22  1.93  1.87  1.69  1.37  1.33  1.22  1.55  1.61  1.89  1.89
MEAN      2.26  2.35  2.53  2.68  2.79  2.88  2.69  2.76  2.66  2.24  2.30  2.30
STD DEV    .94  1.08  1.07  1.00  1.30  1.23  1.09  1.01  1.14   .93  1.04   .93
SKEW       .48   .94   .50   .48   .65   .67   .65   .30  1.04  1.28  1.06   .75
% NE      4.93  4.10  3.00  2.90  2.26  1.61  1.15  1.19  2.19  2.92  4.46  4.60
MEAN      2.56  2.64  2.88  3.09  2.95  2.93  2.95  2.71  2.68  2.55  2.60  2.69
STD DEV   1.12  1.23  1.39  1.64  1.41  1.37  1.44  1.18  1.23  1.26  1.26  1.24
SKEW       .74   .83  1.08  1.03   .94   .63   .64   .70   .76  1.09  1.12   .86
% ENE     7.32  5.28  3.34  2.05  1.63   .94   .96   .74  1.68  2.59  4.84  7.22
MEAN      3.34  3.25  3.32  3.47  3.37  3.09  3.41  2.91  3.40  2.96  3.19  3.48
STD DEV   1.49  1.45  1.48  1.77  1.59  1.35  1.43   .99  1.59  1.30  1.37  1.45
SKEW       .60   .66   .63   .83   .79   .35   .18   .51   .87   .60   .54   .49
% E       8.32  5.59  4.06  3.28  2.47  1.59  1.21  1.38  3.00  4.54  6.36  8.12
MEAN      3.03  2.79  3.13  2.95  3.05  2.89  3.45  2.80  3.23  2.71  2.80  3.01
STD DEV   1.41  1.18  1.55  1.46  1.54  1.45  1.73  1.37  1.63  1.22  1.25  1.29
SKEW       .94   .75  1.15   .98  1.04   .72   .62  1.17   .66   .79   .72   .65
% ESE     6.54  5.00  4.21  3.25  2.39  1.69  1.73  1.96  4.01  4.74  5.68  5.93
MEAN      3.05  2.81  3.04  3.00  3.04  2.75  2.80  2.61  3.11  2.70  2.83  2.96
STD DEV   1.58  1.21  1.46  1.44  1.29  1.01  1.05   .93  1.37  1.13  1.30  1.50
SKEW      1.56   .90  1.16   .95   .82   .46   .52   .58   .84   .92  1.15  1.54
% SE      6.74  5.92  5.18  4.75  4.14  3.00  3.40  4.53  7.10  8.07  7.50  6.80
MEAN      2.73  2.51  2.62  2.47  2.47  2.47  2.46  2.55  2.58  2.48  2.60  2.70
STD DEV   1.35  1.12  1.14  1.06   .93   .92   .85   .95   .99   .99  1.11  1.25
SKEW      1.49   .99   .93   .94   .70   .71   .46   .57   .78   .97   .79  1.16
% SSE     5.68  5.29  4.60  3.57  2.83  2.30  2.81  3.23  4.27  5.16  5.38  5.40
MEAN      2.85  2.69  2.67  2.56  2.45  2.39  2.33  2.54  2.44  2.52  2.70  2.80
STD DEV   1.37  1.25  1.27  1.14  1.01   .89   .91   .89   .90  1.01  1.24  1.27
SKEW       .97  1.19  1.73   .68   .79   .58   .75   .26   .48   .56  1.06   .83
% S       4.91  4.34  3.92  2.81  2.24  1.83  1.97  2.39  3.11  4.29  4.48  5.09
MEAN      2.95  2.76  2.82  2.59  2.31  2.23  2.34  2.41  2.37  2.62  2.89  2.92
STD DEV   1.38  1.25  1.36  1.20   .93   .85   .85   .93   .97  1.26  1.40  1.37
SKEW       .66   .50   .84   .59   .51   .43   .44   .62   .63  1.14   .71   .68
% SSW     4.68  4.26  3.72  2.66  1.85  1.60  1.48  1.87  2.56  3.56  4.11  4.04
MEAN      3.13  3.06  3.14  2.89  2.59  2.45  2.41  2.55  2.61  2.77  3.07  3.08
STD DEV   1.42  1.47  1.49  1.33  1.26  1.06   .96  1.02  1.16  1.33  1.39  1.44
SKEW       .60   .79   .74   .73   .97   .64   .78   .68   .63   .73   .77   .80
% SW      4.82  5.12  4.95  4.42  3.68  3.28  2.97  3.61  4.88  6.28  5.72  4.94
MEAN      3.16  3.03  3.29  3.26  3.24  3.04  3.10  2.99  3.03  2.96  2.87  3.15
STD DEV   1.56  1.43  1.69  1.51  1.47  1.26  1.31  1.26  1.38  1.49  1.39  1.56
SKEW      1.15   .70   .87   .50   .64   .59   .71   .74   .65  1.04   .85   .70
% WSW     3.92  4.62  5.68  4.95  4.63  4.68  3.82  3.65  4.17  4.38  4.16  4.05
MEAN      3.85  4.13  4.45  4.70  4.69  4.35  3.94  3.92  3.95  3.75  3.75  4.22
STD DEV   2.45  2.53  2.43  2.56  2.69  2.07  2.01  2.06  2.07  2.09  2.29  2.72
SKEW      1.46  1.11   .93   .85   .99   .84   .99  1.23  1.05  1.21  1.32  1.24
% W       4.20  5.41  7.84  9.54  9.92  9.46  7.65  8.44  7.17  6.42  4.81  4.63
MEAN      4.29  4.80  5.64  6.03  6.02  5.82  5.61  5.35  5.14  4.56  4.35  4.62
STD DEV   2.55  2.76  2.96  2.87  2.87  2.67  2.62  2.52  2.62  2.57  2.60  2.73
SKEW       .87   .70   .50   .36   .41   .34   .42   .54   .59   .67   .95   .76
% WNW     6.21  9.69 13.83 18.60 20.62 23.14 20.10 21.14 14.71 10.07  7.86  6.94
MEAN      4.94  5.52  5.98  6.46  6.46  6.62  6.51  6.09  5.84  5.17  5.14  5.18
STD DEV   2.76  2.75  2.77  2.71  2.53  2.45  2.45  2.37  2.57  2.49  2.75  2.83
SKEW       .67   .47   .34   .36   .20   .16   .20   .30   .36   .47   .72   .73
% NW      5.89  8.86 12.87 17.10 18.92 21.86 24.40 21.68 15.30 10.22  6.97  6.39
MEAN      4.20  4.46  4.90  5.58  5.70  5.75  5.92  5.59  5.25  4.36  3.91  3.97
STD DEV   2.36  2.26  2.32  2.36  2.31  2.18  2.24  2.07  2.26  2.10  1.97  2.11
SKEW       .70   .61   .49   .35   .28   .29   .26   .33   .42   .55   .76   .73
% NNW     4.32  5.74  7.45  7.82 10.88 13.30 17.34 14.22 10.04  5.65  4.82  3.89
MEAN      3.37  3.83  4.21  4.79  5.13  5.29  5.63  5.37  4.95  3.97  3.40  3.60
STD DEV   1.81  2.00  1.86  2.20  2.12  2.08  2.05  2.03  2.09  1.88  1.70  1.73
SKEW       .87   .81   .49   .53   .29   .30   .27   .30   .36   .54   .79   .67
CALM     17.24 15.86 11.02  7.73  6.99  5.98  5.12  6.33 11.48 16.93 18.22 17.69
 
INTERPOLATED DATA (station & weighting factor)
 
---Wind Stations---
DALLESPORT    WA     .660  REDMOND       OR     .174  PENDLETON     OR     .166
---Solar Radiation and Max .5 P Stations---
 OR MORO            1.000   OR HOOD RVR TUCKER  .000   OR HEPPNER 5 SSE    .000 
---Dewpoint Stations---
WA THE DALLES MUNI   .692  OR PENDLETON E OR R  .174  OR SALEM MCNARY FLD  .134 
---Time Peak Stations---
OR MORO              .947  OR HOOD RVR TUCKER   .031  OR HEPPNER 5 SSE     .022 
