 MANNING 4 WNW SC                        385493 0
 LATT=  33.72 LONG= -80.27 YEARS= 40. TYPE= 3
 ELEVATION =  100. TP5 = 2.84 TP6= 6.51
 MEAN P    .45   .45   .51   .45   .47   .53   .54   .54   .55   .48   .40   .45
 S DEV P   .47   .47   .53   .47   .49   .54   .57   .60   .68   .59   .50   .49
 SKEW  P  2.05  1.97  1.80  1.71  1.98  1.76  2.08  2.01  2.60  2.20  2.53  2.00
 P(W/W)    .41   .42   .38   .38   .37   .50   .44   .50   .48   .42   .39   .40
 P(W/D)    .22   .22   .19   .18   .20   .22   .24   .22   .18   .15   .17   .20
 TMAX AV 56.62 60.91 69.22 77.63 84.52 90.35 93.10 91.61 85.98 76.79 68.64 59.76
 TMIN AV 33.33 35.60 42.21 49.39 57.58 65.73 69.23 68.37 62.56 50.45 42.16 35.07
 SD TMAX 11.18 10.85 10.30  8.46  6.85  5.89  5.36  5.67  6.50  7.81  8.97 10.37
 SD TMIN 10.79  9.73  9.85  8.78  7.55  5.66  4.43  4.40  7.11  9.98 10.86 10.36
 SOL.RAD  213.  271.  369.  464.  520.  519.  518.  465.  388.  312.  237.  195.
 SD SOL   26.7  28.9  23.8  38.5  45.3  37.5  25.2  27.2  25.6  34.6  21.1  25.0
 MX .5 P   .62   .59   .91   .99  1.44  1.73  1.70  1.74  1.25   .88   .63   .63
 DEW PT  34.22 35.42 42.22 49.03 59.03 66.28 70.83 70.39 65.03 53.22 44.22 36.97
Time Pk   .430  .599  .662  .762  .775  .792  .922  .932  .943  .962  .981 1.000
% N       7.55  6.81  5.53  4.32  4.59  4.54  2.99  5.12  6.75  9.12  8.53  7.66
MEAN      3.84  3.79  3.88  4.19  3.73  3.57  2.85  3.07  3.27  3.67  3.51  3.59
STD DEV   1.81  1.59  1.82  1.83  1.76  1.61  1.34  1.44  1.65  1.72  1.66  1.68
SKEW       .66   .46   .46   .52   .87   .67   .58   .92  1.13   .51   .99   .96
% NNE     7.68  7.72  4.95  4.07  4.89  5.56  3.81  6.48 11.51 13.49  9.37  7.58
MEAN      3.95  4.14  3.80  4.18  4.07  3.56  3.32  3.22  3.43  4.01  3.92  3.49
STD DEV   1.84  1.74  1.79  1.91  2.02  1.66  1.52  1.55  1.66  2.04  1.90  1.58
SKEW       .57   .45   .70   .50   .60   .60   .52   .77   .99   .80   .79   .83
% NE      9.73  8.88  5.61  5.06  7.71  7.15  5.11  8.70 15.31 14.81  6.84  7.18
MEAN      4.08  4.04  3.88  4.12  4.14  3.61  3.27  3.52  3.56  3.84  3.69  3.41
STD DEV   1.91  1.73  1.94  1.84  2.09  1.67  1.55  1.82  1.70  2.02  1.89  1.66
SKEW       .53   .41   .58   .44   .64   .52   .54   .97   .78   .77   .59   .97
% ENE     5.16  5.45  4.72  4.80  6.35  6.63  4.09  6.05  8.32  6.75  4.01  4.73
MEAN      3.80  4.07  4.03  4.08  4.06  3.78  3.41  3.49  3.67  3.77  3.45  3.45
STD DEV   1.85  1.83  1.97  1.78  1.90  1.64  1.52  1.74  1.70  1.79  1.67  1.62
SKEW       .73   .39   .54   .49   .58   .33   .58   .92   .63   .57   .73   .71
% E       3.00  3.26  4.59  4.98  5.83  6.15  4.82  4.51  6.24  5.32  3.40  3.21
MEAN      3.30  3.44  3.53  3.83  3.59  3.74  3.25  3.03  3.35  3.35  3.13  3.23
STD DEV   1.50  1.43  1.50  1.72  1.71  1.76  1.55  1.49  1.56  1.56  1.72  1.47
SKEW       .59   .20   .46   .47   .52   .54   .72   .78   .94   .73  1.10   .56
% ESE     1.43  1.94  2.81  3.49  3.99  3.61  3.17  2.66  3.35  2.22  2.05  1.44
MEAN      2.55  3.23  3.53  3.58  3.47  3.33  2.92  2.87  3.19  2.85  2.78  2.89
STD DEV   1.21  1.51  1.72  1.56  1.53  1.54  1.41  1.59  1.46  1.16  1.23  1.22
SKEW       .76   .46   .61   .24   .63   .57   .65  1.06   .64   .42   .66   .47
% SE      1.64  2.25  2.64  4.14  3.83  4.23  3.96  3.47  3.28  2.05  1.95  1.73
MEAN      2.74  3.66  3.51  3.69  3.42  3.32  2.96  2.81  2.90  2.68  3.16  2.91
STD DEV   1.17  1.89  1.63  1.59  1.48  1.54  1.40  1.35  1.36  1.19  1.61  1.40
SKEW       .39   .41   .54   .53   .36   .60   .67   .93   .71   .61   .93   .79
% SSE     1.76  2.23  2.82  4.73  3.87  5.24  5.06  4.13  2.97  1.76  1.83  2.35
MEAN      2.95  3.85  3.17  3.85  3.23  3.18  2.87  3.00  2.88  2.73  3.00  3.27
STD DEV   1.34  2.04  1.54  1.67  1.51  1.51  1.42  1.53  1.42  1.20  1.30  1.66
SKEW       .65   .79   .61   .39   .80   .82   .96   .89   .83   .47   .60   .77
% S       4.27  5.28  6.48  9.72  7.86  9.34 10.25  8.55  4.45  2.78  4.27  6.05
MEAN      3.40  4.08  3.91  4.02  3.42  3.25  3.04  3.05  2.80  2.84  3.46  3.75
STD DEV   1.80  2.29  1.98  1.88  1.54  1.39  1.34  1.47  1.27  1.33  1.86  1.88
SKEW       .81  1.03   .73   .52   .60   .55   .71   .71   .71   .61   .83   .54
% SSW     6.17  7.16  8.57  9.65  8.84  8.14 11.36  9.18  3.86  3.30  5.08  5.99
MEAN      3.68  4.02  4.21  4.32  3.63  3.31  3.36  3.06  2.93  3.38  3.49  3.66
STD DEV   1.91  1.99  2.11  1.98  1.57  1.48  1.46  1.38  1.33  1.66  1.89  1.88
SKEW       .91   .75   .74   .55   .47   .91   .56   .74   .75   .70   .78   .83
% SW      7.64  7.28  7.50  9.25  9.82  8.28 11.15  9.18  3.91  4.19  5.92  6.65
MEAN      4.23  4.56  4.29  4.26  3.69  3.51  3.44  3.29  3.08  3.36  3.67  3.85
STD DEV   2.01  2.23  1.92  1.85  1.68  1.53  1.48  1.44  1.33  1.79  1.91  2.04
SKEW       .50   .66   .30   .27   .66   .62   .65   .61   .48   .75   .79   .79
% WSW     6.43  6.84  7.18  7.91  7.01  6.35  7.56  5.53  2.96  3.92  6.42  6.68
MEAN      4.67  4.74  4.86  4.84  3.89  3.53  3.50  3.32  3.22  3.71  4.09  4.09
STD DEV   2.04  2.22  2.22  2.19  1.78  1.44  1.46  1.38  1.46  1.90  2.10  2.14
SKEW       .32  1.26   .53   .60   .71   .41   .27   .45   .70   .61   .78   .77
% W       8.36  9.04 10.77  8.14  7.01  5.44  6.34  4.31  3.27  4.84  8.40  9.46
MEAN      4.46  5.03  4.86  4.61  3.99  3.50  3.28  3.13  2.95  3.45  4.11  4.55
STD DEV   2.33  2.58  2.30  2.27  1.84  1.49  1.46  1.28  1.27  1.80  2.07  2.33
SKEW       .99  1.04   .52   .65   .74   .33   .55   .34   .40   .97   .75   .71
% WNW     5.20  5.54  5.74  4.16  3.66  2.50  2.68  2.39  2.10  3.49  5.50  5.10
MEAN      3.83  4.37  4.66  4.31  3.70  3.24  2.98  3.15  2.96  3.10  3.71  3.84
STD DEV   2.07  2.17  2.25  2.09  1.79  1.45  1.34  1.41  1.44  1.43  1.96  1.92
SKEW      1.17   .71   .76   .53   .80   .61   .52   .73   .94   .51   .97   .83
% NW      4.71  4.63  4.70  3.30  3.07  1.97  1.83  1.83  1.83  3.05  4.76  4.71
MEAN      3.61  3.88  4.28  3.98  3.46  3.05  2.91  3.01  2.70  3.35  3.36  3.82
STD DEV   1.63  1.77  2.04  1.98  1.57  1.19  1.20  1.53  1.23  1.75  1.69  1.86
SKEW       .47   .53   .65   .65   .74   .35   .61   .91   .64   .85  1.09   .61
% NNW     4.54  5.11  4.02  3.31  2.35  2.11  1.63  2.19  2.53  4.16  4.80  4.51
MEAN      3.92  4.22  4.10  3.93  3.32  2.98  2.86  3.00  3.10  3.43  3.51  3.69
STD DEV   1.89  1.79  1.93  1.85  1.30  1.42  1.27  1.44  1.47  1.77  1.84  1.60
SKEW       .69   .52   .64   .85   .63  1.08   .55   .80   .67   .79  1.34   .61
CALM     14.66 10.60 11.37  9.10  9.25 12.72 14.26 15.77 17.36 14.77 16.88 14.93
 
INTERPOLATED DATA (station & weighting factor)
 
---Wind Stations---
SUMTER        SC     .618  FLORENCE      SC     .215  CHARLESTON    SC     .167
---Solar Radiation and Max .5 P Stations---
 SC MANNING          .796   SC ST MATTHEWS      .112   SC BISHOPVILLE      .092 
---Dewpoint Stations---
SC SUMTER SHAW AFB   .552  SC FLORENCE RGNL AP  .254  SC CHARLESTON INTL   .194 
---Time Peak Stations---
SC MANNING           .777  SC ST MATTHEWS       .121  SC BISHOPVILLE 1 EN  .102 
