 LITTLE MOUNTAIN SC                      385200 0
 LATT=  34.20 LONG= -81.42 YEARS= 40. TYPE= 3
 ELEVATION =  710. TP5 = 2.63 TP6= 5.96
 MEAN P    .43   .44   .51   .39   .40   .45   .48   .45   .53   .52   .44   .40
 S DEV P   .48   .48   .54   .46   .46   .56   .64   .62   .68   .71   .51   .49
 SKEW  P  1.70  1.56  1.86  2.07  1.94  2.44  2.69  3.76  2.05  2.46  2.12  2.20
 P(W/W)    .50   .45   .44   .43   .38   .42   .48   .50   .52   .45   .41   .46
 P(W/D)    .24   .24   .23   .19   .20   .24   .24   .24   .16   .14   .19   .22
 TMAX AV 53.62 58.06 66.04 74.13 80.98 87.22 90.15 88.47 82.91 73.61 64.64 55.92
 TMIN AV 34.22 36.79 43.43 50.67 58.74 66.06 69.42 68.55 62.61 51.56 43.22 36.23
 SD TMAX 10.33 10.33  9.86  8.23  6.56  5.58  5.32  5.58  7.14  7.67  8.61 10.04
 SD TMIN 10.73  9.95  9.73  8.54  6.87  4.76  3.46  3.80  6.92  8.98  9.89 10.26
 SOL.RAD  214.  273.  371.  469.  520.  516.  523.  467.  395.  320.  238.  199.
 SD SOL   26.7  27.8  28.6  38.4  47.2  45.0  39.7  38.0  30.9  36.0  19.8  21.9
 MX .5 P   .69   .66   .93   .87  1.17  1.55  1.60  1.71  1.13   .86   .80   .62
 DEW PT  32.15 33.91 40.15 47.36 57.58 65.33 69.03 68.82 63.36 51.91 42.36 35.15
Time Pk   .449  .609  .679  .768  .783  .798  .917  .937  .950  .970  .980 1.000
% N       5.48  5.57  5.06  4.63  5.45  5.28  4.16  6.57  8.09  9.49  6.65  6.02
MEAN      3.33  3.46  3.51  3.91  3.39  3.27  3.11  3.16  3.23  3.45  3.26  3.18
STD DEV   1.51  1.54  1.59  1.79  1.53  1.38  1.32  1.43  1.40  1.43  1.44  1.40
SKEW       .88   .87   .86   .80   .96   .77  1.08  1.07  1.22   .83   .99   .82
% NNE     5.20  6.16  4.95  3.61  4.77  5.13  4.05  6.48  9.98 10.51  6.31  5.97
MEAN      3.72  3.74  3.82  3.94  3.65  3.52  3.33  3.38  3.77  3.93  3.75  3.63
STD DEV   1.67  1.63  1.63  1.82  1.58  1.54  1.43  1.52  1.63  1.70  1.70  1.75
SKEW       .71   .55   .55   .84   .70   .78   .79   .80   .71   .60   .66  1.01
% NE      7.14  8.71  6.88  4.90  6.88  7.00  6.02  7.85 13.29 11.58  6.79  8.42
MEAN      3.64  3.72  3.76  3.70  3.61  3.48  3.31  3.26  3.87  3.87  3.41  3.46
STD DEV   1.68  1.64  1.66  1.69  1.59  1.52  1.48  1.46  1.75  1.74  1.57  1.54
SKEW       .66   .53   .59   .73   .71   .70   .68   .87   .68   .63   .78   .70
% ENE     4.29  5.05  4.72  3.84  5.13  5.55  4.47  5.53  7.85  5.90  3.69  4.45
MEAN      3.55  3.68  3.87  3.68  3.64  3.49  3.38  3.33  3.70  3.65  3.31  3.35
STD DEV   1.55  1.62  1.66  1.63  1.60  1.49  1.47  1.50  1.56  1.60  1.52  1.50
SKEW       .65   .59   .46   .52   .77   .64   .62   .87   .64   .71   .81   .71
% E       3.26  4.04  4.23  4.18  5.35  5.65  4.90  5.74  6.32  4.18  3.16  3.33
MEAN      2.85  3.06  3.30  3.31  3.31  3.28  3.18  3.06  3.16  3.20  2.90  2.71
STD DEV   1.24  1.31  1.46  1.53  1.42  1.41  1.41  1.39  1.33  1.37  1.29  1.17
SKEW       .70   .77   .61   .77   .65   .69   .76  1.00   .70   .74   .89   .83
% ESE     1.70  2.29  2.72  3.68  4.01  4.73  4.31  4.45  3.92  2.68  2.19  1.87
MEAN      2.57  2.87  3.28  3.48  3.43  3.39  3.24  3.14  3.28  2.95  2.83  2.61
STD DEV   1.02  1.20  1.43  1.40  1.33  1.39  1.32  1.28  1.36  1.18  1.11  1.04
SKEW       .56   .71   .72   .62   .31   .59   .70   .67   .79   .43   .59   .71
% SE      2.31  2.82  3.35  4.68  4.91  5.53  5.38  5.38  4.03  2.64  2.62  2.53
MEAN      2.44  2.82  3.32  3.50  3.10  3.24  3.19  3.00  2.97  2.69  2.72  2.66
STD DEV    .95  1.33  1.60  1.71  1.30  1.37  1.33  1.37  1.31  1.12  1.33  1.27
SKEW       .77   .77   .98   .94   .77   .76   .96  1.16  1.10   .76  1.08  1.28
% SSE     1.89  2.43  2.81  3.89  3.24  3.79  4.26  3.73  2.50  1.62  2.24  2.01
MEAN      2.99  3.56  3.95  3.87  3.24  3.08  3.12  2.97  2.83  2.82  3.21  3.07
STD DEV   1.61  1.95  2.11  1.88  1.47  1.34  1.36  1.39  1.23  1.24  1.70  1.51
SKEW      1.24  1.03   .85   .55   .78   .86   .81  1.38   .84   .68  1.08   .83
% S       4.45  4.18  5.68  7.02  5.55  5.71  7.66  6.16  4.02  3.02  4.16  4.33
MEAN      3.58  3.93  4.29  4.04  3.37  3.29  3.28  3.03  2.90  2.98  3.63  3.61
STD DEV   1.90  2.06  2.15  1.86  1.50  1.54  1.49  1.38  1.28  1.47  1.96  1.94
SKEW       .83   .92   .78   .56   .73   .97   .85   .98   .91   .83   .88   .94
% SSW     6.06  5.77  6.56  8.13  6.21  6.36  8.42  6.31  3.75  3.15  4.81  5.00
MEAN      4.21  4.25  4.63  4.49  3.87  3.50  3.57  3.27  3.26  3.05  3.74  3.71
STD DEV   2.15  2.07  2.31  2.05  1.74  1.51  1.51  1.42  1.47  1.49  1.90  1.87
SKEW       .70   .60   .74   .71   .66   .61   .72   .81   .91  1.05   .75   .77
% SW     10.90  9.85 10.04 12.30 10.20 10.13 13.49  8.96  5.70  5.79  9.44  9.99
MEAN      4.08  4.33  4.65  4.62  3.83  3.73  3.64  3.23  3.05  3.11  3.77  3.89
STD DEV   2.05  2.16  2.36  2.22  1.78  1.67  1.55  1.36  1.48  1.60  1.99  1.94
SKEW       .68   .63   .66   .63   .83   .74   .79   .84  1.08  1.02   .87   .83
% WSW     9.06  7.92  7.90  8.70  7.53  7.13  7.88  5.27  3.40  4.47  7.63  8.25
MEAN      4.37  4.67  4.94  5.03  4.04  3.80  3.62  3.23  3.17  3.37  4.04  4.11
STD DEV   2.15  2.39  2.58  2.51  1.84  1.72  1.55  1.47  1.45  1.82  2.11  2.04
SKEW       .61   .65   .73   .64   .65   .65   .71  1.09   .93  1.06   .74   .74
% W       8.30  7.91  8.15  7.17  6.36  6.24  5.57  4.60  3.33  4.71  7.66  8.02
MEAN      4.32  4.40  4.80  4.89  3.85  3.59  3.36  3.01  2.91  3.22  3.97  4.12
STD DEV   2.27  2.28  2.54  2.62  2.05  1.83  1.62  1.41  1.45  1.81  2.19  2.17
SKEW       .65   .74   .74   .61   .88   .90   .86   .92  1.05   .97   .84   .72
% WNW     5.86  6.12  6.96  5.44  4.54  4.12  3.41  3.12  2.51  3.68  5.64  5.55
MEAN      4.58  4.73  5.20  5.16  4.07  3.80  3.48  2.97  2.96  3.66  4.39  4.54
STD DEV   2.30  2.30  2.51  2.54  1.98  1.81  1.61  1.40  1.37  1.91  2.31  2.46
SKEW       .56   .56   .36   .52   .63   .70   .72   .90   .87   .99   .64   .71
% NW      6.51  5.89  6.16  4.76  5.22  4.45  3.29  3.89  4.06  5.19  6.31  5.54
MEAN      3.98  4.14  4.41  4.20  3.57  3.33  3.03  2.96  2.98  3.27  3.84  3.86
STD DEV   1.96  2.06  2.13  2.03  1.69  1.59  1.41  1.39  1.45  1.57  2.01  1.96
SKEW       .68   .68   .64   .62   .81   .99   .98  1.07   .98  1.02   .90   .99
% NNW     4.71  4.53  4.90  3.83  3.72  3.36  2.60  3.62  4.05  5.66  5.31  4.49
MEAN      3.90  3.92  4.06  4.28  3.45  3.32  3.16  3.21  3.31  3.56  3.72  3.56
STD DEV   1.83  1.81  1.88  1.90  1.50  1.39  1.33  1.58  1.56  1.54  1.73  1.60
SKEW       .74   .66   .67   .63   .72   .79   .89  1.13  1.01   .93   .89   .81
CALM     12.88 10.82  9.02  9.15 10.96  9.98 10.23 12.30 13.32 15.70 15.32 14.24
 
INTERPOLATED DATA (station & weighting factor)
 
---Wind Stations---
COLUMBIA      SC     .550  SPARTANBURG   SC     .239  AUGUSTA/BUSH  GA     .211
---Solar Radiation and Max .5 P Stations---
 SC WINNSBORO        .475   SC WAGENER 1 SW     .265   SC LAURENS          .260 
---Dewpoint Stations---
SC COLUMBIA METRO A  .545  SC SUMTER SHAW AFB   .242  SC GREER             .212 
---Time Peak Stations---
SC WINNSBORO         .473  SC LAURENS           .267  SC WAGENER 1 SW      .260 
