 FORESTBURG 3 NE SD                      393029 0
 LATT=  44.03 LONG= -98.07 YEARS= 40. TYPE= 3
 ELEVATION = 1230. TP5 = 2.34 TP6= 4.59
 MEAN P    .12   .18   .25   .33   .36   .39   .35   .33   .31   .31   .22   .11
 S DEV P   .15   .28   .34   .37   .49   .47   .41   .44   .36   .40   .33   .12
 SKEW  P  3.02  3.53  3.28  2.08  2.76  2.60  2.16  2.47  2.55  3.08  3.38  2.39
 P(W/W)    .26   .30   .38   .45   .44   .41   .28   .32   .36   .38   .34   .20
 P(W/D)    .11   .12   .14   .20   .23   .25   .23   .20   .18   .15   .11   .11
 TMAX AV 26.90 32.74 45.12 60.99 72.17 81.24 87.57 85.12 77.07 62.15 44.32 30.42
 TMIN AV  5.89 11.16 22.65 34.70 46.44 56.18 61.62 59.08 49.29 36.40 22.49 10.19
 SD TMAX 14.17 14.77 14.47 13.18  9.78  8.28  7.58  7.48 10.95 11.97 13.72 13.54
 SD TMIN 14.42 14.53 11.85  9.74  8.80  7.43  6.56  7.13  9.66  9.66 10.92 13.26
 SOL.RAD  138.  211.  319.  414.  487.  546.  566.  490.  387.  253.  153.  114.
 SD SOL   17.4  28.9  40.8  45.6  43.4  27.5  30.2  27.1  21.1  24.9  25.5  15.8
 MX .5 P   .27   .31   .30   .45   .88  1.29  1.33  1.18   .80   .52   .25   .26
 DEW PT   9.69 14.58 24.23 34.12 46.12 56.12 62.12 60.46 49.46 36.46 24.46 13.69
Time Pk   .497  .680  .748  .834  .849  .855  .953  .963  .970  .980  .990 1.000
% N       7.38  7.56  8.76  8.91  8.11  6.09  6.07  5.98  5.93  6.60  6.87  6.56
MEAN      5.28  5.56  5.86  6.24  5.54  4.71  4.28  4.30  4.64  4.88  5.58  5.24
STD DEV   2.69  2.65  2.71  2.76  2.57  2.31  2.01  2.12  2.20  2.27  2.81  2.60
SKEW       .63   .41   .66   .43   .49   .59   .58   .64   .45   .37   .78   .44
% NNE     3.34  4.15  5.28  5.83  6.75  5.32  5.17  5.29  4.64  3.91  3.01  3.07
MEAN      4.41  4.74  5.26  5.69  5.30  4.44  4.05  4.09  4.31  4.12  4.81  4.19
STD DEV   2.15  2.41  2.45  2.43  2.41  1.94  1.90  1.90  2.04  1.96  2.47  2.08
SKEW       .41   .52   .57   .27   .39   .49   .67   .59   .60   .49   .67   .52
% NE      2.37  3.31  3.47  3.88  4.84  4.78  4.44  4.27  3.45  2.46  2.27  2.57
MEAN      3.39  4.19  4.37  5.12  4.56  4.14  3.57  3.60  3.76  3.40  3.96  3.44
STD DEV   1.74  2.27  2.47  2.55  2.19  1.97  1.71  1.77  1.89  1.75  2.08  1.85
SKEW       .83   .47   .97   .33   .45   .54   .65   .70   .62   .84   .71   .83
% ENE     2.03  2.62  3.19  3.62  4.21  4.03  3.95  3.96  2.69  2.01  1.64  1.98
MEAN      3.36  4.34  4.60  5.30  4.66  4.45  4.14  3.98  4.07  3.81  3.93  3.45
STD DEV   1.61  2.25  2.27  2.68  2.19  1.97  2.02  1.83  1.88  1.73  1.76  1.60
SKEW       .40   .80   .74   .62   .50   .48   .60   .68   .55   .48   .78   .49
% E       2.57  3.59  3.85  4.39  4.63  4.60  4.67  4.81  3.54  2.42  2.22  2.49
MEAN      3.56  4.15  4.57  5.25  4.74  4.30  3.86  3.79  3.81  3.52  3.78  3.48
STD DEV   1.79  2.24  2.20  2.39  2.42  1.91  1.79  1.77  1.72  1.64  1.84  1.64
SKEW       .77   .67   .73   .42   .79   .55   .74   .83   .52   .61   .88   .41
% ESE     3.83  4.77  5.53  6.21  6.05  6.57  6.28  6.72  5.06  3.79  3.23  3.69
MEAN      4.06  4.71  5.26  5.83  5.30  4.89  4.21  4.32  4.40  4.05  4.23  4.08
STD DEV   1.96  2.27  2.26  2.62  2.52  2.15  1.87  1.83  1.99  1.79  1.92  1.97
SKEW       .65   .68   .45   .48   .51   .36   .61   .48   .52   .57   .62   .69
% SE      6.52  7.32  7.90  8.07  7.81  8.33  9.29 10.44  8.49  8.30  6.25  6.49
MEAN      4.80  5.15  5.63  6.18  5.62  5.58  4.96  4.98  5.19  5.07  4.97  4.82
STD DEV   2.42  2.42  2.46  2.78  2.42  2.57  2.18  2.13  2.35  2.36  2.33  2.45
SKEW       .68   .42   .38   .49   .25   .53   .50   .34   .45   .57   .41   .59
% SSE    10.80 10.18  9.96 11.09 11.37 11.89 14.96 16.37 15.15 14.28 11.12 12.00
MEAN      5.60  5.70  6.41  6.90  6.63  6.20  5.76  5.94  6.08  6.02  5.69  5.53
STD DEV   2.48  2.36  2.43  2.74  2.59  2.41  2.14  2.31  2.39  2.43  2.40  2.48
SKEW       .45   .15   .07   .24   .24   .19   .19   .24   .22   .25   .32   .49
% S       7.17  7.14  6.77  7.94  9.01 10.62 13.26 13.22 11.72 10.34  8.42  8.76
MEAN      4.72  4.78  5.55  6.67  6.31  6.02  5.80  5.66  6.10  5.45  4.88  4.61
STD DEV   2.21  2.25  2.59  3.18  2.75  2.56  2.38  2.32  2.59  2.47  2.15  2.18
SKEW       .61   .57   .55   .58   .29   .28   .21   .23   .25   .38   .48   .72
% SSW     3.16  3.18  2.97  3.32  3.81  4.86  4.59  4.36  4.00  4.06  3.81  3.66
MEAN      3.66  3.90  4.49  5.67  5.45  5.26  4.96  5.05  5.09  4.75  4.20  3.82
STD DEV   1.68  1.93  2.07  2.68  2.59  2.50  2.45  2.42  2.47  2.36  2.00  1.80
SKEW       .58   .68   .52   .45   .39   .51   .45   .40   .33   .72   .54   .62
% SW      3.77  3.52  2.60  2.44  3.10  3.73  2.94  2.88  3.00  4.07  3.73  4.00
MEAN      3.58  3.28  3.62  4.66  4.31  4.02  3.53  3.70  3.76  3.86  3.44  3.28
STD DEV   1.60  1.59  1.61  2.25  2.24  1.94  1.75  1.82  1.83  1.85  1.61  1.45
SKEW       .56   .81   .62   .64   .62   .68   .83   .61   .86   .61   .70   .55
% WSW     4.21  3.71  2.94  2.58  3.04  3.90  2.52  2.40  3.39  3.90  4.31  4.32
MEAN      3.98  3.74  4.05  4.68  4.44  4.36  3.66  3.66  3.98  4.17  3.87  3.80
STD DEV   1.76  1.65  1.87  2.45  2.31  2.13  1.62  1.69  1.84  2.04  1.52  1.65
SKEW       .56   .68   .86   .91   .70   .72   .53   .84   .78   .97   .49   .49
% W       4.94  3.95  3.05  2.87  3.32  3.63  2.54  2.42  3.62  4.14  4.96  4.67
MEAN      4.61  4.32  4.37  5.22  5.06  4.38  3.62  3.94  4.58  4.41  4.49  4.44
STD DEV   2.24  2.18  2.12  2.73  2.66  2.29  1.76  2.10  2.45  2.28  2.13  2.08
SKEW       .73   .85   .87   .86   .70   .86   .80   .92   .85   .80   .85   .54
% WNW     9.84  8.40  7.34  6.37  5.57  6.06  4.68  3.74  7.26  8.14 10.98  9.39
MEAN      5.85  5.70  6.26  6.73  6.33  5.46  4.88  4.88  5.77  5.99  6.28  5.92
STD DEV   2.64  2.63  3.09  3.05  3.13  2.63  2.33  2.48  2.72  3.01  2.78  2.74
SKEW       .49   .60   .73   .51   .44   .61   .64   .68   .62   .68   .50   .56
% NW     13.24 12.27 12.00  9.27  7.73  6.98  6.45  5.27  8.37 10.72 13.77 12.88
MEAN      6.49  6.26  6.76  7.01  6.52  5.47  4.79  4.74  5.43  5.91  7.19  6.43
STD DEV   3.12  3.13  3.27  3.35  3.28  2.63  2.35  2.34  2.65  2.99  3.47  3.09
SKEW       .54   .79   .54   .54   .45   .47   .64   .59   .58   .66   .55   .51
% NNW    11.77 11.57 12.30 11.30  8.21  6.14  5.53  5.29  6.67  8.01 10.92 10.59
MEAN      6.49  6.38  6.75  7.10  6.11  5.27  4.76  4.81  5.19  5.69  6.69  6.11
STD DEV   2.81  3.03  3.11  2.98  2.82  2.42  2.12  2.27  2.35  2.67  3.06  2.69
SKEW       .35   .62   .74   .33   .43   .41   .47   .46   .46   .48   .52   .31
CALM      3.07  2.79  2.13  1.87  2.32  2.44  2.62  2.64  2.90  2.83  2.41  2.82
 
INTERPOLATED DATA (station & weighting factor)
 
---Wind Stations---
HURON         SD     .638  SIOUX FALLS   SD     .219  PIERRE        SD     .144
---Solar Radiation and Max .5 P Stations---
 SD HOWARD           .426   SD STICKNEY         .323   SD CARPENTER 4 NNE  .251 
---Dewpoint Stations---
SD HURON RGNL AP     .657  SD SIOUX FALLS FOSS  .227  NE NORFOLK CY AUDIT  .116 
---Time Peak Stations---
SD HOWARD            .424  SD STICKNEY          .322  SD CARPENTER 4 NNE   .254 
