 VERMILLION SD                           398622 0
 LATT=  42.78 LONG= -96.88 YEARS= 40. TYPE= 3
 ELEVATION = 1220. TP5 = 2.53 TP6= 5.26
 MEAN P    .11   .15   .32   .37   .40   .42   .47   .41   .42   .33   .27   .14
 S DEV P   .14   .20   .52   .44   .47   .45   .62   .46   .58   .43   .36   .18
 SKEW  P  2.14  2.63  6.70  2.22  2.41  1.73  2.84  1.71  3.53  2.50  2.54  3.28
 P(W/W)    .18   .27   .36   .40   .46   .38   .32   .31   .37   .41   .34   .29
 P(W/D)    .12   .11   .14   .21   .23   .24   .19   .20   .16   .15   .12   .11
 TMAX AV 31.30 36.97 49.42 64.10 74.86 83.95 88.53 85.82 79.36 66.06 48.29 34.19
 TMIN AV  9.56 14.43 25.45 37.10 48.70 58.92 64.25 61.49 51.56 38.48 25.30 13.28
 SD TMAX 14.39 14.63 14.94 13.14 10.01  8.14  7.14  6.93  9.77 11.78 13.62 13.41
 SD TMIN 14.11 14.30 11.99 10.45  9.35  8.01  7.12  7.05 10.12 10.03 10.85 12.91
 SOL.RAD  138.  212.  317.  407.  473.  539.  565.  488.  389.  255.  161.  119.
 SD SOL   16.6  32.1  47.8  41.6  46.6  32.6  30.9  30.3  24.0  27.1  28.3  18.5
 MX .5 P   .20   .27   .42   .60  1.07  1.20  1.39  1.21   .95   .56   .26   .20
 DEW PT  11.68 16.40 25.83 35.13 46.70 57.13 63.13 62.13 51.13 38.13 26.13 16.10
Time Pk   .498  .669  .750  .830  .840  .842  .932  .951  .952  .971  .989 1.000
% N       6.55  7.09  8.44  8.01  7.39  6.06  5.93  4.97  6.18  6.45  6.01  5.30
MEAN      5.77  6.14  6.37  6.37  5.63  4.69  4.33  4.36  4.73  5.19  5.94  5.35
STD DEV   2.69  2.70  2.87  2.74  2.55  2.16  2.01  2.01  2.17  2.42  2.78  2.53
SKEW       .39   .18   .43   .26   .48   .55   .57   .57   .53   .45   .82   .52
% NNE     3.22  3.87  5.10  4.93  5.74  4.28  4.16  3.83  3.82  3.51  2.85  3.08
MEAN      4.74  5.07  5.90  5.58  5.26  4.26  4.11  3.92  4.18  4.43  5.32  4.76
STD DEV   2.19  2.39  2.67  2.39  2.30  2.01  1.91  1.75  1.89  2.03  2.63  2.20
SKEW       .58   .43   .36   .26   .29   .65   .67   .75   .64   .58   .67   .55
% NE      2.67  3.60  4.44  4.31  5.18  4.21  4.39  4.01  3.40  2.46  2.35  2.94
MEAN      3.82  4.44  5.14  5.20  4.48  4.00  3.77  3.53  3.62  3.77  4.22  4.06
STD DEV   1.84  2.02  2.61  2.44  2.13  1.85  1.78  1.65  1.71  1.81  2.15  1.97
SKEW       .80   .55   .73   .42   .62   .71   .74   .92   .72   .70   .59   .69
% ENE     1.89  2.98  3.50  3.37  4.41  3.43  3.48  3.39  2.63  1.60  1.35  1.89
MEAN      3.54  4.68  4.90  5.46  4.67  4.20  3.95  3.55  3.82  3.57  4.08  3.65
STD DEV   1.67  2.20  2.33  2.47  2.08  1.89  1.78  1.54  1.80  1.51  2.02  1.79
SKEW       .62   .44   .79   .48   .53   .69   .72   .57   .83   .59   .68   .82
% E       3.12  4.56  5.23  5.53  5.58  5.19  5.62  5.90  4.43  2.82  2.58  3.09
MEAN      3.60  4.39  4.96  5.27  4.55  4.03  3.61  3.45  3.54  3.40  3.62  3.53
STD DEV   1.71  2.24  2.40  2.45  2.04  1.80  1.57  1.49  1.56  1.47  1.62  1.67
SKEW       .72   .68   .84   .50   .59   .85   .84   .77   .77   .72   .81   .96
% ESE     5.09  6.14  6.52  6.50  6.42  6.25  6.92  7.80  6.54  5.63  4.79  5.37
MEAN      3.96  4.52  5.05  5.35  4.99  4.31  3.93  3.69  3.85  3.82  4.07  4.03
STD DEV   1.75  1.94  2.14  2.32  2.27  1.80  1.61  1.48  1.57  1.54  1.74  1.76
SKEW       .66   .68   .68   .48   .62   .65   .79   .75   .50   .65   .76   .71
% SE      7.54  7.61  8.03  7.73  7.69  8.73  9.55 11.41  8.66  9.22  6.93  8.01
MEAN      4.50  4.41  5.25  5.58  5.35  4.93  4.29  4.26  4.28  4.65  4.32  4.44
STD DEV   2.05  1.94  2.30  2.55  2.35  2.14  1.84  1.74  1.85  2.01  1.89  1.91
SKEW       .60   .62   .61   .55   .58   .56   .73   .61   .68   .67   .73   .57
% SSE     7.14  7.16  7.15  8.17  9.34 11.10 12.27 13.44 11.54 10.25  7.36  7.60
MEAN      5.21  5.31  5.93  6.61  6.34  5.81  5.13  5.07  5.45  5.58  5.25  5.17
STD DEV   2.23  2.22  2.42  2.73  2.52  2.24  2.00  1.96  2.07  2.23  2.18  2.23
SKEW       .30   .28   .24   .39   .27   .21   .47   .37   .23   .35   .40   .42
% S       7.18  6.56  6.33  8.06 10.02 13.38 14.29 13.94 12.44 10.50  8.72  7.01
MEAN      5.41  5.36  6.12  7.00  6.69  6.31  5.49  5.41  6.12  6.05  5.44  5.26
STD DEV   2.59  2.50  2.79  2.95  2.62  2.47  2.15  2.06  2.41  2.51  2.28  2.45
SKEW       .54   .34   .39   .17   .12   .13   .26   .16   .17   .33   .29   .44
% SSW     4.65  3.94  3.74  4.84  5.42  6.86  6.86  6.84  5.86  5.91  5.99  4.97
MEAN      4.96  5.16  5.79  6.66  6.31  5.99  5.16  5.25  5.69  5.55  5.33  4.79
STD DEV   2.37  2.46  2.68  2.85  2.70  2.51  2.19  2.21  2.54  2.41  2.36  2.22
SKEW       .58   .45   .36   .32   .22   .16   .27   .16   .26   .32   .34   .50
% SW      3.92  3.64  2.95  2.77  3.58  3.85  3.74  3.47  3.30  3.76  4.13  3.94
MEAN      3.74  3.89  4.37  5.21  5.12  4.23  4.04  3.97  4.00  4.24  4.13  3.68
STD DEV   1.80  1.85  2.40  2.45  2.46  2.22  2.05  2.02  2.15  1.98  2.00  1.68
SKEW       .82   .68   .97   .40   .46  1.04   .78   .81   .89   .60   .79   .75
% WSW     2.99  2.52  1.95  2.07  2.41  2.65  2.00  1.88  2.43  2.91  3.22  2.96
MEAN      3.85  3.74  4.05  4.94  5.00  4.17  3.59  3.59  3.86  4.15  3.77  3.76
STD DEV   1.77  1.87  2.10  2.64  2.62  2.17  1.63  1.75  2.04  2.14  1.86  1.79
SKEW       .77   .95  1.02   .67   .62   .79   .78   .93   .87   .75  1.00   .89
% W       4.87  4.21  3.44  3.21  3.44  3.58  2.65  2.39  3.65  4.05  5.45  4.94
MEAN      4.23  4.01  4.22  5.35  5.03  4.13  3.32  3.54  3.92  4.15  4.32  4.32
STD DEV   2.14  2.15  2.23  3.07  2.90  2.24  1.59  1.82  2.11  2.23  2.13  2.20
SKEW      1.17  1.21  1.28   .89   .85   .94   .90  1.18   .98   .86  1.07  1.03
% WNW     6.95  6.53  5.77  5.04  4.51  4.28  2.98  2.63  5.16  6.39  8.66  7.89
MEAN      5.21  5.29  6.06  6.33  5.67  4.85  4.05  4.01  4.66  5.12  5.73  5.56
STD DEV   2.58  2.76  3.25  3.27  3.01  2.39  2.05  2.10  2.42  2.73  2.86  2.81
SKEW       .75   .90   .90   .58   .75   .61  1.02  1.05   .79   .81   .77   .74
% NW     14.68 13.12 12.14 10.81  7.30  6.10  4.98  4.56  7.63  9.95 14.49 14.97
MEAN      6.79  6.35  7.28  7.59  6.22  5.28  4.61  4.41  5.33  5.96  7.33  6.78
STD DEV   3.36  2.96  3.54  3.63  3.11  2.67  2.43  2.29  2.71  3.04  3.55  3.12
SKEW       .60   .49   .56   .42   .40   .53   .80   .71   .51   .53   .46   .51
% NNW    13.56 12.70 12.73 12.03  8.29  6.49  5.57  4.96  7.29 10.19 11.65 11.83
MEAN      6.99  6.76  7.35  7.58  6.37  5.42  4.77  4.79  5.41  6.29  7.20  6.85
STD DEV   2.97  2.83  3.16  3.24  2.93  2.56  2.20  2.28  2.48  2.98  3.29  2.97
SKEW       .34   .44   .49   .38   .25   .42   .58   .55   .43   .50   .59   .34
CALM      3.99  3.75  2.52  2.52  3.26  3.57  4.60  4.66  4.99  4.42  3.48  4.19
 
INTERPOLATED DATA (station & weighting factor)
 
---Wind Stations---
SIOUX CITY    IA     .436  SIOUX FALLS   SD     .300  NORFOLK       NB     .264
---Solar Radiation and Max .5 P Stations---
 SD VERMILLION 2 SE  .903   IA SIOUX CTR 2 SE   .051   SD MENNO            .046 
---Dewpoint Stations---
IA SIOUX CITY GATEW  .427  SD SIOUX FALLS FOSS  .299  NE NORFOLK CY AUDIT  .274 
---Time Peak Stations---
SD VERMILLION 2 SE   .889  IA SIOUX CTR 2 SE    .059  SD MENNO             .052 
