 WESSINGTON SPRG SD                      399070 0
 LATT=  44.08 LONG= -98.57 YEARS= 40. TYPE= 3
 ELEVATION = 1640. TP5 = 2.30 TP6= 4.53
 MEAN P    .12   .16   .27   .32   .36   .38   .34   .33   .33   .30   .20   .12
 S DEV P   .18   .22   .36   .42   .49   .54   .58   .48   .46   .39   .29   .15
 SKEW  P  4.36  3.07  2.90  3.11  2.56  2.94  6.40  2.92  2.48  1.93  3.70  2.73
 P(W/W)    .27   .27   .39   .47   .48   .43   .30   .30   .37   .45   .34   .24
 P(W/D)    .13   .13   .16   .23   .25   .28   .25   .21   .19   .14   .11   .12
 TMAX AV 27.19 32.11 43.76 58.37 70.34 80.01 86.85 84.90 75.68 60.69 43.41 30.28
 TMIN AV  8.94 13.65 23.99 36.17 48.01 57.90 63.83 61.37 51.87 39.00 25.18 12.98
 SD TMAX 14.84 15.35 14.84 13.57 10.48  8.52  8.00  7.87 11.27 12.62 13.94 14.18
 SD TMIN 13.94 13.95 11.68  9.22  7.97  6.45  5.78  6.09  8.35  9.12 11.06 13.04
 SOL.RAD  128.  199.  309.  410.  479.  540.  562.  483.  375.  240.  145.  105.
 SD SOL   16.5  31.4  45.7  51.5  43.7  29.5  23.9  30.8  25.8  26.3  24.7  16.8
 MX .5 P   .22   .26   .34   .41   .90  1.25  1.22  1.17   .75   .51   .24   .23
 DEW PT   9.02 13.88 23.47 33.19 45.05 55.05 60.91 59.05 48.25 35.58 23.52 12.94
Time Pk   .501  .688  .752  .842  .856  .863  .953  .963  .973  .980  .990 1.000
% N       7.29  7.41  8.60  8.82  8.01  6.01  6.04  5.93  5.89  6.53  6.76  6.47
MEAN      5.31  5.56  5.88  6.25  5.56  4.73  4.33  4.34  4.66  4.90  5.60  5.24
STD DEV   2.71  2.67  2.74  2.76  2.58  2.32  2.03  2.13  2.21  2.26  2.81  2.59
SKEW       .63   .42   .70   .43   .49   .58   .57   .63   .44   .36   .72   .43
% NNE     3.24  4.04  5.13  5.75  6.64  5.28  5.16  5.25  4.57  3.80  2.91  2.98
MEAN      4.41  4.74  5.25  5.71  5.32  4.47  4.08  4.13  4.35  4.13  4.78  4.19
STD DEV   2.15  2.41  2.47  2.45  2.43  1.95  1.91  1.92  2.07  1.96  2.48  2.09
SKEW       .42   .53   .59   .27   .39   .49   .66   .58   .60   .48   .69   .53
% NE      2.32  3.23  3.38  3.84  4.75  4.75  4.41  4.26  3.42  2.42  2.20  2.50
MEAN      3.41  4.21  4.39  5.15  4.58  4.16  3.59  3.65  3.79  3.42  4.00  3.43
STD DEV   1.75  2.30  2.50  2.56  2.20  1.98  1.73  1.79  1.90  1.76  2.11  1.83
SKEW       .82   .46  1.00   .34   .45   .54   .67   .67   .62   .83   .73   .81
% ENE     2.12  2.69  3.27  3.73  4.33  4.21  4.11  4.17  2.80  2.07  1.71  2.06
MEAN      3.41  4.36  4.62  5.32  4.69  4.47  4.17  4.03  4.10  3.85  3.96  3.47
STD DEV   1.62  2.29  2.29  2.69  2.21  1.99  2.05  1.85  1.90  1.77  1.79  1.61
SKEW       .38   .81   .75   .64   .50   .48   .60   .68   .55   .48   .78   .50
% E       2.68  3.65  3.86  4.40  4.65  4.62  4.75  4.87  3.61  2.49  2.27  2.56
MEAN      3.59  4.16  4.58  5.25  4.74  4.32  3.89  3.83  3.84  3.55  3.78  3.48
STD DEV   1.80  2.24  2.20  2.39  2.43  1.93  1.82  1.79  1.74  1.65  1.84  1.65
SKEW       .76   .65   .72   .42   .80   .56   .73   .83   .53   .60   .87   .42
% ESE     4.10  5.05  5.73  6.45  6.31  6.82  6.57  7.05  5.37  4.01  3.39  3.94
MEAN      4.10  4.74  5.29  5.86  5.31  4.93  4.24  4.37  4.46  4.09  4.26  4.14
STD DEV   1.98  2.28  2.28  2.64  2.51  2.17  1.88  1.85  2.00  1.81  1.93  2.01
SKEW       .64   .67   .44   .49   .51   .35   .59   .46   .51   .56   .62   .68
% SE      6.53  7.35  7.96  8.10  7.87  8.38  9.41 10.49  8.63  8.37  6.29  6.50
MEAN      4.81  5.19  5.63  6.17  5.61  5.59  4.98  5.00  5.21  5.07  4.99  4.84
STD DEV   2.44  2.45  2.46  2.78  2.44  2.58  2.19  2.15  2.36  2.37  2.34  2.48
SKEW       .69   .43   .36   .48   .25   .53   .50   .34   .44   .57   .41   .59
% SSE    10.59 10.00  9.88 11.02 11.32 11.82 14.97 16.34 14.95 14.13 10.99 11.79
MEAN      5.52  5.64  6.35  6.86  6.60  6.18  5.74  5.91  6.06  5.98  5.63  5.46
STD DEV   2.49  2.36  2.44  2.75  2.61  2.43  2.15  2.32  2.41  2.45  2.41  2.48
SKEW       .51   .17   .08   .25   .24   .19   .19   .24   .22   .26   .34   .52
% S       6.85  6.83  6.55  7.65  8.71 10.19 12.74 12.67 11.21  9.89  8.05  8.42
MEAN      4.59  4.67  5.48  6.62  6.27  5.96  5.77  5.66  6.07  5.37  4.78  4.48
STD DEV   2.15  2.24  2.60  3.20  2.77  2.58  2.39  2.35  2.61  2.49  2.14  2.14
SKEW       .67   .64   .57   .60   .32   .29   .23   .24   .25   .40   .53   .83
% SSW     3.05  3.09  2.89  3.23  3.73  4.72  4.47  4.23  3.90  3.96  3.69  3.50
MEAN      3.57  3.84  4.42  5.60  5.38  5.20  4.92  5.00  5.04  4.69  4.13  3.74
STD DEV   1.64  1.93  2.07  2.66  2.59  2.49  2.45  2.42  2.47  2.34  1.98  1.77
SKEW       .59   .71   .55   .46   .41   .51   .47   .42   .35   .72   .56   .63
% SW      3.74  3.51  2.56  2.40  3.04  3.67  2.86  2.79  2.95  4.04  3.70  3.96
MEAN      3.57  3.29  3.60  4.64  4.28  4.01  3.52  3.67  3.77  3.85  3.42  3.28
STD DEV   1.59  1.60  1.60  2.24  2.22  1.94  1.74  1.81  1.82  1.84  1.60  1.46
SKEW       .55   .81   .60   .65   .63   .68   .83   .61   .84   .61   .68   .53
% WSW     4.27  3.84  3.01  2.62  3.04  3.90  2.51  2.42  3.45  3.99  4.43  4.49
MEAN      3.99  3.75  4.04  4.66  4.41  4.34  3.66  3.67  3.98  4.16  3.87  3.82
STD DEV   1.77  1.65  1.86  2.43  2.30  2.10  1.61  1.69  1.84  2.03  1.52  1.65
SKEW       .57   .64   .85   .93   .71   .72   .51   .84   .78   .98   .48   .48
% W       4.98  3.99  3.06  2.87  3.30  3.59  2.49  2.39  3.59  4.14  4.97  4.74
MEAN      4.65  4.33  4.40  5.22  5.08  4.38  3.63  3.97  4.60  4.41  4.51  4.45
STD DEV   2.26  2.17  2.13  2.73  2.66  2.29  1.76  2.11  2.48  2.29  2.13  2.09
SKEW       .74   .83   .85   .92   .70   .86   .81   .89   .85   .82   .83   .55
% WNW     9.94  8.56  7.42  6.55  5.68  6.19  4.76  3.84  7.42  8.29 11.19  9.57
MEAN      5.88  5.71  6.28  6.74  6.34  5.44  4.91  4.92  5.79  6.00  6.28  5.93
STD DEV   2.67  2.62  3.13  3.06  3.12  2.63  2.33  2.50  2.74  3.02  2.78  2.75
SKEW       .50   .60   .75   .52   .44   .60   .63   .68   .62   .68   .51   .57
% NW     13.26 12.29 12.11  9.27  7.82  7.08  6.51  5.33  8.46 10.87 13.88 12.85
MEAN      6.53  6.28  6.79  6.99  6.51  5.49  4.83  4.79  5.45  5.94  7.20  6.46
STD DEV   3.14  3.16  3.29  3.35  3.27  2.64  2.37  2.37  2.66  3.01  3.48  3.12
SKEW       .53   .80   .54   .54   .46   .48   .64   .58   .58   .67   .56   .51
% NNW    11.78 11.58 12.34 11.34  8.29  6.21  5.60  5.34  6.76  8.06 10.90 10.58
MEAN      6.53  6.44  6.80  7.13  6.13  5.31  4.79  4.82  5.22  5.71  6.72  6.16
STD DEV   2.84  3.09  3.14  3.00  2.82  2.44  2.14  2.28  2.36  2.67  3.08  2.73
SKEW       .37   .64   .74   .34   .44   .40   .49   .45   .46   .47   .50   .31
CALM      3.28  2.95  2.28  1.93  2.37  2.52  2.61  2.67  2.93  2.93  2.59  3.04
 
INTERPOLATED DATA (station & weighting factor)
 
---Wind Stations---
HURON         SD     .631  PIERRE        SD     .195  SIOUX FALLS   SD     .174
---Solar Radiation and Max .5 P Stations---
 SD STICKNEY         .411   SD STEPHAN 2 NW     .316   SD HOWARD           .273 
---Dewpoint Stations---
SD HURON RGNL AP     .663  SD WATERTOWN RGNL A  .198  NE VALENTINE MILLER  .138 
---Time Peak Stations---
SD STICKNEY          .406  SD STEPHAN 2 NW      .321  SD HOWARD            .272 
