 PULASKI WATER PLANT TN                  407459 0
 LATT=  35.20 LONG= -87.03 YEARS= 40. TYPE= 3
 ELEVATION =  650. TP5 = 2.69 TP6= 5.58
 MEAN P    .49   .48   .52   .49   .50   .49   .46   .47   .61   .52   .54   .54
 S DEV P   .67   .63   .68   .59   .63   .59   .55   .60   .81   .68   .61   .68
 SKEW  P  3.21  3.17  2.94  2.28  2.43  1.97  1.93  2.27  2.54  3.65  2.32  2.30
 P(W/W)    .53   .46   .45   .47   .49   .49   .43   .43   .45   .44   .47   .52
 P(W/D)    .24   .27   .30   .24   .24   .24   .25   .19   .18   .16   .22   .23
 TMAX AV 49.23 54.10 63.49 72.83 79.59 86.55 89.65 89.45 83.78 73.47 62.75 52.44
 TMIN AV 28.02 31.05 38.60 46.20 54.98 63.09 67.49 65.94 58.60 46.14 37.65 30.52
 SD TMAX 11.45 11.93 11.14  8.88  7.00  5.51  4.90  5.30  7.00  8.32  9.96 10.81
 SD TMIN 11.74 11.13 10.69  9.67  8.25  5.79  4.23  4.85  8.21 10.12 10.81 11.65
 SOL.RAD  174.  242.  336.  426.  486.  509.  509.  474.  397.  301.  200.  154.
 SD SOL   25.1  32.2  27.0  32.6  43.8  45.9  38.5  28.5  29.2  34.8  27.5  18.1
 MX .5 P   .75   .71  1.10  1.08  1.37  1.43  1.59  1.39  1.28   .88  1.01   .77
 DEW PT  30.65 33.02 39.26 47.26 57.51 65.12 69.12 68.12 61.51 49.51 40.87 33.51
Time Pk   .490  .663  .725  .803  .823  .840  .930  .943  .953  .970  .990 1.000
% N       8.19  8.25  6.65  5.39  5.69  4.99  5.55  6.29  8.36  7.89  7.04  6.79
MEAN      4.56  4.16  4.00  4.08  3.65  3.49  3.34  3.32  3.60  4.03  3.90  4.30
STD DEV   1.82  1.78  1.55  1.71  1.58  1.41  1.36  1.39  1.49  1.81  1.60  1.83
SKEW       .35   .59   .30   .56   .77   .62   .85   .96   .78   .82   .51   .64
% NNE     3.47  3.63  3.21  2.97  2.93  2.59  3.44  3.93  4.65  4.07  3.14  3.79
MEAN      4.19  4.01  3.90  4.09  3.62  3.38  3.32  3.50  3.82  3.97  3.83  4.16
STD DEV   1.52  1.51  1.47  1.58  1.51  1.28  1.33  1.36  1.54  1.64  1.61  1.59
SKEW       .20   .34   .40   .39   .64   .38   .81   .64   .64   .61   .62   .43
% NE      2.57  3.81  2.98  3.19  3.40  3.02  4.26  4.60  5.38  4.05  2.88  3.44
MEAN      3.30  3.41  3.34  3.40  3.04  3.03  2.91  3.10  3.08  3.21  3.22  3.64
STD DEV   1.32  1.43  1.28  1.36  1.25  1.15  1.09  1.22  1.19  1.48  1.32  1.52
SKEW       .73   .81   .55   .57   .80   .81  1.05   .90   .77   .98   .82   .59
% ENE     1.59  1.85  1.78  1.76  1.72  1.87  1.84  2.50  2.75  2.49  1.30  1.60
MEAN      3.22  3.16  3.07  2.86  2.92  2.77  2.82  2.82  2.94  2.91  2.77  3.12
STD DEV   1.22  1.14  1.22  1.11  1.13   .98  1.10  1.12  1.25  1.26  1.05  1.27
SKEW       .67   .67   .76   .96   .95   .68   .94  1.03  1.02  1.14   .86   .79
% E       3.31  4.30  4.16  4.17  4.11  4.28  4.06  5.89  7.17  6.06  4.59  4.54
MEAN      2.87  3.04  3.35  2.89  2.77  2.75  2.63  2.69  2.94  2.64  2.64  2.97
STD DEV   1.10  1.33  1.54  1.16  1.11  1.11  1.02  1.03  1.21  1.08   .96  1.27
SKEW       .98  1.04   .95  1.05  1.30  1.22  1.09  1.04   .90  1.26   .91  1.11
% ESE     5.26  6.13  6.33  4.92  5.44  5.59  4.75  5.42  7.43  6.43  4.09  6.27
MEAN      3.48  3.89  4.15  3.60  3.17  3.23  2.87  2.83  3.36  3.58  3.21  3.80
STD DEV   1.49  1.72  1.88  1.69  1.33  1.39  1.15  1.16  1.32  1.53  1.34  1.55
SKEW       .82   .76   .88  1.10   .83   .84   .93  1.10   .71   .86   .84   .56
% SE      9.33  8.79  9.17  8.52  8.60  9.06  9.14  8.93 10.70  9.66  8.87 11.27
MEAN      3.97  4.14  4.27  3.69  3.44  3.20  2.95  2.92  3.41  3.47  3.73  4.13
STD DEV   1.71  2.03  1.96  1.61  1.58  1.35  1.26  1.20  1.56  1.55  1.78  1.86
SKEW       .88  1.19   .95   .78   .96   .89  1.03  1.29  1.11  1.03  1.13   .98
% SSE     8.09  6.00  6.60  7.77  6.20  5.12  5.67  4.43  4.72  4.73  6.49  7.48
MEAN      4.82  4.82  4.96  4.53  3.75  3.32  3.04  2.96  3.56  3.83  4.47  4.86
STD DEV   2.10  2.15  2.36  2.17  1.63  1.32  1.23  1.22  1.51  1.59  2.14  2.32
SKEW       .60   .65  1.16  1.08   .72   .58   .82   .87   .72   .57   .79   .95
% S      10.92  8.04  9.87 10.89  8.69  7.51  7.91  6.91  5.66  5.25  8.02  8.08
MEAN      4.91  4.89  4.97  4.70  3.98  3.40  3.05  3.13  3.43  3.46  4.36  4.62
STD DEV   2.12  2.18  2.24  2.07  1.84  1.50  1.23  1.40  1.50  1.52  2.04  2.18
SKEW       .74   .69   .63   .77   .78   .91   .74  1.04   .70   .80   .64   .78
% SSW     4.35  3.97  4.07  5.54  4.87  4.95  4.77  3.63  2.57  2.45  3.49  3.62
MEAN      5.14  5.30  5.13  5.01  4.34  3.82  3.36  3.29  3.39  3.78  4.50  4.53
STD DEV   2.18  2.37  2.34  1.97  1.96  1.61  1.36  1.44  1.46  1.78  1.96  2.10
SKEW       .50   .40   .60   .35   .61   .58   .69   .90   .57   .79   .51   .89
% SW      3.61  4.11  3.82  5.01  5.13  6.55  6.21  4.79  2.97  2.99  3.66  3.83
MEAN      4.32  4.85  4.63  4.50  3.98  3.74  3.40  3.34  3.28  3.45  4.03  4.19
STD DEV   1.94  2.14  2.13  1.93  1.82  1.65  1.39  1.37  1.50  1.65  1.91  1.99
SKEW       .64   .44   .82   .55   .75   .66   .65   .84   .83   .80   .67   .81
% WSW     2.58  3.12  3.69  3.88  3.55  4.11  4.20  3.15  1.56  1.89  2.30  3.00
MEAN      4.43  4.68  5.02  5.30  4.13  3.76  3.63  3.49  3.31  3.56  3.99  4.61
STD DEV   2.04  2.19  2.21  2.55  1.81  1.63  1.42  1.48  1.47  1.59  1.83  2.06
SKEW       .75   .81   .47   .62   .66   .62   .41   .89   .65   .75   .75   .56
% W       4.56  4.89  5.37  4.79  4.88  4.76  4.93  4.08  2.26  3.21  5.02  4.93
MEAN      4.50  4.67  5.13  5.25  3.99  3.92  3.42  3.37  3.09  3.65  4.57  4.62
STD DEV   2.11  2.24  2.43  2.43  1.86  1.82  1.51  1.37  1.30  1.60  2.21  2.06
SKEW       .71   .66   .55   .38   .83   .65   .72   .59   .68   .50   .72   .58
% WNW     4.79  5.56  6.59  5.34  4.10  4.00  3.39  2.97  2.33  2.67  5.56  5.21
MEAN      5.01  5.09  5.56  5.23  4.26  3.95  3.48  3.20  3.23  4.10  4.97  5.07
STD DEV   1.96  2.14  2.42  2.14  1.94  1.76  1.39  1.27  1.38  1.92  2.20  2.07
SKEW       .42   .60   .42   .58   .71   .79   .80   .60   .79   .71   .53   .33
% NW      8.79  9.11  9.36  8.28  6.29  5.61  4.50  6.58  5.56  7.24  9.41  7.87
MEAN      4.79  4.90  4.93  4.62  3.72  3.53  3.15  3.17  3.31  3.83  4.49  4.78
STD DEV   2.11  2.31  2.10  2.04  1.76  1.56  1.35  1.36  1.51  1.77  2.05  2.12
SKEW       .42   .58   .45   .59   .79   .83  1.00  1.09  1.00   .96   .68   .59
% NNW     7.36  7.01  5.61  5.03  4.10  4.68  3.73  3.93  4.60  5.32  6.57  5.74
MEAN      4.81  4.83  4.67  4.51  3.80  3.56  3.24  3.26  3.51  4.04  4.50  4.85
STD DEV   1.92  2.03  1.89  1.85  1.59  1.44  1.37  1.35  1.38  1.72  1.89  2.28
SKEW       .27   .69   .41   .41   .64   .67   .90   .67   .67   .62   .47  1.11
CALM     11.33 11.41 10.76 12.56 20.25 21.43 21.65 21.95 21.25 23.62 17.57 12.61
 
INTERPOLATED DATA (station & weighting factor)
 
---Wind Stations---
HUNTSVILLE    AL     .381  MUSCLE SHOALS AL     .367  SMYRNA/SEWART TN     .252
---Solar Radiation and Max .5 P Stations---
 TN LEWISBURG EXP S  .664   TN DICKSON          .199   AL HAMILTON 3 S     .137 
---Dewpoint Stations---
AL HUNTSVILLE INTL   .391  AL MUSCLE SHOALS RG  .363  TN NASHVILLE INTL A  .246 
---Time Peak Stations---
TN LEWISBURG EXP ST  .749  TN MURFREESBORO      .251                            
