 BROWNWOOD TX                            411138 0
 LATT=  31.72 LONG= -98.98 YEARS= 40. TYPE= 3
 ELEVATION = 1340. TP5 = 2.47 TP6= 6.88
 MEAN P    .34   .46   .47   .41   .56   .66   .44   .55   .60   .55   .39   .37
 S DEV P   .45   .61   .59   .49   .64   .92   .58   .71   .74   .73   .47   .51
 SKEW  P  3.40  2.37  2.65  1.91  1.86  3.24  2.16  3.16  2.13  2.76  1.63  2.47
 P(W/W)    .36   .37   .36   .34   .35   .42   .42   .37   .39   .31   .46   .36
 P(W/D)    .10   .12   .13   .12   .17   .13   .09   .10   .10   .11   .08   .10
 TMAX AV 58.79 63.46 71.29 79.64 85.89 92.47 96.00 96.59 89.60 80.73 69.00 60.62
 TMIN AV 31.87 35.85 43.66 51.53 60.94 67.98 70.87 70.45 63.05 52.58 42.41 33.28
 SD TMAX 13.41 13.46 11.65  9.48  7.77  6.09  5.63  6.22  7.89  9.05 11.55 12.36
 SD TMIN  9.66  9.97 10.13  9.06  7.55  4.88  3.61  3.74  7.60  9.61 10.92 10.24
 SOL.RAD  247.  312.  410.  514.  545.  593.  605.  532.  455.  354.  266.  234.
 SD SOL   31.9  40.2  36.7  45.3  49.7  41.1  29.1  33.7  33.9  46.2  30.6  31.1
 MX .5 P   .45   .54   .90   .98  1.54  1.53  1.17  1.30  1.30  1.10   .68   .44
 DEW PT  31.41 34.44 40.44 47.44 57.85 63.95 64.23 64.23 59.82 51.51 41.41 32.72
Time Pk   .427  .608  .697  .795  .810  .820  .938  .955  .963  .977  .987 1.000
% N      10.43  9.67  7.75  5.73  3.82  2.14  1.58  2.07  4.94  6.62  9.25  9.01
MEAN      5.64  5.96  6.28  5.82  5.36  4.43  4.10  4.05  4.51  5.10  5.62  5.72
STD DEV   2.41  2.50  2.60  2.49  2.31  2.17  1.94  1.71  1.99  2.32  2.49  2.50
SKEW       .31   .20   .24   .51   .40   .88   .64   .40   .53   .56   .44   .47
% NNE     5.38  5.81  5.60  5.91  3.53  2.07  1.76  2.62  4.99  5.42  6.13  5.57
MEAN      5.43  5.67  5.85  5.88  5.34  4.66  4.50  4.31  5.02  5.18  5.69  5.42
STD DEV   2.43  2.36  2.36  2.51  2.27  1.85  2.00  1.73  2.16  2.20  2.42  2.21
SKEW       .41   .24   .24   .47   .44   .34   .74   .51   .34   .53   .37   .50
% NE      3.96  4.46  4.55  4.99  3.35  2.79  2.15  3.24  4.87  4.07  3.64  3.05
MEAN      4.47  4.65  4.92  5.29  5.04  4.65  4.41  4.19  4.36  4.34  4.81  4.39
STD DEV   1.93  2.07  2.02  2.16  2.00  1.82  1.93  1.77  1.91  1.90  2.12  1.69
SKEW       .68   .51   .29   .42   .42   .48   .73   .61   .58   .62   .55   .34
% ENE     2.73  4.07  3.81  4.16  3.50  2.62  2.23  2.79  4.68  3.28  2.67  1.83
MEAN      3.95  3.99  4.63  4.59  4.45  4.45  4.25  4.20  4.07  3.86  3.92  3.70
STD DEV   1.64  1.47  1.82  1.88  1.91  1.83  1.70  1.70  1.66  1.64  1.62  1.43
SKEW       .62   .40   .67   .50   .74   .64   .52   .87   .67   .90   .60   .88
% E       2.01  3.80  3.38  4.19  4.59  3.85  3.28  4.01  5.33  3.24  1.82  1.38
MEAN      3.53  3.87  4.20  4.33  4.34  4.45  4.11  4.10  3.89  3.75  3.61  3.58
STD DEV   1.43  1.47  1.62  1.81  1.85  1.83  1.58  1.68  1.53  1.47  1.29  1.40
SKEW       .54   .48   .39   .64   .76   .79   .51   .64   .59   .69   .21   .43
% ESE     1.68  2.33  3.26  3.37  4.44  4.80  4.29  4.87  5.28  2.50  1.52  1.06
MEAN      3.77  4.22  4.48  4.62  4.65  4.52  4.34  4.28  3.93  3.83  3.89  3.44
STD DEV   1.45  1.54  1.70  1.85  1.97  1.62  1.63  1.53  1.46  1.54  1.39  1.46
SKEW       .60   .32   .27   .48   .62   .43   .40   .45   .51   .49   .32   .83
% SE      2.36  3.95  4.56  5.63  8.23  9.89  9.84  9.45  7.54  4.72  2.49  2.14
MEAN      4.10  4.71  4.91  5.13  5.30  5.06  4.70  4.37  4.11  4.32  3.77  3.98
STD DEV   1.69  2.07  1.90  2.03  2.18  1.89  1.68  1.50  1.41  1.82  1.45  1.64
SKEW       .38   .71   .33   .36   .54   .39   .31   .54   .38   .67   .42   .89
% SSE     4.38  6.05  8.56 11.04 17.09 20.18 18.72 15.27 11.93  9.75  4.76  4.86
MEAN      4.74  5.46  6.03  6.36  6.30  5.81  4.99  4.59  4.52  4.92  4.58  4.83
STD DEV   2.04  2.40  2.53  2.52  2.53  2.10  1.69  1.59  1.69  2.03  2.11  1.96
SKEW       .50   .72   .65   .19   .42   .30   .29   .42   .37   .58  1.17   .28
% S      12.31 11.85 14.02 17.37 22.36 28.57 27.43 23.34 19.35 19.09 13.61 12.02
MEAN      5.61  5.88  6.66  6.80  6.40  6.19  5.22  4.71  4.96  5.31  5.39  5.43
STD DEV   2.55  2.70  2.68  2.71  2.43  2.21  1.88  1.74  1.96  2.23  2.33  2.48
SKEW       .58   .57   .31   .27   .31   .22   .34   .39   .47   .47   .68   .78
% SSW    13.67 10.81 11.68 10.71 10.48 11.52 13.87 13.23 10.31 13.05 14.24 13.80
MEAN      6.02  6.18  6.78  6.58  6.20  6.09  5.26  4.82  5.26  5.49  5.84  5.92
STD DEV   2.54  2.63  2.65  2.56  2.40  2.12  1.93  1.79  2.04  2.26  2.37  2.56
SKEW       .41   .39   .21   .09   .23   .01   .17   .14   .11   .29   .39   .44
% SW      8.49  6.73  5.91  5.10  4.35  2.82  4.58  5.67  3.64  5.72  8.25  9.08
MEAN      5.32  5.61  5.86  5.41  5.20  4.93  4.55  4.24  4.42  4.62  5.21  5.04
STD DEV   2.28  2.52  2.56  2.34  2.13  2.03  1.71  1.70  1.96  2.10  2.22  2.19
SKEW       .34   .38   .31   .33   .33   .32   .15   .44   .33   .38   .44   .54
% WSW     5.56  4.91  3.97  3.62  1.97  1.04  1.68  2.10  1.58  2.76  5.51  6.50
MEAN      4.88  5.47  5.76  5.35  4.67  4.26  3.78  3.90  3.56  3.82  4.60  4.77
STD DEV   2.29  2.74  2.65  2.41  1.95  1.87  1.45  1.55  1.66  1.80  2.13  2.20
SKEW       .61   .92   .52   .54   .35   .48   .34   .36   .69   .75   .60   .68
% W       5.59  5.07  4.72  3.82  1.76   .70   .97  1.30  1.10  2.32  4.68  5.84
MEAN      5.14  5.37  6.45  5.84  4.82  3.66  3.22  3.14  2.98  3.67  4.66  4.67
STD DEV   2.80  2.81  3.32  2.90  2.31  1.90  1.23  1.27  1.36  1.94  2.56  2.50
SKEW       .97   .92   .62   .65   .51  1.54   .50   .98   .82   .98  1.09  1.37
% WNW     3.94  3.71  4.43  2.93  1.36   .65   .64   .78   .90  1.59  3.48  4.55
MEAN      4.97  5.27  6.24  5.57  4.56  3.58  3.00  3.32  2.79  3.61  4.66  4.74
STD DEV   2.73  2.72  3.08  2.65  2.19  1.54  1.12  1.34  1.20  1.80  2.39  2.33
SKEW      1.12   .79   .60   .52   .52   .54   .33   .42   .83   .92   .89   .98
% NW      3.78  3.75  3.47  2.77  1.39   .92   .70   .77  1.15  2.06  3.81  3.98
MEAN      4.83  4.80  5.64  5.08  4.21  3.49  3.09  3.20  3.04  3.98  4.29  4.48
STD DEV   2.41  2.29  2.79  2.43  2.01  1.51  1.33  1.25  1.44  2.05  2.17  2.12
SKEW       .75   .74   .50   .96   .51   .60   .79   .33   .82  1.01   .70   .83
% NNW     4.60  5.21  4.38  3.59  1.89  1.03   .79  1.00  1.62  2.64  4.25  4.85
MEAN      5.35  5.52  6.22  5.34  4.39  4.47  3.62  3.67  3.68  4.40  4.87  5.11
STD DEV   2.40  2.35  2.84  2.44  2.04  2.10  1.53  1.46  1.78  2.10  2.23  2.32
SKEW       .45   .44   .39   .66   .54   .74   .53   .14  1.14   .73   .65   .63
CALM      9.14  7.83  5.98  5.02  5.88  4.40  5.50  7.48 10.72 11.04  9.91 10.39
 
INTERPOLATED DATA (station & weighting factor)
 
---Wind Stations---
ABILENE/DYESS TX     .371  ABILENE       TX     .371  SAN ANGELO    TX     .258
---Solar Radiation and Max .5 P Stations---
 TX CROSS PLAINS 2   .498   TX BRADY            .334   TX MINERAL WELLS 1  .169 
---Dewpoint Stations---
TX ABILENE RGNL AP   .413  TX ROBERT GRAY AAF   .308  TX SAN ANGELO        .279 
---Time Peak Stations---
TX CROSS PLAINS 2    .506  TX BRADY             .328  TX MINERAL WELLS 1   .166 
