 CENTER TX                               411578 0
 LATT=  31.80 LONG= -94.18 YEARS= 40. TYPE= 4
 ELEVATION =  350. TP5 = 2.53 TP6= 7.07
 MEAN P    .48   .52   .49   .55   .50   .57   .42   .50   .56   .68   .59   .52
 S DEV P   .68   .60   .61   .83   .65   .75   .60   .82  1.06  1.00   .81   .68
 SKEW  P  2.78  1.59  2.14  3.56  2.52  2.16  3.29  3.61  5.06  3.34  3.39  2.26
 P(W/W)    .49   .46   .44   .39   .46   .49   .44   .41   .48   .43   .47   .49
 P(W/D)    .25   .25   .24   .20   .22   .19   .21   .17   .17   .16   .20   .23
 TMAX AV 57.52 61.94 69.65 77.02 83.84 90.39 93.90 94.67 88.65 78.90 68.29 59.79
 TMIN AV 34.67 37.58 44.50 51.76 60.95 67.90 71.22 70.23 63.45 51.80 42.94 35.84
 SD TMAX 12.06 12.31 10.14  7.84  6.14  5.00  4.74  5.50  7.17  8.41 10.43 11.25
 SD TMIN 11.21 10.80 10.52  9.52  7.51  5.25  3.47  4.63  7.82 10.18 11.09 11.45
 SOL.RAD  205.  267.  355.  451.  494.  528.  563.  513.  429.  335.  236.  197.
 SD SOL   26.5  34.5  27.3  33.7  39.9  39.5  26.6  29.4  26.0  41.5  33.9  30.6
 MX .5 P   .83  1.15  1.16  1.34  1.72  1.76  1.54  1.55  1.48  1.40  1.11   .90
 DEW PT  38.07 40.83 47.22 54.22 63.61 69.37 71.61 70.61 65.61 55.98 48.22 40.46
Time Pk   .409  .585  .661  .751  .773  .791  .912  .936  .950  .970  .986 1.000
% N       7.33  7.20  6.18  5.41  4.84  2.38  2.09  2.45  6.97  7.78  7.55  6.47
MEAN      4.08  4.17  4.11  4.09  3.73  2.89  2.97  3.03  3.27  3.72  3.87  4.01
STD DEV   1.74  1.74  1.74  1.75  1.65  1.17  1.40  1.20  1.34  1.76  1.61  1.77
SKEW       .67   .57   .55   .34   .76   .44   .61   .50   .46   .81   .42   .54
% NNE     3.75  3.54  3.21  2.67  2.48  1.75  1.43  2.68  5.37  4.97  3.36  3.48
MEAN      3.58  4.08  4.08  3.79  3.73  3.30  3.29  3.21  3.49  3.77  3.85  3.75
STD DEV   1.36  1.51  1.58  1.57  1.39  1.38  1.29  1.35  1.40  1.53  1.55  1.43
SKEW       .21   .22   .42   .25   .64   .46   .62   .53   .42   .39   .48   .33
% NE      4.84  4.75  4.56  3.47  5.17  2.96  3.65  4.54 10.72  7.19  5.56  5.01
MEAN      3.46  3.52  3.50  3.76  3.54  3.25  3.23  3.32  3.25  3.38  3.50  3.46
STD DEV   1.35  1.35  1.48  1.54  1.61  1.38  1.36  1.27  1.39  1.47  1.48  1.42
SKEW       .49   .46   .63   .37   .91   .36   .64   .44   .69   .54   .55   .56
% ENE     3.06  3.75  3.17  3.13  3.16  2.34  3.09  3.74  7.28  3.88  2.87  3.37
MEAN      3.26  3.83  3.51  3.89  3.71  3.89  3.52  3.46  3.58  3.38  3.42  3.34
STD DEV   1.16  1.37  1.24  1.54  1.37  1.36  1.27  1.36  1.52  1.39  1.35  1.24
SKEW       .42   .26   .17   .25   .33  -.13   .23   .68   .80   .78   .43   .32
% E       4.97  5.85  5.72  5.05  5.91  5.47  6.27  7.20  9.69  6.36  5.05  5.79
MEAN      3.53  3.62  3.54  3.51  3.42  3.21  3.21  2.95  3.09  2.92  3.20  3.26
STD DEV   1.49  1.53  1.37  1.34  1.36  1.35  1.37  1.26  1.33  1.21  1.34  1.36
SKEW       .52   .95   .30   .58   .39   .42   .65   .90   .73   .60   .44   .63
% ESE     4.88  4.84  4.53  4.72  5.76  4.68  5.07  5.23  6.19  5.61  4.65  4.88
MEAN      3.71  3.90  4.38  4.08  3.92  3.75  3.61  3.29  3.33  3.42  3.56  3.71
STD DEV   1.42  1.54  1.73  1.64  1.67  1.53  1.39  1.37  1.29  1.37  1.48  1.46
SKEW       .32   .48   .56   .55   .48   .58   .70   .72   .55   .61   .50   .47
% SE      7.90  6.92  8.30  9.51  9.54  9.24  8.62  7.84  9.35  9.79  9.46  7.95
MEAN      3.84  4.08  4.27  4.24  3.98  3.64  3.37  3.37  3.29  3.25  3.64  3.78
STD DEV   1.52  1.68  1.80  1.76  1.64  1.48  1.53  1.52  1.41  1.35  1.61  1.64
SKEW       .39   .50   .52   .68   .42   .53   .67   .67   .81   .63   .83   .64
% SSE     6.76  6.15  7.96 10.74  8.91  8.51  6.74  5.77  4.33  5.37  6.31  6.21
MEAN      4.26  4.79  4.66  5.07  4.55  4.17  3.55  3.47  3.52  3.49  4.42  4.30
STD DEV   1.70  1.99  1.88  1.82  1.68  1.66  1.47  1.35  1.51  1.45  1.81  1.81
SKEW       .69   .70   .49   .51   .10   .44   .71   .42   .73   .51   .49   .64
% S      11.96  9.92 14.18 19.86 16.66 18.78 14.03 13.40  7.81  9.55 11.00 11.49
MEAN      4.67  4.79  4.88  4.94  4.49  4.07  3.43  3.38  3.46  3.41  4.18  4.24
STD DEV   1.89  2.15  1.93  1.89  1.71  1.60  1.42  1.39  1.52  1.43  1.79  1.83
SKEW       .59   .63   .39   .27   .37   .43   .69   .71   .64   .61   .49   .61
% SSW     7.52  5.99  7.87  7.68  7.81 11.14  8.94  7.88  3.01  3.90  5.17  5.09
MEAN      5.01  5.23  5.11  4.97  4.57  4.28  3.72  3.61  3.82  3.62  4.47  4.52
STD DEV   1.74  2.10  1.97  1.81  1.63  1.55  1.33  1.36  1.55  1.41  1.89  1.94
SKEW       .46   .38   .33   .28   .18   .43   .24   .57   .39   .38   .45   .63
% SW      5.35  7.06  5.10  4.14  6.11  9.56 11.22 10.02  3.33  3.92  4.70  5.13
MEAN      4.54  4.24  4.35  4.44  3.84  3.67  3.58  3.38  3.29  3.16  3.80  4.16
STD DEV   1.88  1.95  1.80  1.79  1.43  1.47  1.42  1.31  1.34  1.37  1.90  1.86
SKEW       .49   .68   .37   .21   .34   .59   .41   .34   .31   .53  1.04   .57
% WSW     1.72  2.32  2.06  1.74  1.40  2.66  4.56  3.60  1.14  1.10  1.78  2.17
MEAN      4.08  4.38  4.56  3.97  3.97  3.45  3.85  3.60  3.46  3.10  3.65  4.12
STD DEV   1.65  2.08  2.01  1.69  1.49  1.11  1.49  1.27  1.42  1.18  1.55  1.84
SKEW       .48   .58   .59   .30   .22   .03   .25   .31   .42   .21   .54   .69
% W       2.33  3.59  3.22  1.99  1.96  2.56  4.26  3.68  1.77  1.92  2.54  3.72
MEAN      3.98  4.26  4.79  3.94  3.62  3.28  3.19  3.04  2.94  3.06  3.46  3.38
STD DEV   1.93  2.35  2.37  1.76  1.67  1.46  1.22  1.16  1.54  1.44  1.56  1.57
SKEW       .78  1.09   .61   .44   .59   .70   .36   .37   .93   .71   .54   .94
% WNW     3.25  3.89  3.91  2.24  1.58  1.39  2.29  1.85  1.61  2.02  3.31  3.70
MEAN      4.56  4.96  5.54  4.72  3.76  3.82  3.56  3.10  3.19  3.74  4.09  4.53
STD DEV   1.97  2.27  2.40  2.19  1.56  1.38  1.39  1.15  1.69  1.76  1.84  2.33
SKEW       .35   .67   .25   .74   .08   .47   .33   .37  1.27   .70   .74   .83
% NW      9.04  9.13  7.34  5.94  4.67  1.99  2.30  2.20  3.77  5.75  8.22  8.73
MEAN      4.79  5.28  5.44  4.70  3.62  2.94  3.20  3.13  3.07  3.59  4.49  4.78
STD DEV   2.02  2.34  2.39  1.98  1.58  1.28  1.36  1.22  1.56  1.60  2.08  2.38
SKEW       .43   .49   .22   .47   .66   .55   .54   .39  1.03   .63   .59   .87
% NNW     6.68  7.08  5.74  4.56  3.01  1.54  1.60  1.50  3.07  5.37  6.45  6.24
MEAN      4.84  5.25  5.11  4.77  4.17  3.52  3.01  3.21  3.34  3.91  4.59  4.95
STD DEV   1.85  2.02  2.02  1.99  1.81  1.63  1.17  1.07  1.48  1.74  1.87  2.11
SKEW       .33   .31   .32   .40   .48   .91   .31   .12   .76   .39   .34   .40
CALM      8.57  7.90  7.04  7.21 10.87 12.94 13.89 16.51 14.65 15.44 12.04 10.57
 
INTERPOLATED DATA (station & weighting factor)
 
---Wind Stations---
LUFKIN        TX     .377  LONGVIEW      TX     .349  FT.POLK       LA     .273
---Solar Radiation and Max .5 P Stations---
 TX NACOGDOCHES      .589   TX SWAN             .218   LA WINNFIELD 3 N    .193 
---Dewpoint Stations---
LA SHREVEPORT RGNL   .389  TX LUFKIN ANGELINA   .369  LA FT POLK AAF       .242 
---Time Peak Stations---
TX NACOGDOCHES       .585  TX SWAN              .222  LA WINNFIELD 3 N     .193 
