 GRAHAM TX                               413668 0
 LATT=  33.08 LONG= -98.58 YEARS= 40. TYPE= 3
 ELEVATION = 1040. TP5 = 2.54 TP6= 7.47
 MEAN P    .30   .36   .41   .48   .60   .64   .49   .41   .61   .55   .40   .37
 S DEV P   .39   .43   .53   .61   .72   .75   .59   .54   .87   .82   .44   .46
 SKEW  P  3.86  2.04  2.30  3.03  2.16  1.85  1.59  2.32  2.59  4.63  1.48  2.29
 P(W/W)    .39   .37   .36   .33   .37   .39   .37   .43   .44   .43   .43   .37
 P(W/D)    .08   .14   .15   .13   .18   .14   .10   .12   .13   .13   .10   .11
 TMAX AV 55.73 60.20 69.31 77.63 84.01 91.39 96.52 96.84 88.96 78.74 66.97 57.32
 TMIN AV 27.88 32.01 40.93 48.87 59.10 67.88 71.39 70.64 62.06 50.14 39.09 30.04
 SD TMAX 13.94 14.78 12.20  9.97  8.53  6.66  6.06  6.61  9.18 10.00 12.01 13.28
 SD TMIN  8.98  9.81 10.23  9.76  8.34  5.86  4.42  5.17  8.75  9.87 10.40  9.90
 SOL.RAD  228.  294.  386.  486.  513.  569.  591.  519.  436.  336.  245.  216.
 SD SOL   29.5  40.1  33.7  43.9  49.5  43.6  31.9  38.3  37.3  42.6  35.2  30.4
 MX .5 P   .44   .57   .81  1.01  1.46  1.59  1.11  1.25  1.22  1.09   .65   .46
 DEW PT  29.66 32.95 39.72 47.49 58.49 65.02 65.02 65.02 60.02 50.95 40.43 31.43
Time Pk   .433  .618  .703  .798  .813  .823  .935  .955  .970  .980  .990 1.000
% N      10.06 11.75 10.17  5.95  5.26  3.37  1.94  2.47  7.26 10.73  9.24  7.17
MEAN      5.06  5.66  6.15  4.80  5.37  4.13  4.22  4.53  4.06  4.73  5.35  4.58
STD DEV   2.55  2.91  3.21  2.25  2.42  1.96  1.77  2.17  2.09  2.29  2.55  2.24
SKEW       .49   .55   .74   .41   .24   .71   .36   .50   .55   .24   .58   .76
% NNE     4.64  3.67  4.07  3.30  2.35  1.36  1.99  2.00  4.82  5.01  3.23  2.93
MEAN      4.05  4.11  4.97  4.73  4.55  3.48  4.75  4.22  4.17  4.16  4.20  3.82
STD DEV   1.96  2.52  2.62  1.72  2.09  1.46  2.22  1.72  1.83  1.91  2.22  1.79
SKEW       .50   .98   .51   .49   .20   .06   .64  -.20   .48   .51   .54   .18
% NE      3.88  2.49  3.21  3.29  2.05  1.86  2.33  2.22  5.29  3.59  1.46  2.28
MEAN      3.92  3.21  4.33  3.77  3.73  3.56  3.74  3.61  3.82  3.48  4.80  2.70
STD DEV   2.17  1.65  2.19  1.51  1.76  1.47  1.65  1.43  1.81  1.75   .91  1.05
SKEW       .56  1.59   .56   .01   .46  -.29   .69  -.03   .51   .72   .28  -.22
% ENE     3.14  2.61  2.16  3.29  1.73  2.36  2.57  2.76  3.90  2.72  1.09  1.20
MEAN      3.82  3.10  3.36  4.13  3.84  3.59  3.78  3.79  3.20  2.75  4.27  2.18
STD DEV   2.28  1.45  1.28  1.60  1.63  1.71  1.53  1.40  1.51  1.27   .66   .95
SKEW       .63   .61   .05   .03  -.12  1.47   .15   .66   .40   .81   .31  1.18
% E       3.59  4.78  4.65  4.54  3.93  4.89  5.90  5.73  5.42  3.87  1.25  2.54
MEAN      3.79  3.39  3.26  3.62  3.39  3.08  3.35  3.35  2.70  2.84  3.25  2.73
STD DEV   1.85  1.47  1.35  1.67  1.51  1.39  1.40  1.50  1.27  1.23   .58  1.25
SKEW       .61   .75   .38   .50   .67   .59   .56   .60   .87   .37   .29   .43
% ESE     5.71  4.74  6.27  4.15  5.58  6.35  5.82  9.26  6.71  4.34  2.39  3.58
MEAN      3.82  3.72  3.89  4.04  3.72  3.41  3.60  3.24  2.69  2.87  3.43  3.99
STD DEV   1.72  1.80  1.64  1.57  1.55  1.30  1.41  1.51  1.14  1.13  1.51  1.60
SKEW      1.16   .53  1.56   .47   .45   .32   .43   .77   .59   .33   .21   .34
% SE      6.86  6.22  9.19  9.16 12.20 11.83 12.87 13.26 10.17  7.34  5.52  9.07
MEAN      3.64  3.94  4.86  4.52  4.14  3.84  3.92  3.54  3.21  3.67  3.66  3.77
STD DEV   1.51  1.97  2.17  1.80  1.73  1.49  1.46  1.41  1.31  1.82  1.53  1.47
SKEW       .08   .94   .76   .23   .39   .32   .21   .59   .59   .73   .33   .77
% SSE    10.16  7.39  8.44 14.15 20.00 22.10 19.87 15.82 12.58 12.07  9.70 10.01
MEAN      4.36  4.00  5.72  5.21  4.96  4.90  4.09  3.83  3.90  4.36  4.11  4.32
STD DEV   1.84  1.57  2.43  1.95  1.83  1.80  1.44  1.47  1.41  1.81  1.75  1.69
SKEW       .40   .47   .43  -.03   .47   .25   .13   .32   .39   .54   .36   .07
% S      11.24 13.73 12.34 18.32 25.28 26.04 26.51 23.50 18.45 19.84 17.26 13.53
MEAN      4.78  5.05  5.41  5.55  5.30  5.34  4.51  4.23  4.72  4.96  4.77  5.18
STD DEV   2.28  2.37  2.51  2.24  2.02  1.85  1.60  1.56  1.84  1.92  2.19  2.01
SKEW       .58   .83   .71   .10   .23   .15   .16   .23   .32   .16   .31   .31
% SSW     6.02  5.16  6.50  6.35  6.21  5.06  9.14  8.54  4.92  6.36  7.83  8.26
MEAN      4.77  4.88  5.13  5.41  4.88  4.52  4.39  4.21  5.10  4.75  4.41  5.37
STD DEV   2.28  2.29  2.06  2.31  1.87  1.76  1.59  1.48  1.91  1.86  1.97  2.35
SKEW       .45   .41   .20   .07   .18   .06   .04  -.10   .11   .21   .48   .29
% SW      3.13  3.73  4.81  4.57  2.68  1.70  3.67  3.83  2.83  2.77  4.76  4.73
MEAN      4.23  4.34  4.97  5.10  4.21  3.74  4.11  3.85  4.20  3.81  4.21  4.44
STD DEV   1.01  1.95  2.42  2.13  1.71  1.47  1.47  1.47  1.92  1.73  2.09  1.89
SKEW       .25   .08   .54   .04   .10  -.09  -.02   .06   .05   .40   .75   .48
% WSW     2.10  2.43  2.45  2.61  1.52   .88  1.31  1.31  1.38  1.43  2.50  3.04
MEAN      3.23  3.76  5.13  4.49  3.27  3.48  3.91  3.66  3.86  3.33  3.85  5.09
STD DEV   1.45  2.09  2.31  2.33  1.41  1.34  1.18  1.46  1.91  1.40  2.25  3.25
SKEW       .20   .60   .25   .59   .29  -.31  -.28   .24   .21   .86   .65   .58
% W       3.88  5.02  3.15  3.61  1.46  1.22  1.13  1.13  1.64  2.22  3.77  6.08
MEAN      3.43  4.35  5.37  4.69  3.41  3.27  2.79  2.79  3.81  3.80  3.30  4.57
STD DEV   2.04  2.36  2.91  2.34  1.58  1.21  1.14  1.14  1.77  1.71  2.42  2.92
SKEW      1.56   .79  1.04   .32   .48   .38   .46   .34   .17   .30  2.39  1.22
% WNW     4.65  4.14  3.47  3.00  1.09  1.11   .40   .56  1.88  2.19  5.28  5.02
MEAN      3.93  4.53  5.03  4.64  3.66  4.45  2.98  3.37  3.40  4.35  4.00  3.99
STD DEV   1.97  2.61  3.00  2.52  1.53  1.62   .44  1.10  1.63  2.82  2.54  2.34
SKEW       .90  1.31  1.15   .37  -.45   .33   .02  -.34   .48   .57  1.41  1.32
% NW      6.62  7.95  7.70  5.03  1.79  1.86   .79  1.28  2.83  3.56  7.61  6.66
MEAN      5.31  4.92  6.07  5.52  4.53  4.40  2.46  2.90  3.37  4.48  4.52  4.67
STD DEV   2.93  2.67  3.38  2.74  2.12  1.59  1.16  1.43  1.66  2.13  2.32  2.33
SKEW       .59   .89   .69   .05  1.20  -.32   .81   .42   .65   .76   .58   .39
% NNW     6.85  8.53  7.89  4.28  2.58  3.19   .62  1.12  2.60  6.13  9.75  5.60
MEAN      5.68  5.81  6.30  5.07  3.54  4.68  3.87  3.42  3.74  4.77  5.42  4.57
STD DEV   2.88  2.74  3.20  2.56  1.65  2.16  1.41  1.53  1.86  2.24  2.69  2.43
SKEW       .38   .65   .57   .21   .41   .42  -.21   .47   .56   .41   .40   .64
CALM      7.36  5.72  3.54  4.33  4.40  4.78  3.23  5.04  7.22  5.72  7.56  8.30
 
INTERPOLATED DATA (station & weighting factor)
 
---Wind Stations---
PALO PINTO    TX     .597  WICHITA FALLS TX     .224  ABILENE/DYESS TX     .179
---Solar Radiation and Max .5 P Stations---
 TX MINERAL WELLS 1  .499   TX RED SPRINGS 3 N  .274   TX CROSS PLAINS 2   .227 
---Dewpoint Stations---
TX MINERAL WELLS AP  .476  TX WICHITA FALLS MU  .294  TX ABILENE RGNL AP   .229 
---Time Peak Stations---
TX MINERAL WELLS 1   .495  TX RED SPRINGS 3 N   .279  TX CROSS PLAINS 2    .226 
