 NACOGDOCHES 4 NE TX                     416177 0
 LATT=  31.60 LONG= -94.58 YEARS= 40. TYPE= 4
 ELEVATION =  350. TP5 = 2.34 TP6= 6.33
 MEAN P    .42   .47   .42   .50   .50   .52   .42   .45   .51   .64   .54   .45
 S DEV P   .67   .69   .59   .69   .68   .79   .61   .74   .84   .95   .70   .64
 SKEW  P  3.38  4.26  2.68  2.30  2.81  3.46  2.83  3.52  4.60  3.18  2.29  2.68
 P(W/W)    .50   .51   .46   .42   .43   .50   .38   .38   .52   .50   .46   .52
 P(W/D)    .25   .23   .23   .18   .21   .19   .19   .17   .16   .13   .20   .22
 TMAX AV 57.91 62.04 69.93 77.41 84.21 90.46 93.86 94.94 88.79 79.45 68.71 59.81
 TMIN AV 36.56 39.51 46.80 54.10 63.25 69.74 72.53 71.92 65.57 54.52 45.31 37.68
 SD TMAX 12.13 12.39 10.14  7.80  6.25  5.17  4.75  5.28  6.99  8.38 10.50 11.16
 SD TMIN 11.23 10.95 10.76  9.35  7.31  4.89  3.42  3.80  7.46  9.99 11.22 11.22
 SOL.RAD  205.  267.  355.  449.  494.  528.  561.  513.  431.  335.  237.  197.
 SD SOL   26.5  34.0  25.9  31.7  35.3  38.9  26.9  29.7  24.8  42.6  32.6  29.9
 MX .5 P   .82  1.24  1.11  1.37  1.79  1.77  1.49  1.68  1.49  1.35  1.07   .88
 DEW PT  37.64 40.64 46.88 54.01 63.50 69.50 71.50 70.50 65.37 56.01 48.01 39.88
Time Pk   .391  .571  .650  .741  .761  .781  .910  .939  .950  .970  .990 1.000
% N       7.10  6.55  5.94  5.13  4.20  2.25  1.79  2.45  6.21  7.18  7.61  6.09
MEAN      4.41  4.38  4.35  4.34  3.92  3.23  3.20  3.39  3.65  3.84  4.22  4.28
STD DEV   1.78  1.73  1.79  1.83  1.70  1.28  1.50  1.35  1.53  1.72  1.82  1.79
SKEW       .44   .44   .37   .38   .61   .47   .69   .55   .51   .61   .52   .40
% NNE     4.09  4.11  3.56  2.95  2.59  1.69  1.32  2.78  6.10  4.98  3.73  3.99
MEAN      4.24  4.41  4.43  4.30  4.14  3.58  3.62  3.60  3.96  4.04  4.33  4.20
STD DEV   1.66  1.67  1.71  1.75  1.62  1.50  1.55  1.50  1.62  1.68  1.72  1.58
SKEW       .36   .25   .32   .32   .43   .57   .85   .48   .41   .46   .46   .14
% NE      4.64  5.02  4.78  3.58  4.87  3.13  3.49  4.78 10.40  6.54  5.20  5.28
MEAN      4.02  3.93  3.82  3.99  3.84  3.50  3.49  3.50  3.56  3.59  3.79  3.86
STD DEV   1.55  1.52  1.58  1.66  1.66  1.46  1.58  1.37  1.49  1.65  1.61  1.54
SKEW       .33   .40   .50   .35   .52   .41   .56   .47   .57   .83   .50   .48
% ENE     2.95  3.57  3.48  3.09  3.12  2.73  3.27  4.22  7.84  4.06  3.33  3.50
MEAN      3.67  3.97  3.82  4.11  3.88  3.92  3.69  3.64  3.78  3.57  3.68  3.66
STD DEV   1.31  1.47  1.36  1.59  1.43  1.41  1.42  1.51  1.56  1.54  1.46  1.37
SKEW       .16   .33   .21   .20   .44  -.03   .44   .68   .68  1.02   .37   .21
% E       4.24  5.07  5.02  4.57  5.09  4.93  5.41  6.32  8.64  5.52  4.87  4.65
MEAN      3.68  3.71  3.66  3.66  3.43  3.27  3.25  3.05  3.28  3.08  3.41  3.35
STD DEV   1.44  1.52  1.46  1.47  1.44  1.39  1.45  1.29  1.41  1.27  1.43  1.36
SKEW       .47   .80   .37   .53   .45   .54   .82   .72   .72   .55   .53   .58
% ESE     4.47  5.05  4.76  5.40  5.38  5.12  5.33  5.54  6.14  5.83  4.51  5.28
MEAN      3.77  3.96  4.15  4.05  3.84  3.62  3.51  3.24  3.44  3.45  3.57  3.71
STD DEV   1.43  1.59  1.64  1.59  1.60  1.51  1.47  1.29  1.38  1.41  1.45  1.40
SKEW       .42   .50   .58   .46   .54   .59   .94   .70   .74   .64   .41   .46
% SE      7.52  7.09  8.07  9.62 10.12  9.64  8.96  8.43  8.92  9.76  8.65  7.70
MEAN      3.76  3.85  4.00  4.10  3.74  3.45  3.18  3.14  3.19  3.21  3.46  3.62
STD DEV   1.44  1.66  1.70  1.71  1.60  1.43  1.39  1.33  1.35  1.41  1.54  1.44
SKEW       .46   .57   .58   .69   .63   .68   .71   .79   .79   .81   .84   .62
% SSE     7.77  7.12  9.04 11.47 10.56  9.64  7.83  7.07  5.21  6.57  7.17  7.22
MEAN      4.13  4.50  4.47  4.74  4.31  3.89  3.44  3.37  3.42  3.53  4.09  4.09
STD DEV   1.58  1.84  1.79  1.78  1.67  1.52  1.37  1.27  1.43  1.47  1.68  1.61
SKEW       .62   .66   .56   .61   .31   .51   .65   .41   .71   .60   .46   .72
% S      11.19 10.17 13.25 17.39 15.88 17.91 14.30 13.13  7.33  9.08 10.30 10.08
MEAN      4.54  4.52  4.75  4.72  4.33  3.93  3.43  3.40  3.61  3.57  4.23  4.20
STD DEV   1.77  1.92  1.87  1.80  1.66  1.51  1.35  1.36  1.55  1.46  1.77  1.74
SKEW       .66   .61   .44   .35   .47   .47   .65   .63   .64   .66   .44   .61
% SSW     6.84  6.31  7.39  6.84  7.24 10.25  9.37  8.14  3.07  3.70  4.89  5.06
MEAN      5.08  5.05  5.06  4.79  4.43  4.20  3.75  3.68  3.84  3.75  4.61  4.80
STD DEV   1.83  1.94  1.91  1.78  1.62  1.54  1.35  1.36  1.57  1.45  1.85  2.00
SKEW       .41   .41   .33   .38   .38   .52   .23   .44   .56   .41   .46   .49
% SW      4.65  6.17  4.57  3.99  5.47  8.62 11.21  9.31  2.98  3.57  4.16  4.42
MEAN      4.54  4.35  4.43  4.27  3.78  3.66  3.62  3.49  3.40  3.42  4.02  4.07
STD DEV   1.99  1.82  1.80  1.79  1.44  1.41  1.43  1.34  1.36  1.43  1.96  1.84
SKEW       .60   .46   .41   .53   .32   .32   .50   .35   .33   .49   .79   .64
% WSW     1.74  2.63  2.21  1.89  1.62  2.22  4.43  3.08  1.14  1.26  1.82  2.07
MEAN      4.23  4.50  4.80  4.35  3.91  3.49  3.85  3.70  3.38  3.25  3.78  4.11
STD DEV   1.71  2.11  2.21  1.81  1.45  1.14  1.42  1.32  1.29  1.23  1.65  1.77
SKEW       .43   .82   .79   .44   .29   .09   .28   .42   .53   .29   .66   .41
% W       2.30  3.22  2.61  2.05  1.81  1.53  2.31  2.02  1.20  1.49  2.45  3.31
MEAN      4.17  4.45  4.76  4.18  3.75  3.16  3.22  3.19  2.88  3.27  3.69  3.70
STD DEV   2.02  2.32  2.29  2.01  1.71  1.37  1.24  1.22  1.17  1.47  1.74  1.66
SKEW       .76   .96   .58   .59   .65   .71   .32   .40   .59   .74   .71   .78
% WNW     3.84  3.94  3.88  2.55  1.76  1.05  1.25  1.21  1.19  1.83  3.33  4.35
MEAN      4.77  4.94  5.24  4.93  3.84  3.62  3.34  3.17  3.04  3.71  4.12  4.55
STD DEV   2.02  2.12  2.19  2.30  1.54  1.28  1.29  1.18  1.39  1.63  1.82  2.05
SKEW       .35   .62   .37   .75   .29   .41   .34   .32  1.18   .72   .66   .67
% NW      8.55  7.61  6.62  5.54  3.80  1.72  1.54  1.66  2.79  4.71  7.20  8.36
MEAN      4.83  4.92  5.15  4.93  3.82  3.17  3.14  3.20  3.03  3.80  4.39  4.69
STD DEV   1.98  2.07  2.25  2.17  1.64  1.36  1.31  1.30  1.38  1.74  2.02  2.21
SKEW       .39   .47   .29   .40   .45   .62   .52   .55   .91   .68   .62   .75
% NNW     7.70  6.39  5.98  4.43  2.79  1.46   .97  1.53  2.84  4.82  6.27  6.42
MEAN      4.88  5.17  5.20  4.85  4.31  3.76  3.13  3.42  3.37  4.01  4.76  4.98
STD DEV   1.80  2.00  2.06  2.06  1.86  1.66  1.26  1.18  1.49  1.82  1.97  2.10
SKEW       .36   .27   .33   .48   .44   .73   .39   .13   .76   .50   .32   .36
CALM     10.36  9.89  8.97  9.54 13.58 16.04 17.25 18.35 17.97 19.09 14.58 12.27
 
INTERPOLATED DATA (station & weighting factor)
 
---Wind Stations---
LUFKIN        TX     .560  LONGVIEW      TX     .252  SHREVEPORT    LA     .187
---Solar Radiation and Max .5 P Stations---
 TX NACOGDOCHES      .930   TX SWAN             .047   LA JENNINGS         .022 
---Dewpoint Stations---
TX LUFKIN ANGELINA   .634  LA SHREVEPORT RGNL   .236  AR TEXARKANA WEBB F  .130 
---Time Peak Stations---
TX NACOGDOCHES       .940  TX SWAN              .041  LA JENNINGS          .019 
