 FRIONA 8 NE TX                          413368 0
 LATT=  34.70 LONG=-102.62 YEARS= 40. TYPE= 3
 ELEVATION = 4100. TP5 = 1.86 TP6= 4.12
 MEAN P    .19   .15   .24   .21   .32   .35   .35   .37   .35   .33   .23   .20
 S DEV P   .27   .21   .33   .29   .42   .41   .44   .47   .45   .49   .31   .25
 SKEW  P  2.82  3.64  2.79  3.14  2.90  1.89  2.12  2.45  2.37  3.72  2.57  2.39
 P(W/W)    .38   .35   .32   .39   .42   .40   .33   .43   .38   .38   .32   .32
 P(W/D)    .08   .10   .11   .11   .15   .18   .17   .20   .16   .11   .08   .10
 TMAX AV 50.46 55.03 63.31 71.80 79.76 88.62 90.30 88.81 82.45 72.59 60.19 50.77
 TMIN AV 22.20 25.24 32.06 39.83 49.95 59.53 63.21 62.00 54.54 42.75 31.25 23.23
 SD TMAX 12.93 13.71 12.48 11.14  9.98  7.99  6.04  6.30  9.45 10.78 12.68 13.17
 SD TMIN  7.91  8.85  8.17  7.79  6.94  5.10  3.56  3.47  6.43  7.64  8.51  8.70
 SOL.RAD  239.  330.  428.  529.  591.  634.  620.  543.  469.  366.  275.  232.
 SD SOL   25.1  39.0  36.0  47.5  46.4  33.9  31.3  24.3  37.5  29.6  27.3  27.1
 MX .5 P   .33   .31   .55   .45  1.01  1.28   .98  1.24   .82   .74   .30   .36
 DEW PT  20.70 23.47 26.81 32.69 43.69 53.24 58.02 58.47 52.26 40.49 28.26 22.15
Time Pk   .419  .607  .695  .810  .828  .838  .960  .960  .970  .980  .990 1.000
% N       7.47  8.18  6.79  5.33  4.13  2.87  2.48  2.55  3.25  5.22  6.78  7.12
MEAN      6.06  6.79  6.94  6.98  5.73  5.47  4.42  4.30  5.12  5.67  6.26  6.16
STD DEV   2.99  3.07  3.43  3.27  2.59  2.70  2.25  2.19  2.78  2.85  3.16  3.19
SKEW       .61   .41   .67   .48   .54   .57   .91   .88   .70   .62   .53   .80
% NNE     6.08  6.60  5.93  5.16  4.31  2.96  2.53  2.62  4.37  5.82  6.39  6.40
MEAN      6.28  7.09  7.32  6.83  6.47  5.90  4.85  5.07  5.87  6.43  6.64  6.72
STD DEV   3.00  3.28  3.34  2.81  3.11  2.69  2.09  2.48  2.71  2.93  3.03  3.02
SKEW       .54   .43   .45   .33   .76   .44   .59   .66   .61   .48   .51   .46
% NE      3.74  4.36  4.15  4.74  4.04  3.03  3.09  3.31  5.18  5.69  4.74  4.22
MEAN      5.41  6.04  6.33  6.29  6.17  5.69  4.66  4.71  5.15  5.79  5.39  5.57
STD DEV   2.55  2.91  2.95  2.81  2.97  2.59  2.07  2.20  2.29  2.65  2.57  2.72
SKEW       .62   .73   .63   .65   .56   .48   .60   .63   .47   .37   .56   .52
% ENE     2.39  2.93  3.32  3.92  3.35  3.07  2.99  2.84  3.75  3.44  2.69  2.29
MEAN      4.54  5.14  5.45  5.63  5.62  5.25  4.89  4.46  4.72  5.02  4.71  4.78
STD DEV   1.97  2.32  2.39  2.25  2.47  2.24  2.13  1.97  1.87  2.23  2.06  2.15
SKEW       .79   .98   .45   .45   .59   .57   .52   .62   .42   .55   .46   .64
% E       2.15  3.30  3.60  4.50  4.29  4.65  4.55  4.42  4.65  3.43  2.58  1.94
MEAN      4.33  4.60  5.09  5.35  5.25  5.08  4.71  4.16  4.21  4.42  4.29  4.08
STD DEV   1.84  2.07  2.29  2.23  2.30  2.22  1.97  1.90  1.68  2.10  1.98  1.76
SKEW       .54   .73   .53   .36   .69   .61   .49   .84   .51   .77   .71   .52
% ESE     1.85  2.84  3.05  4.18  4.45  4.71  4.40  4.24  3.74  2.60  1.58  1.21
MEAN      4.36  4.81  5.30  5.60  5.51  5.29  4.60  4.18  4.31  4.30  4.06  3.97
STD DEV   1.64  2.05  2.26  2.35  2.36  2.25  1.96  1.73  1.71  1.80  1.65  1.74
SKEW       .33   .77   .43   .55   .51   .67   .56   .63   .45   .73   .44   .49
% SE      2.57  3.77  4.56  5.58  6.54  8.09  8.27  7.68  6.76  4.37  2.56  1.72
MEAN      4.43  5.00  5.42  5.85  5.65  5.62  4.89  4.48  4.33  4.75  4.44  4.00
STD DEV   1.77  2.03  2.29  2.49  2.43  2.31  2.05  1.88  1.74  2.10  1.96  1.71
SKEW       .94   .52   .49   .40   .73   .60   .57   .73   .62   .62   .65   .50
% SSE     3.40  4.54  5.77  6.20  9.84 12.30 13.24 11.50  9.82  6.14  3.63  2.68
MEAN      4.87  4.99  5.88  6.04  6.13  6.11  5.21  4.60  4.87  5.05  4.92  4.39
STD DEV   2.12  2.01  2.46  2.52  2.59  2.40  2.02  1.81  1.90  2.28  2.20  1.84
SKEW       .92   .71   .50   .52   .75   .46   .39   .60   .60   .77   .79   .60
% S       5.73  6.83  8.64  9.41 13.16 18.92 21.33 19.92 17.65 11.27  7.47  5.80
MEAN      5.00  5.20  6.14  6.23  6.18  6.19  5.46  4.91  5.12  5.27  5.02  4.87
STD DEV   2.05  2.18  2.50  2.59  2.48  2.33  2.13  1.97  2.00  2.12  2.12  2.10
SKEW       .51   .64   .42   .37   .48   .28   .34   .43   .43   .54   .63   .79
% SSW     7.46  7.02  7.69  7.77  9.53 11.69 12.08 11.44 11.06  9.99  8.45  7.29
MEAN      5.31  5.45  6.08  6.35  6.21  6.09  5.41  4.85  5.07  5.21  5.20  5.45
STD DEV   2.24  2.21  2.56  2.63  2.63  2.33  2.04  1.90  1.99  2.16  2.32  2.23
SKEW       .52   .61   .57   .54   .62   .41   .30   .37   .41   .66   .76   .48
% SW     11.10 10.49  9.46  9.46  9.03  8.44  7.89  8.58  8.76 10.75 11.88 11.16
MEAN      5.55  5.78  6.31  6.44  5.93  5.69  4.84  4.63  4.83  5.03  5.17  5.44
STD DEV   2.44  2.54  2.70  2.93  2.72  2.25  2.02  1.87  1.95  2.16  2.23  2.45
SKEW       .58   .71   .78   .80   .80   .37   .43   .37   .41   .71   .73   .71
% WSW    11.20  8.95  9.04  8.59  6.61  4.90  3.40  3.61  4.30  6.94  9.75 11.09
MEAN      6.03  6.43  7.05  7.30  6.15  5.53  4.37  4.28  4.68  5.27  5.66  6.01
STD DEV   2.69  3.08  3.24  3.33  2.68  2.33  1.94  1.72  2.13  2.39  2.60  2.91
SKEW       .53   .87   .72   .63   .69   .54   .58   .44   .63   .70   .76   .86
% W      12.10 10.02 10.35  9.66  7.04  4.00  2.40  3.17  4.00  7.29 10.93 13.05
MEAN      6.16  6.35  7.30  7.18  6.05  5.04  3.92  3.92  4.32  4.75  5.72  5.98
STD DEV   3.32  3.26  3.66  3.46  2.90  2.28  1.65  1.79  2.16  2.33  3.03  3.12
SKEW       .87   .86   .67   .62   .69   .62   .53   .76   .97   .82   .89   .83
% WNW     6.13  5.21  5.04  4.82  3.56  1.76  1.24  1.23  1.49  3.20  5.14  6.92
MEAN      5.51  5.89  6.67  6.43  5.74  4.67  3.94  3.41  3.86  4.42  5.10  5.42
STD DEV   2.88  2.99  3.29  3.19  2.70  1.95  1.85  1.43  1.65  2.20  2.52  2.71
SKEW      1.12   .91   .64   .92   .65   .37   .74   .22   .49  1.00   .87  1.11
% NW      5.33  4.64  3.88  3.51  2.71  1.87  1.43  1.42  1.60  3.04  4.36  5.36
MEAN      4.44  4.94  5.86  5.48  4.99  4.25  3.94  3.29  3.48  3.83  4.37  4.49
STD DEV   2.14  2.46  3.23  2.73  2.39  1.93  2.00  1.42  1.53  1.76  2.17  2.13
SKEW       .87   .92  1.40   .80   .63   .59  1.16   .60   .54   .75   .91   .74
% NNW     4.33  4.32  4.20  2.89  2.30  1.62  1.29  1.33  1.34  2.60  3.81  4.43
MEAN      5.32  5.82  7.20  5.98  5.14  4.51  4.12  3.85  3.77  4.41  4.91  5.12
STD DEV   2.63  2.98  4.06  3.06  2.25  2.17  1.92  1.91  1.68  2.21  2.67  2.56
SKEW       .84   .87  1.06   .64   .55   .88   .58   .79   .71  1.05  1.06   .77
CALM      6.98  5.98  4.50  4.28  5.16  5.07  7.38 10.03  8.21  8.28  7.22  7.32
 
INTERPOLATED DATA (station & weighting factor)
 
---Wind Stations---
CLOVIS        NM     .482  AMARILLO      TX     .296  LUBBOCK/REESE TX     .221
---Solar Radiation and Max .5 P Stations---
 TX HEREFORD         .537   TX MULESHOE 2       .236   NM CLOVIS 13 N      .228 
---Dewpoint Stations---
NM CLOVIS CANNON AF  .445  TX AMARILLO INTL AP  .320  TX LUBBOCK INTL AP   .235 
---Time Peak Stations---
TX HEREFORD          .411  TX HEREFORD          .411  TX MULESHOE 2        .179 
