 ROCKPORT TX                             417704 0
 LATT=  28.02 LONG= -97.05 YEARS= 40. TYPE= 4
 ELEVATION =   10. TP5 = 2.26 TP6= 5.62
 MEAN P    .33   .32   .41   .41   .64   .54   .60   .43   .62   .58   .48   .27
 S DEV P   .57   .53   .77   .65   .94   .73   .97   .67   .95   .99   .95   .45
 SKEW  P  3.53  2.73  3.99  2.45  2.94  2.30  3.34  3.04  3.52  3.65  5.90  4.09
 P(W/W)    .46   .38   .39   .33   .31   .45   .57   .38   .52   .47   .37   .39
 P(W/D)    .18   .18   .13   .13   .14   .13   .09   .14   .19   .13   .15   .16
 TMAX AV 64.93 67.64 73.52 78.83 84.15 89.05 90.64 91.44 89.18 82.87 74.58 67.05
 TMIN AV 46.76 50.18 57.31 64.61 71.87 76.77 78.15 77.99 73.64 65.82 56.66 48.51
 SD TMAX  8.93  8.72  6.76  4.78  3.46  2.74  2.34  2.45  3.98  5.76  8.03  9.34
 SD TMIN  9.96 10.11  9.26  7.87  5.79  4.39  3.57  3.64  6.36  9.30 10.82 10.91
 SOL.RAD  239.  294.  372.  452.  498.  558.  584.  529.  453.  364.  270.  223.
 SD SOL   38.7  39.4  34.1  46.0  41.5  36.1  32.5  31.4  36.1  29.6  32.0  34.2
 MX .5 P   .72   .72  1.18  1.31  1.59  1.45  1.49  1.18  1.36  1.33   .93   .66
 DEW PT  48.27 51.27 56.44 63.27 69.83 74.00 74.61 74.61 71.44 64.89 56.89 49.89
Time Pk   .383  .559  .624  .737  .757  .767  .905  .933  .952  .970  .990 1.000
% N      11.60 10.31  8.28  4.70  3.77  1.06   .60  1.90  7.37  9.66 11.89 12.21
MEAN      5.82  6.39  6.35  6.54  5.22  3.43  2.80  3.25  4.51  4.92  5.71  5.69
STD DEV   2.57  2.70  2.79  2.69  2.29  1.31  1.20  1.62  1.98  2.16  2.76  2.46
SKEW       .36   .31   .34   .14   .35   .36   .15   .94   .54   .42   .56   .42
% NNE    10.73  9.21  7.48  5.24  3.25  1.36   .63  1.87  8.13  9.35 10.47 10.22
MEAN      5.56  5.72  5.99  6.21  5.45  4.11  3.21  3.97  4.89  5.12  5.83  5.52
STD DEV   2.48  2.27  2.45  2.33  2.31  1.64  1.18  1.65  1.98  2.07  2.63  2.38
SKEW       .56   .49   .38   .14   .40   .13   .17   .44   .42   .50   .50   .45
% NE      7.93  6.44  5.46  4.77  2.59  1.75   .82  1.95  7.02  6.54  7.56  6.65
MEAN      4.87  5.13  5.28  5.16  4.63  4.28  3.53  3.73  4.74  4.86  5.08  4.52
STD DEV   2.18  2.06  2.30  2.18  1.99  1.86  1.60  1.63  2.07  2.11  2.26  2.16
SKEW       .59   .24   .46   .21   .34   .33   .71   .29   .53   .59   .61   .82
% ENE     4.25  5.11  5.96  4.70  3.45  2.01  1.02  2.74  7.43  5.14  4.52  3.86
MEAN      4.63  4.89  5.38  5.50  5.33  4.76  4.04  4.64  4.94  4.85  4.42  4.14
STD DEV   2.00  2.06  2.23  2.14  2.14  1.80  1.86  1.99  1.93  1.98  1.76  1.74
SKEW       .60   .58   .21   .16   .47   .13   .24   .26   .29   .36   .33   .39
% E       4.14  5.93  8.27  7.98  6.49  6.08  4.19  7.18 11.32  8.79  4.30  4.98
MEAN      3.87  4.44  5.05  5.27  5.04  4.97  4.86  5.23  4.85  4.43  3.95  3.76
STD DEV   1.59  1.91  2.15  2.03  2.06  2.07  2.16  2.13  2.00  1.90  1.70  1.59
SKEW       .41   .43   .32   .13   .29   .25   .12   .12   .18   .43   .43   .55
% ESE     3.23  6.46  9.44 13.00 13.74 14.12 10.98 12.57 10.78 10.29  4.37  4.05
MEAN      4.22  4.86  5.27  5.85  5.82  5.79  5.93  5.51  4.82  4.51  4.08  3.90
STD DEV   1.76  2.07  2.19  2.20  2.21  2.26  2.20  2.19  1.95  1.88  1.67  1.72
SKEW       .52   .44   .41   .21   .15   .10  -.18   .01   .21   .42   .47   .79
% SE      9.26 12.21 17.03 24.57 32.12 31.58 29.55 24.67 15.32 14.94  9.41  7.79
MEAN      5.52  6.15  6.38  7.00  6.53  6.23  6.19  5.74  5.02  4.76  4.96  4.60
STD DEV   2.38  2.63  2.63  2.55  2.49  2.45  2.44  2.50  2.32  2.20  2.22  2.19
SKEW       .34   .30   .22   .04   .09   .07   .07   .22   .66   .60   .42   .66
% SSE    16.28 15.04 18.18 19.20 19.95 25.29 28.77 21.16  9.50 10.04 13.96 13.09
MEAN      6.62  6.87  7.40  7.56  6.72  6.22  5.79  5.57  5.16  5.43  6.24  6.26
STD DEV   2.57  2.74  2.65  2.68  2.52  2.46  2.43  2.49  2.34  2.40  2.52  2.59
SKEW       .29   .20   .11   .11   .11   .13   .41   .41   .46   .53   .24   .28
% S       8.85  7.03  6.11  5.07  5.23  7.46 13.15 11.24  5.94  5.11  9.17  9.07
MEAN      6.03  5.67  6.33  6.09  5.60  4.87  4.46  4.62  4.33  4.77  5.74  5.78
STD DEV   2.69  2.45  2.79  2.74  2.55  2.29  2.04  2.13  2.09  2.26  2.61  2.64
SKEW       .53   .44   .26   .31   .46   .62   .68   .57   .69   .70   .53   .41
% SSW     2.92  2.86  1.66  1.34  1.01  1.78  3.10  3.74  2.23  1.87  3.08  3.59
MEAN      5.04  5.17  5.10  4.52  4.26  4.21  3.85  3.93  3.86  3.77  4.74  5.07
STD DEV   2.25  2.24  2.47  1.72  1.89  1.98  1.59  1.86  1.81  1.72  2.22  2.49
SKEW       .70   .39   .35   .46   .46   .75   .63   .58   .76   .88   .51   .64
% SW      1.57  1.70   .93   .88   .68   .82  1.47  1.35  1.26  1.19  1.69  2.07
MEAN      3.72  4.06  3.59  3.74  2.90  3.04  3.00  2.84  2.85  3.03  3.23  3.50
STD DEV   1.65  1.82  1.71  1.55  1.18  1.35  1.18  1.38  1.26  1.29  1.40  1.65
SKEW       .78   .63   .43   .64   .60   .77   .52   .60   .68   .60   .74   .51
% WSW      .97  1.00   .55   .52   .39   .33   .45   .63   .58   .63  1.04  1.12
MEAN      3.25  3.19  3.63  3.34  3.08  2.36  2.74  2.98  2.43  2.95  2.97  3.11
STD DEV   1.19  1.35  1.36  1.33  1.10   .71  1.04  1.22   .95   .98  1.11  1.35
SKEW       .34   .23   .12   .25   .09   .70   .45   .52   .58   .52   .32   .43
% W       1.40  1.41   .81   .67   .58   .54   .38   .56  1.05  1.12  1.43  1.81
MEAN      3.38  3.64  3.83  2.86  2.91  2.22  2.53  2.46  2.55  2.79  2.93  3.09
STD DEV   1.47  1.67  1.99  1.34   .88   .82   .67  1.04  1.24  1.03  1.26  1.37
SKEW       .58  1.15  1.07   .51  -.64   .32   .46   .47  1.34   .41   .80   .73
% WNW     2.00  1.88  1.05   .78   .64   .54   .29   .44   .85  1.43  1.75  2.11
MEAN      4.66  4.49  5.43  4.26  3.13  2.55  2.08  2.41  2.98  3.25  3.67  4.42
STD DEV   2.71  2.24  2.95  2.02  1.44   .76   .54   .75  1.20  1.44  1.61  2.56
SKEW      1.24   .85   .50   .47   .79   .47  -.14   .27   .53   .70   .55   .89
% NW      4.07  3.69  2.13  1.81  1.11   .83   .35   .95  1.89  2.87  4.07  4.79
MEAN      5.32  5.72  5.18  4.91  3.61  2.97  2.15  2.36  3.16  3.68  4.25  4.66
STD DEV   3.00  2.94  2.94  2.51  1.69  1.20   .81   .99  1.43  1.87  2.07  2.35
SKEW       .92   .46   .60   .58   .62   .54   .23   .45  1.11   .90   .71   .68
% NNW     7.39  6.95  4.15  2.78  1.94   .87   .32  1.16  3.12  5.23  6.99  8.23
MEAN      5.67  6.03  6.66  6.11  5.35  3.23  2.66  2.59  3.91  5.03  5.52  5.76
STD DEV   2.41  2.72  3.17  2.68  2.50  1.26  1.11  1.01  1.91  2.60  2.49  2.64
SKEW       .34   .42   .39   .09   .44   .49   .23   .51  1.51   .67   .58   .40
CALM      3.38  2.73  2.54  1.96  3.07  3.67  3.93  5.85  6.23  5.79  4.26  4.27
 
INTERPOLATED DATA (station & weighting factor)
 
---Wind Stations---
CORPUS CHRISTITX     .403  CORPUS CHRISTITX     .403  KINGSVILLE    TX     .194
---Solar Radiation and Max .5 P Stations---
 TX BEEVILLE 5 NE    .824   TX JUNCTION 4 SSW   .176                            
---Dewpoint Stations---
TX CORPUS CHRISTI N  .443  TX CORPUS CHRISTI M  .385  TX PALACIOS MUNI AP  .172 
---Time Peak Stations---
TX BEEVILLE 5 NE     .826  TX JUNCTION 4 SSW    .174                            
