 CEDAR CITY AP UT                        421267 0
 LATT=  37.70 LONG=-113.10 YEARS= 40. TYPE= 3
 ELEVATION = 5610. TP5 = 1.49 TP6= 2.21
 MEAN P    .14   .14   .16   .15   .15   .17   .17   .17   .16   .22   .17   .13
 S DEV P   .17   .15   .18   .18   .21   .22   .26   .26   .21   .28   .20   .17
 SKEW  P  2.60  1.67  1.97  2.18  2.86  3.35  3.72  3.42  2.37  1.95  2.03  2.56
 P(W/W)    .38   .46   .48   .48   .44   .37   .44   .40   .43   .44   .45   .39
 P(W/D)    .16   .18   .19   .15   .13   .06   .14   .15   .11   .12   .11   .14
 TMAX AV 42.18 46.70 54.82 62.39 72.70 84.54 90.62 88.11 80.04 67.00 52.92 42.90
 TMIN AV 17.66 21.93 27.74 33.08 40.81 49.59 57.80 56.41 47.00 35.35 25.20 17.76
 SD TMAX  9.48  9.50  9.79  9.97  9.48  7.90  5.41  5.22  7.43 10.29 10.92 10.16
 SD TMIN 10.91  9.62  7.43  7.32  7.28  7.21  5.06  5.06  7.72  7.52  8.82 10.59
 SOL.RAD  223.  291.  427.  527.  619.  684.  626.  548.  483.  366.  256.  208.
 SD SOL   26.2  35.8  39.2  35.8  39.6  28.7  34.0  36.3  25.3  30.7  20.5  22.4
 MX .5 P   .29   .27   .30   .28   .32   .40   .68   .60   .56   .35   .25   .24
 DEW PT  19.00 21.00 24.00 25.00 29.00 30.00 40.00 42.00 35.00 28.00 23.00 18.00
Time Pk   .611  .793  .860  .908  .916  .918  .982  .986  .990  .992  .996 1.000
% N       5.71  8.75  8.77  8.10  5.67  4.70  3.07  3.22  5.40  7.88  8.05  6.77
MEAN      4.72  5.03  5.60  5.23  4.75  4.57  3.78  4.03  4.48  4.82  5.10  4.82
STD DEV   2.19  2.09  2.42  2.22  2.10  1.86  1.66  1.60  1.96  2.07  2.32  2.13
SKEW       .70   .48   .53   .40   .70   .65  1.12  1.23   .58   .59   .66   .65
% NNE     4.24  7.20  6.65  5.58  3.80  3.12  2.15  2.25  3.27  4.17  4.70  4.89
MEAN      4.34  5.24  5.54  5.08  4.80  4.26  3.80  3.83  4.27  4.50  4.71  4.36
STD DEV   2.11  2.31  2.41  2.08  2.04  1.78  1.60  1.46  1.99  2.03  2.14  2.02
SKEW      1.10   .47   .44   .58   .45   .71  1.29   .84   .70   .72   .71   .87
% NE      4.11  4.87  4.17  4.20  3.45  2.45  2.28  2.47  3.60  3.22  3.87  4.59
MEAN      3.46  4.05  4.11  4.35  3.90  3.65  3.95  3.65  3.80  3.76  3.56  3.47
STD DEV   1.54  2.07  1.95  1.99  1.80  1.30  1.74  1.10  1.60  1.68  1.46  1.49
SKEW      1.21  1.13   .92  1.09  1.12   .88  1.43   .34   .85  1.10  1.13  1.19
% ENE     1.42  1.88  1.37  1.22  1.50  1.05  1.15  1.05  1.40  1.42  1.50  1.96
MEAN      3.10  3.32  3.51  3.54  3.90  3.26  3.78  3.58  3.22  3.30  3.05  2.89
STD DEV    .91  1.61  1.54  1.50  1.85  1.25  1.80  1.39  1.19  1.38   .91   .95
SKEW      1.06  1.31   .88   .86  1.63   .22  1.06  2.08   .45  1.70   .77   .54
% E       1.84  1.75  1.10  1.02  1.35  1.42  1.80  2.12  1.72  1.47  1.57  1.96
MEAN      2.86  2.80  3.17  3.17  3.41  3.80  4.09  4.20  3.27  2.97  2.68  2.89
STD DEV    .65   .92  1.11  1.33  1.57  1.72  1.70  2.08  1.13   .89   .74   .90
SKEW       .23   .60  1.01  2.13  1.09  1.32  1.05   .91  1.61  1.35   .04   .55
% ESE     2.09  1.70  1.25  1.35  1.77  1.70  2.95  3.07  1.77  1.80  1.80  2.18
MEAN      2.93  2.73  2.92  3.15  3.86  3.61  4.49  4.37  3.35  3.15  2.80  2.76
STD DEV    .79   .79  1.06   .98  1.81  1.39  2.14  1.91  1.35  1.21   .81   .84
SKEW       .04   .12   .51   .75   .83   .41   .75  1.05   .93   .64   .06   .67
% SE      7.76  5.60  5.77  5.58  6.67  8.92 11.53 10.82 10.30  8.82  8.22  8.26
MEAN      3.19  3.22  3.57  3.69  3.80  3.95  3.99  3.97  3.68  3.55  3.28  3.23
STD DEV    .95  1.04  1.26  1.41  1.44  1.28  1.35  1.40  1.19  1.17  1.04  1.00
SKEW       .37   .38  1.06  1.27  1.77  1.21  1.33  1.39  1.12   .72   .73   .29
% SSE     5.31  5.45  5.65  5.63  6.00  6.32  7.83  7.57  7.40  6.75  5.65  5.74
MEAN      3.29  3.55  3.83  3.98  4.14  4.23  4.00  3.97  3.65  3.48  3.41  3.33
STD DEV   1.09  1.68  1.69  1.83  1.82  1.72  1.58  1.64  1.48  1.18  1.27  1.27
SKEW       .90  1.39  1.34  1.46  1.46  1.38  1.28  1.44  1.82  1.08  1.26  1.59
% S       6.02  6.33  7.25  8.85  9.45  8.90  9.17  9.30  7.65  6.65  6.02  5.92
MEAN      4.08  4.56  5.21  5.62  5.47  5.13  4.60  4.54  4.43  4.42  4.55  4.28
STD DEV   2.25  2.56  2.86  3.08  2.95  2.44  2.14  2.25  2.27  2.36  2.63  2.44
SKEW      1.42  1.31   .93   .90  1.02   .77  1.14  1.22  1.21  1.39  1.35  1.49
% SSW     9.33  9.33 11.40 13.62 13.60 13.57 11.62 12.57 11.17  8.85  8.40  7.93
MEAN      6.17  6.16  6.76  7.07  7.04  6.89  6.11  6.03  6.31  6.42  6.45  6.53
STD DEV   2.80  2.76  2.81  2.92  2.93  2.55  2.54  2.42  2.60  2.69  2.90  2.90
SKEW       .45   .28   .32   .38   .47   .13   .37   .43   .39   .21   .51   .45
% SW     12.58 11.32 13.40 12.23 14.12 16.12 15.33 14.05 11.93  9.27  9.97  9.77
MEAN      6.16  6.01  6.40  6.51  6.79  6.91  6.10  6.00  6.17  5.99  6.14  5.95
STD DEV   2.71  2.65  2.77  2.78  2.90  2.65  2.45  2.46  2.52  2.64  2.68  2.79
SKEW       .30   .26   .29   .17   .43   .13   .35   .25   .19   .31   .36   .46
% WSW     3.86  3.50  4.40  4.53  5.40  6.52  7.13  6.70  4.93  4.22  3.70  2.98
MEAN      5.78  5.04  5.66  6.00  5.97  6.33  5.64  5.51  5.53  5.45  5.07  4.81
STD DEV   2.66  2.36  2.46  2.57  2.61  2.63  2.29  2.35  2.18  2.48  2.31  2.27
SKEW       .48   .48   .51   .23   .46   .20   .42   .36   .28   .28   .59   .48
% W       1.55  1.78  2.05  2.72  2.87  2.95  3.57  3.75  2.57  2.35  1.92  1.53
MEAN      3.46  3.20  4.52  4.77  4.61  4.76  4.41  4.45  3.87  3.96  3.87  3.60
STD DEV   1.53  1.43  2.17  2.44  2.23  2.20  1.98  1.95  1.62  1.91  2.06  1.88
SKEW      1.05  1.20   .61   .73   .87   .71   .91   .68   .55   .97  1.30  1.12
% WNW      .82  1.20  1.22  1.75  1.60  1.42  1.68  1.50  1.37  1.35   .72   .90
MEAN      3.12  3.78  4.59  4.75  3.97  3.80  4.10  4.30  3.54  3.53  2.93  3.35
STD DEV   1.24  2.06  2.33  2.53  1.68  1.25  1.61  1.83  1.26  1.37   .95  1.43
SKEW       .13  1.22   .77  1.07  1.06   .82   .91  1.22   .70   .28   .84  1.70
% NW      1.42  1.85  1.97  2.15  2.10  1.90  1.95  1.70  2.05  2.00  1.82  1.39
MEAN      3.37  3.36  4.38  4.23  3.73  4.18  3.68  3.87  3.72  3.73  3.65  3.23
STD DEV   1.33  1.37  1.94  2.20  1.54  1.66  1.39  1.26  1.57  1.56  1.52  1.52
SKEW       .52   .74   .84   .93   .69   .69   .71   .33   .80   .73   .72  1.36
% NNW     1.65  2.12  2.87  2.85  2.25  1.65  1.35  1.17  1.92  2.45  2.10  1.87
MEAN      4.38  4.58  4.49  5.00  4.36  4.28  3.84  4.03  4.72  4.22  4.61  4.41
STD DEV   1.72  2.00  2.08  2.11  1.63  1.68  1.19  1.73  2.01  1.82  1.94  1.94
SKEW       .54   .59   .80   .77   .64   .69   .29  1.21   .65   .66   .83   .58
CALM     30.34 25.42 20.35 18.40 18.27 17.38 15.40 16.67 21.60 27.32 29.92 31.26
 
INTERPOLATED DATA (station & weighting factor)
 
---Wind Stations---
CEDAR CITY    UT    1.000  MILFORD       UT     .000  ST. GEORGE    UT     .000
---Solar Radiation and Max .5 P Stations---
 UT ALTON            .397   UT VEYO POWERHOUSE  .386   UT MARYSVALE        .217 
---Dewpoint Stations---
UT CEDAR CITY MUNI  1.000  NV ELY YELLAND FLD   .000  NV LAS VEGAS NELLIS  .000 
---Time Peak Stations---
UT ALTON             .391  UT VEYO POWERHOUSE   .390  UT MARYSVALE         .220 
