 LEXINGTON VA                            444876 0
 LATT=  37.78 LONG= -79.43 YEARS= 40. TYPE= 3
 ELEVATION = 1060. TP5 = 2.12 TP6= 4.98
 MEAN P    .36   .30   .36   .34   .34   .38   .36   .32   .41   .40   .40   .35
 S DEV P   .43   .37   .41   .43   .37   .59   .45   .42   .59   .58   .45   .44
 SKEW  P  2.08  2.38  1.82  3.11  1.75  3.92  2.23  2.70  2.70  3.18  2.16  2.25
 P(W/W)    .38   .38   .42   .48   .54   .52   .48   .46   .51   .47   .44   .40
 P(W/D)    .21   .24   .27   .24   .28   .25   .26   .25   .19   .17   .20   .24
 TMAX AV 45.52 49.75 59.22 69.61 76.64 83.67 86.93 86.17 79.03 68.89 58.80 48.34
 TMIN AV 23.58 25.12 32.18 40.33 49.83 58.64 63.25 62.55 55.09 42.49 33.20 25.93
 SD TMAX 10.82 11.13 11.39 10.83  8.16  6.28  5.70  6.10  7.79  8.67 10.15 10.28
 SD TMIN 10.47  9.87  9.48  9.12  8.44  6.33  5.01  5.24  7.89  9.49  9.66  9.68
 SOL.RAD  189.  254.  341.  429.  484.  502.  497.  456.  373.  289.  205.  169.
 SD SOL   19.9  27.5  28.8  30.5  45.7  41.2  35.7  27.6  27.9  36.1  24.1  17.1
 MX .5 P   .49   .39   .69   .70   .90  1.21  1.48  1.32  1.11   .54   .64   .41
 DEW PT  22.61 24.25 30.61 39.41 51.66 60.06 64.50 64.06 57.41 44.86 34.86 26.25
Time Pk   .529  .698  .764  .835  .841  .854  .944  .956  .964  .980  .987 1.000
% N       4.59  5.02  5.08  5.66  6.10  6.25  6.92  8.17  8.11  8.71  5.67  5.53
MEAN      3.22  3.12  3.37  3.52  3.22  2.87  2.86  2.72  2.92  3.15  3.03  3.02
STD DEV   1.43  1.47  1.62  1.68  1.49  1.33  1.36  1.24  1.30  1.44  1.37  1.44
SKEW       .55   .64   .76   .62   .70  1.00   .87   .68   .69   .80   .57   .93
% NNE     4.24  4.75  4.75  4.60  5.23  5.28  5.25  6.62  8.09  7.73  4.53  4.70
MEAN      3.39  3.35  3.39  3.46  3.42  3.07  2.91  2.92  3.22  3.23  3.12  3.30
STD DEV   1.60  1.56  1.48  1.58  1.58  1.45  1.34  1.40  1.44  1.49  1.36  1.69
SKEW       .60   .56   .59   .50   .57   .83   .60   .90   .73   .77   .46   .99
% NE      4.47  5.33  4.72  4.31  5.70  5.15  5.41  6.19  7.89  7.42  4.27  4.26
MEAN      3.18  3.09  3.16  3.45  3.24  2.98  3.00  2.86  3.16  3.21  3.03  2.81
STD DEV   1.61  1.45  1.47  1.73  1.51  1.40  1.35  1.37  1.44  1.52  1.48  1.42
SKEW      1.24   .77   .76  1.20   .65   .72   .57   .73   .55   .73   .93  1.04
% ENE     1.94  2.09  1.90  2.23  2.52  2.94  2.58  3.18  3.28  2.99  1.90  1.65
MEAN      2.76  2.84  2.89  3.07  3.20  3.03  2.88  2.93  2.95  2.91  2.77  2.58
STD DEV   1.21  1.16  1.14  1.42  1.43  1.35  1.26  1.29  1.28  1.32  1.21   .96
SKEW       .95   .33   .46   .77   .66   .58   .64   .68   .61   .81   .77   .46
% E       1.74  1.89  2.20  2.26  2.93  3.08  2.88  3.11  3.26  2.58  1.96  1.74
MEAN      2.54  2.44  2.70  2.67  2.81  2.76  2.68  2.55  2.63  2.67  2.44  2.40
STD DEV   1.11  1.06  1.29  1.18  1.36  1.34  1.22  1.16  1.23  1.33  1.24  1.01
SKEW      1.10   .64   .88   .47   .88  1.16   .62   .79   .96   .93  1.15   .63
% ESE     1.80  1.79  2.26  2.29  2.58  2.58  2.26  2.75  2.51  2.50  1.71  1.73
MEAN      2.57  2.66  3.07  3.26  2.90  2.81  2.72  2.66  2.77  2.76  2.52  2.49
STD DEV   1.16  1.13  1.27  1.52  1.31  1.22  1.13  1.12  1.24  1.28  1.21   .95
SKEW      1.04   .37   .49   .45   .48   .52   .50   .42   .84   .78   .83   .70
% SE      4.08  5.22  5.37  5.28  6.07  5.55  4.91  5.56  5.69  4.74  4.22  4.13
MEAN      2.70  3.06  3.21  3.26  3.01  2.80  2.76  2.70  2.79  2.71  2.85  2.82
STD DEV   1.21  1.60  1.54  1.44  1.35  1.26  1.21  1.22  1.27  1.24  1.33  1.35
SKEW       .51   .83   .44   .48   .50   .62   .44   .50   .49   .68   .92   .84
% SSE     3.06  4.12  4.64  4.69  4.56  4.28  3.85  4.11  4.13  3.31  3.98  3.38
MEAN      2.95  3.38  3.78  3.75  3.30  3.15  3.02  2.76  3.10  2.90  3.33  2.99
STD DEV   1.39  1.68  1.80  1.72  1.51  1.41  1.31  1.34  1.46  1.31  1.59  1.50
SKEW       .89   .94  1.26   .66   .47   .60   .46   .78   .56   .27   .53   .98
% S       6.09  5.76  6.29  7.07  7.30  7.14  7.04  6.69  6.64  5.33  6.36  6.13
MEAN      2.97  3.24  3.66  3.79  3.40  3.18  2.89  2.71  2.94  2.78  3.15  2.93
STD DEV   1.46  1.67  1.88  1.83  1.63  1.49  1.34  1.29  1.40  1.34  1.67  1.43
SKEW       .91  1.19   .94   .74   .69   .64   .87   .92   .72   .85  1.19  1.09
% SSW     9.12  6.64  7.06  8.23  6.97  7.12  7.81  6.04  5.29  5.49  7.28  7.67
MEAN      3.38  3.66  4.14  4.20  3.42  3.10  2.98  2.77  2.80  2.86  3.35  3.36
STD DEV   1.54  1.73  2.18  1.98  1.66  1.49  1.29  1.25  1.31  1.30  1.65  1.53
SKEW       .72   .75   .97   .54   .74   .75   .60   .57   .79   .77   .93   .71
% SW     10.13  8.99  8.59  9.05  8.18  8.55  9.94  7.53  6.70  6.21  8.39  9.29
MEAN      4.08  4.00  4.18  4.38  3.57  3.31  3.21  2.88  2.83  3.14  3.54  3.76
STD DEV   2.06  2.03  2.15  2.20  1.80  1.58  1.50  1.44  1.46  1.64  1.73  1.87
SKEW       .84   .73   .81   .56   .64   .74   .60   .90   .89   .82   .67   .65
% WSW     8.19  7.31  7.33  7.76  7.42  7.06  7.12  6.18  5.10  5.12  8.01  8.65
MEAN      4.51  4.68  4.80  4.84  4.05  3.70  3.50  3.23  3.39  3.60  4.22  4.39
STD DEV   2.04  2.14  2.22  2.22  1.77  1.66  1.53  1.48  1.60  1.66  1.82  1.92
SKEW       .60   .56   .46   .48   .40   .65   .49   .62   .61   .64   .44   .42
% W       8.57  8.29  8.14  6.99  6.69  6.86  6.59  5.95  5.05  5.72  7.95  8.27
MEAN      4.83  4.89  5.04  4.92  4.08  3.55  3.35  3.16  3.28  3.66  4.28  4.47
STD DEV   2.29  2.33  2.45  2.41  1.88  1.72  1.56  1.51  1.64  1.76  2.04  2.15
SKEW       .60   .39   .59   .78   .44   .74   .66   .68   .66   .48   .56   .52
% WNW    10.92 11.28 11.58  9.50  6.83  6.02  5.14  4.86  4.29  5.88  9.57 10.09
MEAN      5.58  5.64  5.73  5.28  4.42  3.86  3.56  3.34  3.50  4.29  4.98  5.21
STD DEV   2.40  2.35  2.41  2.30  1.99  1.83  1.61  1.56  1.69  2.04  2.18  2.25
SKEW       .59   .30   .35   .45   .50   .68   .80   .70   .64   .46   .34   .38
% NW      8.80  9.37  8.85  8.14  7.16  5.98  5.72  5.31  5.05  7.20  8.55  8.28
MEAN      4.78  4.87  5.00  4.68  3.93  3.39  3.06  2.97  3.23  3.85  4.40  4.55
STD DEV   2.17  2.27  2.26  2.19  1.88  1.71  1.48  1.44  1.64  1.79  2.07  2.20
SKEW       .59   .39   .43   .52   .45   .70   .72   .82   .81   .54   .58   .50
% NNW     4.00  4.47  4.66  5.05  4.74  4.33  4.09  3.89  3.61  4.78  4.39  4.27
MEAN      4.22  4.35  4.50  4.55  3.89  3.38  3.16  3.08  3.07  3.78  4.00  4.14
STD DEV   1.90  2.01  2.04  1.94  1.77  1.68  1.45  1.47  1.35  1.76  1.80  1.99
SKEW       .23   .41   .49   .25   .32   .87   .58   .55   .37   .57   .40   .45
CALM      8.33  7.66  6.58  6.95  9.04 11.79 12.51 13.96 15.24 14.34 11.26 10.28
 
INTERPOLATED DATA (station & weighting factor)
 
---Wind Stations---
LYNCHBURG     VA     .455  ROANOKE       VA     .352  ELKINS        WV     .193
---Solar Radiation and Max .5 P Stations---
 VA ROCKY MT         .386   VA CHATHAM          .355   WV MOOREFIELD 1 SS  .259 
---Dewpoint Stations---
VA LYNCHBURG RGNL A  .447  VA ROANOKE RGNL AP   .357  WV ELKINS RANDOLPH   .196 
---Time Peak Stations---
WV UNION             .381  VA CHATHAM 4 N       .362  WV MOOREFIELD 1 SSE  .256 
