 SHAWANO WI                              477708 0
 LATT=  44.78 LONG= -88.62 YEARS= 40. TYPE= 3
 ELEVATION =  800. TP5 = 2.02 TP6= 4.20
 MEAN P    .13   .16   .21   .27   .31   .34   .36   .36   .33   .27   .26   .15
 S DEV P   .16   .20   .24   .35   .41   .41   .48   .44   .48   .36   .35   .17
 SKEW  P  2.77  2.67  2.32  2.64  2.90  2.08  2.35  1.95  2.77  1.92  2.70  2.23
 P(W/W)    .40   .30   .39   .46   .50   .48   .41   .43   .46   .46   .43   .41
 P(W/D)    .22   .19   .21   .27   .28   .28   .29   .27   .28   .26   .23   .24
 TMAX AV 24.13 29.20 40.50 55.90 68.34 77.36 82.16 79.50 71.07 57.70 42.38 28.43
 TMIN AV  5.09  8.70 20.06 32.73 43.57 53.16 57.94 55.76 46.71 35.60 24.95 11.57
 SD TMAX 10.90 10.59 11.68 12.40 10.90  8.79  7.02  6.68  9.08 10.38 10.67 10.55
 SD TMIN 14.49 13.99 12.16  8.86  9.00  8.03  6.87  7.45  8.90  8.64  9.68 13.55
 SOL.RAD  114.  185.  284.  374.  444.  478.  488.  413.  310.  194.  115.   90.
 SD SOL   19.1  26.6  44.9  61.1  51.1  50.0  52.2  41.7  35.6  16.8  19.0  16.5
 MX .5 P   .25   .26   .33   .44   .70  1.07  1.10  1.16   .86   .54   .33   .25
 DEW PT  11.00 14.00 23.00 33.00 44.00 55.00 60.00 60.00 51.00 39.00 28.00 16.00
Time Pk   .562  .733  .791  .865  .877  .887  .950  .960  .968  .980  .988 1.000
% N       5.15  7.01  7.41  6.36  6.05  5.01  4.95  6.10  5.57  5.35  5.48  5.63
MEAN      4.39  4.59  4.82  4.86  4.48  4.11  3.61  3.67  3.83  4.47  4.87  4.53
STD DEV   2.15  2.19  2.28  2.23  2.08  2.06  1.80  1.78  1.74  2.06  2.26  2.02
SKEW       .62   .47   .48   .42   .37   .62   .75   .68   .56   .48   .37   .39
% NNE     3.24  4.34  5.21  5.67  5.47  4.32  3.92  4.30  3.87  3.91  3.38  3.64
MEAN      4.59  4.65  4.95  5.00  4.51  4.24  3.85  3.88  4.09  4.30  4.76  4.57
STD DEV   2.09  2.25  2.14  2.18  1.93  1.84  1.64  1.64  1.73  1.82  1.91  1.94
SKEW       .40   .59   .62   .41   .40   .50   .42   .44   .39   .42   .35   .36
% NE      4.30  6.23  7.74  7.40  6.98  5.39  4.56  5.19  3.77  3.60  3.06  3.68
MEAN      4.15  4.43  4.79  4.84  4.41  3.82  3.57  3.61  3.61  3.83  4.26  4.23
STD DEV   2.08  2.06  2.20  2.20  1.96  1.66  1.60  1.58  1.60  1.80  2.04  1.98
SKEW       .46   .51   .43   .37   .39   .38   .51   .47   .46   .60   .78   .62
% ENE     2.36  3.58  5.44  5.57  5.69  3.67  3.74  4.10  3.13  2.64  2.21  2.44
MEAN      4.06  4.46  4.88  4.92  4.52  3.70  3.59  3.39  3.69  3.68  4.44  4.12
STD DEV   2.14  2.12  2.14  2.16  1.94  1.52  1.59  1.47  1.70  1.62  2.13  2.01
SKEW       .89   .54   .32   .42   .33   .38   .44   .46   .55   .63   .57   .82
% E       2.36  2.86  4.71  6.17  5.86  4.97  4.82  4.39  3.66  3.56  2.47  2.99
MEAN      3.49  3.91  4.62  4.76  3.88  3.35  3.22  3.03  3.29  3.22  3.70  4.04
STD DEV   1.88  2.03  2.44  2.23  1.75  1.49  1.51  1.38  1.59  1.46  1.92  2.08
SKEW       .81   .60   .64   .54   .67   .65   .73   .68   .84   .72   .66   .52
% ESE     3.21  2.92  4.20  5.21  5.83  5.09  4.02  4.34  4.30  4.13  3.38  3.43
MEAN      4.20  4.12  4.27  4.91  4.38  3.68  3.25  3.28  3.33  3.67  3.96  3.96
STD DEV   2.02  1.90  2.04  2.15  1.79  1.57  1.40  1.40  1.44  1.62  1.84  1.91
SKEW       .52   .52   .46   .40   .38   .62   .42   .50   .75   .48   .71   .58
% SE      2.88  2.97  3.83  4.35  5.30  4.88  3.67  3.85  4.18  4.26  3.25  3.00
MEAN      4.07  3.95  4.15  4.67  4.57  3.79  3.24  3.33  3.73  4.02  4.10  4.53
STD DEV   2.08  1.91  1.93  2.08  2.05  1.60  1.47  1.48  1.79  1.96  2.04  2.33
SKEW       .43   .30   .36   .29   .41   .46   .58   .60   .79   .64   .55   .49
% SSE     2.87  2.83  3.56  3.89  5.08  4.93  4.08  4.34  4.79  5.19  3.83  3.02
MEAN      4.47  4.53  4.51  5.00  5.01  4.36  3.97  4.02  4.61  4.77  4.62  4.61
STD DEV   2.13  2.11  2.10  2.13  2.15  1.90  1.66  1.79  1.93  2.03  2.05  2.16
SKEW       .49   .35   .28   .39   .47   .45   .32   .56   .39   .50   .57   .63
% S       5.02  4.60  5.47  5.71  7.04  7.72  6.99  7.25  8.01  8.63  6.12  5.40
MEAN      4.40  4.37  4.39  4.94  4.83  4.25  3.84  3.94  4.40  4.67  4.75  4.58
STD DEV   2.23  2.28  2.29  2.31  2.25  1.99  1.73  1.88  2.03  2.11  2.22  2.17
SKEW       .54   .66   .62   .62   .43   .67   .55   .72   .56   .47   .47   .54
% SSW     6.09  5.92  4.55  5.39  6.59  8.58  8.46  8.68  9.50  9.02  8.05  6.66
MEAN      4.96  4.94  4.81  5.28  5.33  4.84  4.45  4.35  4.89  4.97  5.29  4.99
STD DEV   2.41  2.33  2.34  2.32  2.57  2.22  2.05  2.07  2.29  2.29  2.46  2.28
SKEW       .53   .36   .49   .28  1.14   .64   .59   .69   .52   .50   .59   .55
% SW      8.49  7.19  5.21  5.72  7.02  9.48 10.59 10.57  9.28  9.30  8.62  8.58
MEAN      4.56  4.68  4.84  5.47  5.33  4.83  4.21  4.22  4.71  4.78  5.12  4.92
STD DEV   2.18  2.48  2.62  2.70  2.64  2.33  2.13  2.07  2.30  2.35  2.56  2.32
SKEW       .41   .72   .79   .61   .75   .53   .65   .61   .44   .67   .70   .53
% WSW     5.88  4.54  3.99  4.06  4.42  6.16  6.02  5.34  5.50  5.10  5.71  6.15
MEAN      4.63  4.71  5.02  5.60  5.27  4.90  4.23  4.27  4.50  4.92  5.12  4.93
STD DEV   2.09  2.29  2.47  2.57  2.53  2.28  1.92  2.01  2.07  2.26  2.52  2.45
SKEW       .57   .87   .74   .61   .67   .63   .55   .63   .49   .45   .77  1.07
% W      12.20  9.34  7.96  7.10  6.29  6.96  7.79  6.09  7.66  7.59 10.99 10.84
MEAN      5.10  4.81  5.11  5.63  5.38  4.89  3.92  3.84  4.42  4.97  5.31  4.88
STD DEV   2.40  2.22  2.45  2.58  2.54  2.37  1.90  1.94  2.17  2.40  2.37  2.08
SKEW       .90   .54   .66   .32   .43   .61   .62   .75   .79   .72   .54   .31
% WNW    13.89 11.73  9.83  9.34  6.60  6.86  7.56  6.49  8.81  8.19 12.77 13.67
MEAN      5.30  5.16  5.13  5.70  5.43  5.17  4.45  4.01  4.70  5.15  5.81  5.18
STD DEV   2.21  2.32  2.31  2.56  2.38  2.37  2.14  1.95  2.15  2.34  2.52  2.11
SKEW       .47   .70   .48   .40   .25   .49   .63   .70   .54   .52   .49   .47
% NW     10.19 10.33  8.23  7.57  5.62  5.70  6.73  6.67  6.74  7.41  9.29 10.10
MEAN      4.75  4.66  4.74  5.18  4.72  4.15  3.96  3.69  4.02  4.59  5.23  4.52
STD DEV   2.08  2.22  2.28  2.42  2.21  2.02  1.96  1.84  1.96  2.15  2.43  1.96
SKEW       .43   .51   .67   .31   .36   .52   .67   .81   .60   .65   .45   .41
% NNW     6.26  7.20  6.50  6.30  5.40  4.41  4.43  4.88  4.97  5.85  6.50  5.98
MEAN      5.05  4.93  5.25  5.39  4.84  4.35  3.95  3.75  4.15  4.73  5.37  4.82
STD DEV   2.23  2.20  2.42  2.30  2.26  2.04  1.81  1.77  1.85  2.11  2.38  2.06
SKEW       .45   .39   .58   .27   .45   .54   .61   .66   .61   .43   .58   .39
CALM      5.53  6.44  6.21  4.18  4.72  5.83  7.74  7.45  6.29  6.36  4.91  4.83
 
INTERPOLATED DATA (station & weighting factor)
 
---Wind Stations---
GREEN BAY     WI     .487  WAUSAU        WI     .360  GWINN         MI     .152
---Solar Radiation and Max .5 P Stations---
 WI WHITE LAKE       .605   MI IRON MTN WATERW  .216   WI HORICON          .179 
---Dewpoint Stations---
WI GREEN BAY A S IN  .504  WI GREEN BAY         .496                            
---Time Peak Stations---
WI WHITE LAKE 1 SE   .624  MI IRON MTN KINGSFO  .210  WI HORICON           .166 
