 TREMPEALEAU DAM 6 WI                    478589 0
 LATT=  44.00 LONG= -91.43 YEARS= 40. TYPE= 3
 ELEVATION =  660. TP5 = 2.50 TP6= 5.60
 MEAN P    .16   .17   .26   .35   .37   .36   .44   .46   .43   .30   .29   .18
 S DEV P   .24   .23   .30   .42   .43   .41   .54   .51   .65   .41   .35   .21
 SKEW  P  6.80  2.68  1.98  2.44  2.66  2.04  2.35  2.04  4.04  3.04  2.45  2.41
 P(W/W)    .29   .29   .38   .49   .45   .45   .38   .40   .41   .46   .38   .34
 P(W/D)    .18   .17   .19   .24   .29   .29   .26   .27   .23   .19   .18   .18
 TMAX AV 25.18 30.94 42.82 58.50 70.24 78.83 83.30 80.46 72.27 59.48 43.32 29.30
 TMIN AV  7.60 12.45 24.50 37.67 48.84 58.44 63.25 60.54 51.81 39.91 27.66 13.97
 SD TMAX 12.00 11.38 11.93 11.64  9.25  7.10  6.18  6.24  8.71 10.15 11.29 11.37
 SD TMIN 14.67 14.49 11.79  9.38  8.83  7.43  6.61  6.85  8.92  9.11 10.34 13.23
 SOL.RAD  138.  208.  303.  384.  457.  510.  501.  432.  339.  221.  132.  106.
 SD SOL   15.8  17.6  37.7  38.6  51.4  36.7  39.0  27.7  32.8  23.9  21.6  17.2
 MX .5 P   .27   .30   .48   .57   .99  1.19  1.10  1.22   .98   .60   .31   .21
 DEW PT   9.60 13.60 23.75 33.62 45.48 56.60 62.33 61.33 52.33 38.46 26.60 15.33
Time Pk   .538  .699  .769  .849  .859  .869  .959  .969  .978  .980  .990 1.000
% N       6.12  6.38  6.59  5.85  5.81  5.41  5.06  5.29  4.85  5.83  4.99  5.64
MEAN      4.48  4.69  5.16  5.23  5.21  4.65  4.04  4.13  4.17  4.53  4.77  4.35
STD DEV   2.02  2.20  2.54  2.33  2.26  1.91  1.63  1.82  1.74  1.98  2.14  1.80
SKEW       .84   .87   .71   .67   .74   .76   .87   .93   .96   .90   .76   .66
% NNE     1.73  2.22  3.03  2.74  2.79  2.25  1.94  2.18  1.76  1.86  1.91  2.14
MEAN      4.09  4.09  4.55  4.71  5.01  4.26  3.65  4.01  3.45  3.83  4.29  3.95
STD DEV   1.78  1.87  2.02  1.96  2.02  1.62  1.47  1.59  1.28  1.60  1.78  1.61
SKEW       .55   .82   .73   .56   .51   .45  1.03   .67   .54   .64   .77   .77
% NE      1.28  1.87  2.22  2.43  2.58  1.93  1.93  1.76  1.67  1.30  1.57  1.52
MEAN      3.79  4.11  4.12  4.64  4.09  3.87  3.31  3.37  3.61  3.42  3.92  3.68
STD DEV   1.91  2.03  1.80  1.86  1.75  1.52  1.36  1.41  1.44  1.38  1.82  1.60
SKEW       .78  1.05   .64   .46   .77   .78  1.04   .84   .63   .69   .73   .61
% ENE     1.03  1.90  2.95  2.51  2.71  1.89  1.60  1.52  1.76  1.15  1.29  1.57
MEAN      3.94  4.39  4.77  4.83  4.36  3.76  3.40  3.04  3.51  3.24  3.62  4.26
STD DEV   1.66  2.12  1.94  1.87  1.67  1.46  1.29  1.16  1.33  1.12  1.49  1.91
SKEW       .61   .66   .44   .49   .46   .56   .51  1.06   .42   .58   .82   .76
% E       2.11  3.09  5.60  5.57  5.10  3.88  3.77  3.34  3.15  2.09  2.25  2.76
MEAN      3.82  4.43  4.72  5.15  4.30  3.76  3.55  3.22  3.52  3.48  3.78  3.95
STD DEV   1.56  1.84  1.92  2.15  1.68  1.39  1.35  1.32  1.39  1.29  1.56  1.94
SKEW       .84   .62   .57   .49   .52   .70   .59   .76   .67   .52   .72  1.25
% ESE     3.02  3.78  5.81  7.69  7.22  6.93  6.72  7.00  5.92  4.55  4.41  3.85
MEAN      3.70  4.04  4.57  5.14  4.35  3.76  3.46  3.18  3.50  3.45  3.72  3.77
STD DEV   1.37  1.73  2.02  2.15  1.72  1.43  1.34  1.08  1.36  1.23  1.40  1.51
SKEW       .53   .90   .74   .50   .59   .80  1.04   .73  1.12   .51   .61   .88
% SE      5.65  5.14  7.37  8.96 10.30 11.47 11.25 11.78 11.79 10.94  7.35  6.02
MEAN      3.69  3.84  4.18  4.45  4.26  3.68  3.22  3.25  3.32  3.61  3.78  3.74
STD DEV   1.53  1.61  1.96  1.98  1.92  1.43  1.23  1.18  1.35  1.47  1.57  1.56
SKEW       .87   .67   .94   .79   .90  1.01   .93   .88  1.19  1.09   .87  1.09
% SSE     7.49  6.02  5.50  6.62  8.07  9.27  8.79  9.76 10.22 10.56  7.99  7.46
MEAN      4.36  4.28  4.55  4.94  4.77  4.21  3.90  3.97  4.17  4.41  4.32  4.37
STD DEV   1.77  1.75  1.91  1.97  2.02  1.57  1.48  1.59  1.71  1.79  1.69  1.67
SKEW       .69   .79   .69   .52   .83   .63   .83   .81   .71   .81   .75   .66
% S      12.54 10.76  9.14 10.32 13.41 15.53 14.10 16.30 16.38 16.29 13.88 12.80
MEAN      4.55  4.63  4.99  5.52  5.43  4.95  4.62  4.45  4.91  5.06  4.90  4.78
STD DEV   1.84  1.96  2.14  2.26  2.15  1.88  1.77  1.75  1.92  1.99  1.95  1.95
SKEW       .62   .84   .69   .48   .41   .53   .58   .65   .55   .68   .67   .61
% SSW     4.05  3.99  2.92  3.52  4.39  5.30  5.52  5.74  4.47  4.23  4.75  4.42
MEAN      4.62  4.90  4.81  5.96  5.79  5.05  4.68  4.57  4.74  5.00  5.00  4.41
STD DEV   1.98  2.32  2.03  2.67  2.48  1.94  1.86  1.78  2.00  1.90  2.26  1.83
SKEW       .73   .71   .46   .43   .35   .51   .60   .47   .66   .52   .78   .61
% SW      2.98  2.57  2.11  3.14  3.09  3.61  3.40  3.38  3.22  2.79  3.46  3.12
MEAN      4.11  4.47  4.40  6.13  5.75  4.75  4.19  4.07  4.25  4.81  4.69  4.29
STD DEV   1.85  2.21  2.12  2.66  2.68  1.98  1.70  1.75  1.82  2.08  2.21  1.90
SKEW       .81   .77   .62   .26   .50   .52   .53   .70   .60   .32  1.00   .75
% WSW     3.29  2.90  2.21  2.49  3.00  2.97  2.73  2.39  2.63  2.75  3.10  3.23
MEAN      4.26  4.35  4.52  5.84  5.17  4.63  3.90  4.15  4.56  5.31  4.69  4.27
STD DEV   1.84  1.85  2.12  2.79  2.29  1.82  1.57  1.74  2.12  2.48  2.04  1.78
SKEW       .71   .51   .74   .58   .53   .51   .81   .70   .70   .59   .78   .64
% W       6.71  5.20  4.91  4.51  4.20  3.96  3.31  2.87  3.37  4.28  6.26  6.30
MEAN      5.01  4.96  5.31  5.96  5.79  4.98  4.40  4.29  5.06  5.47  5.67  5.26
STD DEV   2.07  2.21  2.40  2.66  2.49  2.13  1.83  1.83  2.22  2.41  2.38  2.18
SKEW       .57   .91   .70   .53   .38   .62   .67   .71   .58   .55   .46   .67
% WNW     8.15  7.41  7.84  7.23  5.85  4.39  4.84  3.78  5.43  6.06  9.76  7.71
MEAN      5.65  5.51  5.76  6.59  6.35  5.36  5.01  4.57  5.41  5.94  6.69  5.77
STD DEV   2.41  2.32  2.40  2.71  2.71  2.11  1.96  1.89  2.07  2.38  2.40  2.36
SKEW       .45   .45   .44   .55   .32   .46   .38   .58   .34   .30   .19   .39
% NW     12.43 13.48 11.60 10.69  7.39  6.15  6.77  5.61  7.30  8.48 10.62 11.08
MEAN      5.65  5.51  5.63  6.60  5.99  5.19  5.03  4.83  5.38  6.12  6.51  5.57
STD DEV   2.51  2.31  2.40  2.63  2.50  2.12  2.08  1.98  2.06  2.51  2.57  2.26
SKEW       .51   .46   .44   .29   .35   .47   .58   .47   .35   .22   .21   .38
% NNW     9.66 10.30  9.31  8.22  6.04  5.06  5.72  5.13  5.81  7.88  8.31  9.50
MEAN      5.33  5.16  5.76  6.12  5.68  5.04  4.69  4.65  4.85  5.48  5.87  5.42
STD DEV   2.27  2.11  2.41  2.36  2.33  1.98  1.92  1.95  1.83  2.27  2.50  2.22
SKEW       .56   .61   .40   .24   .54   .47   .56   .55   .51   .61   .43   .47
CALM     11.75 12.94 10.90  7.53  8.08 10.03 12.60 12.08 10.31  9.06  8.07 10.81
 
INTERPOLATED DATA (station & weighting factor)
 
---Wind Stations---
LA CROSSE     WI     .758  ROCHESTER     MN     .131  EAU CLAIRE    WI     .111
---Solar Radiation and Max .5 P Stations---
 WI TREMPEALEAU DAM 1.000   WI GENOA DAM 8      .000   WI STRUM 4 S        .000 
---Dewpoint Stations---
WI LA CROSSE BRICE   .728  MN ROCHESTER         .146  WI EAU CLAIRE RGNL   .126 
---Time Peak Stations---
WI TREMPEALEAU DAM   .923  WI ALMA DAM 4        .039  WI STRUM 4 S         .038 
