 BUFFALO WY                              481165 0
 LATT=  44.35 LONG=-106.68 YEARS= 40. TYPE= 3
 ELEVATION = 4640. TP5 = 1.40 TP6= 2.32
 MEAN P    .09   .08   .12   .18   .25   .23   .22   .15   .23   .20   .13   .09
 S DEV P   .08   .10   .15   .25   .36   .36   .29   .18   .27   .24   .15   .13
 SKEW  P  1.53  4.27  2.61  3.19  2.84  4.46  2.37  2.67  2.92  2.36  2.03  3.67
 P(W/W)    .26   .34   .37   .39   .52   .41   .39   .31   .38   .36   .31   .25
 P(W/D)    .13   .13   .14   .20   .25   .24   .17   .15   .14   .15   .10   .12
 TMAX AV 36.21 38.75 47.46 56.11 65.12 75.87 85.41 83.92 73.15 59.31 45.41 37.00
 TMIN AV 11.78 14.85 22.58 31.12 39.88 49.08 56.45 53.88 43.86 32.57 21.24 12.86
 SD TMAX 13.99 13.73 13.40 13.14 11.77 10.86  8.27  8.21 12.30 13.33 14.07 13.92
 SD TMIN 13.32 12.38  9.90  8.58  7.67  7.17  5.64  6.28  8.35  8.45 10.89 12.69
 SOL.RAD  143.  228.  334.  416.  510.  556.  582.  507.  380.  247.  154.  124.
 SD SOL   12.8  22.9  30.3  41.0  52.7  39.5  44.2  28.4  18.5  18.4  22.7  15.5
 MX .5 P   .20   .20   .23   .25   .41   .68   .57   .33   .44   .28   .21   .20
 DEW PT  12.88 15.67 21.79 28.37 38.19 45.89 48.43 45.76 38.40 30.37 20.58 14.00
Time Pk   .620  .810  .850  .900  .910  .910  .980  .980  .980  .990  .990 1.000
% N       6.09  6.59  6.53  8.24  7.81  8.13  6.92  7.53  8.19  7.61  6.21  6.46
MEAN      3.61  3.83  4.11  4.50  4.23  4.03  3.69  3.74  3.85  3.59  3.96  3.86
STD DEV   1.91  2.06  2.26  2.40  2.20  2.09  1.90  1.96  2.13  1.95  2.22  1.93
SKEW       .97   .89   .91   .81   .96   .89  1.20   .96  1.04  1.46  1.02   .77
% NNE     3.01  3.31  3.66  3.98  3.98  4.02  3.79  4.13  5.08  3.81  2.12  2.11
MEAN      3.23  3.34  3.71  4.17  3.69  3.73  3.84  3.59  3.79  3.26  3.26  3.51
STD DEV   1.48  1.61  1.77  2.05  1.63  1.69  2.00  1.65  1.73  1.74  1.71  1.82
SKEW       .71   .97   .53   .82   .48   .48   .92   .74   .48  1.07   .86   .50
% NE      2.15  2.14  2.94  3.15  4.36  5.02  4.68  4.97  4.36  3.59  1.89  1.78
MEAN      2.51  2.57  2.95  3.22  3.49  3.36  3.18  3.18  3.14  2.68  2.69  2.23
STD DEV   1.08  1.28  1.45  1.55  1.63  1.67  1.57  1.52  1.56  1.29  1.28  1.03
SKEW       .64   .76   .76   .79   .59   .81   .63   .87   .83   .73   .92   .65
% ENE     1.19  1.37  2.44  2.10  3.34  3.52  2.96  3.04  2.32  2.08   .88  1.11
MEAN      2.20  2.87  3.11  3.42  3.64  3.70  3.19  3.54  3.38  2.76  2.22  2.91
STD DEV    .85  1.24  1.24  1.59  1.68  1.44  1.39  1.90  1.45  1.16   .94  1.26
SKEW       .32   .36   .21   .56   .65   .29   .75   .76   .42   .31   .16   .53
% E       1.67  2.12  3.06  4.20  6.45  5.64  5.48  5.69  4.23  3.13  1.61  1.85
MEAN      2.46  2.86  3.18  3.76  3.97  3.66  3.54  3.42  3.09  2.89  2.34  2.74
STD DEV   1.12  1.56  1.47  1.94  1.96  1.84  1.96  1.73  1.53  1.52  1.06  1.57
SKEW       .33   .83   .43   .58   .64   .62  1.01   .79   .72   .71   .69  1.09
% ESE     1.33  1.55  2.75  3.45  5.13  3.71  3.85  2.86  2.61  2.19  1.34  1.28
MEAN      2.73  2.91  3.68  4.10  4.54  4.06  3.82  4.03  3.56  3.24  2.85  3.05
STD DEV   1.66  1.34  1.86  2.10  2.18  2.13  1.98  2.07  2.00  1.59  1.33  1.72
SKEW       .92   .36   .92   .69   .50   .84   .67   .67   .82   .80   .54  1.18
% SE      3.24  3.52  4.30  4.80  6.12  4.83  5.61  4.89  4.12  3.91  3.27  2.97
MEAN      2.89  2.69  3.59  4.03  4.39  3.87  3.71  3.54  3.45  3.32  3.19  2.86
STD DEV   1.66  1.29  2.00  2.14  2.51  2.30  2.13  2.04  2.09  2.07  1.54  1.59
SKEW       .99   .56   .79   .36   .79  1.04  1.35   .97   .87  1.06   .69   .90
% SSE     5.28  5.49  5.55  6.63  5.92  5.94  7.22  6.42  6.08  5.79  5.49  5.30
MEAN      2.90  2.52  3.55  4.38  4.39  4.03  3.72  3.97  3.92  3.15  2.92  2.97
STD DEV   1.21  1.31  1.94  2.73  2.53  2.32  2.23  2.55  2.20  1.75  1.26  1.34
SKEW      1.65   .83   .93  1.12  1.07  1.15  1.28  1.28  1.02  1.33   .80   .65
% S       7.84  6.95  6.61  6.00  5.69  6.17  8.36  7.93  7.21  8.26  8.31  8.17
MEAN      2.64  2.33  2.94  3.52  3.58  3.46  3.28  3.36  3.45  3.10  2.74  2.92
STD DEV   1.17  1.00  1.54  2.01  2.09  1.77  1.89  1.74  1.83  1.63  1.23  1.28
SKEW       .49   .50   .79  1.03  1.19   .87  1.32   .95   .71   .63   .64   .60
% SSW     7.56  6.49  4.92  4.32  4.72  5.02  5.76  5.87  4.58  6.42  6.56  6.28
MEAN      3.32  3.57  3.27  4.14  4.06  3.97  4.12  3.91  3.75  3.72  3.42  3.82
STD DEV   1.88  2.44  1.77  2.05  2.17  2.13  2.22  2.30  2.00  2.14  2.02  2.47
SKEW      1.84  1.01   .96   .84   .94   .94  1.06   .77   .96  1.14   .80   .88
% SW      7.61  7.00  4.42  3.59  3.46  4.37  4.88  4.99  4.32  4.99  6.39  7.57
MEAN      5.34  4.59  4.20  4.06  4.11  3.90  3.54  3.83  3.66  4.06  4.16  4.91
STD DEV   3.57  2.51  2.30  2.46  2.15  2.20  1.87  2.20  2.22  2.97  2.80  3.37
SKEW      2.04  1.67  1.62  1.12   .90  1.21  1.17  1.12  1.52  1.56  1.86  1.84
% WSW    11.43 12.55  9.31  7.56  5.84  5.98  5.64  5.66  5.76  8.80 11.47 11.35
MEAN      5.30  5.64  5.00  4.99  4.68  4.61  4.05  4.24  4.17  4.62  5.07  5.25
STD DEV   3.00  3.17  2.61  2.48  2.41  2.81  2.15  2.38  2.16  2.73  3.29  3.25
SKEW      1.05  1.05   .78   .81  1.26  1.37  1.05   .98   .95  1.03  1.36  1.64
% W       7.43  7.04  7.11  7.78  6.79  6.69  6.43  7.38  7.04  6.78  9.49  8.36
MEAN      4.32  4.13  4.19  4.25  4.24  3.73  3.76  3.77  3.91  3.94  3.99  4.23
STD DEV   2.29  2.07  2.06  2.15  2.15  1.71  1.81  1.85  1.96  1.97  2.04  2.24
SKEW       .92   .87   .95   .96   .85   .71   .77   .90   .73   .97  1.10  1.08
% WNW     7.92  8.77  8.73  9.12  8.23  8.03  6.29  6.52  7.15  7.39  9.02  9.11
MEAN      4.92  4.94  5.39  6.06  5.50  4.85  4.81  4.69  4.94  5.32  5.36  5.45
STD DEV   2.65  2.57  2.86  3.60  2.94  2.52  2.68  2.55  2.68  3.30  2.97  2.99
SKEW       .58   .55   .80  1.32   .87   .80  1.05   .86   .63  1.07   .78   .76
% NW     10.07  9.98 11.95 11.77  9.96  9.58  8.18  7.82 10.30  9.40 10.89 10.45
MEAN      4.98  5.03  5.65  6.07  5.74  4.96  5.24  4.62  5.35  5.14  5.66  5.67
STD DEV   2.88  2.80  2.99  3.03  3.08  2.64  3.35  2.70  2.91  3.22  3.17  3.26
SKEW       .77   .60   .64   .36   .57   .76  1.49  1.06   .62   .88   .59   .59
% NNW     7.87  7.44  8.90  7.84  6.24  6.49  6.25  5.38  6.93  6.28  6.61  6.48
MEAN      4.40  4.24  5.34  5.68  4.84  4.73  4.69  4.50  4.69  4.68  4.83  4.91
STD DEV   2.54  2.40  3.02  3.03  2.71  2.44  2.48  2.64  2.54  3.01  2.75  2.70
SKEW       .97   .96   .91   .48   .59   .69   .76  1.06   .70  1.24   .80   .74
CALM      8.32  7.64  6.75  5.51  5.90  6.82  7.75  8.89  9.77  9.65  8.40  9.46
 
INTERPOLATED DATA (station & weighting factor)
 
---Wind Stations---
SHERIDAN      WY     .593  MOORCRAFT     WY     .219  CASPER/WARD.  WY     .189
---Solar Radiation and Max .5 P Stations---
 WY BUFFALO         1.000   MT LODGE GRASS      .000   WY MOORCROFT        .000 
---Dewpoint Stations---
WY SHERIDAN CO AP    .670  WY CASPER NATRONA C  .210  SD ELLSWORTH AFB     .120 
---Time Peak Stations---
WY BUFFALO          1.000  MT LODGE GRASS       .000  WY MOORCROFT         .000 
