 POZOTH El Pozo TF           0  76 0
 LATT= 28.20 LONG= -16.76 YEARS=  22. TYPE= 3
 ELEVATION = 2297. TP5 = 1.37 TP6= 2.56
MEAN P    .16   .34   .21   .12   .03   .03   .02   .08   .11   .17   .16   .32
S DEV P   .28   .57   .35   .25   .06   .07   .03   .19   .32   .41   .29   .67
SKEW  P  2.49  3.24  3.01  3.28  4.99  5.23  3.18  4.80  4.61  4.15  3.24  4.57
P(W/W)    .45   .48   .48   .42   .37   .37   .17   .28   .38   .32   .47   .51
P(W/D)    .08   .11   .09   .10   .07   .08   .04   .04   .10   .14   .11   .10
TMAX AV 64.77 64.15 66.02 66.94 69.55 72.69 80.35 81.87 76.53 74.55 70.39 66.61
TMIN AV 53.64 52.59 53.89 54.80 56.88 59.52 64.89 66.50 63.21 62.12 58.82 55.32
SD TMAX  5.00  5.96  6.36  6.11  6.05  6.65  8.76  8.55  5.66  5.85  5.60  4.56
SD TMIN  3.98  5.43  5.03  4.78  4.73  4.90  7.60  7.11  4.72  5.27  4.84  4.61
SOL.RAD  292.  335.  423.  459.  500.  510.  604.  542.  407.  346.  286.  267.
SD SOL   97.7 127.0 148.1 172.3 190.7 201.9 152.9 142.5 148.0 124.3 102.5  92.0
MX .5 P   .10   .25   .16   .09   .02   .03   .01   .04   .07   .13   .13   .20
DEW PT  44.84 45.90 47.95 50.59 53.18 56.82 58.46 59.82 59.61 56.24 51.37 46.83
Time Pk   .066  .216  .366  .411  .458  .507  .856  .890  .933  .976  .998 1.000
% N       7.68 10.62 11.83  9.37  2.46  2.06  4.40  4.11  1.52  2.79  4.07  7.68
MEAN      2.19  2.11  2.17  1.60  1.75  1.10  1.05  1.03  1.03  1.87  2.12  2.22
STD DEV    .71   .90  1.03   .64  1.04   .10   .15   .61   .14   .61   .89   .97
SKEW      1.95  1.74  1.52  1.69  2.85   .54   .43  1.20  1.29  1.90  1.57  1.33
% NNE     8.60  4.89  2.30  3.33  1.84  1.43   .46   .44   .61  2.93  5.16  9.68
MEAN      2.05  2.40  2.09  1.73  1.49  1.25  2.03  1.18  1.27  1.47  1.80  1.99
STD DEV    .49   .70   .52   .40   .52   .21  1.54   .49   .23   .64   .39   .62
SKEW       .02  1.06   .35   .22  2.84  1.70  1.28  1.64   .34   .72  -.20  1.22
% NE     12.60  3.88  3.07  1.75  3.07  1.27   .46  2.05   .91  3.23  5.95 14.90
MEAN      2.07  2.34  1.82  1.66  1.43  1.27  1.73  1.19  1.21  1.61  1.81  2.09
STD DEV    .50   .80   .38   .31   .35   .22   .93   .60   .30   .52   .39   .49
SKEW      -.23  1.75  -.78  -.63  1.63   .87  1.39  2.05   .87  -.35   .60  3.26
% ENE    15.67  9.44  2.92  1.11  2.15   .79   .46   .29  1.21  3.81 13.30 15.67
MEAN      2.01  2.25  1.95  1.90  1.62  1.46  2.01  1.82  1.89  1.82  1.93  2.08
STD DEV    .42   .78   .34   .46   .37   .60  1.74   .54   .45   .49   .37   .59
SKEW       .07  4.46  -.38  -.91   .95   .56  1.73   .00   .55   .58   .32  3.49
% E      14.44 13.49  3.38  1.75   .46   .16   .61   .15  2.42  5.87 14.08 15.82
MEAN      2.37  2.46  2.32  2.27  1.47   .98  2.10   .12  1.62  1.82  1.97  2.15
STD DEV   1.18  1.04   .99  1.19   .23   .00  1.02   .00   .40   .69   .63   .68
SKEW      2.66  2.79  2.43  2.46  1.49   .00  -.26   .00  -.25  2.37  3.36  2.40
% ESE    14.13 12.14  7.22  2.86  1.54  1.43   .46   .29  1.97  9.97 15.81 14.44
MEAN      2.30  2.28  2.32  2.54  1.67  1.99  1.78  1.43  1.66  1.92  1.95  2.34
STD DEV   1.06   .89   .93  1.10   .37   .77   .85   .78   .30   .59   .77  1.30
SKEW      1.92  2.68  3.43  2.24   .11   .28   .66   .00  -.61  1.05  2.68  2.22
% SE      6.61 10.79 11.37  8.25  2.61  1.43   .91  1.32  4.70  9.24 11.74  6.45
MEAN      2.18  2.03  2.05  2.29  1.79  1.65  1.88  1.65  1.57  1.78  1.92  2.22
STD DEV   1.29  1.03   .53  1.16   .35   .24   .57   .33   .41   .43   .90  1.09
SKEW      2.70  2.61  2.19  2.95  -.05  -.28  2.07   .49  1.44  1.59  3.86  1.80
% SSE     3.69  8.43 12.60 12.70 14.13 11.59  7.74  5.28 12.12 11.29  8.14  3.53
MEAN      2.16  1.83  1.98  1.88  1.71  1.55  1.49  1.45  1.49  1.54  1.63  2.06
STD DEV   1.41   .72   .71   .46   .36   .26   .24   .26   .30   .44   .42  1.03
SKEW      2.15  3.75  3.61   .91   .99  -.06  -.17  -.45   .64  1.86   .97  1.76
% S       2.15  7.25  9.68 14.60 22.27 24.76 24.89 24.49 20.76 11.58  4.54  1.38
MEAN      1.64  2.06  1.65  1.69  1.54  1.51  1.42  1.39  1.45  1.43  1.31  2.45
STD DEV    .84  1.36   .50   .41   .28   .27   .25   .24   .28   .37   .33  1.59
SKEW      2.34  1.76   .10  2.12   .03   .23  -.22   .54  -.15   .96  -.02  1.11
% SSW     1.69  3.37  9.22 11.90 17.36 25.87 25.04 23.90 19.39  8.94  3.44   .92
MEAN      1.81  1.71  1.59  1.64  1.51  1.42  1.30  1.29  1.37  1.47  1.35  1.31
STD DEV    .79   .91   .48   .35   .30   .24   .23   .23   .26   .41   .38   .59
SKEW      2.27  2.69   .31   .98   .06   .44   .20   .07   .77  1.32  1.35  2.09
% SW       .92  2.02  4.76  9.84 11.83 12.86 18.97 19.94 15.61  7.62  1.88   .61
MEAN      1.47  1.61  1.58  1.66  1.56  1.34  1.22  1.26  1.36  1.35  1.35  1.19
STD DEV    .65   .35   .38   .50   .36   .24   .21   .23   .25   .31   .18   .34
SKEW      1.60   .79  1.94  2.54  1.80   .12   .65   .40   .93  -.75  -.49  1.88
% WSW      .92  1.01  3.53  7.46  8.76 10.32 12.75 12.46 10.76  3.96  1.10   .15
MEAN      1.70  2.42  1.71  1.69  1.54  1.37  1.20  1.23  1.41  1.40  1.64   .88
STD DEV    .40  1.34   .45   .35   .38   .33   .22   .18   .28   .40   .40   .00
SKEW      -.09   .56  1.14   .42  1.04  1.49  1.43   .20   .77   .95  1.38   .00
% W        .77  1.35  3.07  5.08  6.14  4.13  2.28  2.93  5.00  4.40  1.10   .77
MEAN      1.46  1.65  2.07  1.94  1.87  1.57  1.22  1.33  1.47  1.43  1.49  1.77
STD DEV    .36   .71   .58   .56   .54   .41   .29   .38   .26   .37   .63   .32
SKEW      -.28   .49   .42   .88   .26   .62   .58  1.88  -.10   .17  1.04  1.82
% WNW     1.23  3.04  4.92  6.35  2.76  1.75   .30  1.32  1.67  5.72  2.50   .77
MEAN      2.35  2.75  2.60  2.70  2.18  1.87  1.49  1.60  1.51  1.86  1.83  1.45
STD DEV   1.16  1.26   .97   .82   .57   .56   .13   .63   .38   .46   .85   .32
SKEW      1.24  1.77  1.68  1.22  -.04  1.26   .00  1.76  -.09  -.04  1.91   .68
% NW      2.15  3.20  5.38  2.86  1.84   .16   .15   .88  1.21  5.87  4.38  2.00
MEAN      2.20  3.04  2.96  2.81  2.68  1.66  1.85  1.93  1.99  2.07  2.61  2.26
STD DEV    .79  1.10  1.31   .62   .69   .00   .00  1.07   .79   .62  1.29  1.13
SKEW       .10   .09   .62   .03  -.03   .00   .00  1.46  1.43   .56  1.51  2.37
% NNW     5.68  5.06  4.76   .79   .77   .00   .15   .15   .15  2.79  2.82  5.22
MEAN      2.36  2.73  2.49  2.97  3.04   .00  1.62  1.31  1.95  1.96  3.02  2.17
STD DEV    .76  1.20   .74  1.69  1.29   .00   .00   .00   .00   .31  1.12   .64
SKEW      1.18  2.32  1.07  1.69  1.01   .00   .00   .00   .00   .15  1.10  1.04
CALM       .00   .84   .77   .00   .00   .00   .00   .73   .00   .29   .00   .00

# Author: AAguiarMartin and JNerisTome

INTERPOLATED DATA (station & weighting factor)
 
---Wind Direction Stations---
GUIAIS01 (AgroCabildo)                       1

