 ARAYA Araya TF           0  96 0
 LATT= 28.37 LONG= -16.40 YEARS=  15. TYPE= 3
 ELEVATION = 1722. TP5 = 2.17 TP6= 5.27
MEAN P    .19   .39   .28   .14   .10   .05   .02   .12   .35   .23   .27   .30
S DEV P   .49   .97   .46   .22   .20   .08   .03   .27   .98   .53   .84   .72
SKEW  P  4.43  5.40  2.50  3.16  3.38  3.41  2.74  3.50  4.73  4.26  5.74  3.76
P(W/W)    .51   .49   .56   .55   .29   .28   .38   .26   .47   .57   .51   .46
P(W/D)    .14   .13   .10   .11   .09   .04   .01   .03   .08   .12   .18   .12
TMAX AV 68.17 67.67 69.11 70.05 73.74 77.66 83.82 84.82 79.50 77.99 73.25 69.57
TMIN AV 53.24 52.64 53.29 54.70 57.47 60.63 65.74 67.29 63.95 62.65 58.94 55.52
SD TMAX  4.49  5.48  5.70  5.81  6.18  6.14  6.43  6.53  4.88  6.05  5.35  4.19
SD TMIN  3.06  3.55  3.45  3.75  4.36  4.24  5.50  4.83  3.00  4.24  3.68  3.02
SOL.RAD  324.  407.  492.  509.  593.  630.  695.  622.  479.  377.  302.  280.
SD SOL  120.5 260.6 362.6 203.2 236.8 205.4 114.8 148.2 293.9 174.5 192.6  97.4
MX .5 P   .11   .16   .17   .10   .05   .03   .01   .10   .15   .17   .13   .18
DEW PT  45.98 45.73 47.48 50.18 51.23 54.97 54.72 56.66 59.56 56.69 52.93 48.59
Time Pk   .081  .226  .406  .480  .540  .596  .851  .900  .948  .983  .995 1.000
% N      12.73 16.71 10.70 10.89  6.70  2.68  1.29  4.09  2.69  9.48 16.12 18.43
MEAN      1.26  1.54  1.70  1.48  1.33  1.17  1.07  1.04  1.46  1.11  1.37  1.17
STD DEV    .70   .80  1.45   .90   .68   .56   .34   .27   .93   .52   .87   .58
SKEW      2.53  1.09  3.31  1.53   .84   .92  -.20   .17   .96  1.50  2.30  2.66
% NNE     6.25  3.80  3.95  4.00  2.81  1.79   .22  1.08   .90  5.82  5.84  6.68
MEAN      1.29  1.53  1.64  1.69  1.22  1.26  1.36   .84   .61   .86   .92  1.01
STD DEV    .56   .73   .88  1.23   .48   .26   .00   .24   .14   .34   .24   .33
SKEW      1.83  1.97  1.22  1.82   .33  2.10   .00   .67  -.54   .47  -.67   .53
% NE      2.08  1.52  1.86   .89  1.30   .45   .43   .22   .45  4.31  2.57  2.76
MEAN      1.12  2.34  1.17   .81   .78  1.12   .66   .94   .72   .79   .93  1.04
STD DEV    .26  1.95   .32   .29   .29   .15   .06   .00   .17   .27   .24   .21
SKEW      -.04  1.13   .78   .76  -.02   .00   .00   .00   .00  1.04  -.39  -.07
% ENE     1.16   .76   .47   .89  1.94   .00   .00   .22   .67  1.29  1.40  1.84
MEAN      1.07  1.31   .92  1.04   .80   .00   .00   .73   .84   .76  1.14  1.03
STD DEV    .30   .38   .20   .39   .27   .00   .00   .00   .50   .23   .31   .33
SKEW       .38  1.71   .00 -1.79   .73   .00   .00   .00 -1.46   .30  -.42   .84
% E       1.16   .76   .70   .89   .22   .22   .43   .00   .45   .00   .93   .69
MEAN       .86  1.04   .89   .93  1.08   .74   .74   .00   .84   .00   .99   .76
STD DEV    .24   .46   .24   .25   .00   .00   .11   .00   .27   .00   .21   .17
SKEW       .51 -1.33  1.58  -.30   .00   .00   .00   .00   .00   .00 -1.69  1.54
% ESE     1.85  1.27   .93  1.11   .65   .67   .43   .00   .22  1.08   .47  1.61
MEAN      1.03   .71  1.27  1.19   .86  1.18  1.16   .00   .72   .87  1.06   .88
STD DEV    .39   .33   .15   .31   .18   .06   .08   .00   .00   .11   .07   .33
SKEW       .29   .87 -1.68 -1.62 -1.55 -1.63   .00   .00   .00  -.30   .00  -.34
% SE      1.16   .76  2.79  2.44   .65  1.12   .65   .22  1.35   .43  1.40   .69
MEAN      1.03  1.35  1.19   .87   .80  1.15   .87   .64  1.01   .85  1.06  1.27
STD DEV    .59   .22   .47   .39   .27   .16   .18   .00   .24   .18   .39   .50
SKEW      1.20  1.44   .21  1.67  1.51 -1.31   .91   .00   .22   .00   .46 -1.38
% SSE     3.01  3.04  6.05  8.22  7.99  7.81  4.52  3.88  3.81  5.17  2.57   .69
MEAN       .98  1.22  1.18  1.09   .95  1.05  1.04   .99  1.05   .95  1.04   .97
STD DEV    .28   .58   .43   .25   .32   .29   .24   .28   .30   .24   .27   .11
SKEW      -.01   .68  1.71  -.53  -.24  -.02  -.56  -.46  -.80  -.20  -.78 -1.37
% S       1.39  5.57 10.47 14.89 19.01 24.33 23.87 24.57 23.77 11.42  3.97  3.00
MEAN      1.31  1.28  1.18  1.07  1.00   .95   .99  1.06  1.02   .97  1.09  1.33
STD DEV    .42   .45   .39   .39   .33   .35   .30   .28   .33   .30   .53   .76
SKEW     -1.34  -.21   .36  -.01   .34   .31  -.12  -.16  -.07   .29   .30   .08
% SSW     4.86  7.85  8.37 12.89 13.39 18.08 22.15 21.55 16.59  9.48  6.54  4.15
MEAN      1.18  1.51  1.35  1.30  1.19  1.10  1.03  1.05  1.13  1.19  1.34  1.43
STD DEV    .57   .39   .45   .49   .46   .40   .35   .39   .43   .36   .41   .44
SKEW       .27   .58   .31  -.06   .44   .22   .01   .41   .50   .06   .20   .12
% SW      9.03 10.38  9.30  8.22 10.37 11.61 12.26 11.21 13.90 10.34  9.58  7.14
MEAN      1.47  1.51  1.37  1.43  1.45  1.17  1.08  1.12  1.16  1.25  1.32  1.28
STD DEV    .43   .46   .41   .42   .39   .38   .30   .33   .44   .40   .48   .44
SKEW      -.27  -.82   .32   .04  -.36   .88  -.27   .05   .28   .13   .21   .09
% WSW     9.49  7.85  8.37  6.44  7.13 11.16 12.04 12.28  7.40  7.33  6.78  4.38
MEAN      1.39  1.40  1.33  1.37  1.45  1.28  1.16  1.14  1.27  1.32  1.30  1.26
STD DEV    .42   .53   .44   .40   .42   .31   .34   .30   .35   .41   .43   .47
SKEW      -.52   .14   .04  -.45  -.06  -.59  -.21  -.31  -.60  -.01  -.69  -.01
% W       6.94  6.08  6.28  4.00  6.26  6.92  8.60  8.19  9.64  6.25  5.14  6.91
MEAN      1.42  1.40  1.23  1.28  1.41  1.40  1.21  1.22  1.18  1.27  1.46  1.46
STD DEV    .37   .53   .36   .40   .32   .34   .28   .36   .35   .44   .44   .30
SKEW      -.42   .62   .57   .39  -.80  -.60  -.53   .09  -.23   .21  -.44  -.30
% WNW     8.10  5.06  5.81  3.33  5.18  5.58  6.67  5.39  7.17  6.47  3.97  4.84
MEAN      1.38  1.35  1.44  1.14  1.46  1.43  1.33  1.23  1.36  1.38  1.45  1.40
STD DEV    .37   .31   .46   .43   .33   .30   .30   .41   .32   .42   .38   .41
SKEW      -.14  -.01   .55  -.22  -.67 -1.09  -.74  -.22  -.76   .06  -.31  -.39
% NW     11.81  9.62  8.14  8.22  5.62  4.46  3.87  2.80  6.95 11.64  9.81 13.13
MEAN      1.32  1.35  1.35  1.45  1.52  1.52  1.30  1.21  1.39  1.33  1.34  1.41
STD DEV    .39   .46   .63   .53   .34   .40   .38   .40   .57   .44   .36   .38
SKEW      -.17  -.18  1.30   .42  -.34  -.08  -.71   .29   .13   .45   .21  -.03
% NNW    18.98 18.99 15.81 12.67 10.37  3.12  2.15  3.23  4.04  9.48 22.90 22.58
MEAN      1.42  1.61  1.63  1.79  1.64  1.65  1.52  1.39  1.61  1.34  1.39  1.36
STD DEV    .50   .79   .79   .84   .87   .62   .87   .49   .77   .49   .57   .47
SKEW       .64  1.17  1.31   .93   .98   .17  2.52   .71   .72   .55  2.10  1.69
CALM       .69  1.77   .23  2.89  3.02  3.12  2.15  1.72  3.59  2.80  3.27  1.84

# Author: AAguiarMartin and JNerisTome

