 SUERTETH La Suerte TF           0  69 0
 LATT= 28.37 LONG= -16.54 YEARS=  22. TYPE= 3
 ELEVATION = 1808. TP5 = 1.29 TP6= 4.61
MEAN P    .23   .31   .26   .20   .11   .08   .03   .06   .10   .23   .33   .27
S DEV P   .38   .48   .36   .35   .26   .17   .04   .12   .23   .42   .60   .50
SKEW  P  4.16  2.78  2.22  3.43  5.35  4.42  2.21  4.13  4.36  4.08  3.52  4.18
P(W/W)    .57   .56   .61   .56   .47   .46   .34   .37   .36   .56   .62   .54
P(W/D)    .16   .23   .19   .22   .18   .14   .08   .09   .16   .19   .21   .15
TMAX AV 63.33 62.24 63.15 64.34 65.96 68.63 71.53 73.41 72.71 72.08 68.43 65.40
TMIN AV 52.66 51.85 52.41 53.51 54.96 57.70 60.62 62.22 62.11 61.09 57.78 54.76
SD TMAX  4.61  5.02  5.54  5.63  4.58  4.27  5.73  5.54  4.29  5.25  5.21  4.56
SD TMIN  3.28  3.49  3.64  3.83  2.99  2.74  3.39  3.29  2.86  3.88  3.86  3.27
SOL.RAD  244.  264.  316.  343.  348.  366.  388.  366.  301.  269.  225.  224.
SD SOL   85.8 108.5 133.8 153.8 170.8 170.4 179.1 164.1 131.6 108.5  87.6  79.1
MX .5 P   .13   .18   .17   .12   .07   .05   .02   .04   .06   .13   .19   .14
DEW PT  45.85 47.26 49.35 51.22 53.60 57.14 59.77 61.12 59.99 57.40 52.61 47.97
Time Pk   .089  .252  .399  .460  .528  .573  .821  .871  .918  .960  .984 1.000
% N        .61   .51  2.00  3.49  8.14 13.02 16.79 14.08  5.61  1.91   .00   .15
MEAN      2.03  2.54  1.69  1.43  1.43  1.28  1.22  1.18  1.04   .95   .00  1.70
STD DEV    .67   .67   .61   .23   .33   .29   .29   .30   .45   .46   .00   .00
SKEW      1.64  1.66  1.09   .43   .39   .31  -.48  -.39  -.87 -1.56   .00   .00
% NNE    11.67  9.11  7.99 12.86 20.12 26.03 36.58 32.26 19.85  7.77  5.32  5.22
MEAN      2.10  1.98  1.82  1.69  1.57  1.42  1.41  1.31  1.39  1.38  1.70  1.92
STD DEV    .28   .28   .43   .44   .33   .31   .26   .25   .37   .37   .28   .35
SKEW       .08   .73   .25  3.80   .06  -.04   .32  -.09 -1.14  -.89   .25 -1.51
% NE      2.46  7.42 13.21 16.51 27.80 31.11 31.78 30.50 20.76 14.52  7.51  5.99
MEAN      2.07  2.11  1.83  1.73  1.67  1.59  1.48  1.49  1.49  1.47  1.71  2.04
STD DEV    .36   .29   .31   .33   .31   .29   .28   .24   .33   .33   .32   .48
SKEW       .07   .26  -.17   .00  -.41  -.03  -.22   .20  -.50  -.25 -1.05   .76
% ENE     2.92 10.29 18.13 20.79 17.36 14.29  7.95 10.26 16.67 10.56  7.36  3.23
MEAN      1.97  2.02  1.94  1.89  1.71  1.58  1.55  1.60  1.63  1.52  1.62  1.86
STD DEV    .52   .40   .30   .30   .28   .31   .31   .23   .24   .26   .34   .51
SKEW      1.30  1.69  -.17   .08   .35  -.16   .47   .53  -.19   .13  -.12   .57
% E      12.44 12.48 11.52 10.79  7.99  5.56   .90  2.64 11.52 15.98 13.46  9.06
MEAN      1.97  2.05  1.96  1.88  1.81  1.65  1.73  1.59  1.65  1.65  1.64  1.87
STD DEV    .33   .52   .31   .32   .28   .30   .45   .36   .28   .30   .27   .38
SKEW       .45  3.65   .06  -.38   .04   .44 -2.31  -.71  -.13   .54   .27  1.59
% ESE    13.98  9.78 11.06 11.59  4.15  2.06   .30  1.47  9.09 12.02 13.46 12.29
MEAN      1.95  2.00  2.02  1.88  1.67  1.40  1.76  1.33  1.66  1.60  1.70  1.90
STD DEV    .31   .47   .55   .29   .30   .29   .36   .56   .25   .29   .27   .32
SKEW      1.28   .36  3.96  -.11  -.30  -.92   .00 -1.54   .07  -.41   .16  1.08
% SE     19.35 20.40 12.60  7.46  2.30   .79   .00   .15  5.76 18.18 19.87 24.27
MEAN      2.05  2.13  2.02  2.00  1.61  1.32   .00  2.14  1.58  1.64  1.78  1.99
STD DEV    .37   .45   .30   .44   .27   .26   .00   .00   .32   .31   .31   .38
SKEW       .02  2.03   .09  1.03  -.16   .96   .00   .00 -1.21  -.81   .35   .77
% SSE    26.27 17.88  7.83  5.24  3.38   .79   .00   .29  3.18  9.97 23.00 31.95
MEAN      2.05  2.11  2.01  2.00  1.81  1.34   .00   .88  1.50  1.70  1.77  2.00
STD DEV    .37   .47   .39   .53   .39   .09   .00   .17   .30   .27   .32   .36
SKEW      -.10  2.24   .67  2.81   .09  -.48   .00   .00  -.80  -.35   .09   .04
% S       8.14  5.90  5.53  3.17  1.23   .48   .15   .15  1.21  4.25  6.73  6.45
MEAN      1.90  2.03  2.01  1.93  1.66  1.87  1.68  1.77  1.39  1.62  1.69  2.07
STD DEV    .35   .39   .40   .42   .51   .27   .00   .00   .22   .32   .31   .48
SKEW       .39   .48   .85  1.56   .19  -.63   .00   .00 -1.83   .56  -.25   .95
% SSW     1.38  2.53  3.99  1.43   .77   .00   .00   .15  1.21  2.05   .94   .61
MEAN      2.19  2.12  1.84  2.08  1.48   .00   .00  1.59  1.31  1.53  1.89  2.18
STD DEV    .40   .61   .33   .28   .31   .00   .00   .00   .37   .41   .50   .95
SKEW      -.04   .35   .43  -.25   .17   .00   .00   .00   .62   .36  -.34   .00
% SW       .15  1.35  1.84  1.11   .46   .16   .30   .59   .30   .88  1.10   .31
MEAN      2.26  2.29  2.17  1.78  1.81  1.26  1.39  1.49  1.52  1.56  3.38  2.21
STD DEV    .00   .93   .60   .39   .67   .00   .01   .28   .13   .27  1.78   .02
SKEW       .00  1.97   .37   .81  1.65   .00   .00  1.02   .00  1.42   .74   .00
% WSW      .15   .67  2.15  1.11  1.38   .16   .15   .59   .30   .59   .16   .00
MEAN      3.25  3.45  2.89  1.93  1.73  1.67  2.10  1.54  1.16  1.37  2.58   .00
STD DEV    .00   .80  1.06   .54   .57   .00   .00   .70   .18   .46   .00   .00
SKEW       .00   .90  1.28  2.04  1.34   .00   .00   .60   .00   .95   .00   .00
% W        .15   .51  1.08   .95   .77   .48   .60  1.03  1.06   .44   .47   .00
MEAN      3.31  4.11  2.37  2.53  1.35  1.58  2.27  1.20  1.28  2.47  3.04   .00
STD DEV    .00  1.43   .57   .57   .37   .45  1.11   .37   .24  1.84   .75   .00
SKEW       .00 -1.12 -1.22   .20 -1.31   .13   .51  -.27  -.45   .83  -.20   .00
% WNW      .15   .34   .46  1.11   .92   .32   .60   .73   .76   .44   .47   .00
MEAN      3.67  3.41  2.36  1.66  1.62  1.61  1.14   .93  1.06  1.22  2.94   .00
STD DEV    .00   .29   .86   .41   .33   .46   .15   .56   .23   .13   .31   .00
SKEW       .00   .00 -1.01  1.23  -.90   .00  -.04 -1.36  -.00   .01 -1.58   .00
% NW       .00   .17   .31  1.59  1.54  1.59   .45  2.05   .61   .44   .00   .15
MEAN       .00  1.55  1.34  2.40  1.41  1.30  1.04  1.10  1.17  1.18   .00  2.69
STD DEV    .00   .00   .25  1.10   .32   .19   .28   .21   .22   .26   .00   .00
SKEW       .00   .00   .00   .76  -.06   .48   .35 -2.17  -.44 -1.64   .00   .00
% NNW      .00   .67   .31   .79  1.69  3.17  3.45  3.08  2.12   .00   .16   .31
MEAN       .00  2.67  2.14  1.51  1.32  1.19  1.17  1.14  1.13   .00  1.90  3.45
STD DEV    .00   .58   .37   .10   .32   .30   .20   .25   .29   .00   .00   .34
SKEW       .00  1.67   .00   .42  -.09   .71   .28   .08   .05   .00   .00   .00
CALM       .00   .00   .00   .00   .00   .00   .15   .73  1.52   .73   .00   .00

# Author: AAguiarMartin and JNerisTome

INTERPOLATED DATA (station & weighting factor)
 
---Wind Direction Stations---
OROTAV01 (AgroCabildo)                       1

