 REDONTH Redondo TF           0  73 0
 LATT= 28.35 LONG= -16.70 YEARS=  22. TYPE= 3
 ELEVATION = 1722. TP5 = 1.83 TP6= 4.13
MEAN P    .21   .27   .24   .16   .08   .07   .03   .06   .09   .20   .32   .26
S DEV P   .33   .45   .42   .33   .17   .11   .04   .14   .22   .40   .64   .50
SKEW  P  3.09  3.07  3.33  4.00  5.63  3.51  1.37  4.14  5.57  4.24  3.65  3.97
P(W/W)    .59   .64   .61   .59   .49   .49   .46   .42   .42   .55   .65   .58
P(W/D)    .16   .26   .22   .24   .20   .19   .08   .10   .18   .22   .23   .17
TMAX AV 63.77 62.89 64.20 65.50 67.26 70.47 74.97 76.22 74.55 73.13 68.93 65.58
TMIN AV 47.36 47.15 48.18 49.46 51.43 54.39 57.71 59.42 58.43 56.70 53.12 49.62
SD TMAX  4.98  5.57  6.14  6.20  5.42  5.16  6.47  5.77  5.02  5.77  5.79  4.77
SD TMIN  3.19  3.47  3.59  4.21  3.71  3.56  4.35  3.95  3.51  3.94  3.87  3.44
SOL.RAD  236.  255.  323.  356.  375.  387.  436.  414.  319.  268.  220.  210.
SD SOL   94.1 111.9 145.8 154.7 175.3 180.4 184.1 265.5 132.1 106.9  82.8  74.5
MX .5 P   .12   .14   .15   .10   .05   .04   .02   .03   .05   .12   .19   .15
DEW PT  45.49 46.83 48.59 50.16 52.68 56.29 58.44 59.65 59.28 56.62 52.31 48.05
Time Pk   .099  .279  .443  .504  .556  .592  .858  .901  .943  .974  .992 1.000
% N       5.42  1.86  2.15  3.17  4.45  3.97  2.92  3.49  1.25  4.69  5.63  7.68
MEAN      1.28  1.22  1.19  1.09   .92   .62   .77   .30  1.02   .85  1.07  1.27
STD DEV    .19   .12   .27   .22   .20   .45   .34   .48   .24   .44   .36   .24
SKEW      -.02  -.34   .49  -.30   .33  -.32 -1.29  1.25   .07 -1.21 -1.86   .22
% NNE     2.17  3.04  8.31  9.84  7.99  6.67  7.07  8.10  8.31  5.57  2.82   .77
MEAN      1.08  1.10  1.14  1.03  1.01   .89   .92  1.00  1.00  1.06   .98  1.35
STD DEV    .43   .14   .30   .24   .22   .20   .16   .23   .19   .23   .16   .27
SKEW      1.13  -.21  2.00   .72  -.31   .27  -.35 -2.28  -.00  -.12  1.34  1.05
% NE      4.02  3.55  6.15  3.97  4.92  8.57  5.84  7.62  6.43  5.72  3.44  3.23
MEAN       .97  1.13  1.04  1.06   .90   .73   .74   .81   .89   .98  1.07  1.00
STD DEV    .16   .14   .27   .43   .30   .22   .22   .32   .22   .14   .17   .45
SKEW       .23  -.54   .98  1.89   .53  -.21   .57  -.29  -.37  -.11   .66  3.41
% ENE     4.18  5.24  9.23 18.10 23.04 23.97 30.88 31.27 17.71  5.43  2.03  4.76
MEAN       .99  1.06   .94   .90   .88   .80   .79   .79   .89   .89   .81   .92
STD DEV    .22   .31   .26   .19   .19   .24   .22   .23   .21   .16   .30   .19
SKEW      -.06  1.26   .75   .60  -.06  -.67  -.45  -.45   .03  -.57  -.01   .04
% E       7.74 15.37 20.15 23.02 25.50 27.62 28.73 25.87 29.78 17.01  8.76  9.37
MEAN       .92   .95   .96   .97   .93   .85   .82   .90   .97   .94   .83   .92
STD DEV    .22   .19   .19   .19   .19   .21   .22   .22   .19   .18   .16   .19
SKEW       .96  -.06   .21   .05  -.27  -.00  -.42  -.11  -.03  -.62  -.06   .18
% ESE    19.50 22.64 16.31  7.30  3.07  2.70   .46  1.75  9.87 15.40 21.13 13.82
MEAN      1.01  1.06  1.07  1.03   .94   .69   .90   .97  1.06   .98   .93   .98
STD DEV    .23   .28   .21   .20   .32   .18   .10   .21   .17   .21   .17   .25
SKEW       .84  1.55  -.03   .29   .09  -.79  1.61  -.89  -.62  -.23   .07  1.66
% SE     11.46  9.80  4.46  2.06  1.69   .79   .00   .16  1.25  7.48 11.74 13.21
MEAN      1.15  1.19  1.06  1.26   .91   .72   .00  1.28   .99  1.04  1.01  1.09
STD DEV    .24   .27   .25   .80   .19   .17   .00   .00   .14   .18   .21   .25
SKEW      -.23   .18   .97  3.33  -.04  -.21   .00   .00   .70  -.08  -.00  -.57
% SSE    10.99  7.09  1.69  1.90   .31   .32   .31   .16  1.72  5.28  9.55 10.14
MEAN      1.18  1.17  1.08  1.18  1.05   .60   .95  1.18   .99  1.09  1.03  1.15
STD DEV    .27   .30   .25   .79   .35   .24   .04   .00   .21   .19   .22   .39
SKEW      -.10   .52   .72  2.56   .00   .00   .00   .00 -1.53  -.40   .05  1.18
% S      10.06  5.57  2.77  1.75   .77   .63   .46   .16   .94  3.08  6.89  9.98
MEAN      1.21  1.14  1.14  1.17  1.04   .83   .85   .77  1.05  1.09  1.13  1.15
STD DEV    .28   .36   .25   .47   .29   .24   .23   .00   .34   .20   .34   .28
SKEW       .24  1.81   .37  2.08   .42  -.19   .58   .00 -1.43  -.42  1.91   .71
% SSW     4.49  3.21  2.00  1.43  2.00  2.86  2.15  1.59   .94  4.55  4.54  4.76
MEAN      1.48  1.19  1.11   .99   .80   .74   .69   .76   .89  1.10  1.22  1.28
STD DEV    .78   .42   .18   .26   .29   .29   .14   .18   .15   .35   .68   .36
SKEW      2.54  1.27   .41  -.26  -.16  -.26   .12 -1.53  -.56   .95  3.19  1.03
% SW      2.17  4.39  6.15  9.84 12.75 16.35 20.12 16.83 10.34  6.01  3.60  3.23
MEAN      1.20  1.24  1.11  1.01   .96   .87   .85   .93   .91   .88  1.13  1.28
STD DEV    .33   .44   .49   .17   .19   .18   .16   .19   .22   .20   .39   .55
SKEW       .94  1.52  5.31  -.42  -.67 -1.28   .01  -.34  -.40  -.31   .13  1.89
% WSW     5.42  9.97 13.08  7.94  7.53  2.86  1.08  2.54  7.99 11.29  7.67  5.07
MEAN      1.03  1.25  1.18  1.19  1.02   .92   .85  1.09   .98  1.01  1.05  1.34
STD DEV    .21   .44   .52   .49   .22   .21   .15   .21   .19   .34   .36   .68
SKEW      3.08  2.35  5.16  4.30  -.17  -.59 -1.06  -.21  -.16  5.29  3.49  1.50
% W       2.63  3.21  4.31  4.44  2.00   .48   .00   .16   .94  3.81  5.01  2.15
MEAN      1.07  1.34  1.44  1.38  1.02   .77   .00   .12  1.13  1.23  1.08  1.30
STD DEV    .17   .89   .52   .58   .26   .19   .00   .00   .10   .70   .23   .60
SKEW       .07  3.43   .72  2.04  1.31 -1.24   .00   .00 -1.22  3.73  2.15  1.77
% WNW     1.55  1.52  1.08  1.59  2.15   .16   .00   .00   .63  1.47  2.19  4.45
MEAN      1.18  1.09  1.03  1.00  1.09   .89   .00   .00  1.03  1.15  1.14  1.13
STD DEV    .17   .15   .20   .25   .36   .00   .00   .00   .10   .37   .21   .16
SKEW      -.10   .53   .48   .63  -.04   .00   .00   .00 -1.11  1.14   .19  -.45
% NW      3.41  1.18   .77  1.75   .92   .48   .00   .16   .63  1.91  2.50  3.07
MEAN      1.15  1.23   .96  1.03  1.00   .69   .00   .55  1.00  1.01  1.10  1.12
STD DEV    .15   .30   .36   .24   .22   .14   .00   .00   .36   .23   .18   .22
SKEW      -.40   .26  1.55  1.08 -1.01  1.24   .00   .00 -1.53   .10  -.47 -1.38
% NNW     4.80  2.36  1.38  1.90   .92  1.59   .00   .16  1.10  1.17  2.50  4.30
MEAN      1.24  1.23  1.15  1.06   .74   .79   .00   .67   .83   .95  1.21  1.17
STD DEV    .17   .16   .21   .13   .24   .24   .00   .00   .23   .21   .20   .25
SKEW      -.34  -.34  1.09  -.19  -.05 -2.10   .00   .00 -1.37   .03 -1.12  -.25
CALM       .00   .34   .46   .32  2.61  9.21  6.45  8.73  1.88  2.20  1.56  1.69

# Author: AAguiarMartin and JNerisTome

INTERPOLATED DATA (station & weighting factor)
 
---Wind Direction Stations---
GUAN1HA1 (AgroCabildo)                       1

