 BENIJTH Benijos TF           0  70 0
 LATT= 28.36 LONG= -16.55 YEARS=  22. TYPE= 3
 ELEVATION = 2972. TP5 = 1.72 TP6= 4.39
MEAN P    .23   .25   .25   .17   .10   .06   .04   .06   .10   .23   .33   .27
S DEV P   .39   .40   .38   .32   .27   .11   .07   .12   .21   .45   .59   .49
SKEW  P  4.80  2.83  2.96  3.82  6.98  3.59  3.98  4.31  5.01  3.78  3.47  4.58
P(W/W)    .60   .60   .60   .56   .51   .49   .40   .43   .47   .50   .63   .56
P(W/D)    .15   .27   .20   .29   .26   .18   .10   .11   .22   .23   .21   .15
TMAX AV 58.57 57.19 58.76 59.53 61.46 65.14 71.58 73.84 69.14 67.89 63.58 60.30
TMIN AV 45.47 44.79 46.04 46.71 48.49 52.12 57.83 59.82 56.59 55.10 51.20 47.40
SD TMAX  5.91  6.32  7.40  7.41  7.33  7.79 10.26  9.91  6.75  6.97  6.74  5.49
SD TMIN  4.15  4.52  4.98  5.22  5.01  5.43  7.77  7.45  5.10  5.47  5.16  4.20
SOL.RAD  243.  264.  319.  342.  351.  379.  449.  421.  310.  276.  225.  224.
SD SOL   85.4 108.7 138.9 159.9 183.2 197.2 195.8 171.5 137.8 110.2  86.7  74.1
MX .5 P   .12   .14   .14   .10   .06   .04   .02   .04   .06   .13   .18   .14
DEW PT  39.02 40.94 42.72 45.43 47.60 51.01 51.99 52.90 53.52 50.84 46.43 41.85
Time Pk   .106  .283  .432  .492  .551  .596  .826  .871  .919  .961  .986 1.000
% N        .61  1.18   .77  1.75  3.84  8.89  9.45  6.74  2.58   .59   .00   .31
MEAN      1.95  3.41  3.81  2.54  2.24  1.99  2.07  2.19  1.92  1.66   .00  3.66
STD DEV   1.35   .99  1.64  1.12   .57   .51   .47   .55   .42   .26   .00  1.08
SKEW     -1.57   .09   .02  1.11   .92   .87   .07   .58   .81   .68   .00   .00
% NNE    11.67  8.60  6.14  9.05 13.36 14.60 23.69 18.48  9.55  4.11  4.38  5.38
MEAN      2.96  2.62  2.48  2.29  2.26  2.06  2.04  1.96  2.19  2.38  2.61  2.90
STD DEV    .40   .48   .51   .68   .45   .36   .38   .47   .43   .63   .44   .42
SKEW      -.15   .54  -.14  4.18   .12  -.02   .19   .46  -.14  1.31  -.70   .27
% NE      2.76  6.75  7.83  9.21 16.59 21.90 27.14 21.41 17.42 10.56  7.20  4.76
MEAN      3.18  2.87  2.51  2.38  2.28  2.11  2.00  1.96  2.23  2.32  2.67  3.11
STD DEV    .93   .57   .45   .49   .40   .34   .37   .35   .57   .43   .33   .69
SKEW      2.20  1.46   .25   .27  -.47   .28   .09   .03   .83  -.08 -1.07  1.20
% ENE     1.54  7.76 13.52 17.14 20.89 18.73 19.79 23.46 12.12 10.26  4.69  3.53
MEAN      2.71  2.47  2.48  2.36  2.30  2.17  2.07  2.06  2.25  2.44  2.67  2.67
STD DEV    .66   .56   .37   .56   .36   .33   .45   .40   .46   .43   .50   .70
SKEW      1.06  1.71   .15  2.75  -.12  -.41  3.97   .49   .24   .66  -.41   .33
% E      10.45 12.14 14.29 18.57 16.28 14.92  8.70 11.14 14.55 13.78 13.46  6.91
MEAN      2.75  2.78  2.35  2.44  2.40  2.29  2.24  2.23  2.27  2.40  2.56  2.80
STD DEV    .51  1.53   .38   .44   .44   .32   .36   .38   .39   .70   .62  1.30
SKEW       .96  6.00   .68   .60  1.63   .01  -.45  1.05  -.07  4.75  2.34  4.01
% ESE    14.44  9.78 14.44 12.86  9.37 10.00  3.60  6.30 14.09 15.84 12.68 13.52
MEAN      2.66  2.59  2.64  2.42  2.47  2.38  2.46  2.29  2.44  2.51  2.58  2.70
STD DEV    .67   .42  1.03   .40   .32   .28   .30   .36   .44   .45   .79   .87
SKEW      4.18   .81  7.48  -.37  -.37   .13 -1.75  -.15  1.00  2.14  5.37  6.75
% SE     18.89 20.24 15.82 13.97  6.76  3.81  1.35  2.35 13.18 22.29 21.60 24.73
MEAN      2.84  2.76  2.71  2.57  2.50  2.46  2.26  2.45  2.46  2.62  2.65  2.89
STD DEV    .47   .53   .66   .49   .39   .31   .41   .56   .41   .48   .44   .56
SKEW       .28   .26  4.82  2.44  -.39   .25  -.65  1.62  -.21  1.06   .33  3.85
% SSE    30.88 22.43 12.14  6.35  4.45  1.27   .15  1.61  9.09 14.81 27.23 34.41
MEAN      2.82  2.79  2.63  2.72  2.60  2.18  2.69  2.45  2.31  2.62  2.72  2.89
STD DEV    .50   .78   .65  1.12   .42   .31   .00   .33   .37   .40   .51   .46
SKEW      -.07  5.70  1.76  3.98  -.38  -.37   .00   .31  -.09  -.05  1.54  -.38
% S       6.61  6.41  7.99  4.13  2.61   .79   .60   .73  3.94  5.13  5.95  5.22
MEAN      2.60  2.87  2.57  2.55  2.17  2.74  2.83  2.70  2.26  2.44  2.49  2.79
STD DEV    .45  1.20   .48  1.04   .55   .22   .96   .71   .39   .47   .48   .84
SKEW       .19  4.67   .20  4.20   .01 -1.45  1.58  1.68  -.21   .37   .42  2.38
% SSW      .92  1.85  2.76  1.90  1.38   .00   .15   .73  1.21  1.91   .94   .61
MEAN      2.95  3.01  2.51  2.47  2.26   .00  3.34  2.79  2.02  2.61  2.94  4.34
STD DEV    .66   .89   .43   .49   .50   .00   .00   .08   .40   .71   .53  2.42
SKEW       .01  2.15   .80   .05  -.10   .00   .00   .76   .45  1.49  -.80   .75
% SW       .31   .67  1.08   .48   .46   .48   .75  1.61   .15   .00   .47   .31
MEAN      3.65  4.45  3.26  2.55  2.67  2.53  2.94  2.80  1.90   .00  6.89  3.25
STD DEV    .10  2.64  1.06   .04   .60   .39  1.16  1.10   .00   .00  3.49   .04
SKEW       .00  1.97   .68   .70   .60  1.73  1.69  1.61   .00   .00  1.33   .00
% WSW      .31   .67  1.38   .95   .77   .48   .90   .88   .15   .59   .47   .00
MEAN      2.66  5.04  3.93  2.83  3.03  2.51  3.90  2.26  1.91  3.60  4.65   .00
STD DEV    .30  1.25  1.22   .63   .62   .89  2.45   .39   .00  2.19   .45   .00
SKEW       .00   .78  2.29  1.72   .67  1.27  1.35   .44   .00  1.04 -1.68   .00
% W        .31   .51  1.08   .95   .92   .79   .30  1.03   .45   .15   .31   .00
MEAN      4.54  5.36  3.43  3.69  3.05  2.99  5.37  2.01  2.11  2.02  4.76   .00
STD DEV    .10  1.92   .76  1.15  1.13   .43  1.23   .81   .01   .00   .58   .00
SKEW       .00   .70   .69  -.76  1.26   .48   .00   .69  1.06   .00   .00   .00
% WNW      .15   .34   .31   .79   .61   .79   .30   .88   .00   .00   .31   .15
MEAN      5.76  4.99  3.03  3.10  2.19  2.27  3.17  2.36   .00   .00  5.02  4.01
STD DEV    .00   .86  1.69   .99   .49   .86  1.61   .31   .00   .00   .42   .00
SKEW       .00   .00   .00  1.02  -.81  2.07   .00 -1.01   .00   .00   .00   .00
% NW       .00   .17   .15   .79   .61   .63   .90   .73   .61   .00   .16   .00
MEAN       .00  1.95  5.25  4.38  2.04  2.58  2.55  2.51  1.77   .00  4.62   .00
STD DEV    .00   .00   .00  1.70   .52   .57   .32   .53   .43   .00   .00   .00
SKEW       .00   .00   .00 -1.25  -.08   .78  -.03  1.79  -.04   .00   .00   .00
% NNW      .00   .51   .31  1.11  1.08  1.90  2.25  1.91   .91   .00   .16   .15
MEAN       .00  4.44  2.73  2.66  2.09  1.88  2.35  2.17  1.97   .00  2.46  4.47
STD DEV    .00  1.52   .78  1.22   .63   .41   .65   .53   .31   .00   .00   .00
SKEW       .00  1.73   .00  1.66   .13  1.29  1.12  -.61  -.69   .00   .00   .00
CALM       .15   .00   .00   .00   .00   .00   .00   .00   .00   .00   .00   .00

# Author: AAguiarMartin and JNerisTome

INTERPOLATED DATA (station & weighting factor)
 
---Wind Direction Stations---
OROTAV01 (AgroCabildo)                       1

