0|3|6||5|40|75||||"7929767"|"13199097"
0|5|9||2|4|5||||"7929767"|"13638312"
0|6|11||2|4|5||||"7929768"|"13345503"
0|5|9||5|40|75||||"7929768"|"13491908"
0|3|6||5|40|75||||"7929769"|"13199098"
0|5|9||2|4|5||||"7929769"|"13638313"
0|2|3||2|4|5||||"7929770"|"13345504"
0|2|3||5|40|75||||"7929770"|"13491909"
0|12|23||5|40|75||||"7929772"|"13199099"
0|3|6||75|162|250||||"7929772"|"13345505"
0|14|28||2|4|5||||"7929772"|"13638314"
0|2|3||2|4|5||||"7929773"|"13491910"
0|2|3||5|40|75||||"7929774"|"13199100"
0|2|3||2|4|5||||"7929774"|"13638315"
0|9|17||2|4|5||||"7929776"|"13345506"
0|6|11||5|40|75||||"7929776"|"13491911"
0|2|3||5|40|75||||"7929778"|"13199101"
0|2|3||2|4|5||||"7929778"|"13638316"
0|14|28||2|4|5||||"7929779"|"13345507"
0|9|17||5|40|75||||"7929779"|"13491912"
0|5|9||5|40|75||||"7929781"|"13199102"
0|5|9||2|4|5||||"7929781"|"13638317"
0|3|6||2|4|5||||"7929782"|"13345508"
0|2|3||5|40|75||||"7929782"|"13491913"
0|9|17||5|40|75||||"7929785"|"13199103"
0|14|28||2|4|5||||"7929785"|"13638318"
0|12|23||2|4|5||||"7929786"|"13345509"
9|19|28||5|40|75||||"7929786"|"13491914"
0|2|3||2|4|5||||"7933537"|"13346975"
0|6|11||2|4|5||||"7933538"|"13493380"
0|5|9||5|40|75||||"7933538"|"13639785"
0|6|11||2|4|5||||"7933545"|"13346978"
0|5|9||5|40|75||||"7933545"|"13493383"
0|2|3||5|40|75||||"7933546"|"13200573"
0|3|6||2|4|5||||"7933546"|"13639788"
0|7|14||2|4|5||||"7933547"|"13346979"
0|6|11||5|40|75||||"7933547"|"13493384"
0|6|11||2|4|5||||"7933594"|"13347002"
0|3|6||5|40|75||||"7933594"|"13493407"
0|3|6||5|40|75||||"7933595"|"13200597"
0|5|9||2|4|5||||"7933595"|"13639812"
0|9|17||2|4|5||||"7933596"|"13347003"
0|6|11||5|40|75||||"7933596"|"13493408"
0|2|3||5|40|75||||"7933597"|"13200598"
0|3|6||2|4|5||||"7933597"|"13639813"
0|9|17||2|4|5||||"7933599"|"13347004"
0|3|6||5|40|75||||"7933599"|"13493409"
0|3|6||5|40|75||||"7933600"|"13200599"
0|7|14||2|4|5||||"7933600"|"13639814"
0|2|3||2|4|5||||"7935819"|"13494527"
0|2|3||5|40|75||||"7935820"|"13201717"
0|3|6||2|4|5||||"7935820"|"13640932"
0|7|14||2|4|5||||"7935825"|"13348124"
0|6|11||5|40|75||||"7935825"|"13494529"
0|2|3||5|40|75||||"7935826"|"13201719"
0|3|6||2|4|5||||"7935826"|"13640934"
0|6|11||2|4|5||||"7935827"|"13348125"
0|3|6||5|40|75||||"7935827"|"13494530"
0|2|3||5|40|75||||"7935828"|"13201720"
0|2|3||2|4|5||||"7935828"|"13640935"
0|3|6||5|40|75||||"7935853"|"13201730"
0|6|11||2|4|5||||"7935853"|"13640945"
0|7|13||2|4|5||||"7941769"|"13204260"
0|5|10||5|40|75||||"7941769"|"13350666"
3|6|9||75|162|250||||"7941769"|"13497071"
2|4|6||250|625|1000||||"7941769"|"13643476"
0|6|11||2|4|5||||"7941770"|"13204261"
24|31|37||5|40|75||||"7941770"|"13350667"
0|5|9||75|162|250||||"7941770"|"13497072"
0|22|43||5|40|75||||"7941771"|"13204262"
0|23|45||2|4|5||||"7941771"|"13643477"
0|12|23||2|4|5||||"7941772"|"13350668"
9|19|28||5|40|75||||"7941772"|"13497073"
0|5|9||5|40|75||||"7941773"|"13204263"
0|6|11||2|4|5||||"7941773"|"13643478"
0|13|26||2|4|5||||"7941774"|"13350669"
5|16|26||5|40|75||||"7941774"|"13497074"
0|3|6||75|162|250||||"7941774"|"13643479"
0|12|23||2|4|5||||"7941775"|"13204264"
0|9|17||5|40|75||||"7941775"|"13350670"
0|3|6||75|162|250||||"7941775"|"13497075"
0|5|9||5|40|75||||"7941776"|"13204265"
0|2|3||75|162|250||||"7941776"|"13350671"
0|6|11||2|4|5||||"7941776"|"13643480"
0|2|3||5|40|75||||"7941805"|"13204283"
0|2|3||2|4|5||||"7941805"|"13643498"
0|6|11||2|4|5||||"7941806"|"13350689"
0|5|9||5|40|75||||"7941806"|"13497094"
0|2|3||75|162|250||||"7941806"|"13643499"
0|5|9||2|4|5||||"7950565"|"13354581"
0|3|6||5|40|75||||"7950565"|"13500986"
0|2|3||5|40|75||||"7950566"|"13208176"
0|3|6||2|4|5||||"7950566"|"13647391"
0|5|9||2|4|5||||"7950567"|"13354582"
0|5|9||5|40|75||||"7950567"|"13500987"
0|5|9||5|40|75||||"7950569"|"13208177"
0|6|11||2|4|5||||"7950569"|"13647392"
0|9|17||2|4|5||||"7950570"|"13354583"
0|6|11||5|40|75||||"7950570"|"13500988"
0|2|3||5|40|75||||"7950571"|"13208178"
0|2|3||2|4|5||||"7950571"|"13647393"
0|6|11||2|4|5||||"7950572"|"13354584"
0|5|9||5|40|75||||"7950572"|"13500989"
0|2|3||5|40|75||||"7950574"|"13208179"
0|3|6||2|4|5||||"7950574"|"13647394"
0|2|3||2|4|5||||"7950575"|"13354585"
0|2|3||5|40|75||||"7950575"|"13500990"
0|5|9||5|40|75||||"7950576"|"13208180"
0|6|11||2|4|5||||"7950576"|"13647395"
0|9|17||2|4|5||||"7950577"|"13354586"
0|6|11||5|40|75||||"7950577"|"13500991"
0|2|3||2|4|5||||"7950578"|"13647396"
0|3|6||2|4|5||||"7950579"|"13208181"
0|2|3||5|40|75||||"7950579"|"13354587"
0|5|9||2|4|5||||"7950580"|"13500992"
0|3|6||5|40|75||||"7950580"|"13647397"
0|10|20||2|4|5||||"7950582"|"13208182"
0|6|11||5|40|75||||"7950582"|"13354588"
0|6|11||2|4|5||||"7950585"|"13500993"
0|5|9||5|40|75||||"7950585"|"13647398"
0|14|28||2|4|5||||"7950586"|"13208183"
0|10|20||5|40|75||||"7950586"|"13354589"
0|3|6||75|162|250||||"7950586"|"13500994"
0|7|14||2|4|5||||"7954347"|"13502440"
0|2|3||5|40|75||||"7954347"|"13648845"
0|3|6||2|4|5||||"7954348"|"13209630"
0|2|3||5|40|75||||"7954348"|"13356036"
0|14|28||2|4|5||||"7954356"|"13209634"
0|9|17||5|40|75||||"7954356"|"13356040"
0|9|17||2|4|5||||"7954358"|"13502445"
0|3|6||5|40|75||||"7954358"|"13648850"
0|5|9||5|40|75||||"7954405"|"13209664"
0|6|11||2|4|5||||"7954405"|"13648879"
0|2|3||2|4|5||||"7954406"|"13356070"
0|2|3||2|4|5||||"7954407"|"13502475"
0|2|3||5|40|75||||"7954407"|"13648880"
0|9|17||2|4|5||||"7954408"|"13209665"
0|3|6||5|40|75||||"7954408"|"13356071"
0|3|5||2|4|5||||"7954409"|"13502476"
0|2|3||5|40|75||||"7954409"|"13648881"
0|1|1||2|4|5||||"7954410"|"13209666"
0|1|1||5|40|75||||"7954410"|"13356072"
0|3|6||5|40|75||||"7956626"|"13210809"
0|5|9||2|4|5||||"7956626"|"13650024"
0|2|3||5|40|75||||"7956631"|"13210811"
0|3|6||2|4|5||||"7956631"|"13650026"
0|9|17||2|4|5||||"7956632"|"13357217"
0|7|14||5|40|75||||"7956632"|"13503622"
0|1|1||75|162|250||||"7956657"|"13210822"
0|12|23||2|4|5||||"7956657"|"13503632"
6|6|6||5|40|75||||"7956657"|"13650037"
0|5|9||5|40|75||||"7962542"|"13213365"
0|6|11||2|4|5||||"7962542"|"13652580"
0|14|28||2|4|5||||"7962543"|"13359771"
0|10|20||5|40|75||||"7962543"|"13506176"
0|3|6||75|162|250||||"7962543"|"13652581"
0|14|28||2|4|5||||"7962544"|"13213366"
0|10|20||5|40|75||||"7962544"|"13359772"
0|2|3||75|162|250||||"7962544"|"13506177"
0|2|3||5|40|75||||"7962545"|"13213367"
0|3|6||75|162|250||||"7962545"|"13359773"
0|3|6||2|4|5||||"7962545"|"13652582"
0|3|6||75|162|250||||"7962546"|"13213368"
0|5|9||2|4|5||||"7962546"|"13506178"
0|3|6||5|40|75||||"7962546"|"13652583"
0|6|11||2|4|5||||"7962547"|"13359774"
0|2|3||5|40|75||||"7962547"|"13506179"
0|2|3||75|162|250||||"7962547"|"13652584"
0|14|28||2|4|5||||"7962548"|"13213369"
0|10|20||5|40|75||||"7962548"|"13359775"
0|5|9||75|162|250||||"7962548"|"13506180"
5|16|26||5|40|75||||"7962549"|"13213370"
0|3|6||75|162|250||||"7962549"|"13359776"
0|13|26||2|4|5||||"7962549"|"13652585"
0|2|3||2|4|5||||"7962582"|"13213394"
0|2|3||5|40|75||||"7962582"|"13359800"
0|3|6||5|40|75||||"7971394"|"13217301"
0|5|9||2|4|5||||"7971394"|"13656516"
0|19|37||2|4|5||||"7971395"|"13363707"
0|14|28||5|40|75||||"7971395"|"13510112"
0|5|9||5|40|75||||"7971396"|"13217302"
0|5|9||2|4|5||||"7971396"|"13656517"
0|3|6||2|4|5||||"7971397"|"13363708"
0|2|3||5|40|75||||"7971397"|"13510113"
0|6|11||5|40|75||||"7971398"|"13217303"
0|7|14||2|4|5||||"7971398"|"13656518"
0|14|28||2|4|5||||"7971399"|"13363709"
0|9|17||5|40|75||||"7971399"|"13510114"
0|5|9||5|40|75||||"7971402"|"13217304"
0|6|11||2|4|5||||"7971402"|"13656519"
0|3|6||2|4|5||||"7971403"|"13363710"
0|2|3||5|40|75||||"7971403"|"13510115"
0|3|6||5|40|75||||"7971404"|"13217305"
0|5|9||2|4|5||||"7971404"|"13656520"
0|2|3||2|4|5||||"7971405"|"13363711"
0|2|3||5|40|75||||"7971405"|"13510116"
0|2|3||5|40|75||||"7971406"|"13217306"
0|3|6||2|4|5||||"7971406"|"13656521"
0|6|11||2|4|5||||"7971408"|"13363712"
0|5|9||5|40|75||||"7971408"|"13510117"
0|6|11||5|40|75||||"7971409"|"13217307"
0|9|17||2|4|5||||"7971409"|"13656522"
0|9|17||2|4|5||||"7971410"|"13363713"
0|6|11||5|40|75||||"7971410"|"13510118"
0|2|3||2|4|5||||"7971411"|"13656523"
0|2|3||2|4|5||||"7971413"|"13217308"
0|2|3||5|40|75||||"7971413"|"13363714"
0|9|17||2|4|5||||"7971414"|"13510119"
0|3|6||5|40|75||||"7971414"|"13656524"
0|23|45||2|4|5||||"7971416"|"13217309"
0|22|43||5|40|75||||"7971416"|"13363715"
0|2|3||2|4|5||||"7975163"|"13365190"
0|2|3||5|40|75||||"7975163"|"13511595"
0|6|11||5|40|75||||"7975164"|"13218785"
0|9|17||2|4|5||||"7975164"|"13658000"
0|13|26||2|4|5||||"7975165"|"13365191"
0|7|14||5|40|75||||"7975165"|"13511596"
0|9|17||2|4|5||||"7975172"|"13365195"
0|7|14||5|40|75||||"7975172"|"13511600"
0|2|3||5|40|75||||"7975173"|"13218790"
0|3|6||2|4|5||||"7975173"|"13658005"
0|5|9||2|4|5||||"7975221"|"13365220"
0|5|9||5|40|75||||"7975221"|"13511625"
0|3|6||5|40|75||||"7975222"|"13218815"
0|5|9||2|4|5||||"7975222"|"13658030"
0|3|6||2|4|5||||"7975223"|"13365221"
0|2|3||5|40|75||||"7975223"|"13511626"
0|3|6||2|4|5||||"7975224"|"13658031"
0|2|3||5|40|75||||"7975224"|"13218816"
0|5|9||2|4|5||||"7975225"|"13365222"
0|3|6||5|40|75||||"7975225"|"13511627"
0|6|11||5|40|75||||"7975226"|"13218817"
0|9|17||2|4|5||||"7975226"|"13658032"
0|2|3||2|4|5||||"7975227"|"13365223"
0|14|28||2|4|5||||"7977455"|"13366368"
0|13|26||5|40|75||||"7977455"|"13512773"
0|2|3||2|4|5||||"7977460"|"13512774"
0|2|3||5|40|75||||"7977460"|"13659179"
0|9|17||2|4|5||||"7977461"|"13219964"
0|7|14||5|40|75||||"7977461"|"13366370"
0|7|14||2|4|5||||"7977462"|"13512775"
0|3|6||5|40|75||||"7977462"|"13659180"
0|23|45||2|4|5||||"7977489"|"13366381"
0|22|43||5|40|75||||"7977489"|"13512786"
0|9|17||75|162|250||||"7977489"|"13659191"
0|3|6||75|162|250||||"7983402"|"13222545"
0|12|23||2|4|5||||"7983402"|"13515355"
0|10|20||5|40|75||||"7983402"|"13661760"
0|7|14||2|4|5||||"7983403"|"13368951"
0|6|11||5|40|75||||"7983403"|"13515356"
0|3|6||75|162|250||||"7983403"|"13661761"
0|6|11||2|4|5||||"7983404"|"13222546"
0|5|9||5|40|75||||"7983404"|"13368952"
0|2|3||75|162|250||||"7983404"|"13515357"
0|5|9||5|40|75||||"7983405"|"13222547"
0|6|11||2|4|5||||"7983405"|"13661762"
0|1|1||250|625|1000||||"7983406"|"13222548"
0|12|23||2|4|5||||"7983406"|"13368953"
3|10|17||5|40|75||||"7983406"|"13515358"
0|3|6||75|162|250||||"7983406"|"13661763"
3|6|9||250|625|1000||||"7983408"|"13222549"
0|4|7||2|4|5||||"7983408"|"13368954"
0|3|5||5|40|75||||"7983408"|"13515359"
9|12|14||75|162|250||||"7983408"|"13661764"
0|3|6||2|4|5||||"7983440"|"13515380"
0|2|3||5|40|75||||"7983440"|"13661785"
0|3|6||2|4|5||||"7983441"|"13222570"
0|2|3||5|40|75||||"7983441"|"13368976"
0|7|14||75|162|250||||"7983442"|"13222571"
0|14|28||2|4|5||||"7983442"|"13515381"
19|35|51||5|40|75||||"7983442"|"13661786"
0|10|20||2|4|5||||"7992225"|"13226517"
0|7|14||5|40|75||||"7992225"|"13372923"
0|7|14||2|4|5||||"7992226"|"13519328"
0|3|6||5|40|75||||"7992226"|"13665733"
0|9|17||2|4|5||||"7992227"|"13226518"
0|3|6||5|40|75||||"7992227"|"13372924"
0|14|28||2|4|5||||"7992228"|"13519329"
0|9|17||5|40|75||||"7992228"|"13665734"
0|9|17||2|4|5||||"7992231"|"13226519"
0|3|6||5|40|75||||"7992231"|"13372925"
0|3|6||2|4|5||||"7992232"|"13519330"
0|2|3||5|40|75||||"7992232"|"13665735"
0|3|6||2|4|5||||"7992233"|"13226520"
0|2|3||5|40|75||||"7992233"|"13372926"
0|14|28||2|4|5||||"7992235"|"13519331"
0|9|17||5|40|75||||"7992235"|"13665736"
0|3|6||2|4|5||||"7992237"|"13226521"
0|2|3||5|40|75||||"7992237"|"13372927"
0|6|11||2|4|5||||"7992238"|"13519332"
0|5|9||5|40|75||||"7992238"|"13665737"
0|9|17||2|4|5||||"7992239"|"13226522"
0|6|11||5|40|75||||"7992239"|"13372928"
0|9|17||2|4|5||||"7992240"|"13519333"
0|7|14||5|40|75||||"7992240"|"13665738"
0|2|3||2|4|5||||"7992243"|"13226523"
0|2|3||5|40|75||||"7992243"|"13372929"
0|2|3||2|4|5||||"7992244"|"13519334"
0|2|3||5|40|75||||"7992244"|"13665739"
0|2|3||2|4|5||||"7992245"|"13226524"
0|2|3||5|40|75||||"7992245"|"13372930"
0|5|9||2|4|5||||"7992246"|"13519335"
0|2|3||5|40|75||||"7992246"|"13665740"
0|5|9||2|4|5||||"7996012"|"13520800"
0|3|6||5|40|75||||"7996012"|"13667205"
0|6|11||2|4|5||||"7996019"|"13374399"
0|5|9||5|40|75||||"7996019"|"13520804"
0|6|11||5|40|75||||"7996020"|"13227994"
0|7|14||2|4|5||||"7996020"|"13667209"
0|6|11||2|4|5||||"7996022"|"13374400"
0|5|9||5|40|75||||"7996022"|"13520805"
0|9|17||2|4|5||||"7996068"|"13520831"
0|3|6||5|40|75||||"7996068"|"13667236"
0|6|11||2|4|5||||"7996069"|"13228021"
0|5|9||5|40|75||||"7996069"|"13374427"
0|1|2||2|4|5||||"7996070"|"13520832"
0|2|3||2|4|5||||"7996071"|"13667237"
0|6|11||2|4|5||||"7996072"|"13228022"
0|3|6||5|40|75||||"7996072"|"13374428"
0|3|5||2|4|5||||"7996073"|"13520833"
0|2|3||5|40|75||||"7996073"|"13667238"
0|2|3||2|4|5||||"7996074"|"13228023"
0|14|28||2|4|5||||"7998314"|"13229177"
0|9|17||5|40|75||||"7998314"|"13375583"
0|3|6||2|4|5||||"7998315"|"13521988"
0|2|3||5|40|75||||"7998315"|"13668393"
0|5|9||2|4|5||||"7998321"|"13521991"
0|3|6||5|40|75||||"7998321"|"13668396"
0|14|28||2|4|5||||"7998322"|"13229181"
0|9|17||5|40|75||||"7998322"|"13375587"
1|12|23||2|4|5||||"7998347"|"13229191"
10|14|17||5|40|75||||"7998347"|"13375597"
0|3|6||75|162|250||||"7998347"|"13522002"
0|6|11||2|4|5||||"8004281"|"13378189"
0|5|9||5|40|75||||"8004281"|"13524594"
24|31|37||5|40|75||||"8004282"|"13231784"
0|5|9||75|162|250||||"8004282"|"13378190"
0|6|11||2|4|5||||"8004282"|"13670999"
0|12|23||75|162|250||||"8004283"|"13231785"
0|1|1||250|625|1000||||"8004283"|"13378191"
0|13|26||2|4|5||||"8004283"|"13524595"
0|12|23||5|40|75||||"8004283"|"13671000"
0|14|28||75|162|250||||"8004284"|"13231786"
0|14|28||2|4|5||||"8004284"|"13524596"
0|12|23||5|40|75||||"8004284"|"13671001"
0|12|23||2|4|5||||"8004286"|"13378192"
9|19|28||5|40|75||||"8004286"|"13524597"
0|5|9||2|4|5||||"8004318"|"13378213"
0|3|6||5|40|75||||"8004318"|"13524618"
0|6|11||5|40|75||||"8004319"|"13231808"
0|7|14||2|4|5||||"8004319"|"13671023"
0|14|28||2|4|5||||"8004320"|"13378214"
0|10|20||5|40|75||||"8004320"|"13524619"
0|2|3||2|4|5||||"8013082"|"13674958"
0|2|3||2|4|5||||"8013084"|"13235743"
0|6|11||2|4|5||||"8013085"|"13382149"
0|5|9||5|40|75||||"8013085"|"13528554"
0|5|9||5|40|75||||"8013086"|"13235744"
0|6|11||2|4|5||||"8013086"|"13674959"
0|2|3||2|4|5||||"8013087"|"13382150"
0|2|3||5|40|75||||"8013087"|"13528555"
0|2|3||5|40|75||||"8013088"|"13235745"
0|3|6||2|4|5||||"8013088"|"13674960"
0|2|3||2|4|5||||"8013090"|"13382151"
0|2|3||2|4|5||||"8013091"|"13528556"
0|2|3||5|40|75||||"8013091"|"13674961"
0|3|6||2|4|5||||"8013092"|"13235746"
0|2|3||5|40|75||||"8013092"|"13382152"
0|3|6||2|4|5||||"8013093"|"13528557"
0|2|3||5|40|75||||"8013093"|"13674962"
0|2|3||2|4|5||||"8013095"|"13235747"
0|2|3||5|40|75||||"8013095"|"13382153"
0|5|9||2|4|5||||"8013098"|"13528558"
0|5|9||5|40|75||||"8013098"|"13674963"
0|3|6||2|4|5||||"8013099"|"13235748"
0|2|3||5|40|75||||"8013099"|"13382154"
0|3|6||2|4|5||||"8013100"|"13528559"
0|2|3||5|40|75||||"8013100"|"13674964"
0|2|3||2|4|5||||"8013101"|"13235749"
0|3|6||2|4|5||||"8013102"|"13382155"
0|2|3||5|40|75||||"8013102"|"13528560"
0|2|3||5|40|75||||"8013103"|"13235750"
0|3|6||2|4|5||||"8013103"|"13674965"
0|2|3||5|40|75||||"8016853"|"13237188"
0|7|14||2|4|5||||"8016853"|"13676403"
0|2|3||2|4|5||||"8016854"|"13383594"
0|6|11||2|4|5||||"8016855"|"13529999"
0|5|9||5|40|75||||"8016855"|"13676404"
0|9|17||5|40|75||||"8016862"|"13237192"
0|14|28||2|4|5||||"8016862"|"13676407"
0|7|14||2|4|5||||"8016863"|"13383598"
0|2|3||5|40|75||||"8016863"|"13530003"
0|6|11||5|40|75||||"8016864"|"13237193"
0|7|14||2|4|5||||"8016864"|"13676408"
0|9|17||2|4|5||||"8016911"|"13383629"
0|3|6||5|40|75||||"8016911"|"13530034"
0|7|14||5|40|75||||"8016912"|"13237224"
0|10|20||2|4|5||||"8016912"|"13676439"
0|10|20||2|4|5||||"8016913"|"13383630"
0|6|11||5|40|75||||"8016913"|"13530035"
0|6|11||5|40|75||||"8016916"|"13237225"
0|9|17||2|4|5||||"8016916"|"13676440"
0|7|14||2|4|5||||"8016917"|"13383631"
0|3|6||5|40|75||||"8016917"|"13530036"
0|3|6||2|4|5||||"8019137"|"13384747"
0|2|3||5|40|75||||"8019137"|"13531152"
0|2|3||5|40|75||||"8019138"|"13238342"
0|3|6||2|4|5||||"8019138"|"13677557"
0|6|11||5|40|75||||"8019142"|"13238344"
0|7|14||2|4|5||||"8019142"|"13677559"
0|5|9||2|4|5||||"8019143"|"13384750"
0|2|3||5|40|75||||"8019143"|"13531155"
0|3|6||5|40|75||||"8019144"|"13238345"
0|9|17||2|4|5||||"8019144"|"13677560"
0|13|26||2|4|5||||"8019145"|"13384751"
0|7|14||5|40|75||||"8019145"|"13531156"
0|2|3||2|4|5||||"8019169"|"13384761"
0|2|3||5|40|75||||"8019169"|"13531166"
0|3|6||5|40|75||||"8019170"|"13238356"
0|9|17||2|4|5||||"8019170"|"13677571"
0|5|9||5|40|75||||"8025085"|"13240926"
0|3|6||75|162|250||||"8025085"|"13387332"
0|6|11||2|4|5||||"8025085"|"13680141"
0|5|9||5|40|75||||"8025086"|"13680142"
0|2|3||75|162|250||||"8025086"|"13240927"
0|6|11||2|4|5||||"8025086"|"13533737"
0|3|6||2|4|5||||"8025088"|"13387333"
0|2|3||5|40|75||||"8025088"|"13533738"
5|11|17||5|40|75||||"8025089"|"13240928"
0|3|6||75|162|250||||"8025089"|"13387334"
0|7|14||2|4|5||||"8025089"|"13680143"
0|3|6||75|162|250||||"8025090"|"13240929"
0|14|28||2|4|5||||"8025090"|"13533739"
0|12|23||5|40|75||||"8025090"|"13680144"
0|1|1||250|625|1000||||"8025091"|"13240930"
0|16|31||2|4|5||||"8025091"|"13387335"
13|28|43||5|40|75||||"8025091"|"13533740"
0|6|11||75|162|250||||"8025091"|"13680145"
0|12|23||2|4|5||||"8025092"|"13387336"
0|10|20||5|40|75||||"8025092"|"13533741"
0|3|6||75|162|250||||"8025092"|"13680146"
0|7|14||2|4|5||||"8025093"|"13240931"
0|6|11||5|40|75||||"8025093"|"13387337"
0|3|6||75|162|250||||"8025093"|"13533742"
0|3|6||75|162|250||||"8025122"|"13240951"
0|6|11||2|4|5||||"8025122"|"13533761"
0|5|9||5|40|75||||"8025122"|"13680166"
0|14|28||2|4|5||||"8025123"|"13387357"
0|10|20||5|40|75||||"8025123"|"13533762"
0|3|6||75|162|250||||"8025123"|"13680167"
0|6|11||2|4|5||||"8033882"|"13244843"
0|3|6||5|40|75||||"8033882"|"13391249"
0|3|6||2|4|5||||"8033883"|"13537654"
0|2|3||5|40|75||||"8033883"|"13684059"
0|9|17||2|4|5||||"8033884"|"13244844"
0|6|11||5|40|75||||"8033884"|"13391250"
0|14|28||2|4|5||||"8033886"|"13537655"
0|9|17||5|40|75||||"8033886"|"13684060"
0|5|9||2|4|5||||"8033887"|"13244845"
0|3|6||5|40|75||||"8033887"|"13391251"
0|2|3||2|4|5||||"8033888"|"13537656"
0|2|3||5|40|75||||"8033888"|"13684061"
0|14|28||2|4|5||||"8033889"|"13244846"
0|9|17||5|40|75||||"8033889"|"13391252"
0|2|3||2|4|5||||"8033890"|"13537657"
0|3|6||5|40|75||||"8033891"|"13244847"
0|5|9||2|4|5||||"8033891"|"13684062"
0|2|3||2|4|5||||"8033892"|"13391253"
0|2|3||5|40|75||||"8033892"|"13537658"
0|9|17||5|40|75||||"8033893"|"13244848"
0|14|28||2|4|5||||"8033893"|"13684063"
0|6|11||2|4|5||||"8033896"|"13391254"
0|5|9||5|40|75||||"8033896"|"13537659"
0|3|6||5|40|75||||"8033897"|"13244849"
0|5|9||2|4|5||||"8033897"|"13684064"
0|5|9||2|4|5||||"8033898"|"13391255"
0|5|9||5|40|75||||"8033898"|"13537660"
0|1|1||2|4|5||||"8033899"|"13684065"
0|14|28||2|4|5||||"8033902"|"13244850"
0|9|17||5|40|75||||"8033902"|"13391256"
0|6|11||2|4|5||||"8033903"|"13537661"
0|3|6||5|40|75||||"8033903"|"13684066"
0|2|3||2|4|5||||"8037664"|"13246331"
0|2|3||5|40|75||||"8037664"|"13392737"
0|3|6||2|4|5||||"8037665"|"13539142"
0|2|3||5|40|75||||"8037665"|"13685547"
0|3|6||2|4|5||||"8037673"|"13392741"
0|2|3||5|40|75||||"8037673"|"13539146"
0|2|3||75|162|250||||"8037673"|"13685551"
0|3|6||2|4|5||||"8037674"|"13246336"
0|2|3||5|40|75||||"8037674"|"13392742"
0|9|17||2|4|5||||"8037675"|"13539147"
0|6|11||5|40|75||||"8037675"|"13685552"
0|5|9||5|40|75||||"8037722"|"13246363"
0|6|11||2|4|5||||"8037722"|"13685578"
0|7|14||2|4|5||||"8037723"|"13392769"
0|3|6||5|40|75||||"8037723"|"13539174"
0|3|6||5|40|75||||"8037724"|"13246364"
0|5|9||2|4|5||||"8037724"|"13685579"
0|9|17||2|4|5||||"8037725"|"13392770"
0|6|11||5|40|75||||"8037725"|"13539175"
0|2|3||5|40|75||||"8037726"|"13246365"
0|3|5||2|4|5||||"8037726"|"13685580"
0|1|1||2|4|5||||"8037727"|"13392771"
0|1|1||5|40|75||||"8037727"|"13539176"
0|3|6||2|4|5||||"8039942"|"13247473"
0|2|3||5|40|75||||"8039942"|"13393879"
0|5|9||2|4|5||||"8039943"|"13540284"
0|3|6||5|40|75||||"8039943"|"13686689"
0|7|14||2|4|5||||"8039948"|"13247476"
0|6|11||5|40|75||||"8039948"|"13393882"
0|2|3||2|4|5||||"8039949"|"13540287"
0|2|3||5|40|75||||"8039949"|"13686692"
0|2|3||2|4|5||||"8039950"|"13247477"
0|2|3||5|40|75||||"8039950"|"13393883"
0|7|14||2|4|5||||"8039974"|"13393893"
0|14|28||2|4|5||||"8045859"|"13250033"
0|12|23||5|40|75||||"8045859"|"13396439"
0|3|6||75|162|250||||"8045859"|"13542844"
0|10|20||5|40|75||||"8045860"|"13250034"
0|2|3||75|162|250||||"8045860"|"13396440"
0|14|28||2|4|5||||"8045860"|"13689249"
2|6|9||75|162|250||||"8045861"|"13250035"
0|11|22||2|4|5||||"8045861"|"13542845"
0|9|17||5|40|75||||"8045861"|"13689250"
0|13|26||2|4|5||||"8045862"|"13396441"
0|12|23||5|40|75||||"8045862"|"13542846"
0|12|23||75|162|250||||"8045862"|"13689251"
0|1|1||250|625|1000||||"8045862"|"13250036"
0|5|9||2|4|5||||"8045863"|"13396442"
0|3|6||5|40|75||||"8045863"|"13542847"
0|3|6||75|162|250||||"8045863"|"13689252"
0|12|23||2|4|5||||"8045864"|"13250037"
3|10|17||5|40|75||||"8045864"|"13396443"
0|3|6||75|162|250||||"8045864"|"13542848"
5|25|45||5|40|75||||"8045865"|"13250038"
0|6|11||75|162|250||||"8045865"|"13396444"
0|22|43||2|4|5||||"8045865"|"13689253"
0|6|11||75|162|250||||"8045866"|"13250039"
0|1|1||250|625|1000||||"8045866"|"13396445"
0|16|31||2|4|5||||"8045866"|"13542849"
13|28|43||5|40|75||||"8045866"|"13689254"
0|2|3||2|4|5||||"8045899"|"13542874"
0|2|3||5|40|75||||"8045899"|"13689279"
0|5|9||2|4|5||||"8054711"|"13253980"
0|3|6||5|40|75||||"8054711"|"13400386"
0|5|9||2|4|5||||"8054713"|"13546791"
0|5|9||5|40|75||||"8054713"|"13693196"
0|3|6||2|4|5||||"8054714"|"13253981"
0|2|3||5|40|75||||"8054714"|"13400387"
0|19|37||2|4|5||||"8054715"|"13546792"
0|14|28||5|40|75||||"8054715"|"13693197"
0|14|28||2|4|5||||"8054719"|"13253982"
0|9|17||5|40|75||||"8054719"|"13400388"
0|3|6||2|4|5||||"8054720"|"13546793"
0|2|3||5|40|75||||"8054720"|"13693198"
0|5|9||2|4|5||||"8054721"|"13253983"
0|3|6||5|40|75||||"8054721"|"13400389"
0|3|6||2|4|5||||"8054722"|"13546794"
0|2|3||5|40|75||||"8054722"|"13693199"
0|3|6||2|4|5||||"8054723"|"13253984"
0|2|3||5|40|75||||"8054723"|"13400390"
0|14|28||2|4|5||||"8054725"|"13546795"
0|9|17||5|40|75||||"8054725"|"13693200"
0|10|20||2|4|5||||"8054726"|"13253985"
0|6|11||5|40|75||||"8054726"|"13400391"
0|1|1||2|4|5||||"8054728"|"13546796"
0|3|6||5|40|75||||"8054729"|"13253986"
0|5|9||2|4|5||||"8054729"|"13693201"
0|2|3||2|4|5||||"8054730"|"13400392"
0|2|3||5|40|75||||"8054730"|"13546797"
0|6|11||5|40|75||||"8054731"|"13253987"
0|9|17||2|4|5||||"8054731"|"13693202"
0|23|45||2|4|5||||"8054733"|"13400393"
0|22|43||5|40|75||||"8054733"|"13546798"
0|9|17||75|162|250||||"8054733"|"13693203"
0|13|26||2|4|5||||"8058480"|"13255437"
0|7|14||5|40|75||||"8058480"|"13401843"
0|10|20||2|4|5||||"8058481"|"13548248"
0|6|11||5|40|75||||"8058481"|"13694653"
0|7|14||2|4|5||||"8058488"|"13548251"
0|6|11||5|40|75||||"8058488"|"13694656"
0|6|11||2|4|5||||"8058489"|"13255441"
0|3|6||5|40|75||||"8058489"|"13401847"
0|5|9||2|4|5||||"8058538"|"13255472"
0|5|9||5|40|75||||"8058538"|"13401878"
0|6|11||2|4|5||||"8058539"|"13548283"
0|3|6||5|40|75||||"8058539"|"13694688"
0|3|6||2|4|5||||"8058540"|"13255473"
0|2|3||5|40|75||||"8058540"|"13401879"
0|6|11||2|4|5||||"8058541"|"13548284"
0|2|3||5|40|75||||"8058541"|"13694689"
0|10|20||2|4|5||||"8058542"|"13255474"
0|7|14||5|40|75||||"8058542"|"13401880"
0|10|20||2|4|5||||"8058543"|"13548285"
0|6|11||5|40|75||||"8058543"|"13694690"
0|3|5||2|4|5||||"8058544"|"13255475"
0|2|3||5|40|75||||"8058544"|"13401881"
0|3|6||2|4|5||||"8058545"|"13548286"
0|2|3||5|40|75||||"8058545"|"13694691"
0|3|6||2|4|5||||"8060771"|"13549411"
0|2|3||5|40|75||||"8060771"|"13695816"
0|19|37||2|4|5||||"8060772"|"13256601"
0|9|17||5|40|75||||"8060772"|"13403007"
0|6|11||5|40|75||||"8060777"|"13256603"
0|7|14||2|4|5||||"8060777"|"13695818"
0|2|3||2|4|5||||"8060778"|"13403009"
5|18|31||5|40|75||||"8066719"|"13259213"
0|6|11||75|162|250||||"8066719"|"13405619"
0|20|40||2|4|5||||"8066719"|"13698428"
0|6|11||75|162|250||||"8066720"|"13259214"
0|7|14||2|4|5||||"8066720"|"13552024"
0|6|11||5|40|75||||"8066720"|"13698429"
0|6|11||2|4|5||||"8066721"|"13405620"
0|5|9||5|40|75||||"8066721"|"13552025"
0|12|23||5|40|75||||"8066722"|"13259215"
0|3|6||75|162|250||||"8066722"|"13405621"
0|14|28||2|4|5||||"8066722"|"13698430"
0|3|6||75|162|250||||"8066723"|"13259216"
0|1|1||250|625|1000||||"8066723"|"13405622"
0|14|28||2|4|5||||"8066723"|"13552026"
10|21|31||5|40|75||||"8066723"|"13698431"
0|5|9||75|162|250||||"8066724"|"13259217"
0|6|11||2|4|5||||"8066724"|"13552027"
0|5|9||5|40|75||||"8066724"|"13698432"
0|1|1||250|625|1000||||"8066725"|"13259218"
0|7|14||2|4|5||||"8066725"|"13405623"
0|5|9||5|40|75||||"8066725"|"13552028"
0|3|6||75|162|250||||"8066725"|"13698433"
0|2|3||5|40|75||||"8066758"|"13259235"
0|3|6||2|4|5||||"8066758"|"13698450"
0|2|3||2|4|5||||"8075542"|"13555944"
0|3|6||5|40|75||||"8075543"|"13263134"
0|5|9||2|4|5||||"8075543"|"13702349"
0|9|17||2|4|5||||"8075544"|"13409540"
0|6|11||5|40|75||||"8075544"|"13555945"
0|2|3||5|40|75||||"8075545"|"13263135"
0|3|6||2|4|5||||"8075545"|"13702350"
0|2|3||2|4|5||||"8075546"|"13409541"
0|2|3||5|40|75||||"8075546"|"13555946"
0|6|11||5|40|75||||"8075548"|"13263136"
0|9|17||2|4|5||||"8075548"|"13702351"
0|6|11||2|4|5||||"8075549"|"13409542"
0|5|9||5|40|75||||"8075549"|"13555947"
0|2|3||5|40|75||||"8075550"|"13263137"
0|3|6||2|4|5||||"8075550"|"13702352"
0|3|6||2|4|5||||"8075552"|"13409543"
0|2|3||5|40|75||||"8075552"|"13555948"
0|2|3||5|40|75||||"8075554"|"13263138"
0|3|6||2|4|5||||"8075554"|"13702353"
0|14|28||2|4|5||||"8075555"|"13409544"
0|9|17||5|40|75||||"8075555"|"13555949"
0|6|11||5|40|75||||"8075556"|"13263139"
0|7|14||2|4|5||||"8075556"|"13702354"
0|3|6||2|4|5||||"8075559"|"13409545"
0|2|3||5|40|75||||"8075559"|"13555950"
0|3|6||5|40|75||||"8075560"|"13263140"
0|5|9||2|4|5||||"8075560"|"13702355"
0|2|3||2|4|5||||"8075561"|"13409546"
0|2|3||5|40|75||||"8075561"|"13555951"
0|2|3||5|40|75||||"8075562"|"13263141"
0|2|3||2|4|5||||"8075562"|"13702356"
0|7|14||2|4|5||||"8079328"|"13411007"
0|2|3||5|40|75||||"8079328"|"13557412"
0|3|6||5|40|75||||"8079329"|"13264602"
0|5|9||2|4|5||||"8079329"|"13703817"
0|6|11||2|4|5||||"8079336"|"13557416"
0|5|9||5|40|75||||"8079336"|"13703821"
0|19|37||2|4|5||||"8079337"|"13264606"
0|16|31||5|40|75||||"8079337"|"13411012"
0|5|9||2|4|5||||"8079338"|"13557417"
0|3|6||5|40|75||||"8079338"|"13703822"
0|14|28||2|4|5||||"8079339"|"13264607"
0|9|17||5|40|75||||"8079339"|"13411013"
0|9|17||2|4|5||||"8079385"|"13411043"
0|6|11||5|40|75||||"8079385"|"13557448"
0|5|9||5|40|75||||"8079386"|"13264638"
0|6|11||2|4|5||||"8079386"|"13703853"
0|6|11||2|4|5||||"8079387"|"13411044"
0|5|9||5|40|75||||"8079387"|"13557449"
0|2|3||2|4|5||||"8079388"|"13703854"
0|9|17||2|4|5||||"8079389"|"13264639"
0|3|6||5|40|75||||"8079389"|"13411045"
0|1|1||2|4|5||||"8079390"|"13557450"
0|2|3||2|4|5||||"8079391"|"13703855"
0|3|6||2|4|5||||"8081631"|"13265768"
0|2|3||5|40|75||||"8081631"|"13412174"
0|10|20||2|4|5||||"8081638"|"13558581"
0|7|14||5|40|75||||"8081638"|"13704986"
0|5|9||2|4|5||||"8081639"|"13265771"
0|3|6||5|40|75||||"8081639"|"13412177"
0|3|6||75|162|250||||"8087597"|"13268355"
0|6|11||2|4|5||||"8087597"|"13561165"
0|5|9||5|40|75||||"8087597"|"13707570"
0|14|28||2|4|5||||"8087598"|"13414761"
0|10|20||5|40|75||||"8087598"|"13561166"
0|3|6||75|162|250||||"8087598"|"13707571"
0|6|11||2|4|5||||"8087601"|"13268356"
10|15|20||5|40|75||||"8087601"|"13414762"
0|3|6||75|162|250||||"8087601"|"13561167"
0|2|3||5|40|75||||"8087602"|"13268357"
0|3|6||2|4|5||||"8087602"|"13707572"
3|9|14||250|625|1000||||"8087603"|"13268358"
0|8|15||2|4|5||||"8087603"|"13414763"
0|5|10||5|40|75||||"8087603"|"13561168"
3|7|11||75|162|250||||"8087603"|"13707573"
0|5|9||2|4|5||||"8087635"|"13414786"
0|3|6||5|40|75||||"8087635"|"13561191"
0|6|11||5|40|75||||"8087636"|"13268381"
0|2|3||75|162|250||||"8087636"|"13414787"
0|7|14||2|4|5||||"8087636"|"13707596"
0|2|3||2|4|5||||"8096399"|"13418673"
0|2|3||2|4|5||||"8096401"|"13565078"
0|9|17||5|40|75||||"8096402"|"13272268"
0|14|28||2|4|5||||"8096402"|"13711483"
0|6|11||2|4|5||||"8096403"|"13418674"
0|5|9||5|40|75||||"8096403"|"13565079"
0|2|3||5|40|75||||"8096404"|"13272269"
0|2|3||2|4|5||||"8096404"|"13711484"
0|3|6||2|4|5||||"8096405"|"13418675"
0|2|3||5|40|75||||"8096405"|"13565080"
0|2|3||2|4|5||||"8096407"|"13711485"
0|2|3||2|4|5||||"8096408"|"13272270"
0|2|3||5|40|75||||"8096408"|"13418676"
0|5|9||2|4|5||||"8096409"|"13565081"
0|3|6||5|40|75||||"8096409"|"13711486"
0|6|11||2|4|5||||"8096412"|"13272271"
0|5|9||5|40|75||||"8096412"|"13418677"
0|9|17||2|4|5||||"8096415"|"13565082"
0|6|11||5|40|75||||"8096415"|"13711487"
0|3|6||2|4|5||||"8096416"|"13272272"
0|2|3||5|40|75||||"8096416"|"13418678"
0|6|11||2|4|5||||"8096418"|"13565083"
0|5|9||5|40|75||||"8096418"|"13711488"
0|6|11||2|4|5||||"8096419"|"13272273"
0|5|9||5|40|75||||"8096419"|"13418679"
0|3|6||2|4|5||||"8096420"|"13565084"
0|2|3||5|40|75||||"8096420"|"13711489"
0|5|9||2|4|5||||"8096421"|"13272274"
0|3|6||5|40|75||||"8096421"|"13418680"
0|2|3||2|4|5||||"8100170"|"13566553"
0|2|3||5|40|75||||"8100170"|"13712958"
0|7|14||2|4|5||||"8100171"|"13273743"
0|3|6||5|40|75||||"8100171"|"13420149"
0|14|28||2|4|5||||"8100172"|"13566554"
0|9|17||5|40|75||||"8100172"|"13712959"
0|2|3||5|40|75||||"8100179"|"13273748"
0|3|6||2|4|5||||"8100179"|"13712963"
0|2|3||2|4|5||||"8100180"|"13420154"
0|2|3||5|40|75||||"8100180"|"13566559"
0|16|31||5|40|75||||"8100181"|"13273749"
0|19|37||2|4|5||||"8100181"|"13712964"
0|9|17||2|4|5||||"8100228"|"13566591"
0|6|11||5|40|75||||"8100228"|"13712996"
0|5|9||2|4|5||||"8100229"|"13273781"
0|5|9||5|40|75||||"8100229"|"13420187"
0|3|6||2|4|5||||"8100230"|"13566592"
0|2|3||5|40|75||||"8100230"|"13712997"
0|17|34||5|40|75||||"8100231"|"13420188"
0|19|37||2|4|5||||"8100231"|"13273782"
0|2|3||2|4|5||||"8100232"|"13566593"
0|2|3||2|4|5||||"8100233"|"13712998"
0|3|6||2|4|5||||"8100234"|"13273783"
0|2|3||5|40|75||||"8100234"|"13420189"
0|2|3||75|162|250||||"8100234"|"13566594"
0|2|3||5|40|75||||"8102454"|"13274913"
0|3|6||2|4|5||||"8102454"|"13714128"
0|3|6||2|4|5||||"8102455"|"13421319"
0|2|3||5|40|75||||"8102455"|"13567724"
0|19|37||2|4|5||||"8102459"|"13421321"
0|16|31||5|40|75||||"8102459"|"13567726"
0|2|3||5|40|75||||"8102460"|"13274916"
0|5|9||2|4|5||||"8102460"|"13714131"
0|9|17||2|4|5||||"8102461"|"13421322"
0|6|11||5|40|75||||"8102461"|"13567727"
0|9|17||2|4|5||||"8102487"|"13421333"
0|6|11||5|40|75||||"8102487"|"13567738"
0|6|11||2|4|5||||"8108402"|"13277541"
0|5|9||5|40|75||||"8108402"|"13423947"
0|3|6||75|162|250||||"8108402"|"13570352"
0|5|9||5|40|75||||"8108403"|"13277542"
0|2|3||75|162|250||||"8108403"|"13423948"
0|6|11||2|4|5||||"8108403"|"13716757"
0|9|17||2|4|5||||"8108404"|"13570353"
0|6|11||5|40|75||||"8108404"|"13716758"
0|6|11||2|4|5||||"8108405"|"13277543"
0|5|9||5|40|75||||"8108405"|"13423949"
0|12|23||75|162|250||||"8108406"|"13277544"
0|1|1||250|625|1000||||"8108406"|"13423950"
0|13|26||2|4|5||||"8108406"|"13570354"
0|12|23||5|40|75||||"8108406"|"13716759"
0|14|28||75|162|250||||"8108407"|"13277545"
0|14|28||2|4|5||||"8108407"|"13570355"
0|12|23||5|40|75||||"8108407"|"13716760"
0|20|40||2|4|5||||"8108409"|"13423951"
5|18|31||5|40|75||||"8108409"|"13570356"
0|6|11||75|162|250||||"8108409"|"13716761"
0|7|14||2|4|5||||"8108410"|"13277546"
0|6|11||5|40|75||||"8108410"|"13423952"
0|6|11||75|162|250||||"8108410"|"13570357"
0|9|17||2|4|5||||"8117199"|"13427954"
0|3|6||5|40|75||||"8117199"|"13574359"
0|2|3||5|40|75||||"8117200"|"13281549"
0|3|6||2|4|5||||"8117200"|"13720764"
0|10|20||2|4|5||||"8117201"|"13427955"
0|6|11||5|40|75||||"8117201"|"13574360"
0|2|3||2|4|5||||"8117202"|"13720765"
0|6|11||2|4|5||||"8117203"|"13281550"
0|3|6||5|40|75||||"8117203"|"13427956"
0|7|14||2|4|5||||"8117204"|"13574361"
0|6|11||5|40|75||||"8117204"|"13720766"
0|2|3||2|4|5||||"8117205"|"13281551"
0|2|3||5|40|75||||"8117205"|"13427957"
0|9|17||2|4|5||||"8117208"|"13574362"
0|3|6||5|40|75||||"8117208"|"13720767"
0|2|3||2|4|5||||"8117209"|"13281552"
0|2|3||5|40|75||||"8117209"|"13427958"
0|5|9||2|4|5||||"8117210"|"13574363"
0|3|6||5|40|75||||"8117210"|"13720768"
0|3|6||2|4|5||||"8117212"|"13281553"
0|2|3||5|40|75||||"8117212"|"13427959"
0|6|11||2|4|5||||"8117213"|"13574364"
0|5|9||5|40|75||||"8117213"|"13720769"
0|5|9||2|4|5||||"8117215"|"13281554"
0|5|9||5|40|75||||"8117215"|"13427960"
0|2|3||2|4|5||||"8117216"|"13574365"
0|2|3||5|40|75||||"8117217"|"13281555"
0|3|6||2|4|5||||"8117217"|"13720770"
0|2|3||2|4|5||||"8117218"|"13427961"
0|2|3||75|162|250||||"8117219"|"13281556"
0|6|11||2|4|5||||"8117219"|"13574366"
0|5|9||5|40|75||||"8117219"|"13720771"
0|6|11||2|4|5||||"8117220"|"13427962"
0|3|6||5|40|75||||"8117220"|"13574367"
0|2|3||2|4|5||||"8117221"|"13720772"
0|13|26||2|4|5||||"8120981"|"13575797"
0|7|14||5|40|75||||"8120981"|"13722202"
0|6|11||2|4|5||||"8120982"|"13282987"
32|42|51||5|40|75||||"8120982"|"13429393"
0|7|14||75|162|250||||"8120982"|"13575798"
0|6|11||2|4|5||||"8120989"|"13282991"
0|5|9||5|40|75||||"8120989"|"13429397"
0|3|6||75|162|250||||"8120990"|"13282992"
0|14|28||2|4|5||||"8120990"|"13575802"
0|12|23||5|40|75||||"8120990"|"13722207"
0|3|6||2|4|5||||"8120991"|"13429398"
0|2|3||5|40|75||||"8120991"|"13575803"
0|9|17||5|40|75||||"8121039"|"13283025"
0|14|28||2|4|5||||"8121039"|"13722240"
0|7|14||2|4|5||||"8121040"|"13429431"
0|3|6||5|40|75||||"8121040"|"13575836"
0|3|6||5|40|75||||"8121041"|"13283026"
0|5|9||2|4|5||||"8121041"|"13722241"
0|5|9||2|4|5||||"8121042"|"13429432"
0|3|6||5|40|75||||"8121042"|"13575837"
0|1|1||2|4|5||||"8121043"|"13722242"
0|1|1||2|4|5||||"8121044"|"13283027"
0|1|1||5|40|75||||"8121044"|"13429433"
0|22|43||2|4|5||||"8123258"|"13430546"
6|25|43||5|40|75||||"8123258"|"13576951"
0|7|14||2|4|5||||"8123265"|"13430549"
0|6|11||5|40|75||||"8123265"|"13576954"
0|2|3||5|40|75||||"8123266"|"13284144"
0|2|3||2|4|5||||"8123266"|"13723359"
0|9|17||75|162|250||||"8123291"|"13284155"
0|23|45||2|4|5||||"8123291"|"13576965"
0|22|43||5|40|75||||"8123291"|"13723370"
0|14|28||2|4|5||||"8129176"|"13433099"
0|12|23||5|40|75||||"8129176"|"13579504"
0|14|28||75|162|250||||"8129176"|"13725909"
0|6|11||2|4|5||||"8129177"|"13286694"
0|5|9||5|40|75||||"8129177"|"13433100"
0|3|6||75|162|250||||"8129178"|"13286695"
0|10|20||2|4|5||||"8129178"|"13579505"
3|10|17||5|40|75||||"8129178"|"13725910"
0|9|17||2|4|5||||"8129180"|"13433101"
3|9|14||5|40|75||||"8129180"|"13579506"
0|3|6||75|162|250||||"8129180"|"13725911"
0|14|28||2|4|5||||"8129181"|"13286696"
10|21|31||5|40|75||||"8129181"|"13433102"
0|3|6||75|162|250||||"8129181"|"13579507"
0|1|1||250|625|1000||||"8129181"|"13725912"
0|2|3||2|4|5||||"8129216"|"13433120"
0|2|3||5|40|75||||"8129216"|"13579525"
0|5|9||2|4|5||||"8138028"|"13583449"
0|3|6||5|40|75||||"8138028"|"13729854"
0|2|3||2|4|5||||"8138029"|"13290639"
0|9|17||2|4|5||||"8138030"|"13437045"
0|6|11||5|40|75||||"8138030"|"13583450"
0|2|3||5|40|75||||"8138031"|"13290640"
0|3|6||2|4|5||||"8138031"|"13729855"
0|6|11||2|4|5||||"8138032"|"13437046"
0|5|9||5|40|75||||"8138032"|"13583451"
0|3|6||5|40|75||||"8138034"|"13290641"
0|5|9||2|4|5||||"8138034"|"13729856"
0|5|9||2|4|5||||"8138035"|"13437047"
0|3|6||5|40|75||||"8138035"|"13583452"
0|2|3||5|40|75||||"8138036"|"13290642"
0|3|6||2|4|5||||"8138036"|"13729857"
0|2|3||2|4|5||||"8138038"|"13437048"
0|2|3||5|40|75||||"8138038"|"13583453"
0|2|3||5|40|75||||"8138039"|"13290643"
0|3|6||2|4|5||||"8138039"|"13729858"
0|3|6||2|4|5||||"8138040"|"13437049"
0|2|3||5|40|75||||"8138040"|"13583454"
0|2|3||2|4|5||||"8138041"|"13729859"
0|5|9||2|4|5||||"8138042"|"13290644"
0|5|9||5|40|75||||"8138042"|"13437050"
0|6|11||2|4|5||||"8138043"|"13583455"
0|3|6||5|40|75||||"8138043"|"13729860"
0|5|9||2|4|5||||"8138045"|"13290645"
0|2|3||5|40|75||||"8138045"|"13437051"
0|5|9||2|4|5||||"8138046"|"13583456"
0|3|6||5|40|75||||"8138046"|"13729861"
0|2|3||2|4|5||||"8138047"|"13290646"
0|2|3||5|40|75||||"8138047"|"13437052"
0|9|17||2|4|5||||"8138049"|"13583457"
0|6|11||5|40|75||||"8138049"|"13729862"
0|5|9||2|4|5||||"8141797"|"13292080"
0|5|9||5|40|75||||"8141797"|"13438486"
0|13|26||2|4|5||||"8141798"|"13584891"
0|2|3||5|40|75||||"8141798"|"13731296"
0|6|11||5|40|75||||"8141805"|"13292085"
0|7|14||2|4|5||||"8141805"|"13731300"
0|9|17||2|4|5||||"8141806"|"13438491"
0|3|6||5|40|75||||"8141806"|"13584896"
0|2|3||5|40|75||||"8141807"|"13292086"
0|3|6||2|4|5||||"8141807"|"13731301"
0|3|6||2|4|5||||"8141808"|"13438492"
0|2|3||5|40|75||||"8141808"|"13584897"
0|9|17||2|4|5||||"8141855"|"13438522"
0|6|11||5|40|75||||"8141855"|"13584927"
0|6|11||5|40|75||||"8141856"|"13292117"
0|7|14||2|4|5||||"8141856"|"13731332"
0|3|6||2|4|5||||"8141857"|"13438523"
0|2|3||5|40|75||||"8141857"|"13584928"
0|2|3||5|40|75||||"8141858"|"13292118"
0|6|11||2|4|5||||"8141858"|"13731333"
0|5|9||2|4|5||||"8141859"|"13438524"
0|5|9||5|40|75||||"8141859"|"13584929"
0|2|3||5|40|75||||"8141861"|"13292119"
0|3|5||2|4|5||||"8141861"|"13731334"
0|3|6||2|4|5||||"8141862"|"13438525"
0|2|3||5|40|75||||"8141862"|"13584930"
0|22|43||2|4|5||||"8144087"|"13439652"
6|25|43||5|40|75||||"8144087"|"13586057"
0|2|3||5|40|75||||"8144088"|"13293247"
0|3|6||2|4|5||||"8144088"|"13732462"
0|7|14||2|4|5||||"8144094"|"13293249"
0|6|11||5|40|75||||"8144094"|"13439655"
0|2|3||2|4|5||||"8144095"|"13586060"
0|1|1||2|4|5||||"8144122"|"13586071"
0|5|9||5|40|75||||"8150035"|"13295864"
0|5|9||2|4|5||||"8150035"|"13735079"
0|5|9||2|4|5||||"8150036"|"13442270"
0|3|6||5|40|75||||"8150036"|"13588675"
0|5|10||5|40|75||||"8150037"|"13295865"
3|6|9||75|162|250||||"8150037"|"13442271"
2|4|6||250|625|1000||||"8150037"|"13588676"
0|7|13||2|4|5||||"8150037"|"13735080"
0|12|23||5|40|75||||"8150038"|"13295866"
0|3|6||75|162|250||||"8150038"|"13442272"
0|14|28||2|4|5||||"8150038"|"13735081"
0|14|28||75|162|250||||"8150039"|"13295867"
0|14|28||2|4|5||||"8150039"|"13588677"
0|12|23||5|40|75||||"8150039"|"13735082"
3|9|14||250|625|1000||||"8150040"|"13295868"
0|8|15||2|4|5||||"8150040"|"13442273"
0|5|10||5|40|75||||"8150040"|"13588678"
3|7|11||75|162|250||||"8150040"|"13735083"
0|6|11||2|4|5||||"8150041"|"13442274"
0|5|9||5|40|75||||"8150041"|"13588679"
0|5|9||75|162|250||||"8150041"|"13735084"
0|7|14||2|4|5||||"8150042"|"13295869"
0|6|11||5|40|75||||"8150042"|"13442275"
0|3|6||75|162|250||||"8150042"|"13588680"
0|1|1||250|625|1000||||"8150042"|"13735085"
0|3|6||2|4|5||||"8150074"|"13442297"
0|2|3||5|40|75||||"8150074"|"13588702"
0|2|3||5|40|75||||"8150075"|"13295892"
0|3|6||2|4|5||||"8150075"|"13735107"
0|5|9||2|4|5||||"8158858"|"13446191"
0|3|6||5|40|75||||"8158858"|"13592596"
0|2|3||2|4|5||||"8158859"|"13739001"
0|5|9||2|4|5||||"8158860"|"13299786"
0|3|6||5|40|75||||"8158860"|"13446192"
0|6|11||2|4|5||||"8158861"|"13592597"
0|5|9||5|40|75||||"8158861"|"13739002"
0|3|6||2|4|5||||"8158862"|"13299787"
0|2|3||5|40|75||||"8158862"|"13446193"
0|2|3||2|4|5||||"8158863"|"13592598"
0|2|3||5|40|75||||"8158863"|"13739003"
0|3|6||2|4|5||||"8158864"|"13299788"
0|2|3||5|40|75||||"8158864"|"13446194"
0|6|11||2|4|5||||"8158866"|"13592599"
0|5|9||5|40|75||||"8158866"|"13739004"
0|3|6||2|4|5||||"8158867"|"13299789"
0|2|3||5|40|75||||"8158867"|"13446195"
0|6|11||2|4|5||||"8158868"|"13592600"
0|5|9||5|40|75||||"8158868"|"13739005"
0|3|6||2|4|5||||"8158869"|"13299790"
0|2|3||5|40|75||||"8158869"|"13446196"
0|5|9||2|4|5||||"8158870"|"13592601"
0|3|6||5|40|75||||"8158870"|"13739006"
0|3|6||2|4|5||||"8158871"|"13299791"
0|2|3||5|40|75||||"8158871"|"13446197"
0|6|11||2|4|5||||"8158872"|"13592602"
0|3|6||5|40|75||||"8158872"|"13739007"
0|7|14||2|4|5||||"8158873"|"13299792"
0|6|11||5|40|75||||"8158873"|"13446198"
0|2|3||2|4|5||||"8158876"|"13592603"
0|2|3||5|40|75||||"8158876"|"13739008"
0|9|17||2|4|5||||"8158877"|"13299793"
0|3|6||5|40|75||||"8158877"|"13446199"
0|3|6||75|162|250||||"8158878"|"13299794"
0|6|11||2|4|5||||"8158878"|"13592604"
0|5|9||5|40|75||||"8158878"|"13739009"
0|2|3||2|4|5||||"8158879"|"13446200"
0|2|3||5|40|75||||"8158879"|"13592605"
0|2|3||5|40|75||||"8162645"|"13301261"
0|2|3||2|4|5||||"8162645"|"13740476"
0|3|6||2|4|5||||"8162646"|"13447667"
0|2|3||5|40|75||||"8162646"|"13594072"
0|2|3||75|162|250||||"8162646"|"13740477"
0|5|9||2|4|5||||"8162647"|"13301262"
0|3|6||5|40|75||||"8162647"|"13447668"
0|14|28||2|4|5||||"8162653"|"13447671"
0|9|17||5|40|75||||"8162653"|"13594076"
0|7|14||5|40|75||||"8162654"|"13301266"
0|9|17||2|4|5||||"8162654"|"13740481"
0|5|9||2|4|5||||"8162655"|"13447672"
0|3|6||5|40|75||||"8162655"|"13594077"
0|3|6||2|4|5||||"8162702"|"13447701"
0|2|3||5|40|75||||"8162702"|"13594106"
0|2|3||75|162|250||||"8162702"|"13740511"
0|14|28||2|4|5||||"8162703"|"13301296"
0|9|17||5|40|75||||"8162703"|"13447702"
0|6|11||2|4|5||||"8162704"|"13594107"
0|5|9||5|40|75||||"8162704"|"13740512"
0|7|14||2|4|5||||"8162705"|"13301297"
0|3|6||5|40|75||||"8162705"|"13447703"
0|9|17||2|4|5||||"8162706"|"13594108"
0|6|11||5|40|75||||"8162706"|"13740513"
0|6|11||2|4|5||||"8164947"|"13302421"
0|5|9||5|40|75||||"8164947"|"13448827"
0|19|37||2|4|5||||"8164954"|"13302423"
0|17|34||5|40|75||||"8164954"|"13448829"
0|6|11||2|4|5||||"8164955"|"13595234"
0|5|9||5|40|75||||"8164955"|"13741639"
0|5|9||2|4|5||||"8164956"|"13302424"
0|3|6||5|40|75||||"8164956"|"13448830"
0|1|1||75|162|250||||"8164980"|"13302435"
0|7|14||2|4|5||||"8164980"|"13595245"
0|2|3||5|40|75||||"8164980"|"13741650"
0|6|11||2|4|5||||"8170914"|"13451417"
0|5|9||5|40|75||||"8170914"|"13597822"
0|3|6||75|162|250||||"8170914"|"13744227"
0|14|28||2|4|5||||"8170915"|"13305012"
0|10|20||5|40|75||||"8170915"|"13451418"
0|2|3||75|162|250||||"8170915"|"13597823"
0|5|9||5|40|75||||"8170917"|"13305013"
0|6|11||2|4|5||||"8170917"|"13744228"
0|14|28||2|4|5||||"8170918"|"13451419"
0|10|20||5|40|75||||"8170918"|"13597824"
0|5|9||75|162|250||||"8170918"|"13744229"
0|6|11||2|4|5||||"8170919"|"13305014"
0|5|9||5|40|75||||"8170919"|"13451420"
0|12|23||75|162|250||||"8170920"|"13305015"
0|1|1||250|625|1000||||"8170920"|"13451421"
0|13|26||2|4|5||||"8170920"|"13597825"
0|12|23||5|40|75||||"8170920"|"13744230"
0|3|6||2|4|5||||"8170952"|"13305033"
0|6|11||2|4|5||||"8170953"|"13451439"
0|3|6||5|40|75||||"8170953"|"13597844"
0|2|3||2|4|5||||"8179715"|"13748138"
0|5|9||2|4|5||||"8179716"|"13308923"
0|3|6||5|40|75||||"8179716"|"13455329"
0|2|3||2|4|5||||"8179717"|"13601734"
0|3|6||5|40|75||||"8179718"|"13308924"
0|5|9||2|4|5||||"8179718"|"13748139"
0|14|28||2|4|5||||"8179719"|"13455330"
0|9|17||5|40|75||||"8179719"|"13601735"
0|2|3||5|40|75||||"8179720"|"13308925"
0|3|6||2|4|5||||"8179720"|"13748140"
0|3|6||2|4|5||||"8179721"|"13455331"
0|2|3||5|40|75||||"8179721"|"13601736"
0|2|3||75|162|250||||"8179721"|"13748141"
0|3|6||2|4|5||||"8179722"|"13308926"
0|2|3||5|40|75||||"8179722"|"13455332"
0|5|9||2|4|5||||"8179723"|"13601737"
0|3|6||5|40|75||||"8179723"|"13748142"
0|9|17||2|4|5||||"8179725"|"13308927"
0|3|6||5|40|75||||"8179725"|"13455333"
0|2|3||2|4|5||||"8179727"|"13601738"
0|2|3||5|40|75||||"8179727"|"13748143"
0|6|11||2|4|5||||"8179728"|"13308928"
0|5|9||5|40|75||||"8179728"|"13455334"
0|2|3||2|4|5||||"8179730"|"13601739"
0|6|11||5|40|75||||"8179731"|"13308929"
0|10|20||2|4|5||||"8179731"|"13748144"
0|6|11||2|4|5||||"8179734"|"13455335"
0|5|9||5|40|75||||"8179734"|"13601740"
0|7|14||5|40|75||||"8179735"|"13308930"
0|9|17||2|4|5||||"8179735"|"13748145"
0|3|6||2|4|5||||"8179736"|"13455336"
0|2|3||5|40|75||||"8179736"|"13601741"
0|13|26||2|4|5||||"8183486"|"13456818"
0|7|14||5|40|75||||"8183486"|"13603223"
0|3|6||5|40|75||||"8183487"|"13310413"
0|7|14||2|4|5||||"8183487"|"13749628"
0|6|11||2|4|5||||"8183494"|"13603227"
0|5|9||5|40|75||||"8183494"|"13749632"
0|3|6||2|4|5||||"8183495"|"13310417"
0|2|3||5|40|75||||"8183495"|"13456823"
0|13|26||2|4|5||||"8183496"|"13603228"
0|7|14||5|40|75||||"8183496"|"13749633"
0|9|17||2|4|5||||"8183497"|"13310418"
0|7|14||5|40|75||||"8183497"|"13456824"
0|5|9||2|4|5||||"8183544"|"13310450"
0|3|6||5|40|75||||"8183544"|"13456856"
0|5|9||2|4|5||||"8183545"|"13603261"
0|5|9||5|40|75||||"8183545"|"13749666"
0|3|6||2|4|5||||"8183546"|"13310451"
0|2|3||5|40|75||||"8183546"|"13456857"
0|2|3||2|4|5||||"8183547"|"13603262"
0|3|6||5|40|75||||"8183548"|"13310452"
0|6|11||2|4|5||||"8183548"|"13749667"
0|2|3||2|4|5||||"8183549"|"13456858"
0|3|6||75|162|250||||"8183550"|"13310453"
0|14|28||2|4|5||||"8183550"|"13603263"
0|12|23||5|40|75||||"8183550"|"13749668"
0|3|6||2|4|5||||"8185769"|"13311587"
0|2|3||5|40|75||||"8185769"|"13457993"
0|9|17||2|4|5||||"8185775"|"13604400"
0|7|14||5|40|75||||"8185775"|"13750805"
0|9|17||2|4|5||||"8185776"|"13311590"
0|2|3||5|40|75||||"8185776"|"13457996"
0|13|26||2|4|5||||"8185777"|"13604401"
0|2|3||5|40|75||||"8185777"|"13750806"
0|2|3||2|4|5||||"8185802"|"13604412"
0|2|3||5|40|75||||"8185802"|"13750817"
0|6|11||2|4|5||||"8191718"|"13314184"
0|6|11||5|40|75||||"8191718"|"13460590"
0|3|6||75|162|250||||"8191718"|"13606995"
20|27|34||5|40|75||||"8191719"|"13314185"
0|3|6||75|162|250||||"8191719"|"13460591"
0|6|11||2|4|5||||"8191719"|"13753400"
0|7|14||2|4|5||||"8191720"|"13606996"
0|6|11||5|40|75||||"8191720"|"13753401"
0|9|17||2|4|5||||"8191721"|"13314186"
0|7|14||5|40|75||||"8191721"|"13460592"
0|6|11||2|4|5||||"8191723"|"13606997"
0|6|11||5|40|75||||"8191723"|"13753402"
0|5|9||2|4|5||||"8191724"|"13314187"
0|5|9||5|40|75||||"8191724"|"13460593"
0|5|9||2|4|5||||"8191725"|"13606998"
0|3|6||5|40|75||||"8191725"|"13753403"
0|2|3||2|4|5||||"8191754"|"13607019"
0|2|3||5|40|75||||"8191754"|"13753424"
0|6|11||2|4|5||||"8191755"|"13314209"
0|5|9||5|40|75||||"8191755"|"13460615"
0|2|3||75|162|250||||"8191755"|"13607020"
0|3|6||5|40|75||||"8200514"|"13318062"
0|5|9||2|4|5||||"8200514"|"13757277"
0|9|17||2|4|5||||"8200515"|"13464468"
0|6|11||5|40|75||||"8200515"|"13610873"
0|5|9||5|40|75||||"8200516"|"13318063"
0|5|9||2|4|5||||"8200516"|"13757278"
0|2|3||2|4|5||||"8200517"|"13464469"
0|6|11||2|4|5||||"8200518"|"13610874"
0|5|9||5|40|75||||"8200518"|"13757279"
0|9|17||2|4|5||||"8200519"|"13318064"
0|3|6||5|40|75||||"8200519"|"13464470"
0|19|37||2|4|5||||"8200520"|"13610875"
0|14|28||5|40|75||||"8200520"|"13757280"
0|6|11||2|4|5||||"8200521"|"13318065"
0|5|9||5|40|75||||"8200521"|"13464471"
0|9|17||2|4|5||||"8200524"|"13610876"
0|6|11||5|40|75||||"8200524"|"13757281"
0|6|11||2|4|5||||"8200525"|"13318066"
0|5|9||5|40|75||||"8200525"|"13464472"
0|9|17||2|4|5||||"8200526"|"13610877"
0|3|6||5|40|75||||"8200526"|"13757282"
0|3|6||2|4|5||||"8200528"|"13318067"
0|2|3||5|40|75||||"8200528"|"13464473"
0|14|28||2|4|5||||"8200529"|"13610878"
0|9|17||5|40|75||||"8200529"|"13757283"
0|9|17||2|4|5||||"8200531"|"13318068"
0|6|11||5|40|75||||"8200531"|"13464474"
0|3|6||2|4|5||||"8200532"|"13610879"
0|5|9||5|40|75||||"8200534"|"13318069"
0|6|11||2|4|5||||"8200534"|"13757284"
0|6|11||2|4|5||||"8200535"|"13464475"
0|5|9||5|40|75||||"8200535"|"13610880"
0|2|3||75|162|250||||"8200535"|"13757285"
0|3|6||2|4|5||||"8204297"|"13465920"
0|2|3||5|40|75||||"8204297"|"13612325"
19|35|51||5|40|75||||"8204298"|"13319515"
0|7|14||75|162|250||||"8204298"|"13465921"
0|14|28||2|4|5||||"8204298"|"13758730"
0|5|9||5|40|75||||"8204305"|"13319519"
0|6|11||2|4|5||||"8204305"|"13758734"
0|3|6||2|4|5||||"8204306"|"13465925"
0|2|3||5|40|75||||"8204306"|"13612330"
0|3|6||5|40|75||||"8204307"|"13319520"
0|6|11||2|4|5||||"8204307"|"13758735"
0|2|3||2|4|5||||"8204355"|"13612362"
0|2|3||5|40|75||||"8204356"|"13319552"
0|2|3||2|4|5||||"8204356"|"13758767"
0|6|11||2|4|5||||"8204357"|"13465958"
0|3|6||5|40|75||||"8204357"|"13612363"
0|3|6||5|40|75||||"8204358"|"13319553"
0|5|9||2|4|5||||"8204358"|"13758768"
0|1|1||2|4|5||||"8204360"|"13465959"
0|1|1||5|40|75||||"8204360"|"13612364"
0|3|6||2|4|5||||"8206580"|"13320680"
0|2|3||5|40|75||||"8206580"|"13467086"
0|19|37||2|4|5||||"8206581"|"13613491"
0|16|31||5|40|75||||"8206581"|"13759896"
0|9|17||2|4|5||||"8206582"|"13320681"
0|6|11||5|40|75||||"8206582"|"13467087"
0|6|11||2|4|5||||"8206606"|"13320691"
0|1|1||75|162|250||||"8206606"|"13467097"
0|6|11||2|4|5||||"8212492"|"13616058"
0|5|9||5|40|75||||"8212492"|"13762463"
0|14|28||2|4|5||||"8212493"|"13323248"
0|10|20||5|40|75||||"8212493"|"13469654"
0|3|6||75|162|250||||"8212493"|"13616059"
0|9|17||5|40|75||||"8212494"|"13323249"
0|2|3||75|162|250||||"8212494"|"13469655"
0|12|23||2|4|5||||"8212494"|"13762464"
0|1|1||75|162|250||||"8212495"|"13323250"
0|3|6||2|4|5||||"8212495"|"13616060"
0|3|6||5|40|75||||"8212495"|"13762465"
0|6|11||2|4|5||||"8212497"|"13469656"
10|15|20||5|40|75||||"8212497"|"13616061"
0|3|6||75|162|250||||"8212497"|"13762466"
0|6|11||2|4|5||||"8212498"|"13323251"
0|6|11||5|40|75||||"8212498"|"13469657"
0|3|6||5|40|75||||"8212531"|"13323268"
0|5|9||2|4|5||||"8212531"|"13762483"
0|7|14||2|4|5||||"8221344"|"13619996"
0|6|11||5|40|75||||"8221344"|"13766401"
0|2|3||2|4|5||||"8221345"|"13327186"
0|10|20||2|4|5||||"8221346"|"13473592"
0|6|11||5|40|75||||"8221346"|"13619997"
0|3|6||5|40|75||||"8221347"|"13327187"
0|5|9||2|4|5||||"8221347"|"13766402"
0|6|11||2|4|5||||"8221348"|"13473593"
0|5|9||5|40|75||||"8221348"|"13619998"
0|3|6||5|40|75||||"8221350"|"13327188"
0|5|9||2|4|5||||"8221350"|"13766403"
0|6|11||2|4|5||||"8221351"|"13473594"
0|5|9||5|40|75||||"8221351"|"13619999"
0|2|3||5|40|75||||"8221354"|"13327189"
0|2|3||2|4|5||||"8221354"|"13766404"
0|3|6||2|4|5||||"8221355"|"13473595"
0|2|3||5|40|75||||"8221355"|"13620000"
0|5|9||5|40|75||||"8221357"|"13327190"
0|6|11||2|4|5||||"8221357"|"13766405"
0|5|9||2|4|5||||"8221358"|"13473596"
0|5|9||5|40|75||||"8221358"|"13620001"
0|3|6||5|40|75||||"8221359"|"13327191"
0|9|17||2|4|5||||"8221359"|"13766406"
0|10|20||2|4|5||||"8221362"|"13473597"
0|7|14||5|40|75||||"8221362"|"13620002"
0|3|6||5|40|75||||"8221363"|"13327192"
0|5|9||2|4|5||||"8221363"|"13766407"
0|7|14||2|4|5||||"8221365"|"13473598"
0|6|11||5|40|75||||"8221365"|"13620003"
0|2|3||5|40|75||||"8225112"|"13328631"
0|13|26||2|4|5||||"8225112"|"13767846"
0|5|9||2|4|5||||"8225113"|"13475037"
0|5|9||5|40|75||||"8225113"|"13621442"
0|2|3||5|40|75||||"8225114"|"13328632"
0|2|3||2|4|5||||"8225114"|"13767847"
0|19|37||2|4|5||||"8225121"|"13328636"
0|16|31||5|40|75||||"8225121"|"13475042"
0|9|17||2|4|5||||"8225122"|"13621447"
0|6|11||5|40|75||||"8225122"|"13767852"
0|3|6||2|4|5||||"8225123"|"13328637"
0|2|3||5|40|75||||"8225123"|"13475043"
0|10|20||2|4|5||||"8225171"|"13475074"
0|6|11||5|40|75||||"8225171"|"13621479"
0|2|3||5|40|75||||"8225172"|"13328669"
0|3|6||2|4|5||||"8225172"|"13767884"
0|3|6||2|4|5||||"8225173"|"13475075"
0|2|3||5|40|75||||"8225173"|"13621480"
0|3|6||5|40|75||||"8225174"|"13328670"
0|5|9||2|4|5||||"8225174"|"13767885"
0|5|9||2|4|5||||"8225175"|"13475076"
0|5|9||5|40|75||||"8225175"|"13621481"
0|2|3||2|4|5||||"8225176"|"13767886"
0|1|1||2|4|5||||"8225177"|"13328671"
0|3|6||2|4|5||||"8225178"|"13475077"
0|2|3||5|40|75||||"8225178"|"13621482"
0|3|6||2|4|5||||"8227403"|"13622610"
0|2|3||5|40|75||||"8227403"|"13769015"
0|6|11||2|4|5||||"8227404"|"13329800"
0|2|3||5|40|75||||"8227404"|"13476206"
0|19|37||2|4|5||||"8227410"|"13329802"
0|16|31||5|40|75||||"8227410"|"13476208"
0|7|14||2|4|5||||"8227411"|"13622613"
0|3|6||5|40|75||||"8227411"|"13769018"
0|5|9||2|4|5||||"8227438"|"13476220"
0|2|3||5|40|75||||"8227438"|"13622625"
0|12|23||2|4|5||||"8233351"|"13478826"
0|9|17||5|40|75||||"8233351"|"13625231"
0|3|6||75|162|250||||"8233351"|"13771636"
0|6|11||2|4|5||||"8233352"|"13332421"
0|5|9||5|40|75||||"8233352"|"13478827"
0|2|3||75|162|250||||"8233352"|"13625232"
0|5|9||5|40|75||||"8233353"|"13332422"
0|2|3||75|162|250||||"8233353"|"13478828"
0|6|11||2|4|5||||"8233353"|"13771637"
0|14|28||75|162|250||||"8233354"|"13332423"
0|14|28||2|4|5||||"8233354"|"13625233"
0|12|23||5|40|75||||"8233354"|"13771638"
3|6|9||250|625|1000||||"8233355"|"13332424"
0|9|18||2|4|5||||"8233355"|"13478829"
2|7|11||5|40|75||||"8233355"|"13625234"
9|12|14||75|162|250||||"8233355"|"13771639"
0|1|1||250|625|1000||||"8233356"|"13332425"
0|13|26||2|4|5||||"8233356"|"13478830"
0|12|23||5|40|75||||"8233356"|"13625235"
0|12|23||75|162|250||||"8233356"|"13771640"
0|6|11||2|4|5||||"8233357"|"13478831"
0|5|9||5|40|75||||"8233357"|"13625236"
0|5|9||75|162|250||||"8233357"|"13771641"
0|7|14||2|4|5||||"8233358"|"13332426"
0|6|11||5|40|75||||"8233358"|"13478832"
0|6|11||75|162|250||||"8233358"|"13625237"
0|1|1||250|625|1000||||"8233358"|"13771642"
0|3|6||2|4|5||||"8233390"|"13625258"
0|2|3||5|40|75||||"8233390"|"13771663"
0|6|11||2|4|5||||"8233391"|"13332448"
32|42|51||5|40|75||||"8233391"|"13478854"
0|7|14||75|162|250||||"8233391"|"13625259"
0|5|9||2|4|5||||"8242174"|"13629201"
0|3|6||5|40|75||||"8242174"|"13775606"
0|7|14||2|4|5||||"8242175"|"13336391"
0|3|6||5|40|75||||"8242175"|"13482797"
0|6|11||2|4|5||||"8242176"|"13629202"
0|3|6||5|40|75||||"8242176"|"13775607"
0|6|11||2|4|5||||"8242177"|"13336392"
0|5|9||5|40|75||||"8242177"|"13482798"
0|3|6||2|4|5||||"8242178"|"13629203"
0|2|3||5|40|75||||"8242178"|"13775608"
0|2|3||2|4|5||||"8242179"|"13336393"
0|2|3||5|40|75||||"8242179"|"13482799"
0|5|9||2|4|5||||"8242180"|"13629204"
0|3|6||5|40|75||||"8242180"|"13775609"
0|9|17||5|40|75||||"8242182"|"13482800"
0|14|28||2|4|5||||"8242182"|"13336394"
0|6|11||2|4|5||||"8242184"|"13629205"
0|5|9||5|40|75||||"8242184"|"13775610"
0|3|6||2|4|5||||"8242185"|"13336395"
0|2|3||5|40|75||||"8242185"|"13482801"
0|5|9||2|4|5||||"8242186"|"13629206"
0|3|6||5|40|75||||"8242186"|"13775611"
0|6|11||2|4|5||||"8242187"|"13336396"
0|5|9||5|40|75||||"8242187"|"13482802"
0|9|17||2|4|5||||"8242188"|"13629207"
0|3|6||5|40|75||||"8242188"|"13775612"
0|19|37||2|4|5||||"8242189"|"13336397"
0|16|31||5|40|75||||"8242189"|"13482803"
0|5|9||2|4|5||||"8242190"|"13629208"
0|3|6||5|40|75||||"8242190"|"13775613"
0|2|3||2|4|5||||"8242192"|"13336398"
0|2|3||5|40|75||||"8242192"|"13482804"
0|9|17||2|4|5||||"8242193"|"13629209"
0|6|11||5|40|75||||"8242193"|"13775614"
0|1|1||2|4|5||||"8242195"|"13336399"
0|7|14||5|40|75||||"8245961"|"13337886"
0|13|26||2|4|5||||"8245961"|"13777101"
0|14|28||2|4|5||||"8245962"|"13484292"
0|12|23||5|40|75||||"8245962"|"13630697"
0|3|6||75|162|250||||"8245962"|"13777102"
0|7|14||2|4|5||||"8245969"|"13484295"
0|6|11||5|40|75||||"8245969"|"13630700"
0|5|9||5|40|75||||"8245971"|"13337890"
0|6|11||2|4|5||||"8245971"|"13777105"
0|6|11||2|4|5||||"8246017"|"13484324"
0|3|6||5|40|75||||"8246017"|"13630729"
0|12|23||5|40|75||||"8246018"|"13337919"
0|3|6||75|162|250||||"8246018"|"13484325"
0|14|28||2|4|5||||"8246018"|"13777134"
0|14|28||2|4|5||||"8246020"|"13630730"
0|9|17||5|40|75||||"8246020"|"13777135"
0|7|14||2|4|5||||"8246021"|"13337920"
0|3|6||5|40|75||||"8246021"|"13484326"
0|3|5||2|4|5||||"8246022"|"13630731"
0|2|3||5|40|75||||"8246022"|"13777136"
0|5|9||5|40|75||||"8248263"|"13339059"
0|6|11||2|4|5||||"8248263"|"13778274"
0|3|6||2|4|5||||"8248264"|"13485465"
0|2|3||5|40|75||||"8248264"|"13631870"
0|2|3||5|40|75||||"8248265"|"13339060"
0|3|6||2|4|5||||"8248265"|"13778275"
0|3|6||5|40|75||||"8248270"|"13339062"
0|5|9||2|4|5||||"8248270"|"13778277"
0|6|11||2|4|5||||"8248271"|"13485468"
0|5|9||5|40|75||||"8248271"|"13631873"
0|7|14||5|40|75||||"8248272"|"13339063"
0|10|20||2|4|5||||"8248272"|"13778278"
0|12|23||2|4|5||||"8248296"|"13339074"
0|2|3||5|40|75||||"8248296"|"13485480"
0|1|1||75|162|250||||"8248296"|"13631885"
0|6|11||2|4|5||||"8254230"|"13488028"
0|6|11||5|40|75||||"8254230"|"13634433"
0|3|6||75|162|250||||"8254230"|"13780838"
0|6|11||2|4|5||||"8254231"|"13341623"
20|27|34||5|40|75||||"8254231"|"13488029"
0|3|6||75|162|250||||"8254231"|"13634434"
0|5|10||5|40|75||||"8254232"|"13341624"
3|7|11||75|162|250||||"8254232"|"13488030"
3|9|14||250|625|1000||||"8254232"|"13634435"
0|8|15||2|4|5||||"8254232"|"13780839"
0|12|23||5|40|75||||"8254233"|"13341625"
0|3|6||75|162|250||||"8254233"|"13488031"
0|14|28||2|4|5||||"8254233"|"13780840"
0|6|11||75|162|250||||"8254234"|"13341626"
0|22|43||2|4|5||||"8254234"|"13634436"
5|25|45||5|40|75||||"8254234"|"13780841"
0|9|17||2|4|5||||"8254235"|"13488032"
0|7|14||5|40|75||||"8254235"|"13634437"
0|3|6||2|4|5||||"8254268"|"13780860"
0|6|11||2|4|5||||"8254269"|"13341645"
0|3|6||5|40|75||||"8254269"|"13488051"
