 Australia    Wirrulla (Pimbena)                                                
 LATT= -32.28 LONG= 134.47 YEARS= 30. TYPE= 4
 ELEVATION =  312. TP5 = 2.56 TP6= 7.20
 MEAN P    .18   .23   .20   .15   .15   .13   .13   .12   .16   .16   .15   .22
 S DEV P   .21   .42   .32   .23   .19   .15   .17   .14   .22   .23   .21   .36
 SKEW  P  2.23  3.09  2.95  3.24  2.37  2.11  2.52  2.42  2.95  3.23  2.72  4.23
 P(W/W)    .23   .39   .32   .45   .53   .55   .57   .53   .42   .32   .32   .29
 P(W/D)    .08   .06   .07   .11   .16   .23   .23   .26   .18   .13   .11   .09
 TMAX AV 87.69 87.39 82.35 76.51 69.07 63.34 62.73 65.06 70.58 76.09 80.94 84.07
 TMIN AV 63.82 63.59 59.74 54.75 50.03 45.73 44.65 45.31 48.69 53.16 57.50 60.93
 SD TMAX 11.04 10.51  9.45  7.92  6.24  4.27  4.79  6.42  8.85 10.62 11.13 11.00
 SD TMIN  7.75  7.24  7.09  6.46  5.98  5.63  5.02  5.67  6.51  7.40  7.75  7.57
 SOL.RAD  608.  551.  453.  339.  247.  212.  229.  303.  411.  501.  566.  598.
 SD SOL  117.4 105.5  99.2  80.6  64.6  48.0  55.8  73.2  90.6 102.8 118.3 123.1
 MX .5 P   .33   .33   .26   .20   .27   .27   .30   .30   .26   .23   .34   .33
 DEW PT  51.77 52.58 50.62 47.46 45.66 43.58 42.20 41.63 42.79 43.11 46.33 49.09
Time Pk   .150  .260  .360  .450  .530  .620  .690  .760  .830  .890  .960 1.000
% N       1.95  2.71  6.71  7.51  7.80  6.13  6.87  7.02  6.43  5.42  4.92  2.26
MEAN      3.21  3.36  3.58  3.73  4.14  4.15  4.34  4.37  4.26  4.22  3.92  3.05
STD DEV   1.57  1.37  1.57  1.73  1.85  1.82  1.81  1.84  1.82  1.81  1.78  1.27
SKEW      0.73  0.55  0.60  0.77  0.59  0.39  0.49  0.62  0.46  0.45  0.55  0.65
% NNE     1.32  2.48  5.23  4.30  3.17  3.53  3.53  3.68  3.01  2.63  2.57  1.53
MEAN      3.78  3.61  4.07  4.15  4.27  4.25  4.10  4.45  4.51  4.25  4.21  3.65
STD DEV   1.49  1.53  1.68  1.68  1.76  1.59  1.67  1.68  1.75  1.88  1.56  1.68
SKEW      0.63  0.38  0.44  0.36  0.61  0.24  0.29  0.16  0.29  0.45  0.48  0.73
% NE      4.25  5.00 11.29  6.89  5.57  5.37  4.87  4.78  4.67  3.51  5.45  2.88
MEAN      3.64  3.64  3.60  3.78  3.98  3.96  4.03  3.87  3.91  4.12  3.96  3.62
STD DEV   1.67  1.42  1.58  1.76  1.74  1.65  1.66  1.59  1.60  1.85  1.77  1.66
SKEW      0.55  0.40  0.71  0.83  0.62  0.64  0.46  0.58  0.45  0.54  0.59  0.55
% ENE     3.27  3.80  6.61  3.34  3.02  2.97  2.44  2.90  3.03  2.64  2.77  2.36
MEAN      3.99  3.84  3.89  3.62  3.79  3.72  3.62  4.06  3.95  4.23  4.05  4.43
STD DEV   1.51  1.50  1.57  1.48  1.45  1.37  1.32  1.51  1.34  1.69  1.58  1.58
SKEW      0.47  0.49  0.67  0.68  0.30  0.23  0.34  0.32  0.16  0.25  0.41 -0.04
% E       5.39  6.23  8.55  4.98  4.23  4.38  3.65  4.47  4.87  3.93  4.50  4.11
MEAN      3.36  3.08  3.29  3.03  3.44  3.38  3.68  3.84  3.67  3.73  3.42  3.51
STD DEV   1.46  1.30  1.40  1.26  1.43  1.39  1.48  1.63  1.43  1.44  1.46  1.55
SKEW      0.71  0.66  0.75  0.57  0.55  0.62  0.41  0.94  0.33  0.58  0.51  0.50
% ESE     4.64  5.11  5.71  4.79  3.32  3.87  3.62  4.07  4.11  4.32  4.54  4.24
MEAN      3.78  3.51  3.64  3.54  3.68  3.79  3.84  4.16  4.36  4.09  3.97  3.95
STD DEV   1.39  1.38  1.42  1.43  1.50  1.44  1.42  1.61  1.65  1.57  1.71  1.61
SKEW      0.60  0.67  0.73  0.74  0.30  0.44  0.26  0.36  0.56  0.46  0.49  0.46
% SE     10.05  9.70 10.93 11.05  9.48  8.23  7.53  8.04  9.03 10.17 10.57 10.02
MEAN      3.51  3.34  3.31  3.26  3.59  3.74  4.00  4.10  4.17  4.24  3.90  3.75
STD DEV   1.55  1.39  1.40  1.40  1.57  1.45  1.49  1.69  1.75  1.72  1.63  1.51
SKEW      0.73  0.66  0.79  0.75  0.81  0.59  0.37  0.46  0.56  0.75  0.52  0.52
% SSE     7.69  7.07  5.56  6.99  7.46  7.54  7.74  6.90  8.43 10.87  9.38  8.91
MEAN      3.71  3.66  3.60  3.63  4.39  4.35  4.37  4.81  4.68  5.11  4.56  4.17
STD DEV   1.47  1.32  1.50  1.48  1.85  1.71  1.71  1.91  1.93  1.94  1.79  1.60
SKEW      0.73  0.37  0.68  0.59  0.50  0.57  0.69  0.66  0.56  0.59  0.28  0.52
% S      16.64 15.65  9.01 11.82 12.38 12.26 13.47 11.69 14.31 19.55 17.71 20.99
MEAN      3.62  3.64  3.74  3.74  4.44  4.39  4.89  4.88  5.15  5.10  4.67  4.21
STD DEV   1.44  1.44  1.61  1.51  1.93  1.83  1.85  2.07  2.10  2.02  1.83  1.64
SKEW      0.66  0.61  0.57  0.61  0.47  0.62  0.59  0.54  0.50  0.34  0.51  0.48
% SSW    10.85  9.59  3.77  4.78  5.44  5.47  8.04  6.77  8.64  7.99  8.60 12.90
MEAN      4.04  3.90  4.09  3.90  4.77  4.94  5.43  5.41  5.52  5.19  4.83  4.52
STD DEV   1.42  1.36  1.63  1.48  1.97  2.17  1.93  2.07  2.09  1.97  1.70  1.57
SKEW      0.22  0.44  0.49  0.48  0.47  0.53  0.41  0.42  0.35  0.40  0.21  0.43
% SW     12.29 11.13  3.62  4.50  5.20  5.34  6.01  7.70  5.40  4.35  6.49 10.94
MEAN      3.79  3.70  3.49  3.38  4.12  4.12  4.93  4.64  4.70  4.54  3.93  3.89
STD DEV   1.53  1.41  1.49  1.48  2.10  1.98  2.16  1.93  1.93  1.96  1.59  1.47
SKEW      0.47  0.36  0.46  0.56  0.80  0.68  0.60  0.46  0.39  0.39  0.50  0.34
% WSW     4.07  2.81  1.01  1.25  1.69  2.07  1.60  2.36  1.97  1.96  1.47  2.13
MEAN      4.01  3.89  3.52  3.17  3.85  4.34  4.38  4.48  4.76  4.39  4.33  3.57
STD DEV   1.62  1.38  1.39  1.22  1.64  1.89  1.81  2.20  2.10  1.94  1.64  1.11
SKEW      0.31  0.27  0.51  0.37  0.48  0.52  0.55  0.73  0.56  0.55  0.49 -0.08
% W       2.52  2.05  1.37  1.70  2.71  3.88  2.74  3.63  2.72  2.23  2.10  1.72
MEAN      3.21  3.26  2.89  3.06  3.40  3.63  4.19  4.62  4.81  4.20  3.79  3.17
STD DEV   1.29  1.21  1.22  1.42  1.49  1.64  2.08  2.59  2.31  1.95  1.79  1.40
SKEW      0.38  0.29  0.84  0.93  0.72  0.96  0.83  1.24  0.55  0.59  0.69  0.56
% WNW     1.22  1.09  1.21  1.89  3.48  4.67  4.01  3.93  3.98  2.47  1.91  1.09
MEAN      3.61  3.27  3.09  3.63  4.07  4.68  4.84  5.16  5.35  5.19  4.12  3.91
STD DEV   1.41  1.16  1.46  1.64  1.77  2.11  2.04  2.36  2.34  2.38  1.73  1.17
SKEW      0.36  0.18  1.27  0.84  0.77  0.60  0.30  0.71  0.34  0.74  0.30  0.34
% NW      1.82  1.97  3.77  5.96  8.60 10.34 10.31  9.11  7.96  6.93  5.01  1.93
MEAN      3.20  3.18  3.09  3.71  4.44  4.77  4.90  5.04  5.37  4.93  3.85  3.14
STD DEV   1.41  1.25  1.42  1.71  2.03  2.20  2.07  2.14  2.41  2.16  1.72  1.39
SKEW      0.68  0.43  1.06  0.82  0.59  0.72  0.45  0.46  0.33  0.39  0.61  0.73
% NNW     0.98  1.38  2.53  4.57  6.13  5.82  6.64  6.05  5.63  4.62  2.83  1.47
MEAN      3.07  3.47  3.43  4.02  4.74  5.07  4.94  5.36  5.30  5.00  4.36  3.78
STD DEV   1.31  1.05  1.42  1.75  1.99  2.18  1.82  2.13  2.15  2.11  1.84  1.76
SKEW      0.69  0.01  0.68  0.33  0.28  0.43  0.33  0.45  0.32  0.53  0.35  0.81
CALM     11.10 12.28 13.11 13.66 10.32  8.14  6.86  6.75  5.89  6.45  9.14 10.45
                                                                                
INTERPOLATED DATA (station & weighting factor)                                  
                                                                                
---Wind Stations---                                                             
LONGVIEW      TX     .457  SHREVEPORT    LA     .332  LUFKIN        TX     .211 
