 Australia    Cookardinia (Parkville)                                           
 LATT= -35.58 LONG= 147.25 YEARS= 30. TYPE= 3
 ELEVATION =  879. TP5 = 2.84 TP6= 6.93
 MEAN P    .44   .44   .40   .43   .36   .29   .33   .32   .31   .42   .35   .47
 S DEV P   .39   .39   .41   .54   .33   .28   .33   .31   .28   .38   .39   .72
 SKEW  P  1.36  1.32  1.65  3.24  1.56  1.70  2.24  2.42  1.58  1.80  2.30  4.78
 P(W/W)    .32   .32   .33   .33   .40   .43   .38   .34   .29   .24   .31   .30
 P(W/D)    .10   .10   .09   .11   .15   .18   .20   .21   .21   .17   .13   .11
 TMAX AV 87.78 85.91 79.95 71.57 62.66 56.20 54.33 56.60 62.18 69.44 76.68 82.73
 TMIN AV 62.77 62.12 56.64 48.98 42.85 39.44 38.04 38.42 41.98 47.10 53.39 58.20
 SD TMAX  8.62  8.05  7.63  6.80  5.44  4.35  3.98  5.20  6.26  7.89  8.95  8.58
 SD TMIN  7.20  6.56  6.87  6.66  6.78  6.55  6.14  6.11  6.59  7.17  7.61  7.23
 SOL.RAD  605.  531.  445.  324.  225.  170.  183.  253.  356.  474.  552.  597.
 SD SOL  123.0 113.1  98.7  78.9  61.8  54.4  61.0  79.7  98.4 114.3 123.5 127.9
 MX .5 P   .61   .45   .35   .29   .27   .22   .27   .27   .33   .44   .44   .51
 DEW PT  51.43 52.51 49.65 46.47 43.70 41.40 40.12 40.33 43.24 45.46 48.10 48.68
Time Pk   .200  .310  .400  .480  .560  .650  .720  .780  .840  .900  .960 1.000
% N       2.34  3.96  6.29  9.21 10.55 10.18 14.04 12.01  9.14 10.20  6.02  2.73
MEAN      4.01  4.43  4.74  5.62  5.95  6.19  6.85  6.37  6.46  6.44  5.52  4.83
STD DEV   2.12  2.28  2.37  2.67  2.88  3.00  3.01  3.06  3.01  3.25  2.64  2.21
SKEW      0.94  0.39  0.77  0.57  0.58  0.52  0.41  0.47  0.45  0.73  0.53  0.48
% NNE     3.47  4.51  6.64  6.72  5.45  6.52  8.32  7.15  6.55  6.45  5.02  2.28
MEAN      4.32  4.38  4.90  5.36  5.71  5.53  5.96  5.79  6.06  6.06  5.41  4.63
STD DEV   2.09  1.93  2.23  2.50  2.76  2.48  2.44  2.62  2.78  2.69  2.46  2.02
SKEW      0.86  0.46  0.52  0.43  0.57  0.48  0.42  0.51  0.49  0.74  0.53  0.50
% NE      5.46  6.60  8.70  6.20  4.74  4.74  3.96  5.43  4.86  5.36  5.33  2.90
MEAN      3.43  3.54  4.11  3.97  4.00  3.77  4.09  3.82  4.19  4.74  4.10  3.53
STD DEV   1.69  1.70  2.10  2.27  2.11  1.80  1.83  1.71  1.93  2.40  2.10  1.72
SKEW      1.09  1.08  1.03  1.14  0.98  0.96  0.47  0.76  0.83  0.74  1.41  0.90
% ENE     5.56  5.90  6.43  4.14  3.85  3.49  3.04  4.02  3.74  3.74  3.72  3.72
MEAN      3.32  3.40  3.21  3.25  3.30  3.46  3.37  3.55  3.55  3.80  3.70  3.32
STD DEV   1.49  1.61  1.38  1.43  1.44  1.60  1.52  1.50  1.39  1.78  1.71  1.54
SKEW      1.08  1.19  1.09  1.04  0.98  0.99  0.82  0.84  0.62  0.89  0.89  1.58
% E       9.95 11.61 10.85  6.65  6.07  5.09  4.40  5.76  6.73  4.78  6.48  7.34
MEAN      3.35  3.36  3.22  2.92  3.07  3.02  3.35  3.48  3.64  3.67  3.81  3.45
STD DEV   1.55  1.53  1.46  1.18  1.35  1.22  1.57  1.52  1.58  1.71  1.88  1.65
SKEW      1.38  1.03  1.30  0.94  0.99  0.81  0.99  1.03  1.02  0.73  1.02  1.29
% ESE     8.53  9.04  7.71  5.06  3.90  3.18  3.84  4.31  4.64  5.76  7.17  7.07
MEAN      3.88  3.95  3.80  3.72  3.72  3.48  3.72  4.28  4.71  4.64  4.28  3.98
STD DEV   1.70  1.69  1.64  1.63  1.81  1.58  1.66  1.78  1.95  1.95  1.91  1.65
SKEW      0.81  0.79  0.69  0.74  0.64  0.60  0.83  0.30  0.57  0.48  0.74  0.61
% SE     14.98 14.59 12.98 11.10  7.45  7.90  6.83  8.08 10.33 10.92 13.49 16.06
MEAN      4.17  4.02  4.17  4.23  4.08  4.42  4.00  4.91  5.42  5.16  4.97  4.40
STD DEV   1.72  1.69  1.74  1.79  1.97  2.11  1.89  2.28  2.32  2.14  2.28  1.79
SKEW      0.62  0.69  0.51  0.62  0.87  0.72  0.78  0.57  0.43  0.53  0.71  0.64
% SSE    14.80 10.78 10.57 11.87  8.74  8.36  6.86  7.38  9.75 14.03 15.50 20.57
MEAN      4.85  4.49  4.71  5.33  5.20  5.42  4.93  5.75  6.37  6.46  5.81  5.44
STD DEV   1.92  1.78  2.00  2.21  2.18  2.36  2.13  2.50  2.61  2.50  2.34  2.08
SKEW      0.42  0.47  0.44  0.44  0.45  0.56  0.47  0.48  0.49  0.28  0.38  0.38
% S      15.00 12.61 10.14 11.45 11.00 10.56 11.36  8.83  9.42 12.05 13.04 19.40
MEAN      4.97  4.81  5.22  5.60  5.59  5.49  5.64  6.17  6.80  6.73  5.93  5.82
STD DEV   2.11  1.91  2.11  2.47  2.49  2.48  2.54  2.66  2.99  2.77  2.32  2.34
SKEW      0.54  0.38  0.43  0.45  0.48  0.59  0.66  0.40  0.20  0.32  0.21  0.41
% SSW     6.57  5.47  4.08  4.70  4.67  4.59  5.42  4.07  4.28  3.98  4.16  6.12
MEAN      5.33  5.07  5.33  5.70  5.74  5.82  6.27  6.53  6.73  6.79  5.98  6.03
STD DEV   2.13  2.03  2.22  2.32  2.54  2.60  2.93  3.02  2.88  2.61  2.50  2.55
SKEW      0.34  0.28  0.23  0.40  0.45  0.29  0.45  0.67  0.12  0.11  0.25  0.40
% SW      4.18  4.03  2.14  2.71  3.72  4.04  4.01  3.89  3.31  2.60  2.54  3.13
MEAN      4.55  4.80  4.07  4.50  4.60  4.49  5.28  4.77  6.07  4.85  4.65  4.85
STD DEV   2.07  2.05  1.94  2.19  2.54  2.47  3.13  2.50  3.32  2.39  2.17  2.11
SKEW      0.40  0.31  0.47  0.72  0.81  1.12  0.81  0.60  0.65  0.63  0.40  0.37
% WSW     1.52  1.49  0.97  1.55  2.40  2.72  2.48  2.66  2.81  1.43  1.56  1.07
MEAN      4.22  4.89  3.79  4.18  5.12  4.67  5.28  4.99  7.11  5.55  4.98  4.19
STD DEV   1.88  2.30  1.97  2.01  2.93  2.52  2.97  2.69  3.89  2.58  2.41  1.72
SKEW      0.43  0.27  0.68  0.27  0.55  0.64  0.95  0.72  0.68  0.47  0.50  0.21
% W       0.90  1.10  1.30  2.14  4.55  4.27  3.93  4.09  3.93  2.19  2.36  0.89
MEAN      3.38  3.71  2.97  3.17  4.04  4.12  4.28  4.10  6.18  4.61  4.14  3.01
STD DEV   1.47  2.10  1.31  1.57  2.48  2.46  2.42  2.46  3.55  2.30  2.14  1.46
SKEW      0.61  0.92  0.71  1.06  1.54  1.46  1.36  1.40  0.66  0.54  0.69  1.08
% WNW     0.49  0.47  0.83  1.46  3.36  4.48  3.04  3.06  3.14  2.46  2.40  0.45
MEAN      3.56  2.66  2.92  3.31  5.21  5.01  4.26  5.38  5.98  5.46  4.15  3.51
STD DEV   1.10  0.96  1.39  1.50  3.68  2.73  2.14  3.24  3.09  2.71  2.11  1.45
SKEW      0.25  0.87  1.04  0.61  1.70  0.86  0.85  0.81  0.40  0.40  0.39 -0.27
% NW      0.77  1.02  1.56  2.84  5.57  6.13  4.37  4.73  5.54  3.78  2.96  0.91
MEAN      2.94  3.00  2.97  4.02  4.75  5.25  5.24  5.30  7.00  5.97  4.26  3.63
STD DEV   1.29  1.45  1.29  2.26  2.66  2.82  2.74  3.01  3.63  2.99  2.45  1.74
SKEW      0.58  0.76  0.73  0.97  1.10  0.58  0.62  0.73  0.37  0.44  1.04  0.41
% NNW     0.96  1.38  2.38  4.86  7.96  7.39  8.27  8.96  8.32  6.86  3.54  1.54
MEAN      3.28  3.95  4.18  5.66  6.61  6.68  6.74  6.62  7.42  6.85  5.40  4.54
STD DEV   1.60  1.81  2.16  2.55  3.03  3.13  2.88  2.92  3.26  3.05  2.76  2.26
SKEW      0.66  0.23  0.80  0.31  0.45  0.59  0.26  0.34  0.21  0.38  0.85  0.36
CALM      4.48  5.53  6.41  7.30  6.04  6.40  5.78  5.55  3.45  3.36  4.71  3.72
                                                                                
INTERPOLATED DATA (station & weighting factor)                                  
                                                                                
---Wind Stations---                                                             
ARDMORE       OK     .598  FT. SILL      OK     .204  WICHITA FALLS TX     .199 
