 Australia    Caltowie                                                          
 LATT= -33.19 LONG= 138.50 YEARS= 30. TYPE= 2
 ELEVATION = 1253. TP5 = 0.99 TP6= 3.38
 MEAN P    .26   .21   .25   .23   .18   .17   .15   .16   .19   .20   .23   .24
 S DEV P   .40   .30   .34   .29   .23   .21   .19   .18   .25   .31   .28   .31
 SKEW  P  2.66  2.76  2.64  2.05  2.36  2.32  3.04  2.33  2.80  3.90  2.14  2.33
 P(W/W)    .37   .38   .40   .50   .54   .65   .60   .60   .50   .46   .45   .43
 P(W/D)    .09   .09   .09   .10   .17   .25   .29   .26   .23   .15   .14   .12
 TMAX AV 85.67 84.81 79.39 72.33 64.08 57.79 56.78 59.11 65.30 71.51 77.26 81.04
 TMIN AV 62.25 62.08 57.26 51.52 46.76 42.83 41.86 42.27 45.70 49.89 54.99 58.60
 SD TMAX  9.68  9.23  8.69  7.81  6.08  4.37  4.58  6.06  8.29  9.36 10.19  9.76
 SD TMIN  7.70  7.48  7.08  6.60  6.25  6.22  5.40  5.98  6.50  7.26  7.92  7.59
 SOL.RAD  599.  539.  448.  333.  239.  195.  211.  285.  384.  486.  550.  594.
 SD SOL  113.6 104.1  94.0  78.9  59.5  47.9  57.4  67.7  89.1 103.1 112.7 118.6
 MX .5 P   .46   .34   .28   .19   .26   .25   .26   .24   .29   .28   .40   .45
 DEW PT  49.32 50.02 47.87 44.77 43.73 41.88 40.48 39.88 41.42 41.85 44.76 47.01
Time Pk   .120  .220  .320  .400  .480  .570  .650  .740  .820  .890  .960 1.000
% N       5.08  4.99  6.04  7.21  6.46  7.15  6.42  7.38  7.15  7.98  7.97  7.48
MEAN      3.57  3.45  4.07  3.91  3.78  3.93  4.03  4.33  4.57  4.82  4.43  4.23
STD DEV   1.64  1.69  2.15  1.90  1.89  1.96  1.93  2.13  2.26  2.25  2.10  2.00
SKEW      0.95  1.19  0.92  0.87  1.08  0.96  0.87  0.78  0.85  0.62  0.73  0.75
% NNE     1.83  2.05  2.11  2.39  2.17  2.27  2.02  2.12  2.31  2.17  2.06  1.87
MEAN      2.54  2.56  2.78  2.88  2.96  2.87  2.88  3.21  3.36  3.20  3.15  2.94
STD DEV   0.93  0.96  1.15  1.24  1.35  1.27  1.10  1.56  1.71  1.45  1.56  1.33
SKEW      0.73  0.95  1.47  1.12  1.41  1.65  0.88  1.45  1.17  1.12  1.47  1.41
% NE      2.57  3.16  3.65  3.63  3.55  3.41  3.51  3.12  3.17  2.68  2.13  2.15
MEAN      2.27  2.25  2.41  2.46  2.55  2.55  2.72  2.64  2.67  2.66  2.58  2.41
STD DEV   0.79  0.74  0.88  0.87  0.86  0.93  1.12  1.05  1.04  1.19  0.93  0.92
SKEW      0.76  0.73  0.52  0.45  0.70  0.67  1.04  1.02  1.05  1.59  0.81  0.76
% ENE     1.44  1.76  2.55  2.70  3.10  3.11  3.24  3.14  2.29  1.98  1.49  1.22
MEAN      2.31  2.32  2.26  2.39  2.42  2.49  2.48  2.57  2.53  2.56  2.56  2.47
STD DEV   0.73  0.71  0.70  0.76  0.77  0.87  0.81  0.94  0.90  0.88  0.87  0.77
SKEW      0.38  0.41  0.52  0.47  0.57  0.78  0.58  1.25  0.73  0.60  0.43  0.58
% E       1.74  2.52  3.42  4.03  5.26  6.49  5.70  4.61  3.90  3.34  2.25  1.85
MEAN      2.45  2.47  2.35  2.46  2.54  2.78  2.79  2.72  2.93  2.59  2.49  2.44
STD DEV   0.83  0.86  0.81  0.86  0.96  1.16  1.14  1.06  1.12  0.91  0.92  0.91
SKEW      0.57  0.63  0.65  0.49  0.78  1.20  0.87  0.43  0.63  0.50  0.36  0.86
% ESE     2.30  2.29  2.75  2.94  4.64  4.73  5.43  4.40  3.73  3.29  2.02  2.24
MEAN      2.80  2.76  2.71  2.93  3.37  3.36  3.57  3.34  3.34  3.23  3.00  2.84
STD DEV   1.01  0.95  0.90  1.16  1.38  1.44  1.45  1.32  1.39  1.24  1.18  0.97
SKEW      0.60  0.67  0.36  0.83  0.70  0.98  0.69  0.67  1.06  0.54  0.88  0.56
% SE      8.28  8.08  7.05  8.26 11.70 12.08 14.85 12.58 11.31  8.25  6.59  6.31
MEAN      3.47  3.33  3.51  3.80  4.54  4.58  4.97  4.82  4.59  4.50  3.87  3.61
STD DEV   1.27  1.24  1.53  1.70  2.33  2.40  2.42  2.39  2.12  2.15  1.57  1.37
SKEW      0.63  0.49  1.13  0.90  0.87  1.03  0.62  0.74  0.67  0.74  0.76  0.61
% SSE    11.70 10.98  8.75  8.41  9.66  9.69 11.26 12.19 11.63  9.61  8.96  8.39
MEAN      3.89  3.76  3.86  4.58  5.24  5.26  5.53  5.58  5.33  4.95  4.54  3.99
STD DEV   1.34  1.24  1.51  2.25  2.45  2.62  2.50  2.53  2.32  2.29  1.88  1.35
SKEW      0.49  0.22  0.87  1.09  0.57  0.63  0.62  0.55  0.49  0.73  0.90  0.32
% S       8.74  8.38  7.21  5.67  6.12  6.72  6.63  7.27  8.09  6.87  6.56  6.75
MEAN      3.55  3.49  3.57  3.84  4.11  4.15  4.33  4.36  4.52  4.32  4.09  3.70
STD DEV   1.26  1.33  1.47  1.82  1.97  2.18  2.12  2.13  2.11  1.99  1.87  1.42
SKEW      0.40  0.83  0.86  0.89  0.86  1.15  0.89  0.86  0.91  0.68  0.92  0.75
% SSW     1.96  1.87  1.81  1.62  1.60  1.73  1.66  2.12  2.42  2.25  1.90  1.65
MEAN      3.21  3.07  3.32  3.23  3.36  3.68  3.70  3.82  3.90  3.96  3.63  3.24
STD DEV   1.16  1.29  1.35  1.63  1.51  1.68  1.73  1.83  1.76  1.82  1.65  1.27
SKEW      0.49  1.17  0.76  1.66  0.70  0.85  1.04  0.97  0.73  0.79  0.68  0.80
% SW      2.60  2.21  2.12  1.72  1.54  1.38  1.47  1.77  2.38  2.30  2.38  2.10
MEAN      2.88  2.83  2.97  2.93  2.91  3.12  3.26  3.27  3.52  3.63  3.31  2.98
STD DEV   1.07  1.03  1.25  1.24  1.31  1.44  1.61  1.41  1.51  1.57  1.43  1.05
SKEW      0.47  0.43  0.86  0.95  0.96  0.89  0.96  0.69  0.88  0.92  0.80  0.58
% WSW     1.71  1.81  1.49  1.11  0.99  0.95  1.05  1.37  1.67  1.45  1.46  1.52
MEAN      2.78  2.77  2.62  2.62  2.59  2.85  2.90  3.24  3.20  3.18  3.24  3.00
STD DEV   1.04  1.02  1.05  1.10  1.02  1.35  1.17  1.44  1.43  1.30  1.34  1.18
SKEW      0.67  0.92  0.87  1.70  0.91  1.08  0.72  0.94  1.07  0.73  0.64  0.75
% W       3.97  4.41  3.36  2.66  1.93  1.87  1.93  2.01  2.72  2.90  3.46  3.64
MEAN      2.85  2.87  2.81  2.77  2.77  2.84  2.90  3.30  3.40  3.32  3.33  3.14
STD DEV   0.99  1.09  1.03  1.05  1.13  1.34  1.30  1.61  1.53  1.36  1.35  1.22
SKEW      0.50  0.68  0.74  0.63  1.05  1.22  0.81  1.43  0.99  0.88  0.73  0.62
% WNW     6.40  6.43  6.14  5.92  4.99  4.39  4.35  4.36  5.65  6.51  7.09  7.08
MEAN      3.43  3.37  3.40  3.43  3.23  3.37  3.63  3.64  4.17  4.11  4.25  4.07
STD DEV   1.43  1.39  1.37  1.45  1.35  1.52  1.66  1.62  1.87  1.79  1.85  1.80
SKEW      1.07  1.27  1.13  1.22  1.14  1.12  1.11  1.08  1.04  0.95  0.84  0.80
% NW     15.53 14.41 14.14 13.76 12.49 11.35 10.46 11.05 11.30 15.62 18.73 19.33
MEAN      4.20  4.01  4.21  4.12  4.08  3.91  4.25  4.65  4.90  5.17  5.09  4.86
STD DEV   1.75  1.63  1.75  1.74  1.72  1.58  1.70  1.94  2.02  2.07  2.09  1.96
SKEW      0.76  0.82  0.73  0.80  0.84  0.56  0.61  0.65  0.59  0.50  0.50  0.41
% NNW     8.41  7.03  8.70  9.77  8.47  8.34  8.12  8.43  9.14 11.49 13.01 12.75
MEAN      4.41  4.19  4.92  4.75  4.83  4.64  4.85  5.40  5.53  5.70  5.35  5.12
STD DEV   1.93  1.83  2.19  2.10  2.27  2.04  2.19  2.37  2.29  2.25  2.23  2.17
SKEW      0.67  0.83  0.52  0.66  0.61  0.65  0.77  0.53  0.39  0.27  0.44  0.46
CALM     15.69 17.61 18.62 18.13 15.39 14.41 11.89 12.08 11.10 11.29 11.99 13.67
                                                                                
INTERPOLATED DATA (station & weighting factor)                                  
                                                                                
---Wind Stations---                                                             
ARCATA        CA     .422  MOUNT SHASTA  CA     .299  RED BLUFF     CA     .279 
