 Australia    Kolora (Wooriwyrite)                                              
 LATT= -38.08 LONG= 142.99 YEARS= 30. TYPE= 3
 ELEVATION =  466. TP5 = 2.32 TP6= 5.36
 MEAN P    .22   .27   .15   .17   .16   .17   .15   .18   .18   .18   .20   .21
 S DEV P   .41   .43   .19   .29   .22   .19   .17   .18   .19   .23   .28   .35
 SKEW  P  4.65  3.56  2.19  8.00  3.29  2.24  2.77  2.39  1.96  2.80  3.49  4.68
 P(W/W)    .40   .39   .46   .53   .58   .63   .65   .67   .61   .58   .50   .48
 P(W/D)    .18   .14   .19   .26   .36   .41   .42   .42   .40   .35   .25   .22
 TMAX AV 76.89 76.91 72.59 65.90 59.46 54.79 53.68 55.16 58.81 63.51 68.26 72.84
 TMIN AV 54.80 55.57 53.16 49.00 46.33 43.42 42.48 42.64 44.39 46.09 48.97 51.64
 SD TMAX 10.73 10.35  9.60  7.54  5.09  3.41  3.25  4.56  5.81  8.24  9.77 10.35
 SD TMIN  7.26  6.70  6.58  6.14  5.37  4.86  4.41  4.76  5.53  6.30  6.80  6.72
 SOL.RAD  549.  484.  377.  262.  177.  139.  156.  223.  317.  419.  496.  543.
 SD SOL  116.5 110.7  95.7  74.6  55.7  42.7  49.1  63.0  84.7 105.6 117.7 125.0
 MX .5 P   .71   .49   .43   .33   .28   .25   .23   .26   .31   .40   .54   .62
 DEW PT  50.85 51.87 49.89 47.27 45.89 43.92 42.65 42.36 43.89 45.16 47.70 48.86
Time Pk   .070  .150  .240  .320  .400  .510  .600  .690  .780  .860  .940 1.000
% N       4.64  6.35  7.30  6.60  6.29  6.31  7.52  7.25  5.74  5.07  4.99  3.99
MEAN      2.97  2.92  3.36  3.61  3.72  4.11  4.36  4.17  4.24  3.99  3.56  3.23
STD DEV   1.35  1.37  1.70  1.80  1.77  1.78  1.81  1.85  1.82  1.83  1.77  1.53
SKEW      0.44  0.68  0.69  0.77  0.46  0.30  0.34  0.41  0.36  0.49  0.64  0.65
% NNE     5.16  6.33  7.35  5.42  4.00  4.45  6.45  6.59  5.71  4.90  5.01  3.95
MEAN      3.06  3.39  3.45  3.53  3.67  3.88  4.27  3.95  4.19  3.98  3.56  3.32
STD DEV   1.41  1.56  1.58  1.62  1.82  1.72  1.73  1.68  1.75  1.68  1.59  1.47
SKEW      0.75  0.52  0.54  0.59  0.79  0.28  0.31  0.41  0.36  0.37  0.50  0.51
% NE      3.92  4.57  5.48  3.35  2.27  2.90  3.17  4.23  3.61  3.47  3.45  3.63
MEAN      3.04  2.88  3.10  3.18  3.05  3.31  3.44  3.38  3.62  3.47  3.13  2.97
STD DEV   1.35  1.40  1.43  1.55  1.32  1.48  1.48  1.47  1.60  1.48  1.49  1.39
SKEW      0.73  0.84  0.60  0.60  0.65  0.80  0.39  0.37  0.46  0.31  0.92  0.72
% ENE     3.09  3.12  3.59  2.67  1.89  2.47  2.31  3.49  4.16  3.05  3.50  2.87
MEAN      3.07  2.86  3.09  3.13  3.27  3.44  3.17  3.40  4.07  3.49  3.27  2.88
STD DEV   1.45  1.32  1.51  1.50  1.68  1.57  1.27  1.46  1.73  1.40  1.35  1.22
SKEW      0.59  0.70  0.79  0.64  0.90  0.91  0.46  0.54  0.38  0.24  0.25  0.47
% E       3.67  3.90  4.60  4.18  2.80  3.64  3.61  4.49  4.35  4.22  4.15  3.78
MEAN      2.49  2.34  2.53  2.46  2.51  2.97  2.96  3.52  3.71  3.35  2.69  2.51
STD DEV   1.13  1.06  1.17  1.20  1.24  1.47  1.28  1.76  1.86  1.62  1.28  1.07
SKEW      0.79  1.02  0.85  1.03  0.76  0.80  0.47  0.75  0.77  0.48  0.71  0.73
% ESE     2.70  2.95  3.28  3.09  2.37  3.15  2.71  3.32  3.21  3.12  2.97  3.11
MEAN      2.54  2.45  2.57  2.47  2.69  3.05  2.91  3.24  3.59  3.44  2.76  2.70
STD DEV   1.08  1.09  1.20  1.17  1.32  1.40  1.16  1.43  1.70  1.57  1.12  1.20
SKEW      0.77  0.70  0.80  0.83  0.88  0.77  0.34  0.80  0.74  0.75  0.34  0.80
% SE      3.93  3.68  5.19  4.89  4.10  5.38  3.58  4.59  4.89  4.29  4.71  4.85
MEAN      2.57  2.28  2.54  2.71  3.03  3.31  3.17  3.26  3.66  3.25  2.70  2.63
STD DEV   1.22  1.01  1.15  1.25  1.68  1.65  1.40  1.64  1.75  1.54  1.23  1.16
SKEW      1.03  0.83  0.69  0.87  1.05  0.89  0.59  1.59  0.68  0.73  0.62  0.65
% SSE     5.51  4.10  6.05  6.23  7.01  8.80  9.13  6.86  7.57  7.89  6.63  6.63
MEAN      2.87  2.61  3.26  3.50  4.07  4.35  4.23  4.47  4.52  4.16  3.55  3.04
STD DEV   1.31  1.18  1.55  1.66  2.05  1.96  1.84  2.08  2.03  1.88  1.63  1.30
SKEW      0.66  0.70  0.62  0.77  0.77  0.55  0.53  0.83  0.46  0.51  0.58  0.49
% S       8.23  7.40  7.43  8.05  9.77  9.08  9.05  6.59  8.19  9.96  9.55 10.02
MEAN      3.05  2.79  3.30  3.61  4.23  4.61  4.79  4.55  4.81  4.50  3.77  3.34
STD DEV   1.38  1.30  1.49  1.71  2.19  2.21  2.22  2.12  2.10  1.99  1.77  1.44
SKEW      0.68  0.73  0.56  0.63  0.77  0.54  0.47  0.37  0.36  0.49  0.64  0.38
% SSW    12.35  9.11  7.86  8.42 11.33 10.76 11.97  9.89  9.81 13.33 12.93 13.48
MEAN      3.68  3.46  3.94  4.18  4.83  4.90  5.31  5.39  5.58  5.46  4.50  4.05
STD DEV   1.65  1.67  1.70  1.85  2.23  2.26  2.34  2.46  2.41  2.26  2.01  1.77
SKEW      0.63  0.77  0.34  0.44  0.48  0.62  0.38  0.48  0.41  0.31  0.54  0.43
% SW      8.70  7.15  4.73  5.01  5.80  6.77  6.03  6.08  5.76  6.40  7.44  8.49
MEAN      3.59  3.34  3.59  3.54  3.91  4.43  4.37  4.75  5.07  4.76  4.07  3.87
STD DEV   1.68  1.62  1.81  1.68  2.03  2.11  1.93  2.28  2.36  2.21  1.91  1.81
SKEW      0.57  0.64  0.61  0.53  0.81  0.89  0.39  0.56  0.52  0.45  0.41  0.53
% WSW     5.36  4.89  2.90  3.29  4.68  5.24  4.14  4.15  5.35  5.26  4.91  5.58
MEAN      3.59  3.51  3.37  3.42  4.01  4.59  4.41  4.58  5.31  5.02  3.94  3.92
STD DEV   1.71  1.66  1.83  1.72  1.98  2.11  2.06  2.17  2.57  2.47  1.89  1.83
SKEW      0.51  0.47  0.83  0.58  0.50  0.39  0.48  0.72  0.54  0.61  0.65  0.39
% W       3.88  3.38  2.44  2.93  4.63  4.15  3.82  4.05  5.22  4.40  3.84  3.56
MEAN      3.05  2.94  2.71  2.93  3.63  4.12  4.03  4.04  4.58  4.48  3.31  3.41
STD DEV   1.50  1.45  1.38  1.57  1.95  1.90  1.91  2.13  2.24  2.27  1.58  1.72
SKEW      0.48  0.68  0.62  0.87  0.80  0.42  0.56  0.61  0.43  0.50  0.48  1.09
% WNW     3.00  3.11  2.26  3.59  6.07  4.97  4.78  5.19  5.87  5.58  3.94  2.98
MEAN      2.99  3.29  3.05  3.55  4.19  4.42  4.50  4.47  5.09  4.73  4.11  3.33
STD DEV   1.46  1.67  1.77  1.75  1.97  2.06  1.97  2.08  2.31  2.26  2.06  1.61
SKEW      0.60  0.82  1.19  0.65  0.56  0.43  0.31  0.51  0.41  0.47  0.72  1.05
% NW      2.46  2.81  2.87  3.83  5.16  5.09  5.07  6.23  5.59  4.22  3.10  2.04
MEAN      2.84  3.02  3.30  3.75  4.27  4.42  4.61  4.62  4.86  4.66  3.70  3.14
STD DEV   1.47  1.59  1.72  1.92  2.04  1.96  2.03  1.98  2.10  2.04  1.81  1.50
SKEW      1.08  1.11  0.88  0.71  0.55  0.40  0.40  0.38  0.29  0.28  0.55  0.60
% NNW     4.02  4.65  5.08  6.89  7.84  7.17  9.30  8.93  7.47  6.98  4.70  3.46
MEAN      3.06  3.10  3.54  3.96  4.67  4.55  4.98  4.86  4.85  4.60  3.92  3.28
STD DEV   1.50  1.46  1.68  1.85  2.14  1.92  1.97  2.13  1.98  1.93  1.86  1.50
SKEW      0.86  0.62  0.55  0.48  0.42  0.29  0.21  0.45  0.34  0.35  0.73  0.61
CALM     19.30 22.53 21.70 21.51 14.06  9.64  7.46  8.06  7.52  7.76 14.17 17.46
                                                                                
INTERPOLATED DATA (station & weighting factor)                                  
                                                                                
---Wind Stations---                                                             
FT. CAMPBELL  KY     .388  PADUCAH       KY     .307  JACKSON       TN     .305 
