 Australia    Koetong                                                           
 LATT= -36.15 LONG= 147.49 YEARS= 30. TYPE= 3
 ELEVATION = 1952. TP5 = 2.56 TP6= 5.64
 MEAN P    .40   .40   .40   .38   .35   .39   .40   .38   .33   .37   .37   .36
 S DEV P   .50   .51   .52   .48   .44   .44   .44   .43   .43   .50   .46   .45
 SKEW  P  1.98  2.19  2.37  2.24  2.62  2.15  1.92  2.11  2.72  2.96  2.55  2.41
 P(W/W)    .43   .43   .41   .52   .53   .58   .63   .63   .57   .48   .49   .46
 P(W/D)    .14   .15   .13   .14   .20   .25   .28   .26   .26   .22   .20   .17
 TMAX AV 84.36 82.85 77.22 68.75 60.13 53.74 52.03 54.61 60.23 67.13 73.84 79.17
 TMIN AV 60.09 59.54 54.28 47.01 41.42 37.95 36.80 37.22 40.45 45.19 51.20 55.67
 SD TMAX  8.17  7.62  7.34  6.51  5.30  4.22  3.89  5.23  6.03  7.44  8.33  8.13
 SD TMIN  6.69  6.23  6.40  6.07  6.10  5.97  5.59  5.58  6.15  6.66  7.01  6.66
 SOL.RAD  610.  532.  443.  317.  217.  161.  173.  241.  350.  466.  548.  600.
 SD SOL  125.3 115.7 103.0  81.4  66.8  58.5  64.5  82.9 103.7 117.3 128.2 130.6
 MX .5 P   .84   .62   .47   .38   .38   .40   .43   .49   .47   .51   .66   .73
 DEW PT  53.27 53.78 50.70 47.15 43.75 40.82 39.49 39.61 42.51 45.30 48.88 50.41
Time Pk   .070  .170  .250  .340  .430  .520  .610  .690  .770  .850  .940 1.000
% N       4.85  5.26  5.69  6.61  4.44  4.69  5.29  4.92  4.09  3.96  4.41  5.04
MEAN      3.30  3.22  3.13  3.50  3.63  3.55  3.98  3.66  3.63  3.90  3.59  3.33
STD DEV   1.24  1.13  1.14  1.34  1.47  1.40  1.82  1.39  1.56  1.51  1.50  1.31
SKEW      0.90  0.87  0.88  0.82  1.01  0.81  1.23  0.78  1.14  1.08  0.98  1.00
% NNE     2.83  4.05  5.54  4.96  3.74  3.82  3.87  4.00  3.23  3.13  3.48  3.52
MEAN      3.05  3.15  3.30  3.25  3.30  3.27  3.44  3.32  3.43  3.75  3.43  3.18
STD DEV   1.05  1.22  1.46  1.27  1.28  1.19  1.51  1.21  1.36  1.62  1.43  1.13
SKEW      0.85  1.13  1.58  1.01  0.92  0.65  1.01  0.83  0.55  1.02  0.94  0.86
% NE      5.24  7.61 11.07 10.96  7.20  7.32  6.61  7.14  6.41  5.58  7.03  6.29
MEAN      3.30  3.32  3.53  3.68  3.35  3.45  3.64  3.54  3.61  4.20  3.59  3.42
STD DEV   1.23  1.33  1.45  1.61  1.18  1.34  1.54  1.31  1.38  1.98  1.41  1.28
SKEW      0.85  0.95  1.07  1.07  0.59  0.76  1.04  0.76  0.59  0.88  0.96  0.77
% ENE     4.83  5.85 10.24  9.79  5.57  6.59  5.72  5.65  5.98  4.23  5.62  5.94
MEAN      3.41  3.40  3.71  4.00  3.49  3.94  3.76  4.01  4.06  4.10  3.81  3.54
STD DEV   1.30  1.40  1.53  1.65  1.34  1.51  1.58  1.52  1.51  1.61  1.55  1.37
SKEW      0.86  1.18  0.92  1.01  0.90  1.07  0.84  0.75  0.59  0.70  1.00  0.76
% E       4.91  5.19  8.87  7.45  5.32  5.40  5.57  5.43  5.44  3.96  5.18  6.06
MEAN      3.31  3.22  3.44  3.53  3.39  3.46  3.46  3.65  3.90  3.82  3.56  3.37
STD DEV   1.24  1.29  1.36  1.44  1.26  1.36  1.37  1.41  1.48  1.45  1.35  1.31
SKEW      0.78  0.92  0.97  1.02  0.99  0.98  1.01  1.04  0.81  0.73  0.70  0.79
% ESE     2.83  2.79  3.84  3.16  2.44  3.03  2.89  2.78  3.30  2.73  3.27  3.11
MEAN      3.09  3.01  3.32  3.33  3.21  3.40  3.32  3.52  3.64  3.48  3.33  3.13
STD DEV   1.15  1.06  1.28  1.35  1.18  1.36  1.23  1.31  1.34  1.24  1.13  1.12
SKEW      1.03  1.11  1.05  1.07  0.95  1.11  0.91  0.93  0.78  0.71  0.55  0.96
% SE      3.30  3.19  3.09  2.36  2.35  2.20  2.08  2.23  2.46  3.15  3.53  3.36
MEAN      3.23  3.08  3.09  3.06  3.28  3.22  3.19  3.39  3.60  3.57  3.31  3.10
STD DEV   1.19  1.20  1.09  1.18  1.50  1.42  1.16  1.56  1.49  1.41  1.26  1.19
SKEW      0.99  1.33  1.26  1.39  1.55  1.35  0.66  1.64  0.80  0.70  1.22  1.42
% SSE     1.99  1.90  1.82  1.20  1.72  1.46  1.28  1.46  1.78  2.90  2.17  2.09
MEAN      3.08  2.93  3.14  3.21  3.34  2.99  3.30  3.75  3.87  3.79  3.24  3.16
STD DEV   1.12  0.94  1.18  1.29  1.35  0.96  1.39  1.73  1.83  1.77  1.18  1.19
SKEW      1.03  0.63  0.86  0.87  0.95  0.74  0.96  0.75  1.22  1.14  0.81  0.80
% S       5.03  3.94  3.33  2.23  3.58  3.49  3.32  3.34  4.40  6.31  5.08  4.21
MEAN      3.15  3.03  3.21  3.53  3.70  3.86  4.06  3.94  4.26  4.11  3.33  3.22
STD DEV   1.16  1.15  1.24  1.55  1.71  1.99  2.19  1.98  1.99  1.71  1.25  1.34
SKEW      1.04  0.77  0.81  0.87  0.98  0.99  1.28  0.94  0.81  0.87  1.02  1.11
% SSW     4.83  3.54  2.34  1.74  3.04  3.20  3.56  3.41  4.24  5.81  3.87  3.68
MEAN      3.57  3.35  3.35  3.41  4.22  4.16  4.43  4.51  4.55  4.39  3.78  3.60
STD DEV   1.45  1.39  1.36  1.32  1.87  1.96  2.14  2.16  2.13  1.96  1.43  1.38
SKEW      1.00  1.26  0.82  0.63  0.70  0.88  0.83  0.98  0.86  1.13  0.92  0.77
% SW      8.55  6.96  3.59  3.32  5.81  6.15  6.40  6.51  6.87  9.05  6.82  6.71
MEAN      3.66  3.52  3.51  3.66  4.13  4.35  4.64  4.61  4.74  4.90  4.03  3.62
STD DEV   1.49  1.41  1.53  1.62  1.89  2.07  2.16  2.14  2.27  2.26  1.75  1.55
SKEW      1.00  0.92  1.06  1.03  0.83  0.76  0.85  0.84  0.91  0.90  0.95  1.29
% WSW     8.44  6.16  3.92  4.05  6.34  7.68  7.51  8.05  7.85  9.00  7.22  7.17
MEAN      3.62  3.42  3.52  3.66  4.11  4.29  4.72  4.89  4.70  4.92  3.93  3.76
STD DEV   1.42  1.42  1.59  1.60  1.88  1.97  2.14  2.27  2.17  2.16  1.69  1.49
SKEW      0.89  1.13  1.02  0.77  0.84  1.06  0.87  0.81  0.81  0.63  0.84  0.85
% W       9.43  7.32  4.78  5.55  9.30  9.50 11.12 10.11 10.70  9.39  8.62  8.74
MEAN      3.45  3.26  3.19  3.53  4.20  4.42  4.56  4.90  5.02  4.88  3.87  3.63
STD DEV   1.33  1.27  1.29  1.53  1.85  2.01  1.98  2.21  2.24  2.37  1.69  1.52
SKEW      0.97  0.98  0.92  0.96  0.76  0.91  0.71  0.85  0.64  0.92  0.96  1.06
% WNW     5.51  4.36  3.88  5.41  8.46  8.94  9.65  9.90  9.29  7.84  6.69  5.76
MEAN      3.57  3.30  3.33  3.82  4.67  4.82  5.05  5.19  5.38  5.11  4.09  3.83
STD DEV   1.43  1.20  1.29  1.52  2.09  2.00  2.13  2.09  2.26  2.18  1.68  1.50
SKEW      1.24  0.83  0.93  0.78  0.66  0.51  0.60  0.47  0.48  0.69  0.82  0.79
% NW      4.94  5.46  4.77  6.70  8.67  7.39  7.84  8.66  8.24  6.15  5.93  6.22
MEAN      3.58  3.38  3.43  3.82  4.49  4.47  4.57  4.88  4.82  4.57  3.87  3.61
STD DEV   1.28  1.27  1.38  1.44  2.03  1.90  1.83  2.05  2.10  1.94  1.61  1.42
SKEW      0.80  0.90  0.90  0.92  1.14  0.79  0.67  0.74  0.84  0.79  1.03  0.95
% NNW     2.66  3.44  3.20  4.25  4.60  3.82  4.32  4.46  3.97  3.82  3.50  3.13
MEAN      3.33  3.21  3.48  3.71  3.95  4.26  4.28  4.35  4.25  4.27  3.78  3.42
STD DEV   1.13  1.17  1.37  1.44  1.67  1.76  1.82  1.78  1.93  1.80  1.50  1.42
SKEW      0.80  0.89  0.86  1.06  1.26  0.84  0.74  0.71  0.93  0.81  1.18  1.18
CALM     19.78 22.93 20.11 20.19 17.38 15.29 12.86 11.95 11.65 13.01 17.58 18.87
                                                                                
INTERPOLATED DATA (station & weighting factor)                                  
                                                                                
---Wind Stations---                                                             
KNOXVILLE/MUN.TN     .347  MARIETTA/DOBB.GA     .327  ATHENS        GA     .325 
