 Australia    Myrrhee (Joelyn)                                                  
 LATT= -36.70 LONG= 146.29 YEARS= 30. TYPE= 3
 ELEVATION =  889. TP5 = 2.59 TP6= 5.26
 MEAN P    .39   .46   .39   .35   .34   .32   .30   .29   .30   .29   .36   .36
 S DEV P   .47   .73   .53   .41   .44   .34   .34   .36   .38   .51   .49   .50
 SKEW  P  1.77  3.18  3.17  1.77  2.54  1.65  2.06  2.51  2.11  7.55  2.78  2.43
 P(W/W)    .42   .30   .38   .43   .55   .62   .64   .63   .55   .43   .50   .42
 P(W/D)    .12   .14   .12   .14   .21   .25   .35   .30   .26   .22   .17   .16
 TMAX AV 85.17 83.80 77.95 69.46 60.89 54.80 53.11 55.55 60.91 67.67 74.70 80.10
 TMIN AV 60.54 60.07 55.01 48.06 43.01 39.86 38.74 39.07 42.03 46.37 51.88 56.10
 SD TMAX  8.61  8.01  7.69  6.49  5.02  3.97  3.64  4.77  5.81  7.53  8.61  8.58
 SD TMIN  7.25  6.55  6.60  6.20  6.04  5.87  5.52  5.54  6.19  6.67  7.18  7.09
 SOL.RAD  590.  522.  430.  307.  210.  155.  166.  235.  333.  449.  531.  577.
 SD SOL  118.2 111.1  96.3  77.8  61.8  54.5  59.3  74.5  93.3 110.9 121.4 126.5
 MX .5 P   .76   .61   .45   .34   .39   .30   .36   .41   .40   .40   .64   .71
 DEW PT  52.30 53.01 50.25 47.17 44.41 41.85 40.71 40.70 43.14 45.38 48.46 49.55
Time Pk   .070  .170  .250  .340  .430  .520  .610  .690  .770  .850  .940 1.000
% N       6.51  7.34  9.99  8.42  5.82  5.39  6.64  7.18  5.37  5.92  5.16  5.37
MEAN      2.99  2.81  3.10  3.44  3.62  3.46  3.96  3.56  3.48  3.73  3.28  2.83
STD DEV   1.28  1.09  1.39  1.59  1.72  1.55  1.51  1.48  1.41  1.50  1.49  1.29
SKEW      0.88  0.78  0.96  0.86  0.66  0.60  0.32  0.64  0.60  0.43  0.70  0.98
% NNE     4.31  5.95  7.32  6.29  4.04  4.01  4.39  5.72  4.22  3.80  4.34  3.98
MEAN      3.17  3.29  3.75  3.78  4.09  3.48  3.90  3.73  3.76  3.73  3.34  3.09
STD DEV   1.26  1.31  1.67  1.65  1.59  1.64  1.50  1.42  1.43  1.43  1.22  1.30
SKEW      0.50  0.61  0.76  0.89  0.33  1.01  0.51  0.46  0.29  0.09  0.27  0.88
% NE      3.42  4.18  4.80  4.33  2.41  2.76  2.64  3.60  3.41  2.73  3.65  3.41
MEAN      2.77  2.77  2.69  2.77  2.63  2.94  2.70  2.96  3.07  2.89  2.88  2.58
STD DEV   1.13  1.32  1.04  1.24  1.15  1.14  0.91  1.06  1.28  1.21  1.17  0.94
SKEW      0.72  1.55  0.84  0.76  0.95  0.61  0.57  0.82  0.62  1.21  0.55  0.45
% ENE     2.42  3.06  3.11  2.25  1.49  1.95  1.76  1.84  2.03  1.77  1.94  2.15
MEAN      2.56  2.68  2.56  2.65  2.59  2.68  2.57  3.12  2.91  2.82  2.51  2.57
STD DEV   0.94  1.01  0.97  1.16  0.93  1.02  0.86  1.07  1.29  0.96  1.03  0.92
SKEW      0.83  0.84  1.20  1.08  0.36  1.06  0.60  0.60  0.85  0.23  0.90  0.45
% E       2.88  3.03  3.44  2.65  1.31  2.01  1.58  2.20  2.20  1.98  2.22  2.31
MEAN      2.39  2.32  2.34  2.40  2.26  2.54  2.60  2.53  2.80  2.76  2.57  2.44
STD DEV   0.88  0.90  0.92  0.99  0.97  0.92  0.94  0.84  1.10  1.20  1.10  0.98
SKEW      0.91  1.11  1.16  1.26  1.64  1.08  0.94  0.45  0.79  1.06  0.80  0.51
% ESE     3.03  3.92  3.18  2.08  1.76  3.62  2.83  2.84  3.91  2.26  2.50  3.00
MEAN      2.53  2.44  2.62  2.61  2.97  3.38  3.19  3.37  3.80  3.19  2.58  2.76
STD DEV   0.99  0.93  0.94  1.02  1.32  1.38  1.31  1.72  1.65  1.23  1.05  1.02
SKEW      0.95  0.97  1.01  1.23  0.69  0.77  0.76  1.25  0.73  0.50  0.69  0.78
% SE      7.92  7.96  8.44  7.31  6.93 10.02  8.83  7.80  8.30  6.50  5.70  7.65
MEAN      2.41  2.53  2.67  2.58  3.56  3.77  3.58  3.88  4.09  3.31  2.67  2.69
STD DEV   0.99  1.30  1.09  1.32  2.19  1.89  1.65  2.22  2.10  1.82  1.23  1.19
SKEW      1.15  2.30  1.18  1.85  1.68  1.08  0.89  1.28  0.95  1.36  1.51  1.27
% SSE     7.88  6.63  7.83  7.39 10.46 12.41 14.15  9.87  8.70 10.00  8.91  7.92
MEAN      2.79  2.77  3.12  2.98  4.02  4.47  4.88  4.83  4.49  4.38  3.33  3.03
STD DEV   1.12  1.24  1.35  1.44  2.08  2.10  2.10  2.38  2.25  2.29  1.58  1.27
SKEW      0.88  1.31  0.75  1.02  1.13  0.68  0.54  0.59  0.86  0.98  0.95  0.77
% S      10.90  8.65  7.87 11.02 13.20 12.39 13.79 10.36 11.00 13.10 12.36 13.56
MEAN      2.76  2.65  2.92  2.74  3.58  3.89  4.74  4.30  4.32  4.29  3.50  2.88
STD DEV   1.17  1.16  1.38  1.35  1.93  1.96  2.18  2.20  2.14  2.05  1.85  1.30
SKEW      0.87  0.97  0.93  1.19  1.20  0.92  0.56  0.74  0.70  0.81  1.02  0.97
% SSW     5.51  4.51  3.12  3.46  5.40  3.99  4.84  5.11  5.76  7.20  6.85  6.58
MEAN      3.43  3.23  3.44  3.63  4.52  4.43  5.20  5.06  5.33  5.29  3.97  3.65
STD DEV   1.49  1.46  1.41  1.73  2.13  2.07  2.15  2.23  2.42  2.26  1.72  1.56
SKEW      0.63  0.91  0.39  0.70  0.64  0.63  0.35  0.29  0.58  0.54  0.59  0.61
% SW      5.19  4.57  2.68  3.29  4.67  4.48  3.78  5.17  5.54  6.01  7.22  6.54
MEAN      3.27  3.16  3.30  3.26  3.85  4.00  4.06  4.37  5.07  4.60  3.63  3.44
STD DEV   1.46  1.41  1.49  1.64  1.99  2.18  1.93  2.32  2.67  2.15  1.72  1.52
SKEW      0.52  0.76  0.34  0.91  0.72  1.23  0.76  0.65  0.81  0.46  0.72  0.49
% WSW     4.12  3.12  1.85  2.21  4.25  4.88  3.38  4.49  6.17  5.12  5.04  4.70
MEAN      3.60  3.85  3.12  3.35  4.47  4.83  5.23  4.98  5.42  5.29  4.23  3.96
STD DEV   1.44  1.50  1.61  1.38  1.93  1.88  2.41  2.02  2.48  2.45  1.80  1.67
SKEW      0.67  0.55  0.81  0.74  0.49  0.55  0.56  0.44  0.59  0.41  0.63  0.45
% W       4.72  3.93  2.93  3.24  6.10  5.81  5.46  6.09  7.44  6.44  6.41  5.17
MEAN      3.01  2.80  2.88  3.02  3.77  3.95  4.48  4.28  4.44  4.48  3.84  3.31
STD DEV   1.30  1.16  1.30  1.37  1.76  1.76  1.92  2.18  2.08  2.03  1.86  1.48
SKEW      0.76  0.88  0.88  0.70  0.74  0.59  0.32  0.88  0.51  0.44  1.48  0.89
% WNW     3.33  2.35  2.69  4.04  8.41  5.95  6.27  6.91  7.23  6.96  4.33  3.24
MEAN      3.18  2.92  3.04  3.79  4.84  4.57  4.73  4.95  5.15  4.91  4.13  3.43
STD DEV   1.35  1.07  1.32  1.69  1.99  1.84  1.77  2.11  2.02  1.78  1.75  1.50
SKEW      0.59  0.54  0.72  0.65  0.44  0.58  0.28  0.25  0.22  0.38  0.50  0.65
% NW      4.89  5.17  7.17  7.44  7.87  6.63  6.81  7.57  7.47  7.40  5.84  4.50
MEAN      2.83  2.76  2.75  3.28  3.94  3.68  4.27  3.87  4.28  4.00  3.38  3.00
STD DEV   1.17  1.09  1.17  1.51  1.82  1.63  1.71  1.89  1.91  1.73  1.50  1.32
SKEW      0.85  0.75  1.08  0.81  0.62  0.59  0.40  0.83  0.54  0.64  0.68  1.00
% NNW     3.68  5.38  5.29  5.71  4.87  4.71  5.60  5.00  4.00  5.05  3.30  3.68
MEAN      3.10  3.07  2.98  3.49  3.75  3.88  4.01  3.70  4.01  3.89  3.18  3.08
STD DEV   1.25  1.18  1.11  1.33  1.46  1.62  1.48  1.56  1.51  1.57  1.27  1.22
SKEW      0.62  0.63  1.00  0.43  0.55  0.74  0.33  0.65  0.25  0.42  0.69  0.73
CALM     19.22 20.24 18.09 18.84 11.10  9.04  7.26  8.23  7.24  7.70 14.21 16.30
                                                                                
INTERPOLATED DATA (station & weighting factor)                                  
                                                                                
---Wind Stations---                                                             
SMITHVILLE    TN     .674  SMYRNA/SEWART TN     .200  KNOXVILLE/MUN.TN     .125 
