 Australia    Coonalpyn (Twinville)                                             
 LATT= -35.74 LONG= 139.96 YEARS= 30. TYPE= 2
 ELEVATION =   66. TP5 = 0.98 TP6= 3.68
 MEAN P    .18   .19   .16   .17   .16   .15   .14   .15   .16   .18   .17   .19
 S DEV P   .26   .21   .25   .21   .20   .18   .16   .16   .20   .21   .22   .30
 SKEW  P  3.88  1.68  3.26  2.26  3.28  2.64  2.27  2.38  3.10  2.32  2.40  3.71
 P(W/W)    .29   .28   .29   .40   .57   .61   .61   .59   .54   .45   .42   .34
 P(W/D)    .09   .07   .09   .14   .23   .31   .33   .32   .29   .21   .15   .14
 TMAX AV 83.71 83.47 78.53 71.94 64.62 59.19 58.22 60.16 64.79 70.68 76.33 79.98
 TMIN AV 59.45 59.35 56.03 51.37 48.08 44.88 44.07 44.36 46.84 49.67 53.68 56.59
 SD TMAX 11.26 10.52  9.68  7.93  5.65  3.69  3.85  5.28  7.27  9.54 10.93 10.87
 SD TMIN  7.57  7.35  7.27  6.40  5.79  5.32  4.88  5.05  5.62  6.83  7.49  7.41
 SOL.RAD  587.  524.  420.  299.  206.  170.  184.  256.  355.  457.  537.  575.
 SD SOL  112.3 104.7  95.4  74.0  55.4  42.4  48.5  63.7  84.7 105.2 115.5 121.1
 MX .5 P   .29   .28   .20   .22   .22   .19   .23   .22   .24   .31   .38   .39
 DEW PT  50.23 50.95 49.49 47.00 46.41 44.67 43.56 42.97 44.39 44.41 46.42 48.06
Time Pk   .120  .220  .320  .400  .480  .570  .650  .740  .820  .890  .960 1.000
% N       2.75  2.98  5.39  7.62  8.18 10.35  9.78  8.20  6.32  6.17  3.09  4.04
MEAN      2.82  2.85  4.16  4.32  3.54  3.31  3.55  3.56  4.30  5.02  3.28  4.26
STD DEV   1.33  1.55  2.62  2.87  2.61  2.06  2.58  2.19  2.68  2.99  1.54  2.28
SKEW      0.45  0.91  0.99  0.98  1.25  1.19  1.48  1.58  0.93  0.88  0.63  0.45
% NNE     0.73  0.71  1.16  2.10  2.88  3.52  2.91  2.75  2.14  1.00  0.80  0.65
MEAN      2.10  2.26  2.33  2.48  2.14  2.13  2.01  2.93  3.34  2.17  2.27  2.40
STD DEV   0.77  0.95  1.28  1.53  1.10  1.21  1.09  1.52  1.72  0.99  1.16  0.94
SKEW      0.19  0.36  0.68  0.64  0.43  0.59  0.75  0.68  0.78  0.29  0.46  0.18
% NE      0.76  0.77  1.18  2.26  3.16  3.81  3.35  2.73  1.22  0.96  0.68  0.53
MEAN      2.25  2.05  2.84  3.50  2.82  2.52  2.37  2.65  2.32  2.65  2.07  2.69
STD DEV   0.34  0.72  1.50  2.53  1.62  1.10  1.21  1.45  1.00  1.50  0.85  0.49
SKEW     -0.79  0.09  0.52  1.00  1.19  0.66  1.14  1.35  0.51  1.26  0.91  0.12
% ENE     0.23  0.28  0.39  0.49  1.15  2.27  1.64  1.30  0.49  0.32  0.26  0.26
MEAN      0.70  1.44  1.93  1.73  1.83  1.94  1.91  2.25  2.21  1.80  1.72  1.94
STD DEV   0.28  0.32  0.80  0.86  0.94  0.85  0.88  0.81  0.84  0.61  0.61  0.44
SKEW      0.09 -0.83  0.28  0.68  0.57  0.32  0.37  0.24  0.26  0.16  0.22  0.41
% E       1.99  3.02  2.44  2.53  5.43  9.26  5.46  4.48  2.32  1.68  1.54  1.56
MEAN      1.36  2.21  2.21  2.44  2.84  3.48  3.08  2.75  3.06  2.16  2.41  1.47
STD DEV   0.72  0.56  0.98  1.72  1.61  2.25  1.82  1.48  2.21  1.06  1.23  0.74
SKEW      1.20  1.49  0.64  1.18  0.83  0.80  0.99  0.99  0.99  1.34  1.33  0.73
% ESE     1.53  1.53  1.63  1.49  1.60  2.37  2.14  2.13  1.42  1.12  0.97  1.08
MEAN      1.06  1.08  1.65  1.64  1.82  1.98  1.94  2.70  3.24  2.61  1.63  1.02
STD DEV   0.47  0.46  0.72  0.69  0.90  1.00  0.91  0.91  1.05  0.75  0.76  0.43
SKEW      0.17  0.13  0.33  0.16  0.43  0.77  0.34  0.62  0.72  0.19  0.33  0.17
% SE      8.36  7.46  6.69  6.70  8.92 12.78  9.56  9.76  6.76  6.77  5.13  7.11
MEAN      2.80  2.60  3.06  3.68  4.43  4.30  3.72  3.84  4.66  3.84  3.44  3.68
STD DEV   1.32  1.23  1.55  2.35  2.62  2.44  1.93  2.07  2.83  1.76  1.74  1.48
SKEW      0.16  0.22  0.63  1.35  0.81  0.84  0.61  1.01  1.45  0.40  0.59  0.18
% SSE     2.21  2.54  1.52  1.24  2.02  2.32  2.67  3.47  3.12  1.47  1.11  1.58
MEAN      1.44  2.08  2.06  2.59  2.82  2.90  3.07  4.40  4.51  3.92  2.56  2.27
STD DEV   0.54  0.52  0.65  1.27  1.62  1.53  1.66  2.51  2.60  1.23  1.79  0.78
SKEW      0.02 -0.02  0.30  0.47  0.55  0.37  0.43  0.84  0.94  0.41  0.48  0.35
% S      22.10 23.20 17.51 14.27 11.88 13.01 11.94 14.45 12.75 14.74 21.17 16.73
MEAN      3.33  3.39  3.42  3.68  3.93  4.18  3.97  4.09  4.07  3.90  3.71  3.53
STD DEV   1.28  1.76  1.78  2.31  2.28  2.54  2.33  2.29  2.28  2.15  1.97  1.94
SKEW      0.11  0.72  0.41  1.34  0.88  0.85  0.93  0.89  0.80  0.65  0.69  0.82
% SSW     1.31  2.70  2.70  3.20  2.58  2.22  3.20  3.66  3.67  3.21  3.01  2.40
MEAN      2.74  3.33  3.12  2.91  2.62  2.90  3.01  4.16  4.43  4.32  2.90  2.99
STD DEV   1.48  1.53  1.69  1.70  1.53  1.77  1.72  2.35  1.38  1.37  1.54  1.60
SKEW      0.38  0.32  0.48  0.46  0.61  0.57  0.56  1.06  0.47  0.50  0.38  0.38
% SW     21.36 19.09 17.36 13.28  7.72  3.04  5.26  6.63 13.21 14.80 21.66 21.91
MEAN      4.97  4.87  4.75  4.26  3.83  3.46  3.74  4.06  4.43  4.92  5.27  5.52
STD DEV   1.97  2.08  2.10  2.14  2.04  1.94  2.04  2.01  2.12  2.30  2.30  2.27
SKEW      0.23  0.21  0.22  0.88  0.80  0.83  0.66  0.82  0.54  0.40  0.25  0.10
% WSW    14.84 13.21 11.41  7.02  2.94  1.61  1.95  3.83  6.68  9.06 11.85 13.78
MEAN      3.60  3.43  3.32  2.83  2.40  2.51  2.53  3.48  3.68  4.34  3.48  3.62
STD DEV   1.21  1.26  1.35  1.29  1.10  1.27  1.36  1.30  1.28  1.29  1.40  1.32
SKEW      0.07  0.26  0.23  0.24  0.16  0.44  0.49  0.45  0.40  0.23  0.20  0.20
% W       4.23  4.40  5.74  6.73  7.79  4.57  6.61  6.39  8.24  9.33  6.75  5.99
MEAN      3.67  3.38  3.51  3.27  2.88  3.31  3.09  3.33  4.21  4.24  4.05  4.26
STD DEV   1.78  1.80  1.90  2.02  1.62  1.88  1.79  1.81  2.30  2.33  2.02  2.26
SKEW      0.53  1.23  0.87  1.19  1.02  0.98  1.16  0.94  0.63  0.80  0.66  0.59
% WNW     0.80  1.01  1.79  1.77  1.27  1.17  1.30  1.79  3.15  3.02  2.71  2.35
MEAN      2.19  2.05  2.02  2.11  1.93  1.98  1.98  2.12  3.32  4.14  2.37  2.39
STD DEV   0.86  0.89  0.90  1.06  0.95  0.89  0.89  1.04  1.36  2.02  1.03  1.02
SKEW      0.43  0.20  0.39  0.60  0.39  0.18  0.34  0.42  0.60  0.34  0.21  0.19
% NW      3.18  3.31  4.85  6.25  5.42  5.29  8.43  6.55  9.28  8.42  4.63  6.54
MEAN      3.37  2.70  2.91  2.99  3.18  2.87  3.37  3.04  4.08  3.97  3.65  4.01
STD DEV   1.70  1.51  1.51  1.72  1.81  1.57  1.94  1.54  2.29  2.07  1.68  2.08
SKEW      0.23  0.51  0.64  0.98  1.15  0.99  0.88  0.81  0.70  0.81  0.72  0.83
% NNW     2.59  2.63  2.43  2.59  2.24  2.12  2.48  3.60  3.76  3.56  3.24  2.47
MEAN      2.25  1.98  2.02  2.60  2.50  2.68  3.23  4.01  3.97  4.06  3.13  3.01
STD DEV   0.88  0.82  0.97  1.70  1.78  1.56  2.03  2.06  1.70  2.30  1.53  1.40
SKEW      0.47  0.26  0.42  0.58  0.73  0.43  0.57  0.90  0.35  0.67  0.26  0.28
CALM     11.02 11.22 15.87 20.45 24.72 20.32 21.38 18.24 15.40 14.21 11.36 11.08
                                                                                
INTERPOLATED DATA (station & weighting factor)                                  
                                                                                
---Wind Stations---                                                             
SANTA ROSA    CA     .383  FAIRFIELD/TRV.CA     .312  SAN RAFAEL/HA.CA     .305 
