 Australia    Rose Bay (Royal Sydney Golf                                       
 LATT= -33.88 LONG= 151.27 YEARS= 30. TYPE= 4
 ELEVATION =   26. TP5 = 2.74 TP6= 6.66
 MEAN P    .35   .47   .37   .49   .42   .49   .40   .42   .32   .26   .30   .35
 S DEV P   .67   .94   .54   .69   .58   .66   .57   .76   .51   .38   .40   .46
 SKEW  P  5.65  4.87  3.25  2.39  2.51  2.50  2.61  3.54  3.39  3.36  2.98  2.47
 P(W/W)    .57   .57   .58   .62   .57   .65   .55   .53   .47   .49   .50   .48
 P(W/D)    .25   .28   .29   .22   .24   .23   .19   .17   .21   .24   .28   .23
 TMAX AV 75.53 75.26 73.50 70.18 66.13 62.14 61.19 62.66 65.70 68.42 70.44 73.46
 TMIN AV 68.63 68.84 66.62 62.13 57.26 53.66 51.43 52.25 55.80 59.57 62.73 66.00
 SD TMAX  4.79  4.12  3.72  3.95  3.73  3.12  3.40  4.09  5.09  5.51  5.35  5.02
 SD TMIN  2.98  2.89  3.09  3.41  3.69  3.64  3.61  3.53  3.94  3.76  3.78  3.27
 SOL.RAD  499.  443.  380.  303.  239.  194.  224.  298.  388.  451.  487.  522.
 SD SOL  122.3 112.9  98.0  73.9  56.8  52.5  54.7  67.0  86.0 109.0 121.2 128.3
 MX .5 P  1.14  1.18   .85   .77   .59   .67   .49   .51   .48   .50   .75   .88
 DEW PT  63.53 64.01 61.62 56.97 52.04 48.36 45.49 45.26 48.97 53.09 57.13 60.59
Time Pk   .200  .310  .400  .480  .560  .650  .720  .780  .840  .900  .960 1.000
% N       2.75  4.32  5.32  6.55  5.68  6.03 10.23  5.38  5.02  6.53  3.86  4.37
MEAN      3.39  7.46  5.43  4.04  4.27  5.08  5.56  4.48  4.06  5.44  3.91  3.58
STD DEV   1.49  0.68  1.00  1.69  2.22  2.24  2.41  2.13  1.81  2.25  1.47  1.76
SKEW      0.51  0.44  0.58  0.60  0.65  0.29  0.39  0.38  0.61 -0.03  0.14  0.80
% NNE     3.19  5.07  8.54  6.29  7.36  6.60  5.46  7.57  4.77  4.68  4.47  5.28
MEAN      4.07  6.09 10.87  4.33  4.30  4.83  4.49  4.69  5.00  5.56  4.20  4.77
STD DEV   1.59  3.64  4.51  0.99  1.86  2.39  1.94  1.86  1.85  2.49  1.86  2.27
SKEW      0.01  0.75 -0.31  0.25  0.38  0.89  0.74  0.34  0.23  0.71  0.33  0.35
% NE      9.14 14.28 14.06 17.95  7.90 10.69 10.51 10.26  9.48  6.32 11.68 11.95
MEAN      3.73  4.68  4.39  4.87  4.10  3.84  4.37  4.46  4.55  4.35  4.68  4.22
STD DEV   1.55  2.80  1.83  2.01  1.75  1.87  2.22  1.80  1.80  2.52  2.17  2.10
SKEW      0.43  1.29  0.53  0.41  0.64  0.78  0.82  0.08  0.26  0.97  0.86  0.62
% ENE     4.25  6.98  6.76  3.88  2.18  2.31  2.82  5.40  4.84  3.44  5.26  3.40
MEAN      3.84  4.80  4.48  4.00  3.10  3.20  3.13  4.03  4.63  3.52  4.27  4.37
STD DEV   1.75  1.96  2.45  1.29  1.16  1.69  1.33  1.68  1.51  1.45  1.45  1.98
SKEW      0.48  0.24  1.48  0.09  0.43  0.47  0.29  0.20  0.49  0.46  0.88  0.25
% E       4.23  7.36  6.96  5.12  2.96  1.76  2.38  3.40  3.41  2.47  4.77  2.71
MEAN      3.40  3.94  3.52  3.11  2.70  2.37  2.66  3.04  3.47  3.35  3.26  3.36
STD DEV   1.58  2.30  1.62  1.50  1.03  1.45  1.09  1.14  1.89  1.57  1.31  1.46
SKEW      0.57  1.13  0.62  1.26  0.37  0.89  0.22  0.46  1.11  0.14  0.76  0.26
% ESE     3.43  2.16  3.89  1.42  1.58  0.45  1.10  1.66  2.03  1.69  2.00  2.50
MEAN      3.20  3.25  3.28  2.53  2.92  1.75  3.06  3.44  3.27  3.17  3.18  3.26
STD DEV   1.11  0.63  1.33  0.57  1.27  0.87  0.57  0.58  1.31  0.65  0.99  1.28
SKEW      0.22  0.34  0.86  0.23  0.18  0.32  0.37  0.13  0.45  0.17  1.13  0.54
% SE      2.90  6.00  3.92  3.75  2.34  1.50  2.10  3.45  2.87  2.53  4.11  4.71
MEAN      3.36  3.39  2.77  2.73  3.49  3.27  2.63  2.94  3.98  3.40  2.82  3.43
STD DEV   2.08  2.56  0.87  1.16  1.85  0.77  1.20  1.20  1.87  1.28  1.24  1.57
SKEW      0.66  1.77  0.13  0.93  1.05  0.32  0.60  0.64  0.56  0.86  0.59  0.52
% SSE     2.98  4.13  2.93  2.09  2.49  1.99  1.74  4.01  3.58  4.53  3.50  4.47
MEAN      3.19  4.04  2.83  2.80  3.23  3.97  3.97  3.56  3.91  4.03  3.57  3.69
STD DEV   1.31  0.88  1.19  0.62  1.48  1.07  0.69  1.62  1.91  1.98  1.63  1.47
SKEW      0.43  0.56  0.45  0.27  0.62  0.41  0.38  0.99  0.52  0.42  1.05  0.47
% S       6.47  6.34  6.79  5.49  4.66  6.01  4.36  6.16  4.45  8.57  5.78  6.82
MEAN      3.16  3.80  2.91  3.13  3.22  3.70  2.94  3.60  4.09  4.39  3.58  3.39
STD DEV   1.43  1.85  1.23  1.25  1.18  2.15  1.21  1.59  1.93  1.85  1.67  1.50
SKEW      0.84  0.81  0.61  0.17  0.38  1.00  0.85  0.52  0.57  0.59  0.51  0.35
% SSW    11.16 10.00  4.99  5.45  5.89  6.44  6.28  8.57  7.56 11.84  7.71  9.71
MEAN      3.58  3.65  3.37  3.49  3.74  3.79  3.77  4.39  5.25  4.46  4.37  3.56
STD DEV   1.54  1.42  0.75  1.33  1.46  1.84  1.53  1.85  2.59  1.86  1.87  1.24
SKEW      0.86  0.67  0.17  0.75  0.65  0.61  0.41  0.44  1.22  0.41  0.35  0.55
% SW     19.33  9.43  7.11  7.80 10.76  9.89 11.11 10.57 13.18 14.94 14.73 14.15
MEAN      3.91  3.77  3.49  3.74  3.75  3.88  4.73  5.09  5.47  4.92  4.39  3.72
STD DEV   1.60  1.81  1.38  1.69  1.89  1.88  2.32  3.59  2.67  2.25  1.59  1.60
SKEW      0.35  0.66  0.43  0.75  0.81  0.89  0.64  1.90  0.42  0.33  0.43  0.43
% WSW     9.69  3.94  4.67  2.71  5.68  7.33  6.32  5.07  8.00  6.96  9.27  5.54
MEAN      4.03  3.66  3.17  4.48  4.32  4.70  5.09  5.55  5.78  4.93  4.77  3.71
STD DEV   1.58  1.39  1.23  1.18  2.04  1.77  1.80  2.08  2.39  2.36  1.66  1.50
SKEW      0.31 -0.06  0.75  0.43  0.87  0.98  0.44  0.90  0.60  0.77  0.13  0.75
% W       4.63  3.51  2.88  4.97  6.35  5.34  5.39  4.06  6.69  4.98  3.88  4.71
MEAN      3.14  3.05  3.02  3.20  3.70  3.52  3.43  4.04  5.17  4.36  4.47  3.53
STD DEV   1.54  1.30  1.23  1.65  1.94  1.70  1.84  2.07  2.96  1.96  1.94  1.66
SKEW      0.63  0.48  0.52  0.98  0.99  0.65  0.81  0.42  1.33  0.70  0.60  0.51
% WNW     2.32  2.20  2.51  1.99  5.95  5.65  5.97  4.60  7.76  5.12  3.06  2.95
MEAN      3.63  3.14  3.88  3.58  4.47  4.42  4.92  5.50  4.83  5.16  5.21  3.69
STD DEV   1.67  1.10  1.79  0.71  2.12  1.95  1.80  2.08  2.44  2.01  2.50  2.15
SKEW      0.61  0.84  0.60  0.28  0.16  0.16  0.18  0.09  1.17 -0.02  0.53  0.60
% NW      1.63  1.86  3.53  4.59  6.92  7.65  7.60  6.16  5.29  3.66  3.78  2.65
MEAN      3.92  2.42  5.61  3.54  4.25  4.26  5.29  5.17  5.38  4.91  4.06  3.86
STD DEV   0.82  0.81  2.88  1.69  1.77  1.88  2.64  1.98  2.50  2.17  1.92  2.06
SKEW      0.70  0.67  0.74  0.97  0.52  0.47  0.32  0.16  0.43  0.29  0.42  0.35
% NNW     1.94  2.06  3.11  3.65  5.98  6.16  6.34  5.20  5.31  4.87  3.15  2.96
MEAN      3.61  2.79  6.96  3.87  4.46  4.92  5.60  5.31  5.44  5.60  4.76  4.09
STD DEV   1.31  0.52  0.73  0.91  2.38  2.59  2.94  2.65  1.67  1.89  2.04  2.27
SKEW      0.74  0.50  0.30  0.33  0.80  0.72  0.40  0.57  0.20  0.03  0.08  0.70
CALM     10.02 10.30 12.02 16.43 15.47 14.40 10.33  8.38  5.73  6.90  8.94 10.93
                                                                                
INTERPOLATED DATA (station & weighting factor)                                  
                                                                                
---Wind Stations---                                                             
KINSTON/STALL.NC     .469  ROCKY MOUNT   NC     .370  WEEKSVILLE    NC     .161 
