 Australia    Happy Valley Reservoir                                            
 LATT= -35.06 LONG= 138.56 YEARS= 30. TYPE= 3
 ELEVATION =  558. TP5 = 2.73 TP6= 5.89
 MEAN P    .21   .21   .20   .22   .23   .24   .21   .19   .19   .19   .17   .18
 S DEV P   .30   .34   .27   .33   .29   .31   .26   .22   .24   .27   .22   .30
 SKEW  P  2.49  3.37  2.13  2.97  2.32  2.57  3.39  2.62  2.36  3.75  2.57  4.43
 P(W/W)    .40   .42   .43   .50   .65   .71   .71   .72   .63   .53   .50   .46
 P(W/D)    .10   .11   .13   .19   .25   .33   .38   .33   .34   .22   .17   .18
 TMAX AV 75.75 75.81 72.26 67.18 61.65 57.09 55.53 56.46 60.02 64.32 68.82 72.15
 TMIN AV 63.05 63.54 61.22 57.69 54.01 50.43 48.95 49.12 51.23 53.80 57.34 60.21
 SD TMAX  7.61  7.19  6.70  5.60  4.12  2.87  2.74  3.78  5.33  6.65  7.63  7.47
 SD TMIN  6.08  6.09  5.65  4.67  3.75  3.23  3.17  3.11  3.81  4.93  5.85  5.80
 SOL.RAD  608.  544.  435.  316.  223.  185.  202.  275.  377.  482.  567.  601.
 SD SOL  119.1 110.0  98.6  76.6  61.7  45.3  51.3  66.6  86.4 107.0 118.3 123.8
 MX .5 P   .50   .39   .37   .32   .32   .33   .23   .27   .35   .37   .47   .52
 DEW PT  53.93 54.60 53.01 50.31 48.59 46.23 44.98 44.52 46.09 46.93 49.52 51.70
Time Pk   .070  .170  .250  .340  .430  .520  .610  .690  .770  .850  .940 1.000
% N       4.20  6.50  9.60  6.90  4.80  5.10  4.60  5.30  4.50  3.40  4.60  3.70
MEAN      2.78  2.94  3.21  3.53  3.54  4.20  4.18  3.47  3.27  3.41  2.85  2.95
STD DEV   1.18  1.31  1.22  1.58  1.41  1.80  1.61  1.62  1.24  1.64  1.29  1.21
SKEW      0.83  1.02  0.55  0.80  0.32  0.45  0.19  0.71  0.16  0.76  0.95  0.51
% NNE     4.00  4.30  6.00  4.10  3.10  3.30  3.70  4.30  2.90  3.00  2.90  2.20
MEAN      2.97  3.08  3.45  3.87  3.89  4.16  4.09  3.71  3.48  3.83  3.28  2.90
STD DEV   1.30  1.19  1.38  1.79  1.61  1.65  1.31  1.42  1.16  1.52  1.54  1.08
SKEW      0.99  0.20  0.40  0.71  0.17  0.32 -0.11  0.25  0.04  0.42  0.74  0.30
% NE      7.30  7.40  9.30  7.30  4.50  4.50  3.80  6.90  4.70  4.80  5.80  4.30
MEAN      2.43  2.88  2.90  2.88  3.09  3.44  3.38  3.27  3.17  3.30  2.67  2.56
STD DEV   0.90  1.11  1.16  1.24  1.45  1.65  1.45  1.42  1.31  1.29  1.10  0.93
SKEW      1.49  0.67  0.84  0.87  0.88  0.99  0.30  0.85  0.59  0.46  0.96  0.93
% ENE     1.80  2.60  2.70  3.00  1.00  2.20  2.00  2.30  2.50  2.00  1.60  1.60
MEAN      2.63  2.70  2.81  2.94  2.74  3.41  3.50  3.35  3.02  2.90  2.68  2.43
STD DEV   1.01  1.23  1.17  1.22  0.96  1.37  1.24  1.22  1.22  1.07  1.00  0.89
SKEW      1.07  1.47  0.95  1.30  0.90  0.46  0.02  0.70  0.68  0.33  0.98  0.97
% E       4.40  6.80  8.50  8.60  7.50  7.20  4.30  6.70  5.40  6.10  4.40  4.50
MEAN      2.39  2.57  2.84  2.56  3.03  3.05  3.00  2.96  2.97  3.06  2.45  2.38
STD DEV   0.88  0.97  1.17  0.92  1.26  1.28  1.09  1.19  1.26  1.13  0.85  0.85
SKEW      1.11  1.12  0.96  1.10  0.91  1.12  0.41  0.80  0.90  0.60  1.12  1.35
% ESE     3.80  3.60  5.30  5.20  2.30  6.10  4.50  5.80  5.70  4.60  3.20  4.40
MEAN      2.75  2.74  3.20  3.41  3.07  3.72  3.25  3.37  3.57  3.38  2.76  2.83
STD DEV   1.07  1.07  1.18  1.34  1.04  1.46  1.16  1.11  1.48  1.34  1.09  1.21
SKEW      0.88  0.92  0.62  0.60  0.40  0.53  0.55  0.47  1.05  0.53  0.96  1.21
% SE     12.00 11.20 11.90 12.10 11.20 14.40 12.70  9.70 10.70  9.60  9.00 12.50
MEAN      2.96  2.88  3.05  3.10  3.50  4.13  4.03  3.87  4.08  3.36  3.14  3.07
STD DEV   1.24  1.17  1.44  1.45  1.72  1.91  1.66  1.89  1.97  1.43  1.52  1.39
SKEW      0.72  0.85  1.27  1.27  1.27  0.82  0.85  1.06  0.86  0.68  1.13  0.91
% SSE     5.40  2.80  3.40  3.80  5.50  6.80  8.50  5.90  5.80  6.10  4.80  3.90
MEAN      3.28  2.89  3.33  4.11  4.87  5.32  5.23  5.22  5.55  4.69  3.70  3.50
STD DEV   1.43  1.26  1.35  1.60  2.33  2.54  1.96  2.16  3.00  2.49  1.70  1.40
SKEW      0.78  0.51  0.62  0.48  0.74  1.19  0.38  0.35  1.91  1.49  0.74  0.31
% S       8.40  6.20  5.50  4.10  7.10  7.90 16.40  9.30 11.70 11.90  9.30  6.70
MEAN      3.11  2.88  3.27  3.49  4.33  4.93  5.64  5.30  5.14  4.62  3.96  3.33
STD DEV   1.35  1.37  1.49  1.47  1.95  2.31  2.11  2.21  2.35  1.98  1.92  1.46
SKEW      0.69  1.09  0.75  0.55  0.45  0.58  0.43  0.32  0.62  0.52  0.73  0.71
% SSW     4.00  2.70  2.00  1.60  2.50  2.60  4.70  3.50  3.30  4.60  4.70  4.10
MEAN      3.23  3.03  2.99  4.04  4.22  4.50  5.70  5.59  4.84  4.67  4.63  3.80
STD DEV   1.29  1.38  1.14  1.84  1.58  2.08  2.12  2.50  2.33  1.81  2.25  1.55
SKEW      0.51  0.89  0.24  0.44  0.19  0.71  0.17  0.39  0.67  0.32  0.54  0.41
% SW      8.10  6.30  3.60  3.50  4.70  4.30  4.30  5.70  4.50  6.30  6.90  9.40
MEAN      3.11  2.94  3.17  3.26  3.95  3.67  4.52  4.27  4.00  4.25  3.76  3.47
STD DEV   1.35  1.24  1.37  1.60  1.85  2.05  2.09  2.02  1.94  1.89  1.93  1.64
SKEW      0.72  0.75  0.59  0.87  0.51  1.10  0.58  0.57  0.73  0.26  0.86  0.74
% WSW     4.80  3.40  1.50  1.70  2.30  2.50  1.70  2.90  3.30  3.50  3.20  4.30
MEAN      3.58  3.58  3.42  3.29  3.76  4.28  3.98  4.58  4.69  5.62  4.13  3.71
STD DEV   1.50  1.56  1.56  1.52  1.72  1.91  1.86  2.13  1.95  2.86  2.10  1.67
SKEW      0.32  0.64  0.57  0.81  0.96  0.39  0.81  0.87  0.26  0.81  0.75  0.46
% W       5.50  5.60  2.20  3.70  6.60  5.70  4.50  4.80  5.00  5.30  6.30  6.20
MEAN      3.30  3.31  3.07  3.59  4.65  4.50  4.24  4.31  4.86  5.12  3.72  3.55
STD DEV   1.59  1.43  1.47  1.48  2.25  2.14  1.95  2.13  2.50  2.32  1.99  1.63
SKEW      0.65  0.42  0.82  0.37  0.79  0.62  0.29  0.78  0.40  0.13  1.25  0.43
% WNW     4.00  3.80  2.10  2.20  6.20  5.90  4.60  6.30  6.60  6.20  5.10  5.20
MEAN      3.63  3.36  3.10  4.48  5.16  5.28  5.49  5.36  5.58  5.43  4.13  4.17
STD DEV   1.54  1.36  1.42  2.09  2.26  1.99  1.90  2.19  2.71  2.01  1.96  1.81
SKEW      0.62  0.37  1.10  0.45  0.47  0.02  0.29  0.37  0.76  0.25  0.67  0.75
% NW      5.80 10.50  8.50 10.40 14.60 11.00 11.10 12.50 13.40 12.60 10.00  8.30
MEAN      2.82  3.20  3.21  3.78  4.33  4.67  4.91  4.80  4.76  4.55  3.67  3.43
STD DEV   1.24  1.50  1.48  1.87  1.93  2.12  2.04  2.18  2.15  2.06  1.95  1.45
SKEW      1.10  1.21  0.93  1.01  0.64  0.52  0.18  0.54  0.43  0.47  0.83  0.61
% NNW     2.60  2.80  3.70  3.90  3.70  4.20  4.70  3.50  3.70  3.60  2.30  3.90
MEAN      2.78  2.95  3.06  3.45  4.22  4.52  4.48  4.30  4.37  4.25  3.37  3.13
STD DEV   1.32  1.28  1.21  1.42  1.67  2.40  1.72  2.07  1.82  1.62  1.54  1.23
SKEW      1.09  0.42  0.63  0.64  0.35  1.81  0.20  1.34  0.38  0.25  0.44  0.49
CALM     13.90 13.40 14.10 18.00 12.50  6.40  3.90  4.60  6.40  6.50 15.90 14.90
                                                                                
INTERPOLATED DATA (station & weighting factor)                                  
                                                                                
---Wind Stations---                                                             
MUSCLE SHOALS AL    1.000  TULLAHOMA     TN     .000  JACKSON       TN     .000 
