 Australia    Granville Harbour                                                 
 LATT= -41.80 LONG= 145.05 YEARS= 30. TYPE= 3
 ELEVATION =  394. TP5 = 1.60 TP6= 3.47
 MEAN P    .27   .30   .32   .34   .31   .36   .35   .36   .31   .29   .29   .31
 S DEV P   .29   .36   .32   .30   .29   .32   .31   .31   .29   .27   .30   .31
 SKEW  P  2.36  2.47  1.67  1.77  1.91  1.46  1.70  2.25  2.74  2.38  3.15  2.72
 P(W/W)    .47   .46   .52   .66   .72   .73   .77   .78   .73   .65   .60   .59
 P(W/D)    .29   .23   .30   .33   .33   .37   .45   .40   .39   .38   .28   .32
 TMAX AV 65.66 66.30 63.91 60.05 56.40 53.72 52.76 53.19 55.08 57.45 60.41 62.73
 TMIN AV 54.29 54.95 53.55 50.69 48.55 46.19 45.27 45.28 46.32 47.61 49.70 52.06
 SD TMAX  6.83  6.59  6.26  4.82  3.55  2.93  2.70  3.44  4.18  5.38  6.23  6.32
 SD TMIN  4.68  4.74  4.70  4.54  4.24  4.10  3.96  3.85  4.11  4.37  4.42  4.43
 SOL.RAD  513.  453.  333.  224.  140.  111.  127.  189.  282.  392.  479.  511.
 SD SOL  118.7 111.2  94.0  64.5  51.4  36.0  41.9  61.8  84.7 108.1 119.8 125.3
 MX .5 P   .66   .45   .39   .30   .12   .14   .11   .15   .16   .25   .41   .51
 DEW PT  50.85 51.75 50.51 48.27 46.35 44.13 43.12 42.80 43.48 44.47 46.80 48.91
Time Pk   .070  .150  .240  .320  .400  .510  .600  .690  .780  .860  .940 1.000
% N       3.45  3.56  3.62  3.68  2.47  2.66  3.92  3.21  3.45  4.02  3.95  3.40
MEAN      3.37  3.23  3.32  3.52  3.73  3.70  3.36  3.56  3.76  3.94  3.74  3.56
STD DEV   1.62  1.57  1.69  1.71  1.85  2.00  1.73  1.99  1.80  1.89  1.88  1.86
SKEW      0.73  0.71  0.85  0.72  0.64  1.01  0.80  1.08  0.73  0.60  0.69  0.88
% NNE     1.88  1.77  1.56  1.52  1.09  1.35  2.01  1.46  1.82  2.07  1.98  1.73
MEAN      2.95  2.75  2.81  2.96  2.94  2.76  2.90  2.87  3.24  3.48  3.05  3.07
STD DEV   1.31  1.26  1.37  1.34  1.54  1.32  1.56  1.47  1.69  1.82  1.43  1.36
SKEW      0.47  0.65  0.77  0.45  0.89  1.14  1.26  1.22  0.93  0.74  0.79  0.59
% NE      2.17  2.51  2.34  2.01  1.56  1.75  2.20  1.97  2.17  2.25  2.45  1.89
MEAN      2.71  2.80  2.69  2.69  2.67  2.71  2.73  2.84  2.89  3.04  2.88  2.79
STD DEV   1.24  1.33  1.12  1.32  1.22  1.27  1.39  1.46  1.31  1.49  1.48  1.25
SKEW      0.57  0.66  0.62  0.96  0.57  0.64  1.07  1.37  0.71  0.83  0.89  0.62
% ENE     2.19  2.61  3.11  3.31  3.34  4.52  4.99  4.74  4.60  3.07  3.11  2.53
MEAN      2.77  2.85  3.05  3.16  3.52  3.72  3.59  3.71  3.75  3.69  3.31  3.10
STD DEV   1.08  1.14  1.29  1.34  1.55  1.88  1.77  1.77  1.76  1.64  1.46  1.43
SKEW      0.73  0.73  0.68  0.70  0.62  0.86  0.77  0.87  0.71  0.57  0.57  1.18
% E       4.14  4.78  5.84  6.75  6.57  7.93  7.80  7.75  7.32  6.07  5.35  4.30
MEAN      2.69  2.73  2.88  3.14  3.47  3.53  3.42  3.60  3.90  3.95  3.37  2.98
STD DEV   1.08  1.18  1.24  1.43  1.73  1.60  1.68  1.62  1.83  1.86  1.66  1.38
SKEW      0.65  0.86  0.85  1.07  1.42  0.74  1.07  0.88  0.74  0.50  1.09  1.19
% ESE     3.92  4.57  5.19  5.72  5.46  5.78  4.97  5.35  5.14  5.11  4.77  4.42
MEAN      2.74  2.69  2.85  3.55  3.31  3.25  3.17  3.40  3.94  4.03  3.31  3.07
STD DEV   1.05  1.13  1.18  2.01  1.51  1.54  1.51  1.60  2.07  1.95  1.52  1.41
SKEW      0.94  1.13  0.67  1.72  0.94  1.04  1.28  1.07  0.82  0.68  0.89  1.14
% SE      4.96  5.38  5.85  5.99  5.71  4.44  3.76  3.73  3.91  4.51  5.54  5.08
MEAN      2.63  2.67  2.83  3.12  3.38  3.26  3.34  3.44  3.99  3.88  3.38  2.97
STD DEV   1.20  1.29  1.31  1.91  1.73  1.63  1.71  1.77  2.36  2.05  1.72  1.45
SKEW      0.95  1.16  1.50  1.80  1.24  1.00  1.01  0.95  1.00  0.92  0.86  1.24
% SSE     3.79  4.66  5.57  4.53  4.83  3.54  2.98  3.32  3.20  3.85  4.42  4.73
MEAN      3.02  3.15  3.46  3.79  4.34  4.19  4.25  4.44  4.90  4.49  4.05  3.59
STD DEV   1.53  1.66  1.74  1.98  2.29  2.25  2.37  2.32  2.75  2.25  2.16  1.83
SKEW      1.04  1.02  0.81  0.89  0.60  0.76  0.94  0.64  0.73  0.80  0.71  0.91
% S       7.21  7.27  9.87  8.30  9.14  6.38  5.58  5.28  4.63  6.07  6.50  7.70
MEAN      3.71  3.75  4.37  4.49  4.74  4.79  4.92  4.97  5.22  5.16  4.43  3.89
STD DEV   1.94  2.09  2.24  2.24  2.41  2.47  2.53  2.55  3.17  2.78  2.30  2.00
SKEW      0.73  0.89  0.58  0.60  0.61  0.66  0.63  0.68  0.98  0.61  0.54  0.75
% SSW     7.33  7.07  7.32  6.70  6.23  5.94  5.13  4.90  4.40  5.33  5.60  7.50
MEAN      3.71  3.57  4.15  4.15  4.55  4.51  4.89  4.80  4.73  4.66  4.32  4.02
STD DEV   1.77  1.74  2.10  2.09  2.08  1.97  2.40  2.31  2.45  2.44  2.19  2.04
SKEW      0.62  0.75  0.79  0.77  0.36  0.39  0.54  0.52  0.54  0.77  0.52  0.78
% SW      9.37  8.65  7.60  7.60  7.66  8.00  5.97  5.32  5.26  5.86  6.73  8.18
MEAN      3.48  3.31  3.52  3.82  4.30  4.44  4.82  4.48  4.35  4.30  3.73  3.66
STD DEV   1.56  1.56  1.78  2.06  1.96  1.96  2.32  2.32  2.20  2.20  1.90  1.77
SKEW      0.53  0.69  0.88  0.96  0.55  0.42  0.66  0.67  0.73  0.87  0.79  0.70
% WSW     8.26  7.64  6.70  7.58 10.68 10.99 10.65 10.46  9.18  8.86  7.29  7.17
MEAN      3.82  3.70  3.93  4.65  5.21  5.56  5.66  5.52  5.24  4.93  4.33  3.97
STD DEV   1.58  1.60  1.75  2.25  2.44  2.35  2.65  2.59  2.78  2.29  1.92  1.75
SKEW      0.58  0.71  0.80  0.96  0.76  0.59  0.57  0.71  0.82  0.63  0.64  0.69
% W       9.21  8.22  7.82  8.25 10.14 10.29 10.49 10.67 11.88 10.34  8.91  9.13
MEAN      3.97  3.87  4.14  4.60  5.27  5.63  5.81  5.91  5.69  5.47  4.52  4.22
STD DEV   1.71  1.79  1.93  2.14  2.47  2.53  2.93  3.08  2.93  2.58  2.11  1.90
SKEW      0.70  0.70  0.78  0.68  0.66  0.44  0.86  1.06  0.68  0.61  0.77  0.61
% WNW     9.39  7.90  7.22  7.70  8.93  8.77  8.78 11.04 12.54 12.71 10.41 10.18
MEAN      4.59  4.29  4.52  5.06  5.72  5.70  5.68  6.22  6.30  5.93  5.22  4.91
STD DEV   1.90  1.89  2.00  2.35  2.56  2.59  2.78  2.76  3.07  2.61  2.29  2.17
SKEW      0.44  0.43  0.54  0.48  0.40  0.48  0.53  0.40  0.54  0.45  0.45  0.58
% NW      7.85  8.16  7.18  6.60  5.95  7.24  9.01  9.01  9.70  9.00  8.95  8.20
MEAN      4.34  4.04  4.32  4.49  4.97  5.18  5.24  5.38  5.43  5.22  4.91  4.67
STD DEV   1.97  1.91  2.07  2.26  2.42  2.45  2.50  2.46  2.55  2.44  2.27  2.11
SKEW      0.44  0.53  0.68  0.60  0.44  0.37  0.45  0.34  0.39  0.39  0.41  0.56
% NNW     4.51  4.42  3.85  4.51  3.77  3.99  5.48  5.47  5.32  5.36  6.08  5.35
MEAN      4.09  4.01  4.11  4.33  4.36  4.77  4.70  4.73  4.84  4.85  4.67  4.34
STD DEV   1.76  1.73  1.99  2.06  2.02  2.28  2.30  2.23  2.23  2.15  2.05  1.97
SKEW      0.46  0.39  0.74  0.75  0.61  0.58  0.46  0.45  0.56  0.44  0.27  0.58
CALM     10.33 10.79  9.40  9.23  6.49  6.42  6.23  6.28  5.47  5.53  7.96  8.51
                                                                                
INTERPOLATED DATA (station & weighting factor)                                  
                                                                                
---Wind Stations---                                                             
SYRACUSE/HANC NY     .710  GENEVA/SAMPSO NY     .151  ROME/GRIFFIS  NY     .139 
