 Australia    Westbrook                                                         
 LATT= -27.62 LONG= 151.83 YEARS= 30. TYPE= 3
 ELEVATION = 1706. TP5 = 2.40 TP6= 6.67
 MEAN P    .49   .58   .49   .33   .46   .35   .32   .29   .34   .39   .51   .55
 S DEV P   .57   .73   .60   .43   .60   .43   .33   .29   .37   .42   .55   .58
 SKEW  P  3.00  2.37  2.33  2.79  2.46  2.84  1.49  2.38  3.33  3.05  2.16  2.30
 P(W/W)    .42   .40   .39   .43   .35   .24   .36   .27   .22   .33   .43   .43
 P(W/D)    .16   .15   .11   .09   .10   .09   .10   .08   .09   .15   .16   .18
 TMAX AV 85.90 83.95 81.64 76.76 70.43 64.90 64.65 67.74 73.83 78.26 81.79 84.14
 TMIN AV 65.81 64.87 61.69 55.48 49.18 44.54 42.09 43.27 49.21 55.67 60.44 63.70
 SD TMAX  5.91  6.16  5.32  4.73  4.66  4.77  4.96  5.44  6.39  6.58  6.48  6.48
 SD TMIN  3.85  3.86  4.33  5.40  6.88  7.17  7.27  6.87  6.61  5.52  5.05  4.52
 SOL.RAD  573.  521.  464.  385.  314.  270.  299.  379.  468.  525.  570.  581.
 SD SOL  120.8 112.1  95.9  81.5  71.0  66.9  67.0  75.8  87.3 106.6 117.1 122.1
 MX .5 P  1.09   .98   .71   .46   .44   .39   .37   .32   .39   .57   .83   .96
 DEW PT  61.17 61.58 58.84 52.87 47.59 44.08 40.76 39.65 44.48 50.08 54.92 58.76
Time Pk   .200  .310  .400  .480  .560  .650  .720  .780  .840  .900  .960 1.000
% N       1.60  2.10  5.05  6.77  9.41  9.21 10.66  9.85  7.91  5.82  3.88  2.18
MEAN      4.09  4.04  4.53  5.10  5.62  5.73  5.67  5.97  6.30  5.84  5.37  4.43
STD DEV   1.94  1.72  2.00  2.32  2.50  2.50  2.43  2.52  2.60  2.50  2.32  2.16
SKEW      0.64  0.40  0.53  0.55  0.44  0.46  0.31  0.21  0.23  0.49  0.41  0.86
% NNE     1.75  2.61  4.96  5.40  6.06  5.54  5.33  5.78  5.58  5.85  3.51  2.07
MEAN      4.49  4.31  5.01  5.18  5.67  5.41  5.42  5.67  5.85  5.87  5.33  4.64
STD DEV   2.00  1.72  2.15  2.21  2.42  2.21  2.43  2.37  2.36  2.52  2.26  1.85
SKEW      0.75  0.50  0.34  0.53  0.37  0.50  0.41  0.24  0.24  0.47  0.43  0.33
% NE      2.15  3.22  4.84  4.03  3.56  3.00  3.87  4.40  4.50  4.93  3.33  2.79
MEAN      4.41  4.19  4.35  4.33  4.77  4.37  4.44  4.63  4.89  5.28  5.03  4.63
STD DEV   1.95  1.77  1.91  1.90  2.12  1.69  1.93  2.06  2.01  2.16  2.00  1.82
SKEW      0.73  0.60  0.58  0.62  0.56  0.34  0.69  0.50  0.29  0.41  0.40  0.49
% ENE     2.20  2.79  4.57  3.19  2.59  1.78  2.65  3.94  3.72  4.07  3.43  2.59
MEAN      4.24  4.19  4.06  3.84  3.89  3.68  3.92  3.97  4.62  4.58  4.44  4.43
STD DEV   1.70  1.70  1.66  1.63  1.61  1.42  1.64  1.47  1.83  1.88  1.91  1.82
SKEW      0.52  0.87  0.67  0.89  0.59  0.87  0.61  0.40  0.68  0.50  0.74  0.65
% E       3.26  4.03  5.26  3.21  1.79  1.37  1.99  3.75  3.32  4.14  4.56  3.87
MEAN      4.09  4.08  3.86  3.73  3.57  3.54  3.51  3.85  4.17  4.31  4.32  4.43
STD DEV   1.58  1.68  1.53  1.47  1.28  1.38  1.43  1.47  1.62  1.81  1.85  1.83
SKEW      0.49  0.63  0.59  0.69  0.20  0.43  0.55  0.48  0.39  0.63  0.75  0.80
% ESE     4.28  4.85  5.22  2.47  1.51  1.07  1.68  2.32  3.24  3.32  4.41  4.77
MEAN      4.32  4.26  3.91  3.81  3.86  3.43  3.76  4.21  4.47  4.60  4.63  4.51
STD DEV   1.63  1.53  1.46  1.53  1.39  1.46  1.46  1.55  1.69  1.85  1.97  1.62
SKEW      0.40  0.45  0.51  0.49  0.33  0.85  0.63  0.32  0.27  0.47  0.62  0.43
% SE      9.87  9.48  7.59  4.75  2.53  2.17  2.39  3.97  4.57  5.62  8.22  9.89
MEAN      4.69  4.36  4.10  4.31  3.76  3.98  4.08  4.70  4.91  5.12  5.30  5.05
STD DEV   1.68  1.50  1.41  1.83  1.45  1.64  1.70  2.07  1.90  2.03  2.18  1.89
SKEW      0.30  0.55  0.38  0.68  0.43  0.87  0.38  0.71  0.33  0.35  0.53  0.39
% SSE    18.61 15.31 12.03  9.81  4.84  4.94  4.44  6.11  8.61 11.14 17.13 20.16
MEAN      4.97  4.58  4.51  4.92  4.58  4.83  4.73  5.44  6.03  6.35  6.29  5.80
STD DEV   1.68  1.59  1.69  2.04  2.12  1.97  2.04  2.40  2.53  2.53  2.53  2.10
SKEW      0.29  0.42  0.36  0.58  1.16  0.29  0.50  0.72  0.63  0.19  0.41  0.29
% S      27.68 23.59 19.63 19.33 13.90 12.25 12.55 12.06 14.21 17.62 22.60 28.77
MEAN      5.21  4.71  4.95  5.31  5.38  5.43  5.61  5.88  6.67  6.80  6.41  6.19
STD DEV   1.88  1.75  1.97  2.24  2.34  2.50  2.56  2.71  2.69  2.72  2.45  2.22
SKEW      0.34  0.39  0.47  0.46  0.67  0.77  0.59  0.57  0.31  0.25  0.31  0.21
% SSW    13.80 13.09 10.23 12.99 14.29 13.81 13.69 10.81 11.65 10.67 10.37 11.34
MEAN      5.26  4.82  5.26  5.49  5.84  5.92  6.02  6.18  6.80  6.59  6.21  6.09
STD DEV   1.94  1.80  2.05  2.27  2.39  2.57  2.56  2.64  2.66  2.57  2.42  2.13
SKEW      0.17  0.14  0.11  0.28  0.39  0.44  0.41  0.40  0.20  0.08  0.22  0.00
% SW      4.60  5.62  3.61  5.71  8.17  9.05  8.42  6.70  5.91  5.09  4.35  2.84
MEAN      4.56  4.24  4.41  4.63  5.22  5.04  5.32  5.61  5.87  5.42  5.21  4.94
STD DEV   1.72  1.71  1.97  2.11  2.24  2.21  2.29  2.53  2.57  2.36  2.14  2.04
SKEW      0.15  0.43  0.31  0.37  0.43  0.54  0.33  0.39  0.29  0.32  0.32  0.32
% WSW     1.65  2.06  1.56  2.70  5.34  6.30  5.39  4.80  3.91  3.58  1.97  1.04
MEAN      3.78  3.90  3.55  3.82  4.61  4.76  4.88  5.48  5.77  5.36  4.68  4.24
STD DEV   1.45  1.56  1.68  1.81  2.15  2.21  2.30  2.77  2.67  2.42  1.97  1.87
SKEW      0.34  0.36  0.69  0.75  0.59  0.66  0.60  0.92  0.51  0.52  0.36  0.49
% W       0.98  1.30  1.11  2.31  4.66  5.79  5.56  5.07  4.72  3.85  1.77  0.70
MEAN      3.22  3.14  2.97  3.67  4.66  4.67  5.14  5.36  6.44  5.84  4.81  3.65
STD DEV   1.24  1.28  1.36  1.95  2.57  2.51  2.81  2.82  3.33  2.89  2.30  1.91
SKEW      0.51  0.96  0.82  0.99  1.07  1.36  0.96  0.92  0.62  0.65  0.50  1.58
% WNW     0.64  0.78  0.91  1.57  3.46  4.51  3.89  3.70  4.38  2.93  1.36  0.65
MEAN      2.99  3.31  2.77  3.59  4.65  4.73  4.95  5.25  6.23  5.58  4.56  3.59
STD DEV   1.12  1.34  1.20  1.78  2.39  2.32  2.73  2.71  3.08  2.67  2.21  1.55
SKEW      0.33  0.41  0.84  0.92  0.89  0.97  1.12  0.79  0.60  0.52  0.52  0.55
% NW      0.71  0.78  1.17  2.08  3.84  4.00  3.80  3.77  3.47  2.77  1.40  0.93
MEAN      3.09  3.20  3.03  3.99  4.29  4.49  4.82  4.80  5.64  5.09  4.21  3.50
STD DEV   1.34  1.26  1.43  2.08  2.19  2.14  2.41  2.31  2.80  2.44  2.02  1.52
SKEW      0.80  0.33  0.81  1.02  0.71  0.83  0.75  0.74  0.49  0.94  0.51  0.58
% NNW     0.78  1.00  1.64  2.68  4.27  4.90  4.66  5.26  4.42  3.59  1.90  1.04
MEAN      3.64  3.68  3.69  4.41  4.87  5.13  5.34  5.52  6.24  5.34  4.40  4.51
STD DEV   1.55  1.46  1.80  2.12  2.24  2.34  2.40  2.37  2.86  2.44  2.05  2.13
SKEW      0.54  0.15  1.15  0.73  0.64  0.62  0.45  0.45  0.38  0.64  0.54  0.75
CALM      5.44  7.40 10.57 10.87  9.78 10.23  9.03  7.72  5.91  4.95  5.80  4.37
                                                                                
INTERPOLATED DATA (station & weighting factor)                                  
                                                                                
---Wind Stations---                                                             
ABILENE/DYESS TX     .381  ABILENE       TX     .381  SAN ANGELO    TX     .237 
