 Australia    White Gums                                                        
 LATT= -34.55 LONG= 117.93 YEARS= 30. TYPE= 4
 ELEVATION =  492. TP5 = 2.47 TP6= 6.81
 MEAN P    .20   .20   .19   .19   .20   .17   .17   .16   .18   .16   .16   .21
 S DEV P   .28   .32   .25   .38   .24   .19   .19   .17   .26   .21   .17   .24
 SKEW  P  2.65  3.33  2.74  4.49  2.36  3.58  2.70  1.99  6.59  3.98  2.43  2.14
 P(W/W)    .38   .42   .42   .37   .49   .53   .55   .54   .52   .45   .42   .41
 P(W/D)    .08   .08   .13   .17   .22   .31   .35   .36   .31   .22   .16   .09
 TMAX AV 78.51 78.48 75.27 70.54 64.54 59.65 57.77 58.90 61.31 65.76 71.50 75.43
 TMIN AV 56.74 57.78 56.13 52.86 48.85 45.73 44.21 44.56 45.60 47.66 51.15 53.88
 SD TMAX  8.90  8.53  8.41  7.31  5.47  4.29  4.02  4.75  5.80  7.25  8.62  8.53
 SD TMIN  4.81  4.70  5.27  5.33  4.92  4.21  4.44  4.40  4.59  5.03  5.10  4.58
 SOL.RAD  558.  491.  390.  289.  220.  186.  199.  258.  332.  427.  511.  563.
 SD SOL  123.5 113.6 100.1  78.6  58.8  51.0  55.0  67.9  84.1 101.6 107.2 117.8
 MX .5 P   .36   .31   .34   .31   .33   .23   .28   .29   .25   .33   .40   .39
 DEW PT  52.96 53.85 52.91 50.88 47.75 45.41 44.27 44.47 45.33 46.84 48.89 50.67
Time Pk   .120  .220  .320  .400  .480  .570  .650  .740  .820  .890  .960 1.000
% N       1.24  2.12  5.73  7.02  6.52  6.06  7.07  6.05  5.36  5.28  3.99  1.68
MEAN      2.91  3.03  3.43  3.81  4.35  4.33  4.88  4.43  4.32  4.69  3.99  3.43
STD DEV   1.38  1.40  1.54  1.93  2.15  1.93  1.91  1.96  1.85  2.07  1.96  1.78
SKEW      0.29  0.62  0.68  0.76  0.53  0.61  0.32  0.34  0.17  0.30  0.68  0.38
% NNE     1.76  3.08  6.29  5.83  4.58  4.26  4.23  4.56  4.35  3.74  3.84  1.38
MEAN      3.66  3.69  3.85  3.96  4.38  4.11  4.19  4.12  4.19  4.17  3.98  3.38
STD DEV   1.57  1.51  1.66  2.08  1.93  1.73  1.70  1.66  1.73  1.73  1.87  1.41
SKEW      0.73  0.43  0.26  0.99  0.67  0.39  0.36  0.35  0.30  0.29  0.73  0.34
% NE      3.41  4.98 10.92  7.22  5.34  4.96  3.81  4.93  4.93  3.58  4.45  2.37
MEAN      3.47  3.41  3.45  3.32  3.58  3.51  3.60  3.65  3.63  3.58  3.57  3.07
STD DEV   1.83  1.49  1.50  1.66  1.71  1.61  1.61  1.55  1.65  1.64  1.79  1.56
SKEW      0.78  0.60  0.44  1.09  0.58  0.46  0.38  0.30  0.61  0.51  0.76  0.82
% ENE     4.11  5.03  9.62  5.02  4.44  3.62  2.71  3.77  4.08  3.03  3.38  2.33
MEAN      3.55  3.74  3.74  3.40  3.79  3.58  3.86  3.84  3.89  4.12  3.79  3.17
STD DEV   1.64  1.58  1.57  1.56  1.64  1.47  1.66  1.52  1.47  1.48  1.54  1.40
SKEW      0.84  0.46  0.41  0.93  0.60  0.18  0.32  0.32  0.08  0.10  0.49  0.54
% E       5.87  6.15  9.88  6.49  5.83  4.26  3.90  4.95  5.48  4.54  4.45  4.31
MEAN      3.11  3.23  3.34  3.10  3.51  3.44  3.75  3.66  3.85  3.54  3.30  2.98
STD DEV   1.55  1.44  1.59  1.39  1.68  1.50  1.67  1.65  1.64  1.46  1.64  1.45
SKEW      0.79  0.76  0.88  0.61  0.60  0.45  0.24  0.71  0.37  0.30  0.78  0.78
% ESE     5.83  6.31  6.69  5.71  4.09  4.35  3.25  4.63  4.81  5.22  4.65  4.69
MEAN      3.42  3.58  3.58  3.32  3.48  3.86  3.62  4.19  4.25  4.12  3.76  3.35
STD DEV   1.58  1.53  1.53  1.30  1.45  1.48  1.43  1.76  1.61  1.57  1.45  1.45
SKEW      0.98  0.67  0.62  0.36  0.41  0.23  0.31  0.54  0.26  0.30  0.30  0.53
% SE      9.88  8.83  8.70 10.76  8.01  6.72  5.86  6.95  8.28 10.19 10.05 11.72
MEAN      3.27  3.32  3.31  3.45  3.52  4.10  4.02  4.29  4.40  4.30  3.93  3.51
STD DEV   1.54  1.43  1.36  1.43  1.58  1.68  1.71  2.00  1.93  1.87  1.81  1.56
SKEW      0.80  0.66  0.56  0.57  0.65  0.46  0.29  0.62  0.55  0.53  0.66  0.80
% SSE    12.91 11.04  7.63  9.42  9.27  8.87  8.82  8.40 12.09 15.36 15.00 15.84
MEAN      3.73  3.67  3.78  3.81  4.32  4.47  4.87  5.11  5.26  5.12  4.51  3.95
STD DEV   1.55  1.43  1.59  1.51  1.83  1.68  1.76  2.04  1.97  2.02  1.82  1.59
SKEW      0.45  0.38  0.68  0.51  0.48  0.54  0.34  0.41  0.56  0.41  0.39  0.36
% S      17.44 16.41  8.98 11.18 12.40 12.58 15.47 12.13 14.46 17.02 17.58 24.27
MEAN      3.88  3.83  3.90  3.92  4.73  4.93  5.54  5.19  5.60  5.13  4.65  4.32
STD DEV   1.63  1.57  1.80  1.74  2.06  2.15  2.03  2.10  2.22  2.01  1.96  1.84
SKEW      0.50  0.47  0.78  0.64  0.44  0.63  0.34  0.56  0.41  0.34  0.27  0.48
% SSW    10.02 10.15  3.76  4.74  5.68  6.30  9.16  6.83  6.53  6.45  7.54 10.09
MEAN      4.07  4.18  4.15  4.25  5.28  5.52  6.23  5.40  5.71  5.33  4.67  4.47
STD DEV   1.63  1.63  1.81  1.84  2.22  2.35  2.28  2.18  2.08  2.05  1.94  1.81
SKEW      0.47  0.31  0.51  0.33  0.51  0.41  0.24  0.30  0.29  0.36  0.42  0.53
% SW      9.05  7.01  2.59  2.66  3.66  4.14  3.78  6.12  3.34  3.05  4.03  6.01
MEAN      3.85  3.86  3.48  3.54  3.82  4.39  5.14  4.69  4.56  4.21  3.71  3.65
STD DEV   1.59  1.59  1.72  1.61  2.05  2.14  2.60  2.23  1.98  2.00  1.78  1.61
SKEW      0.32  0.29  0.54  0.48  0.87  0.51  0.50  0.53  0.38  0.76  0.57  0.43
% WSW     3.84  2.92  1.19  1.30  1.67  1.80  1.74  2.86  2.11  1.37  1.76  1.99
MEAN      3.95  3.76  3.34  3.43  4.13  4.33  4.66  5.17  5.16  4.55  3.88  3.23
STD DEV   1.40  1.46  1.28  1.58  2.17  2.06  1.85  2.54  2.52  1.91  1.85  1.32
SKEW     -0.05  0.28  0.21  0.52  0.80  0.26  0.18  0.52  0.70  0.28  0.41  0.21
% W       1.77  1.76  1.17  1.05  2.09  2.35  2.14  2.58  2.00  1.61  1.56  1.13
MEAN      3.37  3.16  2.97  2.77  4.07  3.62  4.20  4.34  5.13  3.88  3.20  2.85
STD DEV   1.55  1.35  1.36  1.37  2.39  1.70  2.41  2.87  2.79  2.00  1.58  1.21
SKEW      0.25  0.60  0.60  1.15  0.83  0.64  0.99  1.19  0.53  0.67  0.88  0.90
% WNW     1.00  0.90  0.94  1.21  3.45  4.38  3.68  3.46  3.25  2.22  1.50  0.71
MEAN      2.96  3.21  3.17  3.53  4.72  4.93  5.23  4.95  5.84  4.86  3.46  3.00
STD DEV   1.19  1.18  1.30  1.93  2.50  2.53  2.55  2.44  3.10  2.17  1.76  1.24
SKEW      0.37  0.07  0.68  0.83  0.76  0.65  0.58  0.81  0.63  0.92  0.74  0.34
% NW      1.05  1.37  2.30  3.80  6.44  8.59  7.93  7.93  6.04  5.12  3.42  1.11
MEAN      2.97  3.14  3.00  3.99  4.70  4.93  5.21  5.57  5.31  5.25  3.80  3.23
STD DEV   1.25  1.62  1.65  1.98  2.45  2.69  2.38  2.49  2.57  2.52  1.88  1.66
SKEW      0.49  1.00  1.22  0.62  0.65  0.66  0.49  0.23  0.42  0.45  0.68  0.34
% NNW     1.14  1.41  2.70  5.57  7.70  8.46 10.31  8.01  7.57  6.22  4.10  0.97
MEAN      3.56  3.46  3.53  4.33  5.08  5.60  5.35  5.20  5.60  5.20  4.41  3.39
STD DEV   1.57  1.48  1.74  2.09  2.34  2.58  1.98  2.25  2.34  2.28  2.28  1.56
SKEW      0.50  0.45  0.85  0.61  0.42  0.39  0.28  0.25  0.27  0.27  0.64  0.64
CALM      9.74 10.45 10.85 10.96  8.80  8.29  6.14  5.86  5.36  5.99  8.51  9.32
                                                                                
INTERPOLATED DATA (station & weighting factor)                                  
                                                                                
---Wind Stations---                                                             
TYLER         TX     .460  LUFKIN        TX     .315  COLLEGE STA.  TX     .226 
