 Australia    Cobbora (Ellismayne)                                              
 LATT= -32.09 LONG= 149.23 YEARS= 30. TYPE= 3
 ELEVATION = 1280. TP5 = 2.50 TP6= 5.98
 MEAN P    .44   .40   .46   .38   .32   .29   .27   .29   .31   .31   .35   .42
 S DEV P   .52   .46   .57   .50   .37   .35   .33   .36   .35   .31   .38   .52
 SKEW  P  2.44  2.58  2.48  2.46  1.92  2.25  2.68  2.63  1.99  1.55  1.95  2.97
 P(W/W)    .34   .35   .47   .44   .44   .45   .43   .40   .36   .35   .44   .35
 P(W/D)    .14   .12   .11   .08   .11   .14   .15   .14   .15   .15   .15   .15
 TMAX AV 89.36 87.27 82.39 75.14 66.71 59.97 58.71 61.96 68.75 75.73 81.17 86.01
 TMIN AV 65.24 64.29 59.56 52.37 45.89 42.26 39.81 40.56 45.38 51.63 57.25 61.74
 SD TMAX  7.83  7.67  6.65  6.39  5.64  5.03  5.11  6.35  7.60  8.11  8.85  8.01
 SD TMIN  6.10  5.64  5.90  6.26  6.63  6.34  6.46  6.40  6.84  6.97  7.24  6.36
 SOL.RAD  607.  543.  458.  360.  272.  216.  239.  316.  422.  512.  570.  616.
 SD SOL  121.0 115.8 103.2  81.0  66.7  62.6  63.8  79.2  94.9 111.4 129.4 129.0
 MX .5 P   .85   .60   .57   .31   .32   .30   .27   .30   .36   .42   .58   .71
 DEW PT  55.84 56.44 53.37 48.52 44.89 42.58 39.81 38.96 41.87 45.30 49.58 52.32
Time Pk   .200  .310  .400  .480  .560  .650  .720  .780  .840  .900  .960 1.000
% N       1.46  2.22  6.81 10.62 11.51 11.69 13.60 11.44 10.38  7.32  5.16  2.54
MEAN      3.77  3.67  4.22  4.85  5.15  5.29  5.58  5.70  5.62  5.46  4.57  3.81
STD DEV   1.98  1.81  2.32  2.22  2.52  2.49  2.61  2.69  2.58  2.52  2.18  1.91
SKEW      0.70  0.91  0.99  0.42  0.58  0.54  0.51  0.57  0.38  0.40  0.53  0.54
% NNE     1.36  1.97  5.92  5.12  4.49  4.04  4.96  5.60  4.82  4.71  3.28  1.94
MEAN      4.05  3.72  4.54  4.40  4.69  4.86  4.53  4.87  4.95  5.27  4.56  3.73
STD DEV   2.12  1.76  2.38  2.12  2.21  2.20  2.09  2.29  2.25  2.23  1.95  1.65
SKEW      0.48  0.76  1.09  0.65  0.44  0.22  0.74  0.70  0.39  0.26  0.50  0.33
% NE      1.76  2.61  5.27  3.48  2.66  2.66  2.68  3.87  3.23  3.07  2.74  2.37
MEAN      4.11  3.72  4.09  3.92  3.71  3.88  3.78  4.49  4.05  4.79  4.11  3.71
STD DEV   2.05  1.75  2.05  1.84  1.77  1.94  1.77  2.07  2.08  2.06  2.03  1.83
SKEW      0.68  0.60  0.90  0.72  0.76  0.81  0.73  0.60  0.62  0.36  0.75  0.91
% ENE     1.74  2.63  4.43  2.11  1.63  1.21  1.54  2.08  1.76  2.37  2.13  2.09
MEAN      3.80  3.73  3.71  3.80  3.31  3.22  3.57  3.69  3.96  4.38  3.63  3.88
STD DEV   1.92  1.66  1.67  1.86  1.53  1.48  2.00  1.90  2.03  2.02  1.79  1.93
SKEW      0.86  0.70  0.71  0.83  0.47  1.09  0.82  1.09  0.85  0.86  0.69  0.69
% E       2.81  5.70  6.70  3.25  1.80  1.89  2.38  3.54  3.31  3.02  3.91  4.22
MEAN      3.56  3.48  3.36  3.09  3.10  3.12  3.33  3.49  3.48  3.67  3.50  3.49
STD DEV   1.48  1.59  1.60  1.49  1.40  1.64  1.88  1.63  1.55  1.65  1.64  1.60
SKEW      0.73  0.76  0.91  1.02  0.65  1.10  0.95  1.38  0.42  0.42  0.58  0.78
% ESE     3.37  5.78  4.65  3.35  1.50  1.64  1.75  3.16  3.08  3.74  4.61  4.21
MEAN      3.59  3.54  3.39  3.62  3.25  3.35  3.27  3.85  3.82  4.30  4.15  3.56
STD DEV   1.65  1.48  1.48  1.78  1.57  1.52  1.43  1.80  1.76  1.82  1.85  1.61
SKEW      0.70  0.65  0.76  0.76  0.71  0.92  0.33  1.05  0.70  0.34  0.63  0.61
% SE      9.81  9.80  8.61  7.44  4.33  4.63  4.45  6.26  6.75  7.76  9.71 10.18
MEAN      4.21  3.79  3.68  3.88  3.68  3.67  3.82  4.26  4.49  4.92  4.78  4.46
STD DEV   1.92  1.60  1.70  1.74  1.81  1.62  1.81  1.97  2.04  2.22  2.11  2.05
SKEW      0.72  0.71  0.69  0.44  1.17  0.54  0.90  0.68  0.42  0.49  0.53  0.57
% SSE    17.66 13.88 10.82 11.02  8.07  7.60  8.36  8.05 11.79 16.74 18.37 19.14
MEAN      4.38  3.95  4.10  4.18  4.21  4.21  4.46  4.84  5.32  5.58  5.41  5.00
STD DEV   1.86  1.64  1.81  1.78  1.84  1.94  2.10  2.27  2.30  2.17  2.13  2.16
SKEW      0.46  0.61  0.61  0.43  0.59  0.64  0.74  0.64  0.32  0.19  0.17  0.43
% S      29.39 23.60 16.07 17.12 17.81 16.02 16.06 12.84 16.53 21.11 24.02 28.54
MEAN      4.46  4.05  4.17  4.59  4.54  4.47  4.85  4.83  5.71  5.89  5.58  5.24
STD DEV   1.91  1.71  1.92  2.15  2.17  2.13  2.23  2.28  2.50  2.40  2.29  2.17
SKEW      0.45  0.45  0.56  0.43  0.49  0.57  0.60  0.60  0.26  0.18  0.24  0.31
% SSW    12.66 10.52  5.59  5.92  6.30  6.09  7.14  6.10  6.49  5.94  5.77  8.29
MEAN      4.45  4.14  4.22  4.76  4.73  4.65  5.06  5.15  5.84  5.72  4.97  5.06
STD DEV   1.88  1.76  1.79  2.12  2.10  2.06  2.32  2.38  2.46  2.53  2.11  2.04
SKEW      0.32  0.39  0.35  0.24  0.36  0.54  0.47  0.60  0.16  0.26  0.42  0.32
% SW      4.45  4.62  2.72  2.64  3.05  3.30  3.05  2.75  2.29  2.26  1.82  2.24
MEAN      3.94  3.89  3.81  4.18  4.26  3.95  4.67  4.63  5.03  4.96  4.02  4.00
STD DEV   1.69  1.71  1.78  1.80  2.03  2.03  2.08  2.33  2.47  2.30  1.83  1.91
SKEW      0.59  0.47  0.73  0.31  0.38  1.08  0.51  0.69  0.43  0.48  0.50  0.74
% WSW     2.18  1.84  1.18  1.19  2.06  2.10  2.29  2.20  2.14  1.37  0.91  0.74
MEAN      3.49  3.75  3.70  3.63  4.01  4.27  4.40  4.63  4.53  3.85  3.28  3.51
STD DEV   1.41  1.50  1.78  1.72  1.82  2.12  1.95  2.07  1.85  1.72  1.44  1.55
SKEW      0.44  0.16  0.63  0.78  0.40  0.94  0.57  0.52  0.46  0.46  0.68  0.55
% W       0.99  1.67  1.01  1.69  3.55  4.26  3.01  3.40  3.37  1.96  0.92  0.73
MEAN      3.01  3.43  3.28  3.84  4.09  4.18  4.76  5.10  5.40  4.44  2.97  3.34
STD DEV   1.28  1.46  1.65  2.10  2.21  2.14  2.60  2.55  2.71  2.31  1.41  1.69
SKEW      0.41  0.35  1.14  0.93  1.07  0.85  0.73  0.65  0.73  0.75  0.86  0.78
% WNW     0.42  0.74  1.14  1.59  2.90  3.72  3.08  3.17  3.51  2.06  1.21  0.47
MEAN      2.94  3.50  2.96  3.65  3.90  4.13  5.07  5.05  5.65  4.68  3.83  3.74
STD DEV   1.67  1.66  1.56  2.19  2.11  2.29  2.75  2.69  2.82  2.64  1.92  2.19
SKEW      0.95  0.30  1.12  1.44  0.93  0.94  0.76  0.77  0.57  0.62  0.58  0.87
% NW      0.53  1.04  2.00  3.71  5.46  7.27  5.50  6.25  4.65  3.42  1.79  1.08
MEAN      3.23  3.18  3.33  3.87  4.17  4.66  5.22  5.25  5.52  4.74  3.68  4.26
STD DEV   1.72  1.61  1.91  2.36  2.31  2.53  2.73  2.37  3.00  2.53  2.13  2.28
SKEW      0.62  0.76  1.16  1.20  1.05  0.72  0.60  0.39  0.70  0.66  0.87  1.32
% NNW     0.77  1.14  3.34  6.33  7.97  9.13  8.91  9.30  7.22  4.71  2.84  1.24
MEAN      3.59  3.47  3.75  4.60  4.98  5.25  5.93  5.90  6.25  5.48  4.37  4.20
STD DEV   2.18  2.03  1.97  2.37  2.58  2.64  2.86  2.57  3.09  2.71  2.17  2.12
SKEW      0.96  1.62  0.91  0.74  0.73  0.47  0.41  0.45  0.50  0.39  0.60  0.50
CALM      8.67 10.33 13.66 13.40 14.94 12.82 11.21  9.96  8.75  8.45 10.79  9.91
                                                                                
INTERPOLATED DATA (station & weighting factor)                                  
                                                                                
---Wind Stations---                                                             
FT HOOD       TX     .411  FT. HOOD      TX     .411  WACO/CONNALLY TX     .178 
