 Australia    Woodburn                                                          
 LATT= -34.70 LONG= 117.96 YEARS= 30. TYPE= 3
 ELEVATION =  722. TP5 = 2.51 TP6= 5.60
 MEAN P    .27   .22   .26   .24   .26   .27   .28   .26   .26   .26   .28   .28
 S DEV P   .54   .28   .37   .40   .26   .30   .27   .25   .27   .30   .30   .36
 SKEW  P  7.20  3.58  3.60  4.64  1.74  4.21  2.28  1.97  3.15  3.19  2.67  3.39
 P(W/W)    .34   .29   .38   .39   .44   .52   .53   .50   .45   .48   .37   .32
 P(W/D)    .11   .11   .15   .22   .27   .33   .34   .35   .36   .27   .21   .13
 TMAX AV 78.51 78.48 75.27 70.54 64.54 59.65 57.77 58.90 61.31 65.76 71.50 75.43
 TMIN AV 56.74 57.78 56.13 52.86 48.85 45.73 44.21 44.56 45.60 47.66 51.15 53.88
 SD TMAX  8.90  8.53  8.41  7.31  5.47  4.29  4.02  4.75  5.80  7.25  8.62  8.53
 SD TMIN  4.81  4.70  5.27  5.33  4.92  4.21  4.44  4.40  4.59  5.03  5.10  4.58
 SOL.RAD  558.  491.  390.  289.  220.  186.  199.  258.  332.  427.  511.  563.
 SD SOL  123.5 113.6 100.1  78.6  58.8  51.0  55.0  67.9  84.1 101.6 107.2 117.8
 MX .5 P   .48   .40   .45   .40   .37   .29   .33   .35   .34   .43   .56   .50
 DEW PT  52.96 53.85 52.91 50.88 47.75 45.41 44.27 44.47 45.33 46.84 48.89 50.67
Time Pk   .070  .170  .250  .340  .430  .520  .610  .690  .770  .850  .940 1.000
% N       3.91  5.27  5.16  5.18  3.02  3.62  5.46  4.90  3.83  4.47  5.38  3.20
MEAN      3.16  3.13  3.30  3.77  4.24  3.86  4.89  4.44  4.47  4.38  3.64  3.13
STD DEV   1.44  1.32  1.69  1.92  2.49  1.93  2.00  2.01  1.97  1.87  1.57  1.46
SKEW      0.48  0.78  1.29  0.69  0.64  0.68  0.10  0.53  0.36  0.56  0.52  0.57
% NNE     6.31 10.00 10.92  8.08  4.40  6.32  7.89  9.80  6.34  7.29  8.18  4.98
MEAN      3.25  3.39  3.37  3.76  3.86  3.73  3.95  3.94  3.72  4.24  3.73  3.39
STD DEV   1.39  1.51  1.40  1.81  1.72  1.72  1.65  1.70  1.53  1.58  1.37  1.49
SKEW      0.52  0.66  0.44  0.83  0.43  0.60  0.53  0.66  0.38  0.30  0.47  0.61
% NE      3.90  4.19  3.81  2.53  1.52  3.23  2.50  2.83  3.30  3.24  3.12  2.28
MEAN      2.83  3.01  3.18  2.99  3.07  3.21  3.06  3.21  3.53  3.57  3.19  2.93
STD DEV   1.17  1.25  1.43  1.51  1.51  1.37  1.34  1.32  1.56  1.51  1.33  1.31
SKEW      0.53  0.64  0.72  1.03  1.89  0.65  0.19  0.59  0.55  0.24  0.57  0.80
% ENE     4.90  5.95  4.81  2.81  2.59  2.50  3.32  5.09  5.12  4.51  5.09  3.06
MEAN      3.14  3.14  3.38  3.11  3.28  3.00  3.12  3.52  4.02  3.79  3.39  3.11
STD DEV   1.24  1.35  1.44  1.76  1.69  1.28  1.35  1.52  1.89  1.40  1.29  1.28
SKEW      0.47  0.75  0.85  1.13  0.89  0.40  0.51  0.36  0.67  0.47  0.42  0.74
% E       2.47  2.68  1.76  1.68  1.55  1.31  1.41  2.84  3.30  2.82  2.80  1.99
MEAN      2.82  2.85  2.58  2.28  2.89  2.79  3.08  3.05  3.22  3.52  3.03  2.94
STD DEV   1.23  1.51  1.10  0.91  1.51  1.22  1.40  1.30  1.46  1.23  1.40  1.44
SKEW      0.61  1.21  0.40  1.41  0.68  0.62  0.16  0.47  0.94  0.06  0.63  1.23
% ESE     3.03  3.65  3.01  2.52  1.70  2.20  2.54  3.36  3.92  3.11  2.97  3.08
MEAN      3.17  3.17  3.00  2.64  3.02  3.21  3.18  3.41  4.03  4.03  3.06  3.00
STD DEV   1.29  1.32  1.29  1.12  1.48  1.43  1.40  1.59  1.68  1.83  1.35  1.25
SKEW      0.55  0.31  0.52  0.51  0.63  0.22  0.55  1.14  0.39  0.91  1.30  0.71
% SE      3.55  3.03  2.49  2.71  2.55  2.96  2.01  2.86  2.79  2.58  2.52  3.15
MEAN      2.95  2.99  2.83  2.58  3.35  3.41  3.39  3.86  3.65  3.83  3.00  2.89
STD DEV   1.42  1.39  1.29  1.03  1.96  1.74  1.40  2.16  1.89  1.72  1.67  1.47
SKEW      1.01  0.70  0.78  0.71  0.85  0.97  0.50  1.00  0.61  0.40  1.07  1.46
% SSE     7.91  8.36  8.34  8.54  8.20  9.86  9.48 10.14 11.29 10.02  9.74 10.23
MEAN      3.51  3.39  3.73  3.74  4.51  4.33  4.19  4.51  5.39  4.75  4.14  3.47
STD DEV   1.45  1.38  1.70  1.85  2.34  2.15  1.79  2.02  2.43  2.01  2.10  1.38
SKEW      0.47  0.53  0.86  0.61  1.04  0.75  0.45  0.67  0.56  0.55  0.76  0.29
% S      11.78  8.31 11.18 14.88 13.61 14.89 14.76 10.95 10.57 12.63  9.57 13.95
MEAN      3.48  3.22  3.76  3.94  4.63  4.84  5.36  5.11  5.52  5.03  4.14  3.60
STD DEV   1.56  1.53  1.84  1.93  2.37  2.32  2.42  2.40  2.90  2.12  2.28  1.55
SKEW      0.48  1.01  0.88  0.81  0.81  0.83  0.43  0.36  0.55  0.47  1.10  0.51
% SSW    15.36  9.30 11.19 10.74 11.60 12.84 11.65  9.69  9.81 11.97 11.10 15.80
MEAN      4.17  3.63  4.24  4.12  4.95  4.67  5.54  5.20  5.38  5.54  4.75  4.34
STD DEV   1.64  1.42  1.86  1.86  2.30  2.27  2.42  2.43  2.57  2.33  2.18  1.75
SKEW      0.42  0.34  0.58  0.48  0.73  0.89  0.50  0.57  0.56  0.41  0.76  0.32
% SW      4.39  3.00  3.11  3.15  3.91  3.52  2.21  1.91  2.32  2.14  3.40  4.54
MEAN      3.80  3.22  3.28  2.93  3.79  3.54  4.53  3.94  5.07  4.87  3.63  3.76
STD DEV   1.83  1.54  1.52  1.53  2.23  1.71  2.73  2.20  2.87  2.50  1.90  1.71
SKEW      0.85  0.41  0.69  1.40  1.50  0.69  0.82  0.54  0.48  0.74  0.81  0.54
% WSW     6.37  4.58  3.78  3.57  6.35  4.83  4.23  4.51  4.36  3.77  5.04  8.15
MEAN      3.95  3.57  3.61  3.89  4.21  5.09  4.54  5.04  5.88  5.50  4.19  4.23
STD DEV   1.70  1.58  1.63  2.03  2.17  2.80  2.39  2.39  2.81  3.21  2.38  1.89
SKEW      0.48  0.41  0.49  0.64  1.22  0.66  0.71  0.82  0.44  0.94  1.48  0.73
% W       2.18  1.70  1.28  2.06  3.72  4.45  1.84  3.46  4.06  3.15  3.16  2.88
MEAN      3.45  3.36  3.19  3.42  4.50  4.69  4.40  4.82  6.14  5.67  4.35  3.75
STD DEV   1.69  1.53  1.62  1.67  2.09  2.35  2.14  2.42  3.06  3.18  2.69  1.86
SKEW      0.60  0.36  0.77  0.71  0.47  0.60  0.66  0.56  0.20  0.72  0.87  1.36
% WNW     2.99  4.10  4.59  5.79 10.27  8.92  8.52  8.53 11.77  9.74  6.55  5.37
MEAN      3.48  3.71  3.73  4.14  5.40  4.86  5.19  5.28  6.17  5.79  4.81  3.91
STD DEV   1.52  1.81  1.83  1.91  2.27  2.10  2.25  2.27  2.57  2.40  2.49  1.78
SKEW      0.81  0.64  1.01  0.62  0.77  0.60  0.44  0.52  0.42  0.62  0.90  1.41
% NW      2.53  3.39  3.57  4.73  7.87  6.17  5.35  5.19  5.36  5.57  3.90  3.49
MEAN      3.06  3.30  3.50  3.60  5.07  4.72  5.05  5.51  5.31  5.46  4.25  3.38
STD DEV   1.46  1.71  1.81  1.87  2.25  2.08  2.11  2.50  2.51  2.35  2.78  1.74
SKEW      0.96  0.98  0.99  1.00  0.38  0.34  0.45  0.13  0.29  0.25  1.41  0.73
% NNW     5.56  8.69 10.07 10.31  8.50  8.25 13.76  8.61  8.68  9.30  9.01  5.23
MEAN      3.54  3.52  3.89  4.35  5.16  4.82  5.65  5.35  4.98  5.17  4.15  3.68
STD DEV   1.67  1.57  1.97  2.06  2.26  2.03  2.01  2.37  2.15  2.05  1.77  1.57
SKEW      1.09  0.61  0.63  0.39  1.80  0.10  0.21  0.35  0.34  0.31  0.69  0.62
CALM     12.79 13.92 10.87 10.75  8.59  4.15  3.15  5.31  3.12  3.67  8.56  8.54
                                                                                
INTERPOLATED DATA (station & weighting factor)                                  
                                                                                
---Wind Stations---                                                             
FARMINGTON    MO     .595  ADVANCE       MO     .262  MALDEN        MO     .143 
