 Australia    Mount Joseph                                                      
 LATT= -25.74 LONG= 152.24 YEARS= 30. TYPE= 4
 ELEVATION =  394. TP5 = 2.26 TP6= 5.60
 MEAN P    .43   .51   .46   .31   .33   .29   .27   .32   .32   .42   .43   .55
 S DEV P   .59   .69   .77   .49   .58   .49   .47   .45   .42   .60   .55   .67
 SKEW  P  2.89  2.84  4.21  5.28  3.46  3.57  4.77  3.02  2.32  3.20  2.08  2.70
 P(W/W)    .54   .53   .52   .50   .45   .37   .41   .33   .29   .39   .43   .47
 P(W/D)    .22   .24   .19   .14   .15   .11   .10   .11   .12   .17   .18   .20
 TMAX AV 88.45 86.92 84.85 80.38 75.41 70.93 70.53 73.40 78.73 82.54 85.09 87.45
 TMIN AV 69.63 69.12 66.40 60.83 54.89 50.29 47.68 48.49 53.99 59.94 64.25 67.69
 SD TMAX  5.29  5.51  4.74  4.09  4.00  4.27  4.11  4.59  5.25  5.66  5.45  5.60
 SD TMIN  3.43  3.26  3.89  4.91  6.25  6.52  6.89  6.20  5.90  5.04  4.33  3.97
 SOL.RAD  539.  488.  438.  381.  320.  283.  314.  386.  469.  517.  553.  554.
 SD SOL  124.8 119.7 102.1  84.9  71.8  69.9  75.8  80.2  91.6 106.6 113.1 125.4
 MX .5 P  1.27  1.13   .95   .48   .49   .44   .31   .42   .54   .67   .94  1.08
 DEW PT  65.78 66.11 63.91 58.88 53.37 49.04 46.28 46.00 50.91 56.16 60.17 63.61
Time Pk   .200  .310  .400  .480  .560  .650  .720  .780  .840  .900  .960 1.000
% N       1.16  2.87  7.37 10.55 13.40 13.75 14.04 13.00  9.30  6.88  4.98  2.15
MEAN      3.67  3.59  4.32  5.10  6.11  6.03  6.33  6.23  6.61  6.48  5.20  3.59
STD DEV   1.62  1.66  2.08  2.52  2.91  2.80  2.80  2.73  2.98  2.93  2.51  1.57
SKEW      0.49  0.76  1.00  0.72  0.47  0.45  0.54  0.40  0.22  0.30  0.62  0.81
% NNE     1.64  3.67  9.59 10.07 10.82  9.46 11.49  9.02  9.28  6.14  4.80  2.84
MEAN      3.33  3.58  4.56  4.98  5.51  5.40  5.80  5.78  5.80  5.53  4.90  4.12
STD DEV   1.45  1.69  1.95  2.27  2.64  2.56  2.61  2.54  2.78  2.41  2.40  1.72
SKEW      0.89  0.81  0.55  0.66  0.67  0.67  0.54  0.62  0.62  0.35  0.58  0.81
% NE      2.28  4.32  9.96  7.40  6.15  5.40  6.52  6.25  5.77  4.35  4.20  3.56
MEAN      3.37  3.64  4.25  4.14  4.90  4.38  4.79  5.19  4.82  4.83  4.32  3.88
STD DEV   1.47  1.59  1.92  2.06  2.37  2.02  2.18  2.42  2.21  2.08  2.01  1.68
SKEW      0.80  0.69  0.71  0.82  0.56  0.58  0.92  0.56  0.49  0.51  0.66  0.80
% ENE     2.42  4.56  8.00  5.88  4.54  3.92  5.20  4.38  4.59  4.19  3.45  2.97
MEAN      3.52  3.84  4.12  3.81  3.97  3.70  4.29  4.45  4.41  4.41  4.08  3.79
STD DEV   1.68  1.70  1.84  1.63  1.90  1.59  1.93  2.01  1.92  1.77  1.80  1.52
SKEW      1.04  1.17  0.63  0.74  0.69  0.51  0.57  0.62  0.59  0.31  0.72  0.29
% E       3.36  4.87  6.51  5.91  3.92  4.00  3.51  4.19  4.17  4.74  3.97  3.91
MEAN      3.62  3.83  3.74  3.60  3.50  3.65  3.95  4.32  4.13  4.17  3.83  3.69
STD DEV   1.57  1.66  1.60  1.48  1.50  1.64  1.59  2.03  1.92  1.75  1.69  1.66
SKEW      0.62  0.63  0.77  0.48  0.50  0.80  0.54  0.67  0.54  0.31  0.68  0.94
% ESE     5.85  6.22  7.45  7.04  4.35  4.02  3.31  5.25  6.20  7.86  7.43  6.79
MEAN      4.24  4.26  3.83  3.98  3.68  3.61  4.02  4.52  4.48  4.96  4.61  4.37
STD DEV   1.76  1.74  1.55  1.64  1.74  1.64  1.85  2.03  1.99  1.98  1.94  1.84
SKEW      0.43  0.35  0.53  0.58  1.00  0.73  0.52  0.68  0.43  0.31  0.37  0.54
% SE     15.89 13.40  9.70  9.52  5.00  4.32  4.29  7.24  9.54 15.80 20.57 20.64
MEAN      4.71  4.38  4.06  4.09  3.96  3.90  4.33  4.74  4.90  5.47  5.16  4.98
STD DEV   1.91  1.81  1.63  1.80  1.70  1.66  1.85  2.19  2.19  2.07  2.03  1.88
SKEW      0.38  0.46  0.53  0.77  0.60  0.49  0.68  0.80  0.58  0.18  0.26  0.28
% SSE    24.37 19.22 11.01  9.88  9.07  7.86  9.80 11.06 15.90 21.92 24.62 27.19
MEAN      5.07  4.86  4.32  4.56  4.93  5.00  5.31  5.89  5.92  6.04  5.85  5.47
STD DEV   1.97  1.93  1.83  1.91  2.21  2.27  2.23  2.30  2.40  2.36  2.12  1.96
SKEW      0.30  0.24  0.55  0.59  0.53  0.55  0.48  0.32  0.32  0.20  0.16  0.26
% S      17.16 14.87  6.96  7.01  8.88  9.00  9.09  8.50  9.94  9.95  9.64 13.23
MEAN      5.11  4.91  4.29  4.76  5.38  5.32  5.63  5.69  5.87  6.14  5.60  5.25
STD DEV   2.10  2.05  1.97  2.18  2.36  2.30  2.49  2.49  2.42  2.49  2.36  2.04
SKEW      0.39  0.36  0.50  0.60  0.36  0.49  0.42  0.34  0.22  0.22  0.29  0.19
% SSW     9.68  8.26  3.26  3.68  6.03  6.25  5.78  5.42  5.78  3.78  3.32  5.02
MEAN      4.49  4.29  3.86  4.15  4.85  4.93  5.13  5.35  5.33  4.95  4.58  4.64
STD DEV   1.83  1.88  1.59  1.88  2.27  2.25  2.34  2.32  2.24  2.30  1.86  1.81
SKEW      0.39  0.50  0.59  0.65  0.61  0.39  0.43  0.37  0.29  0.35  0.34  0.33
% SW      3.85  3.79  1.75  2.09  2.84  3.65  3.06  3.27  2.38  1.52  1.39  1.91
MEAN      3.81  3.67  3.54  3.69  3.94  4.03  4.50  4.67  4.76  3.96  3.78  3.82
STD DEV   1.57  1.72  1.67  1.80  1.78  2.11  2.11  2.08  2.11  2.03  1.72  1.53
SKEW      0.45  0.59  0.80  0.83  0.66  0.75  0.63  0.48  0.41  0.86  0.61  0.48
% WSW     2.04  1.88  1.09  1.21  1.81  2.67  1.89  1.80  1.44  0.89  0.76  1.06
MEAN      3.48  3.25  3.11  3.52  3.40  3.51  3.66  4.05  4.28  3.77  3.50  3.20
STD DEV   1.31  1.40  1.39  1.60  1.43  1.55  1.49  1.84  2.12  1.83  1.42  1.15
SKEW      0.32  0.59  0.55  0.55  0.50  0.63  0.54  0.77  0.57  0.45  0.49  0.35
% W       1.21  1.15  0.91  1.10  1.60  1.84  1.83  1.92  1.39  0.92  0.68  0.71
MEAN      3.06  2.83  2.98  3.00  3.22  3.52  3.71  4.43  4.38  4.08  3.31  2.70
STD DEV   1.26  1.06  1.13  1.27  1.33  1.83  1.81  2.34  2.39  1.89  1.29  0.89
SKEW      0.82  0.50  0.36  0.39  0.66  1.10  0.97  0.91  0.99  0.93  0.25  0.29
% WNW     0.68  0.83  1.05  1.22  2.25  2.80  2.56  2.26  1.43  1.44  0.88  0.67
MEAN      3.28  2.69  2.97  3.11  3.92  3.99  4.60  5.07  5.71  5.05  3.69  2.26
STD DEV   1.02  0.95  1.25  1.48  2.06  2.01  2.41  2.64  3.02  2.78  1.64  0.93
SKEW     -0.16 -0.33  0.62  0.65  1.21  0.55  1.05  0.62  0.58  0.63  0.35  0.30
% NW      0.69  0.99  1.49  2.59  3.51  4.13  3.70  3.71  2.09  1.99  1.47  1.06
MEAN      3.50  3.34  3.27  3.47  4.45  4.89  5.13  5.86  5.55  5.39  4.25  3.37
STD DEV   1.37  1.33  1.36  1.67  2.44  2.79  2.78  2.98  2.73  2.72  2.03  1.25
SKEW      0.02  0.61  0.71  1.01  1.06  1.12  0.89  0.53  0.43  0.49  0.76  0.07
% NNW     0.64  1.30  3.23  4.78  7.47  7.88  7.06  6.40  4.73  3.01  2.45  1.02
MEAN      3.29  3.25  3.69  4.34  5.47  5.87  6.30  6.26  6.70  5.88  5.17  3.77
STD DEV   1.23  1.37  1.70  2.31  2.81  3.04  2.93  3.01  3.55  2.82  2.75  1.72
SKEW      0.05  0.68  1.09  0.87  0.74  0.54  0.41  0.49  0.50  0.36  0.54  0.66
CALM      7.01  7.86 10.66 10.01  8.42  9.05  6.91  6.33  6.10  4.64  5.42  5.21
                                                                                
INTERPOLATED DATA (station & weighting factor)                                  
                                                                                
---Wind Stations---                                                             
VICTORIA      TX     .388  VICTORIA/ALOE TX     .388  SAN MARCOS    TX     .225 
