 Australia    Callendale                                                        
 LATT= -37.25 LONG= 140.43 YEARS= 30. TYPE= 2
 ELEVATION =  131. TP5 = 1.19 TP6= 5.82
 MEAN P    .21   .17   .20   .17   .19   .20   .23   .20   .19   .18   .22   .17
 S DEV P   .26   .23   .36   .24   .23   .21   .22   .20   .21   .20   .39   .22
 SKEW  P  2.68  2.96  5.34  3.27  2.40  1.88  1.67  2.02  2.37  1.76  5.69  3.05
 P(W/W)    .37   .29   .44   .46   .60   .69   .68   .71   .61   .55   .49   .42
 P(W/D)    .11   .10   .14   .22   .27   .34   .37   .39   .34   .25   .17   .17
 TMAX AV 80.51 80.72 76.06 69.24 62.42 57.48 56.39 57.90 61.46 66.34 71.86 76.23
 TMIN AV 55.93 56.32 53.66 49.60 47.43 44.70 44.12 44.34 45.97 47.69 50.53 53.21
 SD TMAX 10.94 10.20  9.57  7.69  5.21  3.28  3.19  4.48  5.85  8.23 10.05 10.26
 SD TMIN  7.56  7.36  7.25  6.45  5.97  5.41  4.95  4.95  5.46  6.55  7.19  7.25
 SOL.RAD  572.  511.  398.  274.  186.  153.  168.  233.  332.  435.  515.  559.
 SD SOL  117.1 107.3  96.6  75.2  56.1  41.5  50.5  66.1  85.5 103.4 114.0 124.8
 MX .5 P   .53   .38   .33   .31   .30   .22   .20   .23   .31   .39   .44   .49
 DEW PT  50.05 50.85 49.47 47.40 46.85 45.16 44.21 43.78 45.18 45.73 47.60 48.56
Time Pk   .070  .170  .250  .340  .430  .520  .610  .690  .770  .850  .940 1.000
% N       2.57  2.52  2.74  3.94  2.80  3.60  3.03  4.44  4.71  6.18  5.44  4.09
MEAN      4.03  3.63  4.32  3.94  4.00  4.43  4.53  4.91  4.94  5.54  4.71  4.46
STD DEV   1.93  1.73  2.20  1.72  1.78  2.01  2.09  2.28  2.28  2.44  2.20  2.24
SKEW      1.00  1.42  0.82  0.95  0.92  0.94  0.80  0.76  0.78  0.54  0.71  0.98
% NNE     0.61  0.77  1.05  1.47  1.86  1.95  2.11  2.05  2.34  2.10  1.40  0.84
MEAN      2.71  2.55  2.95  3.07  3.40  3.38  3.43  3.67  3.69  3.56  3.13  3.09
STD DEV   0.91  0.81  0.98  1.07  1.38  1.35  1.14  1.60  1.49  1.55  1.54  1.53
SKEW      0.53  0.72  0.79  0.84  1.18  1.49  0.40  1.06  0.96  1.34  1.93  1.76
% NE      0.97  1.04  1.58  2.87  3.34  4.20  4.95  3.76  3.35  2.43  1.61  1.13
MEAN      2.36  2.30  2.56  2.74  2.91  3.02  3.39  3.06  2.96  2.80  2.76  2.42
STD DEV   0.68  0.61  0.83  0.92  0.87  1.04  1.45  1.21  0.96  1.10  0.82  0.77
SKEW      0.48  0.61  0.53  0.75  0.74  1.10  1.48  1.50  0.67  1.35  0.80  0.62
% ENE     0.83  1.21  2.16  3.84  5.64  6.64  6.12  5.51  4.53  3.45  2.68  1.25
MEAN      2.46  2.50  2.50  2.68  2.83  2.93  2.94  3.02  2.91  2.73  2.74  2.56
STD DEV   0.57  0.66  0.60  0.69  0.81  0.85  0.83  0.97  0.91  0.67  0.72  0.62
SKEW      0.02  0.64  0.54  0.52  0.77  0.72  0.85  1.54  0.90  0.26  0.59  0.27
% E       1.51  2.56  4.80  6.54  8.85 11.46  9.58  7.54  6.72  5.51  3.12  2.16
MEAN      2.56  2.51  2.57  2.75  2.86  3.01  3.02  2.90  2.96  2.76  2.57  2.50
STD DEV   0.68  0.66  0.69  0.75  0.85  0.92  0.98  0.81  0.89  0.72  0.69  0.66
SKEW      0.56  0.48  0.47  0.62  0.89  1.65  1.34  0.53  0.84  0.50  0.32  0.68
% ESE     1.22  1.41  2.70  3.68  6.13  6.31  6.18  5.11  4.13  3.46  1.87  1.52
MEAN      2.84  2.70  2.55  2.99  3.55  3.49  3.70  3.49  3.37  3.08  3.08  2.72
STD DEV   0.88  0.80  0.64  1.13  1.50  1.56  1.67  1.54  1.55  1.22  1.16  0.70
SKEW      0.78  0.86  0.25  1.43  1.28  1.84  1.28  1.46  2.09  1.24  1.39  0.61
% SE      4.16  4.78  5.71  7.26 12.05 12.13 14.09 11.69 10.16  6.15  4.20  2.90
MEAN      3.18  3.00  3.20  3.73  5.00  4.91  5.27  4.89  4.83  4.27  3.51  3.20
STD DEV   1.06  1.08  1.28  1.72  2.48  2.30  2.48  2.19  2.31  2.03  1.40  1.05
SKEW      0.73  0.62  1.28  1.08  1.11  1.01  0.81  0.81  0.82  0.90  1.01  0.62
% SSE     7.06  7.77  7.14  7.45 10.64 10.36 12.78 11.76  9.36  6.41  5.24  5.05
MEAN      3.54  3.41  3.54  4.35  5.33  5.33  5.71  5.44  5.15  4.80  4.15  3.47
STD DEV   1.17  1.08  1.19  2.13  2.30  2.39  2.41  2.19  2.23  2.32  1.76  1.06
SKEW      0.71  0.35  0.97  1.40  0.72  0.76  0.86  0.63  0.68  1.01  1.32  0.42
% S       5.19  4.78  3.89  4.24  5.67  5.78  6.20  6.12  5.74  4.37  3.66  3.99
MEAN      3.18  3.21  3.35  4.00  4.77  5.05  5.55  5.13  4.94  4.49  4.15  3.40
STD DEV   1.06  1.19  1.37  1.88  2.15  2.49  2.49  2.42  2.21  2.18  1.98  1.23
SKEW      0.59  1.15  1.20  1.00  0.66  0.96  0.71  0.80  0.97  0.81  1.28  1.05
% SSW     2.73  2.58  2.42  2.42  2.32  2.56  2.95  2.79  3.47  2.99  2.75  2.11
MEAN      3.43  3.32  3.64  4.21  4.79  5.44  5.95  5.48  4.97  4.87  4.15  3.44
STD DEV   1.22  1.32  1.33  2.20  2.29  2.39  2.76  2.68  2.33  2.18  1.77  1.22
SKEW      0.71  1.55  0.77  1.01  0.72  0.47  1.00  0.47  0.76  0.68  0.73  0.88
% SW      3.61  2.90  2.58  2.18  1.93  1.68  2.05  2.01  3.11  2.78  2.72  2.70
MEAN      3.33  3.31  3.54  3.44  3.89  4.35  4.98  4.07  4.56  4.42  3.89  3.40
STD DEV   1.11  1.08  1.33  1.40  1.78  2.13  2.36  1.79  2.06  1.98  1.65  1.19
SKEW      0.48  0.45  0.77  0.66  1.19  1.07  0.95  1.03  0.98  0.97  0.87  0.76
% WSW     2.91  2.87  2.11  1.56  1.32  1.39  1.87  2.03  2.73  2.28  2.46  2.64
MEAN      3.24  3.22  3.15  3.28  3.46  4.44  4.68  4.25  4.23  3.95  3.70  3.32
STD DEV   1.08  0.96  0.95  1.35  1.16  2.10  2.03  1.91  1.83  1.46  1.26  1.00
SKEW      0.58  0.83  0.49  2.20  0.63  0.91  0.73  1.08  1.03  0.74  0.56  0.44
% W       5.26  5.73  3.89  2.77  1.59  1.48  1.48  1.89  2.72  3.23  4.14  4.79
MEAN      3.22  3.14  3.07  3.03  3.14  3.85  3.96  3.96  4.14  3.55  3.49  3.34
STD DEV   0.98  1.00  0.98  0.91  1.14  1.70  1.75  1.80  1.70  1.18  1.13  1.04
SKEW      0.68  0.50  1.03  0.72  1.13  1.22  1.03  1.39  0.75  0.52  0.44  0.49
% WNW     8.21  7.83  5.76  3.70  2.18  1.61  1.88  2.75  3.95  5.43  7.20  8.82
MEAN      3.96  3.90  3.76  3.55  3.25  4.15  4.83  4.21  4.97  4.56  4.91  4.41
STD DEV   1.45  1.53  1.45  1.37  1.21  1.90  2.28  1.86  2.05  2.00  2.21  1.86
SKEW      1.06  1.31  1.17  1.10  1.01  1.18  0.99  1.17  0.94  1.35  1.10  1.15
% NW     16.65 13.71 11.62  7.56  4.73  3.58  3.62  6.45  8.66 13.86 17.50 18.68
MEAN      5.46  4.95  5.30  4.78  4.48  4.49  5.00  5.97  6.43  6.51  6.87  6.11
STD DEV   2.64  2.23  2.67  2.29  1.99  2.05  2.22  2.64  2.61  2.67  2.90  2.73
SKEW      0.76  0.79  0.73  0.88  0.78  0.77  0.51  0.34  0.14  0.25  0.23  0.35
% NNW    10.37  6.87  7.97  6.89  4.23  3.80  3.65  5.75  7.64 10.94 13.74 13.04
MEAN      5.69  5.15  5.49  5.17  5.25  5.26  5.56  6.30  6.32  6.68  6.46  6.14
STD DEV   2.42  2.30  2.51  2.31  2.42  2.23  2.38  2.59  2.42  2.61  2.60  2.66
SKEW      0.54  0.72  0.47  0.65  0.49  0.51  0.52  0.39  0.10  0.10  0.36  0.40
CALM     26.17 30.60 31.77 31.62 24.82 21.51 17.53 18.27 16.67 18.43 20.46 24.16
                                                                                
INTERPOLATED DATA (station & weighting factor)                                  
                                                                                
---Wind Stations---                                                             
ARCATA        CA     .773  CRESCENT CITY CA     .227                       .000 
