 Australia    Terang                                                            
 LATT= -38.24 LONG= 142.92 YEARS= 30. TYPE= 3
 ELEVATION =  430. TP5 = 2.19 TP6= 5.16
 MEAN P    .25   .35   .24   .25   .21   .21   .18   .23   .21   .19   .19   .25
 S DEV P   .37   .51   .31   .33   .22   .21   .18   .24   .20   .20   .22   .35
 SKEW  P  3.17  3.01  3.19  3.02  2.39  1.77  1.89  2.50  1.86  1.92  2.73  4.13
 P(W/W)    .34   .21   .45   .42   .57   .56   .59   .61   .56   .49   .49   .39
 P(W/D)    .14   .11   .17   .20   .30   .34   .46   .45   .36   .32   .24   .20
 TMAX AV 76.89 76.91 72.59 65.90 59.46 54.79 53.68 55.16 58.81 63.51 68.26 72.84
 TMIN AV 54.80 55.57 53.16 49.00 46.33 43.42 42.48 42.64 44.39 46.09 48.97 51.64
 SD TMAX 10.73 10.35  9.60  7.54  5.09  3.41  3.25  4.56  5.81  8.24  9.77 10.35
 SD TMIN  7.26  6.70  6.58  6.14  5.37  4.86  4.41  4.76  5.53  6.30  6.80  6.72
 SOL.RAD  549.  484.  377.  262.  177.  139.  156.  223.  317.  419.  496.  543.
 SD SOL  116.5 110.7  95.7  74.6  55.7  42.7  49.1  63.0  84.7 105.6 117.7 125.0
 MX .5 P   .60   .43   .41   .31   .28   .24   .22   .24   .29   .39   .52   .55
 DEW PT  50.85 51.87 49.89 47.27 45.89 43.92 42.65 42.36 43.89 45.16 47.70 48.86
Time Pk   .070  .150  .240  .320  .400  .510  .600  .690  .780  .860  .940 1.000
% N       5.32  7.07  7.35  6.24  5.10  5.43  7.43  7.05  5.95  5.53  5.86  5.03
MEAN      2.75  2.87  3.16  3.25  3.36  3.87  4.28  4.00  4.10  3.82  3.51  3.18
STD DEV   1.38  1.45  1.64  1.76  1.77  1.77  1.93  1.98  1.90  1.89  1.80  1.72
SKEW      0.70  0.79  0.68  0.86  0.66  0.35  0.30  0.64  0.48  0.64  0.59  0.98
% NNE     4.35  5.76  5.63  5.06  3.22  3.02  4.44  4.78  4.18  3.67  4.47  3.73
MEAN      3.12  3.30  3.43  3.68  3.69  4.22  4.23  3.99  3.98  4.09  3.68  3.28
STD DEV   1.45  1.53  1.61  1.70  1.78  1.95  1.84  1.68  1.65  1.69  1.65  1.56
SKEW      0.65  0.46  0.54  0.39  0.59  0.52  0.37  0.31  0.24  0.26  0.43  0.48
% NE      5.34  6.50  7.35  5.17  2.92  3.98  3.79  5.77  4.76  5.13  5.10  4.95
MEAN      2.88  2.85  3.13  3.13  3.00  3.48  3.38  3.51  3.80  3.45  3.34  3.01
STD DEV   1.40  1.43  1.61  1.63  1.59  1.81  1.52  1.65  1.86  1.68  1.64  1.51
SKEW      0.91  0.86  0.79  0.65  0.71  0.85  0.43  0.59  0.50  0.46  0.57  0.72
% ENE     3.16  3.37  3.55  2.93  2.00  2.63  2.55  3.54  3.76  3.42  3.00  2.75
MEAN      3.06  2.86  3.31  3.29  3.07  3.38  3.22  3.57  4.19  3.56  3.46  3.09
STD DEV   1.39  1.36  1.63  1.54  1.57  1.77  1.46  1.63  2.01  1.64  1.55  1.43
SKEW      0.60  0.84  0.87  0.74  0.75  1.23  0.54  0.52  0.51  0.49  0.59  0.57
% E       4.53  4.97  4.64  4.16  3.13  4.59  4.23  4.84  5.08  4.76  4.49  4.12
MEAN      2.57  2.48  2.71  2.66  2.67  3.03  2.89  3.36  3.79  3.43  2.93  2.76
STD DEV   1.16  1.19  1.33  1.32  1.31  1.45  1.30  1.54  1.89  1.67  1.35  1.27
SKEW      0.79  0.95  0.93  0.99  0.82  0.84  0.69  0.61  0.70  0.63  0.80  0.81
% ESE     2.45  2.36  2.35  2.13  2.15  2.75  2.29  2.79  2.85  3.04  2.42  2.29
MEAN      2.67  2.74  2.78  2.99  3.18  3.19  3.14  3.36  3.74  3.63  3.30  2.83
STD DEV   1.14  1.20  1.15  1.41  1.35  1.44  1.44  1.60  1.69  1.66  1.52  1.21
SKEW      0.65  0.67  0.71  0.69  0.52  0.61  0.62  0.88  0.56  0.70  0.48  0.62
% SE      4.36  4.34  4.88  4.28  4.21  5.09  4.45  4.42  4.57  4.70  4.37  4.77
MEAN      2.56  2.45  2.76  2.83  3.28  3.30  3.20  3.38  3.80  3.58  2.95  2.73
STD DEV   1.19  1.13  1.28  1.31  1.70  1.72  1.56  1.67  1.87  1.79  1.37  1.23
SKEW      1.01  0.83  0.92  0.95  1.02  1.14  0.79  1.50  0.79  0.83  0.74  0.80
% SSE     3.61  3.40  5.09  4.57  5.49  5.47  5.10  4.56  5.27  5.26  4.50  5.16
MEAN      2.77  2.90  3.29  3.55  4.22  4.27  4.39  4.54  4.94  4.20  3.64  3.26
STD DEV   1.32  1.30  1.49  1.78  2.21  2.06  2.06  2.22  2.28  1.96  1.72  1.46
SKEW      0.70  0.64  0.67  0.86  0.77  0.77  0.51  0.72  0.44  0.51  0.58  0.55
% S       8.26  6.98  8.58  8.21 11.34 11.43 11.32  8.37  8.96 10.98  9.68  9.60
MEAN      3.05  2.84  3.51  3.74  4.55  4.68  4.93  4.78  5.10  4.69  4.06  3.48
STD DEV   1.48  1.36  1.70  1.92  2.30  2.24  2.22  2.38  2.41  2.20  2.07  1.69
SKEW      1.00  0.86  0.70  0.84  0.62  0.60  0.34  0.47  0.41  0.47  0.66  0.75
% SSW     7.45  5.67  5.98  6.45  8.44  8.71  8.40  6.97  7.65  9.71  8.06  8.25
MEAN      3.57  3.38  3.99  4.18  4.68  4.90  5.00  5.24  5.56  5.34  4.45  3.94
STD DEV   1.64  1.52  1.77  1.94  2.13  2.12  2.14  2.35  2.41  2.23  2.10  1.91
SKEW      0.54  0.55  0.31  0.35  0.40  0.27  0.29  0.31  0.23  0.15  0.50  0.53
% SW      9.83  7.19  5.65  5.99  6.89  7.18  6.39  5.96  6.11  7.66  8.71  9.66
MEAN      3.48  3.21  3.64  3.69  4.17  4.41  4.44  4.63  4.95  4.89  4.04  3.85
STD DEV   1.65  1.50  1.72  1.84  2.19  2.18  2.11  2.34  2.40  2.30  2.02  1.81
SKEW      0.64  0.67  0.48  0.67  0.76  0.74  0.58  0.62  0.54  0.43  0.57  0.61
% WSW     5.81  4.33  2.96  3.23  4.41  5.15  4.01  4.55  4.96  4.85  4.90  5.32
MEAN      3.81  3.65  3.69  4.03  4.47  4.98  4.82  5.07  5.45  5.28  4.35  3.95
STD DEV   1.69  1.69  1.81  1.87  2.10  2.17  2.31  2.33  2.41  2.43  2.09  1.84
SKEW      0.45  0.41  0.53  0.51  0.49  0.48  0.50  0.49  0.51  0.47  0.68  0.51
% W       5.62  4.10  3.19  3.87  6.68  6.01  5.79  5.88  6.56  5.99  5.32  5.26
MEAN      3.20  2.87  2.94  3.56  4.30  4.34  4.27  4.19  4.94  4.87  3.71  3.34
STD DEV   1.67  1.48  1.60  2.03  2.28  2.12  2.07  2.20  2.52  2.41  1.96  1.82
SKEW      0.61  0.80  0.93  0.75  0.74  0.38  0.55  0.63  0.50  0.43  0.57  1.24
% WNW     3.15  3.06  2.54  3.95  6.58  5.89  6.16  6.65  6.97  5.76  4.19  3.35
MEAN      3.10  3.26  3.54  3.88  4.64  4.80  4.90  4.85  5.20  5.12  3.97  3.46
STD DEV   1.56  1.63  1.85  1.98  2.11  2.12  2.15  2.29  2.42  2.36  2.06  1.81
SKEW      0.75  0.62  0.79  0.46  0.42  0.28  0.22  0.50  0.33  0.25  0.61  1.03
% NW      4.24  4.94  5.16  6.72  8.46  7.96  8.72  8.93  8.11  6.43  5.71  4.26
MEAN      2.72  2.71  3.00  3.59  4.23  4.45  4.60  4.69  4.80  4.45  3.40  2.98
STD DEV   1.52  1.44  1.72  1.87  2.15  2.09  2.07  2.27  2.22  2.15  1.85  1.58
SKEW      1.33  1.16  1.07  0.65  0.54  0.30  0.29  0.40  0.38  0.37  0.75  0.90
% NNW     3.60  4.20  5.16  5.88  5.29  5.10  6.87  6.58  5.96  4.99  4.18  3.38
MEAN      2.92  2.84  3.34  3.78  4.22  4.05  4.65  4.67  4.51  4.21  3.63  3.01
STD DEV   1.44  1.34  1.66  1.86  1.98  1.80  1.93  2.14  1.96  1.96  1.87  1.53
SKEW      0.81  0.67  0.65  0.57  0.42  0.28  0.19  0.36  0.35  0.40  0.70  0.74
CALM     18.93 21.77 19.99 21.15 13.65  9.65  8.03  8.43  8.34  8.22 14.94 18.02
                                                                                
INTERPOLATED DATA (station & weighting factor)                                  
                                                                                
---Wind Stations---                                                             
EVANSVILLE    IN     .379  FT. CAMPBELL  KY     .327  BOWLING GREEN KY     .294 
