 Australia    Spalding                                                          
 LATT= -33.50 LONG= 138.61 YEARS= 30. TYPE= 3
 ELEVATION =  945. TP5 = 1.83 TP6= 3.68
 MEAN P    .27   .23   .22   .18   .18   .17   .15   .17   .16   .18   .23   .27
 S DEV P   .43   .39   .46   .26   .22   .21   .14   .17   .19   .28   .28   .45
 SKEW  P  2.65  3.41  5.46  2.77  2.37  2.54  1.93  1.59  2.67  4.20  2.59  3.57
 P(W/W)    .30   .36   .27   .33   .49   .46   .56   .57   .48   .33   .34   .27
 P(W/D)    .06   .07   .07   .10   .15   .19   .27   .24   .19   .12   .13   .09
 TMAX AV 85.70 84.81 79.30 72.19 64.08 57.80 56.63 58.50 64.22 70.91 77.22 81.21
 TMIN AV 62.42 62.49 57.91 52.34 47.43 43.38 42.17 42.46 45.72 49.90 55.21 58.77
 SD TMAX  9.92  9.52  8.97  8.02  6.23  4.50  4.65  6.01  8.14  9.46 10.28  9.88
 SD TMIN  8.09  7.81  7.36  6.45  5.77  5.47  4.98  5.43  6.16  7.30  8.29  8.09
 SOL.RAD  594.  533.  441.  326.  233.  191.  206.  277.  375.  478.  548.  586.
 SD SOL  111.1 103.3  93.2  76.8  57.1  45.4  53.8  65.3  86.1 101.0 110.4 118.6
 MX .5 P   .33   .28   .17   .15   .22   .16   .24   .22   .24   .19   .33   .33
 DEW PT  48.63 49.27 47.45 44.66 43.78 42.07 40.83 40.44 42.23 42.15 44.29 46.22
Time Pk   .120  .220  .320  .400  .480  .570  .650  .740  .820  .890  .960 1.000
% N       2.23  2.79  5.55  8.80 10.80 11.48 10.17 11.23  8.59  5.97  5.03  3.30
MEAN      2.97  2.66  3.51  4.17  4.65  4.99  4.46  5.04  4.97  4.40  4.32  3.60
STD DEV   1.64  1.38  2.01  2.34  2.88  2.81  2.73  3.18  3.00  2.55  2.53  2.23
SKEW      1.26  1.12  1.11  1.00  1.32  0.96  1.08  0.98  0.83  0.94  0.84  1.11
% NNE     1.49  1.92  2.54  3.71  3.70  3.67  3.36  4.13  3.35  3.14  3.09  1.96
MEAN      3.03  2.63  3.04  3.43  3.85  3.96  3.31  4.17  3.97  3.90  3.87  3.18
STD DEV   1.29  1.04  1.49  1.80  2.36  2.47  2.03  2.73  2.21  2.11  2.15  1.49
SKEW      0.49  0.84  0.98  1.04  0.99  1.03  1.51  1.14  0.83  0.95  0.84  0.71
% NE      2.70  2.69  3.44  4.11  2.99  2.71  2.57  2.82  2.35  2.48  2.61  2.14
MEAN      3.13  2.73  2.66  2.62  2.74  2.49  2.39  2.38  2.50  2.85  2.69  2.67
STD DEV   1.50  1.24  1.20  1.12  1.35  1.06  1.17  1.12  1.08  1.33  1.22  1.21
SKEW      0.75  1.03  0.91  0.72  1.02  0.66  0.94  0.82  0.78  0.56  0.80  0.70
% ENE     1.54  1.73  2.05  1.67  1.21  0.91  1.05  1.06  1.09  1.37  1.18  1.21
MEAN      3.46  3.23  3.06  2.89  2.76  2.71  2.64  2.44  2.64  2.96  3.13  3.01
STD DEV   1.57  1.45  1.38  1.16  1.12  1.05  1.02  0.91  1.03  1.36  1.41  1.20
SKEW      0.91  0.57  0.55  0.65  0.42  0.79  0.46  0.56  0.78  0.71  0.67  0.72
% E       3.08  3.10  3.11  2.74  1.63  1.56  1.64  1.74  1.92  1.98  2.16  2.00
MEAN      3.26  3.13  2.80  2.86  2.44  2.43  2.27  2.43  2.48  2.84  2.93  2.90
STD DEV   1.67  1.40  1.24  1.39  1.15  1.09  0.88  1.01  1.06  1.29  1.24  1.40
SKEW      0.78  0.59  0.70  0.86  0.78  0.68  0.48  0.43  0.69  0.60  0.67  0.63
% ESE     2.95  2.86  2.71  2.37  1.66  1.73  2.10  1.46  1.52  2.14  2.03  1.87
MEAN      3.68  3.62  3.11  3.18  2.97  2.72  2.68  3.03  2.89  3.29  3.52  3.31
STD DEV   1.52  1.70  1.25  1.30  1.35  1.05  1.10  1.42  1.18  1.49  1.49  1.38
SKEW      0.37  0.88  0.62  0.50  0.56  0.38  0.71  0.70  0.48  0.51  0.32  0.65
% SE      6.17  6.29  5.69  3.86  2.71  2.42  3.17  2.80  3.01  4.06  4.10  4.82
MEAN      3.89  3.97  3.46  3.18  2.82  2.85  2.94  2.83  2.98  3.57  3.70  3.66
STD DEV   1.80  1.97  1.77  1.54  1.32  1.36  1.47  1.37  1.37  1.68  1.83  1.67
SKEW      0.63  0.80  0.98  0.86  0.72  0.80  0.69  0.94  0.67  0.59  0.85  0.43
% SSE    13.39 12.84  6.89  4.27  3.38  2.51  4.06  3.13  4.90  6.73  7.15 11.05
MEAN      4.69  4.56  4.04  3.85  3.83  3.58  3.76  3.52  4.32  4.55  4.62  4.95
STD DEV   1.97  1.99  1.82  1.71  1.98  1.67  1.73  1.92  2.19  2.21  2.09  2.10
SKEW      0.59  0.64  0.40  0.37  0.74  0.58  0.33  0.92  0.92  0.79  0.55  0.51
% S      16.03 14.70 11.63  8.15  6.49  5.59  6.52  7.07  8.37  9.54 12.92 14.18
MEAN      4.59  4.56  4.02  3.74  3.63  3.63  3.74  3.72  4.20  4.64  4.79  4.96
STD DEV   1.90  1.96  1.83  1.86  1.91  2.06  1.97  1.89  2.31  2.22  2.25  2.16
SKEW      0.50  0.61  0.54  0.66  0.83  0.98  0.78  0.77  0.85  0.51  0.67  0.52
% SSW    14.34 13.15 10.73  8.81  6.91  5.82  6.99  7.71  9.92 11.70 13.45 15.10
MEAN      5.03  4.85  4.48  4.16  4.01  3.82  4.11  4.21  5.30  5.35  5.40  5.44
STD DEV   2.00  2.01  2.06  2.08  2.17  2.18  2.30  2.28  2.73  2.47  2.41  2.32
SKEW      0.69  0.56  0.77  1.16  1.02  1.23  1.14  0.82  0.62  0.67  0.57  0.52
% SW     14.63 14.07 15.21 13.34 11.51 11.01 11.11 10.86 14.11 14.42 15.89 16.78
MEAN      4.58  4.18  3.77  3.70  3.33  3.34  3.41  3.67  4.82  4.74  5.02  5.05
STD DEV   2.07  1.84  1.91  2.01  1.74  1.84  1.94  2.14  2.59  2.56  2.44  2.43
SKEW      0.67  0.75  1.13  1.28  1.34  1.68  1.38  1.13  0.83  1.06  0.71  0.64
% WSW     5.55  5.88  6.38  6.76  6.74  7.68  7.52  6.93  8.85  8.44  7.89  7.52
MEAN      4.67  4.20  3.95  3.79  3.29  3.36  3.53  3.84  5.23  5.17  5.09  5.27
STD DEV   1.97  1.78  1.81  2.02  1.53  1.63  1.91  2.20  2.81  2.79  2.53  2.49
SKEW      0.71  0.70  1.02  1.34  1.01  1.63  1.82  1.12  0.78  0.85  0.79  0.74
% W       3.21  3.33  4.21  4.63  5.35  6.41  5.52  5.28  5.24  4.84  3.97  3.09
MEAN      3.74  3.36  3.30  3.03  2.82  3.08  2.88  3.03  4.01  4.21  4.05  3.84
STD DEV   1.69  1.58  1.58  1.39  1.17  1.53  1.43  1.66  2.35  2.60  2.31  1.81
SKEW      0.56  0.84  1.15  0.77  0.65  1.84  1.24  1.97  1.01  1.07  1.00  0.54
% WNW     1.21  1.32  1.86  2.90  3.66  3.95  3.61  3.81  3.19  2.72  2.03  1.39
MEAN      3.29  3.07  3.06  3.17  3.20  3.44  3.29  3.43  3.87  3.98  3.73  3.41
STD DEV   1.28  1.23  1.17  1.36  1.30  1.64  1.70  1.92  2.15  2.08  1.68  1.43
SKEW      0.63  0.60  0.73  1.17  0.87  1.18  1.07  1.50  1.37  0.94  0.72  0.84
% NW      1.67  2.03  3.10  4.56  6.36  6.67  6.65  6.22  4.41  3.79  3.31  2.05
MEAN      2.71  2.69  2.88  3.19  3.52  3.69  3.56  3.95  3.84  3.62  3.87  2.86
STD DEV   1.23  1.12  1.42  1.56  1.74  2.08  1.99  2.31  2.00  1.92  2.09  1.28
SKEW      0.62  0.83  1.09  0.90  1.08  1.26  1.22  1.23  1.01  1.02  0.89  0.63
% NNW     1.38  1.76  3.54  6.85 10.23 10.94 10.90 11.11  8.14  5.32  4.44  2.38
MEAN      3.14  3.00  4.11  4.50  5.43  5.29  5.30  5.51  5.78  5.26  4.80  4.44
STD DEV   1.39  1.31  2.42  2.16  2.90  2.91  2.90  2.92  3.18  2.84  2.40  2.52
SKEW      0.37  0.69  1.03  0.79  0.88  1.00  0.81  0.89  0.72  0.77  0.59  0.54
CALM      8.41  9.59 11.35 12.43 14.65 14.89 13.04 12.61 11.03 11.34  8.75  9.04
                                                                                
INTERPOLATED DATA (station & weighting factor)                                  
                                                                                
---Wind Stations---                                                             
BLYTHE        CA     .460  NEEDLES       CA     .323  PRESCOTT      AZ     .218 
