 Australia    Mansfield (Post Office)                                           
 LATT= -37.05 LONG= 146.09 YEARS= 30. TYPE= 3
 ELEVATION = 1037. TP5 = 2.03 TP6= 4.16
 MEAN P    .38   .34   .27   .28   .22   .20   .19   .21   .21   .22   .27   .29
 S DEV P   .54   .55   .32   .31   .25   .28   .23   .21   .25   .24   .35   .38
 SKEW  P  2.68  3.39  2.41  1.75  2.37  4.29  2.71  1.79  2.76  1.95  2.93  3.76
 P(W/W)    .30   .28   .38   .39   .51   .50   .60   .58   .50   .51   .44   .27
 P(W/D)    .13   .11   .13   .16   .22   .28   .35   .33   .29   .26   .22   .15
 TMAX AV 79.79 78.99 73.47 65.24 57.22 51.64 49.91 52.14 57.13 63.34 69.80 74.76
 TMIN AV 55.99 55.78 51.46 45.39 41.25 38.49 37.44 37.42 39.86 43.41 48.09 51.83
 SD TMAX  8.53  7.97  7.79  6.45  4.96  3.88  3.56  4.66  5.66  7.24  8.25  8.37
 SD TMIN  7.10  6.34  6.37  5.95  5.69  5.54  5.15  5.20  5.98  6.33  6.74  6.94
 SOL.RAD  572.  510.  410.  287.  193.  142.  153.  222.  316.  426.  510.  559.
 SD SOL  126.4 117.4 103.6  80.9  62.8  54.9  57.6  75.6  97.1 117.2 129.1 132.5
 MX .5 P   .69   .41   .37   .31   .26   .22   .24   .26   .29   .37   .57   .47
 DEW PT  52.12 52.52 49.81 46.41 43.52 40.89 39.67 39.45 41.63 44.07 47.59 49.36
Time Pk   .070  .170  .250  .340  .430  .520  .610  .690  .770  .850  .940 1.000
% N       4.15  4.64  3.07  2.46  2.06  1.79  1.52  2.95  3.32  3.66  3.44  2.76
MEAN      3.49  3.68  3.68  3.77  4.38  4.13  3.99  4.53  4.79  4.62  4.26  3.78
STD DEV   1.57  1.66  1.77  1.45  1.89  2.23  1.66  2.02  1.87  1.70  2.20  1.39
SKEW      0.46  0.44  0.24 -0.07  0.63  0.34  0.29  0.25  0.30  0.34  0.55  0.11
% NNE     4.25  5.37  3.33  3.31  2.66  1.98  3.66  3.80  3.80  4.28  5.17  3.70
MEAN      3.76  3.95  3.98  4.11  5.28  4.62  4.61  4.56  5.04  4.56  4.37  4.28
STD DEV   1.41  1.72  1.57  1.46  2.24  1.69  1.75  1.72  1.81  1.76  1.60  1.44
SKEW      0.41  0.29  0.36  0.23  0.78  0.20  0.00  0.14  0.21  0.46  0.47  0.22
% NE      3.86  5.78  3.63  4.05  1.80  2.03  3.99  4.80  4.06  4.20  6.20  3.73
MEAN      3.49  3.81  3.73  3.86  3.58  4.32  4.81  4.55  5.40  4.27  4.31  3.89
STD DEV   1.50  1.53  1.66  1.75  1.54  2.00  1.57  1.78  2.25  1.60  1.71  1.55
SKEW      0.63  0.48  0.50  0.62  0.36  0.23  0.13  0.47  0.42  0.20  0.58  0.13
% ENE     4.17  5.02  3.35  3.27  1.07  2.11  3.16  4.60  4.76  5.34  5.45  3.63
MEAN      3.64  3.66  3.72  4.26  3.68  4.56  4.66  5.26  5.26  4.65  4.36  4.15
STD DEV   1.38  1.42  1.50  1.77  1.74  1.65  1.73  1.94  1.92  1.70  1.79  1.54
SKEW      0.51  0.12  0.38  0.41  0.26  0.71  0.56  0.35  0.04  0.12  0.34  0.23
% E       4.58  5.15  3.58  3.98  1.66  3.55  3.80  4.39  3.79  4.91  4.76  4.12
MEAN      3.46  3.16  3.24  3.43  3.78  4.19  4.18  4.00  4.51  4.41  3.79  3.97
STD DEV   1.27  1.37  1.28  1.41  1.75  1.77  1.64  1.45  1.69  1.79  1.54  1.79
SKEW      0.12  0.44  0.43  0.19  0.65  0.34  0.27  0.34  0.09  0.48  0.46  0.29
% ESE     3.29  3.17  4.28  3.84  1.73  3.59  3.99  2.71  3.73  4.27  4.37  3.66
MEAN      3.39  3.14  3.35  3.62  4.07  4.36  4.38  4.15  5.00  4.66  4.09  3.65
STD DEV   1.20  1.32  1.26  1.55  1.69  1.72  1.79  1.54  1.83  1.82  1.59  1.48
SKEW      0.20  0.51  0.34  0.84  0.24  0.49  0.33  0.15 -0.02  0.26  0.34  0.37
% SE      5.02  5.94  7.57  6.78  4.43  5.54  5.35  4.08  5.09  4.58  5.90  5.66
MEAN      3.08  2.89  3.33  3.47  3.94  4.83  4.58  4.31  4.83  4.60  3.92  3.50
STD DEV   1.16  1.28  1.38  1.44  1.82  2.04  1.69  1.43  1.82  1.99  1.72  1.57
SKEW      0.42  0.49  0.70  0.48  0.55  0.37  0.23  0.28  0.16  0.33  0.50  0.73
% SSE     3.56  4.74  5.21  6.00  5.78  6.10  5.92  4.96  6.11  5.18  4.72  5.44
MEAN      3.39  3.27  3.84  4.03  5.08  5.42  5.40  6.17  5.66  4.97  4.02  3.89
STD DEV   1.37  1.38  1.52  1.66  2.08  1.98  1.92  2.29  2.24  1.95  1.74  1.66
SKEW      0.10  0.67  0.58  0.82  0.56  0.09  0.17  0.24  0.25  0.33  0.51  0.56
% S       8.04  7.12  8.90  9.39  8.66  8.06  8.32  5.55  5.59  7.21  6.63  9.84
MEAN      3.55  3.30  4.01  4.21  5.02  5.26  5.29  5.73  5.30  4.77  4.13  4.28
STD DEV   1.47  1.39  1.75  1.83  2.31  2.25  2.14  2.39  2.39  1.95  1.91  1.79
SKEW      0.53  0.63  0.62  0.50  0.81  0.42  0.42  0.32  0.52  0.69  0.75  0.83
% SSW     8.87  7.55  9.60 10.12 12.82 11.07 11.74  7.73  6.52  8.50  7.55 11.44
MEAN      4.43  3.90  4.79  5.06  5.96  6.13  6.52  6.41  6.48  5.98  4.83  4.80
STD DEV   1.68  1.54  2.03  2.14  2.21  2.35  2.46  2.45  2.48  2.44  2.08  1.96
SKEW      0.45  0.49  0.69  0.83  0.45  0.51  0.37 -0.20  0.21  0.47  0.65  0.59
% SW     10.68  7.64  9.71 10.64 10.92  9.41  7.83  6.47  6.80  7.82  7.87 10.75
MEAN      4.20  3.64  4.11  4.71  5.50  5.67  5.51  5.60  5.96  5.68  4.71  4.87
STD DEV   1.77  1.42  1.81  2.13  2.11  2.45  2.31  2.23  2.48  2.37  2.27  1.98
SKEW      0.59  0.37  0.80  0.57  0.35  0.55  0.67  0.25  0.59  0.60  0.82  0.43
% WSW     9.08  8.12  6.77  8.15 12.19 11.65  9.38  9.65  9.40  7.66  9.36  9.09
MEAN      4.59  4.01  4.70  5.15  5.95  6.06  6.38  6.24  6.62  6.08  5.16  5.13
STD DEV   1.78  1.66  2.02  2.21  2.21  2.44  2.73  2.38  2.54  2.64  2.02  1.93
SKEW      0.52  0.96  0.59  0.70  0.48  0.44  0.58  0.33  0.49  0.71  0.40  0.38
% W       9.66  8.52  8.66  8.94 13.55 14.26 14.01 14.52 13.36 10.34  9.84  8.53
MEAN      3.86  3.74  3.91  4.67  5.52  5.42  6.10  5.82  5.76  6.15  4.76  4.41
STD DEV   1.70  1.58  1.98  2.33  2.25  2.34  2.41  2.61  2.54  2.70  2.14  1.84
SKEW      0.74  0.67  1.05  0.80  0.48  0.46  0.73  0.60  0.53  0.85  0.55  0.38
% WNW     8.05  6.38  8.37  6.53  9.40  9.48  8.51 11.73 10.85 10.89  8.00  7.26
MEAN      4.00  3.84  4.60  4.71  5.67  5.31  5.80  5.73  5.81  5.88  4.95  4.70
STD DEV   1.69  1.44  2.08  1.95  2.32  2.06  2.14  2.41  2.26  2.37  2.42  1.92
SKEW      0.58  0.52  0.83  0.30  0.76  0.12  0.28  0.54  0.48  0.66  0.71  0.61
% NW      4.01  4.73  4.92  5.25  4.60  3.87  4.02  5.90  6.31  5.43  4.70  3.60
MEAN      3.42  3.38  3.78  4.15  4.59  4.49  5.06  4.96  4.88  5.12  3.98  4.10
STD DEV   1.42  1.41  1.53  1.88  1.72  1.82  2.05  2.10  1.94  1.88  1.84  1.84
SKEW      0.44  0.16  0.43  0.41  0.42  0.21 -0.06  0.63  0.30  0.19  0.74  0.32
% NNW     5.53  5.82  5.34  4.44  5.10  3.42  3.99  5.71  5.32  5.07  4.23  4.73
MEAN      3.86  3.72  3.91  4.72  4.85  4.93  4.98  5.03  4.58  4.90  3.78  4.18
STD DEV   1.57  1.46  1.48  1.82  1.63  1.91  1.86  1.95  1.77  1.63  1.53  1.61
SKEW      0.61  0.30  0.32  0.15  0.11  0.03  0.24  0.31  0.39  0.29  0.63  0.23
CALM      3.11  4.25  3.60  2.78  1.61  2.08  0.79  0.58  1.24  0.67  1.82  2.11
                                                                                
INTERPOLATED DATA (station & weighting factor)                                  
                                                                                
---Wind Stations---                                                             
FINDLAY       OH     .515  SPRINGFIELD   OH     .269  MANSFIELD     OH     .216 
