 Australia    Woodgate Store                                                    
 LATT= -25.10 LONG= 152.56 YEARS= 30. TYPE= 4
 ELEVATION =   16. TP5 = 2.58 TP6= 8.64
 MEAN P    .68   .64   .51   .31   .40   .42   .33   .46   .39   .62   .57   .62
 S DEV P  1.25  1.16   .84   .45   .75   .94   .49   .64   .53  1.10   .67   .76
 SKEW  P  5.45  6.66  3.68  2.87  3.82  4.49  2.81  2.78  3.22  5.82  2.57  3.05
 P(W/W)    .40   .55   .58   .40   .43   .41   .36   .36   .30   .31   .41   .40
 P(W/D)    .17   .22   .19   .15   .16   .12   .09   .07   .10   .14   .14   .19
 TMAX AV 82.86 82.65 81.13 77.89 73.92 70.13 69.21 70.63 74.00 76.60 79.23 81.55
 TMIN AV 74.10 73.80 71.75 67.33 62.33 57.87 55.78 56.79 61.39 66.06 69.70 72.56
 SD TMAX  2.67  2.87  2.51  2.49  2.68  3.07  2.77  2.92  2.98  3.02  3.00  2.98
 SD TMIN  2.42  2.26  2.61  3.32  4.34  4.85  5.17  4.43  4.12  3.34  2.89  2.73
 SOL.RAD  540.  488.  439.  380.  317.  281.  313.  384.  468.  513.  553.  557.
 SD SOL  119.0 118.7 103.3  84.7  73.0  70.1  73.6  79.3  88.6 105.0 112.0 119.6
 MX .5 P  1.49  1.37  1.10   .66   .62   .62   .43   .47   .51   .76   .97  1.17
 DEW PT  69.16 69.42 67.52 63.29 58.37 53.93 51.66 52.16 56.78 60.98 64.09 67.26
Time Pk   .200  .310  .400  .480  .560  .650  .720  .780  .840  .900  .960 1.000
% N       0.41  1.45  5.16  6.59  7.96  8.39  8.40  8.86  6.03  3.70  2.33  1.28
MEAN      2.22  2.85  4.00  4.41  4.91  5.02  5.25  5.54  5.66  5.26  4.74  2.92
STD DEV   1.00  1.23  2.11  2.21  2.47  2.42  2.38  2.28  2.59  2.56  2.29  1.31
SKEW      1.37  0.85  0.73  0.50  0.53  0.43  0.34  0.25  0.40  0.07  0.25  1.08
% NNE     0.53  1.09  4.22  4.12  3.81  3.41  3.76  4.38  4.38  3.24  1.88  0.94
MEAN      2.93  3.58  4.76  4.54  4.61  4.74  4.82  5.33  6.07  5.95  5.25  4.08
STD DEV   1.63  1.84  2.17  2.04  2.37  2.27  2.28  2.34  2.61  2.68  2.48  2.17
SKEW      1.09  0.58  0.18  0.22  0.63  0.54  0.35  0.32  0.00  0.04  0.39  0.46
% NE      0.93  3.04  7.65  7.05  3.56  3.15  3.15  4.62  5.14  3.87  2.68  1.96
MEAN      3.77  4.62  4.98  4.59  4.24  4.15  4.10  4.83  5.27  5.29  4.87  4.67
STD DEV   2.08  2.24  2.20  1.89  1.90  1.96  1.89  2.10  2.27  2.34  2.24  2.25
SKEW      0.52  0.20  0.16  0.03  0.39  0.40  0.49  0.23  0.11  0.04  0.00  0.33
% ENE     1.31  3.64  6.44  5.27  2.90  2.74  2.04  3.59  4.73  3.98  3.51  2.99
MEAN      3.93  4.65  4.47  4.30  3.92  3.51  3.51  4.33  4.70  5.17  4.67  4.54
STD DEV   1.95  2.24  1.90  1.87  1.74  1.61  1.40  1.89  2.00  2.07  1.95  2.26
SKEW      0.47  0.17  0.12  0.49  0.59  0.52  0.69  0.99  0.34 -0.07  0.21  0.27
% E       4.40  7.23  8.39  7.82  3.97  3.03  2.92  5.09  6.86  7.41  7.04  6.94
MEAN      4.70  4.75  4.36  4.05  3.55  3.40  3.86  4.31  5.12  5.25  4.89  4.92
STD DEV   2.27  2.27  2.05  1.87  1.69  1.56  1.59  1.88  2.11  2.20  2.01  2.13
SKEW      0.15  0.18  0.29  0.44  0.53  0.86  0.37  0.36  0.17 -0.01  0.13  0.01
% ESE    11.46 13.34 12.02 11.05  5.66  5.23  5.27  7.30  9.53 12.99 15.50 15.34
MEAN      5.19  4.89  4.44  4.27  3.99  4.07  4.19  4.90  5.40  5.80  5.65  5.50
STD DEV   2.24  2.21  2.04  1.96  1.70  1.77  1.80  2.08  2.16  2.22  2.22  2.26
SKEW      0.02  0.17  0.30  0.57  0.76  0.51  0.79  0.31  0.24  0.08  0.09  0.05
% SE     34.31 27.75 15.75 16.73 12.13 10.46 12.71 15.00 18.81 25.93 33.43 35.56
MEAN      5.58  5.32  4.66  4.53  4.64  4.52  5.24  5.88  6.36  6.99  6.71  6.00
STD DEV   2.40  2.43  2.22  2.12  2.10  2.07  2.21  2.30  2.39  2.46  2.39  2.33
SKEW      0.06  0.11  0.38  0.48  0.67  0.53  0.35  0.27  0.02 -0.05 -0.16 -0.06
% SSE    29.96 22.26 10.85 11.03 15.02 13.75 16.69 16.36 19.63 21.32 19.89 21.22
MEAN      5.57  5.17  5.08  5.25  5.84  5.86  6.34  6.59  7.31  7.54  7.04  6.16
STD DEV   2.36  2.42  2.35  2.45  2.46  2.51  2.45  2.52  2.60  2.63  2.45  2.45
SKEW      0.15  0.32  0.23  0.32  0.30  0.25  0.22  0.12  0.05 -0.03 -0.24  0.01
% S      10.74  9.66  5.33  4.79  9.44 11.52 10.24  8.82  8.72  6.82  4.64  6.33
MEAN      4.94  4.65  4.58  4.97  5.92  6.16  6.44  6.68  7.36  7.11  6.12  5.73
STD DEV   2.29  2.35  2.40  2.66  2.81  2.87  2.87  3.11  3.16  3.10  2.93  2.74
SKEW      0.40  0.54  0.51  0.59  0.54  0.37  0.29  0.39  0.15  0.30  0.37  0.38
% SSW     1.52  1.42  1.40  1.05  2.30  2.66  1.83  1.86  1.01  0.98  0.72  0.89
MEAN      3.63  3.56  3.54  2.81  4.30  4.47  4.77  4.74  4.50  4.18  3.10  3.53
STD DEV   1.84  1.70  3.05  1.24  2.18  2.18  2.16  2.35  2.14  2.33  1.53  1.67
SKEW      0.78  0.52  4.88  0.63  0.64  0.67  0.42  0.32  0.60  0.54  2.29  1.17
% SW      0.58  0.67  0.98  0.86  1.55  1.72  0.96  1.16  0.93  0.60  0.57  0.69
MEAN      2.75  2.35  2.67  2.99  2.93  2.98  2.98  3.56  3.08  3.57  2.93  2.94
STD DEV   0.96  1.15  1.07  1.53  1.31  1.33  1.30  1.60  1.88  1.29  1.73  1.20
SKEW      0.75  0.70  0.45  0.99  0.80  0.76  0.54  1.07  2.17  1.11  1.05  0.31
% WSW     0.25  0.51  0.97  0.79  1.09  1.33  1.10  1.02  0.57  0.67  0.39  0.37
MEAN      2.24  2.26  2.95  2.70  3.00  2.84  2.86  2.87  2.81  2.82  2.76  3.17
STD DEV   1.17  0.92  1.90  1.08  1.18  1.10  1.03  0.95  0.84  0.93  0.93  1.42
SKEW      1.27  0.74  2.83  0.29  0.40  0.66  0.18  1.06  0.54  0.42  0.47  1.85
% W       0.19  0.47  1.16  1.12  1.47  1.75  1.27  1.19  0.92  0.63  0.58  0.46
MEAN      2.02  2.12  3.55  2.79  3.18  3.51  3.04  3.23  3.21  2.82  2.43  3.01
STD DEV   0.32  0.81  2.15  1.21  1.36  1.44  1.20  1.37  1.21  0.93  1.15  1.02
SKEW      1.97  0.81  1.17  0.72  0.64  0.29  0.37  0.71  0.61  0.73  0.73  0.27
% WNW     0.20  0.54  1.85  1.93  3.29  2.81  2.67  2.01  1.38  0.89  0.88  0.49
MEAN      2.26  2.37  3.54  3.46  4.03  4.03  3.83  4.18  3.84  4.13  2.89  3.06
STD DEV   0.81  1.04  2.14  1.61  1.86  1.79  1.64  2.04  1.89  1.78  1.29  1.16
SKEW      2.53  0.93  2.31  0.85  0.94  0.53  0.56  0.56  0.60  0.32  0.73  0.45
% NW      0.47  1.50  7.32  8.18 10.40 10.48 10.15  7.41  4.30  2.40  2.09  1.08
MEAN      2.61  2.69  3.73  4.52  5.13  5.05  5.33  5.56  5.06  4.29  4.19  3.17
STD DEV   1.11  1.12  1.70  2.10  2.31  2.19  2.32  2.47  2.43  1.98  2.05  1.24
SKEW      0.37  0.63  0.86  0.74  0.81  0.51  0.56  0.38  0.62  0.32  0.57  0.91
% NNW     0.41  1.51  6.28  8.55 12.82 14.92 14.72  9.70  5.66  3.40  2.08  1.14
MEAN      2.39  2.72  4.03  4.66  5.73  5.51  5.89  6.06  6.04  5.52  4.61  2.94
STD DEV   1.10  1.05  1.99  2.18  2.56  2.41  2.39  2.61  2.59  2.44  2.13  1.20
SKEW      0.71  0.84  0.81  0.63  0.34  0.28  0.25  0.53  0.26  0.24  0.50  1.56
CALM      2.24  3.74  4.13  3.12  2.64  2.54  2.09  1.68  1.48  1.20  1.77  2.34
                                                                                
INTERPOLATED DATA (station & weighting factor)                                  
                                                                                
---Wind Stations---                                                             
BROWNSVILLE   TX    1.000  HARLINGEN     TX     .000  CORPUS CHRISTITX     .000 
