 Australia    Lorne (Lorne Road)                                                
 LATT= -31.66 LONG= 152.61 YEARS= 30. TYPE= 3
 ELEVATION =  180. TP5 = 2.80 TP6= 6.35
 MEAN P    .53   .61   .51   .44   .42   .48   .30   .31   .32   .35   .48   .42
 S DEV P   .95   .94   .85   .67   .73   .94   .64   .55   .51   .57   .72   .58
 SKEW  P  5.41  2.99  3.88  3.47  3.09  4.16  5.30  4.20  4.15  3.94  3.12  2.82
 P(W/W)    .60   .64   .63   .65   .59   .62   .55   .54   .49   .52   .59   .51
 P(W/D)    .27   .29   .30   .23   .24   .21   .18   .17   .18   .21   .28   .29
 TMAX AV 79.56 78.48 75.82 71.22 66.30 61.65 61.26 64.18 69.26 72.75 75.00 77.84
 TMIN AV 63.41 62.98 59.95 53.80 48.19 44.56 41.79 42.55 47.50 52.81 57.19 60.71
 SD TMAX  6.48  6.08  5.27  4.68  4.21  3.80  4.15  5.11  6.43  6.91  7.40  6.70
 SD TMIN  4.27  4.05  4.40  4.85  5.47  5.54  5.55  5.46  5.53  5.30  5.13  4.66
 SOL.RAD  507.  459.  394.  320.  253.  214.  245.  321.  411.  462.  491.  519.
 SD SOL  132.2 120.4 103.8  80.9  71.1  62.8  65.9  72.9  95.5 116.3 132.4 125.6
 MX .5 P  1.43  1.32  1.17   .71   .65   .79   .33   .40   .43   .57  1.08  1.05
 DEW PT  63.62 63.64 61.22 55.81 50.01 45.88 42.68 42.18 46.90 52.18 57.12 60.80
Time Pk   .200  .310  .400  .480  .560  .650  .720  .780  .840  .900  .960 1.000
% N       2.21  3.22  4.79  7.46  5.97  5.12  4.31  4.29  4.52  3.29  3.64  2.65
MEAN      2.93  3.25  3.47  3.52  3.45  3.52  3.58  3.70  3.71  3.70  3.54  3.34
STD DEV   1.18  1.47  1.65  1.52  1.44  1.49  1.44  1.56  1.47  1.55  1.51  1.43
SKEW      0.62  0.95  1.18  0.62  0.46  0.56  0.45  0.42  0.42  0.35  0.57  0.68
% NNE     2.59  3.73  7.85  8.51  5.14  4.74  3.28  3.24  3.10  2.09  2.80  2.91
MEAN      3.24  3.30  4.07  3.89  3.67  3.53  3.41  3.74  3.54  3.58  3.76  3.61
STD DEV   1.35  1.38  1.69  1.58  1.46  1.49  1.33  1.51  1.33  1.34  1.50  1.35
SKEW      0.55  0.76  0.82  0.62  0.60  0.59  0.42  0.51  0.38  0.35  0.44  0.22
% NE      4.56  7.21 14.69 16.08  7.75  7.15  4.65  4.37  3.50  3.35  4.65  4.50
MEAN      3.17  3.56  3.91  3.98  3.45  3.51  3.32  3.43  3.26  3.41  3.53  3.44
STD DEV   1.37  1.67  1.64  1.75  1.44  1.40  1.26  1.37  1.27  1.40  1.38  1.41
SKEW      0.76  1.00  0.64  0.89  0.64  0.49  0.33  0.47  0.56  0.56  0.59  0.54
% ENE     3.68  5.04  9.25  9.52  5.42  4.90  4.33  4.40  3.03  2.99  3.42  4.38
MEAN      3.47  3.50  3.96  4.10  3.44  3.42  3.43  3.95  3.63  3.64  3.83  3.71
STD DEV   1.51  1.44  1.61  1.66  1.37  1.31  1.42  1.45  1.37  1.39  1.56  1.42
SKEW      0.66  0.55  0.52  0.55  0.42  0.49  0.53  0.26  0.28  0.65  0.42  0.48
% E       5.80  6.28  8.72  7.21  5.17  5.20  4.29  5.01  4.46  5.14  5.58  6.36
MEAN      3.30  3.14  3.43  3.54  3.12  3.20  3.19  3.56  3.65  3.46  3.60  3.45
STD DEV   1.46  1.41  1.47  1.46  1.30  1.27  1.29  1.42  1.45  1.42  1.43  1.50
SKEW      0.89  0.75  0.67  0.46  0.71  0.58  0.58  0.39  0.53  0.47  0.50  0.87
% ESE     4.33  4.19  4.73  3.22  2.99  3.42  3.18  3.57  4.04  5.40  4.92  5.30
MEAN      3.26  3.12  3.47  3.40  3.21  3.12  3.04  3.48  3.86  3.90  3.66  3.57
STD DEV   1.37  1.29  1.52  1.41  1.22  1.21  1.35  1.24  1.54  1.53  1.43  1.41
SKEW      0.76  0.68  0.96  0.49  0.21  0.38  1.02  0.20  0.33  0.51  0.66  0.51
% SE      6.20  5.35  5.02  2.54  3.00  3.55  4.05  3.91  3.73  6.73  5.81  5.52
MEAN      3.01  2.99  3.22  3.08  3.20  3.23  3.12  3.68  3.75  3.64  3.23  3.31
STD DEV   1.29  1.31  1.33  1.22  1.29  1.44  1.35  1.58  1.62  1.51  1.29  1.36
SKEW      0.87  0.84  0.79  0.51  0.51  0.91  0.67  0.63  0.65  0.73  0.64  0.77
% SSE     4.97  4.03  3.03  1.53  2.45  3.30  4.06  3.51  3.53  5.79  3.98  3.84
MEAN      3.24  3.21  3.38  3.44  3.54  3.75  3.71  3.95  4.17  3.94  3.65  3.63
STD DEV   1.46  1.53  1.55  1.41  1.48  1.63  1.76  1.70  1.93  1.75  1.62  1.83
SKEW      0.85  0.93  0.96  0.44  0.48  0.71  0.66  0.45  0.87  0.67  0.74  1.29
% S       8.31  6.71  3.69  2.07  4.05  5.51  6.62  5.84  6.47  6.26  5.43  6.03
MEAN      3.13  3.07  3.23  3.53  3.73  4.22  3.90  4.27  4.40  4.09  3.51  3.19
STD DEV   1.43  1.47  1.62  1.62  1.64  1.89  1.84  1.91  2.04  1.97  1.59  1.47
SKEW      1.01  1.06  1.11  0.55  0.53  0.62  0.60  0.60  0.79  0.71  0.76  0.98
% SSW     6.41  4.70  2.54  1.19  3.72  3.85  6.57  6.26  7.60  6.88  5.12  5.31
MEAN      3.38  3.43  3.29  3.49  4.32  4.45  4.49  4.65  4.83  4.68  3.92  3.52
STD DEV   1.40  1.62  1.53  1.40  1.84  2.07  1.83  1.81  1.98  2.22  1.65  1.41
SKEW      0.81  0.96  1.18  0.45  0.49  0.55  0.35  0.29  0.56  0.71  0.57  0.69
% SW     10.17  7.82  4.09  2.12  4.11  4.23  6.78  8.10  8.93  8.45  8.60  9.64
MEAN      3.44  3.15  3.25  3.33  3.65  3.73  4.02  4.33  4.46  4.24  3.83  3.40
STD DEV   1.45  1.35  1.46  1.42  1.79  1.77  1.80  1.89  1.96  1.93  1.68  1.44
SKEW      0.89  0.75  0.73  0.41  0.94  0.95  0.62  0.78  0.69  0.67  0.71  0.79
% WSW     7.54  5.79  2.14  1.91  3.40  3.62  4.42  5.60  5.51  5.65  6.57  7.57
MEAN      3.68  3.41  3.15  3.76  4.12  4.09  4.25  4.44  4.54  4.43  3.96  3.74
STD DEV   1.45  1.36  1.27  1.85  1.97  1.86  1.94  1.92  2.02  1.88  1.59  1.48
SKEW      0.69  0.64  0.80  0.95  0.69  0.91  0.69  0.57  0.74  0.55  0.56  0.80
% W       6.43  5.47  2.64  2.87  5.23  5.32  4.92  5.97  5.64  5.31  6.50  7.53
MEAN      3.54  3.40  3.17  3.77  4.11  4.01  4.61  4.50  4.43  4.15  3.68  3.65
STD DEV   1.38  1.38  1.37  1.84  1.85  1.81  2.07  2.10  2.05  1.82  1.68  1.56
SKEW      0.46  0.48  0.51  0.80  0.61  0.72  0.60  0.68  0.63  0.63  0.86  0.81
% WNW     3.45  3.90  2.05  3.65  5.95  6.67  6.85  7.51  7.65  6.06  4.97  5.18
MEAN      3.61  3.45  3.29  3.86  4.64  4.44  4.83  4.83  5.13  4.60  4.03  3.69
STD DEV   1.41  1.43  1.31  1.66  2.00  1.93  2.20  2.06  2.21  2.03  1.67  1.38
SKEW      0.40  0.73  0.28  0.56  0.43  0.51  0.81  0.53  0.35  0.56  0.70  0.40
% NW      2.44  3.21  2.65  4.95  6.51  6.71  6.55  6.81  7.23  6.09  4.95  3.90
MEAN      3.15  3.11  3.18  3.52  3.98  3.85  4.48  4.48  4.43  4.26  3.61  3.33
STD DEV   1.30  1.24  1.37  1.55  1.75  1.73  1.90  1.92  1.96  1.86  1.57  1.33
SKEW      0.52  0.61  0.62  0.69  0.52  0.67  0.51  0.53  0.47  0.40  0.51  0.36
% NNW     1.37  2.11  2.18  3.69  4.70  4.51  4.39  4.12  4.89  3.41  3.50  2.20
MEAN      3.07  3.19  3.33  3.55  3.89  3.91  4.11  4.10  4.20  3.95  3.62  3.44
STD DEV   1.17  1.14  1.45  1.56  1.72  1.65  1.66  1.67  1.78  1.67  1.53  1.31
SKEW      0.45  0.30  0.84  0.78  0.57  0.39  0.46  0.22  0.44  0.34  0.62  0.54
CALM     19.59 21.30 19.89 21.40 24.46 22.26 20.84 17.51 16.23 17.08 19.55 17.19
                                                                                
INTERPOLATED DATA (station & weighting factor)                                  
                                                                                
---Wind Stations---                                                             
VALDOSTA/MOODYGA     .343  VALDOSTA      GA     .343  ALMA          GA     .314 
