 Australia    Andrews (Geralka)                                                 
 LATT= -33.62 LONG= 138.58 YEARS= 30. TYPE= 2
 ELEVATION = 1083. TP5 = 0.71 TP6= 2.90
 MEAN P    .33   .31   .25   .30   .23   .25   .22   .22   .26   .26   .29   .24
 S DEV P   .52   .47   .34   .44   .25   .29   .24   .22   .30   .32   .32   .29
 SKEW  P  2.36  2.80  2.53  4.21  1.91  2.43  2.22  2.09  3.04  3.13  1.70  2.27
 P(W/W)    .34   .36   .37   .41   .49   .60   .59   .60   .46   .45   .44   .35
 P(W/D)    .05   .05   .07   .12   .18   .26   .27   .25   .22   .15   .10   .10
 TMAX AV 85.70 84.81 79.30 72.19 64.08 57.80 56.63 58.50 64.22 70.91 77.22 81.21
 TMIN AV 62.42 62.49 57.91 52.34 47.43 43.38 42.17 42.46 45.72 49.90 55.21 58.77
 SD TMAX  9.92  9.52  8.97  8.02  6.23  4.50  4.65  6.01  8.14  9.46 10.28  9.88
 SD TMIN  8.09  7.81  7.36  6.45  5.77  5.47  4.98  5.43  6.16  7.30  8.29  8.09
 SOL.RAD  594.  533.  441.  326.  233.  191.  206.  277.  375.  478.  548.  586.
 SD SOL  111.1 103.3  93.2  76.8  57.1  45.4  53.8  65.3  86.1 101.0 110.4 118.6
 MX .5 P   .38   .34   .29   .24   .30   .26   .26   .26   .30   .31   .40   .41
 DEW PT  48.63 49.27 47.45 44.66 43.78 42.07 40.83 40.44 42.23 42.15 44.29 46.22
Time Pk   .120  .220  .320  .400  .480  .570  .650  .740  .820  .890  .960 1.000
% N       9.79  9.53  7.37  7.34  5.61  6.09  5.40  6.66  7.10  8.82  9.65 10.02
MEAN      4.15  3.55  3.69  3.31  3.10  3.46  3.45  3.92  3.80  4.74  4.23  4.21
STD DEV   2.15  1.70  1.88  1.64  1.48  1.64  2.01  2.19  1.83  2.39  2.07  2.29
SKEW      0.63  1.11  0.93  0.99  1.05  0.82  1.45  1.09  0.75  0.65  0.72  0.87
% NNE     7.44  6.27  5.98  5.23  4.98  4.97  5.88  6.88  7.00  7.26  7.63  7.28
MEAN      3.45  3.05  3.14  2.96  2.97  3.04  3.16  3.05  3.42  3.70  3.44  3.73
STD DEV   1.79  1.43  1.51  1.50  1.32  1.38  1.47  1.48  1.59  1.82  1.54  2.15
SKEW      1.12  0.86  0.95  1.41  0.73  0.90  1.14  1.01  0.88  0.80  0.83  1.27
% NE      3.76  3.83  4.18  5.15  4.87  5.16  6.02  5.31  4.59  4.62  4.19  4.46
MEAN      2.38  2.40  2.43  2.37  2.53  2.61  2.72  2.52  2.77  2.81  2.65  2.63
STD DEV   0.93  1.01  1.02  0.96  1.04  1.08  1.16  1.09  1.27  1.48  1.16  1.08
SKEW      0.29  0.65  1.13  1.14  0.81  1.04  1.29  0.96  1.31  1.67  1.15  1.03
% ENE     2.41  2.63  2.31  3.27  4.48  5.30  4.34  4.29  4.20  3.65  3.49  2.09
MEAN      2.34  2.40  2.41  2.38  2.49  2.51  2.52  2.56  2.59  2.50  2.56  2.47
STD DEV   0.77  0.87  0.81  0.85  0.95  0.89  0.96  1.06  0.99  0.94  1.02  0.84
SKEW      0.55  0.77  0.96  0.89  0.83  0.69  1.31  1.27  1.18  0.71  1.39  0.42
% E       1.18  1.34  1.89  2.29  2.42  3.52  2.22  2.19  2.99  2.28  1.82  1.41
MEAN      2.20  2.08  2.17  2.25  2.28  2.36  2.41  2.31  2.46  2.22  2.25  2.17
STD DEV   0.74  0.74  0.72  0.81  0.84  0.88  0.99  0.73  1.08  0.89  0.80  0.74
SKEW      0.51  0.51  0.53  0.88  0.59  0.79  1.27  0.68  1.45  0.89  0.69  0.22
% ESE     1.01  1.26  1.80  1.76  2.23  2.74  2.23  2.57  2.36  1.94  1.58  0.98
MEAN      2.48  2.38  2.24  2.52  2.62  2.74  2.73  2.73  2.57  2.69  2.67  2.56
STD DEV   0.95  0.87  0.75  0.92  1.15  1.18  1.42  1.28  1.01  1.48  1.29  0.82
SKEW      0.55  0.65  0.63  1.18  1.64  1.23  1.72  1.64  1.24  2.35  1.14  0.33
% SE      2.66  3.06  4.59  4.92  5.75  5.57  6.65  5.54  4.51  3.73  2.80  2.72
MEAN      3.19  2.73  2.68  2.79  4.52  4.02  4.43  4.11  4.24  3.60  2.93  2.73
STD DEV   1.76  1.59  1.34  1.56  3.59  2.49  2.71  2.69  2.56  2.22  1.61  1.41
SKEW      0.85  2.15  1.84  1.70  1.46  1.79  1.65  1.58  1.21  1.00  1.36  1.55
% SSE     7.31  9.16  8.76  9.01 10.44 10.66 13.14 10.89  9.17  7.73  6.48  5.90
MEAN      3.66  3.89  3.53  4.79  6.10  6.08  6.45  5.10  6.31  5.38  4.16  3.42
STD DEV   1.83  1.91  1.81  3.24  3.53  3.87  3.88  3.16  3.85  3.32  2.16  1.73
SKEW      0.81  1.05  0.76  1.53  0.58  0.90  0.77  1.12  0.66  0.98  0.66  1.25
% S       4.57  5.14  5.28  6.14  7.67  6.48  8.17  5.74  5.77  5.55  4.18  4.89
MEAN      3.95  4.09  3.46  4.36  5.71  5.72  6.40  5.48  5.47  4.74  3.97  3.56
STD DEV   1.98  2.00  1.83  2.70  3.03  3.33  3.22  3.11  2.87  2.51  2.04  1.91
SKEW      0.62  0.31  0.64  1.15  0.83  0.68  0.56  0.60  0.81  0.72  0.73  0.73
% SSW     3.67  3.93  3.76  4.69  5.03  4.75  7.41  4.49  5.53  5.21  3.97  3.03
MEAN      3.09  3.18  2.81  4.13  5.00  5.17  6.31  4.73  5.14  4.67  3.46  3.35
STD DEV   1.29  1.28  1.28  2.78  3.02  2.89  3.66  2.74  3.02  2.63  1.67  1.58
SKEW      0.74  0.55  0.90  1.45  1.45  0.80  1.54  0.87  1.00  1.05  0.91  0.67
% SW      2.98  2.97  2.98  3.10  3.63  4.00  4.59  3.55  3.74  3.20  2.79  2.33
MEAN      2.72  2.74  2.60  2.48  3.48  3.56  4.79  3.03  3.99  3.19  2.84  2.69
STD DEV   1.07  1.05  1.13  1.26  2.01  1.87  2.45  1.70  2.45  1.89  1.20  1.19
SKEW      0.36  0.47  1.29  1.24  1.79  1.49  0.97  1.53  1.15  1.47  0.68  1.15
% WSW     3.16  3.00  2.54  2.21  2.41  2.79  3.59  2.82  3.88  2.72  3.18  2.83
MEAN      3.01  2.83  2.59  2.78  3.35  4.07  4.25  3.27  4.27  3.17  3.23  2.97
STD DEV   1.35  1.10  1.04  1.39  1.61  1.98  2.24  1.54  2.39  1.62  1.62  1.23
SKEW      0.71  0.55  0.89  1.22  1.11  0.95  1.12  0.95  1.02  1.39  1.03  0.87
% W       3.95  3.61  2.86  2.21  2.05  2.13  1.88  2.15  2.69  2.83  3.55  4.31
MEAN      3.42  3.08  2.66  2.69  2.77  3.72  3.55  3.07  3.96  3.36  3.44  3.26
STD DEV   1.49  1.56  1.28  1.28  1.38  1.79  1.71  1.71  2.13  1.88  1.79  1.55
SKEW      0.66  0.81  1.33  1.27  1.05  0.81  1.12  1.45  0.87  0.77  0.77  0.67
% WNW     8.23  7.72  5.81  3.94  2.19  1.94  2.28  3.55  5.66  7.38  7.80  9.26
MEAN      4.13  4.01  3.69  3.47  3.17  4.01  4.50  3.82  5.09  4.86  5.01  4.54
STD DEV   1.78  1.93  1.87  1.83  1.52  2.00  2.28  2.27  2.67  2.60  2.67  2.23
SKEW      0.48  0.85  1.05  1.16  1.02  1.06  0.81  1.38  0.70  1.19  0.76  0.97
% NW      9.25  7.99  7.22  5.04  3.23  2.74  2.66  4.91  7.26  9.05 10.95 10.72
MEAN      4.98  4.43  4.55  3.91  3.20  3.81  3.58  4.65  5.31  5.13  5.91  5.08
STD DEV   2.68  2.35  2.75  2.41  1.63  2.22  1.82  2.41  2.55  2.77  2.91  2.69
SKEW      0.63  0.74  0.96  1.31  1.43  1.24  0.90  0.84  0.64  0.89  0.44  0.76
% NNW    13.92 10.21  9.15  6.60  4.23  3.42  3.23  6.31  8.30 10.09 12.62 13.72
MEAN      5.52  4.92  4.25  3.79  3.59  3.62  3.99  4.42  4.75  5.12  5.68  5.72
STD DEV   2.50  2.39  2.17  2.01  1.78  1.86  1.89  2.23  2.16  2.53  2.37  2.50
SKEW      0.30  0.50  0.68  1.36  0.81  1.13  0.84  1.06  0.61  0.75  0.32  0.37
CALM     14.73 18.34 23.47 27.09 28.83 27.71 20.45 22.14 15.37 13.96 13.43 13.94
                                                                                
INTERPOLATED DATA (station & weighting factor)                                  
                                                                                
---Wind Stations---                                                             
CRESCENT CITY CA     .350  MONTAGUE      CA     .325  MEDFORD       OR     .325 
