 Australia    Batlow Post Office                                                
 LATT= -35.52 LONG= 148.15 YEARS= 30. TYPE= 2
 ELEVATION = 2559. TP5 = 1.29 TP6= 5.04
 MEAN P    .52   .51   .54   .49   .50   .45   .44   .42   .47   .45   .51   .50
 S DEV P   .61   .56   .67   .61   .58   .49   .48   .48   .54   .60   .59   .63
 SKEW  P  2.23  1.77  2.94  3.05  2.66  1.73  2.00  2.39  2.38  2.62  2.04  2.31
 P(W/W)    .30   .37   .39   .43   .51   .52   .61   .55   .49   .54   .42   .38
 P(W/D)    .13   .12   .11   .13   .16   .22   .24   .27   .24   .20   .18   .14
 TMAX AV 82.37 80.83 75.40 67.15 58.53 52.03 50.11 52.70 58.46 65.45 71.95 77.38
 TMIN AV 57.36 56.69 51.49 44.47 38.98 36.16 34.75 35.06 38.65 43.28 48.82 53.14
 SD TMAX  7.87  7.35  7.06  6.41  5.53  4.45  4.12  5.48  6.17  7.28  8.11  7.80
 SD TMIN  6.55  6.13  6.49  6.42  6.73  6.32  5.90  5.92  6.67  7.02  7.31  6.76
 SOL.RAD  603.  529.  442.  323.  226.  170.  182.  250.  354.  473.  550.  598.
 SD SOL  124.7 115.5 100.5  80.5  65.6  59.5  63.4  80.6 100.6 115.6 123.4 126.2
 MX .5 P   .80   .56   .53   .38   .42   .42   .46   .50   .54   .62   .78   .77
 DEW PT  53.14 53.48 50.05 45.75 41.95 39.31 37.82 37.99 41.42 44.51 48.38 50.31
Time Pk   .070  .150  .240  .320  .400  .510  .600  .690  .780  .860  .940 1.000
% N       1.24  1.62  4.12  6.32  6.79  6.20  6.17  5.90  5.41  5.05  4.69  2.98
MEAN      2.84  2.77  3.79  4.25  4.06  3.77  4.65  4.38  4.87  4.09  4.34  3.97
STD DEV   1.36  1.02  2.23  2.58  2.46  2.19  3.07  2.63  3.08  2.48  2.31  2.26
SKEW      0.87  0.58  1.43  1.01  1.21  1.22  1.13  0.99  1.23  1.19  0.73  1.43
% NNE     1.75  1.08  1.78  2.24  2.18  2.35  2.20  2.22  1.98  1.87  2.10  1.95
MEAN      2.51  2.44  2.86  3.31  2.68  2.82  2.71  3.33  3.46  3.02  3.29  3.50
STD DEV   0.70  1.06  1.51  1.79  1.34  1.43  1.40  1.88  1.95  1.67  1.55  1.98
SKEW      0.57  0.61  1.52  0.97  1.58  1.40  1.64  1.36  1.50  1.43  0.63  0.85
% NE      1.39  1.30  1.57  1.39  1.43  1.75  1.33  1.52  1.03  1.31  1.28  1.30
MEAN      2.51  2.21  2.37  2.33  2.24  2.43  2.30  2.48  2.63  2.35  2.93  2.99
STD DEV   0.97  0.78  0.99  1.09  0.82  1.08  0.88  1.04  1.22  1.07  1.30  1.69
SKEW      0.83  0.27  1.05  1.17  0.67  1.18  0.82  1.02  0.79  1.69  0.47  0.78
% ENE     1.64  1.54  1.33  1.04  1.12  1.29  0.97  1.13  0.90  1.19  1.03  1.48
MEAN      1.85  2.49  2.35  2.13  2.18  2.30  2.33  2.40  2.62  2.25  2.49  2.32
STD DEV   0.66  0.53  0.88  0.72  0.73  1.02  0.89  0.89  1.23  0.76  0.81  0.99
SKEW      0.86  0.72  0.48  0.30  0.47  0.79  0.66  0.62  1.25  0.79 -0.08  0.79
% E       3.96  5.23  3.02  2.59  2.46  2.28  2.01  3.00  2.15  2.88  3.13  2.95
MEAN      2.70  2.88  2.36  2.21  2.32  2.26  2.30  2.42  2.34  2.31  2.62  2.73
STD DEV   0.95  1.34  0.93  0.80  0.85  0.86  0.85  0.87  0.94  0.92  1.12  1.10
SKEW     -0.54  0.65  0.68  0.54  0.55  0.51  0.40  0.57  0.58  0.58  0.63  0.41
% ESE    10.11  9.05  7.95  5.48  4.79  4.81  4.08  5.04  4.94  6.16  6.31  7.89
MEAN      3.30  3.45  2.95  2.70  2.87  2.95  2.99  3.12  3.17  3.13  3.24  3.23
STD DEV   1.36  1.44  1.15  1.07  1.22  1.37  1.24  1.38  1.35  1.33  1.30  1.36
SKEW      0.55  0.58  0.67  0.72  0.81  1.36  0.86  0.86  0.75  1.28  0.46  0.61
% SE     10.60 10.81 10.82  8.09  8.12  8.94  8.75  9.49 10.31 10.34 10.17 10.04
MEAN      3.67  3.60  3.34  3.27  3.76  4.18  4.16  4.11  4.06  3.66  3.58  3.59
STD DEV   1.49  1.52  1.40  1.57  2.09  2.63  2.31  2.27  2.23  1.73  1.44  1.42
SKEW      0.48  0.52  0.63  1.62  1.52  1.63  1.42  1.53  1.74  1.34  0.50  0.59
% SSE    14.86 13.79 11.64  8.64 10.26 12.93 14.89 12.10 13.25 11.63 11.37 13.17
MEAN      3.56  3.61  3.48  4.21  5.32  5.85  6.24  5.42  5.07  4.05  3.90  3.66
STD DEV   1.31  1.52  1.52  2.28  3.08  3.58  3.60  3.04  2.78  2.00  1.65  1.37
SKEW      0.44  0.76  1.46  1.68  1.14  1.17  0.94  0.93  1.27  1.30  0.83  0.49
% S      16.47 15.14 10.08  6.97  5.77  6.46  7.96  7.73  9.98  9.75 12.21 14.25
MEAN      3.76  3.68  3.34  3.62  4.31  4.40  4.55  4.37  4.16  3.87  3.80  4.13
STD DEV   1.55  1.57  1.42  2.05  2.68  2.71  2.87  2.55  2.29  1.82  1.61  1.68
SKEW      0.65  0.63  0.61  2.02  1.42  1.20  1.25  1.21  1.36  0.81  0.59  0.52
% SSW    10.82  9.97  7.22  5.22  3.33  3.29  3.30  3.98  6.39  7.23  8.83  9.70
MEAN      3.88  3.74  3.39  3.88  3.65  4.46  4.22  4.01  4.16  3.96  4.14  4.30
STD DEV   1.57  1.54  1.51  2.12  2.12  2.86  2.49  2.06  1.97  1.86  1.82  1.73
SKEW      0.55  0.92  0.79  1.00  1.03  1.24  1.15  0.93  0.66  0.75  0.66  0.42
% SW      7.93  7.00  5.69  3.77  2.75  2.28  2.24  3.01  4.36  5.52  7.21  7.44
MEAN      3.77  3.49  3.37  3.30  3.02  3.71  3.53  3.72  3.90  3.75  4.07  4.12
STD DEV   1.64  1.38  1.63  1.87  1.60  2.53  2.16  2.03  2.05  1.95  1.84  1.84
SKEW      0.64  0.47  1.05  1.37  1.29  1.38  1.41  0.95  0.98  1.25  0.70  0.70
% WSW     3.46  3.85  4.68  4.80  5.38  3.64  3.77  4.95  4.83  4.59  4.84  4.41
MEAN      3.52  3.44  3.18  2.87  2.96  3.05  3.21  3.32  3.98  3.61  3.93  3.67
STD DEV   1.47  1.60  1.44  1.44  1.68  1.56  1.66  1.81  2.04  1.84  1.90  1.74
SKEW      0.62  0.82  0.96  1.31  1.92  1.73  0.99  1.84  0.87  0.93  1.01  0.96
% W       2.68  3.04  3.36  3.74  3.63  2.50  2.08  3.03  2.70  3.25  3.37  3.07
MEAN      2.99  2.82  2.67  2.43  2.45  2.54  2.65  2.66  3.08  3.02  3.24  3.15
STD DEV   1.21  1.08  1.15  1.11  1.06  1.29  1.41  1.14  1.64  1.61  1.50  1.35
SKEW      0.92  0.58  1.41  1.62  1.83  1.48  1.73  1.12  1.23  1.48  1.33  0.74
% WNW     2.19  2.67  3.66  4.05  3.54  3.48  3.75  3.66  3.77  3.57  3.45  3.15
MEAN      3.05  2.69  2.71  2.71  2.53  2.54  2.65  2.74  3.16  2.98  3.54  3.21
STD DEV   1.06  0.98  1.05  1.32  1.02  1.00  1.18  1.25  1.45  1.26  1.61  1.26
SKEW      0.36  0.79  0.60  1.25  0.88  0.68  1.09  1.34  0.96  1.00  1.08  0.64
% NW      2.07  2.53  4.08  4.97  4.62  4.69  4.99  5.08  4.78  4.75  4.65  3.28
MEAN      2.94  2.86  3.10  3.39  3.00  3.12  3.46  3.51  3.83  3.51  3.84  3.61
STD DEV   1.10  1.09  1.32  1.93  1.51  1.68  1.97  1.87  1.95  1.82  2.01  1.72
SKEW      0.42  0.55  0.96  1.35  1.24  1.49  1.53  1.12  0.81  1.41  1.17  0.91
% NNW     2.00  2.15  5.15  8.45  9.33  8.56 10.73  8.89  9.92  8.00  6.55  5.24
MEAN      3.36  3.06  4.09  4.75  4.68  3.86  4.94  4.71  5.33  4.73  4.98  4.72
STD DEV   1.38  1.28  2.38  2.94  2.83  2.15  3.11  2.63  2.76  2.57  2.51  2.49
SKEW      0.71  0.99  1.51  1.01  1.04  1.21  1.23  1.01  0.71  0.98  0.72  0.91
CALM      6.83  9.28 13.89 22.21 24.41 24.58 20.67 19.27 13.30 12.94  8.73  7.71
                                                                                
INTERPOLATED DATA (station & weighting factor)                                  
                                                                                
---Wind Stations---                                                             
SACRAMENTO/MA.CA     .340  SACRAMENTO/MC.CA     .340  WILLIAMS      CA     .321 
