 Australia    Warrambine No 2                                                   
 LATT= -37.88 LONG= 143.90 YEARS= 30. TYPE= 3
 ELEVATION =  863. TP5 = 2.72 TP6= 5.92
 MEAN P    .25   .36   .22   .21   .20   .18   .16   .19   .21   .28   .31   .29
 S DEV P   .30   .45   .25   .22   .21   .19   .15   .17   .20   .30   .36   .36
 SKEW  P  2.56  2.83  2.63  2.68  2.83  3.05  2.46  2.18  2.18  2.45  2.46  3.10
 P(W/W)    .36   .36   .40   .43   .46   .46   .46   .51   .55   .48   .44   .43
 P(W/D)    .14   .11   .14   .17   .24   .32   .32   .32   .33   .24   .18   .15
 TMAX AV 76.43 76.06 71.53 64.54 57.82 52.79 51.62 53.39 57.47 62.70 67.74 72.24
 TMIN AV 54.23 54.82 52.26 47.99 44.96 42.02 40.99 41.10 43.03 45.04 48.28 50.88
 SD TMAX 10.31  9.88  9.39  7.56  5.21  3.60  3.43  4.72  6.17  8.46  9.65 10.17
 SD TMIN  7.55  6.98  6.71  6.12  5.28  4.55  4.19  4.76  5.64  6.57  7.22  7.21
 SOL.RAD  547.  488.  385.  268.  184.  145.  160.  227.  316.  412.  486.  540.
 SD SOL  117.2 107.9  94.9  75.1  55.9  44.8  50.1  64.7  85.2 105.5 117.0 123.9
 MX .5 P   .60   .44   .38   .27   .30   .19   .21   .25   .28   .41   .54   .48
 DEW PT  50.31 51.30 49.02 46.13 44.51 42.51 41.08 40.70 42.23 43.72 46.69 47.91
Time Pk   .070  .150  .240  .320  .400  .510  .600  .690  .780  .860  .940 1.000
% N       4.97  6.63  9.58  8.16  6.40  6.72  6.89  7.51  5.80  4.77  5.56  4.52
MEAN      3.03  3.06  3.40  3.75  3.66  4.23  4.39  3.86  3.67  3.70  3.24  3.17
STD DEV   1.27  1.35  1.38  1.69  1.52  1.81  1.74  1.74  1.45  1.67  1.45  1.32
SKEW      0.80  1.03  0.67  0.80  0.44  0.55  0.29  0.66  0.23  0.64  0.85  0.56
% NNE     3.70  4.01  5.39  4.15  3.21  3.57  3.73  4.02  3.06  2.90  2.94  2.53
MEAN      3.03  3.15  3.53  3.84  3.69  4.08  4.13  3.83  3.62  3.84  3.42  3.05
STD DEV   1.30  1.27  1.46  1.73  1.56  1.60  1.47  1.51  1.33  1.56  1.54  1.17
SKEW      0.94  0.47  0.63  0.71  0.39  0.31  0.04  0.30  0.21  0.47  0.68  0.37
% NE      5.74  5.91  7.34  5.62  3.67  3.95  3.24  5.24  3.90  4.04  4.58  3.74
MEAN      2.60  2.89  2.94  3.05  3.09  3.47  3.38  3.24  3.26  3.27  2.88  2.74
STD DEV   0.99  1.17  1.19  1.44  1.39  1.59  1.46  1.40  1.35  1.33  1.27  1.07
SKEW      1.24  0.82  0.87  0.98  0.83  0.82  0.48  0.82  0.60  0.55  0.93  0.93
% ENE     1.89  2.67  2.98  2.83  1.23  1.98  1.90  2.13  2.27  1.96  1.75  2.00
MEAN      2.68  2.72  2.84  2.88  2.72  3.26  3.41  3.18  3.09  2.84  2.79  2.57
STD DEV   1.07  1.20  1.21  1.19  1.03  1.33  1.31  1.17  1.25  1.09  1.12  0.96
SKEW      1.03  1.27  0.99  1.18  0.98  0.60  0.31  0.67  0.71  0.64  0.99  0.87
% E       4.46  6.57  8.33  7.56  6.18  6.00  4.02  5.76  4.96  5.35  4.50  4.98
MEAN      2.53  2.66  2.93  2.63  2.93  3.11  2.96  3.09  3.24  2.98  2.59  2.58
STD DEV   1.00  1.11  1.24  1.01  1.20  1.37  1.18  1.31  1.52  1.18  0.99  1.00
SKEW      1.09  1.26  0.98  1.11  0.90  1.19  0.75  0.86  1.03  0.84  1.20  1.27
% ESE     4.47  4.77  6.77  6.16  3.45  6.26  5.24  6.14  6.23  4.99  4.68  5.37
MEAN      2.84  2.79  3.32  3.56  3.20  3.76  3.40  3.68  3.84  3.52  2.99  3.02
STD DEV   1.17  1.15  1.33  1.48  1.28  1.59  1.38  1.45  1.73  1.50  1.25  1.31
SKEW      0.93  1.02  0.72  0.61  0.69  0.65  0.71  0.54  1.07  0.68  0.89  1.02
% SE     10.39 10.08 11.49 11.20 10.28 12.81 11.14  9.36 10.09  9.52  9.13 11.03
MEAN      2.96  2.89  3.29  3.33  3.59  4.15  4.03  3.97  4.20  3.57  3.30  3.14
STD DEV   1.27  1.19  1.55  1.54  1.77  1.96  1.73  1.93  1.97  1.57  1.57  1.39
SKEW      0.87  0.99  1.23  1.14  1.19  0.88  0.87  1.05  0.85  0.76  1.05  0.89
% SSE     5.26  3.60  3.94  4.09  5.76  6.82  7.84  5.85  6.27  7.00  5.40  4.50
MEAN      3.13  2.91  3.48  3.99  4.71  5.06  4.91  4.94  5.26  4.63  3.74  3.42
STD DEV   1.33  1.23  1.48  1.60  2.26  2.41  1.94  2.11  2.68  2.31  1.65  1.35
SKEW      0.79  0.62  0.67  0.51  0.72  1.02  0.46  0.52  1.50  1.22  0.66  0.43
% S       8.12  6.58  5.27  4.31  7.13  7.76 13.41  8.92 11.02 11.95  9.14  7.02
MEAN      3.01  2.99  3.33  3.44  4.30  4.75  5.24  5.03  5.05  4.64  3.93  3.34
STD DEV   1.26  1.41  1.49  1.46  1.97  2.27  2.10  2.22  2.28  2.00  1.84  1.46
SKEW      0.72  1.26  0.81  0.62  0.56  0.66  0.57  0.65  0.62  0.59  0.71  0.80
% SSW     4.27  3.05  2.03  1.76  2.58  2.80  4.17  3.42  3.46  4.68  4.45  4.26
MEAN      3.20  3.10  3.10  3.80  4.15  4.37  5.27  5.33  4.81  4.71  4.38  3.72
STD DEV   1.28  1.37  1.22  1.69  1.64  2.04  2.05  2.40  2.24  1.87  2.05  1.50
SKEW      0.58  0.87  0.32  0.57  0.35  0.79  0.27  0.40  0.62  0.38  0.52  0.46
% SW      6.97  5.39  3.03  2.98  3.93  3.75  3.61  4.74  3.95  5.35  5.75  7.58
MEAN      3.17  3.03  3.15  3.26  3.91  3.85  4.33  4.38  4.22  4.29  3.78  3.53
STD DEV   1.36  1.27  1.40  1.51  1.78  2.00  2.00  2.02  1.95  1.87  1.87  1.61
SKEW      0.72  0.81  0.76  0.85  0.54  0.98  0.75  0.56  0.71  0.35  0.81  0.69
% WSW     4.58  3.19  1.47  1.74  2.16  2.52  2.02  2.98  3.39  3.48  3.33  4.07
MEAN      3.52  3.42  3.29  3.30  3.75  4.32  4.09  4.53  4.77  5.27  4.05  3.66
STD DEV   1.45  1.47  1.47  1.51  1.68  1.94  1.89  2.16  2.03  2.58  1.95  1.62
SKEW      0.42  0.73  0.61  0.80  0.82  0.44  0.77  0.84  0.35  0.67  0.77  0.54
% W       5.39  4.83  2.17  3.37  5.59  5.14  4.44  4.84  5.22  5.03  5.55  5.53
MEAN      3.31  3.22  2.99  3.59  4.43  4.50  4.31  4.53  4.97  5.11  3.76  3.66
STD DEV   1.54  1.35  1.37  1.55  2.14  2.16  2.04  2.24  2.46  2.42  1.89  1.68
SKEW      0.68  0.55  0.81  0.45  0.73  0.63  0.48  0.72  0.46  0.31  1.01  0.49
% WNW     3.71  3.25  2.10  2.40  5.75  5.48  4.74  5.99  6.55  5.56  4.52  4.51
MEAN      3.52  3.20  3.13  4.20  4.89  5.07  5.20  5.19  5.54  5.22  4.09  4.00
STD DEV   1.47  1.27  1.35  1.99  2.16  2.01  1.94  2.24  2.59  2.11  1.93  1.76
SKEW      0.72  0.46  0.88  0.59  0.52  0.17  0.35  0.54  0.59  0.45  0.69  0.73
% NW      5.01  8.14  6.68  8.38 11.65  9.12  9.68 10.39 11.08 10.10  7.86  6.70
MEAN      2.99  3.11  3.19  3.72  4.39  4.67  4.90  4.76  4.86  4.57  3.76  3.46
STD DEV   1.29  1.42  1.46  1.82  2.01  2.15  2.12  2.21  2.14  2.07  1.87  1.51
SKEW      1.02  1.10  0.94  1.02  0.66  0.55  0.32  0.56  0.39  0.50  0.72  0.71
% NNW     3.14  3.14  4.05  4.59  5.02  5.03  5.96  5.20  4.52  4.29  3.16  4.20
MEAN      3.02  3.02  3.23  3.67  4.32  4.65  4.69  4.58  4.56  4.38  3.58  3.26
STD DEV   1.36  1.30  1.30  1.57  1.80  2.34  1.89  2.05  1.89  1.76  1.58  1.33
SKEW      0.98  0.56  0.66  0.62  0.45  1.39  0.28  0.96  0.37  0.32  0.48  0.61
CALM     17.93 18.12 17.33 20.76 16.06 10.40  8.00  7.53  8.31  9.10 17.72 17.56
                                                                                
INTERPOLATED DATA (station & weighting factor)                                  
                                                                                
---Wind Stations---                                                             
MUSCLE SHOALS AL     .672  HUNTSVILLE    AL     .180  COLUMBUS      MS     .149 
