 Australia    Port Kenny                                                        
 LATT= -33.17 LONG= 134.69 YEARS= 30. TYPE= 1
 ELEVATION =    7. TP5 = 1.22 TP6= 5.34
 MEAN P    .25   .23   .15   .16   .15   .18   .18   .15   .17   .17   .15   .22
 S DEV P   .54   .38   .21   .23   .16   .20   .18   .16   .19   .23   .17   .28
 SKEW  P  5.85  3.19  2.68  3.82  2.05  2.32  2.13  2.02  2.28  2.91  1.95  2.68
 P(W/W)    .19   .28   .26   .38   .50   .54   .59   .58   .41   .36   .32   .34
 P(W/D)    .07   .06   .09   .12   .18   .25   .25   .25   .20   .15   .12   .09
 TMAX AV 83.87 83.74 79.60 74.67 68.06 62.58 61.62 63.56 68.48 73.71 77.96 80.96
 TMIN AV 62.12 62.05 58.76 54.30 50.62 47.17 46.15 46.53 49.05 52.69 56.48 59.46
 SD TMAX 11.22 10.59  9.36  7.66  5.96  3.93  4.20  5.74  8.13 10.25 10.97 11.04
 SD TMIN  7.20  6.58  6.76  6.34  5.71  5.42  4.77  5.28  6.00  7.02  7.28  7.19
 SOL.RAD  631.  572.  465.  345.  247.  210.  228.  307.  417.  512.  587.  623.
 SD SOL  121.5 112.6 106.6  84.7  70.2  52.2  59.3  75.7  98.4 109.7 121.2 129.3
 MX .5 P   .28   .28   .27   .22   .29   .28   .30   .27   .30   .32   .36   .38
 DEW PT  52.68 53.57 51.77 48.61 46.70 44.74 43.54 43.01 43.97 44.15 47.37 49.92
Time Pk   .070  .170  .260  .360  .450  .540  .620  .700  .780  .860  .940 1.000
% N       5.67  5.13  4.43  4.81  3.51  5.27  3.84  3.70  4.00  2.90  4.07  4.58
MEAN      2.94  2.94  2.76  3.72  2.72  3.57  2.80  3.25  3.71  2.22  3.19  4.08
STD DEV   1.43  0.91  0.97  2.17  1.45  2.08  1.59  1.79  1.68  1.11  1.73  1.76
SKEW      0.70  0.41  0.54  0.85  0.84  1.05  1.27  0.74  0.29  0.53  1.40  0.36
% NNE     1.72  1.39  1.20  2.20  1.99  2.63  3.06  1.86  1.76  0.98  1.14  1.74
MEAN      2.16  1.80  2.57  3.63  3.65  3.60  3.24  3.06  3.35  2.85  2.79  3.62
STD DEV   0.56  0.45  0.69  2.15  1.96  1.84  1.61  1.76  1.68  1.16  0.79  1.30
SKEW      0.41  0.56  0.81  0.52  0.58  1.02  0.72  0.55  0.33  1.10  1.02  1.06
% NE      0.81  0.81  0.86  1.05  3.12  5.38  3.87  2.79  2.05  0.75  0.73  0.87
MEAN      1.60  1.21  1.33  2.12  3.23  3.03  2.89  3.24  3.16  2.09  1.91  3.65
STD DEV   0.35  0.42  0.67  0.91  1.86  1.51  1.50  1.85  1.49  0.68  0.41  1.25
SKEW      1.03  0.28  1.04  0.86  1.32  0.89  0.65  1.10  0.66  1.40  0.27  0.01
% ENE     0.36  0.45  0.49  0.86  2.29  4.48  3.00  2.33  1.13  0.79  0.51  0.48
MEAN      1.24  1.16  1.18  1.19  2.68  2.91  2.77  2.78  3.53  1.28  1.14  1.19
STD DEV   0.31  0.38  0.37  0.42  1.52  1.06  1.43  1.24  0.57  0.39  0.36  0.38
SKEW      0.42  0.06  0.12  0.72  1.02  0.62  0.47  0.58  0.53  0.22  0.14  0.10
% E       0.56  0.69  0.81  1.81  2.88  5.94  4.40  3.09  1.83  1.48  0.93  0.83
MEAN      1.15  1.57  1.23  2.08  2.38  2.62  2.44  2.40  2.57  2.25  1.77  1.64
STD DEV   0.41  0.44  0.41  0.98  1.01  1.12  1.22  1.09  0.58  0.54  0.51  0.48
SKEW      0.14  0.46  0.30  1.11  0.78  0.41  0.98  0.81  0.68  0.65  0.66  0.56
% ESE     0.44  0.62  1.07  1.54  3.11  3.36  3.00  3.49  2.26  1.42  1.07  0.87
MEAN      1.30  1.39  2.17  2.33  2.77  2.66  2.50  3.14  2.42  2.67  2.71  2.14
STD DEV   0.43  0.44  0.53  0.73  1.32  1.24  1.39  1.78  1.06  0.69  0.56  0.57
SKEW      0.79  0.63  0.47  0.57  0.79  1.03  1.17  0.71  0.52  0.48  0.47  0.40
% SE      0.89  1.17  1.73  4.00  6.12  8.68 10.49  7.37  4.77  2.88  2.96  1.44
MEAN      1.47  2.60  2.55  3.81  3.36  3.36  3.91  3.79  3.94  4.30  2.66  2.29
STD DEV   0.50  0.62  0.69  1.98  1.95  1.95  1.95  2.13  2.05  1.15  1.30  0.68
SKEW      0.41  0.37  0.59  0.67  1.10  1.17  0.63  0.71  1.02  0.55  1.03  0.53
% SSE     0.76  1.11  1.57  4.14  6.28  6.42  9.39  6.27  4.16  3.03  2.06  1.50
MEAN      3.68  2.73  2.46  4.79  4.40  4.06  4.73  4.42  5.02  3.47  3.83  2.73
STD DEV   0.59  0.73  0.96  2.70  2.71  2.37  2.76  2.53  2.33  1.37  2.14  0.84
SKEW      0.73  0.29  0.83  0.89  0.68  0.78  0.80  0.62  0.52  0.33  0.45  0.84
% S       0.89  2.02  2.43  4.05  4.84  5.77  6.04  6.05  4.67  3.28  3.08  2.17
MEAN      2.10  2.40  2.55  3.14  2.92  3.16  3.46  3.27  3.66  3.57  3.48  2.75
STD DEV   0.73  1.09  1.24  2.15  1.68  2.15  2.13  2.11  2.07  1.96  2.05  1.31
SKEW      0.99  0.69  1.12  1.74  1.06  1.48  1.30  1.36  1.12  1.10  1.16  1.00
% SSW     0.98  1.54  1.77  2.76  3.13  3.12  3.22  3.10  3.36  2.58  2.98  2.05
MEAN      2.44  2.60  2.65  3.00  2.89  3.18  3.17  3.55  3.51  3.37  3.11  2.93
STD DEV   0.67  1.22  1.16  2.00  1.68  2.13  1.97  1.93  1.99  2.08  1.59  1.49
SKEW      0.33  0.68  0.97  1.80  1.08  1.39  1.64  0.96  0.65  1.23  0.99  1.25
% SW      3.89  3.90  4.39  3.69  4.90  3.78  3.97  4.98  5.46  6.05  5.90  5.51
MEAN      3.20  3.03  2.77  3.31  3.31  2.34  2.92  2.72  3.26  3.72  3.86  3.62
STD DEV   1.51  1.28  1.20  1.67  2.00  1.34  1.52  1.36  1.49  1.91  1.86  1.80
SKEW      0.77  0.63  0.68  0.89  1.01  1.84  0.95  1.15  0.67  0.87  0.53  0.79
% WSW     6.83  8.89  8.01  5.59  4.51  3.46  3.60  4.92  6.45 10.61  9.19 11.08
MEAN      3.88  4.17  3.73  3.06  2.78  3.08  3.11  3.35  3.87  4.23  4.62  4.62
STD DEV   1.93  1.67  1.52  1.47  1.62  1.49  1.63  1.48  1.80  1.80  2.03  1.83
SKEW      2.11  0.21  0.64  0.86  1.20  0.81  0.98  1.11  0.66  0.50  0.29  0.34
% W      20.16 22.12 18.53 14.22 12.32  7.26  7.42 12.78 19.54 25.26 24.97 22.53
MEAN      4.26  4.32  4.16  3.59  3.03  3.05  3.48  3.65  4.61  4.69  4.98  4.93
STD DEV   1.68  1.67  1.66  1.70  1.48  1.41  1.85  1.78  1.96  1.93  2.07  2.01
SKEW      0.63  0.48  0.38  0.80  1.08  0.97  1.03  1.04  0.41  0.41  0.27  0.32
% WNW    28.20 25.53 25.71 18.70  9.42  5.32  7.98 10.47 16.03 19.28 20.28 22.90
MEAN      4.43  4.42  4.03  3.95  3.21  3.45  3.50  3.68  4.73  4.89  5.04  4.97
STD DEV   1.63  1.61  1.58  1.74  1.56  1.75  1.80  1.74  2.10  2.08  2.09  1.84
SKEW      0.26  0.24  0.33  0.78  1.19  0.89  0.93  0.88  0.50  0.72  0.31  0.31
% NW     12.91  9.01  9.38  9.26  5.84  6.50  6.45  6.67  6.77  6.42  8.30  9.21
MEAN      4.26  3.85  3.74  3.51  2.89  3.13  3.27  3.44  4.15  4.06  4.28  4.49
STD DEV   1.86  1.79  1.74  1.65  1.49  1.88  1.62  1.56  1.74  1.56  1.85  2.00
SKEW      0.29  0.44  0.49  0.66  1.02  1.26  0.92  0.51  0.31  0.45  0.22  0.37
% NNW     8.54  7.31  6.77  5.57  3.65  3.62  3.10  4.07  4.49  4.36  5.29  6.20
MEAN      3.90  3.48  3.28  3.61  3.35  3.78  2.65  3.27  4.26  3.94  3.94  3.87
STD DEV   1.63  1.50  1.47  1.69  1.17  1.87  1.38  1.60  1.96  1.11  1.73  1.88
SKEW      0.45  0.66  0.82  0.64  0.20  0.82  1.04  0.61  0.35  0.35  0.25  0.38
CALM      6.38  8.28 10.98 15.64 22.09 19.04 17.13 16.13 11.29  7.87  6.56  6.06
                                                                                
INTERPOLATED DATA (station & weighting factor)                                  
                                                                                
---Wind Stations---                                                             
OAKLAND       CA     .398  OAKLAND       CA     .398  SUNNYVALE/MOF.CA     .205 
