 Australia    Numeralla (Glocca Morra)                                          
 LATT= -36.18 LONG= 149.35 YEARS= 30. TYPE= 3
 ELEVATION = 2461. TP5 = 1.98 TP6= 6.61
 MEAN P    .39   .47   .38   .29   .24   .38   .22   .23   .25   .26   .36   .43
 S DEV P   .40   .51   .44   .29   .31   .64   .28   .22   .27   .26   .36   .46
 SKEW  P  1.68  2.81  2.96  2.02  2.90  2.97  2.28  1.66  2.23  2.13  2.46  2.59
 P(W/W)    .37   .47   .45   .35   .35   .44   .41   .29   .34   .40   .44   .35
 P(W/D)    .14   .09   .11   .10   .11   .13   .10   .11   .13   .13   .13   .12
 TMAX AV 76.34 74.22 69.92 63.26 56.29 49.99 48.92 51.44 57.38 63.16 67.96 72.73
 TMIN AV 54.80 54.22 50.45 44.40 38.77 35.63 33.93 34.84 38.66 42.99 47.65 51.59
 SD TMAX  8.56  7.99  7.12  6.36  5.25  4.13  3.87  5.25  6.58  7.64  8.41  7.87
 SD TMIN  6.11  5.70  5.77  5.67  5.91  5.12  4.86  5.04  6.15  6.59  6.76  6.19
 SOL.RAD  550.  477.  405.  302.  228.  178.  207.  277.  370.  458.  514.  558.
 SD SOL  134.0 119.6 104.5  77.6  61.8  54.3  54.1  68.9  93.5 112.3 127.3 130.3
 MX .5 P   .69   .41   .36   .20   .17   .20   .10   .13   .18   .29   .44   .56
 DEW PT  51.43 51.92 48.65 43.32 38.42 35.31 32.88 32.81 36.35 40.00 44.79 47.83
Time Pk   .070  .150  .240  .320  .400  .510  .600  .690  .780  .860  .940 1.000
% N       1.22  1.46  2.41  3.73  5.16  5.45  5.20  5.89  4.60  4.02  2.58  2.14
MEAN      3.96  3.80  4.74  4.88  5.22  5.45  5.40  5.89  6.21  5.74  5.25  5.43
STD DEV   1.99  1.90  2.65  2.59  2.78  2.77  2.75  2.77  2.90  2.61  2.55  2.75
SKEW      0.63  0.87  0.93  0.73  0.77  0.70  0.63  0.41  0.42  0.47  0.68  0.63
% NNE     1.50  2.18  3.65  4.21  5.37  4.67  4.63  5.16  4.41  4.44  3.08  1.87
MEAN      4.83  4.56  5.30  5.60  5.99  5.73  5.72  6.38  6.69  6.40  5.74  4.99
STD DEV   2.13  2.03  2.48  2.52  2.70  2.48  2.78  2.89  2.95  2.65  2.64  2.27
SKEW      0.39  0.50  0.62  0.46  0.38  0.43  0.54  0.40  0.30  0.39  0.51  0.59
% NE      2.99  3.70  6.47  6.35  6.02  5.94  6.17  6.17  5.65  5.41  4.22  2.72
MEAN      4.84  4.55  5.06  5.70  5.70  5.67  5.71  6.20  6.52  6.38  5.88  5.51
STD DEV   2.16  2.06  2.27  2.58  2.62  2.54  2.66  2.74  2.64  2.77  2.74  2.33
SKEW      0.63  0.63  0.46  0.32  0.38  0.44  0.54  0.39  0.23  0.55  0.50  0.41
% ENE     4.25  4.46  6.40  5.44  4.34  3.89  4.85  5.77  5.37  6.15  4.84  4.00
MEAN      4.96  4.92  4.92  5.18  5.30  5.17  5.24  5.50  5.97  6.02  5.86  5.50
STD DEV   2.10  1.97  1.98  2.17  2.23  2.30  2.23  2.32  2.35  2.32  2.48  2.23
SKEW      0.58  0.53  0.46  0.50  0.52  0.54  0.69  0.68  0.44  0.48  0.67  0.50
% E       5.51  5.70  6.85  4.61  3.58  2.98  3.72  5.20  5.31  6.00  6.12  5.41
MEAN      4.64  4.39  4.22  4.30  4.10  4.06  4.48  4.69  5.25  5.48  5.17  4.97
STD DEV   1.97  1.92  1.76  1.87  1.83  1.77  1.91  1.97  2.13  2.20  2.14  1.99
SKEW      0.69  0.79  0.51  0.55  0.59  0.66  0.48  0.46  0.60  0.40  0.52  0.52
% ESE     5.78  6.26  5.43  3.68  2.22  1.52  2.07  3.21  3.66  4.43  5.31  5.82
MEAN      4.55  4.30  4.17  4.03  4.06  3.56  4.10  4.56  4.96  5.26  5.13  4.99
STD DEV   1.69  1.65  1.54  1.51  1.54  1.37  1.52  1.88  1.93  1.98  1.99  1.92
SKEW      0.44  0.63  0.37  0.48  0.47  0.23  0.51  0.58  0.43  0.40  0.54  0.59
% SE     11.16 10.96  9.01  5.83  3.17  2.48  2.89  4.03  4.61  5.17  7.95 10.45
MEAN      4.66  4.31  4.17  4.33  3.99  3.70  3.94  4.38  4.97  5.49  5.34  5.21
STD DEV   1.78  1.68  1.61  1.80  1.78  1.59  1.60  1.85  1.99  2.34  2.26  2.05
SKEW      0.44  0.56  0.47  0.66  0.91  0.71  0.59  0.55  0.45  0.47  0.69  0.48
% SSE    19.56 15.92 13.27  9.84  6.12  4.89  5.07  6.00  7.47  8.71 14.02 18.47
MEAN      5.20  4.57  4.78  4.87  4.55  4.34  4.37  4.72  5.58  6.10  6.16  6.07
STD DEV   1.91  1.73  1.88  2.04  2.10  1.94  1.88  2.09  2.47  2.62  2.43  2.23
SKEW      0.34  0.57  0.47  0.65  1.03  0.93  0.70  0.92  0.67  0.63  0.47  0.34
% S      25.94 23.03 19.82 19.01 15.40 13.91 13.34 12.29 14.53 15.56 19.23 24.84
MEAN      5.57  5.00  5.27  5.41  5.10  5.14  4.94  5.57  6.36  6.52  6.48  6.60
STD DEV   2.05  1.95  2.08  2.23  2.19  2.24  2.11  2.45  2.54  2.61  2.41  2.28
SKEW      0.26  0.37  0.35  0.54  0.71  0.64  0.65  0.59  0.46  0.27  0.23  0.11
% SSW     8.08  8.44  7.55  8.62  9.32  9.70  9.68  7.99  8.08  7.52  7.85  8.48
MEAN      5.30  4.92  5.11  5.22  5.07  5.37  5.27  5.59  6.04  6.16  6.06  6.25
STD DEV   1.96  1.88  2.07  2.15  2.19  2.21  2.16  2.28  2.44  2.48  2.28  2.20
SKEW      0.27  0.26  0.37  0.45  0.59  0.44  0.48  0.37  0.42  0.34  0.33  0.10
% SW      2.87  3.89  3.94  6.03  8.76  9.16  8.74  7.79  6.95  6.08  5.33  3.83
MEAN      4.55  4.46  4.69  4.78  5.08  5.09  5.27  5.38  5.93  6.02  5.74  5.56
STD DEV   2.10  1.87  2.10  2.11  2.23  2.27  2.45  2.36  2.56  2.63  2.46  2.19
SKEW      0.61  0.46  0.51  0.47  0.61  0.61  0.64  0.45  0.62  0.46  0.44  0.22
% WSW     0.96  1.42  1.76  3.65  6.29  7.36  6.57  6.40  6.63  6.53  4.31  1.92
MEAN      3.80  3.89  4.53  4.82  5.53  5.60  5.76  6.18  6.96  7.07  6.31  5.28
STD DEV   1.53  1.83  2.16  2.26  2.69  2.86  2.68  2.96  3.31  3.15  2.74  2.34
SKEW      0.41  0.65  0.60  0.69  0.82  0.87  0.50  0.60  0.61  0.46  0.61  0.48
% W       0.99  1.04  1.35  3.12  5.58  6.23  6.23  5.99  6.62  6.17  3.93  1.58
MEAN      3.33  3.42  3.90  4.28  5.48  5.54  5.92  6.45  7.24  7.08  6.00  5.10
STD DEV   1.50  1.70  2.01  2.22  2.90  3.15  3.42  3.59  3.72  3.50  2.79  2.34
SKEW      0.83  1.21  0.62  0.79  0.76  1.02  0.87  0.75  0.64  0.58  0.50  0.51
% WNW     0.54  0.68  0.83  1.68  3.18  4.55  3.68  3.65  4.08  3.50  2.06  0.95
MEAN      3.17  3.74  3.36  4.20  5.36  5.53  5.67  6.26  7.18  7.24  5.28  4.21
STD DEV   1.23  1.70  1.77  2.18  2.98  3.04  3.05  3.47  3.48  3.50  2.44  1.94
SKEW      0.42  0.45  0.65  0.76  0.85  0.84  0.60  0.82  0.42  0.67  0.52  0.81
% NW      0.63  0.63  0.80  1.78  2.90  3.65  3.64  3.43  3.17  2.55  1.76  0.86
MEAN      3.27  2.85  3.18  3.78  4.49  4.57  4.64  5.19  6.29  5.33  4.71  4.04
STD DEV   1.49  1.24  1.34  2.04  2.52  2.52  2.45  2.97  3.23  2.66  2.18  1.90
SKEW      1.01  0.59  0.33  1.14  1.01  0.91  0.73  0.98  0.61  0.81  0.76  0.81
% NNW     0.54  0.64  0.85  1.86  2.83  3.22  3.38  3.15  2.75  2.13  1.53  0.88
MEAN      3.55  3.21  3.70  4.11  4.51  4.76  5.06  5.29  6.13  5.52  4.59  4.35
STD DEV   1.63  1.51  1.90  2.35  2.52  2.41  2.55  2.85  2.89  2.63  1.94  2.18
SKEW      0.80  0.54  0.86  1.26  1.03  0.77  0.83  0.77  0.50  0.53  0.75  1.52
CALM      7.56  9.61  9.68 10.64  9.70 10.38 10.16  7.94  6.15  5.69  5.83  5.76
                                                                                
INTERPOLATED DATA (station & weighting factor)                                  
                                                                                
---Wind Stations---                                                             
BIG SPRINGS   TX     .415  MIDLAND       TX     .309  LUBBOCK/REESE TX     .276 
