 Australia    Macumba                                                           
 LATT= -27.25 LONG= 135.65 YEARS= 30. TYPE= 4
 ELEVATION =  394. TP5 = 2.63 TP6= 7.62
 MEAN P    .58   .42   .61   .38   .27   .23   .26   .30   .21   .25   .26   .40
 S DEV P   .81   .55   .68   .37   .17   .26   .30   .49   .24   .19   .26   .50
 SKEW  P  2.38  2.90  1.71  1.83   .45  1.97  3.33  3.32  1.37   .58  1.91  2.80
 P(W/W)    .31   .45   .24   .28   .21   .28   .35   .14   .17   .14   .27   .31
 P(W/D)    .03   .04   .02   .02   .04   .03   .03   .02   .03   .05   .05   .05
 TMAX AV100.47 97.67 91.99 83.72 74.17 67.16 67.57 72.07 80.67 86.84 92.52 96.29
 TMIN AV 76.41 74.33 68.22 59.81 51.51 45.43 44.48 47.23 54.76 61.23 67.85 72.32
 SD TMAX  7.99  8.43  8.05  7.26  6.77  5.73  6.49  7.41  9.21  9.75  9.33  8.63
 SD TMIN  7.02  7.04  7.13  6.72  6.57  6.52  6.15  6.72  7.60  7.96  7.70  7.19
 SOL.RAD  626.  582.  513.  400.  318.  273.  302.  384.  477.  558.  595.  614.
 SD SOL  113.0 112.4  88.2  80.9  58.5  52.2  58.6  63.4  81.4 110.0 115.5 126.1
 MX .5 P   .56   .49   .44   .33   .31   .27   .20   .19   .28   .36   .43   .53
 DEW PT  47.45 48.83 46.31 43.02 41.50 39.38 36.14 33.51 34.97 36.95 41.34 44.66
Time Pk   .160  .260  .350  .430  .520  .610  .690  .760  .840  .900  .950 1.000
% N       0.58  1.87  7.31  9.97 12.69 13.39 12.80 10.67  8.36  4.60  3.94  1.07
MEAN      3.37  3.57  4.99  5.32  6.23  6.04  6.16  6.62  6.80  6.94  5.78  4.06
STD DEV   1.34  1.65  2.10  2.29  2.84  2.60  2.73  2.79  2.87  2.79  2.43  1.49
SKEW      0.14  0.81  0.57  0.34  0.37  0.33  0.33  0.32  0.30  0.03  0.27  0.28
% NNE     0.62  1.88  8.03  9.66 10.94 10.83 10.83  9.46  7.45  5.33  3.11  1.26
MEAN      3.41  4.25  5.29  5.48  6.09  5.81  5.80  6.03  6.44  6.71  5.92  4.46
STD DEV   1.40  1.71  2.05  2.18  2.70  2.48  2.54  2.39  2.57  2.43  2.46  1.70
SKEW      0.18  0.42  0.44  0.47  0.43  0.39  0.43  0.43  0.32  0.01  0.31  0.11
% NE      0.73  1.89  6.86  6.67  7.73  6.86  7.77  6.79  5.56  4.48  2.51  1.62
MEAN      4.00  4.05  5.08  5.11  5.26  4.69  5.00  5.35  5.66  5.61  4.97  4.65
STD DEV   1.73  1.60  2.07  2.13  2.29  2.17  2.19  2.12  2.33  2.24  2.01  1.81
SKEW      0.69  0.33  0.45  0.45  0.53  0.71  0.49  0.23  0.34  0.12  0.28  0.13
% ENE     1.05  2.82  7.51  5.23  4.50  3.93  4.34  5.48  6.36  4.86  3.42  2.10
MEAN      4.63  4.97  5.22  4.97  4.57  4.30  4.73  5.18  5.69  5.82  5.61  5.06
STD DEV   2.01  1.86  1.94  1.97  1.83  1.83  2.03  2.15  2.17  2.13  2.11  1.75
SKEW      0.17  0.09  0.31  0.26  0.23  0.40  0.55  0.52  0.14  0.17  0.45 -0.01
% E       4.13  7.79 12.14  9.21  4.46  4.82  3.99  6.07  8.60  8.43  6.95  6.02
MEAN      5.09  5.32  5.02  4.51  4.06  3.82  3.90  4.60  5.18  5.50  5.33  5.13
STD DEV   2.02  1.98  2.12  1.81  1.70  1.58  1.57  1.97  2.11  1.99  1.96  1.96
SKEW      0.00 -0.02  1.15  0.28  0.42  0.47  0.36  0.48  0.24  0.09  0.17  0.20
% ESE     9.76 12.32 11.43 10.27  4.21  4.17  3.26  6.40  9.27 13.28 13.48 13.42
MEAN      5.94  5.52  4.94  4.69  4.32  4.03  4.40  4.83  5.34  5.96  5.92  5.90
STD DEV   2.01  1.99  1.86  1.87  1.66  1.73  1.71  1.96  2.06  2.12  2.07  2.12
SKEW     -0.20 -0.08  0.18  0.31  0.35  0.66  0.36  0.41  0.36  0.15  0.08  0.06
% SE     28.61 24.12 16.09 15.45  9.87  8.21  9.70 12.85 17.54 25.14 32.27 32.23
MEAN      6.41  5.92  5.26  5.01  5.25  4.85  5.66  6.28  6.54  7.16  6.76  6.51
STD DEV   2.28  2.33  2.18  2.18  2.19  2.19  2.32  2.56  2.53  2.43  2.37  2.30
SKEW      0.01  0.09  0.37  0.50  0.28  0.55  0.28  0.20  0.17 -0.01 -0.01 -0.07
% SSE    30.42 21.66 10.21 10.92 14.14 13.16 16.35 15.32 18.64 19.96 21.24 26.50
MEAN      6.26  5.94  5.53  5.69  6.44  6.39  6.83  7.06  7.68  7.83  7.15  6.58
STD DEV   2.40  2.48  2.34  2.39  2.50  2.53  2.51  2.67  2.70  2.65  2.52  2.38
SKEW      0.25  0.26  0.34  0.39  0.17  0.17  0.16  0.13  0.05  0.01 -0.02 -0.03
% S      15.00 12.52  6.04  5.02  9.51  9.31  9.27  7.31  6.04  5.04  5.40  7.97
MEAN      4.85  4.90  4.74  4.91  5.95  5.85  6.24  5.97  6.63  6.40  5.98  5.28
STD DEV   2.10  2.17  2.21  2.22  2.62  2.56  2.66  2.45  2.86  2.75  2.59  2.32
SKEW      0.54  0.44  0.54  0.54  0.43  0.31  0.39  0.29  0.21  0.17  0.27  0.45
% SSW     3.15  3.70  2.10  1.71  3.06  3.27  2.53  2.31  1.39  1.07  0.87  1.62
MEAN      4.03  3.92  4.03  3.76  4.81  4.89  4.87  5.20  5.08  4.65  4.26  4.33
STD DEV   1.78  1.89  1.91  1.73  2.26  2.39  2.17  2.25  2.41  1.76  2.05  1.95
SKEW      0.68  0.66  0.73  0.80  0.43  0.56  0.56  0.39  0.34  0.33  0.73  0.70
% SW      1.55  1.59  1.28  1.29  1.68  1.99  1.39  1.49  0.79  0.74  0.68  0.88
MEAN      3.04  2.92  3.02  3.04  3.31  3.60  3.72  4.04  3.68  3.91  2.97  3.13
STD DEV   1.29  1.29  1.31  1.28  1.38  1.66  1.62  1.84  1.73  1.64  1.16  1.33
SKEW      0.67  0.40  0.69  0.48  0.63  0.47  0.65  0.53  0.33  0.61  0.73  0.75
% WSW     0.56  0.80  0.70  0.70  1.04  1.22  0.91  0.96  0.51  0.54  0.41  0.41
MEAN      2.80  3.04  2.59  2.96  3.10  3.25  3.18  3.53  3.75  3.64  3.01  2.58
STD DEV   1.06  1.25  1.01  1.13  1.20  1.40  1.25  1.52  1.49  1.41  1.04  0.87
SKEW      0.31  0.53  0.66  0.81  0.28  0.38  0.53  0.42  0.14  0.24  0.25  0.79
% W       0.49  0.81  1.27  1.21  1.53  1.88  1.53  1.37  0.76  0.63  0.65  0.64
MEAN      2.55  2.65  2.93  2.77  2.96  3.15  3.64  3.86  3.84  3.04  2.83  2.47
STD DEV   0.78  1.16  1.99  1.08  1.24  1.43  1.63  1.92  1.87  1.42  0.84  0.95
SKEW      0.79  0.56  1.93  0.47  0.71  0.73  0.60  1.10  0.85  0.51 -0.41  0.40
% WNW     0.26  0.48  0.79  1.23  1.54  1.85  1.81  1.56  0.89  0.58  0.54  0.48
MEAN      2.21  2.54  3.59  3.31  3.90  4.66  4.64  4.93  5.59  3.96  3.33  2.44
STD DEV   0.60  0.75  2.77  1.80  1.81  2.69  2.61  2.60  3.05  2.12  1.34  0.72
SKEW     -0.05  0.23  1.26  1.34  0.53  0.92  1.11  0.76  0.51  1.13  0.66  0.40
% NW      0.32  0.89  1.60  2.51  3.50  4.46  3.65  3.50  2.07  1.57  0.93  0.76
MEAN      2.05  2.64  3.93  3.90  4.58  5.06  5.68  6.35  5.97  5.33  4.04  3.51
STD DEV   0.79  1.14  2.62  2.02  2.31  2.60  3.12  3.15  3.12  2.56  1.79  1.39
SKEW      0.34  0.63  1.54  0.91  0.65  0.66  0.84  0.40  0.44  0.48  0.40  0.57
% NNW     0.27  1.07  2.70  4.86  6.52  7.51  7.36  6.56  4.02  2.59  1.76  0.77
MEAN      2.86  3.12  4.34  5.34  5.87  5.91  6.01  6.49  7.06  6.37  5.55  3.78
STD DEV   1.17  1.19  1.91  2.61  2.64  2.79  2.56  2.89  3.18  2.68  2.57  1.44
SKEW      0.11  0.59  0.91  0.60  0.52  0.42  0.33  0.41  0.29  0.12  0.41  0.32
CALM      2.44  3.77  4.01  4.06  3.05  3.06  2.50  1.90  1.71  1.11  1.86  2.27
                                                                                
INTERPOLATED DATA (station & weighting factor)                                  
                                                                                
---Wind Stations---                                                             
CORPUS CHRISTITX     .335  CORPUS CHRISTITX     .335  CORPUS CHRISTITX     .331 
