 Australia    Peterborough                                                      
 LATT= -32.97 LONG= 138.84 YEARS= 30. TYPE= 3
 ELEVATION = 1752. TP5 = 1.81 TP6= 3.66
 MEAN P    .24   .32   .17   .16   .13   .10   .11   .12   .14   .20   .17   .27
 S DEV P   .34   .41   .24   .22   .20   .15   .14   .13   .17   .31   .25   .34
 SKEW  P  2.14  2.17  4.34  2.79  2.83  3.92  2.58  2.01  2.30  3.69  3.14  2.30
 P(W/W)    .30   .37   .28   .26   .45   .40   .49   .48   .44   .33   .34   .23
 P(W/D)    .07   .05   .05   .08   .15   .17   .21   .23   .17   .11   .11   .06
 TMAX AV 87.13 85.52 79.62 72.13 63.55 57.16 56.43 59.28 66.01 72.66 78.56 82.78
 TMIN AV 61.83 61.48 56.32 50.12 44.89 40.97 39.67 40.32 44.20 48.83 54.45 58.24
 SD TMAX  9.24  9.05  8.51  7.65  6.17  4.48  4.85  6.28  8.38  9.30  9.72  9.25
 SD TMIN  7.52  7.26  6.79  6.07  5.71  5.81  5.21  5.73  6.23  7.01  7.75  7.59
 SOL.RAD  604.  542.  457.  340.  245.  199.  217.  295.  399.  502.  562.  606.
 SD SOL  115.6 105.2  94.4  80.0  60.4  50.6  60.2  69.5  90.2 104.2 117.4 118.5
 MX .5 P   .31   .29   .16   .10   .20   .12   .21   .22   .24   .20   .30   .29
 DEW PT  47.30 48.20 46.26 43.20 42.09 40.19 38.54 37.49 39.05 39.34 42.28 44.54
Time Pk   .120  .220  .320  .400  .480  .570  .650  .740  .820  .890  .960 1.000
% N       1.94  2.38  4.69  7.48  9.94 10.16  9.89  9.62  7.09  5.26  3.30  2.30
MEAN      2.59  2.29  2.70  3.04  3.82  4.01  3.51  3.84  3.84  3.30  3.05  2.78
STD DEV   1.42  1.05  1.56  1.74  2.45  2.28  2.11  2.36  2.42  1.88  1.72  1.70
SKEW      1.14  0.91  1.45  1.29  1.27  0.70  0.95  0.89  1.00  1.02  1.05  1.11
% NNE     1.83  2.52  3.21  4.72  6.31  6.05  5.67  5.78  4.33  3.27  2.79  1.85
MEAN      2.75  2.73  2.50  2.82  3.26  2.99  2.93  3.24  3.04  2.99  2.77  2.54
STD DEV   1.36  1.52  1.17  1.37  1.82  1.51  1.64  1.99  1.72  1.67  1.35  1.28
SKEW      0.78  0.98  1.16  1.04  1.11  1.03  1.58  1.37  1.14  1.18  0.92  1.08
% NE      2.03  2.36  3.72  4.73  4.89  4.62  4.15  4.16  2.82  2.77  2.09  1.48
MEAN      2.66  2.64  2.37  2.41  2.64  2.44  2.24  2.39  2.29  2.39  2.32  2.15
STD DEV   1.59  1.51  1.33  1.10  1.31  1.14  1.04  1.19  1.04  1.05  1.16  1.09
SKEW      1.56  1.28  1.60  0.71  1.20  1.09  1.15  1.23  0.93  0.65  1.17  1.63
% ENE     1.57  2.12  2.74  3.32  3.73  3.35  3.03  3.13  1.87  1.70  1.09  1.00
MEAN      2.92  2.82  2.78  3.10  2.91  2.68  2.62  2.68  2.29  2.65  2.64  2.29
STD DEV   1.51  1.45  1.34  1.67  1.49  1.23  1.31  1.37  0.92  1.42  1.39  1.17
SKEW      1.01  0.88  0.87  0.88  1.00  1.19  1.13  1.14  0.87  0.90  0.78  1.12
% E       2.09  2.72  3.03  3.36  3.17  3.33  3.27  2.90  2.12  1.88  1.57  1.30
MEAN      2.71  2.99  2.78  2.81  2.52  2.36  2.26  2.40  2.13  2.26  2.30  2.25
STD DEV   1.34  1.69  1.61  1.75  1.47  1.26  1.07  1.24  0.86  1.03  0.97  1.20
SKEW      0.82  0.93  1.03  1.17  1.39  1.17  0.89  1.07  0.78  1.18  1.19  1.62
% ESE     3.17  3.91  4.53  3.81  3.83  3.98  4.38  3.52  2.64  2.60  1.94  1.91
MEAN      3.43  3.13  2.99  2.79  2.65  2.52  2.55  2.46  2.34  2.68  2.68  2.46
STD DEV   1.67  1.63  1.49  1.40  1.35  1.23  1.17  1.21  1.07  1.25  1.31  1.25
SKEW      0.56  1.20  0.82  0.98  1.02  1.23  0.92  1.18  0.91  0.81  0.89  1.57
% SE      6.69  7.53  7.45  7.00  5.96  5.81  6.26  5.54  4.94  4.93  4.65  5.54
MEAN      3.57  3.38  2.92  2.76  2.60  2.55  2.69  2.62  2.72  2.94  2.90  3.08
STD DEV   1.85  1.67  1.53  1.19  1.18  1.17  1.19  1.15  1.25  1.25  1.30  1.46
SKEW      1.05  0.90  1.26  0.61  0.68  0.77  0.54  0.87  0.69  0.55  0.61  0.61
% SSE    13.24 13.49  9.41  7.97  6.98  6.70  8.11  6.49  7.45  9.24  8.60 11.31
MEAN      4.13  4.05  3.40  3.20  3.12  3.10  3.14  3.09  3.43  3.69  3.58  3.93
STD DEV   1.91  1.92  1.51  1.29  1.46  1.40  1.39  1.41  1.56  1.55  1.58  1.64
SKEW      0.78  1.01  0.71  0.34  0.55  0.56  0.63  0.68  0.83  0.65  0.85  0.90
% S      10.73  9.82  7.24  4.56  3.62  2.98  3.84  4.25  5.02  5.46  7.61  8.49
MEAN      3.80  3.63  3.21  2.93  2.63  2.91  3.05  2.79  3.46  3.64  3.64  3.92
STD DEV   1.70  1.62  1.50  1.41  1.32  1.84  1.64  1.43  2.01  1.82  1.73  1.90
SKEW      0.62  0.72  0.55  0.73  1.31  1.24  0.98  0.92  0.95  0.66  0.79  0.82
% SSW    10.60  9.41  5.93  4.43  2.92  2.77  3.87  4.05  7.04  8.11  8.97 10.13
MEAN      4.77  4.44  3.98  3.84  3.48  3.52  3.79  3.77  4.70  4.72  4.78  4.91
STD DEV   1.95  1.94  1.83  2.03  1.91  2.20  2.18  2.12  2.32  2.18  2.12  2.14
SKEW      0.54  0.45  0.58  0.89  0.72  0.91  0.99  0.90  0.45  0.61  0.43  0.49
% SW     10.97  9.62  8.35  5.53  3.94  3.58  3.93  5.32  7.98  9.27 11.23 11.61
MEAN      4.33  4.01  3.53  3.45  3.15  2.97  3.45  3.48  4.46  4.42  4.71  4.77
STD DEV   1.91  1.75  1.84  1.96  1.88  1.81  2.05  1.89  2.44  2.34  2.33  2.30
SKEW      0.52  0.59  0.92  1.04  1.18  1.51  1.25  0.85  0.71  0.76  0.53  0.50
% WSW     9.19  8.83  7.51  6.19  4.53  4.88  5.42  6.31 10.19 10.93 11.79 11.75
MEAN      4.33  4.01  3.77  3.63  3.34  3.63  3.58  3.93  4.74  4.75  4.85  4.74
STD DEV   1.81  1.63  1.80  2.00  1.77  2.09  1.86  2.30  2.44  2.41  2.18  2.18
SKEW      0.64  0.45  0.90  1.03  0.92  1.15  0.93  1.05  0.65  0.72  0.51  0.56
% W       7.81  6.65  7.03  5.50  4.24  4.44  4.24  4.70  6.47  7.61  9.51  8.73
MEAN      3.57  3.29  3.17  2.91  2.79  2.93  2.89  3.14  3.88  4.12  3.90  3.55
STD DEV   1.55  1.44  1.55  1.43  1.38  1.70  1.56  1.70  2.29  2.50  2.05  1.52
SKEW      0.35  0.51  0.93  0.79  0.86  1.18  1.08  1.33  0.97  1.06  0.85  0.37
% WNW     3.95  3.67  3.83  4.15  3.78  3.80  3.75  4.65  4.80  5.15  5.67  4.65
MEAN      3.13  2.84  2.89  3.19  3.03  3.01  3.19  3.69  3.58  3.70  3.74  3.31
STD DEV   1.30  1.27  1.20  1.60  1.61  1.68  1.88  2.37  1.97  1.95  1.78  1.48
SKEW      0.57  0.62  0.64  0.84  1.05  1.38  1.28  1.32  0.96  0.99  0.82  0.87
% NW      2.16  2.44  3.16  4.56  4.78  4.92  5.17  4.57  3.63  3.84  3.81  3.07
MEAN      2.37  2.23  2.37  2.95  2.94  3.09  3.03  3.42  3.33  3.03  3.29  2.55
STD DEV   1.04  0.89  1.16  1.56  1.53  1.81  1.79  2.07  1.90  1.70  1.92  1.32
SKEW      0.64  0.93  1.01  0.95  0.85  1.03  1.26  1.28  0.87  1.02  1.08  0.70
% NNW     2.22  2.87  4.14  6.46  8.64  9.69 10.76  9.37  8.01  5.25  4.90  3.32
MEAN      2.63  2.50  3.26  3.41  4.32  4.16  4.16  4.33  4.58  4.08  3.94  3.09
STD DEV   1.16  1.10  2.01  1.66  2.52  2.40  2.30  2.41  2.72  2.16  2.07  1.74
SKEW      0.75  0.93  1.47  0.73  1.02  1.07  0.78  1.02  1.00  0.72  0.74  0.98
CALM      9.78  9.62 14.10 16.34 18.78 18.91 14.32 15.54 13.60 12.67 10.54 11.46
                                                                                
INTERPOLATED DATA (station & weighting factor)                                  
                                                                                
---Wind Stations---                                                             
BLYTHE        CA     .370  YUMA          AZ     .341  GILA BEND     AZ     .289 
