 Australia    Urana (Boonongo)                                                  
 LATT= -35.09 LONG= 146.27 YEARS= 30. TYPE= 1
 ELEVATION =  397. TP5 = 1.72 TP6= 6.76
 MEAN P    .39   .40   .37   .32   .34   .23   .22   .22   .24   .28   .32   .32
 S DEV P   .43   .36   .50   .29   .32   .25   .22   .23   .23   .28   .33   .37
 SKEW  P  1.90  1.28  3.49  1.23  1.59  2.92  2.06  2.14  1.72  1.77  2.18  2.26
 P(W/W)    .23   .27   .30   .14   .34   .38   .43   .33   .30   .31   .28   .32
 P(W/D)    .08   .06   .07   .09   .11   .17   .16   .18   .16   .14   .11   .08
 TMAX AV 91.02 89.08 82.87 74.49 65.48 58.88 57.28 60.10 66.43 73.91 81.06 86.45
 TMIN AV 64.83 64.29 58.77 51.18 45.12 41.67 40.29 40.83 44.32 49.65 55.91 60.51
 SD TMAX  8.97  8.57  8.05  7.21  5.66  4.55  4.20  5.58  7.11  8.68  9.51  8.88
 SD TMIN  7.86  7.11  7.25  6.87  6.71  6.31  5.83  5.84  6.75  7.44  7.95  7.83
 SOL.RAD  621.  546.  461.  337.  239.  188.  203.  279.  383.  497.  571.  616.
 SD SOL  116.4 111.1  90.9  74.2  56.3  48.5  53.4  71.4  90.7 108.5 118.9 124.3
 MX .5 P   .52   .34   .27   .18   .19   .21   .21   .22   .26   .31   .36   .35
 DEW PT  50.16 51.35 48.99 46.32 44.54 42.82 41.33 40.87 42.74 43.85 45.95 46.79
Time Pk   .120  .220  .320  .400  .480  .570  .650  .740  .820  .890  .960 1.000
% N       3.78  3.35  5.60  5.30  6.53  7.67  9.11  7.07  6.87  5.73  5.42  5.29
MEAN      2.35  2.46  2.45  2.91  3.39  3.44  3.54  3.75  3.53  3.67  2.91  2.35
STD DEV   0.84  1.10  1.01  1.40  2.10  2.24  1.83  2.49  2.05  2.10  1.37  1.12
SKEW      0.02  0.39  0.26  0.57  1.10  1.57  0.87  1.51  0.86  1.69  0.85  0.96
% NNE     2.57  1.30  3.51  6.75  7.79  7.86  5.94  7.08  6.04  7.45  6.53  5.46
MEAN      2.06  2.43  2.68  4.22  4.22  4.42  5.21  4.91  4.59  3.90  4.05  2.69
STD DEV   0.77  0.95  1.17  2.58  2.87  3.02  4.08  3.26  2.81  1.77  2.00  1.47
SKEW      0.20  0.45  0.30  0.89  1.01  1.22  1.14  0.69  1.07  0.81  0.94  0.95
% NE      2.17  1.19  2.93  4.08  3.70  5.18  4.63  4.15  4.14  2.86  1.89  1.52
MEAN      2.01  2.10  2.09  3.13  3.07  3.47  4.42  4.31  3.66  2.74  2.95  2.21
STD DEV   0.81  1.48  1.05  1.58  2.36  2.36  2.15  2.31  2.26  1.80  1.81  1.16
SKEW      0.91  1.14  1.25  0.84  1.23  1.05  0.66  0.96  1.34  1.77  0.65  1.46
% ENE     1.17  1.37  1.59  1.76  2.93  2.55  1.67  2.07  1.74  2.89  1.68  1.75
MEAN      1.93  1.89  2.17  2.41  2.60  2.44  2.84  2.87  2.74  2.69  2.13  2.18
STD DEV   0.67  0.77  1.01  1.26  1.37  1.19  1.42  1.46  1.24  0.95  1.01  1.05
SKEW      0.37  0.22  0.39  0.65  0.83  1.43  1.03  0.83  1.11  0.03  0.76  0.64
% E       4.36  3.28  4.55  3.76  4.17  4.99  2.55  3.03  2.50  2.51  2.97  3.55
MEAN      2.83  1.94  2.76  2.43  2.70  2.44  2.90  2.85  3.05  2.50  2.22  2.82
STD DEV   0.98  0.79  1.38  1.16  0.97  1.03  0.92  1.07  0.46  0.43  1.02  0.95
SKEW      0.63  0.45  1.10  0.89  0.59  0.41  0.49  1.06  0.59  0.39  0.41  0.05
% ESE    10.15  9.72  7.01  6.53  5.60  4.05  4.99  5.78  6.14  5.59  6.00  7.89
MEAN      2.91  2.83  2.43  2.44  2.79  2.23  2.83  2.63  3.12  2.53  2.91  2.43
STD DEV   1.24  1.06  1.07  0.95  1.13  1.00  1.11  1.33  1.14  1.13  0.83  0.82
SKEW      0.31  0.27  0.41  0.34  0.79  0.58  0.55  0.80  0.72  0.75  0.31  0.28
% SE      9.03  9.96  7.58  6.27  4.76  5.28  7.16  7.64  6.07  6.87  6.74  7.27
MEAN      2.86  2.64  3.10  2.54  2.93  2.86  3.54  3.75  3.30  3.05  2.74  2.69
STD DEV   1.08  1.03  1.09  0.94  1.22  1.40  2.13  2.02  1.39  1.24  1.14  0.94
SKEW      0.14  0.23  0.56  0.38  0.66  0.70  1.70  0.88  0.60  0.40  0.24  0.13
% SSE     8.88  8.94  8.06  6.59  6.81  6.66  5.53  7.42  5.56  8.33  9.88  8.75
MEAN      2.88  3.31  3.02  2.93  3.08  3.20  3.22  3.40  2.97  3.22  3.08  3.08
STD DEV   1.18  1.18  1.14  1.11  1.49  1.31  1.51  1.46  1.10  1.37  1.45  1.15
SKEW      0.37  0.19  0.15  0.22  0.85  0.14  0.45  0.36  0.44  0.35  0.25  0.13
% S      18.86 18.43 15.62 14.34 10.23  6.53  8.39  7.81 10.85 15.45 16.84 20.95
MEAN      3.14  3.34  3.49  3.12  3.09  2.79  3.30  3.59  3.27  3.12  3.24  3.09
STD DEV   1.39  1.45  1.34  1.50  1.59  1.51  1.86  2.39  1.39  1.59  1.44  1.31
SKEW      0.35  0.31  0.16  0.56  0.88  0.81  0.83  1.22  0.39  0.92  0.26  0.51
% SSW    13.15 12.76 12.18  9.26  5.46  5.43  5.49  6.43  7.00  7.41 12.15  9.57
MEAN      3.04  2.98  3.16  2.93  3.54  3.55  2.90  3.59  3.36  3.82  3.60  3.08
STD DEV   1.26  1.27  1.58  1.34  2.11  1.40  1.87  1.55  1.37  1.88  1.72  1.25
SKEW      0.46  0.32  0.51  0.46  0.50  0.74  1.08  0.65  0.45  0.38  1.14  0.32
% SW      6.43  8.36  9.41  6.31  5.91  5.06  6.07  7.43  6.65  7.35  6.20  5.70
MEAN      3.25  2.59  2.85  2.80  2.57  2.88  2.37  2.79  2.99  3.31  3.18  2.67
STD DEV   0.83  1.31  1.29  0.95  0.97  1.50  0.95  1.41  1.08  2.10  1.11  1.29
SKEW      0.68  0.91  0.76  0.96  1.10  2.19  0.65  2.15  0.77  1.47  0.80  0.73
% WSW     3.03  3.93  2.77  2.83  3.26  2.40  3.68  3.53  4.30  3.06  2.61  3.23
MEAN      1.76  1.93  2.29  2.60  2.32  2.69  2.78  2.92  2.75  2.88  2.52  2.24
STD DEV   0.66  0.56  0.79  0.83  0.79  0.78  0.92  1.42  1.45  0.97  1.10  0.76
SKEW      0.45  0.44  0.89  0.87  0.68  0.67  0.69  0.83  0.81  0.73  0.69  0.71
% W       3.07  3.39  3.35  2.65  4.18  3.96  5.41  4.28  7.39  4.50  3.59  2.90
MEAN      1.65  1.86  1.77  1.89  2.28  3.12  2.38  2.27  3.04  2.50  2.37  1.84
STD DEV   0.60  0.85  0.74  1.06  0.96  1.33  1.08  1.19  1.55  1.05  1.09  0.81
SKEW      0.78  2.00  0.45  1.40  1.42  1.16  0.99  1.74  1.30  0.53  1.17  0.78
% WNW     1.81  2.04  2.64  2.50  3.74  4.43  3.38  3.73  2.89  3.32  3.32  3.21
MEAN      2.00  1.95  2.11  2.61  2.73  2.89  2.61  3.11  2.90  3.31  2.88  2.37
STD DEV   0.76  0.74  0.81  0.96  1.24  1.43  1.08  1.55  1.42  1.53  1.43  0.89
SKEW      0.49  0.58  0.67  1.11  0.90  0.88  0.39  0.80  0.73  1.24  0.89  0.71
% NW      2.30  2.01  2.40  4.64  4.76  6.57  6.11  6.39  5.57  5.53  3.24  2.99
MEAN      2.22  1.82  1.63  2.22  2.78  3.27  3.34  3.48  3.33  3.89  2.75  2.20
STD DEV   1.03  0.90  0.64  1.05  1.67  2.41  2.26  1.82  1.72  1.67  1.42  1.22
SKEW      0.64  0.98  1.19  1.20  1.19  1.29  1.78  0.70  0.41  0.46  0.64  0.84
% NNW     3.07  2.86  3.02  4.91  6.98  9.10  8.61  5.79  6.42  4.90  4.74  4.68
MEAN      2.18  2.63  3.16  2.93  3.01  3.66  3.74  4.07  4.06  3.43  2.98  2.32
STD DEV   0.99  1.13  1.03  1.26  1.71  2.21  2.22  2.20  2.23  2.10  1.63  1.16
SKEW      0.66  0.85  0.15  0.76  0.95  1.08  0.94  1.13  0.83  0.96  0.80  0.72
CALM      6.23  7.00  7.86 11.56 13.24 12.28 11.34 10.39  9.91  6.31  6.08  5.36
                                                                                
INTERPOLATED DATA (station & weighting factor)                                  
                                                                                
---Wind Stations---                                                             
BURBANK       CA     .415  MOUNT WILSON  CA     .397  LONG BEACH    CA     .188 
