 Australia    Mittagong (High Range)                                            
 LATT= -34.37 LONG= 150.30 YEARS= 30. TYPE= 3
 ELEVATION = 2411. TP5 = 2.16 TP6= 4.54
 MEAN P    .33   .34   .36   .36   .29   .30   .23   .28   .24   .27   .30   .31
 S DEV P   .41   .52   .64   .57   .40   .60   .39   .62   .38   .39   .36   .37
 SKEW  P  2.27  3.42  4.72  3.32  2.72  4.50  5.38  5.10  5.82  3.97  2.30  2.08
 P(W/W)    .53   .54   .61   .56   .55   .48   .45   .41   .47   .49   .49   .46
 P(W/D)    .23   .26   .21   .15   .20   .20   .19   .18   .21   .23   .25   .21
 TMAX AV 78.64 76.69 72.76 67.07 60.86 55.06 54.16 56.74 62.51 67.81 71.79 76.16
 TMIN AV 58.34 58.07 54.74 48.81 43.71 40.72 38.61 39.33 42.94 47.42 51.61 55.40
 SD TMAX  9.11  8.36  7.02  6.20  5.14  4.22  4.27  5.58  7.02  7.97  8.97  8.52
 SD TMIN  4.94  4.78  4.98  5.19  5.56  5.28  5.12  5.36  5.70  5.76  5.88  5.20
 SOL.RAD  516.  447.  387.  302.  237.  188.  219.  291.  382.  457.  494.  536.
 SD SOL  128.6 117.1 103.5  79.4  61.3  56.4  56.4  68.0  92.2 116.9 130.5 136.9
 MX .5 P   .96   .85   .69   .36   .34   .34   .17   .29   .31   .45   .66   .70
 DEW PT  56.86 57.38 54.46 48.99 43.93 40.77 37.91 37.50 40.89 44.79 49.68 53.17
Time Pk   .070  .150  .240  .320  .400  .510  .600  .690  .780  .860  .940 1.000
% N       2.40  2.67  3.28  3.14  2.17  2.45  2.19  2.49  2.42  2.45  2.80  3.03
MEAN      3.03  2.95  2.98  2.93  3.51  2.79  2.97  3.17  3.23  3.38  3.35  3.20
STD DEV   1.22  1.31  1.25  1.36  1.51  1.33  1.31  1.39  1.38  1.38  1.58  1.48
SKEW      0.41  0.84  0.42  1.03  0.80  0.78  0.54  0.21  0.36  0.29  0.60  0.53
% NNE     3.17  3.93  4.62  4.76  2.87  2.86  3.07  3.16  3.16  2.74  3.37  3.26
MEAN      3.45  3.55  3.55  3.57  3.64  3.22  3.23  3.21  3.56  3.57  3.37  3.27
STD DEV   1.46  1.79  1.62  1.57  1.78  1.40  1.48  1.34  1.51  1.57  1.43  1.34
SKEW      0.47  0.86  0.56  0.47  0.77  0.61  0.64  0.60  0.38  0.46  0.56  0.32
% NE      5.47  6.83  8.05  8.39  5.06  4.34  4.62  5.47  5.33  3.75  5.51  5.03
MEAN      3.50  3.36  3.74  3.68  3.56  3.45  3.60  3.65  3.83  3.94  3.89  3.48
STD DEV   1.51  1.44  1.59  1.63  1.54  1.53  1.94  1.60  1.47  1.73  1.64  1.43
SKEW      0.41  0.39  0.45  0.63  0.61  0.53  0.85  0.49  0.05  0.54  0.37  0.35
% ENE     4.09  5.48  6.77  6.74  3.26  3.31  4.12  5.09  5.43  3.75  4.98  4.78
MEAN      3.69  3.50  3.93  3.71  3.64  3.76  3.55  3.74  4.00  3.85  3.97  3.46
STD DEV   1.62  1.46  1.63  1.60  1.52  1.72  1.62  1.74  1.55  1.47  1.58  1.38
SKEW      0.65  0.51  0.40  0.43  0.51  0.66  0.58  0.68  0.19  0.15  0.58  0.31
% E       3.86  3.64  4.33  4.25  2.66  2.46  2.95  2.40  3.21  2.97  3.38  3.71
MEAN      3.26  3.19  3.14  3.16  3.03  2.94  3.03  3.01  3.35  3.50  3.16  3.13
STD DEV   1.37  1.45  1.43  1.35  1.30  1.42  1.27  1.18  1.42  1.42  1.27  1.34
SKEW      0.56  0.71  0.68  0.46  0.77  0.65  0.31  0.52  0.36  0.22  0.44  0.33
% ESE     2.20  2.93  2.58  2.50  1.18  1.39  1.57  1.71  1.75  1.85  2.41  2.46
MEAN      3.02  2.96  2.91  2.88  2.75  2.77  2.71  2.77  3.16  3.27  2.83  3.09
STD DEV   1.16  1.46  1.17  1.08  1.07  1.17  1.15  1.24  1.32  1.52  1.20  1.39
SKEW      0.29  0.96  0.52  0.21  0.35  0.64  0.29  0.95  0.47  0.64  0.45  0.68
% SE      2.57  3.27  3.05  2.63  2.33  2.21  1.75  2.32  2.33  2.78  2.77  2.97
MEAN      2.90  2.95  3.21  3.05  3.01  3.04  2.76  3.25  3.38  3.91  3.13  2.87
STD DEV   1.27  1.35  1.49  1.36  1.14  1.46  1.25  1.59  1.57  1.57  1.43  1.24
SKEW      0.53  0.70  0.95  0.47  0.41  0.90  0.53  1.51  0.77  0.46  0.81  0.51
% SSE     3.06  2.95  3.25  2.81  2.78  2.96  3.32  2.85  3.84  4.25  3.37  4.01
MEAN      3.10  2.92  3.38  3.27  3.82  3.44  3.41  3.69  4.33  4.51  3.53  3.29
STD DEV   1.36  1.31  1.35  1.24  1.72  1.52  1.42  1.75  1.79  1.78  1.42  1.37
SKEW      0.63  0.56  0.49  0.30  0.84  0.72  0.43  0.63  0.63  0.32  0.48  0.75
% S       5.45  4.87  5.18  4.24  5.56  6.01  6.68  5.15  5.05  6.85  5.75  5.38
MEAN      3.23  3.23  3.33  3.34  3.77  3.76  4.06  3.97  4.21  4.43  3.54  3.31
STD DEV   1.40  1.44  1.29  1.44  1.82  1.72  1.96  1.72  1.72  1.76  1.61  1.44
SKEW      0.33  0.61  0.24  0.37  0.91  0.69  0.86  0.41  0.56  0.15  0.71  0.64
% SSW    10.28  7.08  5.83  5.91  9.25  8.25 11.61  9.07  7.80 10.77  8.30  7.50
MEAN      3.71  3.60  3.53  3.71  4.35  4.35  4.61  4.55  4.95  4.73  4.02  3.76
STD DEV   1.56  1.53  1.41  1.49  1.91  1.83  1.94  2.00  2.13  1.86  1.79  1.54
SKEW      0.43  0.46  0.34  0.52  0.59  0.64  0.61  0.63  0.62  0.43  0.57  0.36
% SW      8.27  5.99  5.13  5.01  7.31  7.77  8.34  6.45  6.09  8.19  7.81  6.38
MEAN      3.49  3.26  3.42  3.62  4.03  3.78  4.08  4.40  4.55  4.50  3.83  3.50
STD DEV   1.52  1.42  1.51  1.71  1.85  1.71  2.05  2.18  2.35  2.21  1.83  1.50
SKEW      0.67  0.51  0.57  0.85  0.88  0.72  0.65  0.74  0.79  0.80  0.81  0.56
% WSW     8.72  7.07  6.77  6.40 10.11  9.86  9.79  9.51  9.65 10.29  9.40  9.46
MEAN      3.66  3.50  3.57  3.70  4.25  4.57  4.62  4.78  5.14  5.03  4.32  3.75
STD DEV   1.77  1.59  1.66  1.71  1.85  2.09  2.21  2.39  2.38  2.37  2.02  1.62
SKEW      0.79  0.59  0.71  0.72  0.48  0.73  0.47  0.72  0.59  0.57  0.66  0.47
% W       8.88  8.71  8.06  8.32  8.80  9.63  7.36  9.39  9.44  8.49  8.47 10.00
MEAN      3.26  3.11  3.28  3.55  4.29  4.68  4.73  4.80  5.37  4.94  3.94  3.70
STD DEV   1.52  1.48  1.42  1.77  2.18  2.36  2.46  2.26  2.42  2.34  1.83  1.75
SKEW      0.83  0.75  0.69  0.73  0.65  0.67  0.74  0.48  0.45  0.52  0.63  0.86
% WNW     8.78  9.06  9.26 10.07 12.62 12.57 11.76 13.67 15.53 12.89 11.76 10.14
MEAN      3.65  3.49  3.54  4.16  4.94  4.80  5.18  5.21  5.71  5.64  4.47  3.93
STD DEV   1.82  1.58  1.59  2.01  2.21  2.30  2.42  2.52  2.53  2.37  1.97  1.82
SKEW      0.81  0.78  0.75  0.72  0.58  0.55  0.46  0.52  0.31  0.20  0.68  0.66
% NW      6.21  7.08  6.93  8.70  8.47  7.93  7.16  8.04  7.57  7.40  7.00  7.30
MEAN      3.29  3.12  3.37  3.66  4.05  3.63  3.92  4.27  4.65  4.51  3.84  3.42
STD DEV   1.44  1.40  1.42  1.73  1.96  1.85  2.10  2.34  2.29  2.12  1.76  1.68
SKEW      0.78  0.94  0.74  0.86  0.68  0.96  0.72  0.68  0.58  0.43  0.62  0.77
% NNW     2.83  3.58  3.38  4.07  3.84  4.07  4.17  4.42  4.74  4.59  4.31  3.81
MEAN      3.03  3.09  3.26  3.66  3.69  3.46  3.28  3.58  4.07  4.61  3.85  3.45
STD DEV   1.22  1.38  1.48  1.80  1.87  1.74  1.56  1.68  1.99  2.23  1.72  1.61
SKEW      0.53  0.66  0.72  0.85  0.99  0.90  0.61  0.44  0.48  0.68  0.67  0.76
CALM     13.80 14.73 13.50 12.02 11.65 12.04  9.49  8.70  6.68  6.03  8.57 10.77
                                                                                
INTERPOLATED DATA (station & weighting factor)                                  
                                                                                
---Wind Stations---                                                             
PULASKI       VA     .503  WINSTON SALEM NC     .282  HICKORY       NC     .215 
