 Australia    Conargo (Willurah)                                                
 LATT= -35.00 LONG= 145.09 YEARS= 30. TYPE= 4
 ELEVATION =  325. TP5 = 2.55 TP6= 6.15
 MEAN P    .35   .44   .51   .29   .27   .23   .20   .24   .26   .35   .32   .44
 S DEV P   .31   .50   .64   .38   .31   .32   .18   .27   .27   .44   .34   .55
 SKEW  P  1.22  1.79  2.44  2.57  2.72  5.02  1.61  2.71  2.10  4.15  2.47  3.32
 P(W/W)    .26   .30   .27   .35   .42   .40   .42   .30   .26   .30   .29   .38
 P(W/D)    .08   .08   .07   .09   .11   .15   .18   .17   .15   .11   .11   .08
 TMAX AV 91.08 89.14 82.98 74.53 65.77 59.35 57.99 61.05 67.59 74.88 81.60 86.74
 TMIN AV 64.63 64.02 58.72 51.13 45.58 42.12 40.78 41.34 45.06 50.10 56.19 60.72
 SD TMAX  9.27  8.88  8.45  7.45  5.71  4.44  4.34  5.77  7.55  9.03  9.78  9.21
 SD TMIN  8.26  7.64  7.53  6.98  6.54  6.08  5.57  5.90  6.82  7.54  8.19  8.16
 SOL.RAD  624.  551.  461.  336.  238.  191.  209.  284.  392.  502.  575.  622.
 SD SOL  117.6 109.2  88.8  76.4  55.9  48.9  54.7  70.9  92.5 108.0 123.3 127.0
 MX .5 P   .39   .37   .30   .21   .19   .18   .24   .24   .25   .25   .36   .41
 DEW PT  49.09 50.61 48.49 45.77 44.62 43.02 41.42 40.53 41.90 42.39 44.79 45.70
Time Pk   .120  .220  .320  .400  .480  .570  .650  .740  .820  .890  .960 1.000
% N       2.31  2.95  4.10  4.59  5.78  5.01  5.54  6.30  5.03  3.71  2.94  2.55
MEAN      3.03  3.30  3.52  3.51  3.81  3.66  4.11  3.95  4.16  3.74  3.75  3.21
STD DEV   1.47  1.58  1.77  1.80  1.68  1.67  1.76  1.87  1.89  1.62  1.69  1.41
SKEW      0.86  0.71  0.83  0.97  0.73  1.10  0.59  0.82  0.44  0.73  0.45  0.89
% NNE     3.49  4.54  6.19  4.95  3.60  3.57  4.62  4.56  4.14  4.09  4.02  3.56
MEAN      2.86  3.03  3.37  3.53  3.42  3.48  3.84  3.74  3.73  3.62  3.31  3.22
STD DEV   1.28  1.22  1.54  1.61  1.50  1.43  1.59  1.67  1.52  1.50  1.48  1.30
SKEW      2.46  0.83  1.27  1.09  0.91  0.61  0.85  0.96  0.64  0.87  1.01  0.91
% NE      9.17 10.51 10.60  9.11  7.31  7.84  7.62  7.00  5.81  5.96  7.03  7.75
MEAN      2.70  2.75  2.95  2.81  2.90  3.07  3.16  3.24  3.43  3.26  3.04  2.95
STD DEV   1.07  1.09  1.19  1.19  1.20  1.21  1.18  1.29  1.45  1.35  1.20  1.14
SKEW      1.30  1.11  1.11  1.04  1.42  0.58  0.57  0.77  0.74  0.89  1.21  0.96
% ENE     7.98  9.25 10.11  8.25  6.73  7.97  8.28  8.51  7.99  6.88  7.91  7.04
MEAN      3.10  3.08  3.24  3.15  3.41  3.44  3.47  3.58  3.94  3.52  3.41  3.20
STD DEV   1.10  1.18  1.23  1.13  1.36  1.30  1.24  1.29  1.52  1.28  1.28  1.21
SKEW      0.95  1.08  0.91  0.67  0.67  0.98  0.56  0.93  0.61  0.72  0.95  0.86
% E       6.84  7.35  8.18  5.93  5.07  6.24  6.32  6.43  6.45  6.53  6.90  5.98
MEAN      3.04  3.02  3.13  3.03  3.22  3.34  3.48  3.62  4.02  3.81  3.39  3.07
STD DEV   1.23  1.25  1.28  1.32  1.31  1.37  1.39  1.35  1.58  1.53  1.37  1.37
SKEW      0.65  0.68  0.59  0.66  0.33  0.58  0.49  0.44  0.39  0.41  0.46  0.92
% ESE     4.79  5.64  6.21  5.07  3.79  5.22  4.97  5.83  5.84  5.91  5.02  4.54
MEAN      2.99  3.11  3.13  3.19  3.29  3.54  3.45  3.75  3.98  3.85  3.28  3.04
STD DEV   1.11  1.14  1.20  1.25  1.25  1.40  1.29  1.41  1.61  1.54  1.25  1.09
SKEW      0.81  0.65  0.76  0.84  0.47  0.65  0.60  0.65  0.93  0.62  0.87  0.59
% SE      5.19  5.81  5.26  4.96  3.67  4.72  3.95  3.61  4.29  4.74  5.07  5.39
MEAN      2.84  2.87  3.05  3.17  3.22  3.35  3.33  3.41  4.05  3.93  3.27  2.94
STD DEV   1.13  1.16  1.30  1.48  1.45  1.46  1.47  1.51  1.68  1.66  1.48  1.25
SKEW      0.80  0.70  0.80  0.96  0.68  0.59  0.80  0.74  0.54  0.40  1.10  0.82
% SSE     5.69  5.02  5.77  6.47  5.81  6.49  5.49  5.28  7.31  7.16  7.63  6.50
MEAN      2.99  2.99  3.21  3.53  3.79  3.78  3.83  3.68  4.23  4.03  3.67  3.27
STD DEV   1.23  1.17  1.21  1.50  1.82  1.61  1.57  1.49  1.63  1.63  1.60  1.37
SKEW      1.21  0.93  0.53  0.75  1.39  0.83  0.85  0.60  0.49  0.72  1.00  0.81
% S       7.25  6.38  5.50  5.32  5.31  5.50  5.78  4.14  5.75  8.10  8.56 10.10
MEAN      3.19  3.18  3.42  3.88  4.08  3.90  4.18  4.21  4.70  4.74  3.94  3.70
STD DEV   1.41  1.42  1.60  1.80  1.85  1.81  1.89  2.06  1.99  1.92  1.79  1.60
SKEW      0.84  0.72  0.75  0.55  0.50  0.58  0.54  0.52  0.24  0.19  0.68  0.71
% SSW     7.75  5.64  4.09  4.62  5.92  5.49  5.67  5.09  6.71  8.31  7.91 10.10
MEAN      3.56  3.49  3.69  3.81  4.57  4.93  4.99  4.88  5.31  5.04  4.42  4.06
STD DEV   1.47  1.50  1.74  1.85  2.13  2.25  2.35  2.20  2.35  2.11  1.96  1.68
SKEW      0.77  0.81  0.86  0.80  0.52  0.54  0.50  0.62  0.60  0.36  0.66  0.52
% SW      8.39  6.10  3.99  4.56  4.92  4.60  4.06  4.14  4.89  5.34  5.91  8.16
MEAN      3.46  3.32  3.27  3.18  3.76  3.81  4.35  4.84  4.95  4.47  3.76  3.66
STD DEV   1.60  1.55  1.79  1.72  2.16  1.89  2.39  2.87  2.41  2.26  1.88  1.69
SKEW      1.15  0.93  0.94  1.07  0.88  0.87  0.89  0.59  0.35  0.71  1.00  0.89
% WSW     5.76  4.13  3.15  4.70  6.22  5.61  5.11  4.86  5.11  4.83  4.74  4.90
MEAN      3.48  3.37  3.47  3.31  3.85  4.06  4.11  4.03  4.78  4.23  3.79  3.42
STD DEV   1.41  1.46  1.70  1.52  1.83  1.92  1.94  2.11  2.33  2.12  1.91  1.42
SKEW      0.88  0.91  0.90  0.83  1.14  0.89  1.13  1.20  1.02  0.78  1.15  1.07
% W       3.25  2.67  2.53  4.08  5.92  6.59  6.18  5.94  5.42  4.65  4.08  3.07
MEAN      3.23  3.12  3.03  3.51  3.93  4.67  4.67  4.58  4.97  4.47  3.98  3.49
STD DEV   1.38  1.41  1.49  1.57  1.86  2.17  2.15  2.06  2.37  2.32  1.95  1.60
SKEW      0.53  0.55  1.15  0.92  0.78  0.58  0.61  0.55  0.63  0.88  0.82  0.72
% WNW     2.58  2.29  2.31  4.88  8.29  7.17  7.11  8.13  8.16  6.36  4.47  3.05
MEAN      3.12  3.05  3.37  4.10  4.70  5.21  5.06  5.10  5.45  5.19  4.20  3.77
STD DEV   1.28  1.25  1.50  1.97  2.12  2.22  2.10  2.21  2.31  2.42  1.89  1.84
SKEW      0.71  0.90  0.69  0.71  0.64  0.43  0.45  0.62  0.59  0.53  0.64  0.79
% NW      2.35  2.12  2.66  4.43  6.33  5.30  5.63  5.79  5.21  4.42  3.50  2.14
MEAN      2.81  2.71  3.07  3.95  4.26  4.51  4.56  4.72  4.88  4.28  3.99  3.34
STD DEV   1.30  1.21  1.45  2.00  2.08  2.19  2.02  2.36  2.10  2.01  1.93  1.64
SKEW      1.06  0.73  0.87  0.56  0.60  0.51  0.49  1.55  0.32  0.68  0.62  1.01
% NNW     2.04  2.87  3.91  4.68  6.39  5.58  7.79  7.91  7.24  6.42  2.90  2.17
MEAN      2.96  3.06  3.54  3.88  4.17  4.40  4.45  4.40  4.59  4.35  3.85  3.36
STD DEV   1.38  1.23  1.45  1.75  1.85  1.79  1.73  1.77  1.78  1.81  1.58  1.34
SKEW      1.16  0.62  0.56  0.76  0.66  0.48  0.47  0.61  0.44  0.56  0.68  0.71
CALM     15.16 16.73 15.38 13.40  8.94  7.05  5.91  6.48  4.58  6.56 11.43 13.07
                                                                                
INTERPOLATED DATA (station & weighting factor)                                  
                                                                                
---Wind Stations---                                                             
LITTLE ROCK   AR     .364  FORT SMITH    AR     .326  HARRISON      AR     .310 
