 Australia    Badgebup                                                          
 LATT= -33.64 LONG= 117.93 YEARS= 30. TYPE= 3
 ELEVATION =  984. TP5 = 2.60 TP6= 6.34
 MEAN P    .29   .29   .24   .20   .19   .17   .16   .15   .14   .18   .18   .21
 S DEV P   .50   .63   .34   .36   .25   .20   .17   .17   .17   .30   .21   .30
 SKEW  P  3.53  4.79  2.98  5.34  3.30  2.48  1.99  2.47  2.58  5.34  1.98  2.81
 P(W/W)    .32   .27   .25   .30   .48   .48   .46   .46   .44   .33   .32   .27
 P(W/D)    .06   .06   .10   .13   .20   .31   .34   .36   .29   .18   .12   .09
 TMAX AV 84.75 83.99 79.52 73.15 65.86 60.43 58.29 59.58 62.80 69.46 76.57 81.47
 TMIN AV 58.53 59.43 57.31 53.39 48.42 44.71 42.96 43.36 44.66 47.65 52.15 55.50
 SD TMAX  8.95  8.45  8.36  7.22  5.57  4.31  4.04  4.77  6.07  7.81  8.78  8.68
 SD TMIN  5.45  5.27  5.77  5.64  5.34  4.79  5.03  4.96  5.16  5.63  5.68  5.33
 SOL.RAD  607.  534.  431.  315.  238.  202.  215.  273.  357.  465.  553.  615.
 SD SOL  117.7 108.9 100.2  77.1  56.3  52.5  57.8  71.0  89.0 100.6 109.6 112.6
 MX .5 P   .34   .26   .26   .16   .26   .25   .27   .25   .26   .25   .34   .31
 DEW PT  51.57 52.51 51.55 49.63 46.65 44.39 43.50 43.87 44.74 45.64 47.18 48.92
Time Pk   .120  .220  .320  .400  .480  .570  .650  .740  .820  .890  .960 1.000
% N       2.47  3.30  5.12  7.32  9.33  9.64 12.69 11.80  9.12  8.19  5.95  3.39
MEAN      4.21  4.69  4.95  5.55  6.01  6.03  6.78  6.55  6.68  6.22  5.50  5.30
STD DEV   2.06  2.22  2.38  2.68  3.03  2.84  3.03  2.93  2.97  2.74  2.58  2.44
SKEW      0.61  0.62  0.75  0.58  0.62  0.48  0.34  0.38  0.40  0.35  0.37  0.48
% NNE     3.52  4.52  6.25  6.90  6.18  5.84  9.04  7.07  6.48  5.12  4.97  3.09
MEAN      4.59  4.63  5.37  5.46  5.57  5.38  6.12  5.79  6.15  5.64  4.90  5.27
STD DEV   2.15  2.06  2.41  2.61  2.80  2.30  2.73  2.59  2.53  2.48  2.17  2.38
SKEW      0.57  0.50  0.55  0.72  0.75  0.42  0.49  0.42  0.36  0.51  0.28  0.38
% NE      4.04  4.90  5.65  4.19  3.20  3.31  4.27  4.20  5.09  4.90  4.44  2.94
MEAN      4.41  4.54  4.94  5.23  4.68  4.65  4.83  5.06  5.46  5.27  5.01  4.75
STD DEV   1.89  2.01  2.08  2.35  2.26  1.95  1.99  2.07  2.27  2.23  2.12  1.99
SKEW      0.40  0.46  0.49  0.44  0.71  0.25  0.54  0.50  0.25  0.45  0.30  0.40
% ENE     5.37  4.93  6.36  3.10  2.78  2.67  2.62  2.66  4.27  4.90  4.39  3.54
MEAN      4.34  4.28  4.77  4.33  4.36  4.44  3.93  4.28  5.18  5.19  4.74  4.69
STD DEV   1.80  1.78  1.92  1.79  1.82  1.89  1.52  1.67  2.04  1.93  1.92  1.91
SKEW      0.72  0.51  0.53  0.66  0.38  0.26  0.09  0.42  0.26  0.41  0.20  0.66
% E       6.60  5.96  6.43  3.29  2.79  2.36  2.49  3.55  4.76  5.04  4.97  4.64
MEAN      4.20  4.09  4.35  3.62  4.04  3.77  3.85  4.29  4.86  4.80  4.33  4.39
STD DEV   1.74  1.62  1.75  1.56  1.85  1.66  1.50  1.66  2.13  1.76  1.89  1.66
SKEW      0.71  0.57  0.38  0.48  0.46  0.32  0.20  0.31  0.71  0.28  0.50  0.57
% ESE     8.26  8.71  7.06  4.44  3.78  2.96  2.80  4.42  4.86  5.18  6.31  6.34
MEAN      4.35  4.14  4.17  3.90  4.17  4.28  4.00  4.44  4.69  4.97  4.57  4.60
STD DEV   1.72  1.57  1.67  1.62  1.66  1.59  1.63  1.82  1.82  1.88  1.92  1.73
SKEW      0.53  0.47  0.56  0.40  0.36  0.42  0.17  0.38  0.32  0.59  0.72  0.48
% SE     10.44 10.90  8.97  7.38  5.03  4.85  5.04  5.86  6.21  7.14  8.88  9.49
MEAN      4.78  4.57  4.47  4.41  4.44  4.68  4.48  5.16  5.33  5.61  4.97  5.10
STD DEV   1.82  1.75  1.67  1.70  1.69  1.85  1.83  2.06  2.18  2.34  2.06  1.84
SKEW      0.35  0.36  0.61  0.55  0.37  0.40  0.28  0.37  0.52  0.37  0.46  0.49
% SSE    16.02 15.72 14.22 14.53  9.64  9.42  8.60  9.05  9.78 10.77 13.81 17.07
MEAN      5.46  5.22  5.45  5.71  5.58  5.87  5.77  6.33  6.94  6.66  6.29  6.19
STD DEV   2.02  1.77  1.95  2.26  2.13  2.27  2.15  2.49  2.59  2.38  2.41  2.16
SKEW      0.31  0.08  0.28  0.44  0.24  0.33  0.13  0.36  0.33  0.05  0.27  0.34
% S      20.73 18.83 17.99 19.80 16.74 15.81 15.11 12.87 12.20 15.59 18.17 26.30
MEAN      6.00  5.56  6.09  6.16  6.01  5.98  6.25  6.46  7.07  7.11  6.92  6.89
STD DEV   2.25  2.00  2.29  2.60  2.40  2.51  2.68  2.67  3.06  2.83  2.73  2.47
SKEW      0.32  0.23  0.29  0.43  0.44  0.60  0.57  0.39  0.35  0.35  0.12  0.29
% SSW    10.43  9.67  7.81  7.83  7.23  8.12  7.67  6.62  6.09  6.96  7.02 10.64
MEAN      6.00  5.83  6.35  6.05  5.95  5.67  6.66  6.42  7.05  7.09  6.50  7.01
STD DEV   2.36  2.20  2.55  2.59  2.66  2.64  2.99  3.08  3.15  3.08  2.86  2.60
SKEW      0.19  0.18  0.25  0.37  0.53  0.70  0.47  0.46  0.32  0.55  0.39  0.09
% SW      3.42  3.57  2.48  2.53  3.78  3.56  3.77  3.26  3.26  2.56  2.75  2.91
MEAN      4.98  5.30  4.92  4.88  4.75  4.50  5.04  4.71  5.97  5.74  4.80  5.54
STD DEV   2.27  2.31  2.40  2.57  2.23  2.22  2.45  2.22  3.25  2.84  2.55  2.36
SKEW      0.31  0.18  0.40  0.69  0.51  0.76  0.74  0.53  0.85  0.64  0.79  0.34
% WSW     1.58  1.28  1.10  1.55  2.38  2.61  2.44  2.36  2.49  1.50  1.70  1.16
MEAN      4.29  4.55  4.49  3.92  4.32  4.39  4.45  4.21  6.43  5.30  4.75  4.23
STD DEV   1.88  2.05  2.34  1.80  2.33  2.44  2.02  1.86  3.35  2.34  2.30  1.92
SKEW      0.24  0.20  0.47  0.38  0.94  1.13  0.49  0.62  0.62  0.29  0.66  0.56
% W       1.00  0.90  0.90  1.49  2.66  3.16  2.29  2.35  2.50  1.99  1.66  1.08
MEAN      3.80  3.09  3.56  3.53  3.85  3.90  4.33  4.16  5.19  5.04  4.10  3.89
STD DEV   1.40  1.27  1.79  1.64  2.04  1.67  2.28  2.37  3.11  2.68  1.80  2.00
SKEW      0.14  0.64  0.45  0.54  1.15  0.28  0.77  1.26  0.86  0.64  0.67  0.85
% WNW     0.63  0.68  0.94  1.81  3.88  4.03  2.77  3.18  3.93  3.30  2.45  0.80
MEAN      3.41  3.59  3.97  3.75  5.03  4.80  4.68  5.70  7.01  6.24  4.77  4.55
STD DEV   1.41  2.27  1.92  1.85  2.79  2.21  2.49  3.21  3.54  2.92  2.44  1.79
SKEW      0.20  0.80  0.52  0.58  1.28  0.70  0.81  0.80  0.52  0.48  0.72  0.42
% NW      0.83  0.91  1.28  2.56  5.68  5.83  4.20  5.24  5.89  4.95  2.93  1.35
MEAN      3.15  3.78  4.26  4.89  5.26  5.84  5.55  5.87  7.59  6.45  4.90  4.91
STD DEV   1.44  1.72  2.33  2.51  2.65  2.64  2.75  2.87  3.60  2.96  2.16  2.27
SKEW      0.56  0.48  0.82  0.66  0.90  0.50  0.46  0.56  0.46  0.34  0.26  0.10
% NNW     1.21  1.34  2.84  5.71  9.20  9.96  9.07 10.47  9.51  8.14  4.37  2.11
MEAN      3.79  4.38  4.74  5.59  6.09  6.48  6.91  6.66  7.44  6.72  5.40  5.53
STD DEV   1.81  2.02  2.54  2.54  2.76  3.00  2.97  2.96  3.09  2.84  2.36  2.32
SKEW      0.40  0.68  1.01  0.37  0.51  0.54  0.21  0.31  0.19  0.17  0.32  0.23
CALM      3.49  3.92  4.64  5.53  5.71  5.87  5.14  5.03  3.51  3.75  5.25  3.17
                                                                                
INTERPOLATED DATA (station & weighting factor)                                  
                                                                                
---Wind Stations---                                                             
PONCA CITY    OK     .449  ENID          OK     .415  OKLAHOMA CITY OK     .136 
