 Australia    Woonona (Popes Rd)                                                
 LATT= -34.34 LONG= 150.90 YEARS= 30. TYPE= 3
 ELEVATION =  148. TP5 = 2.77 TP6= 6.25
 MEAN P    .42   .41   .41   .42   .39   .45   .34   .44   .35   .32   .37   .33
 S DEV P   .67   .73   .56   .68   .81   .57   .63  1.46   .63   .52   .48   .55
 SKEW  P  3.93  7.09  3.35  4.27  5.42  2.01  5.26  9.44  3.47  4.19  2.48  5.72
 P(W/W)    .52   .49   .58   .48   .47   .54   .43   .42   .41   .44   .48   .42
 P(W/D)    .25   .28   .23   .17   .13   .16   .13   .13   .17   .22   .28   .24
 TMAX AV 78.99 77.60 74.86 70.35 65.17 60.18 59.55 61.85 66.56 70.64 73.12 76.75
 TMIN AV 63.75 63.71 60.85 55.29 50.18 46.72 44.35 45.15 48.91 53.35 57.20 60.99
 SD TMAX  7.84  6.90  5.86  5.34  4.47  3.54  3.85  4.96  6.55  7.64  7.96  7.64
 SD TMIN  3.94  3.83  4.10  4.25  4.43  4.28  4.24  4.24  4.74  4.68  4.75  4.19
 SOL.RAD  515.  451.  386.  305.  238.  192.  222.  295.  387.  460.  496.  536.
 SD SOL  123.8 112.3  99.8  75.0  58.6  52.8  54.4  65.1  89.4 112.8 123.3 129.6
 MX .5 P  1.07   .86   .71   .41   .30   .46   .12   .33   .40   .48   .73   .75
 DEW PT  60.78 61.37 58.69 53.36 47.98 44.36 41.31 41.09 44.97 49.25 53.92 57.52
Time Pk   .070  .150  .240  .320  .400  .510  .600  .690  .780  .860  .940 1.000
% N       5.25  8.74 11.16 12.73 10.89  9.75  8.05  6.61  6.42  4.64  6.01  6.04
MEAN      3.45  3.73  3.72  3.85  3.83  3.96  3.70  3.75  3.93  4.17  3.88  3.41
STD DEV   1.25  1.50  1.44  1.50  1.61  1.67  1.53  1.47  1.56  1.81  1.42  1.27
SKEW      0.61  0.88  1.00  0.70  1.00  1.10  1.01  0.73  0.57  0.95  0.58  0.62
% NNE     5.34  7.22 13.54 15.56 10.39  9.42  6.75  7.77  5.97  3.79  5.82  7.42
MEAN      4.03  4.01  4.34  4.56  4.54  4.16  4.21  4.64  4.21  4.54  4.35  4.27
STD DEV   1.52  1.41  1.62  1.81  1.99  1.69  1.71  1.89  1.52  1.76  1.67  1.60
SKEW      0.36  0.70  0.54  0.63  1.02  0.99  0.87  0.73  0.25  0.87  0.54  0.42
% NE      7.26  9.03 17.71 12.79  7.88  8.03  7.46  9.65  6.29  4.39  8.24  8.47
MEAN      3.87  3.95  4.43  4.37  4.33  4.15  3.79  4.53  4.14  4.41  4.23  4.05
STD DEV   1.54  1.48  1.69  1.79  2.11  1.75  1.58  1.80  1.60  1.61  1.74  1.48
SKEW      0.60  0.51  0.68  0.65  1.00  1.10  0.89  0.67  0.50  0.43  0.92  0.55
% ENE     4.34  4.80  6.17  3.90  3.15  3.23  3.31  3.76  4.16  3.52  5.92  5.39
MEAN      3.74  3.98  3.99  3.78  3.65  3.70  3.90  4.05  4.23  4.21  4.05  3.72
STD DEV   1.32  1.59  1.45  1.39  1.43  1.38  1.61  1.47  1.62  1.61  1.56  1.33
SKEW      0.66  0.60  0.78  0.63  0.74  0.45  0.66  0.64  0.27  0.47  0.64  0.63
% E       3.96  3.09  4.18  2.74  2.97  2.08  2.38  3.34  3.12  2.92  4.10  3.76
MEAN      3.21  3.54  3.71  3.29  3.27  3.33  3.58  3.70  4.10  3.94  3.64  3.41
STD DEV   1.17  1.47  1.49  1.35  1.09  1.16  1.42  1.40  1.58  1.49  1.35  1.13
SKEW      0.74  0.78  2.10  1.09  0.36  0.89  0.94  0.50  0.26  0.67  0.58  0.62
% ESE     3.68  4.03  3.72  2.61  3.48  2.24  2.04  2.91  3.59  3.92  5.22  3.87
MEAN      3.30  3.48  3.73  2.95  3.40  3.23  3.21  3.45  4.07  3.95  3.66  3.42
STD DEV   1.37  1.33  1.53  0.98  1.16  1.12  1.01  1.40  1.70  1.29  1.32  1.28
SKEW      1.24  0.88  1.24  0.83  0.78  0.53  0.36  0.94  0.89  0.41  0.60  0.76
% SE      7.41  6.21  5.62  4.17  4.87  3.10  3.82  4.84  4.17  6.90  6.66  7.78
MEAN      3.32  3.30  3.45  3.27  3.26  3.29  3.44  3.75  3.77  4.42  3.66  3.64
STD DEV   1.16  1.25  1.29  1.22  1.30  1.23  1.51  1.58  1.67  1.74  1.31  1.30
SKEW      0.75  1.12  0.58  0.66  0.90  0.71  1.31  0.92  1.00  0.68  0.55  0.69
% SSE     7.05  6.04  3.90  2.47  3.61  3.17  3.29  4.12  4.17  7.16  5.59  6.74
MEAN      3.45  3.43  3.60  3.26  3.84  3.55  3.74  4.37  3.90  4.39  3.75  3.84
STD DEV   1.30  1.30  1.50  1.16  1.84  1.50  1.71  1.98  1.58  1.67  1.29  1.43
SKEW      0.81  0.73  1.16  0.41  0.91  1.10  1.17  1.02  0.77  0.40  0.57  0.66
% S      12.13 11.33  5.45  3.89  5.97  7.74  6.94  7.47  8.90 12.96  9.91 11.20
MEAN      3.81  3.54  3.36  3.22  3.83  4.18  3.97  4.43  4.31  4.51  3.96  4.04
STD DEV   1.33  1.38  1.18  1.30  1.76  1.95  1.83  1.95  1.89  1.71  1.38  1.45
SKEW      0.40  0.75  0.46  0.44  1.05  0.69  0.75  0.90  0.71  0.49  0.43  0.68
% SSW    11.36  8.77  4.35  3.71  5.50  6.84  7.81  7.43  8.50  9.93  8.52  9.25
MEAN      4.04  3.68  3.83  3.52  4.15  4.20  4.55  4.61  4.94  4.80  4.22  4.05
STD DEV   1.42  1.32  1.37  1.31  1.74  1.77  1.79  1.85  2.02  1.75  1.37  1.32
SKEW      0.53  0.66  0.69  0.32  0.52  0.74  0.52  0.58  0.58  0.49  0.38  0.62
% SW     14.43 11.49  6.37  7.76  8.73 10.99 12.21 10.45 10.63 12.18 12.14 11.29
MEAN      4.15  3.69  3.75  3.82  4.20  4.24  4.40  4.91  4.87  4.88  4.27  4.08
STD DEV   1.38  1.28  1.47  1.54  1.75  1.90  1.83  2.11  2.04  1.85  1.48  1.41
SKEW      0.50  0.46  0.67  0.69  0.61  1.01  0.63  0.66  0.43  0.47  0.39  0.34
% WSW     5.85  3.83  2.54  3.64  5.96  6.54  7.09  6.33  6.93  7.86  5.86  4.72
MEAN      3.93  3.75  3.27  3.76  4.38  4.41  4.57  4.71  4.79  5.25  4.02  3.90
STD DEV   1.44  1.44  1.25  1.59  2.07  2.08  1.92  2.02  2.21  2.16  1.56  1.43
SKEW      0.40  0.52  0.69  0.45  0.78  0.82  0.41  0.73  0.73  0.54  0.49  0.50
% W       2.45  2.30  1.70  2.73  4.45  4.90  5.58  5.54  5.82  3.96  3.20  2.63
MEAN      3.60  2.96  2.90  3.18  3.94  3.90  3.79  4.43  4.15  4.12  3.59  3.40
STD DEV   1.50  1.12  0.94  1.41  1.83  1.79  1.88  2.16  1.79  1.99  1.38  1.41
SKEW      0.97  0.57  0.17  0.66  0.99  1.07  1.04  0.80  0.82  0.89  0.73  0.54
% WNW     1.62  1.53  1.61  2.96  3.69  3.83  4.12  4.36  4.39  2.83  2.21  2.08
MEAN      3.11  3.51  2.99  3.19  3.91  3.44  3.92  3.90  4.13  3.93  3.47  3.49
STD DEV   1.25  1.60  1.31  1.26  1.99  1.44  1.92  1.72  1.69  1.57  1.49  1.67
SKEW      0.52  1.00  1.56  0.86  1.29  0.80  1.40  0.82  0.77  0.50  0.55  0.97
% NW      2.21  2.99  2.98  5.40  5.90  6.20  7.52  5.41  7.34  5.29  3.37  2.06
MEAN      3.08  3.10  3.03  3.34  3.54  3.59  3.80  3.74  4.19  4.13  3.41  3.27
STD DEV   0.97  1.44  1.35  1.40  1.66  1.58  1.74  1.52  1.93  1.63  1.24  1.26
SKEW      0.64  1.96  1.47  0.97  1.25  1.24  0.91  0.86  1.18  0.40  0.78  0.53
% NNW     1.64  3.09  3.63  6.33  6.02  5.11  4.88  4.43  4.36  3.74  2.87  2.75
MEAN      3.13  3.57  3.63  3.64  3.66  3.56  3.93  3.96  3.90  4.17  3.81  3.35
STD DEV   0.98  1.70  1.68  1.38  1.50  1.31  1.78  1.58  1.71  1.87  1.45  1.25
SKEW      0.21  2.03  1.04  0.55  1.29  0.74  0.77  1.21  1.10  0.94  1.18  0.31
CALM      4.02  5.43  5.40  6.69  6.63  6.74  6.75  5.62  5.29  3.99  4.27  4.43
                                                                                
INTERPOLATED DATA (station & weighting factor)                                  
                                                                                
---Wind Stations---                                                             
FLORENCE      SC    1.000  SUMTER        SC     .000  MYRTLE BEACH  SC     .000 
