 Australia    Nannup                                                            
 LATT= -33.98 LONG= 115.77 YEARS= 30. TYPE= 2
 ELEVATION =  328. TP5 = 1.05 TP6= 4.34
 MEAN P    .10   .21   .19   .22   .35   .41   .36   .28   .25   .23   .19   .17
 S DEV P   .12   .24   .24   .34   .40   .48   .40   .30   .26   .26   .24   .28
 SKEW  P  1.76  1.96  2.33  4.43  1.82  2.45  1.81  1.84  1.89  2.35  3.28  4.25
 P(W/W)    .28   .29   .31   .42   .64   .71   .74   .71   .58   .58   .48   .32
 P(W/D)    .06   .06   .11   .21   .32   .37   .48   .43   .32   .27   .18   .10
 TMAX AV 83.48 83.41 79.13 72.30 65.59 60.69 58.89 59.92 62.08 67.01 73.65 79.03
 TMIN AV 58.94 59.92 57.93 54.05 49.88 46.96 45.51 45.91 47.13 49.04 52.65 55.76
 SD TMAX  8.44  7.98  7.92  6.56  4.83  3.70  3.40  3.91  5.03  6.56  8.15  8.45
 SD TMIN  5.51  5.33  5.49  5.43  5.04  4.60  4.94  4.72  4.86  5.12  5.26  5.31
 SOL.RAD  655.  578.  461.  328.  240.  200.  212.  280.  365.  487.  587.  646.
 SD SOL  116.5 117.8 108.2  87.1  60.9  53.4  59.7  73.8  93.6 111.0 125.4 122.3
 MX .5 P   .41   .38   .38   .40   .58   .53   .48   .40   .39   .46   .49   .42
 DEW PT  52.62 53.44 52.68 51.42 49.39 47.22 46.25 46.12 46.64 47.97 49.77 50.86
Time Pk   .070  .170  .250  .340  .430  .520  .610  .690  .770  .850  .940 1.000
% N       4.36  4.70  5.41  6.13  5.75  7.12  7.08  5.84  4.52  5.95  4.45  6.49
MEAN      2.82  2.83  3.34  3.14  2.71  2.34  2.56  2.31  3.14  4.21  2.60  3.61
STD DEV   1.19  1.36  1.94  2.03  1.97  1.33  1.91  1.33  1.98  2.61  1.08  1.98
SKEW      0.43  0.88  0.76  0.94  1.11  1.17  1.55  1.58  0.99  0.89  0.65  0.39
% NNE     1.84  1.80  1.43  1.22  0.83  0.72  0.68  1.33  1.81  1.48  1.79  2.30
MEAN      2.00  1.89  1.82  1.85  1.56  1.43  1.33  2.23  2.74  1.75  1.92  2.09
STD DEV   0.83  0.85  0.98  1.08  0.77  0.82  0.62  1.03  1.33  0.92  0.83  0.87
SKEW      0.26  0.31  0.43  0.45  0.31  0.51  0.49  0.51  0.77  0.39  0.29  0.13
% NE      1.41  1.52  1.68  2.11  1.81  1.54  1.83  1.94  1.23  1.21  1.41  1.26
MEAN      1.99  1.99  2.38  3.14  2.23  2.08  1.83  2.08  1.96  2.31  2.02  2.19
STD DEV   0.69  0.71  1.33  2.45  1.28  0.95  0.93  1.14  0.80  1.30  0.88  0.75
SKEW      0.35  0.29  0.64  1.09  1.06  0.61  1.13  1.39  0.46  1.06  1.12  0.29
% ENE     0.85  0.74  0.66  0.45  0.55  0.86  0.59  0.64  0.60  0.48  0.57  0.63
MEAN      1.39  1.36  1.40  1.20  1.32  1.34  1.38  1.62  1.82  1.35  1.44  1.43
STD DEV   0.59  0.63  0.74  0.53  0.63  0.59  0.70  0.50  0.60  0.58  0.61  0.60
SKEW      0.31  0.41  0.65  0.32  0.36  0.29  0.51  0.29  0.22  0.29  0.29  0.41
% E       2.58  3.68  2.80  2.27  4.60  6.89  3.51  3.50  2.22  1.72  1.72  1.94
MEAN      2.02  1.93  1.99  2.08  2.41  3.04  2.54  2.32  2.76  1.93  2.05  2.09
STD DEV   0.98  0.79  0.93  1.62  1.42  2.10  1.62  1.33  2.22  0.95  1.06  0.92
SKEW      1.59  1.76  0.89  1.26  0.77  0.68  0.93  1.21  1.46  1.26  1.27  0.64
% ESE     2.25  1.96  1.76  1.44  1.27  1.57  1.46  1.51  1.29  1.14  1.15  1.41
MEAN      1.78  1.75  1.64  1.53  1.66  1.62  1.80  2.47  2.96  2.48  1.63  1.66
STD DEV   0.79  0.75  0.71  0.73  1.11  0.79  0.97  0.90  0.68  0.74  0.75  0.69
SKEW      0.38  0.36  0.49  0.36  0.78  0.34  0.30  0.52  0.43  0.49  0.45  0.40
% SE      8.94  7.96  7.30  7.43  8.61 12.84  9.47 10.15  7.32  7.40  5.85  7.66
MEAN      3.79  3.64  3.34  3.59  3.97  3.75  3.31  3.59  4.04  3.55  3.54  3.61
STD DEV   1.89  1.80  1.75  2.10  2.34  1.96  1.60  1.70  2.24  1.66  1.70  1.63
SKEW      0.45  0.48  0.74  0.68  0.82  0.70  0.46  0.72  1.07  0.36  0.47  0.38
% SSE     4.71  4.44  3.45  3.46  3.84  4.15  5.54  6.81  5.62  4.33  3.73  3.54
MEAN      2.41  2.44  2.35  2.33  2.55  2.48  2.51  3.97  4.11  3.87  2.48  2.38
STD DEV   1.02  1.06  1.07  1.04  1.24  1.22  1.18  1.94  2.13  1.08  1.08  1.03
SKEW      0.27  0.29  0.29  0.34  0.37  0.39  0.35  0.51  0.67  0.22  0.19  0.31
% S      24.77 25.93 19.52 15.82 11.92 13.16 11.67 14.56 13.20 15.76 23.35 18.65
MEAN      3.41  3.37  3.26  3.46  3.63  3.73  3.30  3.51  3.64  3.54  3.50  3.41
STD DEV   1.43  1.60  1.70  1.90  2.00  2.15  1.75  1.76  1.88  1.81  1.65  1.64
SKEW      0.10  0.34  0.56  0.98  0.93  0.78  0.87  0.87  0.68  0.40  0.28  0.35
% SSW     1.19  1.17  0.99  1.16  1.06  1.24  1.66  2.09  1.66  1.77  1.49  1.42
MEAN      1.70  1.76  1.70  1.79  1.71  1.85  1.96  3.45  3.65  3.77  1.86  1.65
STD DEV   0.74  0.81  0.89  0.93  0.90  0.99  0.99  1.92  0.85  0.98  0.90  0.79
SKEW      0.19  0.38  0.43  0.38  0.51  0.40  0.43  1.14  0.47  0.42  0.29  0.41
% SW      7.63  5.75  7.44  6.49  4.48  1.18  2.75  2.74  6.57  4.90  9.99  8.72
MEAN      3.19  3.37  3.47  3.13  2.81  2.49  2.67  3.24  3.51  3.77  3.94  3.87
STD DEV   1.43  1.63  1.62  1.66  1.45  1.36  1.39  1.67  1.70  1.79  1.79  1.64
SKEW      0.11  0.21  0.11  0.95  0.57  0.72  0.55  0.85  0.78  0.42  0.21  0.02
% WSW     1.30  1.39  1.26  0.90  0.73  0.80  0.82  1.18  1.51  1.45  1.71  1.48
MEAN      2.09  2.18  1.97  1.57  1.41  1.44  1.46  2.47  2.69  3.34  2.14  2.15
STD DEV   0.92  0.95  0.92  0.79  0.59  0.74  0.70  0.85  0.95  0.94  1.05  0.97
SKEW      0.08  0.09  0.16  0.43  0.18  0.64  0.48  0.62  0.46  0.26  0.26  0.25
% W       4.95  4.56  5.54  6.20  8.03  4.54  6.79  6.08  7.31  8.09  5.69  5.70
MEAN      2.75  2.61  2.84  2.84  2.39  2.75  2.44  2.73  3.63  3.56  3.10  3.55
STD DEV   1.31  1.34  1.51  1.92  1.31  1.46  1.43  1.56  2.08  2.07  1.70  1.96
SKEW      0.50  1.14  0.90  1.54  1.06  0.91  1.52  1.17  0.76  0.89  0.79  0.71
% WNW     2.66  2.77  3.21  3.14  2.67  2.37  2.59  3.58  5.57  5.06  5.09  4.75
MEAN      2.13  2.28  2.18  2.19  1.87  1.89  1.74  2.04  3.46  4.37  2.64  2.56
STD DEV   0.95  1.08  1.11  1.16  1.01  1.03  0.96  1.13  1.52  2.26  1.20  1.10
SKEW      0.14  0.28  0.33  0.32  0.47  0.47  0.74  0.49  0.68  0.37  0.20  0.13
% NW      4.36  4.29  5.83  7.39  6.28  6.02  9.75  7.38 11.05 10.24  6.13  8.45
MEAN      3.63  3.21  3.01  3.10  3.17  2.73  3.18  3.05  4.04  4.21  3.43  4.27
STD DEV   1.99  1.78  1.62  1.86  1.83  1.55  1.88  1.63  2.06  2.05  1.46  1.88
SKEW      0.23  0.54  0.63  0.97  0.80  1.00  0.88  0.67  0.37  0.40  0.26  0.27
% NNW     3.73  3.46  3.22  2.76  2.09  1.81  2.04  3.38  3.78  4.30  4.45  4.95
MEAN      2.26  2.17  1.94  1.86  1.72  1.63  1.62  2.85  2.90  3.58  2.31  2.36
STD DEV   0.96  0.96  0.94  0.95  0.97  0.89  0.92  1.18  0.97  1.91  0.98  0.97
SKEW      0.13  0.13  0.27  0.33  0.52  0.52  0.62  0.68  0.30  0.29  0.12  0.11
CALM     22.44 23.89 28.46 31.63 35.43 33.29 31.84 27.24 24.75 24.66 21.45 20.68
                                                                                
INTERPOLATED DATA (station & weighting factor)                                  
                                                                                
---Wind Stations---                                                             
SANTA ROSA    CA     .417  UKIAH         CA     .399  SAN RAFAEL/HA.CA     .184 
