 Australia    Beaufort (Sheepwash)                                              
 LATT= -37.50 LONG= 143.28 YEARS= 30. TYPE= 3
 ELEVATION = 1089. TP5 = 2.69 TP6= 5.51
 MEAN P    .24   .22   .15   .16   .15   .14   .14   .15   .17   .18   .20   .22
 S DEV P   .38   .38   .18   .22   .20   .16   .15   .18   .20   .23   .25   .29
 SKEW  P  3.88  4.92  2.33  2.80  3.51  1.91  2.32  3.18  2.61  2.76  2.65  2.40
 P(W/W)    .42   .34   .38   .48   .53   .62   .61   .65   .57   .54   .48   .46
 P(W/D)    .15   .14   .16   .21   .30   .35   .41   .37   .35   .30   .22   .20
 TMAX AV 77.50 77.17 72.32 64.95 57.86 52.74 51.47 53.23 57.25 62.56 68.05 73.05
 TMIN AV 54.57 55.07 52.30 47.67 44.31 41.24 40.23 40.40 42.43 44.60 48.12 51.13
 SD TMAX 10.26  9.72  9.32  7.51  5.13  3.49  3.31  4.58  5.95  8.28  9.60 10.11
 SD TMIN  7.81  7.19  6.95  6.23  5.45  4.85  4.39  4.88  5.69  6.62  7.33  7.45
 SOL.RAD  557.  498.  393.  271.  184.  144.  159.  226.  317.  414.  490.  546.
 SD SOL  118.6 108.7  97.8  77.8  57.5  46.9  51.2  66.4  86.1 107.1 118.2 125.4
 MX .5 P   .62   .40   .37   .28   .29   .20   .20   .23   .27   .36   .49   .54
 DEW PT  49.52 50.41 48.25 45.56 44.17 42.22 40.87 40.54 42.27 43.71 46.49 47.35
Time Pk   .070  .150  .240  .320  .400  .510  .600  .690  .780  .860  .940 1.000
% N       7.20  8.90  9.40 12.20 10.10 11.00 14.50 14.50  9.60 10.40  8.60  7.70
MEAN      2.21  2.26  2.22  2.52  2.83  3.04  3.02  3.14  3.20  3.17  2.84  2.30
STD DEV   0.93  1.00  1.04  1.30  1.51  1.34  1.34  1.46  1.51  1.35  1.44  1.05
SKEW      0.61  0.85  0.95  1.02  0.98  0.46  0.64  0.53  0.53  0.48  0.81  0.88
% NNE     8.20  9.00 11.10  7.70  6.90  7.40  6.30  7.50  4.20  5.90  6.20  7.20
MEAN      2.49  2.45  2.78  2.70  2.33  3.31  3.10  3.18  3.26  3.05  2.97  2.49
STD DEV   1.04  1.04  1.42  1.25  1.00  1.30  1.45  1.46  1.35  1.27  1.43  1.02
SKEW      0.62  0.59  1.15  1.10  1.02  0.38  0.56  0.85  0.22  0.25  0.65  0.74
% NE      3.50  4.70  4.00  2.10  2.40  1.80  2.00  2.40  1.90  2.50  2.00  3.40
MEAN      2.34  2.52  2.46  2.38  2.30  2.53  2.35  2.79  3.05  2.83  2.20  2.49
STD DEV   0.96  1.08  1.22  1.26  0.86  1.04  1.07  1.26  1.28  1.18  0.88  1.03
SKEW      0.85  0.62  0.77  1.43  0.20  0.72  0.77  0.90  0.66  0.33  0.51  0.84
% ENE     1.90  2.10  2.30  0.90  1.00  0.80  0.60  1.00  0.70  1.10  1.30  2.10
MEAN      2.32  1.86  2.26  1.78  2.50  1.71  1.67  1.90  2.00  2.33  2.54  2.05
STD DEV   1.13  0.78  1.19  0.64  1.22  0.71  0.48  0.95  0.77  1.19  1.66  0.93
SKEW      0.68  0.87  1.04  0.21  0.69  0.46 -0.71  0.91  0.00  0.86  1.59  0.67
% E       4.00  2.10  2.70  1.10  0.80  1.90  1.40  2.00  1.50  1.80  1.70  3.30
MEAN      1.68  1.50  1.60  1.67  1.67  1.67  1.46  2.11  2.00  1.89  1.53  1.71
STD DEV   0.75  0.59  0.57  0.63  0.68  0.58  0.64  0.86  1.04  0.81  0.62  0.75
SKEW      0.94  0.72  0.27  0.38  0.50  0.19  1.05  0.31  1.45  0.83  0.72  0.96
% ESE     4.80  2.80  4.50  3.20  2.40  2.90  3.10  2.40  2.90  3.30  4.20  5.10
MEAN      1.63  1.39  1.80  1.50  1.75  2.00  2.32  2.46  2.07  2.39  1.95  1.84
STD DEV   0.85  0.56  0.72  0.56  0.83  1.26  1.26  1.12  1.25  1.26  1.04  0.81
SKEW      1.78  1.05  0.68  0.54  0.93  1.14  0.55  0.82  1.36  0.70  1.36  1.43
% SE      5.60  4.60  8.70  6.60  5.90  6.00  5.80  4.10  4.60  5.00  5.60  6.00
MEAN      1.55  1.47  2.03  1.71  1.86  2.34  2.29  2.60  2.31  2.18  1.87  1.72
STD DEV   0.78  0.54  0.86  0.57  0.92  1.26  1.18  1.37  1.21  1.01  0.83  0.78
SKEW      1.42  0.55  0.80  0.10  1.48  0.98  0.82  0.87  1.05  0.69  0.81  1.61
% SSE     8.20  8.50 10.50  8.40  9.50 10.10  9.00  5.60  7.70 10.20  8.60  8.80
MEAN      1.56  1.40  1.99  1.68  1.88  2.72  2.38  2.66  2.08  2.71  1.86  1.73
STD DEV   0.83  0.60  0.86  0.86  0.86  1.41  1.23  1.41  1.28  1.29  0.96  0.82
SKEW      2.39  1.54  0.63  1.79  1.03  0.59  1.19  0.93  1.45  0.61  1.16  1.40
% S      11.70 12.30 11.30 11.20 16.00 17.50 17.30 12.40 18.60 17.70 14.00 12.80
MEAN      1.69  1.73  2.09  2.06  2.77  3.09  2.83  3.09  3.41  3.10  2.23  1.84
STD DEV   0.83  0.89  1.02  1.12  1.61  1.59  1.41  1.49  1.83  1.59  1.21  0.87
SKEW      1.25  1.30  1.13  1.07  1.01  0.60  0.69  0.30  0.96  0.62  0.94  1.16
% SSW     8.70  9.20  5.30  6.30  7.00  7.90  7.40  6.40  9.10 10.40  9.40  7.80
MEAN      2.14  2.29  2.25  2.45  3.19  3.06  3.12  3.32  3.61  3.91  2.79  2.31
STD DEV   1.04  1.25  1.05  1.34  1.57  1.80  1.65  1.90  1.74  1.96  1.59  1.08
SKEW      0.91  0.96  0.79  0.87  0.73  1.00  0.71  0.89  0.32  0.53  1.16  0.78
% SW      7.30  7.00  3.90  3.40  4.60  3.90  3.30  4.10  5.00  5.70  5.40  6.10
MEAN      2.47  2.44  2.33  2.84  3.00  3.41  3.21  3.29  3.98  4.03  2.94  2.63
STD DEV   1.19  1.09  1.02  1.70  1.51  1.81  1.65  1.68  2.00  1.88  1.47  1.27
SKEW      0.86  0.77  0.60  1.01  0.52  0.34  0.68  0.32  0.89  0.25  0.74  0.66
% WSW     5.40  4.50  3.10  2.30  2.50  3.80  3.10  3.80  4.50  3.40  4.00  5.60
MEAN      2.26  2.46  2.00  2.32  2.56  2.89  2.90  3.23  4.04  3.55  2.75  2.58
STD DEV   1.22  1.12  1.02  1.23  1.39  1.72  1.77  1.73  2.17  2.10  1.47  1.26
SKEW      0.81  0.62  1.11  0.88  0.64  0.79  1.20  0.28  0.69  0.71  0.58  0.51
% W       5.60  6.00  4.30  4.10  4.80  4.80  4.70  6.00  7.10  4.20  5.80  5.80
MEAN      2.07  2.02  1.76  2.12  2.83  2.62  3.13  3.28  3.61  3.29  2.49  2.31
STD DEV   0.91  1.09  0.75  1.11  1.63  1.41  1.83  2.20  1.75  1.92  1.32  1.21
SKEW      0.86  1.37  0.76  1.05  0.53  0.50  0.69  0.79  0.31  0.68  0.76  1.10
% WNW     2.70  3.70  3.30  3.30  5.30  4.30  3.60  6.10  5.60  3.30  3.50  2.50
MEAN      1.85  1.92  1.76  2.15  2.83  2.53  2.54  2.80  2.98  2.81  2.64  1.92
STD DEV   0.81  0.96  0.89  1.14  1.47  1.21  1.37  1.55  1.47  1.49  1.46  0.87
SKEW      0.70  1.24  1.79  1.08  0.26  0.55  0.68  0.84  0.50  0.66  0.75  0.55
% NW      1.90  2.50  2.60  3.40  4.00  4.10  4.60  7.50  4.40  3.30  3.00  2.20
MEAN      1.89  1.88  1.92  2.21  2.45  2.49  2.98  2.85  2.91  2.97  2.38  1.91
STD DEV   0.86  0.91  1.00  1.05  1.23  1.22  1.49  1.39  1.60  1.68  1.16  0.95
SKEW      0.71  0.88  1.32  0.80  0.73  0.64  0.32  0.62  0.70  0.88  0.70  1.46
% NNW     3.30  3.90  4.50  7.00  7.10  6.00  8.40  8.60  6.50  6.30  4.00  3.70
MEAN      1.94  2.10  1.89  2.58  2.89  2.82  3.04  3.03  3.10  3.29  2.40  2.08
STD DEV   1.03  1.04  0.86  1.35  1.52  1.49  1.44  1.44  1.63  1.55  1.22  1.09
SKEW      1.09  0.91  0.65  0.76  0.60  0.58  0.60  0.55  0.70  0.32  0.77  1.12
CALM      9.80  8.50  8.30 16.60  9.80  5.90  4.70  5.60  6.00  5.50 12.70 10.00
                                                                                
INTERPOLATED DATA (station & weighting factor)                                  
                                                                                
---Wind Stations---                                                             
TULLAHOMA     TN    1.000  SMITHVILLE    TN     .000  SMYRNA/SEWART TN     .000 
