 Australia    Jindabyne (Lynwood)                                               
 LATT= -36.48 LONG= 148.59 YEARS= 30. TYPE= 3
 ELEVATION = 3248. TP5 = 2.33 TP6= 4.59
 MEAN P    .38   .37   .35   .27   .24   .30   .27   .23   .26   .29   .34   .31
 S DEV P   .46   .45   .42   .34   .29   .43   .31   .25   .30   .35   .38   .38
 SKEW  P  2.48  2.51  2.97  3.51  2.99  3.40  2.80  2.81  2.49  2.68  2.78  3.68
 P(W/W)    .38   .34   .35   .37   .27   .40   .25   .34   .31   .26   .42   .33
 P(W/D)    .16   .18   .16   .13   .13   .14   .15   .20   .22   .22   .21   .17
 TMAX AV 73.34 71.71 67.00 59.35 51.62 45.27 43.32 45.52 51.80 58.31 63.89 68.80
 TMIN AV 52.68 52.07 47.74 41.47 36.35 32.94 30.87 31.30 35.10 39.51 44.66 48.82
 SD TMAX  7.59  7.06  6.73  6.22  5.42  4.27  3.90  5.46  6.59  7.29  7.86  7.36
 SD TMIN  6.50  5.90  6.02  5.57  5.28  4.73  4.82  4.93  5.74  6.51  6.93  6.53
 SOL.RAD  585.  508.  426.  309.  223.  168.  190.  256.  356.  462.  533.  588.
 SD SOL  131.9 119.3 104.5  77.8  64.1  54.0  56.7  73.2  99.7 114.1 129.3 131.1
 MX .5 P   .79   .61   .40   .23   .17   .20   .17   .23   .29   .38   .57   .53
 DEW PT  49.28 49.40 45.99 41.19 36.77 33.46 31.43 31.44 35.02 38.55 42.93 45.73
Time Pk   .070  .150  .240  .320  .400  .510  .600  .690  .780  .860  .940 1.000
% N       3.49  3.66  5.04  7.31  7.90  8.46  7.96  8.03  9.00  7.66  5.84  4.06
MEAN      5.11  5.43  5.89  5.96  6.69  6.60  6.44  6.89  7.35  7.25  6.26  5.73
STD DEV   2.71  2.67  2.67  2.77  3.20  3.16  3.10  3.39  3.53  3.59  2.80  2.67
SKEW      0.92  1.39  0.58  0.75  0.61  0.75  0.51  1.02  0.66  0.66  0.27  0.60
% NNE     4.31  3.77  5.43  6.98  6.11  5.70  6.96  6.97  7.10  6.77  6.28  4.92
MEAN      6.12  6.16  6.66  6.63  7.10  6.90  6.53  6.72  7.28  7.39  6.81  6.45
STD DEV   2.95  2.72  2.83  2.83  3.12  3.26  2.89  3.15  3.20  3.15  2.80  2.92
SKEW      0.62  0.84  0.60  0.56  0.49  0.51  0.39  0.66  0.59  0.39  0.40  1.04
% NE      5.69  5.15  5.97  5.70  4.04  3.98  4.60  4.67  5.43  5.17  5.93  5.56
MEAN      5.35  5.36  5.70  5.49  5.56  5.16  5.28  5.11  6.12  5.93  5.79  5.90
STD DEV   2.51  2.53  2.55  2.39  2.58  2.26  2.53  2.47  2.75  2.72  2.51  2.73
SKEW      0.99  1.05  0.66  0.66  0.37  0.86  0.52  0.59  0.59  0.68  0.43  0.62
% ENE     4.82  4.65  5.49  3.95  2.94  2.33  2.66  3.52  4.86  4.57  4.85  5.17
MEAN      5.79  5.55  5.74  5.48  5.41  4.71  4.96  4.98  6.27  6.06  6.07  6.14
STD DEV   2.38  2.12  2.28  2.18  2.26  1.80  2.03  2.05  2.86  2.56  2.46  2.44
SKEW      0.63  0.52  0.73  0.60  0.49  0.42  0.52  0.47  0.83  0.41  0.42  0.38
% E       5.88  5.21  5.52  3.99  2.71  2.97  3.19  3.59  4.41  4.94  5.51  5.52
MEAN      4.98  4.61  4.77  4.57  3.91  4.02  3.88  4.27  5.02  5.31  5.44  5.08
STD DEV   2.08  1.70  1.88  1.71  1.74  1.61  1.60  1.98  2.06  2.15  2.26  2.21
SKEW      0.59  0.30  0.61  0.27  0.32  0.09  0.28  0.41  0.55  0.48  0.62  0.55
% ESE     6.19  4.98  5.54  3.53  2.68  2.03  2.49  3.02  4.67  5.62  6.55  5.26
MEAN      5.22  5.04  5.13  4.62  4.88  4.39  4.44  5.20  5.37  5.78  5.55  5.41
STD DEV   1.94  1.82  1.74  1.58  2.09  1.41  1.76  1.82  1.99  2.15  2.14  2.08
SKEW      0.66  0.65  0.51  0.35  0.86  0.12  0.09  0.49  0.40  0.34  0.54  0.52
% SE      9.65  9.88  8.01  6.00  3.66  2.93  3.34  4.24  5.13  6.95  7.88  7.53
MEAN      5.07  5.00  4.79  4.97  4.76  4.46  4.04  4.61  5.39  5.56  5.74  5.10
STD DEV   2.05  2.07  1.96  1.93  1.97  1.87  1.79  1.80  2.21  2.37  2.64  2.22
SKEW      0.55  0.75  0.60  0.32  0.64  0.51  0.47  0.45  0.71  0.63  0.64  0.52
% SSE    16.17 15.05 11.96 10.52  4.96  5.00  5.35  7.46  9.05 11.01 12.72 13.49
MEAN      5.83  5.65  5.86  5.76  5.54  5.33  5.18  5.62  6.42  6.81  6.54  6.48
STD DEV   2.13  2.06  2.06  2.20  2.20  2.11  2.10  2.38  2.44  2.89  2.73  2.45
SKEW      0.47  0.53  0.45  0.58  0.67  0.25  0.38  0.51  0.33  0.52  0.45  0.28
% S      15.42 14.69 14.92 11.66  8.87  8.03  7.94  8.20  7.10  8.86 10.40 15.97
MEAN      5.73  5.41  6.09  5.55  4.83  4.90  4.82  5.16  5.93  6.79  6.14  6.78
STD DEV   2.21  2.06  2.41  2.17  2.07  2.34  2.14  2.37  2.81  3.13  2.84  2.69
SKEW      0.40  0.45  0.36  0.60  0.72  0.92  0.49  0.64  0.76  0.73  0.57  0.25
% SSW     9.98 10.59  9.64  8.09  7.72  6.84  6.26  5.84  5.60  5.94  6.79 10.02
MEAN      6.55  6.12  6.82  6.25  5.37  5.37  5.32  5.48  6.41  7.15  6.72  7.12
STD DEV   2.57  2.15  2.74  2.50  2.24  2.39  2.44  2.55  2.90  3.30  3.35  2.93
SKEW      0.26  0.31  0.49  0.43  0.71  0.76  0.87  1.05  0.45  0.51  0.86  0.09
% SW      5.18  6.31  5.60  6.43  7.36  7.55  7.42  6.58  5.44  4.85  5.04  5.49
MEAN      5.61  5.40  5.22  4.74  4.58  4.48  4.40  4.79  5.38  5.12  5.19  5.55
STD DEV   2.72  2.53  2.25  2.12  2.13  1.89  2.04  2.21  3.16  2.59  3.02  2.96
SKEW      0.63  0.70  0.57  0.71  0.94  0.62  0.67  0.86  1.23  0.74  0.97  0.49
% WSW     2.19  3.22  3.10  3.61  6.03  6.61  7.28  5.17  4.23  3.85  3.03  3.14
MEAN      4.50  5.31  4.87  4.70  4.34  4.71  4.58  4.90  5.27  5.38  4.70  4.81
STD DEV   1.84  2.24  1.95  2.18  1.92  2.25  2.06  2.36  3.03  2.59  2.30  2.51
SKEW      0.74  0.61  0.57  0.70  0.54  1.35  0.69  1.26  1.01  0.76  0.84  0.79
% W       2.59  3.02  3.52  5.34  7.75  8.80  8.49  6.78  4.52  3.83  3.35  3.11
MEAN      3.95  4.30  4.20  4.26  4.50  4.67  4.38  4.56  4.87  4.68  4.30  4.27
STD DEV   2.50  2.03  1.67  1.64  1.76  1.73  1.89  1.84  2.49  2.14  2.03  2.36
SKEW      2.56  0.99  0.36  0.56  0.43  0.57  0.57  0.35  0.85  0.80  0.45  0.92
% WNW     1.72  2.21  2.24  3.79  6.88  7.91  6.62  6.07  5.29  3.82  3.69  2.05
MEAN      4.59  4.68  4.87  4.42  4.94  5.50  5.07  5.24  6.59  5.59  5.83  4.37
STD DEV   2.16  2.18  2.12  1.71  2.29  2.65  2.24  2.28  3.64  2.87  2.94  1.95
SKEW      0.78  0.66  0.56  0.48  0.57  1.63  0.67  0.94  1.34  0.98  0.74  0.74
% NW      2.08  2.51  2.86  4.66  8.11  8.65  7.45  7.83  6.86  4.97  4.26  2.68
MEAN      4.08  4.37  4.22  4.91  5.51  5.72  5.11  5.76  6.58  6.35  5.62  4.92
STD DEV   2.07  2.02  1.73  2.51  3.00  2.88  2.54  3.13  3.99  3.55  3.11  2.56
SKEW      1.04  0.64  0.69  1.13  1.29  1.37  0.91  1.00  1.07  1.02  0.89  0.98
% NNW     1.93  2.21  2.28  5.27  9.18  8.56  7.76  8.51  8.91  9.13  5.15  3.38
MEAN      4.90  5.57  5.74  6.33  7.43  6.71  6.69  7.26  8.23  7.55  6.60  6.47
STD DEV   2.53  2.44  2.85  3.15  4.16  3.31  3.17  3.74  4.27  3.61  3.03  3.41
SKEW      0.89  0.71  0.62  0.72  0.95  0.85  0.51  1.14  0.80  0.80  0.50  0.92
CALM      2.76  2.88  2.83  3.11  3.13  3.67  4.18  3.39  2.55  2.01  2.66  2.55
                                                                                
INTERPOLATED DATA (station & weighting factor)                                  
                                                                                
---Wind Stations---                                                             
GARDEN CITY   KS     .485  LA JUNTA      CO     .263  DODGE CITY    KS     .253 
