 Canada    Burwash A                                                            
 LATT=  61.37 LONG=-139.05 YEARS= 30. TYPE= 3
 ELEVATION = 2644. TP5 = 1.17 TP6= 1.93
 MEAN P    .05   .05   .06   .08   .13   .20   .20   .17   .12   .09   .05   .06
 S DEV P   .06   .05   .05   .08   .15   .23   .23   .18   .13   .14   .06   .07
 SKEW  P  2.83  3.02  1.73  1.60  2.10  2.42  1.98  1.88  1.84  9.55  3.91  3.22
 P(W/W)    .40   .34   .35   .28   .42   .52   .57   .49   .44   .41   .41   .36
 P(W/D)    .14   .14   .12   .09   .18   .24   .30   .23   .19   .18   .20   .16
 TMAX AV  1.71  9.73 20.78 35.94 48.97 59.42 62.92 60.28 48.76 31.70 11.48  4.27
 TMIN AV -9.99 -4.53  1.97 17.90 30.39 40.52 45.20 41.95 31.94 18.74 -0.06 -7.92
 SD TMAX 13.78 12.23 11.09  7.39  8.56  6.44  5.69  7.11  7.64  8.83 12.05 12.32
 SD TMIN 13.48 12.67 11.57  8.21  6.26  5.11  4.01  5.27  6.97  9.09 12.30 11.63
 SOL.RAD   23.   84.  203.  363.  475.  493.  456.  355.  220.  107.   37.    9.
 SD SOL   14.0  27.4  53.5  62.4  80.0  90.8  89.7  90.0  66.3  35.8  17.4   7.0
 MX .5 P   .01   .01   .01   .01   .24   .39   .64   .40   .23   .12   .06   .01
 DEW PT -12.27 -7.57 -0.83 14.74 26.48 37.01 42.22 39.68 31.07 18.82 -1.00 -9.23
Time Pk   .250  .360  .450  .530  .600  .670  .720  .790  .850  .900  .950 1.000
% N       3.48  3.86  4.53  5.16  4.84  4.37  5.21  5.24  4.93  2.84  2.99  2.67
MEAN      3.93  4.33  4.43  4.84  4.48  4.07  3.79  3.89  4.19  4.19  4.42  3.91
STD DEV   1.94  2.26  2.29  2.38  2.23  2.00  1.75  1.81  2.11  2.06  2.18  2.02
SKEW       .72   .78   .82   .62   .74   .83   .80   .84   .71   .75   .57   .76
% NNE     2.60  2.67  3.12  3.69  3.60  3.24  3.35  3.30  2.94  2.34  1.67  1.99
MEAN      3.56  3.58  3.73  4.43  4.02  4.10  3.70  3.64  3.77  3.65  3.62  2.96
STD DEV   1.75  1.70  1.69  2.07  1.88  1.90  1.70  1.57  1.71  1.71  1.73  1.28
SKEW      1.03   .62   .61   .56   .61   .70   .96   .68   .91   .74   .79   .72
% NE      3.48  3.75  4.17  5.34  5.43  5.10  5.21  5.25  4.55  3.32  1.83  2.58
MEAN      3.17  3.18  3.50  4.32  3.90  4.01  3.50  3.58  3.48  3.25  3.12  2.98
STD DEV   1.39  1.37  1.52  2.05  1.82  1.89  1.47  1.54  1.53  1.36  1.42  1.31
SKEW       .84   .49   .56   .61   .72   .78   .61   .60   .65   .57   .79   .94
% ENE     1.84  1.65  2.02  2.60  3.71  3.43  3.80  3.43  2.73  1.93  1.15  1.58
MEAN      3.01  2.98  3.28  3.91  4.22  3.91  3.71  3.47  3.47  3.10  2.93  2.64
STD DEV   1.33  1.30  1.53  2.01  2.02  1.73  1.61  1.47  1.42  1.35  1.41  1.07
SKEW       .54   .65   .71  1.04   .72   .65   .53   .67   .42   .61   .67   .53
% E       2.21  2.66  3.14  4.15  5.52  5.34  6.00  5.17  3.75  2.78  2.08  1.87
MEAN      2.77  3.09  3.39  3.88  4.21  3.84  3.59  3.42  3.32  3.10  2.96  2.78
STD DEV   1.28  1.43  1.58  1.89  2.13  1.78  1.62  1.49  1.52  1.36  1.36  1.23
SKEW       .84   .57   .61   .96   .85   .67   .70   .52   .57   .50   .66   .66
% ESE     1.94  2.08  2.62  3.45  4.76  3.92  4.46  3.90  3.29  2.60  1.87  1.90
MEAN      2.67  2.91  3.09  3.68  4.30  3.78  3.43  3.41  3.32  2.85  2.77  2.63
STD DEV   1.08  1.26  1.36  1.69  2.41  1.86  1.56  1.66  1.55  1.13  1.08  1.10
SKEW       .42   .61   .67   .51  1.21   .88   .79   .81   .88   .44   .28   .60
% SE      1.95  1.96  2.60  3.13  3.84  3.82  4.26  3.99  3.27  2.68  2.05  1.98
MEAN      2.44  2.55  2.73  3.22  3.65  3.33  3.24  3.07  3.06  2.76  2.52  2.36
STD DEV   1.10  1.06  1.17  1.40  1.84  1.52  1.45  1.41  1.25  1.27   .95   .88
SKEW       .72   .22   .66   .64  1.17   .92   .95   .79   .59  1.18   .68   .38
% SSE     1.06  1.21  1.59  1.95  2.33  2.41  2.90  2.53  1.96  1.48  1.08   .88
MEAN      2.74  3.60  2.86  3.25  3.30  3.37  3.25  3.11  3.15  3.11  2.88  2.59
STD DEV   1.38  1.84  1.21  1.46  1.50  1.38  1.48  1.35  1.34  1.37  1.20  1.10
SKEW       .97   .44   .53   .80   .67   .65  1.04   .97   .65  1.14  1.20   .97
% S       2.36  2.52  3.43  3.74  3.97  4.26  4.98  4.14  4.41  3.26  2.87  2.32
MEAN      4.40  4.42  4.18  4.12  3.67  3.47  3.46  3.35  3.61  3.76  4.34  4.51
STD DEV   2.72  2.64  2.17  2.12  1.80  1.61  1.61  1.60  1.79  1.91  2.42  2.59
SKEW      1.12  1.10   .86   .94   .99   .95   .95  1.01   .94   .93  1.08   .92
% SSW     8.71  8.30  8.18  6.94  5.48  5.99  5.97  5.80  7.15  8.34  9.76  9.04
MEAN      6.94  6.69  5.75  5.42  4.68  4.42  4.09  4.10  4.55  5.50  6.11  6.56
STD DEV   3.35  3.17  2.63  2.52  2.27  2.07  1.99  1.94  2.11  2.57  2.71  3.10
SKEW       .52   .42   .41   .60   .74   .75   .73   .89   .70   .58   .43   .50
% SW     31.60 27.51 21.68 16.46 12.47 14.51 12.31 13.96 17.69 25.56 30.54 32.41
MEAN      7.83  7.48  6.63  6.19  5.35  5.33  4.62  4.80  5.47  6.59  7.31  7.79
STD DEV   3.30  3.15  2.93  2.77  2.63  2.54  2.35  2.30  2.61  2.78  3.10  3.13
SKEW       .30   .27   .52   .56   .76   .71  1.13   .80   .79   .38   .66   .34
% WSW    15.09 16.32 14.19 13.26 11.60 12.36  9.45 10.67 12.00 15.95 16.91 17.05
MEAN      7.17  7.31  6.95  6.81  6.15  5.89  5.06  5.33  5.83  6.78  7.36  7.50
STD DEV   3.20  3.38  3.16  3.08  3.03  2.76  2.53  2.64  2.97  2.99  3.30  3.31
SKEW       .37   .50   .39   .59   .69   .62   .94   .79   .88   .44   .43   .53
% W       6.61  7.64  8.29  8.92  9.38  9.60  8.43  9.45  8.92  8.71  7.73  7.22
MEAN      5.45  5.77  6.22  6.42  5.84  5.45  4.73  4.87  5.33  5.87  5.93  5.76
STD DEV   3.00  3.19  3.31  3.35  3.00  2.71  2.51  2.49  2.92  3.11  3.28  3.08
SKEW       .85   .79   .63   .78   .61   .62  1.03   .96   .87   .83   .71   .77
% WNW     3.52  4.22  4.87  5.47  6.49  6.18  5.23  5.88  5.26  4.48  4.04  3.51
MEAN      4.62  5.28  5.51  5.78  5.65  5.30  4.86  4.84  5.14  5.35  5.37  4.93
STD DEV   2.32  2.76  2.76  2.82  2.91  2.56  2.26  2.22  2.50  2.65  2.78  2.52
SKEW       .71   .94   .66  1.08   .89   .67   .63   .62   .74   .65   .74   .68
% NW      3.68  3.92  4.59  5.59  5.79  5.14  5.29  5.46  5.69  4.05  3.84  3.47
MEAN      4.74  4.95  5.33  5.61  5.20  4.75  4.47  4.42  4.97  5.16  5.02  5.33
STD DEV   2.35  2.41  2.70  2.55  2.48  2.32  2.21  2.09  2.46  2.64  2.31  2.64
SKEW       .70   .79   .72   .49   .57   .75   .80   .73   .68   .68   .42   .58
% NNW     3.05  3.12  3.79  4.49  3.91  3.15  3.87  3.50  3.89  2.52  2.65  2.58
MEAN      4.83  4.90  5.54  5.64  4.98  4.46  4.31  4.23  4.99  4.68  5.11  4.66
STD DEV   2.43  2.42  2.84  2.66  2.35  2.19  2.00  1.96  2.39  2.36  2.44  2.44
SKEW       .68   .87   .66   .54   .54   .69   .74   .80   .67   .70   .43   .79
CALM      6.85  6.61  7.24  5.68  6.93  7.17  9.27  8.33  7.57  7.10  6.94  6.85
                                                                                
INTERPOLATED DATA (station & weighting factor)                                  
                                                                                
---Wind Stations---                                                             
GREAT FALLS   MT     .397  GREAT FALLS   MT     .397  LEWISTON      MT     .206 
