 Canada    Maryfield                                                            
 LATT=  49.83 LONG=-101.52 YEARS= 30. TYPE= 3
 ELEVATION = 1890. TP5 = 2.02 TP6= 3.48
 MEAN P    .13   .13   .17   .20   .24   .28   .27   .27   .23   .17   .16   .15
 S DEV P   .16   .13   .19   .23   .30   .38   .33   .46   .32   .19   .18   .17
 SKEW  P  4.34  2.29  2.13  2.23  2.43  3.64  1.93  6.83  3.32  2.48  2.80  2.53
 P(W/W)    .39   .28   .41   .43   .48   .48   .43   .43   .50   .40   .34   .30
 P(W/D)    .17   .14   .15   .14   .23   .33   .26   .23   .16   .15   .13   .18
 TMAX AV 14.34 18.24 30.69 49.75 63.43 70.95 76.13 75.95 66.82 50.08 31.30 17.42
 TMIN AV -0.71  2.49 14.42 28.68 40.56 51.12 55.28 52.58 43.90 31.95 17.36  3.62
 SD TMAX 15.07 13.84 13.94 12.89 10.26  7.79  6.55  7.61 10.26 11.88 12.64 14.85
 SD TMIN 15.97 15.31 14.48  9.71  8.48  6.27  5.74  6.19  7.69  8.55 12.08 15.40
 SOL.RAD  102.  182.  286.  399.  462.  486.  523.  433.  315.  187.  109.   79.
 SD SOL   24.3  38.1  61.7  85.2 122.0 121.5  89.2  86.7  79.8  57.0  27.7  16.6
 MX .5 P   .09   .08   .16   .19   .44   .59   .81   .58   .30   .20   .09   .08
 DEW PT   1.13  3.96 15.43 26.17 36.65 49.40 55.39 52.49 42.47 30.35 17.58  5.22
Time Pk   .130  .230  .320  .410  .500  .590  .670  .750  .830  .890  .950 1.000
% N       7.44  6.36  7.66  8.24  7.98  7.12  8.35  8.96  7.23  6.62  5.70  5.29
MEAN      4.19  4.17  4.62  4.61  4.56  4.02  3.72  3.59  4.19  4.27  4.39  4.03
STD DEV   2.57  2.48  2.64  2.55  2.72  2.27  1.97  1.90  2.43  2.59  2.39  2.23
SKEW      1.13  1.05   .84   .65   .92  1.11  1.11  1.01  1.04  1.09   .87  1.04
% NNE     4.20  3.74  4.37  5.20  5.02  4.81  5.42  5.87  3.75  3.78  3.04  3.24
MEAN      3.95  3.86  4.38  4.67  4.74  4.50  3.96  4.07  3.84  4.19  4.21  3.87
STD DEV   1.97  1.82  1.99  2.18  2.08  2.09  1.66  1.83  1.80  1.93  1.80  1.98
SKEW      1.12  1.30  1.45   .83   .71   .97   .76  1.03   .98  1.05   .74  1.52
% NE      4.91  3.89  5.08  6.48  5.93  5.86  5.29  5.94  5.01  3.75  3.11  3.21
MEAN      2.97  3.14  3.39  4.19  3.91  3.50  3.16  3.23  3.15  3.54  3.78  3.19
STD DEV   1.42  1.49  1.63  2.27  1.90  1.66  1.36  1.58  1.51  1.76  1.83  1.62
SKEW      1.10  1.24  1.17  1.01  1.02   .85   .93  1.47   .96   .80   .74  1.28
% ENE     1.91  1.98  2.10  3.70  3.26  2.65  2.70  2.33  1.97  1.46  1.30  1.51
MEAN      3.23  3.56  3.84  5.20  4.56  4.50  3.68  3.85  4.06  4.03  3.78  3.74
STD DEV   1.37  1.54  1.90  1.93  1.84  1.89  1.45  1.86  2.15  1.88  1.45  1.58
SKEW       .78   .70  1.60   .43   .73   .74   .57  1.65  1.51   .83   .15  1.07
% E       4.99  6.11  6.04  7.37  7.73  6.97  5.47  6.70  5.28  3.94  3.16  4.69
MEAN      3.40  3.90  4.18  5.01  4.75  4.55  3.84  3.69  3.72  3.43  3.49  3.55
STD DEV   1.69  1.83  2.08  2.38  2.45  2.31  1.89  1.76  1.97  1.77  1.78  1.78
SKEW       .68   .58   .83   .56   .82   .92   .67   .84   .74  1.24   .91   .58
% ESE     2.51  3.69  3.91  4.56  5.05  4.28  4.04  4.14  2.98  2.18  2.30  2.48
MEAN      4.25  4.70  5.11  5.54  5.44  5.22  4.69  4.57  4.81  4.37  4.36  4.33
STD DEV   1.92  2.24  1.89  1.99  2.15  2.02  1.73  1.82  1.97  1.94  1.77  1.84
SKEW       .33   .66   .15   .16   .30   .27   .53   .44   .40   .72   .54   .48
% SE      6.20  8.00 10.63  9.91 11.41  9.43 10.20 11.56  9.62  8.18  6.91  7.49
MEAN      3.29  4.10  4.33  4.91  4.83  4.36  4.13  4.00  4.11  3.73  3.65  3.25
STD DEV   1.68  2.32  2.05  2.33  2.18  2.08  1.93  1.88  2.02  1.98  1.82  1.77
SKEW       .88  1.12   .51   .51   .27   .54   .76   .86   .57   .89   .72  1.02
% SSE     3.23  4.05  5.49  4.99  6.22  5.57  6.78  6.70  5.07  4.83  4.17  4.48
MEAN      3.45  3.91  4.55  5.07  5.07  4.57  4.33  4.62  4.43  4.25  3.79  3.61
STD DEV   1.53  1.59  1.75  2.09  2.16  1.90  1.67  1.88  1.92  1.84  1.43  1.48
SKEW       .77   .72   .65   .49   .40   .49   .53   .45   .74   .53   .64   .97
% S       6.74  6.95  5.90  5.22  6.24  5.63  7.51  7.06  6.74  7.59  7.34  7.93
MEAN      2.63  3.02  3.28  3.52  3.75  3.45  3.22  3.38  3.33  3.27  3.07  2.84
STD DEV   1.14  1.29  1.53  1.89  1.84  1.68  1.56  1.67  1.62  1.60  1.39  1.28
SKEW      1.25   .74   .85  1.26   .72  1.08   .96  1.01  1.03  1.15  1.09  1.33
% SSW     5.37  5.54  3.68  3.15  3.40  3.80  3.99  3.92  4.47  5.61  5.93  6.21
MEAN      3.20  3.34  3.70  4.26  3.98  3.77  3.58  3.73  3.81  3.69  3.61  3.37
STD DEV   1.28  1.31  1.43  1.73  1.56  1.52  1.44  1.54  1.59  1.60  1.29  1.18
SKEW      1.02   .90   .73   .81   .87   .89   .91   .85   .87  1.09   .70   .81
% SW     10.40  9.86  5.56  4.94  5.25  6.55  5.40  5.68  7.35  9.13 10.46 10.90
MEAN      3.02  3.09  3.34  3.53  3.47  3.34  3.25  3.14  3.06  3.19  3.24  3.05
STD DEV   1.30  1.41  1.55  1.75  1.54  1.51  1.43  1.44  1.39  1.43  1.38  1.37
SKEW      1.41  1.42  1.11  1.45   .76  1.31   .97  1.25  1.37  1.25  1.08  1.19
% WSW     5.69  5.49  3.50  2.78  3.04  4.34  2.95  3.22  3.65  4.72  5.69  6.38
MEAN      4.09  4.08  4.21  4.44  4.92  4.71  3.96  4.10  4.11  3.93  4.04  3.97
STD DEV   1.96  1.65  1.72  2.01  2.37  2.31  1.97  1.69  1.92  1.78  1.57  1.74
SKEW      1.63   .81   .55  1.06  2.12  1.10  1.37   .88   .91  1.07   .86  1.03
% W      11.17 11.56 10.05  7.72  8.46 11.67  8.53  7.20 10.48 11.72 11.55 11.62
MEAN      4.99  4.81  5.09  5.85  5.43  5.47  4.66  4.77  4.93  4.90  4.66  4.64
STD DEV   2.53  2.41  2.56  2.81  2.59  2.41  2.32  2.28  2.36  2.46  2.34  2.48
SKEW       .72   .64   .78   .80   .70   .49   .69   .55   .77   .71   .97   .98
% WNW     7.46  6.64  7.18  7.51  6.20  6.73  6.45  5.75  8.36  8.13  9.74  8.02
MEAN      5.72  5.55  5.79  6.56  6.24  5.61  5.49  5.55  6.04  5.86  5.71  5.74
STD DEV   2.62  2.32  2.33  2.51  2.56  2.12  2.29  2.23  2.34  2.46  2.20  2.42
SKEW       .85   .51   .55   .33   .34   .65   .87   .57   .48   .63   .73   .82
% NW      7.98  7.85  9.79  9.45  7.83  7.34  8.03  6.72  9.22  9.87 10.73  8.55
MEAN      4.99  5.13  5.39  5.43  5.62  4.86  4.57  4.65  5.17  5.27  5.32  5.25
STD DEV   2.61  2.59  2.58  2.44  2.58  2.26  2.26  2.23  2.38  2.62  2.50  2.60
SKEW       .88   .91   .80   .46   .51   .63   .83   .66   .54   .62   .68   .88
% NNW     5.44  4.21  5.49  5.70  4.18  3.96  5.07  4.49  4.89  4.24  4.47  3.93
MEAN      5.41  5.54  5.47  5.71  5.21  4.88  4.53  4.86  4.97  5.59  5.28  5.23
STD DEV   2.57  2.51  2.63  2.40  2.39  2.13  2.00  2.18  2.30  2.61  2.51  2.47
SKEW       .74   .72   .79   .76  1.05   .85   .79   .91   .97   .95  1.04  1.09
CALM      4.36  4.09  3.51  3.19  2.84  3.12  3.75  3.72  3.89  4.17  4.33  4.19
                                                                                
INTERPOLATED DATA (station & weighting factor)                                  
                                                                                
---Wind Stations---                                                             
WILLISTON     ND    1.000  DICKINSON/MUN.ND     .000  GLASGOW       MT     .000 
