 Germany    Rastenberg                                                          
 LATT=  51.18 LONG=  11.42 YEARS= 30. TYPE= 3
 ELEVATION =  656. TP5 = 1.75 TP6= 3.71
 MEAN P    .10   .10   .13   .14   .19   .18   .22   .20   .17   .12   .14   .13
 S DEV P   .12   .11   .15   .21   .21   .22   .27   .25   .21   .15   .18   .17
 SKEW  P  3.78  2.22  2.75  4.49  1.98  3.51  2.38  2.95  2.38  2.58  2.70  3.65
 P(W/W)    .62   .64   .62   .59   .53   .58   .56   .49   .60   .53   .61   .65
 P(W/D)    .33   .29   .31   .28   .28   .33   .28   .29   .26   .30   .34   .34
 TMAX AV 37.30 39.83 47.14 55.88 63.98 69.42 73.84 74.00 65.29 55.48 44.60 38.40
 TMIN AV 29.24 29.74 33.74 38.85 46.13 51.91 55.90 55.45 49.25 42.28 35.70 30.92
 SD TMAX  8.40  8.78  8.62  9.26  8.77  8.37  8.40  8.09  7.98  7.81  7.32  7.77
 SD TMIN  9.00  8.51  6.65  6.47  5.84  5.33  5.02  4.97  5.47  7.03  6.95  8.32
 SOL.RAD   67.  120.  206.  311.  390.  423.  405.  346.  240.  136.   71.   51.
 SD SOL   21.3  39.4  61.8  79.6  92.4  85.2  88.8  76.8  72.6  47.0  24.6  15.1
 MX .5 P   .11   .13   .17   .20   .41   .44   .72   .49   .37   .24   .19   .11
 DEW PT  29.13 29.28 33.32 38.12 45.47 51.00 53.83 53.18 48.99 43.25 36.40 31.08
Time Pk   .130  .230  .320  .410  .500  .590  .670  .750  .830  .890  .950 1.000
% N       4.76  6.77  6.80  6.51  5.53  4.45  4.09  4.11  4.70  4.43  5.18  5.51
MEAN      4.18  4.00  4.28  4.55  4.15  3.86  3.45  3.46  3.65  4.26  4.19  4.12
STD DEV   1.91  1.72  1.91  1.90  1.72  1.75  1.54  1.55  1.53  1.79  1.97  1.80
SKEW       .76   .56   .57   .32   .39   .44   .54   .62   .41   .39   .71   .39
% NNE     2.02  2.97  2.87  3.34  2.96  2.57  1.83  2.06  2.47  2.44  2.97  2.86
MEAN      4.00  4.00  4.23  4.33  4.04  3.66  3.59  3.53  3.86  4.01  4.09  4.19
STD DEV   1.98  1.81  2.09  1.75  1.66  1.60  1.50  1.48  1.63  1.58  1.62  1.72
SKEW      1.09   .75   .73   .67   .20   .49   .69   .27   .45   .23   .41   .24
% NE      2.95  4.07  4.68  4.60  4.17  3.48  3.30  3.77  3.70  2.97  3.58  3.46
MEAN      4.19  4.00  4.23  4.14  3.96  3.44  3.12  3.42  3.43  3.73  4.06  4.17
STD DEV   1.99  2.00  2.08  1.99  1.82  1.62  1.44  1.48  1.55  1.76  1.72  2.00
SKEW       .29   .73   .70   .66   .51   .99   .88   .68   .66   .57   .29   .73
% ENE     2.76  3.32  4.09  3.90  3.72  3.15  2.78  3.14  3.62  2.88  3.44  3.51
MEAN      3.84  4.34  4.49  4.23  3.70  3.36  3.12  3.02  3.29  3.82  4.16  4.13
STD DEV   1.68  2.14  2.21  1.96  1.74  1.39  1.33  1.30  1.52  1.87  1.98  2.11
SKEW       .76   .82   .52   .56   .65   .65   .76   .81   .78   .70   .80   .79
% E       6.83  6.67  8.11  8.74  8.63  7.48  5.42  5.60  6.36  6.12  5.40  7.26
MEAN      4.56  4.41  4.73  4.53  4.04  3.56  3.43  3.32  3.34  3.60  4.36  4.64
STD DEV   2.07  2.04  2.16  2.07  1.64  1.41  1.33  1.43  1.41  1.61  2.21  2.19
SKEW       .33   .60   .62   .69   .34   .41   .51   .55   .69   .76   .89   .40
% ESE     4.54  4.19  7.49  8.44  9.40  7.61  5.77  5.23  5.76  5.89  4.72  4.81
MEAN      4.81  4.22  4.94  5.06  4.54  3.98  3.68  3.69  3.98  4.09  4.15  4.59
STD DEV   2.01  1.87  2.06  2.00  1.74  1.51  1.41  1.39  1.67  1.81  1.90  2.16
SKEW       .29   .39   .35   .41   .27   .26   .30   .39   .36   .54   .76   .34
% SE      4.65  4.66  6.89  7.88  8.19  8.42  7.04  6.87  7.48  7.14  6.71  5.59
MEAN      4.32  4.20  4.28  4.55  4.35  3.75  3.58  3.54  3.82  4.11  4.00  4.13
STD DEV   2.06  1.92  1.79  1.97  1.75  1.56  1.51  1.44  1.60  1.89  1.90  1.96
SKEW       .64   .51   .44   .47   .24   .33   .41   .31   .42   .60   .72   .57
% SSE     3.28  2.79  3.17  2.53  3.46  3.36  2.78  3.08  3.67  4.23  4.03  3.81
MEAN      3.75  3.65  3.64  3.74  3.63  3.45  3.34  3.14  3.42  3.85  3.78  3.69
STD DEV   1.72  1.78  1.62  1.80  1.49  1.50  1.50  1.34  1.50  1.80  1.82  1.67
SKEW       .76   .78   .48   .98   .49   .63   .67   .65   .62   .84   .85   .61
% S       6.48  4.70  4.61  3.88  4.05  4.87  4.98  5.67  6.51  7.55  7.23  6.76
MEAN      3.58  3.51  3.57  3.84  3.54  3.27  3.22  3.16  3.23  3.61  3.60  3.43
STD DEV   1.68  1.61  1.62  1.68  1.64  1.49  1.47  1.40  1.46  1.62  1.62  1.48
SKEW       .89   .83   .80   .48   .64   .72   .65   .86   .76   .56   .89   .73
% SSW     4.10  3.20  2.84  2.81  2.92  3.89  4.06  4.34  4.44  4.94  4.37  4.47
MEAN      3.66  3.73  3.89  4.06  3.96  3.60  3.57  3.45  3.57  3.82  3.80  3.57
STD DEV   1.54  1.60  1.77  1.89  1.83  1.45  1.57  1.50  1.64  1.63  1.69  1.59
SKEW       .67   .75   .76   .54   .60   .56   .66   .63   .66   .63   .90   .77
% SW     10.38  7.02  5.52  5.99  6.58  8.55  9.28 10.30  9.78  9.97 10.17 10.14
MEAN      4.01  3.85  3.92  4.15  4.25  3.74  3.45  3.43  3.75  3.77  3.93  3.93
STD DEV   1.90  1.88  2.09  2.09  1.97  1.71  1.49  1.54  1.73  1.77  1.80  1.74
SKEW       .98   .98  1.03   .95   .56   .74   .71   .78   .83   .89  1.10   .73
% WSW     9.42  6.79  5.32  5.11  5.43  7.03  7.83  8.01  6.95  8.00  8.54  9.03
MEAN      4.43  3.94  3.90  4.21  3.92  3.60  3.30  3.41  3.57  4.08  4.43  4.26
STD DEV   1.88  1.83  1.85  2.17  1.77  1.63  1.43  1.52  1.59  1.87  1.92  1.73
SKEW       .89  1.11   .79  1.28   .60   .65   .82   .88   .68   .63   .69   .52
% W      13.73 12.70  9.60  8.77  8.82 10.84 12.03 10.94  9.88 10.12 11.74 11.93
MEAN      4.59  4.05  4.02  4.14  3.96  3.69  3.47  3.30  3.74  4.23  4.71  4.48
STD DEV   2.06  2.00  1.97  2.02  1.89  1.71  1.55  1.48  1.78  2.03  2.04  1.95
SKEW       .56   .69   .81   .83  1.39   .80   .91   .81   .92  1.08   .46   .68
% WNW     8.83 10.97 10.30  9.88  9.98  9.60 11.38  9.36  9.01  8.22  8.23  7.32
MEAN      4.98  4.63  4.77  4.87  4.60  4.05  3.93  3.69  4.06  4.51  5.04  4.92
STD DEV   2.18  2.05  2.10  2.11  1.98  1.80  1.70  1.68  1.80  1.96  2.07  2.07
SKEW       .45   .53   .55   .46   .39   .60   .66   .71   .58   .45   .52   .52
% NW      8.94 11.08  9.74 10.47  9.22  7.95  9.76  9.32  8.57  8.39  7.78  7.48
MEAN      4.98  4.72  4.77  5.07  4.71  4.13  4.13  3.83  4.21  4.37  4.78  4.66
STD DEV   2.19  2.09  2.13  2.12  2.11  1.82  1.82  1.64  1.86  1.92  2.02  1.94
SKEW       .36   .45   .33   .56   .52   .48   .73   .53   .53   .53   .32   .48
% NNW     3.62  4.86  4.73  4.71  4.05  3.11  3.49  3.62  3.54  3.65  3.69  3.32
MEAN      4.75  4.30  4.55  4.79  4.36  3.88  3.66  3.75  3.94  4.31  4.57  4.73
STD DEV   2.14  1.85  1.94  1.92  1.86  1.75  1.61  1.60  1.65  1.88  1.96  1.88
SKEW       .57   .37   .38   .38   .45   .51   .49   .47   .29   .45   .35   .29
CALM      2.71  3.27  3.24  2.46  2.89  3.48  4.09  4.56  3.52  3.07  2.23  2.82
                                                                                
INTERPOLATED DATA (station & weighting factor)                                  
                                                                                
---Wind Stations---                                                             
ALPENA        MI     .485  SAULT STE MAR.MI     .270  HOUGHTON LAKE MI     .245 
