 Germany    Berlin-Buch                                                         
 LATT=  52.63 LONG=  13.50 YEARS= 30. TYPE= 4
 ELEVATION =  197. TP5 = 2.10 TP6= 3.17
 MEAN P    .13   .12   .13   .12   .19   .22   .26   .20   .17   .14   .12   .12
 S DEV P   .15   .13   .13   .13   .25   .38   .36   .28   .18   .16   .14   .13
 SKEW  P  3.57  2.25  1.74  2.35  3.17  5.62  3.15  3.76  1.77  2.26  2.47  2.40
 P(W/W)    .68   .62   .65   .52   .55   .47   .57   .54   .55   .57   .62   .67
 P(W/D)    .30   .31   .25   .23   .25   .31   .28   .28   .25   .24   .33   .33
 TMAX AV 36.85 39.61 46.48 56.77 65.17 70.39 74.47 74.14 65.53 55.39 44.32 38.15
 TMIN AV 29.22 30.02 33.76 39.99 47.37 53.21 57.29 56.78 50.37 43.04 36.16 31.19
 SD TMAX  8.57  8.30  8.26  9.27  8.75  8.20  8.09  7.80  7.36  7.34  7.14  7.91
 SD TMIN  9.25  8.38  6.92  6.77  6.10  5.25  5.08  4.95  5.21  6.86  6.77  8.20
 SOL.RAD   60.  112.  201.  316.  403.  426.  411.  351.  241.  133.   66.   45.
 SD SOL   20.5  38.9  67.5  82.1  98.8  95.6 103.5  79.4  74.3  46.8  24.0  13.5
 MX .5 P   .01   .07   .10   .14   .32   .44   .75   .42   .29   .16   .14   .05
 DEW PT  29.54 29.76 33.18 38.40 45.79 51.25 54.92 54.58 50.15 43.87 37.02 31.60
Time Pk   .130  .230  .320  .410  .500  .590  .670  .750  .830  .890  .950 1.000
% N      10.81 11.29 11.05 10.50  7.59  5.90  4.56  5.03  6.57  7.64 10.68 11.59
MEAN      4.47  4.80  4.62  4.82  4.82  4.19  4.19  3.95  3.79  4.41  4.44  4.50
STD DEV   2.46  2.58  2.21  2.16  2.20  1.92  1.96  1.73  1.86  2.47  2.24  2.51
SKEW      1.21   .67   .51   .51   .39   .61   .63   .63   .81  1.52   .91   .96
% NNE     6.14  4.67  5.58  4.90  3.38  3.08  1.76  2.43  3.54  3.71  5.40  5.42
MEAN      4.96  5.05  4.73  4.88  4.80  4.15  3.57  3.99  3.90  4.18  4.24  4.61
STD DEV   2.24  2.68  2.34  2.21  2.29  1.80  1.59  1.87  1.88  1.93  2.00  2.15
SKEW       .24  1.57   .70   .60   .60   .51   .68   .66   .80   .58   .73   .63
% NE      3.28  3.16  4.11  3.24  3.58  2.79  1.39  1.98  2.32  2.67  3.19  2.57
MEAN      4.34  4.39  4.30  4.11  4.05  3.81  2.98  3.20  3.36  3.71  3.47  3.97
STD DEV   2.14  2.56  2.04  1.77  1.82  1.63  1.24  1.43  1.62  1.63  1.57  1.93
SKEW       .59  1.89   .51   .59   .70   .53   .67   .67   .73   .69   .77   .81
% ENE     1.14  1.22  1.79  1.72  1.89  1.46   .61   .89   .89  1.43  1.61  1.51
MEAN      3.67  4.13  4.00  3.88  3.26  3.47  2.88  2.94  3.04  3.27  3.60  4.20
STD DEV   1.95  1.97  1.67  1.79  1.30  1.54  1.11  1.04  1.30  1.33  1.81  1.97
SKEW       .74   .86   .28   .80   .68   .55   .23   .59   .33   .24   .88   .59
% E       1.02  1.54  1.98  1.87  2.38  1.65   .83  1.14  1.00  1.34  1.64  1.15
MEAN      3.36  4.50  3.91  3.84  3.27  3.27  2.70  3.05  2.93  3.65  3.39  3.85
STD DEV   1.64  2.08  1.62  1.64  1.45  1.55  1.02  1.22  1.20  1.79  1.63  1.88
SKEW       .52   .38   .42   .30   .58  2.55   .31   .52   .52   .62   .84   .75
% ESE      .92  1.26  1.58  2.14  2.12  1.79  1.10  1.05  1.14  1.16  1.33   .82
MEAN      4.24  4.19  4.75  4.39  3.39  3.87  3.01  3.21  3.29  3.82  3.61  4.01
STD DEV   2.47  2.20  2.57  2.37  1.38  1.88  1.25  1.49  1.58  1.97  1.99  1.96
SKEW       .65   .55   .50   .79   .56   .79   .43   .98   .75   .59   .76   .35
% SE      1.53  2.14  2.52  3.13  3.57  3.51  2.67  2.66  2.58  2.88  2.46  1.70
MEAN      3.86  3.25  4.09  3.97  3.57  3.33  3.17  3.18  3.45  4.05  3.83  4.30
STD DEV   2.09  1.90  2.25  1.95  1.70  1.49  1.30  1.59  1.66  2.35  2.14  2.71
SKEW      1.11  1.65   .73   .60   .71   .96   .58  1.93  1.69  1.07   .93  1.02
% SSE     1.93  2.86  3.39  4.85  6.91  7.31  8.59  7.18  5.90  4.89  4.08  2.44
MEAN      4.05  4.05  3.89  4.34  4.16  4.00  3.84  3.94  3.88  3.73  3.71  3.77
STD DEV   2.29  2.20  1.86  2.23  2.08  1.88  1.83  1.88  1.98  2.07  1.90  2.24
SKEW       .88   .97   .48   .59   .77   .69   .55   .72   .82  1.10   .65  1.10
% S       4.59  6.48  7.46 12.11 17.93 22.35 21.18 18.19 15.72 13.26  8.67  5.22
MEAN      4.11  4.23  4.31  4.57  4.51  4.20  3.98  3.84  4.12  3.86  4.29  4.04
STD DEV   2.40  2.37  2.15  2.13  2.05  1.93  1.86  1.76  1.98  1.96  2.36  2.30
SKEW      1.17  1.89  1.02   .46   .47   .56   .63   .52   .85   .82  1.31  1.36
% SSW     2.48  2.59  2.19  3.75  4.97  5.81  7.19  6.49  7.29  6.45  3.99  2.94
MEAN      4.10  3.82  3.91  4.34  4.18  3.82  3.65  3.71  3.98  3.93  4.26  3.86
STD DEV   2.22  1.87  1.90  2.07  2.13  1.87  1.72  1.86  1.86  2.08  2.20  1.95
SKEW      1.01   .97   .72   .40  1.03   .68   .66  1.17   .75  1.21   .96  1.02
% SW      2.53  2.47  2.65  2.97  3.48  4.47  6.21  5.00  3.90  4.32  3.67  3.57
MEAN      3.61  3.44  3.78  3.91  3.82  3.58  3.51  3.28  3.36  3.49  3.82  3.68
STD DEV   1.81  1.68  1.87  1.90  1.89  1.76  1.71  1.60  1.67  1.73  2.07  1.94
SKEW       .74   .88   .76   .58   .79   .76   .85   .86   .80   .89   .96   .99
% WSW     3.30  3.03  3.38  2.99  3.26  3.87  4.23  4.63  3.95  3.94  3.51  3.55
MEAN      3.90  4.11  4.46  4.20  4.26  3.91  3.76  3.57  3.61  4.06  4.22  4.43
STD DEV   2.13  2.21  2.16  2.32  1.98  1.78  1.78  1.63  1.73  1.91  2.20  2.30
SKEW      1.20   .83   .77  1.42   .44   .63   .77   .57   .62   .88   .70   .95
% W       7.51  7.64  6.93  6.05  5.65  5.02  6.74  6.97  6.51  6.51  6.64  6.83
MEAN      5.16  5.16  5.32  4.77  4.76  4.13  4.00  4.21  4.05  4.54  4.62  4.83
STD DEV   2.62  2.58  2.66  2.31  2.33  1.87  1.89  2.11  1.92  2.15  2.30  2.40
SKEW       .69   .71   .73   .63   .62   .82   .85  1.07   .84   .72   .79   .82
% WNW    10.92 10.94 10.67  8.65  6.25  5.30  5.99  6.24  6.86  8.67  8.94 10.78
MEAN      6.06  5.94  6.32  5.89  5.48  4.85  4.59  4.75  4.70  5.47  5.68  5.57
STD DEV   3.03  2.80  2.96  2.86  2.79  2.36  2.10  2.38  2.30  2.58  2.89  2.69
SKEW       .62   .60   .39   .55   .69   .55   .50   .73   .63   .54   .67   .55
% NW     13.05 11.18 12.22  9.51  7.65  5.26  5.65  6.03  6.45  7.18  8.43 11.69
MEAN      6.25  6.13  6.46  6.23  5.77  5.28  4.92  4.68  5.08  5.89  5.54  6.04
STD DEV   2.86  3.05  2.87  2.87  2.74  2.47  2.41  2.34  2.66  2.80  2.68  2.98
SKEW       .34   .55   .41   .57   .47   .56   .53   .79  1.06   .53   .43   .53
% NNW     8.13  6.40  6.83  5.90  5.49  4.23  3.95  4.73  4.72  5.21  6.17  6.64
MEAN      5.45  5.53  5.51  5.26  5.31  5.03  4.66  4.60  4.19  5.15  5.05  5.15
STD DEV   2.78  3.01  2.61  2.40  2.48  2.44  2.11  2.28  2.04  2.49  2.62  2.84
SKEW       .59   .82   .62   .44   .36   .61   .57   .51   .60   .47   .68   .76
CALM     20.71 21.07 15.87 15.75 13.89 16.01 17.36 19.45 20.66 18.80 19.46 21.60
                                                                                
INTERPOLATED DATA (station & weighting factor)                                  
                                                                                
---Wind Stations---                                                             
BANGOR/INT    ME    1.000  OLD TOWN/DEWI ME     .000  AUGUSTA/STATE ME     .000 
