 Mexico    Caon Del Diablo                                                      
 LATT=  23.62 LONG= -98.37 YEARS= 30. TYPE= 3
 ELEVATION = 1062. TP5 = 2.43 TP6= 7.57
 MEAN P    .37   .29   .30   .51   .64   .81   .69   .79   .99   .69   .43   .36
 S DEV P   .78   .38   .37   .64   .72   .83   .71   .75  1.17   .61   .62   .49
 SKEW  P  6.47  2.41  2.39  2.07  2.04  2.41  3.74  1.53  2.50  1.28  2.90  4.43
 P(W/W)    .36   .33   .27   .45   .27   .38   .47   .39   .46   .36   .34   .45
 P(W/D)    .10   .08   .05   .07   .11   .12   .09   .10   .18   .12   .08   .06
 TMAX AV 74.98 80.12 84.82 89.77 93.19 94.54 94.30 95.22 90.15 85.66 80.34 75.66
 TMIN AV 55.38 58.34 62.68 67.64 72.65 74.68 74.27 74.49 72.28 67.42 61.49 56.42
 SD TMAX  8.89  8.94  8.04  7.09  5.69  4.83  5.14  4.85  5.42  6.05  7.17  8.57
 SD TMIN  7.20  7.34  6.66  5.46  4.24  2.55  2.74  2.02  3.16  5.80  6.96  7.74
 SOL.RAD  292.  360.  431.  480.  527.  538.  540.  520.  441.  397.  325.  283.
 SD SOL   85.5  95.5 101.9  99.3  92.5  91.9 102.4  90.0  94.2  83.1  80.9  75.1
 MX .5 P   .32   .35   .39   .53   .80  1.04   .90   .93  1.36   .73   .42   .34
 DEW PT  53.45 55.92 59.76 64.69 69.56 72.00 71.43 71.60 71.22 66.36 59.66 54.29
Time Pk   .070  .170  .250  .340  .430  .520  .610  .690  .770  .850  .940 1.000
% N       4.54  4.76  3.75  3.52  2.53  1.14   .97  1.12  2.38  3.01  4.69  4.59
MEAN      4.92  5.40  5.59  5.29  5.16  4.51  4.21  4.11  4.36  4.88  5.39  5.24
STD DEV   2.19  2.20  2.39  2.21  1.97  2.17  1.90  1.71  2.05  2.13  2.31  2.30
SKEW       .55   .36   .51   .64   .21   .93   .82   .81   .97   .63   .59   .65
% NNE     5.56  5.44  4.73  5.29  3.17  1.72  1.42  2.17  4.60  4.61  6.22  5.23
MEAN      5.50  5.41  5.95  5.90  5.50  4.83  4.42  4.28  5.02  5.16  5.83  5.33
STD DEV   2.39  2.04  2.41  2.32  2.40  1.96  1.77  1.76  2.14  2.16  2.25  2.12
SKEW       .39   .38   .41   .36   .49   .63   .49   .73   .55   .63   .22   .63
% NE      7.34  7.16  6.68  6.31  4.11  2.88  2.26  3.79  7.20  6.67  6.50  5.92
MEAN      5.28  5.33  5.78  5.71  5.25  5.29  4.36  4.32  4.82  4.90  5.40  4.92
STD DEV   2.12  2.15  2.35  2.33  2.08  2.06  1.65  1.65  1.98  2.01  2.20  1.82
SKEW       .50   .52   .39   .54   .66   .58   .53   .61   .59   .67   .61   .37
% ENE     6.09  7.29  6.56  6.21  5.28  3.34  2.97  3.86  7.81  6.13  5.45  4.69
MEAN      4.56  4.75  5.17  5.20  4.92  4.94  4.52  4.52  4.56  4.55  4.57  4.36
STD DEV   1.60  1.74  1.96  2.03  1.94  1.87  1.74  1.69  1.74  1.69  1.80  1.64
SKEW       .62   .51   .61   .59   .66   .52   .68   .85   .77   .74   .84   .93
% E       4.13  5.91  5.86  6.08  6.44  4.95  4.80  5.71  8.07  5.40  4.25  3.33
MEAN      4.08  4.37  4.97  5.01  4.96  5.02  4.80  4.73  4.59  4.34  4.33  4.04
STD DEV   1.51  1.67  1.86  2.01  1.98  1.90  1.91  1.85  1.73  1.63  1.57  1.48
SKEW       .64   .75   .42   .78   .77   .55   .68   .65   .65   .52   .86   .55
% ESE     2.92  3.90  5.20  6.69  7.77  8.23  7.39  8.60  8.14  5.51  3.40  2.36
MEAN      4.04  4.45  5.03  5.42  5.40  5.38  5.29  5.11  4.79  4.56  4.37  3.81
STD DEV   1.34  1.56  1.87  2.08  2.09  1.84  1.84  1.83  1.69  1.79  1.60  1.40
SKEW       .24   .46   .35   .55   .53   .39   .32   .40   .51   .64   .56   .43
% SE      4.67  5.99  8.53 11.17 15.00 18.10 17.24 16.47 11.33  9.35  5.26  4.51
MEAN      4.30  4.87  5.08  5.67  5.84  5.69  5.40  5.10  4.86  4.58  4.22  4.06
STD DEV   1.58  1.98  1.79  2.07  2.21  1.91  1.74  1.64  1.62  1.60  1.53  1.58
SKEW       .34   .72   .44   .38   .62   .39   .30   .35   .36   .49   .43  1.08
% SSE     4.56  6.35  8.44 10.14 15.06 19.24 21.44 15.86 10.62  9.47  5.53  4.94
MEAN      4.81  5.66  5.91  6.30  6.36  6.16  5.73  5.20  5.01  5.05  4.89  4.74
STD DEV   1.89  2.29  2.29  2.25  2.27  1.93  1.78  1.59  1.74  1.82  1.95  1.96
SKEW       .41   .60   .68   .15   .29   .19   .32   .23   .44   .41   .79   .51
% S       5.18  5.95  8.09  9.63 12.61 17.21 16.88 14.05 10.73 10.57  6.44  5.86
MEAN      5.03  5.35  5.82  6.06  5.74  5.88  5.45  4.97  4.93  5.01  5.16  5.07
STD DEV   2.09  2.15  2.20  2.24  1.99  2.00  1.79  1.67  1.80  1.81  2.10  2.12
SKEW       .65   .53   .41   .42   .41   .23   .33   .32   .46   .54   .77   .72
% SSW     8.86  7.86  8.76  8.78  9.14 11.12 10.50 11.01  8.29  9.92  8.94  8.67
MEAN      5.12  5.41  5.86  5.85  5.52  5.69  5.31  4.60  4.70  4.98  5.05  5.06
STD DEV   1.96  2.15  2.25  2.11  1.89  2.00  1.93  1.68  1.64  1.97  1.85  1.98
SKEW       .44   .67   .51   .39   .27   .24   .32   .58   .32   .59   .48   .70
% SW      8.00  6.24  5.34  4.26  3.41  2.35  2.99  4.53  3.24  4.86  8.19  7.81
MEAN      4.65  4.82  4.86  4.74  4.49  4.34  3.71  3.73  4.07  4.02  4.35  4.41
STD DEV   1.75  1.86  1.79  1.79  1.70  1.58  1.44  1.27  1.60  1.60  1.62  1.66
SKEW       .38   .49   .54   .61   .47   .37  1.14   .56   .55   .67   .56   .64
% WSW     7.68  5.87  4.51  3.59  1.79   .89  1.52  2.09  1.68  3.43  6.98  8.57
MEAN      4.05  4.36  4.54  4.44  4.08  4.62  3.00  3.72  3.36  3.48  3.81  3.94
STD DEV   1.55  1.65  1.80  1.72  1.46  1.68   .89  1.33  1.20  1.33  1.42  1.53
SKEW       .57   .68   .60   .59   .21  1.16  -.43   .50   .61   .75   .63   .79
% W       5.90  4.87  4.13  2.95  1.51   .59   .74   .89   .98  2.58  4.95  6.76
MEAN      4.27  4.89  5.31  5.20  4.43  3.57  2.84  2.98  3.11  3.43  3.96  4.05
STD DEV   1.83  2.31  2.60  2.57  1.86  1.33   .76   .94  1.21  1.21  1.77  1.78
SKEW      1.10  1.16   .91   .81   .51   .13   .21   .90  1.00   .78  1.41  1.28
% WNW     5.17  4.25  5.04  3.22  1.93  1.22  1.04   .90  1.15  1.98  4.13  5.29
MEAN      5.02  5.49  6.37  5.47  4.86  4.11  4.16  3.78  3.55  4.08  4.75  4.57
STD DEV   2.49  2.75  2.88  2.43  1.93  1.37  1.70  1.46  1.43  1.93  2.20  2.18
SKEW      1.05   .93   .53   .47   .50   .32   .76   .53   .66   .99  1.16  1.36
% NW      4.19  4.16  3.36  2.66  1.26   .66   .42   .49  1.15  1.79  3.82  4.60
MEAN      5.06  5.17  6.21  5.20  4.69  3.77  3.17  3.13  3.49  3.97  4.80  4.73
STD DEV   2.46  2.25  3.05  2.29  1.89  1.52  1.18   .99  1.62  1.70  2.13  2.12
SKEW       .72   .56   .85  1.00   .45  1.16   .99   .52  1.09   .67   .63   .79
% NNW     3.64  4.03  3.25  2.76  1.53   .66   .57   .62  1.31  2.08  3.78  4.31
MEAN      5.42  5.81  6.21  5.44  4.84  3.66  2.93  3.51  4.11  4.59  5.05  5.16
STD DEV   2.31  2.32  2.73  2.38  1.83  1.40  1.20  1.28  2.04  1.96  2.21  2.23
SKEW       .49   .44   .37   .79   .31   .58   .92   .26  1.10   .62   .81   .56
CALM     11.71  9.94  7.74  6.65  7.46  5.68  6.88  7.84 11.28 12.57 11.52 12.56
                                                                                
INTERPOLATED DATA (station & weighting factor)                                  
                                                                                
---Wind Stations---                                                             
SAN ANGELO    TX     .342  SAN ANGELO    TX     .342  LAREDO        TX     .316 
