 Mexico    Las Mesas (Cfe)                                                      
 LATT=  17.00 LONG= -99.45 YEARS= 30. TYPE= 3
 ELEVATION = 1443. TP5 = 2.89 TP6= 6.72
 MEAN P    .70   .30   .45   .42   .56   .80   .74   .73   .83   .67   .30   .28
 S DEV P   .63   .35   .62   .79   .71  1.16   .87   .82   .89   .85   .45   .29
 SKEW  P   .94  1.77   .93  2.06  1.66  5.13  2.27  1.78  2.09  3.04  2.72  1.64
 P(W/W)    .41   .38   .00   .43   .43   .55   .55   .57   .60   .44   .14   .28
 P(W/D)    .01   .00   .00   .01   .04   .24   .26   .35   .39   .15   .03   .01
 TMAX AV 86.13 87.85 89.59 91.74 90.43 84.60 84.27 83.83 82.00 83.00 84.68 85.89
 TMIN AV 59.17 60.20 61.55 64.38 67.52 67.78 66.97 66.94 66.69 65.73 62.73 59.93
 SD TMAX  3.41  3.25  2.80  2.27  3.68  4.30  3.58  3.61  3.20  3.18  3.26  3.32
 SD TMIN  3.17  2.88  2.89  2.94  2.52  1.64  2.53  1.49  1.47  2.04  3.05  3.15
 SOL.RAD  441.  511.  578.  602.  562.  494.  507.  494.  434.  448.  445.  427.
 SD SOL   66.8  65.1  67.3  67.9  86.0 111.3 102.9  90.8  90.6  82.9  59.3  51.7
 MX .5 P   .16   .13   .15   .25   .44  1.19  1.47  1.29  1.16   .69   .18   .17
 DEW PT  55.36 55.10 54.75 55.86 61.89 67.27 67.42 67.68 68.05 67.50 63.35 58.36
Time Pk   .270  .390  .480  .560  .630  .710  .770  .810  .860  .900  .950 1.000
% N      14.98 13.87 11.52  9.35  6.32  4.11  2.58  2.82  6.39  9.03 12.31 12.87
MEAN      6.88  6.92  7.22  6.93  6.17  5.56  4.25  4.56  5.46  5.89  6.30  6.58
STD DEV   3.26  3.21  3.35  2.99  2.80  2.56  2.23  2.19  2.77  3.22  3.14  3.01
SKEW       .52   .56   .45   .16   .31   .38   .65   .55   .61   .80   .48   .35
% NNE     7.06  8.38  6.93  6.08  5.15  3.23  2.83  3.85  5.95  6.40  6.69  6.96
MEAN      6.23  6.37  6.81  6.07  5.74  5.19  4.56  4.81  5.33  5.65  5.81  6.02
STD DEV   2.84  2.85  2.81  2.68  2.39  2.26  2.29  2.23  2.35  2.64  2.56  2.56
SKEW       .61   .59   .25   .33   .29   .32   .85   .56   .48   .56   .49   .34
% NE      3.45  4.63  4.65  4.70  3.75  2.86  3.30  3.88  5.10  3.72  3.33  3.77
MEAN      4.64  5.27  5.63  5.22  5.23  4.50  4.56  4.50  4.72  4.83  4.88  5.05
STD DEV   2.13  2.30  2.31  2.24  2.15  1.90  2.09  2.00  2.07  2.33  2.16  2.22
SKEW       .51   .69   .26   .45   .33   .35   .77   .56   .40   .63   .42   .37
% ENE     2.11  2.80  3.62  4.29  3.55  3.08  4.02  3.66  3.90  2.12  1.82  1.98
MEAN      3.71  4.33  5.14  4.90  4.62  4.38  4.30  4.15  4.25  4.08  3.99  4.25
STD DEV   1.56  1.81  2.05  2.03  1.88  1.71  1.77  1.89  1.87  1.98  1.79  1.74
SKEW       .27   .46   .15   .52   .21   .32   .52  1.17   .50   .72   .56   .29
% E       2.31  3.16  3.57  4.52  4.46  4.24  5.13  4.61  4.27  2.24  2.06  1.95
MEAN      3.44  4.05  4.26  4.53  4.36  4.25  4.01  3.92  3.78  3.29  3.44  3.48
STD DEV   1.43  1.68  1.75  1.84  1.97  1.82  1.79  1.73  1.61  1.46  1.52  1.51
SKEW       .14   .57   .48   .32   .60   .46   .59   .67   .39   .63   .52   .55
% ESE     2.12  3.27  3.35  4.06  5.08  5.29  5.42  5.51  4.33  2.25  2.01  1.63
MEAN      3.98  4.45  4.39  4.82  4.82  4.84  4.24  4.11  3.89  3.72  3.61  3.67
STD DEV   1.78  2.00  1.76  2.11  2.16  2.16  1.70  1.80  1.76  1.72  1.58  1.51
SKEW       .24   .59   .33   .50   .57   .80   .49   .60   .78   .54   .40   .35
% SE      3.31  4.28  5.11  5.99  7.37  9.68  9.26  9.82  8.15  4.97  3.42  3.26
MEAN      4.26  4.97  5.33  5.66  5.27  5.19  4.90  4.57  4.47  4.17  4.17  4.46
STD DEV   1.96  2.25  2.43  2.60  2.29  2.20  1.99  1.88  1.94  1.76  1.93  2.03
SKEW       .76   .67   .71   .51   .62   .54   .49   .46   .75   .46   .68   .55
% SSE     6.91  7.01  8.24  9.50 13.04 17.19 14.78 14.20 13.47 11.20  7.86  6.84
MEAN      5.44  6.31  6.66  7.13  6.71  6.45  5.44  5.13  5.38  5.70  5.45  5.79
STD DEV   2.40  2.88  2.82  2.97  2.81  2.62  2.10  1.92  2.29  2.45  2.39  2.61
SKEW       .36   .48   .38   .28   .33   .45   .45   .29   .69   .61   .49   .44
% S      17.60 14.98 16.57 19.46 25.93 27.33 25.85 25.09 23.41 24.62 19.71 17.56
MEAN      6.45  6.71  7.60  8.00  7.68  6.99  5.74  5.43  6.07  6.14  6.30  6.25
STD DEV   2.89  2.86  3.11  3.04  2.91  2.76  2.13  2.09  2.46  2.64  2.62  2.74
SKEW       .47   .38   .17   .14   .09   .37   .29   .36   .36   .46   .36   .36
% SSW     9.03  7.68  8.04  8.26  7.82  9.29 12.19 11.46  8.68 10.19 10.10  9.24
MEAN      6.26  6.66  7.19  7.76  7.02  6.80  5.85  5.79  6.31  6.09  6.29  6.14
STD DEV   2.85  2.97  3.14  3.01  2.85  2.63  2.24  2.33  2.60  2.59  2.70  2.92
SKEW       .52   .47   .28   .14   .13   .13   .20   .39   .29   .30   .42   .61
% SW      4.82  3.72  3.58  3.46  2.80  2.91  4.48  4.57  3.03  3.75  5.06  4.26
MEAN      5.29  5.18  6.20  6.77  5.54  5.42  5.37  5.48  5.30  4.98  5.10  4.72
STD DEV   2.44  2.37  2.94  3.02  2.63  2.39  2.22  2.20  2.58  2.33  2.33  2.21
SKEW       .72   .53   .41   .42   .48   .34   .14   .24   .41   .48   .51   .51
% WSW     2.81  2.28  2.36  2.11  1.67  1.29  1.89  1.69  1.36  1.73  2.53  2.39
MEAN      4.53  4.38  6.23  6.14  4.93  4.50  4.41  4.35  4.36  3.81  4.78  4.12
STD DEV   2.11  1.91  3.25  2.99  2.27  2.16  1.99  2.06  2.31  1.83  2.44  1.96
SKEW       .65   .54   .61   .61   .67   .49   .38   .31   .69   .93   .88   .79
% W       2.34  2.22  2.50  2.35  1.54  1.18  1.08  1.08  1.06  1.71  2.56  2.97
MEAN      3.94  4.17  5.38  5.59  4.65  4.28  3.40  3.52  3.36  3.21  3.73  3.75
STD DEV   1.94  2.07  3.38  3.04  2.46  2.04  1.56  1.69  1.50  1.42  1.87  1.68
SKEW       .62  1.09  1.19   .81   .92   .30   .28   .47   .14   .41  1.00   .63
% WNW     2.09  2.52  2.79  2.12  1.38   .88   .57   .62   .82  1.54  2.36  2.83
MEAN      4.08  4.94  6.44  5.90  4.64  4.16  3.62  3.26  3.81  3.44  4.30  4.61
STD DEV   2.07  2.69  3.65  3.10  2.34  1.95  1.63  1.58  2.17  1.61  2.24  2.41
SKEW       .94  1.02   .62   .46   .52   .38   .52   .46  1.08   .58  1.11   .85
% NW      3.47  4.15  4.56  3.22  1.87  1.30   .78   .85  1.35  2.23  3.66  5.05
MEAN      5.08  5.89  7.27  6.27  4.98  4.73  3.08  3.94  3.93  4.27  4.73  5.57
STD DEV   2.65  3.05  3.81  3.35  2.35  2.19  1.35  2.14  2.32  2.35  2.52  2.71
SKEW       .70   .58   .63   .54   .44   .18   .38   .71   .99  1.05   .78   .58
% NNW     8.85  9.04  8.59  6.36  3.44  2.10  1.07  1.39  2.65  5.41  7.65  8.85
MEAN      6.64  6.60  7.48  7.00  5.58  5.40  3.63  4.41  5.06  5.63  5.96  6.52
STD DEV   3.22  3.15  3.59  3.27  2.58  2.47  1.63  2.44  3.01  3.08  2.85  3.11
SKEW       .58   .51   .43   .23   .45   .24   .48   .75   .92   .79   .60   .68
CALM      6.79  6.10  4.11  4.16  4.90  4.11  4.82  4.98  6.15  6.89  6.93  7.59
                                                                                
INTERPOLATED DATA (station & weighting factor)                                  
                                                                                
---Wind Stations---                                                             
CLINTON       OK     .394  OKLAHOMA CITY OK     .347  ENID          OK     .259 
