 Mexico    Coatepec                                                             
 LATT=  19.45 LONG= -96.93 YEARS= 30. TYPE= 1
 ELEVATION = 3897. TP5 = 3.10 TP6= 7.57
 MEAN P    .20   .22   .22   .29   .41   .64   .55   .47   .64   .43   .27   .21
 S DEV P   .29   .26   .32   .40   .55   .71   .63   .69   .83   .62   .41   .29
 SKEW  P  3.94  2.98  5.80  2.38  2.65  1.86  1.90  7.00  3.03  3.05  3.12  3.64
 P(W/W)    .52   .54   .48   .54   .56   .68   .67   .65   .73   .63   .56   .49
 P(W/D)    .29   .32   .23   .21   .24   .44   .50   .49   .52   .39   .28   .30
 TMAX AV 63.64 66.37 69.02 72.04 72.98 72.43 71.76 72.26 71.32 69.62 66.71 64.54
 TMIN AV 48.15 49.78 52.37 55.87 57.95 58.55 57.07 57.46 58.20 55.64 51.77 48.99
 SD TMAX  5.70  5.85  5.87  4.88  3.96  2.88  2.54  2.45  2.69  3.65  4.55  5.17
 SD TMIN  3.69  3.80  4.33  3.52  2.87  2.22  2.57  1.99  2.21  3.71  4.16  4.09
 SOL.RAD  309.  365.  417.  460.  468.  437.  443.  421.  364.  351.  323.  305.
 SD SOL   77.0  86.1  85.3  84.3  86.9  97.1  98.4  85.1  84.2  75.4  73.6  65.0
 MX .5 P   .39   .45   .42   .54   .88  1.22  1.43  1.06  1.09   .80   .48   .43
 DEW PT  50.34 51.77 54.25 57.44 59.72 60.21 57.87 58.47 59.43 57.20 53.99 51.48
Time Pk   .200  .310  .400  .480  .560  .650  .720  .780  .840  .900  .960 1.000
% N       9.28 10.72 11.65 11.31 11.63  9.63 12.79 12.38 11.22 10.79 10.35 11.40
MEAN      4.36  4.73  4.74  4.35  3.97  3.80  3.95  3.91  3.70  3.77  4.12  4.58
STD DEV   2.03  1.96  2.11  1.76  1.49  1.37  1.41  1.41  1.33  1.39  1.84  2.09
SKEW      1.13   .60   .75   .59   .54   .11   .25   .10   .22   .43  1.00   .72
% NNE     5.00  6.43  6.52  7.16  6.61  7.12  7.93  7.69  6.97  6.37  5.87  5.92
MEAN      4.34  4.75  4.49  4.44  4.24  4.31  4.25  4.25  4.12  4.03  4.08  4.28
STD DEV   1.89  1.80  1.78  1.60  1.45  1.51  1.47  1.42  1.40  1.45  1.61  1.72
SKEW       .49   .23   .47   .23  -.14   .15   .07   .07   .03   .11   .29   .43
% NE      4.22  5.29  5.70  7.10  6.46  7.36  8.55  7.67  7.04  5.77  5.41  4.55
MEAN      3.46  4.16  3.92  4.04  4.10  4.09  4.07  3.91  3.86  3.57  3.58  3.83
STD DEV   1.43  1.64  1.52  1.64  1.55  1.63  1.57  1.50  1.49  1.39  1.51  1.66
SKEW       .72   .53   .43   .36   .25   .32   .10   .24   .36   .45   .72   .95
% ENE     2.85  3.52  4.03  5.50  5.79  6.82  6.25  6.49  5.23  4.49  3.84  3.26
MEAN      3.74  4.15  4.03  4.18  4.09  4.18  4.09  4.07  3.94  3.63  3.87  3.72
STD DEV   1.36  1.54  1.34  1.37  1.35  1.48  1.35  1.27  1.38  1.23  1.43  1.33
SKEW       .64   .55   .28   .26   .41   .28   .36   .26   .44   .47   .50   .69
% E       4.19  4.57  5.50  5.75  7.02  7.51  6.07  5.79  4.91  4.86  4.39  3.91
MEAN      3.86  4.15  4.20  4.23  4.14  4.26  3.92  3.91  3.91  3.96  3.84  3.72
STD DEV   1.46  1.49  1.45  1.56  1.50  1.49  1.35  1.36  1.35  1.36  1.38  1.28
SKEW       .50   .39   .21   .39   .32   .20   .32   .38   .63   .24   .31   .30
% ESE     4.42  4.70  4.92  4.71  4.40  4.45  3.13  3.19  3.16  4.17  4.06  3.96
MEAN      4.48  4.72  4.60  4.73  4.22  4.47  4.01  3.68  4.02  4.15  4.04  4.33
STD DEV   1.56  1.53  1.56  1.68  1.42  1.58  1.38  1.41  1.31  1.44  1.46  1.59
SKEW       .23   .38   .06   .31  -.28   .28  -.29   .25  -.28   .24   .52   .49
% SE      4.77  4.07  3.95  3.18  2.29  2.48  1.52  1.99  1.86  2.92  3.30  3.69
MEAN      4.41  4.29  4.41  4.56  3.53  3.36  3.26  3.50  3.50  3.86  3.78  4.32
STD DEV   1.87  1.83  1.87  2.00  1.59  1.47  1.19  1.62  1.44  1.55  1.55  1.83
SKEW       .51   .47   .33   .42   .57   .54   .12   .31   .14   .56   .74   .56
% SSE     4.02  2.65  2.34  1.86  1.32  1.33   .84  1.20  1.19  1.97  2.36  2.59
MEAN      4.55  3.98  4.05  3.60  3.04  2.76  2.72  2.78  3.03  3.44  3.85  4.12
STD DEV   2.20  1.75  1.87  1.60  1.08   .95   .82  1.35  1.08  1.37  1.81  1.81
SKEW       .63   .69   .66   .88   .56  -.04  -.08  1.23   .40   .80   .95   .78
% S       7.60  6.55  5.48  4.05  3.05  2.77  2.28  2.54  2.63  3.87  4.60  5.36
MEAN      3.77  3.41  3.33  3.35  2.94  2.70  2.67  3.24  2.99  3.00  3.36  3.52
STD DEV   1.86  1.39  1.41  1.34  1.08   .96   .88  1.25  1.08  1.05  1.41  1.61
SKEW      1.34  1.11   .87  1.05   .78   .50   .36   .78   .67   .67  1.07  1.41
% SSW     9.80  7.72  6.94  6.05  4.88  4.74  3.62  4.03  5.55  6.95  6.92  7.63
MEAN      3.22  3.20  3.12  2.83  3.04  3.02  3.03  2.21  2.94  3.07  2.94  3.13
STD DEV   1.08  1.09  1.03   .95  1.01   .67   .67   .71   .84   .91  1.03  1.04
SKEW       .25   .49   .33   .43   .42  -.24   .20   .66   .42   .26   .71   .40
% SW     15.20 13.80 12.72 11.26 11.27 11.90 10.11 10.04 13.45 14.09 13.69 15.19
MEAN      3.04  3.13  2.88  2.70  2.66  2.33  2.30  2.27  2.65  2.79  2.78  3.09
STD DEV   1.06  1.12   .93   .82   .71   .72   .72   .68   .70   .84   .87   .96
SKEW       .38   .32   .30   .30  -.05   .28   .40   .23  -.13   .20   .30   .18
% WSW     9.83  9.52 10.18 10.82 11.82 13.34 12.80 12.95 13.97 13.06 12.92 11.33
MEAN      2.91  2.59  2.86  2.46  2.50  2.53  2.47  2.45  2.54  2.47  2.46  2.80
STD DEV    .84   .80   .78   .76   .74   .80   .77   .75   .73   .78   .78   .79
SKEW       .24   .34  -.24   .16   .24   .31   .27   .16   .17   .24   .30  -.27
% W       4.41  5.82  5.52  6.68  7.68  7.42  8.52  8.52  8.17  6.29  6.83  5.26
MEAN      2.87  3.00  2.91  2.86  3.04  2.91  2.73  2.84  2.86  2.89  2.92  2.87
STD DEV    .93  1.05   .87   .89   .99   .88   .76   .78   .78   .90   .99   .97
SKEW       .13   .49   .23   .25   .25   .24  -.20  -.26  -.26   .33   .24   .48
% WNW     1.49  2.04  2.00  2.30  2.93  1.97  2.51  2.88  2.31  2.06  2.15  2.14
MEAN      2.75  2.86  2.83  2.79  2.86  2.77  2.75  2.92  2.79  3.29  2.72  2.95
STD DEV    .99   .85   .91   .95   .85   .98   .92   .94   .96  1.16   .94  1.04
SKEW       .40   .13  -.02   .20   .02   .34   .30   .24   .62   .41   .35   .66
% NW      2.75  3.23  3.16  3.10  3.63  2.76  3.29  3.36  3.01  3.12  3.00  3.45
MEAN      2.97  3.43  3.24  3.01  3.05  2.87  2.97  2.96  2.93  2.80  3.00  3.27
STD DEV   1.22  1.33  1.19  1.14  1.18  1.04  1.16  1.15  1.03   .99  1.26  1.38
SKEW       .70   .40   .39   .41   .41   .48   .44   .27   .33   .48   .92   .64
% NNW     3.64  3.95  3.99  4.11  4.42  3.67  4.92  4.54  4.34  3.50  3.79  4.40
MEAN      3.87  4.16  4.28  3.70  3.45  3.34  3.52  3.47  3.31  3.41  3.63  4.12
STD DEV   1.89  1.67  1.75  1.52  1.23  1.27  1.20  1.38  1.16  1.27  1.67  2.00
SKEW      1.20   .56   .64   .72   .41   .49   .18  1.11   .27   .47  1.10   .75
CALM      6.58  5.49  5.39  4.93  4.82  4.70  4.94  4.72  4.90  5.80  6.54  5.99
                                                                                
INTERPOLATED DATA (station & weighting factor)                                  
                                                                                
---Wind Stations---                                                             
HILO          HI     .843  PUUNENE MAUI  HI     .157                       .000 
