 Mexico    Dzan                                                                 
 LATT=  20.35 LONG= -89.47 YEARS= 30. TYPE= 4
 ELEVATION =   85. TP5 = 3.15 TP6= 7.64
 MEAN P    .50   .47   .63   .68   .80   .72   .58   .63   .78   .67   .48   .46
 S DEV P   .64   .60   .67   .69   .89   .82   .59   .69   .84   .78   .60   .69
 SKEW  P  2.83  2.48  1.83  1.63  1.78  2.40  1.91  1.86  1.84  2.15  1.90  2.96
 P(W/W)    .16   .27   .21   .26   .52   .53   .54   .53   .60   .53   .32   .35
 P(W/D)    .08   .06   .08   .08   .11   .24   .26   .34   .34   .19   .12   .10
 TMAX AV 85.80 89.23 93.08 96.57 97.64 94.86 95.14 95.07 93.12 90.08 87.87 86.21
 TMIN AV 65.35 66.63 68.85 72.53 75.35 75.96 74.77 74.84 74.50 72.08 68.38 66.44
 SD TMAX  5.29  5.46  5.65  4.69  4.45  4.60  3.42  3.32  3.92  4.10  4.34  4.75
 SD TMIN  5.52  5.55  5.23  4.16  2.81  1.95  2.63  1.59  1.79  3.84  5.06  5.41
 SOL.RAD  356.  422.  497.  546.  545.  508.  533.  516.  466.  418.  371.  341.
 SD SOL   70.6  79.1  85.5  82.8  89.2 110.0  79.5  79.7  86.2  75.3  66.6  60.0
 MX .5 P   .24   .28   .38   .51   .93  1.19  1.28  1.20  1.22   .76   .49   .40
 DEW PT  63.23 63.41 63.63 66.58 69.25 72.69 72.38 73.12 73.85 71.32 66.99 64.70
Time Pk   .270  .390  .480  .560  .630  .710  .770  .810  .860  .900  .950 1.000
% N       9.81  7.57  4.86  4.42  3.66  2.72  2.07  2.72  3.40  7.30 12.43 10.74
MEAN      3.60  3.83  3.80  3.81  3.24  3.03  2.64  2.54  3.08  3.49  3.99  3.80
STD DEV   1.67  1.71  1.58  1.73  1.33  1.41  1.23  1.24  1.73  1.64  1.60  1.70
SKEW       .55   .51   .31   .99   .54   .87   .57  1.04  1.72   .86   .09   .81
% NNE     8.25  7.04  4.94  4.46  4.68  3.43  1.99  3.37  5.09  9.93 10.24  8.99
MEAN      3.73  3.99  4.23  3.94  3.62  3.05  2.56  2.91  3.23  3.96  4.06  3.94
STD DEV   1.71  1.71  1.81  1.78  1.61  1.41  1.05  1.34  1.80  1.67  1.84  1.66
SKEW       .63   .41   .44   .54   .56  1.05   .45   .82  1.95   .61   .55   .40
% NE      7.92  6.05  6.17  5.02  6.86  5.82  3.54  6.39 12.47 14.64 11.52 10.30
MEAN      3.65  4.03  4.17  3.75  3.76  3.57  2.80  3.06  3.39  4.14  3.92  3.43
STD DEV   1.71  2.08  1.98  1.75  1.62  1.92  1.49  1.35  1.60  1.91  2.01  1.65
SKEW       .59  1.06   .69   .64   .43  1.00  1.25   .59   .83  1.10   .80   .76
% ENE     6.08  5.04  5.96  7.14  8.56  7.08  5.21  7.53 12.59 13.30  9.01  7.84
MEAN      3.75  3.84  4.42  4.09  4.23  3.66  3.01  3.13  3.77  4.42  4.23  3.58
STD DEV   1.71  1.93  2.00  1.78  1.70  1.72  1.31  1.28  1.77  1.89  2.00  1.54
SKEW       .47   .74   .76   .51   .33  1.04   .68   .73   .90   .77   .57   .59
% E       7.90  5.82  7.58 11.93 13.51 11.02 11.64 12.48 15.01 10.64  8.41  8.37
MEAN      3.90  3.83  3.98  4.28  4.15  3.81  3.21  3.31  3.67  4.08  4.04  3.67
STD DEV   1.78  1.90  1.81  1.78  1.78  1.93  1.47  1.36  1.79  1.92  1.88  1.64
SKEW       .82   .64   .45   .44   .52   .85   .79   .65  1.37   .76   .62   .59
% ESE     4.61  4.60  5.31  8.34  7.83  6.42  9.20  7.65  6.62  5.43  3.98  4.03
MEAN      4.01  4.10  3.99  4.37  3.74  3.56  3.44  3.13  3.77  3.97  4.01  4.11
STD DEV   1.73  2.09  1.79  1.79  1.64  1.79  1.55  1.48  1.94  1.79  1.57  1.79
SKEW       .54   .51   .55   .51   .87  1.01  1.37   .93  1.16   .86   .32   .51
% SE      3.57  4.29  4.40  5.11  5.57  5.34  7.49  5.95  5.00  3.22  2.80  3.53
MEAN      3.96  3.85  3.93  4.28  3.38  3.18  3.10  3.02  3.50  3.37  3.75  3.99
STD DEV   1.94  1.96  1.80  1.89  1.61  1.58  1.41  1.24  1.66  1.45  1.48  1.76
SKEW       .64   .52   .46   .55   .73   .95   .94   .51   .99   .71   .51   .18
% SSE     2.70  4.60  5.14  6.10  4.64  4.81  6.04  4.93  2.88  2.80  1.94  3.61
MEAN      4.33  4.47  4.39  4.50  3.67  3.16  3.22  3.24  3.68  3.47  3.92  4.52
STD DEV   1.86  2.06  2.28  2.25  1.59  1.72  1.58  1.46  1.71  1.57  1.72  2.05
SKEW       .41   .58   .81   .84   .58  1.34  1.41   .82  1.06   .73   .57   .44
% S       5.62  6.21  7.67  5.68  5.17  6.44  7.95  7.29  4.79  2.80  3.01  4.71
MEAN      4.32  4.76  4.51  4.29  3.62  3.29  3.23  3.03  3.81  3.61  3.88  4.37
STD DEV   2.12  2.30  2.18  1.95  1.66  1.80  1.64  1.50  2.23  1.65  1.70  2.11
SKEW       .65   .62   .56   .73   .56  1.47  1.21   .91  1.71   .52   .38   .63
% SSW     3.55  5.15  5.57  3.40  3.22  3.99  4.74  4.61  3.00  1.79  2.73  3.27
MEAN      4.69  5.10  4.71  4.52  3.84  3.45  3.64  3.41  4.20  3.77  4.40  4.12
STD DEV   1.96  2.33  1.98  1.95  1.65  1.80  1.81  1.67  2.23  1.44  1.90  1.80
SKEW       .36   .54   .34   .05   .57   .97   .82   .64   .70   .24   .37   .65
% SW      2.99  3.69  4.84  4.49  4.66  5.46  5.82  4.97  3.14  1.73  2.59  2.26
MEAN      4.07  4.80  4.78  4.39  3.97  3.69  3.45  3.43  3.83  4.22  4.16  3.86
STD DEV   1.84  2.23  2.08  1.94  1.94  1.75  1.57  1.58  2.27  1.69  1.90  1.68
SKEW       .58   .47   .30   .40   .69   .79   .71   .59  1.23   .30   .45   .45
% WSW     2.01  2.94  3.96  4.25  5.09  5.46  4.46  3.57  2.54  1.52  1.92  1.63
MEAN      4.22  4.13  4.63  4.22  4.48  4.08  3.48  3.49  3.48  3.76  4.05  3.92
STD DEV   2.09  1.98  2.20  1.81  1.98  1.76  1.52  1.53  1.66  1.91  1.86  1.57
SKEW       .50   .52   .62   .70   .35   .46   .48   .66   .83   .54   .67   .24
% W       3.22  5.21  5.16  5.42  5.72  6.65  4.28  3.76  2.71  2.74  2.89  2.31
MEAN      3.92  4.57  4.18  4.19  4.04  3.86  3.50  3.31  3.25  3.47  3.70  3.38
STD DEV   2.03  2.61  1.76  1.92  1.94  1.66  1.76  1.55  1.44  1.53  1.93  1.46
SKEW      1.01  1.31   .31   .84   .59   .51  1.18   .73  1.11   .65   .81   .61
% WNW     6.84  6.99  7.85  7.05  4.55  4.73  2.69  3.30  2.37  2.74  3.59  3.99
MEAN      4.67  4.70  5.01  4.35  3.77  3.71  3.25  3.30  3.60  3.67  4.04  4.49
STD DEV   2.32  2.23  2.12  1.80  1.64  1.89  1.37  1.26  2.00  1.53  1.86  2.16
SKEW       .75   .93   .47   .37   .69  1.02   .57   .23  1.06   .47   .77   .45
% NW      5.71  6.18  5.05  4.09  3.51  3.51  2.38  2.79  2.57  3.97  4.79  4.96
MEAN      4.40  4.46  4.54  3.88  3.54  3.28  3.10  3.13  3.42  3.48  4.14  4.38
STD DEV   2.28  2.13  1.80  1.55  1.51  1.66  1.68  1.35  1.44  1.56  1.85  2.06
SKEW       .86   .72   .45   .48   .46  1.05  1.15   .75   .39   .63   .33   .68
% NNW     6.80  5.99  4.57  3.90  2.42  2.72  1.91  2.00  2.29  4.70  7.39  7.05
MEAN      3.92  4.15  4.05  3.64  3.14  3.03  2.69  2.70  3.25  3.41  4.23  3.92
STD DEV   1.84  1.81  1.53  1.56  1.16  1.50  1.24  1.22  1.64  1.58  1.78  1.64
SKEW       .86   .52   .13   .55   .42  1.11   .67   .72   .77   .81   .46   .81
CALM     12.39 12.63 11.00  9.13 10.37 14.36 18.52 16.63 13.59 10.69 10.75 12.43
                                                                                
INTERPOLATED DATA (station & weighting factor)                                  
                                                                                
---Wind Stations---                                                             
AVON PARK     FL     .400  FT. MYERS     FL     .311  BARTOW        FL     .289 
