 Netherlands    Duiven                                                          
 LATT=  51.97 LONG=   6.02 YEARS= 30. TYPE= 2
 ELEVATION =   30. TP5 = 1.47 TP6= 3.35
 MEAN P    .17   .17   .16   .15   .20   .21   .22   .26   .21   .19   .17   .19
 S DEV P   .18   .18   .17   .18   .27   .23   .24   .32   .25   .22   .19   .21
 SKEW  P  1.84  1.92  2.08  2.67  3.59  1.83  2.15  2.97  2.41  2.23  2.40  2.39
 P(W/W)    .71   .66   .65   .61   .60   .63   .60   .60   .68   .65   .68   .73
 P(W/D)    .34   .35   .27   .24   .26   .28   .30   .30   .26   .27   .40   .37
 TMAX AV 41.63 43.34 49.74 57.03 64.31 68.79 72.77 72.08 65.59 57.48 48.22 42.45
 TMIN AV 34.08 34.07 37.41 41.40 48.00 52.90 56.96 56.30 51.68 45.97 39.79 35.20
 SD TMAX  7.34  7.48  7.27  8.31  8.42  7.72  7.92  7.14  6.39  6.47  6.43  7.32
 SD TMIN  7.77  7.59  6.43  6.25  6.05  5.21  4.97  4.61  5.07  6.58  6.76  7.65
 SOL.RAD   60.  111.  203.  316.  398.  416.  406.  346.  241.  131.   68.   46.
 SD SOL   21.0  40.4  68.2  82.0 107.0 100.5 101.0  83.6  74.2  45.1  24.7  14.8
 MX .5 P   .05   .14   .14   .19   .36   .43   .69   .50   .31   .22   .12   .07
 DEW PT  34.29 33.99 37.07 40.42 46.75 52.23 56.14 56.18 52.51 46.87 40.77 35.81
Time Pk   .070  .150  .240  .320  .400  .510  .600  .690  .780  .860  .940 1.000
% N       8.74  4.07  9.28  4.91  5.50 16.81 18.72 12.34 20.25 15.65  6.03  1.74
MEAN      2.83  3.47  3.92  4.24  4.19  6.24  5.78  3.82  4.16  5.43  3.25  2.84
STD DEV   1.69  1.75  1.75  2.45  2.46  2.35  2.26  2.29  2.23  2.66  2.35  1.23
SKEW       .93  1.12   .68  1.11  1.05  -.23   .35   .81   .44   .08  1.30   .44
% NNE      .39   .30   .24   .41   .20   .05   .06   .05   .48   .71   .95   .11
MEAN       .85  1.00   .82   .92   .98   .97  1.30   .88  4.61  3.56  2.65  1.03
STD DEV    .40   .56   .42   .47   .59   .04   .07   .04   .46   .15   .11   .15
SKEW       .07   .27   .23   .12   .15  -.06   .10  -.06   .24   .07   .04   .01
% NE      6.90  2.31  1.95  1.22  1.98   .68   .19   .10  2.99  3.92  3.93  4.13
MEAN      2.46  2.41  3.99  2.90  2.16  1.62   .66   .67  2.86  2.70  2.67  2.77
STD DEV   1.09   .85  1.70   .60   .88   .05   .45   .07  1.39  1.19   .68   .84
SKEW       .61  -.75   .36   .31   .15   .01   .30   .05   .71   .33  -.36   .06
% ENE     1.56  2.09   .97   .44   .48   .11   .09   .12   .78   .88   .96  3.54
MEAN       .80   .94   .80   .93  1.04   .31   .49   .25  3.00  2.79  4.42   .96
STD DEV    .32   .45   .43   .46   .59   .15   .10   .09   .47   .37   .46   .43
SKEW       .24   .23   .46   .16   .13   .09   .13   .01  -.03   .13   .08   .22
% E      10.26 13.93  8.63  6.20  2.77   .71   .35  1.35  1.62 10.96  7.40 21.70
MEAN      2.98  3.20  4.26  4.51  4.13  3.10   .50  3.12  2.08  4.43  4.01  4.75
STD DEV   1.28  1.33  1.72  1.74  1.19   .11   .12   .11   .36  1.97  1.97  2.11
SKEW       .67   .49   .47   .36  -.32   .13   .08   .04   .21   .13   .42   .46
% ESE     9.01  4.31  4.77  2.64   .80   .58   .31   .36  1.24  2.55  4.58  4.54
MEAN      5.40  3.72  5.36  5.08   .97   .73   .62   .77   .82  5.48  5.15  5.97
STD DEV   1.80   .54  1.10   .32   .60   .26   .10   .11   .28   .35  1.98   .73
SKEW       .53   .41   .01   .14   .34  -.04  -.01   .01   .05   .11   .03   .20
% SE     13.06 18.19 12.69 11.63  8.39  4.33  4.12  3.25  9.10 20.16 14.48 15.64
MEAN      4.76  4.29  4.06  4.99  4.37  3.01  3.50  3.73  5.30  3.96  5.94  5.10
STD DEV   2.20  1.82  1.34  1.91  2.71  1.07  1.38  1.29  2.62  2.07  3.20  2.86
SKEW       .26   .70   .60  1.30  1.68   .09   .63   .83  1.19  1.24   .61  1.07
% SSE     2.22  2.24  2.94  2.77  1.11  1.74  3.53   .55  1.46  2.15  3.75  1.33
MEAN      5.58  7.07  5.71  6.16 13.05  7.61  6.87  4.00  7.22  7.42  9.87  9.11
STD DEV    .81   .65   .52   .66   .38   .24  1.80   .26   .39  4.92  4.78   .71
SKEW       .66   .33   .25   .54   .49   .17   .49  -.01   .27   .96   .10   .26
% S       8.57 15.08 13.82 21.40 19.67 12.66 12.19 21.97 13.74 10.38 15.31 10.61
MEAN      9.11 11.87  7.35  7.41  7.83  5.48  5.10  4.22  7.89  6.50 10.11 10.32
STD DEV   5.47  4.59  4.93  3.47  3.67  1.94  2.55  2.27  3.74  3.73  5.94  4.30
SKEW       .72   .47   .94   .34   .34   .91   .77   .99   .40   .24   .93   .47
% SSW     1.98  1.79  3.30  2.65  2.03  1.21  1.47   .89  1.72  1.16  1.77  2.33
MEAN      2.04  6.93  7.65 12.06  3.26  2.99  3.87  1.03  1.25  1.46  1.67 11.28
STD DEV   1.01   .87   .98   .83   .59   .55   .67   .47   .56   .72   .87   .84
SKEW       .06   .29   .25   .13   .05   .17   .41   .18   .31   .18   .33   .03
% SW     11.51  7.90  6.41 10.31 10.72  6.39  3.81  9.24  8.32  5.56 11.26  8.51
MEAN      6.61  9.30  6.06  6.54  5.11  3.80  3.86  3.13  4.69  4.79  8.09  8.05
STD DEV   3.42  3.50  2.43  2.56  2.27  1.21   .43  1.59  2.61  3.08  2.92  2.77
SKEW       .42   .43   .07   .13   .50  -.17   .23   .83   .71   .80  1.28  -.35
% WSW     1.70  1.52  1.63  2.43  2.91  2.46  2.47  2.28  1.02  1.13   .96   .99
MEAN      1.57  7.91  1.62  1.36  1.19  1.21  1.04  1.03  1.15  9.50  1.70  4.37
STD DEV    .80   .68   .76   .60   .48   .50   .41   .44   .42   .56   .64   .48
SKEW       .16   .23   .16   .14   .03   .06   .15   .14   .04   .22  -.04   .00
% W       5.46  7.47 11.90 16.56 12.26 10.64  8.30  6.38  5.59  5.73 13.99 13.68
MEAN      7.50  8.18  5.89  5.12  4.11  3.84  3.38  3.58  5.35  5.34  6.14  6.82
STD DEV   3.22  2.63  2.31  2.61  2.13  1.82  1.81   .50  2.53  2.14  2.81  2.87
SKEW       .31  -.28   .39   .99   .82   .50   .43   .22   .58   .53   .36   .38
% WNW     2.49  1.30  1.84  2.81  2.61  4.69  4.79  2.84  2.50   .97   .84  1.01
MEAN      7.11 10.43  8.79  1.80  1.68  6.87  1.81  1.56  1.49  6.40 11.30  8.91
STD DEV   1.07   .58   .76   .71   .67   .59   .66   .54   .55   .46   .79   .28
SKEW       .22   .07   .14   .03   .17   .14   .03   .07  -.02   .06   .25   .06
% NW      8.23 14.57 15.02 10.25 23.31 25.15 30.80 27.83 17.09  9.47 11.12  7.90
MEAN      4.45  5.93  6.67  5.26  5.40  6.26  5.48  4.32  4.47  5.83  6.47  6.53
STD DEV   2.77  3.36  2.55  2.98  2.72  2.51  2.20  2.02  2.01  2.88  3.00  3.18
SKEW       .81   .35  -.11   .64  1.04   .15   .01   .67   .24   .36   .14   .65
% NNW      .19   .23  1.88  1.49  3.12  9.48  2.36   .55  1.57  1.48   .05   .05
MEAN      1.09  1.23  6.80  8.19  6.92  7.08  6.58  1.13  6.23  6.23   .39   .30
STD DEV    .45   .21   .72   .48  2.37  2.30  2.14   .44   .42   .36   .14   .11
SKEW       .03   .07   .25   .15   .42   .24   .61   .28  -.14  -.12   .01   .01
CALM      7.79  2.67  2.62  1.98  2.12  2.21  6.47  9.78 10.44  7.01  2.88  2.17
                                                                                
INTERPOLATED DATA (station & weighting factor)                                  
                                                                                
---Wind Stations---                                                             
NORTH HEAD    WA     .699  ASTORIA       OR     .216  HOQUIAM       WA     .086 
