 Norway    Abjorsbraten                                                         
 LATT=  60.92 LONG=   9.29 YEARS= 30. TYPE= 1
 ELEVATION = 2096. TP5 = 1.10 TP6= 2.85
 MEAN P    .13   .11   .10   .12   .19   .22   .24   .23   .20   .18   .14   .11
 S DEV P   .13   .11   .10   .13   .21   .26   .31   .28   .25   .23   .16   .10
 SKEW  P  2.23  2.54  2.06  1.91  2.81  2.23  3.53  2.99  2.34  3.41  2.62  2.24
 P(W/W)    .62   .55   .56   .53   .58   .62   .63   .64   .55   .59   .63   .54
 P(W/D)    .26   .27   .21   .22   .20   .30   .30   .36   .25   .27   .27   .28
 TMAX AV 22.24 25.82 33.15 41.00 50.84 58.37 63.36 60.06 51.96 40.47 29.25 22.02
 TMIN AV 12.56 13.99 19.04 25.94 33.52 41.85 47.20 45.24 38.29 29.64 19.37 11.12
 SD TMAX  9.97  9.11  7.38  6.87  8.74  7.23  7.13  6.37  6.14  6.73  9.02 11.18
 SD TMIN 10.52 10.59  9.49  6.93  5.93  5.06  4.74  4.89  5.87  7.39 10.81 11.85
 SOL.RAD   22.   71.  173.  297.  409.  450.  412.  314.  202.   98.   35.   13.
 SD SOL   10.1  28.3  54.7  75.2 108.3 114.9 112.5  92.7  67.0  41.7  17.4   3.7
 MX .5 P   .08   .12   .13   .20   .34   .48   .75   .53   .37   .23   .15   .08
 DEW PT  13.37 14.76 18.79 24.60 31.21 38.90 45.03 44.29 38.22 30.05 20.99 12.86
Time Pk   .250  .360  .450  .530  .600  .670  .720  .790  .850  .900  .950 1.000
% N       3.87  3.86  4.15  5.13  4.19  3.21  2.41  2.90  4.57  4.61  3.96  4.00
MEAN      2.80  3.23  3.56  3.76  3.79  3.37  3.04  2.78  3.30  3.18  2.69  3.04
STD DEV   1.56  1.93  1.71  1.73  1.74  1.54  1.44  1.21  1.43  1.49  1.37  1.69
SKEW      1.10  1.22   .60   .52   .56   .76   .78   .69   .56   .81  1.00  1.06
% NNE     2.06  2.43  2.96  3.16  3.42  2.57  1.98  2.28  3.57  3.20  2.31  1.92
MEAN      3.28  3.69  4.51  4.02  4.00  3.48  2.99  2.87  3.35  3.40  2.77  2.97
STD DEV   1.86  2.32  2.54  2.07  1.82  1.49  1.38  1.24  1.54  1.32  1.25  1.73
SKEW       .72  1.05  1.23   .81   .64   .56   .76   .96   .59   .43   .85  1.16
% NE      4.04  4.59  5.09  4.22  5.02  3.71  3.18  3.80  5.73  5.45  4.13  4.74
MEAN      4.08  4.22  4.30  3.56  3.44  3.25  2.83  2.87  3.50  3.86  3.50  4.01
STD DEV   2.18  2.28  2.23  1.68  1.62  1.58  1.20  1.24  1.73  1.76  1.85  2.09
SKEW      1.08   .58   .72   .67   .69   .85   .64   .78   .84   .67   .89   .94
% ENE    12.45  9.22  8.00  7.88  7.73  4.49  4.06  5.39  9.41 11.15 11.02  9.43
MEAN      5.37  4.79  4.67  3.98  3.83  3.58  3.21  3.42  4.03  4.58  4.69  4.68
STD DEV   2.40  2.07  2.09  1.64  1.60  1.60  1.40  1.41  1.65  1.94  1.89  2.09
SKEW      1.08   .28   .76   .64   .70   .94   .69   .55   .62   .60   .49   .57
% E       7.35  8.01  7.38  7.06  6.48  4.23  3.89  6.24  7.68  8.17  8.05  6.90
MEAN      4.57  3.85  4.07  3.54  3.45  3.15  2.94  3.02  3.41  4.02  3.79  4.01
STD DEV   2.34  1.74  1.74  1.55  1.60  1.40  1.30  1.27  1.43  1.81  1.88  2.13
SKEW       .89   .45   .65   .59   .77   .89   .88   .65   .65   .55   .59   .90
% ESE     2.49  3.27  2.65  3.81  3.70  2.86  2.61  2.96  3.08  2.77  2.64  2.04
MEAN      3.22  3.30  3.34  3.45  3.54  3.27  3.11  3.04  3.26  3.51  3.13  3.20
STD DEV   1.68  1.55  1.58  1.44  1.67  1.39  1.39  1.29  1.42  1.65  1.44  1.61
SKEW      1.36   .97   .72   .73   .88   .89   .64   .62   .89   .85   .91   .97
% SE      1.46  1.78  2.11  3.66  4.58  4.54  4.81  4.34  4.06  2.48  1.89  1.38
MEAN      2.53  2.55  3.09  3.20  3.39  3.29  2.89  2.98  3.17  2.97  2.60  2.43
STD DEV   1.36  1.43  1.53  1.54  1.53  1.44  1.26  1.39  1.63  1.52  1.33  1.44
SKEW       .64   .79   .36   .82   .67   .53   .62   .73   .95  1.02   .60  1.41
% SSE      .92  1.41  1.36  2.67  4.01  3.31  3.71  3.50  2.73  1.80  1.23   .89
MEAN      2.88  2.94  3.14  4.35  4.01  3.89  3.38  3.73  3.49  2.82  3.17  2.72
STD DEV   1.28  1.33  1.46  1.93  1.65  1.82  1.34  1.67  1.74  1.00  1.58  1.27
SKEW       .02   .30   .67   .27   .36   .85   .56   .44   .72   .03   .69   .89
% S       1.10  1.95  1.94  3.43  6.09  6.02  5.67  5.36  3.53  2.53  1.37  1.36
MEAN      2.57  2.87  3.26  3.71  4.14  3.84  3.41  3.55  3.35  3.27  2.63  2.65
STD DEV   1.26  1.41  1.56  1.73  1.86  1.84  1.64  1.74  1.77  1.86  1.41  1.27
SKEW       .80   .98   .49   .45   .44   .74   .69   .62   .77  1.11  1.54   .45
% SSW      .98  1.05  1.23  2.29  4.80  5.53  6.23  4.55  2.70  1.49   .84   .91
MEAN      2.58  3.01  2.88  3.75  4.08  3.75  3.77  3.76  3.38  3.26  2.53  2.40
STD DEV   1.28  1.79  1.38  1.73  1.94  1.72  1.66  1.73  1.58  1.58  1.16  1.16
SKEW       .85   .94   .77   .40   .56   .72   .71   .58   .82   .70   .50   .49
% SW      2.40  2.05  3.06  4.68  7.33 11.15 12.72 10.07  6.24  4.61  2.60  2.28
MEAN      2.92  2.91  3.16  3.60  3.72  3.72  3.64  3.58  3.49  3.24  2.48  2.36
STD DEV   1.75  1.62  1.69  1.75  1.76  1.70  1.62  1.58  1.60  1.73  1.37  1.41
SKEW      1.04   .88   .83   .65   .62   .71   .52   .62   .62  1.12  1.37  1.69
% WSW     4.36  4.56  4.86  5.19  6.51  9.94 10.45  8.53  6.45  5.10  3.67  4.32
MEAN      3.15  3.48  3.52  3.49  3.69  3.82  3.73  3.72  3.50  3.00  2.87  3.11
STD DEV   1.66  1.85  1.76  1.47  1.65  1.65  1.63  1.65  1.58  1.33  1.33  1.94
SKEW      1.29  1.14   .81   .55   .70   .60   .55   .71   .85   .86  1.23  1.98
% W       5.68  5.53  5.38  5.51  5.46  6.68  6.48  5.11  4.13  5.58  5.50  5.44
MEAN      2.67  2.94  2.75  3.05  3.01  3.03  2.85  2.84  2.62  2.48  2.49  2.33
STD DEV   1.51  1.66  1.26  1.40  1.34  1.39  1.29  1.33  1.14  1.05  1.32  1.13
SKEW      2.15  1.53  1.11  1.07   .74   .79   .96  1.07   .82   .96  1.90  1.37
% WNW     5.35  5.65  6.21  5.78  4.16  5.15  4.28  3.89  3.79  4.64  5.13  4.40
MEAN      2.84  2.81  2.82  3.08  3.10  3.23  2.95  2.77  2.71  2.69  2.60  2.60
STD DEV   1.33  1.25  1.22  1.25  1.33  1.33  1.21  1.09  1.09  1.08  1.17  1.18
SKEW      1.26  1.06   .89   .54   .77   .71   .72   .80   .74   .68   .99  1.39
% NW      5.49  6.89  8.39  8.75  4.45  4.19  3.68  3.95  5.30  7.21  5.64  5.55
MEAN      2.65  2.84  2.99  3.23  3.00  2.98  2.73  2.78  2.81  2.82  2.66  2.52
STD DEV   1.23  1.47  1.34  1.34  1.29  1.28  1.16  1.13  1.22  1.16  1.21  1.19
SKEW      1.09  1.32   .81   .61   .73   .75   .68   .65   .79   .74   .99  1.11
% NNW     3.04  3.89  5.13  6.02  3.53  2.74  1.99  2.29  3.79  4.46  3.71  3.56
MEAN      3.32  3.46  3.67  3.88  3.83  3.36  3.15  3.18  3.38  3.44  3.10  3.44
STD DEV   1.60  1.69  1.56  1.59  1.60  1.35  1.22  1.23  1.48  1.48  1.30  1.66
SKEW       .63   .79   .41   .50   .64   .44   .49   .42   .58   .69   .60   .59
CALM     36.96 33.83 30.21 20.77 18.63 19.55 21.90 24.87 23.25 24.74 36.25 40.96
                                                                                
INTERPOLATED DATA (station & weighting factor)                                  
                                                                                
---Wind Stations---                                                             
NENANA        AK     .516  L.MINCHUMINA  AK     .292  GULKANA       AK     .192 
