 Norway    Hovringen                                                            
 LATT=  61.89 LONG=   9.47 YEARS= 30. TYPE= 3
 ELEVATION = 3068. TP5 = 0.94 TP6= 1.78
 MEAN P    .10   .09   .09   .09   .16   .21   .23   .21   .17   .15   .10   .10
 S DEV P   .11   .09   .09   .10   .20   .24   .26   .22   .22   .18   .10   .09
 SKEW  P  2.11  2.23  2.28  3.25  3.65  3.20  2.41  1.97  2.61  2.71  2.01  1.82
 P(W/W)    .48   .49   .46   .46   .49   .57   .60   .59   .45   .49   .53   .42
 P(W/D)    .27   .24   .21   .18   .19   .31   .29   .34   .28   .26   .26   .25
 TMAX AV 19.30 20.48 27.00 35.95 46.10 53.79 58.95 55.58 47.42 36.26 25.80 19.62
 TMIN AV  8.92  9.33 14.32 22.79 31.38 38.98 44.05 41.67 34.91 26.11 16.13  8.19
 SD TMAX  9.15  9.25  7.53  7.03  8.94  7.49  7.48  6.85  6.33  6.71  8.93 10.43
 SD TMIN 10.29 10.81  9.84  7.80  6.60  5.56  5.27  5.34  6.27  7.74 10.55 11.64
 SOL.RAD   18.   64.  165.  295.  399.  440.  407.  308.  194.   94.   31.   10.
 SD SOL    9.4  26.5  53.1  71.3  92.3  98.7 103.9  86.7  63.2  36.6  15.6   3.1
 MX .5 P   .06   .07   .09   .10   .26   .39   .66   .45   .33   .19   .13   .06
 DEW PT  10.43 10.61 14.70 21.68 28.92 36.37 42.41 41.33 35.52 26.83 17.87 10.66
Time Pk   .250  .360  .450  .530  .600  .670  .720  .790  .850  .900  .950 1.000
% N       6.61  6.27  6.68  7.47  7.42  7.15  7.47  7.73  8.11  6.13  5.96  6.34
MEAN      3.96  3.68  3.66  4.13  3.70  3.65  3.43  3.41  3.65  3.28  3.62  3.72
STD DEV   2.61  2.52  2.26  2.34  1.99  1.90  1.79  1.72  2.16  1.95  2.30  2.37
SKEW      1.16  1.54  1.09   .99   .95  1.12  1.07  1.05  1.37  1.31  1.30  1.16
% NNE     4.45  3.80  4.74  5.50  5.09  4.42  4.35  5.14  5.21  3.71  2.84  3.39
MEAN      5.78  4.34  5.38  5.50  4.60  4.05  4.04  3.42  4.52  3.60  3.88  4.68
STD DEV   3.73  2.64  3.18  2.33  2.01  1.82  1.79  1.75  2.40  2.26  2.70  3.25
SKEW       .50   .51   .53   .57   .40  1.97   .66   .46   .62   .61   .85   .70
% NE      3.08  3.06  4.25  5.70  5.70  5.26  5.30  4.99  5.28  3.34  2.58  2.89
MEAN      4.04  3.38  4.24  3.99  3.69  3.65  3.17  3.33  3.54  3.17  3.23  3.51
STD DEV   2.84  2.31  2.61  2.28  1.98  2.06  1.66  1.77  1.86  2.05  2.18  2.27
SKEW      1.12  1.01   .76   .83   .86   .90  1.10  1.06   .96  1.23  1.15  1.24
% ENE      .55   .64   .94  1.56  1.49  1.50  1.45  1.40  1.34  1.07   .83   .73
MEAN      2.14  2.06  3.38  3.23  2.68  2.97  2.28  2.21  2.41  1.94  2.69  2.85
STD DEV   1.28   .85  1.61  1.59  1.38  1.00   .95   .91  1.15   .92   .86  1.30
SKEW      1.10   .80  1.93   .83   .74  2.07   .55   .59   .65  1.33   .89   .98
% E       1.99  2.26  2.41  2.70  3.17  2.68  3.05  2.76  2.70  2.53  2.30  2.32
MEAN      2.16  2.36  2.52  2.65  2.87  2.59  2.52  2.44  2.54  2.26  2.17  2.11
STD DEV    .97  1.06  1.28  1.20  1.47  1.18  1.06  1.11  1.13   .96   .94   .92
SKEW      1.19   .90  1.17  1.10  1.07  1.16  1.24  1.05   .95  1.05   .70   .70
% ESE      .89  1.00  1.17  1.55  1.67  1.81  1.94  1.62  1.43  1.11  1.07   .77
MEAN      2.28  2.62  3.17  3.47  3.29  3.41  3.07  2.98  2.74  2.67  2.76  2.51
STD DEV    .86  1.12  1.68  1.55  1.44  1.55  1.20  1.14  1.05   .91  1.20  1.02
SKEW       .29   .49  1.35   .69   .89   .86   .70   .46   .80   .36  1.31   .87
% SE     11.66 11.24 10.44 10.51 10.21  9.57  9.07  8.66  9.00  9.22 10.39 11.89
MEAN      3.61  3.90  3.76  3.74  3.63  3.63  3.20  3.14  3.26  3.18  2.99  3.39
STD DEV   2.01  1.89  1.84  1.89  1.85  1.78  1.60  1.52  1.63  1.84  1.74  1.94
SKEW       .73   .54   .73   .73   .89   .66   .83   .89   .81  1.06  1.30   .92
% SSE     6.24  6.92  7.89  7.73  7.54  7.94  6.74  6.21  5.87  5.72  4.91  4.96
MEAN      4.75  4.35  4.40  4.42  4.43  4.31  4.03  4.03  4.08  4.03  4.27  4.48
STD DEV   1.88  1.73  1.76  1.82  1.89  1.65  1.68  1.66  1.68  1.77  1.89  1.95
SKEW       .43   .42   .44   .41   .33   .30   .45   .49   .61   .36   .54   .32
% S      11.46 11.77 12.66 11.87 11.79 12.14 10.96 10.73 11.28 12.72 11.88 11.93
MEAN      3.85  3.63  3.70  3.86  3.82  3.59  3.41  3.54  3.55  3.44  3.53  3.67
STD DEV   1.78  1.69  1.60  1.65  1.66  1.53  1.49  1.50  1.54  1.55  1.63  1.67
SKEW       .84   .75   .64   .59   .61   .62   .69   .55   .67   .68   .83   .61
% SSW     3.70  4.27  4.26  3.71  3.47  3.95  3.14  3.35  3.45  4.06  3.85  4.21
MEAN      3.66  3.72  4.03  4.40  3.75  3.83  3.22  3.74  3.90  3.66  2.96  3.57
STD DEV   1.58  1.96  1.90  2.00  1.75  1.76  1.43  1.65  1.85  1.58  1.53  1.50
SKEW       .54   .62   .84   .37   .83   .68   .48   .51   .75   .70   .73   .55
% SW      5.05  5.48  6.03  6.20  5.38  5.90  5.12  5.35  5.07  5.80  6.41  6.07
MEAN      3.87  4.32  4.49  5.00  4.55  4.56  3.85  4.09  4.42  4.20  4.02  3.81
STD DEV   2.20  2.50  2.53  2.71  2.55  2.42  2.06  2.28  2.65  2.31  2.34  2.02
SKEW       .99   .91   .71   .43   .59   .47   .73   .79   .94   .81  1.16  1.07
% WSW     5.03  5.61  5.14  4.64  4.67  5.14  4.74  4.23  4.07  5.41  5.84  6.17
MEAN      4.04  3.98  4.72  5.46  5.18  5.33  5.01  4.85  3.88  3.91  3.65  3.54
STD DEV   1.65  1.99  2.32  2.62  2.32  2.03  1.90  1.98  2.09  1.92  1.78  1.64
SKEW       .98   .76   .33   .36   .33  1.59  1.68   .49   .50   .58   .92  1.08
% W       5.75  5.90  5.62  6.08  7.12  6.91  7.63  6.77  7.03  6.81  6.61  6.07
MEAN      3.43  3.73  3.79  4.41  4.08  3.95  3.87  3.63  3.77  3.74  3.35  3.56
STD DEV   1.61  2.04  2.08  2.50  2.27  2.00  1.99  1.87  2.14  1.98  1.55  1.92
SKEW      1.67  1.31  1.19   .97  1.09   .77   .80  1.01  1.16  1.01  1.32  2.10
% WNW     1.73  2.10  2.09  2.42  2.87  2.85  3.44  3.49  2.75  2.58  2.32  1.90
MEAN      3.16  3.33  3.78  4.00  3.80  3.88  3.94  4.03  3.70  3.56  3.32  3.36
STD DEV   1.51  1.57  1.87  2.03  1.77  1.79  1.83  1.87  1.76  1.57  1.41  1.57
SKEW      1.21  1.83  1.17   .99   .80   .89   .97   .98  1.02  1.44  1.35  1.58
% NW      7.19  8.38  9.12  9.92 10.61 10.92 11.19 11.58 10.23  7.94  7.39  5.79
MEAN      2.94  2.98  3.38  3.63  3.71  3.62  3.30  3.47  3.37  3.01  3.24  3.08
STD DEV   1.54  1.68  1.83  1.99  1.93  1.81  1.74  1.89  1.83  1.51  1.74  1.74
SKEW      1.12  1.41  1.27  1.12  1.23   .96  1.31  1.37  1.40   .94  1.14  1.94
% NNW     3.77  3.18  3.33  3.46  3.63  3.51  3.78  4.32  3.91  2.92  2.86  3.07
MEAN      3.61  3.60  3.84  3.93  3.80  3.77  3.71  3.72  3.70  3.81  3.07  2.98
STD DEV   1.76  1.79  1.88  1.69  1.62  1.66  1.55  1.68  1.67  1.84  1.36  1.40
SKEW       .72  1.06  1.70   .71   .80   .63   .67   .53  1.22   .65  1.00   .70
CALM     20.89 18.10 13.23  9.06  8.10  8.39 10.67 11.58 13.24 18.93 21.97 21.52
                                                                                
INTERPOLATED DATA (station & weighting factor)                                  
                                                                                
---Wind Stations---                                                             
KALISPELL     MT     .546  SUPERIOR      MT     .270  CUT BANK      MT     .184 
