 Russia    Mangut                                                               
 LATT=  49.70 LONG= 112.67 YEARS= 30. TYPE= 3
 ELEVATION = 2648. TP5 = 1.10 TP6= 2.36
 MEAN P    .03   .04   .05   .11   .17   .20   .30   .30   .18   .12   .06   .05
 S DEV P   .03   .04   .05   .26   .23   .24   .36   .39   .21   .13   .05   .05
 SKEW  P  2.45  1.41  1.64  8.13  2.31  2.36  2.23  2.39  2.40  1.84  1.43  2.97
 P(W/W)    .18   .09   .14   .22   .30   .44   .54   .50   .33   .24   .25   .14
 P(W/D)    .06   .04   .06   .11   .14   .27   .35   .33   .21   .08   .07   .07
 TMAX AV  4.41 15.42 31.00 47.23 61.67 71.79 75.02 70.94 59.17 42.86 21.68  7.46
 TMIN AV-17.96-11.30  5.39 23.77 36.02 47.37 54.09 49.69 35.66 20.39 -0.47-13.22
 SD TMAX  8.28  9.99 11.74 11.19 11.07  9.17  7.45  7.79  9.46 10.42 11.34  8.69
 SD TMIN  8.36  9.29 11.18  7.82  7.22  6.95  5.38  6.34  7.16  8.52 10.74  9.88
 SOL.RAD  131.  222.  335.  425.  499.  506.  462.  413.  325.  221.  141.  101.
 SD SOL   21.7  37.7  55.0  76.6  97.5 104.1  99.7  93.7  71.7  46.8  26.7  13.1
 MX .5 P   .01   .01   .03   .16   .33   .54   .93   .73   .36   .10   .01   .01
 DEW PT -14.62 -8.12  3.40 15.26 28.54 44.51 53.14 50.00 35.30 18.70  1.36-10.36
Time Pk   .120  .220  .320  .400  .480  .570  .650  .740  .820  .890  .960 1.000
% N       2.04  2.49  3.74  4.64  4.18  3.57  4.35  4.05  3.84  2.20  2.25  1.70
MEAN      3.79  4.23  4.40  4.67  4.52  3.95  3.85  3.79  4.18  3.82  4.23  3.66
STD DEV   2.31  2.58  2.36  2.45  2.36  2.00  1.98  1.91  2.15  2.05  2.54  1.91
SKEW      1.11   .91   .77   .59   .80   .84   .80   .86   .69   .82   .73   .94
% NNE     1.51  1.66  2.23  2.60  2.54  2.08  2.20  2.31  2.04  1.54  1.25  1.31
MEAN      3.43  3.55  4.15  4.82  4.55  4.04  3.68  3.63  3.93  3.66  3.82  3.21
STD DEV   1.66  1.47  2.07  2.33  2.17  2.12  1.61  1.75  1.94  1.68  2.13  1.58
SKEW       .59   .42   .80   .61   .67  1.17   .79   .76   .85   .60   .77   .98
% NE      3.50  3.72  3.66  4.54  5.11  4.33  5.03  5.03  4.74  3.23  2.64  3.32
MEAN      2.85  2.75  3.20  3.82  3.63  3.66  3.18  3.31  3.24  2.95  2.67  2.71
STD DEV   1.60  1.40  1.58  1.89  1.90  1.78  1.47  1.54  1.73  1.48  1.36  1.27
SKEW      1.49  1.03   .84   .61  1.11   .77   .89   .91  1.00   .80  1.11   .96
% ENE     4.72  4.51  4.15  4.11  4.50  4.10  4.16  4.27  3.83  2.84  3.03  4.21
MEAN      3.68  3.65  3.94  4.27  4.39  4.17  3.94  3.86  3.78  3.38  3.50  3.20
STD DEV   1.65  1.58  1.87  2.04  2.11  1.89  1.80  1.73  1.58  1.52  1.63  1.43
SKEW       .60   .38   .67   .73   .76   .78   .59   .73   .44   .74   .84   .80
% E       7.09  7.24  7.63  9.55 10.57  9.92 10.91  9.76  8.13  6.72  7.19  6.78
MEAN      3.68  4.03  4.22  4.85  4.88  4.44  4.01  4.05  3.86  3.56  3.52  3.39
STD DEV   2.09  2.25  2.31  2.64  2.44  2.08  2.02  2.12  2.00  1.81  1.96  1.77
SKEW       .94   .74   .68   .71   .56   .46   .63   .71   .72   .71   .90   .69
% ESE     1.71  1.86  2.60  3.98  5.67  4.13  4.94  4.37  3.77  2.66  2.45  1.92
MEAN      2.65  3.13  3.74  4.74  5.15  4.37  4.14  4.04  3.75  3.32  3.14  2.85
STD DEV   1.11  1.51  2.24  2.38  2.66  2.23  1.92  2.02  1.96  1.57  1.48  1.07
SKEW       .64  1.09  1.08   .60   .70   .78   .64  1.07  1.06  1.09  1.06   .54
% SE      1.99  1.87  2.59  3.49  4.39  4.01  4.47  4.22  3.64  2.96  2.40  2.03
MEAN      2.12  2.29  2.50  3.35  3.89  3.48  3.19  3.26  2.84  2.51  2.42  2.23
STD DEV    .96  1.35  1.01  1.99  2.13  1.88  1.73  1.83  1.31  1.20   .92   .90
SKEW       .57  1.57   .78  1.17  1.10  1.07  1.35  1.30  1.03   .99   .48   .66
% SSE      .89  1.03  1.21  1.58  1.79  1.94  2.23  1.99  1.79  1.26   .98   .90
MEAN      2.57  2.92  2.90  3.42  3.56  3.45  3.43  3.08  3.22  2.82  2.70  2.30
STD DEV   1.10  1.48  1.32  1.63  1.96  1.53  1.75  1.25  1.46  1.12  1.23   .76
SKEW       .60   .31  1.04  1.04  1.00   .81  1.07  1.34   .83  1.08  2.05   .15
% S       1.69  1.83  2.51  2.99  3.50  4.07  4.44  4.36  3.90  2.87  2.13  1.68
MEAN      3.30  3.23  3.12  3.38  3.09  3.21  3.14  3.02  3.03  3.00  2.99  3.00
STD DEV   2.06  2.01  1.63  1.73  1.58  1.68  1.54  1.41  1.59  1.56  1.42  1.63
SKEW      1.68  1.88  1.51  1.09  1.12  1.18   .95  1.41  1.11  1.43   .92  1.16
% SSW     4.02  3.81  3.97  3.48  3.11  3.58  3.54  3.29  3.49  3.99  3.92  3.66
MEAN      6.25  6.14  5.32  4.78  4.52  4.39  3.86  3.83  4.09  4.87  5.20  5.41
STD DEV   3.48  3.16  2.89  2.53  2.20  2.08  1.80  1.86  2.27  2.48  2.88  2.91
SKEW       .69   .46   .91   .88   .74   .73   .76   .88   .98   .69   .69   .76
% SW     25.10 23.51 19.43 14.62 11.27 13.67 10.65 12.05 14.31 21.65 24.16 25.33
MEAN      7.14  6.72  6.04  5.58  5.10  4.91  4.41  4.52  5.18  5.98  6.55  7.03
STD DEV   3.13  2.83  2.69  2.61  2.56  2.35  2.23  2.29  2.49  2.72  2.99  3.02
SKEW       .29   .32   .38   .50   .84   .77  1.08   .93   .70   .49   .55   .36
% WSW    14.52 14.89 12.58 10.80  8.98 10.41  8.59  9.23 10.91 14.26 15.71 16.05
MEAN      6.44  6.24  6.13  5.93  5.63  5.55  4.96  4.97  5.39  6.01  6.36  6.32
STD DEV   2.98  2.88  2.89  2.74  2.67  2.68  2.43  2.38  2.56  2.76  3.03  2.78
SKEW       .57   .74   .93   .73   .61   .87   .87   .86   .93   .70   .79   .76
% W      10.59 11.36 11.42 10.45 10.76 11.98 10.69 11.35 11.48 12.41 11.67 11.05
MEAN      4.63  4.91  5.43  5.86  5.51  5.40  4.67  4.58  4.83  5.16  5.21  4.97
STD DEV   2.61  2.81  3.01  3.32  3.11  2.83  2.56  2.60  2.86  2.98  3.31  2.78
SKEW      1.21  1.26   .84   .77   .75   .72   .89  1.15  1.12  1.02  1.40  1.30
% WNW     5.96  5.74  5.88  6.48  6.78  6.77  5.90  6.06  6.48  5.84  5.96  6.10
MEAN      4.88  5.16  5.55  6.09  5.85  5.49  5.11  5.00  5.16  5.39  5.27  5.24
STD DEV   2.43  2.70  2.84  3.00  3.07  2.62  2.53  2.50  2.64  2.89  2.71  2.66
SKEW       .82  1.09   .80   .71   .90   .47   .69   .72   .85   .76   .76   .82
% NW      5.94  6.17  7.44  7.75  8.21  6.85  7.24  7.49  7.87  6.58  5.51  5.75
MEAN      4.79  5.04  5.25  5.74  5.28  4.83  4.56  4.41  4.93  5.07  4.85  5.39
STD DEV   2.63  2.71  2.69  2.86  2.68  2.45  2.38  2.38  2.68  2.79  2.51  2.87
SKEW       .66   .95   .63   .44   .67   .73   .84   .86   .63   .72   .62   .54
% NNW     2.08  2.27  2.58  3.57  3.12  2.68  3.23  2.91  2.87  2.25  1.80  1.87
MEAN      4.79  4.96  5.60  5.81  5.29  4.87  4.67  4.55  4.99  4.85  4.77  5.05
STD DEV   2.58  2.58  2.82  2.78  2.50  2.28  2.13  2.22  2.35  2.59  2.52  2.71
SKEW       .81   .83   .70   .56   .45   .45   .54   .81   .47   .61   .56   .68
CALM      6.69  6.21  6.46  5.39  5.59  5.84  7.35  7.29  6.86  6.67  6.95  6.29
                                                                                
INTERPOLATED DATA (station & weighting factor)                                  
                                                                                
---Wind Stations---                                                             
HAVRE         MT     .531  GREAT FALLS   MT     .245  LEWISTON      MT     .223 
