 Russia    Barguzinskij Zapovednik                                              
 LATT=  54.33 LONG= 109.53 YEARS= 30. TYPE= 3
 ELEVATION = 1535. TP5 = 2.17 TP6= 4.51
 MEAN P    .05   .05   .06   .12   .15   .19   .25   .22   .22   .11   .12   .10
 S DEV P   .06   .05   .07   .17   .20   .24   .36   .30   .31   .14   .13   .12
 SKEW  P  2.74  2.83  2.52  4.43  3.30  2.21  2.80  2.43  3.17  3.32  2.52  3.18
 P(W/W)    .45   .33   .30   .34   .39   .49   .51   .49   .50   .55   .65   .66
 P(W/D)    .24   .17   .14   .20   .23   .25   .25   .32   .31   .32   .37   .37
 TMAX AV   .86  6.25 19.74 33.98 45.57 57.73 65.14 64.64 54.11 39.94 23.61 10.50
 TMIN AV -7.90 -4.36  7.56 22.15 33.68 46.53 54.87 54.94 44.86 31.11 15.53  2.08
 SD TMAX  9.94  9.89  9.81  7.09  7.21  6.88  5.30  5.43  7.26  8.13  9.11  9.33
 SD TMIN  9.80 10.05  9.77  7.30  5.68  5.48  3.98  4.23  5.84  7.34  9.17  9.60
 SOL.RAD   67.  134.  238.  340.  444.  491.  449.  366.  253.  148.   77.   49.
 SD SOL   17.2  32.1  51.0  67.7  90.5 102.8 100.5  87.4  68.6  44.6  24.1  10.4
 MX .5 P   .16   .12   .13   .20   .42   .54   .85   .69   .47   .30   .27   .18
 DEW PT  -9.93 -5.78  6.59 20.69 30.91 44.31 53.25 52.85 40.25 26.71 12.40 -0.20
Time Pk   .160  .280  .380  .480  .560  .650  .720  .790  .850  .910  .960 1.000
% N       4.26  5.07  6.04  6.09  6.19  4.94  4.85  6.27  3.55  4.81  3.61  3.48
MEAN      3.70  3.98  4.66  4.64  4.53  4.10  3.64  3.83  3.77  4.12  4.30  3.76
STD DEV   1.95  1.83  2.09  1.99  1.99  2.04  1.80  1.84  1.77  1.90  2.08  1.79
SKEW       .86   .38   .31   .37   .11   .46   .66   .46   .44   .29   .51   .49
% NNE     2.72  3.75  5.91  7.00  7.35  5.25  4.80  5.77  4.44  4.40  2.61  3.00
MEAN      3.81  3.96  4.65  4.76  4.40  4.13  3.59  3.76  3.68  3.81  4.13  3.52
STD DEV   1.88  1.89  1.98  2.05  1.77  1.86  1.56  1.65  1.61  1.61  1.91  1.56
SKEW       .61   .40   .38   .42   .15   .52   .32   .45   .39   .37   .61   .61
% NE      2.17  3.30  3.93  4.49  4.06  2.79  3.23  3.80  2.65  2.32  2.10  2.36
MEAN      3.42  3.71  4.06  4.25  3.73  3.43  3.20  3.08  3.31  3.25  3.96  3.54
STD DEV   1.74  1.68  1.97  2.08  1.67  1.57  1.45  1.34  1.43  1.43  1.91  1.56
SKEW       .57   .59   .50   .58   .51   .69   .54   .40   .51   .69   .58   .51
% ENE     2.43  4.08  5.23  4.78  4.88  3.09  3.24  3.50  3.29  2.61  2.23  3.07
MEAN      3.71  4.26  4.33  4.60  4.11  3.53  3.28  3.12  3.45  3.33  4.25  3.76
STD DEV   1.94  2.04  2.14  2.16  1.76  1.40  1.49  1.37  1.57  1.47  2.12  1.85
SKEW       .90   .58   .57   .62   .27   .20   .40   .56   .65   .17   .37   .57
% E       2.66  3.23  4.71  6.30  5.53  4.65  4.27  3.87  3.77  3.62  2.40  2.79
MEAN      3.54  3.92  4.51  4.92  3.76  3.44  3.30  2.88  3.40  3.43  3.78  3.55
STD DEV   1.97  2.17  2.44  2.43  1.78  1.63  1.68  1.35  1.67  1.65  2.07  1.82
SKEW       .80   .75   .92   .49   .77   .59   .61   .61   .72   .48   .78  1.02
% ESE     4.98  4.54  6.82  7.39  7.46  6.74  5.35  6.06  6.06  5.85  5.08  5.16
MEAN      3.95  4.00  4.64  5.24  4.57  4.12  3.77  3.51  3.86  4.05  4.45  4.06
STD DEV   1.98  2.03  2.36  2.33  1.98  1.75  1.63  1.50  1.77  2.02  2.31  1.91
SKEW       .78   .57   .67   .27   .39   .46   .51   .30   .55   .65   .62   .64
% SE      3.98  4.18  4.78  4.65  5.36  5.50  3.92  4.70  5.50  5.01  4.02  4.04
MEAN      3.89  4.08  4.46  4.76  4.73  4.17  3.71  3.72  3.94  3.97  4.29  4.09
STD DEV   1.95  1.96  2.08  2.06  2.15  1.77  1.67  1.59  1.81  1.90  1.96  2.03
SKEW       .59   .50   .38   .15   .40   .47   .37   .32   .54   .60   .36   .67
% SSE     4.87  5.01  4.65  4.82  6.37  7.62  6.36  6.19  7.76  7.42  6.31  5.01
MEAN      4.28  4.64  4.54  5.38  5.22  4.74  4.28  4.12  4.83  4.62  4.69  4.41
STD DEV   2.02  2.23  1.98  2.11  2.21  1.93  1.75  1.79  2.07  1.94  2.07  2.05
SKEW       .43   .14   .43   .14   .36   .23   .31   .45   .33   .37   .54   .41
% S       4.57  4.57  4.48  4.25  5.85  7.10  6.88  6.93  6.58  6.98  6.23  4.93
MEAN      4.05  4.09  3.96  4.84  4.92  4.52  4.24  4.04  4.64  4.61  4.69  4.19
STD DEV   1.93  2.12  1.91  2.29  2.20  2.06  1.77  1.83  2.00  2.09  2.01  1.91
SKEW       .41   .60   .35   .53   .26   .49   .23   .46   .26   .47   .29   .45
% SSW     6.06  5.18  3.19  3.75  5.79  7.65  8.43  8.02  7.67  7.38  7.15  5.64
MEAN      4.06  4.35  4.30  4.69  5.15  4.77  4.49  4.33  4.68  4.53  4.81  4.17
STD DEV   1.98  2.07  2.07  2.18  2.55  2.06  1.95  1.87  2.01  1.94  2.24  1.93
SKEW       .65   .39   .36   .29  1.31   .39   .37   .40   .31   .28   .51   .64
% SW      4.96  3.65  2.87  3.61  4.49  6.14  6.65  6.69  5.97  4.77  4.46  5.10
MEAN      3.52  3.72  4.25  4.82  5.02  4.53  3.96  3.99  4.16  4.30  4.17  3.91
STD DEV   1.74  2.00  2.29  2.35  2.30  2.09  1.81  1.77  1.97  2.12  2.16  1.89
SKEW       .61   .73   .71   .51   .27   .40   .41   .47   .51   .72   .89   .76
% WSW     6.97  5.19  4.79  4.93  5.21  6.68  5.91  5.44  5.80  4.90  6.22  6.52
MEAN      4.16  4.50  4.74  5.53  5.36  5.19  4.29  4.14  4.67  4.93  5.12  4.48
STD DEV   2.00  2.03  2.26  2.47  2.55  2.27  1.76  1.84  2.11  2.07  2.53  2.36
SKEW       .84   .44   .78   .43   .64   .32   .37   .43   .34   .15   .82  1.26
% W       8.31  6.53  6.66  6.29  5.07  4.93  5.22  4.12  5.25  5.55  7.95  7.57
MEAN      4.62  4.34  4.89  5.55  5.41  5.16  3.96  4.03  4.59  5.01  4.94  4.30
STD DEV   2.41  2.06  2.41  2.51  2.58  2.46  1.82  1.94  2.29  2.30  2.18  1.89
SKEW       .92   .62   .70   .28   .38   .37   .58   .50   .69   .48   .46   .47
% WNW    14.32 12.62 12.01 11.61  7.41  7.71  8.51  6.40  9.38  8.85 13.79 14.01
MEAN      4.60  4.72  4.89  5.41  5.41  4.97  4.42  4.01  4.76  5.19  5.36  4.47
STD DEV   2.16  2.23  2.31  2.41  2.25  2.16  2.08  1.73  2.15  2.20  2.25  1.92
SKEW       .67   .68   .60   .35   .18   .32   .45   .44   .56   .31   .40   .50
% NW      9.54  9.77  8.14  6.87  5.60  5.46  6.58  6.03  6.37  7.12  8.20 11.07
MEAN      4.04  4.23  4.42  4.70  4.45  4.10  3.87  3.72  3.89  4.07  4.69  3.94
STD DEV   1.92  2.01  2.11  2.27  1.99  1.86  1.91  1.77  1.81  1.91  2.16  1.81
SKEW       .58   .50   .52   .36   .28   .39   .58   .69   .48   .70   .55   .57
% NNW     7.33  8.23  7.56  7.33  6.50  5.30  4.83  5.50  5.61  6.46  7.84  6.78
MEAN      4.35  4.49  5.28  5.03  4.91  4.33  3.91  4.02  4.03  4.39  4.91  4.31
STD DEV   2.04  2.00  2.25  2.17  2.16  1.99  1.80  1.81  2.06  1.99  2.29  1.92
SKEW       .56   .29   .32   .30   .30   .43   .57   .38   .70   .38   .62   .39
CALM      9.87 11.14  8.18  5.73  6.86  8.43 10.98 10.75 10.35 12.00  9.78  9.36
                                                                                
INTERPOLATED DATA (station & weighting factor)                                  
                                                                                
---Wind Stations---                                                             
WAUSAU        WI     .523  MARQUETTE     MI     .246  EAU CLAIRE    WI     .231 
