 Spain    Lleida                                                                
 LATT=  41.63 LONG=   0.59 YEARS= 30. TYPE= 3
 ELEVATION =  630. TP5 = 0.86 TP6= 1.55
 MEAN P    .15   .15   .20   .22   .22   .22   .23   .19   .31   .29   .23   .13
 S DEV P   .22   .23   .29   .30   .28   .29   .39   .25   .45   .41   .36   .21
 SKEW  P  3.39  3.17  2.94  3.22  2.04  2.13  2.49  2.14  3.14  3.48  3.25  3.97
 P(W/W)    .41   .33   .41   .50   .39   .32   .12   .23   .35   .40   .43   .39
 P(W/D)    .14   .11   .12   .16   .18   .13   .08   .09   .13   .15   .15   .16
 TMAX AV 52.73 57.28 64.82 69.34 77.78 86.79 92.25 90.76 81.60 72.09 60.16 53.10
 TMIN AV 34.42 36.20 41.70 46.45 54.40 62.71 67.51 66.92 59.58 52.01 42.07 35.68
 SD TMAX  5.91  6.17  6.73  7.26  7.49  7.66  5.61  5.64  6.41  6.80  5.93  5.68
 SD TMIN  6.08  5.95  5.47  4.82  5.30  5.14  4.47  4.09  5.24  6.00  6.76  6.81
 SOL.RAD  151.  243.  361.  462.  548.  603.  606.  527.  400.  263.  167.  127.
 SD SOL   40.4  65.5  87.3 105.0 106.7  98.1  72.9  75.8  83.6  71.2  45.8  30.9
 MX .5 P   .02   .01   .03   .14   .32   .29   .27   .19   .21   .20   .11   .02
 DEW PT  35.12 34.71 37.68 41.11 46.89 52.18 56.20 58.54 54.73 49.84 41.73 36.51
Time Pk   .120  .220  .320  .400  .480  .570  .650  .740  .820  .890  .960 1.000
% N       6.45  7.64  7.40  7.82 10.94 10.82 13.03 11.37 11.43  9.23  7.49  5.72
MEAN      3.96  3.66  3.58  3.49  3.66  3.48  3.45  3.28  3.36  3.31  3.58  3.42
STD DEV   1.96  1.74  1.62  1.56  1.51  1.38  1.41  1.34  1.49  1.45  1.74  1.56
SKEW       .83   .89   .78   .74   .50   .42   .48   .52   .69   .67   .88   .76
% NNE     4.45  4.27  3.44  4.18  5.47  5.44  6.98  5.83  6.26  5.25  4.77  3.95
MEAN      3.53  3.23  3.28  3.33  3.26  3.23  3.19  3.12  3.23  3.26  3.35  3.42
STD DEV   1.55  1.32  1.40  1.40  1.30  1.26  1.22  1.24  1.37  1.39  1.43  1.48
SKEW       .77   .56   .61   .64   .51   .47   .43   .45   .56   .69   .50   .66
% NE      4.42  3.66  3.50  4.00  4.86  4.45  5.56  5.09  5.30  4.09  3.89  3.56
MEAN      2.97  2.92  2.85  3.06  3.12  3.05  3.09  2.95  2.95  2.94  2.90  2.90
STD DEV   1.17  1.15  1.16  1.36  1.25  1.19  1.22  1.19  1.20  1.29  1.20  1.19
SKEW       .47   .48   .57   .78   .56   .55   .50   .50   .56   .73   .62   .63
% ENE     2.69  2.25  2.05  2.15  2.46  2.06  2.40  2.26  2.41  1.99  2.47  2.51
MEAN      2.90  2.95  2.94  2.94  2.96  2.79  2.84  2.72  2.80  2.70  2.76  2.63
STD DEV   1.26  1.34  1.32  1.22  1.17  1.05  1.12  1.12  1.14  1.13  1.20  1.02
SKEW       .76   .83   .83   .56   .59   .33   .66   .55   .76   .59   .67   .76
% E       4.49  3.69  3.17  2.44  2.21  1.71  1.62  1.69  2.28  2.76  3.67  4.07
MEAN      2.97  2.88  2.93  2.68  2.56  2.51  2.31  2.25  2.52  2.75  2.79  2.88
STD DEV   1.38  1.36  1.45  1.24  1.02  1.01   .96   .95  1.20  1.30  1.32  1.36
SKEW      1.07   .97   .94   .82   .59   .68   .59   .63  1.17   .84   .77   .92
% ESE     4.77  3.92  3.60  2.68  2.15  1.66  1.26  1.47  2.00  3.11  4.32  4.61
MEAN      3.22  3.30  3.32  3.01  2.74  2.55  2.33  2.38  2.66  2.96  3.30  3.33
STD DEV   1.51  1.60  1.69  1.40  1.09   .97   .78  1.03  1.11  1.34  1.55  1.58
SKEW       .99   .73   .95   .92   .79   .52   .31   .78   .71   .99   .72   .96
% SE      7.41  6.32  5.89  5.04  4.07  3.57  3.02  3.69  5.02  6.82  7.89  7.87
MEAN      3.31  3.20  3.23  3.03  2.96  2.86  2.76  2.79  2.86  3.12  3.24  3.27
STD DEV   1.44  1.50  1.46  1.32  1.17  1.10  1.08  1.11  1.19  1.35  1.37  1.43
SKEW       .73   .96   .80   .93   .58   .42   .53   .49   .64   .68   .71   .87
% SSE    10.26  9.44  8.46  7.84  6.70  6.12  4.64  5.83  7.33 10.00 11.12 11.72
MEAN      3.82  3.68  3.59  3.53  3.32  3.28  3.14  3.17  3.21  3.60  3.73  3.73
STD DEV   1.73  1.73  1.61  1.48  1.24  1.18  1.18  1.19  1.33  1.58  1.65  1.61
SKEW       .97  1.01  1.01   .72   .53   .31   .30   .41   .69   .98   .81   .91
% S      18.73 17.38 17.34 15.80 13.65 13.21 10.15 11.57 12.53 16.59 17.74 18.52
MEAN      5.06  4.73  4.77  4.49  4.10  3.98  3.75  3.85  3.98  4.43  4.71  4.77
STD DEV   2.39  2.28  2.16  1.96  1.59  1.51  1.37  1.53  1.81  2.09  2.29  2.25
SKEW       .60   .67   .61   .53   .49   .57   .33   .46   .86   .72   .67   .68
% SSW    11.56 11.64 12.59 11.96  9.85 11.35  8.62  9.36  8.19  9.73  9.62 12.31
MEAN      6.09  6.06  5.93  5.51  4.82  4.39  4.13  4.25  4.66  5.48  5.80  5.99
STD DEV   2.49  2.57  2.36  2.22  1.87  1.62  1.48  1.69  2.07  2.42  2.50  2.59
SKEW       .20   .17   .32   .33   .44   .38   .44   .48   .64   .43   .16   .34
% SW      5.85  6.84  9.01  9.55  8.91 10.53  8.66  7.94  6.00  5.39  6.08  6.75
MEAN      5.77  5.52  5.66  5.43  4.81  4.33  3.99  3.97  4.33  5.01  5.40  5.85
STD DEV   2.53  2.47  2.30  2.38  1.98  1.74  1.52  1.62  2.15  2.57  2.56  2.69
SKEW       .18   .38   .29   .44   .54   .51   .47   .68   .84   .52   .28   .26
% WSW     1.49  1.85  3.08  3.87  4.18  4.73  4.07  3.86  2.44  1.80  1.65  1.47
MEAN      4.70  4.43  4.83  4.96  4.42  3.89  3.64  3.74  3.65  4.01  4.25  5.04
STD DEV   2.64  2.26  2.18  2.40  1.90  1.67  1.47  1.60  1.80  1.97  2.09  2.65
SKEW       .49   .33   .47   .56   .52   .61   .44   .58   .94   .48   .53   .61
% W        .79  1.07  1.27  2.16  2.51  2.84  3.11  2.95  1.83  1.28   .89   .75
MEAN      2.96  2.75  3.30  3.42  3.29  3.20  3.15  2.96  2.60  2.52  2.43  2.85
STD DEV   1.60  1.28  1.62  1.52  1.43  1.35  1.28  1.18  1.03  1.14  1.06  1.39
SKEW       .84   .52   .71   .63   .61   .54   .51   .51   .54   .65   .55   .56
% WNW      .47   .60   .85  1.29  1.71  1.87  2.23  2.20  1.39  1.02   .62   .43
MEAN      2.52  2.57  2.72  3.18  3.24  3.02  3.20  3.09  2.80  2.69  2.32  2.25
STD DEV    .88  1.04  1.09  1.31  1.35  1.05  1.19  1.24   .98  1.09   .77   .66
SKEW       .93   .43   .34   .49   .52   .43   .13   .43   .23   .52   .24  -.07
% NW      1.38  2.15  2.84  3.49  4.32  4.35  5.78  5.99  5.15  3.59  2.29  1.42
MEAN      2.77  3.07  3.42  3.54  3.68  3.69  3.68  3.51  3.29  3.10  2.87  2.89
STD DEV   1.19  1.30  1.63  1.54  1.47  1.48  1.50  1.44  1.39  1.31  1.37  1.20
SKEW       .67   .71   .81   .58   .27   .33   .31   .44   .42   .48  1.03   .50
% NNW     3.47  4.99  5.67  7.12  8.69  8.62 11.56 10.62 10.27  6.57  4.36  3.13
MEAN      3.77  3.76  3.97  4.22  4.25  4.06  4.01  3.81  3.73  3.40  3.22  3.20
STD DEV   2.09  1.82  1.79  1.91  1.71  1.65  1.60  1.54  1.61  1.48  1.53  1.64
SKEW       .98   .86   .53   .50   .26   .37   .37   .42   .38   .68   .81  1.54
CALM     11.35 12.31  9.82  8.55  7.32  6.65  7.29  8.32 10.20 10.82 11.11 11.23
                                                                                
INTERPOLATED DATA (station & weighting factor)                                  
                                                                                
---Wind Stations---                                                             
SEATTLE       WA     .333  SEATTLE       WA     .333  SEATTLE NAS   WA     .333 
