 Sweden    Nyberget                                                             
 LATT=  59.75 LONG=  14.99 YEARS= 30. TYPE= 1
 ELEVATION =  656. TP5 = 1.10 TP6= 2.77
 MEAN P    .16   .15   .15   .19   .19   .23   .22   .23   .22   .20   .20   .17
 S DEV P   .17   .17   .16   .20   .22   .25   .26   .27   .25   .23   .22   .19
 SKEW  P  1.80  2.26  1.74  1.77  2.35  2.53  2.23  2.02  1.95  1.83  1.97  1.95
 P(W/W)    .61   .57   .60   .55   .52   .64   .62   .62   .63   .64   .65   .64
 P(W/D)    .32   .28   .25   .23   .24   .32   .29   .32   .29   .31   .35   .34
 TMAX AV 28.99 30.56 37.77 48.07 58.33 64.38 69.14 66.22 57.73 46.05 36.34 30.49
 TMIN AV 20.07 19.73 23.91 30.92 39.38 46.84 51.61 49.81 42.86 35.13 28.74 21.99
 SD TMAX  8.68  8.48  7.76  8.57  9.21  7.39  7.20  6.39  5.98  6.58  7.21  8.77
 SD TMIN 10.77 10.86  8.89  6.12  6.02  4.75  4.53  4.99  6.39  7.65  8.23 10.82
 SOL.RAD   27.   84.  196.  318.  428.  465.  440.  346.  221.  102.   39.   17.
 SD SOL   13.5  32.9  64.7  90.8 117.9 118.2 113.5  92.9  69.8  42.3  18.4   5.6
 MX .5 P   .11   .15   .17   .23   .40   .49   .74   .52   .39   .27   .20   .15
 DEW PT  21.88 21.58 23.83 29.42 37.37 45.09 51.07 50.70 44.22 36.59 30.10 23.93
Time Pk   .250  .360  .450  .530  .600  .670  .720  .790  .850  .900  .950 1.000
% N      14.56 15.51 14.99 12.73 11.77  8.54  6.47  9.99 13.29 15.39 14.53 16.09
MEAN      3.33  3.74  3.74  4.23  4.08  3.60  3.44  3.43  3.60  4.01  3.75  3.56
STD DEV   1.27  1.48  1.54  1.70  1.57  1.45  1.33  1.30  1.37  1.49  1.49  1.34
SKEW       .62   .72   .73   .65   .55   .76   .83   .74   .54   .56   .53   .57
% NNE     3.70  4.04  5.12  7.85  6.68  3.84  2.73  3.74  7.36  5.54  4.59  4.29
MEAN      3.48  3.93  4.40  4.31  4.26  3.96  3.52  3.57  4.09  4.23  4.09  3.86
STD DEV   1.75  1.86  1.99  1.61  1.66  1.57  1.43  1.53  1.80  1.79  1.93  1.83
SKEW      1.32   .83   .67   .56   .46   .57   .57   .56   .67   .57   .71   .75
% NE      3.69  3.76  5.75  8.00  7.82  4.27  3.20  4.04  6.50  6.00  4.51  3.77
MEAN      3.96  3.99  4.87  4.71  4.62  3.97  3.64  3.87  4.33  4.61  4.55  4.28
STD DEV   2.31  2.13  2.07  1.85  1.70  1.62  1.50  1.60  1.81  1.76  2.05  2.40
SKEW       .79   .98   .37   .44   .49   .57   .50   .60   .38   .30   .41   .90
% ENE     1.90  1.47  2.06  3.18  4.46  2.37  1.80  1.85  3.11  2.08  1.92  1.41
MEAN      5.77  5.57  5.68  4.93  4.82  4.16  3.04  3.38  4.46  4.97  5.28  4.97
STD DEV   2.82  2.73  2.43  1.74  1.90  1.95  1.38  1.65  2.04  2.14  2.56  2.87
SKEW      -.05   .06  -.08   .08   .31   .61   .66   .58   .37   .18   .00   .36
% E       1.63  1.53  1.96  2.94  5.09  3.61  2.16  2.82  2.76  1.87  1.37  1.77
MEAN      4.69  4.77  4.37  3.95  4.13  3.74  3.11  3.19  3.78  4.17  3.39  3.79
STD DEV   2.77  2.63  2.69  2.01  1.97  1.75  1.59  1.45  1.86  2.39  2.31  2.32
SKEW       .88   .54  1.09   .68   .77   .86  1.50   .71   .77   .71  1.64  1.23
% ESE      .70  1.27  1.47  2.73  4.50  3.80  3.59  4.11  2.50  1.20   .62   .79
MEAN      2.64  2.76  3.00  3.50  3.55  3.44  3.00  3.05  3.11  2.77  2.46  2.62
STD DEV   1.44  1.10  1.31  1.74  1.43  1.64  1.29  1.56  1.31  1.32  1.25  1.40
SKEW      1.88   .73   .43   .85   .77   .89   .94  1.20   .34   .87  1.05  1.08
% SE      1.33  2.26  2.66  4.70  5.72  5.73  7.26  6.56  4.74  2.92  1.54  1.47
MEAN      2.74  2.88  2.88  3.22  3.33  3.33  3.13  3.19  3.06  3.06  2.70  2.79
STD DEV   1.11  1.20  1.15  1.26  1.33  1.36  1.23  1.18  1.17  1.29  1.12  1.18
SKEW       .90   .47   .72   .97   .94  1.00   .60   .62   .53   .74   .61   .81
% SSE     2.06  2.25  3.60  4.00  4.16  6.12  8.36  8.54  4.78  2.85  1.94  1.83
MEAN      2.83  3.53  3.23  3.27  3.20  3.30  3.24  3.15  2.99  2.67  2.71  2.56
STD DEV   1.20  1.12  1.22  1.17  1.09  1.30  1.21  1.31  1.13   .99  1.09  1.14
SKEW       .54   .29   .64   .50   .38   .93   .70   .83   .76   .49   .97   .65
% S       2.07  2.75  3.04  3.95  4.58  8.13  9.44  8.40  5.58  3.17  2.11  2.30
MEAN      3.09  3.21  2.96  3.25  3.29  3.55  3.44  3.41  3.21  3.06  2.82  2.87
STD DEV   1.56  1.40  1.29  1.24  1.26  1.40  1.50  1.32  1.22  1.20  1.31  1.27
SKEW       .99   .48   .94   .60   .45   .83  1.00   .69  1.08   .56   .94   .57
% SSW      .94  1.10  1.31  1.49  2.76  6.12  7.32  6.29  2.97  1.34   .93   .99
MEAN      3.51  2.93  4.06  3.84  3.71  4.01  3.96  3.75  3.75  3.43  2.70  2.89
STD DEV   2.17  1.25  2.45  1.69  1.52  1.74  1.71  1.72  1.73  1.76  1.46  1.64
SKEW       .83   .69   .78  1.06   .53   .87   .67   .75  1.04  1.10  1.76  1.22
% SW      1.96  1.96  2.08  2.72  4.48  8.72 10.50  6.95  4.05  1.97  1.58  1.94
MEAN      3.73  3.36  3.68  4.02  4.13  4.76  4.62  4.18  4.11  3.45  3.22  3.23
STD DEV   1.93  2.15  1.94  1.90  1.90  2.22  2.02  1.93  2.00  1.62  1.83  1.72
SKEW       .95  1.37  1.30   .56   .65   .58   .60   .90   .68   .29  1.41   .98
% WSW      .85   .74  1.02  1.30  2.89  5.17  5.37  3.68  1.90  1.07   .82   .93
MEAN      2.54  2.56  3.36  4.13  4.33  4.43  4.73  4.03  3.82  2.76  2.91  3.22
STD DEV   1.05   .92  2.90  2.10  2.16  2.20  2.27  2.03  2.08  1.25  1.74  3.03
SKEW       .12  -.21  2.31   .48   .55   .69   .46   .61   .91  1.10  1.89  1.78
% W       1.92  1.82  1.79  2.77  3.23  4.42  4.40  2.96  2.18  1.67  1.45  1.67
MEAN      2.94  3.64  3.42  3.83  3.53  3.80  3.96  3.14  3.13  2.97  3.02  2.89
STD DEV   1.25  1.59  1.48  1.61  1.45  1.96  2.13  1.37  1.51  1.15  1.11  1.25
SKEW       .61   .49   .39   .43   .81  1.03  1.07   .78  1.32   .42   .36   .49
% WNW     4.57  5.49  6.38  6.40  4.69  3.77  3.15  3.16  4.01  6.55  5.90  4.45
MEAN      3.17  3.46  3.70  3.94  3.31  3.20  2.74  2.86  3.00  3.09  3.06  3.23
STD DEV   1.18  1.23  1.26  1.40  1.23  1.39  1.23  1.24  1.31  1.10  1.21  1.33
SKEW       .32   .35   .26   .42   .39   .73   .85  1.05   .58   .51   .66   .47
% NW     13.98 15.35 13.71 12.23  6.87  5.54  5.29  6.59  9.05 15.56 16.45 14.00
MEAN      3.85  4.01  3.90  4.21  3.61  3.50  3.10  3.11  3.43  3.55  3.57  3.67
STD DEV   1.60  1.35  1.44  1.49  1.48  1.50  1.24  1.17  1.32  1.28  1.42  1.53
SKEW       .62   .43   .67   .50   .58  1.04   .70   .58   .61   .25   .49   .72
% NNW    17.32 18.39 17.70 11.74  8.86  6.46  5.67  7.25 12.65 16.90 17.83 17.84
MEAN      3.73  3.88  3.95  4.02  3.73  3.52  3.05  3.08  3.56  3.53  3.63  3.65
STD DEV   1.40  1.30  1.46  1.60  1.49  1.40  1.18  1.25  1.43  1.34  1.40  1.38
SKEW       .29   .35   .56   .86   .93   .79   .81   .74   .91   .37   .44   .52
CALM     26.79 20.27 15.37 11.21 11.37 13.31 13.33 13.09 12.68 14.05 21.93 24.55
                                                                                
INTERPOLATED DATA (station & weighting factor)                                  
                                                                                
---Wind Stations---                                                             
BETTLES       AK     .920  FT. YUKON     AK     .049  FLAXMAN IS.   AK     .032 
