 Sweden    Marviken                                                             
 LATT=  58.55 LONG=  16.82 YEARS= 30. TYPE= 2
 ELEVATION =   33. TP5 = 1.00 TP6= 2.17
 MEAN P    .12   .11   .11   .14   .15   .19   .22   .23   .21   .17   .13   .14
 S DEV P   .13   .12   .12   .17   .16   .23   .31   .34   .30   .21   .16   .16
 SKEW  P  1.86  1.94  2.36  2.55  2.16  2.22  3.98  4.18  3.22  2.22  2.54  3.20
 P(W/W)    .55   .50   .57   .49   .46   .51   .55   .53   .59   .56   .60   .59
 P(W/D)    .27   .26   .22   .24   .21   .27   .26   .28   .29   .26   .33   .33
 TMAX AV 33.48 33.82 38.47 45.52 54.46 62.05 67.55 66.68 59.09 49.21 40.74 35.57
 TMIN AV 27.43 26.78 30.01 35.92 44.16 52.30 57.81 57.28 50.45 42.34 35.49 29.74
 SD TMAX  6.91  6.83  5.90  5.39  5.82  4.73  4.67  4.46  4.71  5.39  5.89  6.94
 SD TMIN  8.13  8.29  6.51  4.51  4.61  3.83  3.93  4.03  4.84  5.85  6.25  8.16
 SOL.RAD   33.   90.  205.  338.  464.  501.  480.  374.  240.  113.   46.   22.
 SD SOL   15.2  34.9  68.6  91.8 104.9 116.1 106.7  93.1  71.4  45.2  19.7   7.3
 MX .5 P   .06   .07   .06   .16   .27   .38   .58   .44   .29   .16   .13   .04
 DEW PT  26.72 26.06 28.11 33.43 41.37 49.54 55.50 55.31 48.93 41.13 34.81 29.43
Time Pk   .130  .230  .320  .410  .500  .590  .670  .750  .830  .890  .950 1.000
% N       6.88  5.06  3.59  2.37  1.35   .85   .66   .92  1.94  3.16  5.00  5.95
MEAN      3.85  3.36  3.38  3.06  2.32  2.12  2.10  1.87  2.44  2.90  3.18  3.38
STD DEV   2.24  1.82  1.82  1.86  1.19  1.01   .82   .84  1.40  1.71  1.95  1.84
SKEW      1.01   .94   .87  1.19  1.23  1.08   .35   .80  1.21  1.05  1.26  1.12
% NNE     8.64  4.65  3.67  1.87   .72   .55   .30   .53  1.18  2.78  3.71  4.88
MEAN      4.50  3.84  3.42  3.05  2.39  2.20  1.64  2.22  2.79  3.06  3.38  3.51
STD DEV   2.62  2.23  1.74  1.69  1.02   .82   .42  1.20  1.58  1.65  2.20  2.11
SKEW      1.07   .84   .62   .56   .49  -.03   .18   .85   .66   .76  1.62  1.74
% NE      4.41  3.41  3.38  1.96  1.42   .80   .49   .69  1.29  2.41  3.30  3.59
MEAN      3.48  3.03  3.27  2.58  2.25  2.15  1.99  1.81  1.98  2.56  2.73  2.97
STD DEV   2.12  1.81  1.78  1.34  1.13  1.10   .89   .70  1.03  1.42  1.43  1.60
SKEW      1.09  1.29  1.13  1.39  1.15   .75   .45   .31   .95  1.04   .94   .97
% ENE     3.97  3.41  2.82  1.58  1.04   .70   .45   .56  1.21  2.06  2.84  2.87
MEAN      3.28  4.43  4.04  3.04  2.72  2.60  2.39  2.10  2.34  2.48  3.14  3.14
STD DEV   1.56  2.54  2.11  1.34  1.10  1.10   .92   .69   .92  1.11  1.68  1.47
SKEW       .65  1.20   .60   .73   .39   .78   .60   .49   .61   .65   .95   .82
% E      11.85  9.31  7.75  5.93  3.29  2.54  1.80  2.63  5.50  8.76 11.12 11.21
MEAN      3.11  2.77  2.91  2.60  2.29  2.23  2.10  1.91  2.14  2.47  3.16  3.21
STD DEV   1.60  1.36  1.70  1.40  1.11   .97   .92   .85  1.02  1.30  1.82  1.69
SKEW      1.17  1.00  1.47  1.55   .94   .63   .79   .59   .94  1.20  1.12  1.18
% ESE     7.71  7.14  6.04  4.34  2.61  1.95  1.28  1.97  3.64  5.97  7.51  8.43
MEAN      4.20  4.00  4.08  3.41  2.99  3.10  2.72  2.54  3.04  3.46  4.27  4.48
STD DEV   2.16  2.07  2.37  1.99  1.58  1.68  1.23  1.18  1.85  1.93  2.44  2.34
SKEW       .80   .79   .96  1.32   .97   .91   .91   .55  1.19   .97   .97   .80
% SE     13.95 13.40 12.56  9.64  5.95  5.63  3.91  4.91  7.70 12.11 15.16 16.61
MEAN      5.77  5.49  5.18  4.60  4.03  3.71  3.72  3.43  4.05  4.93  5.59  5.99
STD DEV   2.80  2.82  2.72  2.53  2.13  2.02  2.06  1.94  2.43  2.74  2.94  2.86
SKEW       .29   .40   .53   .69   .80   .94   .79   .96   .86   .65   .46   .30
% SSE    12.23 11.82 10.61 10.21  8.88  9.35  8.73  8.07  7.70  9.60 11.27 12.78
MEAN      6.32  5.88  5.66  5.15  4.52  3.92  4.05  3.86  4.28  5.40  6.01  6.24
STD DEV   2.85  2.62  2.52  2.36  2.18  1.77  1.83  1.87  2.06  2.66  2.93  2.84
SKEW       .36   .27   .39   .40   .64   .59   .61   .74   .70   .60   .62   .46
% S       4.11  5.12  6.55  7.87  8.13 10.69 12.63 12.26  8.32  6.33  5.25  4.80
MEAN      4.77  4.18  4.40  4.08  3.58  3.11  3.12  3.02  3.11  3.64  4.30  4.43
STD DEV   2.54  2.17  2.40  2.19  1.88  1.43  1.53  1.49  1.71  2.13  2.51  2.45
SKEW       .60   .69   .81   .69  1.10   .87   .86  1.11  1.09  1.06   .98   .92
% SSW     2.53  3.39  4.35  5.03  6.42  6.33  6.51  6.60  4.16  3.32  2.80  2.86
MEAN      4.14  3.72  3.83  3.70  3.64  3.36  3.39  3.13  2.88  2.95  3.84  4.00
STD DEV   1.88  1.82  1.80  1.77  1.62  1.53  1.56  1.39  1.27  1.46  1.74  1.68
SKEW       .37   .73   .88  1.65   .52   .72   .62   .89   .86  1.13   .38   .50
% SW      2.20  3.44  4.29  6.17  9.42 10.45 11.82 10.02  6.25  3.99  2.71  2.79
MEAN      4.05  3.94  4.20  3.89  3.84  3.70  3.40  3.15  3.01  3.06  3.67  4.47
STD DEV   2.12  2.14  2.24  1.91  1.73  1.65  1.40  1.35  1.39  1.65  2.09  2.45
SKEW       .65   .74   .89   .65   .57   .55   .54   .55   .89  1.04  1.06   .97
% WSW     2.71  3.57  4.80  7.36 10.24 10.23  9.96  8.46  5.83  3.54  3.14  3.20
MEAN      5.70  5.45  5.44  4.66  4.25  3.96  3.80  3.47  3.54  3.80  5.72  5.99
STD DEV   2.46  2.84  2.81  2.19  1.87  1.60  1.51  1.35  1.68  2.08  2.96  2.74
SKEW       .32   .53   .56   .81   .77   .49   .44   .58   .87   .89   .36   .24
% W       4.03  5.95  8.20 12.98 16.52 17.12 17.57 15.57 12.62  7.64  4.89  4.27
MEAN      6.14  5.53  5.06  5.04  4.38  3.97  3.76  3.69  3.69  4.11  5.02  5.99
STD DEV   3.02  2.98  2.82  2.63  1.98  1.80  1.51  1.51  1.76  2.40  2.89  2.81
SKEW       .33   .53   .66   .70   .83   .88   .68   .67   .97   .92   .61   .29
% WNW     1.55  2.76  4.10  6.35  7.99  8.54  9.89  8.37  6.59  3.66  1.93  1.62
MEAN      5.41  4.61  4.67  4.57  4.20  3.84  3.69  3.61  3.63  3.54  4.39  5.47
STD DEV   2.87  2.45  2.48  2.21  1.82  1.53  1.29  1.44  1.59  1.84  2.47  2.73
SKEW       .11   .71   .88   .88   .98   .87   .20   .68  1.02  1.15   .72   .44
% NW      1.72  3.14  3.64  3.50  3.11  2.76  2.28  2.88  3.41  3.52  2.76  1.65
MEAN      3.49  3.27  3.57  3.60  3.28  2.87  2.75  2.72  2.86  2.88  2.97  3.64
STD DEV   1.77  1.61  1.85  1.66  1.54  1.22  1.03  1.12  1.42  1.46  1.53  1.85
SKEW       .78   .92   .93   .80  1.36   .68   .28   .49   .94  1.03   .89   .78
% NNW     2.38  2.66  2.78  2.00  1.45  1.05   .70   .99  1.43  1.99  2.28  2.12
MEAN      3.79  3.60  3.82  3.51  3.13  2.86  2.65  2.59  2.91  3.22  3.39  3.73
STD DEV   1.97  1.61  1.76  1.44  1.56  1.25   .94  1.21  1.44  1.67  1.83  1.68
SKEW       .85   .65   .58   .33   .68   .51   .26  1.15   .79   .87   .87   .71
CALM      9.08 11.79 10.84 10.92 11.42 10.50 11.05 14.50 21.19 19.29 14.21 10.34
                                                                                
INTERPOLATED DATA (station & weighting factor)                                  
                                                                                
---Wind Stations---                                                             
WHIDBEY IS.   WA     .517  BELLINGHAM    WA     .334  PORT ANGELES  WA     .149 
