 United States    Newhope 6 S                                                   
 LATT=  34.15 LONG= -93.89 YEARS= 30. TYPE= 3
 ELEVATION =  630. TP5 = 2.48 TP6= 5.66
 MEAN P    .48   .49   .58   .59   .53   .45   .57   .48   .55   .65   .64   .60
 S DEV P   .59   .57   .71   .75   .65   .54   .78   .60   .75   .88   .88   .85
 SKEW  P  2.51  2.05  2.80  2.98  2.30  1.94  2.55  2.29  3.26  2.11  3.16  3.65
 P(W/W)    .44   .44   .47   .42   .52   .48   .39   .38   .37   .49   .44   .47
 P(W/D)    .20   .24   .22   .24   .25   .21   .21   .17   .17   .18   .20   .21
 TMAX AV 52.25 56.58 64.78 72.78 79.51 86.90 90.80 91.22 84.72 74.44 62.42 53.37
 TMIN AV 34.99 38.25 45.13 52.69 61.48 69.38 72.10 71.45 64.73 54.20 44.41 36.90
 SD TMAX 10.25 10.50  9.67  7.13  6.19  5.12  5.20  5.83  6.70  7.80  8.99  9.82
 SD TMIN  9.86  9.90  9.85  8.40  6.84  4.23  4.08  4.15  6.85  8.63  9.71  9.83
 SOL.RAD  199.  254.  334.  427.  465.  521.  522.  484.  410.  315.  220.  179.
 SD SOL   65.4  84.6  99.8 120.1 118.0 102.1  98.0  92.0  87.3  88.6  70.6  58.9
 MX .5 P   .54   .60   .75   .83  1.00   .93  1.26   .93   .83   .85   .73   .73
 DEW PT  32.07 35.02 41.75 50.00 59.88 67.15 69.32 67.95 61.46 51.67 42.20 34.54
Time Pk   .200  .310  .400  .480  .560  .650  .720  .780  .840  .900  .960 1.000
% N       6.85  5.47  4.79  4.84  4.71  3.51  3.44  6.15  5.79  6.21  3.56  5.13
MEAN      4.97  4.81  5.12  4.65  4.13  3.47  3.49  3.56  3.87  4.32  5.01  4.59
STD DEV   1.93  2.26  2.18  2.03  1.85  1.55  1.59  1.59  1.92  2.12  3.17  2.22
SKEW       .10   .67   .22   .48   .74   .56   .36   .54   .50   .65   .78   .43
% NNE    11.19 13.99  8.76  9.11  9.91  6.92  7.76 12.05 15.29 11.15  5.28  8.91
MEAN      4.57  4.68  4.72  4.72  4.42  3.77  3.55  3.67  3.97  4.33  4.47  4.20
STD DEV   1.93  2.13  1.91  1.82  1.74  1.59  1.55  1.67  1.71  2.00  2.15  1.85
SKEW       .36   .57   .31   .18   .34   .48   .63   .60   .45   .46   .58   .35
% NE      3.94  4.07  5.28  4.82  4.90  3.66  4.22  5.82  5.66  3.59  2.74  4.77
MEAN      3.40  3.51  4.23  4.28  3.75  3.29  2.94  3.41  3.69  3.26  3.52  3.82
STD DEV   1.52  1.43  1.77  1.84  1.52  1.39  1.24  1.56  1.75  1.67  1.82  1.70
SKEW       .35   .47   .32   .45   .45   .69   .53   .58   .83  1.11   .76   .51
% ENE     4.38  4.86  4.82  5.13  5.56  3.82  5.42  6.73  5.51  2.82  2.55  2.95
MEAN      3.19  3.47  3.72  3.76  3.36  3.20  3.19  3.21  3.28  3.28  3.31  3.29
STD DEV   1.45  1.60  1.72  1.41  1.34  1.23  1.23  1.46  1.35  2.07  1.58  1.32
SKEW       .59   .28   .54   .55   .55   .32   .51   .83   .62  1.20   .55   .48
% E       2.00  2.83  3.07  3.28  3.28  2.58  3.46  3.70  2.92  2.59  1.72  1.98
MEAN      3.06  2.88  2.83  3.59  3.06  3.06  2.94  2.94  3.05  2.50  3.23  2.49
STD DEV   1.48  1.31  1.34  1.31  1.39  1.75  1.26  1.69  1.36  1.00  1.77  1.07
SKEW       .60   .63  1.29   .23   .89  1.36   .73  1.71   .47   .80   .95   .57
% ESE     2.40  3.63  3.15  2.85  2.41  2.62  3.22  3.01  2.87  2.76  1.95  2.38
MEAN      2.91  3.11  3.69  3.64  2.84  2.95  3.17  2.80  3.07  2.85  3.43  3.46
STD DEV   1.40  1.34  1.56  1.50  1.15  1.26  1.24  1.22  1.26  1.17  1.74  1.55
SKEW       .85   .63   .62   .46   .57   .99   .66   .61   .42   .48   .50   .32
% SE      2.49  2.87  2.70  3.00  2.45  3.29  3.32  3.18  3.15  3.93  2.97  2.82
MEAN      2.98  3.26  3.49  3.42  3.07  2.87  2.87  3.19  2.99  3.11  3.04  3.27
STD DEV   1.27  1.71  1.72  1.30  1.61  1.26  1.17  1.55  1.32  1.28  1.43  1.44
SKEW       .58   .69   .67   .45  1.07   .74   .77   .79   .62   .78   .66   .56
% SSE     6.03  6.55  8.06  7.16  5.96  6.65  5.78  6.11  6.50  7.30  6.26  7.84
MEAN      3.30  3.78  4.80  4.21  3.65  3.22  3.31  3.16  3.57  3.68  4.22  3.93
STD DEV   1.59  1.79  2.11  1.75  1.73  1.40  1.30  1.24  1.46  1.72  2.29  1.94
SKEW       .98  1.04   .50   .63   .65   .66   .35   .72   .71   .65  1.31   .91
% S      10.09  8.79 10.26 12.16  9.78 10.75  9.14  7.85  8.29 13.34 11.29 11.87
MEAN      4.49  4.45  5.35  4.87  4.21  3.76  3.49  3.36  4.05  4.23  4.63  4.54
STD DEV   2.25  2.05  2.60  1.94  2.03  1.59  1.48  1.64  1.93  1.91  2.17  2.13
SKEW       .68   .65   .49   .63   .72   .55   .40  1.40   .94   .74   .96  1.06
% SSW    13.63 10.84 13.05 13.41 11.77 13.94 14.00  8.23  9.10  8.61 13.25 14.24
MEAN      5.30  5.15  5.86  5.81  4.97  4.62  4.07  3.67  4.49  4.52  5.17  4.91
STD DEV   2.44  2.63  2.66  2.47  2.38  2.06  1.67  1.48  1.98  2.15  2.27  2.33
SKEW       .71   .79   .37   .34   .56   .66   .37   .38   .63   .62   .73   .77
% SW      3.32  2.82  3.77  3.68  4.76  6.52  6.35  4.40  4.11  3.85  5.75  4.94
MEAN      4.33  4.59  5.34  5.76  4.48  4.30  3.80  3.72  3.96  3.82  4.31  4.04
STD DEV   2.38  2.49  2.86  2.96  2.08  1.95  1.81  1.60  1.79  2.04  2.41  1.92
SKEW       .85   .62   .66   .54   .55   .74   .81   .47   .63   .84  1.33   .82
% WSW     5.65  5.51  5.89  4.62  6.95 10.28  7.18  4.72  4.17  5.23  8.45  5.59
MEAN      4.45  4.83  5.74  5.41  4.16  4.26  3.87  3.57  3.91  3.76  4.42  5.09
STD DEV   2.79  2.41  2.95  3.35  2.10  1.94  1.71  1.69  1.87  1.78  2.41  3.04
SKEW      1.14   .72   .60  1.09   .92   .79   .74   .61   .49   .76  1.26   .90
% W       3.20  3.51  3.80  3.60  4.08  3.67  2.70  2.41  1.88  3.37  5.45  4.55
MEAN      4.48  4.45  5.80  5.43  4.41  3.78  3.29  3.15  3.29  3.77  4.45  5.20
STD DEV   2.41  2.48  2.77  3.41  2.72  1.87  1.42  1.44  1.52  1.97  2.30  2.95
SKEW       .56   .85   .16   .69   .98  1.04   .50   .41   .58   .70   .90   .64
% WNW     5.95  5.23  6.43  5.61  4.39  4.12  3.01  3.08  3.16  4.62  7.94  4.49
MEAN      4.59  4.61  5.47  5.17  4.37  3.77  3.20  3.20  3.29  3.91  4.87  4.29
STD DEV   2.19  2.29  2.47  2.48  2.38  1.89  1.57  1.69  1.69  2.13  2.33  2.08
SKEW       .65   .59   .45   .69   .90  1.01  1.55   .92  1.13   .96   .90   .79
% NW      3.85  3.91  3.95  4.05  3.47  2.36  2.21  3.01  2.99  3.50  6.01  4.89
MEAN      4.57  5.04  5.10  4.98  4.09  3.67  3.01  3.03  3.38  3.38  4.85  4.52
STD DEV   2.12  2.54  2.71  2.30  3.22  2.10  1.36  1.54  1.72  1.98  2.28  2.10
SKEW       .66   .25   .46   .40  2.34   .95   .76  1.04   .87  1.22   .56   .65
% NNW     9.66  7.14  7.85  8.52  6.40  4.00  4.25  6.20  6.32  6.52  6.53  6.70
MEAN      5.38  5.28  5.25  5.02  4.20  3.68  3.63  3.59  3.81  4.38  5.37  4.84
STD DEV   2.10  2.51  2.20  1.83  1.99  1.75  1.84  1.66  2.06  2.27  2.44  2.09
SKEW       .26   .42   .31   .29   .56   .84  1.39   .78   .55   .47   .41   .03
CALM      5.39  8.03  4.45  4.17  9.26 11.24 14.63 13.41 12.29 10.62  8.34  5.97
                                                                                
INTERPOLATED DATA (station & weighting factor)                                  
                                                                                
---Wind Stations---                                                             
ADVANCE       MO     .420  MALDEN        MO     .349  FT. LEONARD W.MO     .231 
