 United States    Cascade                                                       
 LATT=  37.65 LONG=-107.81 YEARS= 30. TYPE= 3
 ELEVATION = 8880. TP5 = 1.12 TP6= 1.67
 MEAN P    .33   .32   .28   .26   .25   .21   .24   .25   .31   .32   .33   .30
 S DEV P   .36   .32   .29   .25   .24   .18   .22   .26   .36   .36   .37   .34
 SKEW  P  2.23  2.10  2.79  2.57  2.18  2.15  2.21  4.35  3.22  2.62  2.05  2.62
 P(W/W)    .51   .58   .54   .54   .52   .47   .51   .55   .51   .55   .52   .50
 P(W/D)    .24   .27   .22   .20   .15   .09   .25   .31   .24   .19   .20   .28
 TMAX AV 27.08 28.97 35.63 40.36 48.25 61.13 66.80 64.16 58.25 46.74 34.81 26.69
 TMIN AV  8.91 11.62 17.15 21.67 27.53 35.67 42.86 41.79 35.72 24.99 12.52  7.01
 SD TMAX  7.10  7.37  6.99  6.72  6.61  7.03  4.26  4.09  5.67  8.03  8.41  7.54
 SD TMIN  8.45  8.41  8.04  7.09  5.64  6.01  3.64  3.45  5.81  9.02 10.54  9.53
 SOL.RAD  227.  289.  392.  490.  592.  671.  580.  505.  441.  340.  247.  202.
 SD SOL   53.8  71.6  92.1 115.6 132.3 122.7 124.9 115.4 103.6  89.4  60.7  47.4
 MX .5 P   .33   .38   .36   .42   .50   .43   .88   .69   .61   .44   .41   .35
 DEW PT   7.30  9.27 13.04 17.43 23.22 27.95 38.93 39.24 31.75 20.70 10.79  6.30
Time Pk   .130  .230  .320  .410  .500  .590  .670  .750  .830  .890  .950 1.000
% N       2.77  2.87  3.22  3.12  2.74  2.65  3.26  2.93  2.53  2.33  2.68  2.64
MEAN      2.51  3.04  3.70  3.71  3.33  3.30  3.37  3.04  2.96  3.04  3.06  2.64
STD DEV   1.40  1.63  1.79  1.91  1.56  1.68  1.72  1.56  1.40  1.52  1.76  1.25
SKEW      1.30   .78   .49   .79   .48  1.07  1.08  1.27   .88   .77  1.09   .64
% NNE     1.35  1.63  1.74  1.61  1.55  1.45  1.66  1.63  1.35  1.25  1.58  1.39
MEAN      2.51  2.94  3.92  3.33  3.40  3.19  3.25  3.11  2.85  2.81  3.11  2.50
STD DEV   1.00  1.91  2.18  1.63  1.80  1.67  1.59  1.51  1.38  1.15  1.51  1.04
SKEW       .47  1.41   .63   .55   .80   .76   .63   .69   .86   .67   .88  1.42
% NE      2.76  2.73  2.93  2.97  2.87  3.13  4.02  3.68  2.99  2.71  2.82  2.53
MEAN      2.70  2.93  3.05  3.22  3.38  3.09  3.63  3.19  2.94  2.94  2.91  2.63
STD DEV   1.32  1.47  1.55  1.72  1.79  1.52  1.85  1.53  1.38  1.42  1.47  1.25
SKEW       .97   .87   .90  1.09   .86   .94   .92   .91   .82  1.02  1.05   .83
% ENE     3.60  3.34  2.95  2.73  2.67  2.89  3.21  3.18  2.93  2.71  3.38  3.14
MEAN      2.89  2.93  3.20  3.28  3.30  3.40  3.58  3.55  3.36  3.04  2.97  2.80
STD DEV   1.22  1.26  1.48  1.63  1.45  1.60  1.70  1.69  1.59  1.29  1.26  1.10
SKEW       .73   .94   .86   .78   .74  1.10   .95   .90  1.00   .91   .67   .63
% E      12.02 10.98  9.35  8.54  8.68  9.03  9.96 10.09  9.82 10.33 11.08 11.64
MEAN      2.86  3.07  3.31  3.46  3.57  3.57  3.63  3.53  3.40  3.29  3.13  2.90
STD DEV   1.46  1.54  1.60  1.72  1.79  1.67  1.66  1.64  1.61  1.56  1.57  1.49
SKEW      1.17   .90   .61   .67   .78   .74   .88   .78   .80   .78  1.00  1.46
% ESE     7.55  7.61  7.23  6.67  7.08  7.48  8.51  8.69  9.25  9.46  8.74  7.69
MEAN      3.05  3.18  3.38  3.55  3.67  3.61  3.61  3.45  3.48  3.27  3.06  2.93
STD DEV   1.49  1.40  1.55  1.58  1.52  1.54  1.45  1.42  1.38  1.31  1.32  1.32
SKEW       .87   .61   .68   .75   .84  1.36   .55  1.12   .62   .63   .51   .80
% SE      5.86  6.08  5.76  5.64  6.59  7.15  8.15  8.09  7.73  7.19  6.77  6.16
MEAN      2.65  2.83  3.03  3.25  3.37  3.30  3.46  3.19  3.12  2.95  2.76  2.64
STD DEV   1.29  1.33  1.39  1.56  1.54  1.39  1.59  1.37  1.33  1.23  1.25  1.36
SKEW       .83   .77   .80   .95   .80   .82  1.24  1.06  1.09   .66   .78   .99
% SSE     2.53  2.94  3.11  3.29  3.65  3.91  3.95  4.13  3.90  3.61  3.04  2.68
MEAN      2.83  2.92  3.28  3.57  3.88  3.48  3.42  3.33  3.24  3.08  3.00  2.84
STD DEV   1.41  1.44  1.63  1.78  2.12  1.59  1.45  1.43  1.52  1.35  1.55  1.47
SKEW       .56   .61   .56   .62   .96   .65   .75  1.10   .81   .74   .54   .52
% S       3.25  3.74  4.35  4.79  5.04  4.46  3.96  3.82  4.18  4.04  3.66  3.20
MEAN      2.84  3.04  3.78  4.44  4.67  4.49  3.71  3.55  3.59  3.33  3.08  2.83
STD DEV   1.65  1.76  2.27  2.60  2.64  2.39  1.99  1.86  2.08  1.92  1.83  1.59
SKEW      1.81   .94  1.06   .84   .60   .62   .94  1.04  1.10  1.20  1.62  1.16
% SSW     2.65  3.23  4.49  4.84  5.15  5.30  3.13  3.04  3.68  3.29  2.84  2.55
MEAN      4.26  4.52  5.31  5.63  5.78  5.52  4.65  4.09  5.01  4.34  3.70  3.70
STD DEV   1.99  2.66  2.63  2.95  2.88  2.53  2.13  2.05  2.57  2.39  2.22  2.00
SKEW       .48   .64   .25   .33   .17   .29   .43   .67   .47   .73  1.02   .63
% SW      5.88  6.70 10.50 11.39 10.55 10.32  7.05  6.89  7.54  7.16  5.80  5.13
MEAN      3.81  4.15  5.13  5.73  5.56  5.41  4.23  4.12  4.47  4.17  4.16  3.73
STD DEV   2.21  2.44  2.80  3.05  2.84  2.61  2.08  1.98  2.41  2.35  2.54  2.12
SKEW       .64  1.04   .56   .47   .47   .48   .65   .82   .81   .98   .99   .72
% WSW     4.23  4.53  6.29  7.35  6.47  6.36  4.59  4.28  4.73  4.35  4.00  3.32
MEAN      4.04  3.96  5.48  6.02  5.63  5.25  4.48  4.19  4.51  4.40  3.84  3.86
STD DEV   2.52  2.20  2.85  2.87  2.68  2.29  1.97  1.95  2.17  2.34  2.04  2.23
SKEW      1.32  1.08   .54   .29   .43   .32   .44   .51   .58   .89   .73  1.17
% W       7.07  6.95  7.60  8.40  8.25  7.83  7.49  7.41  7.42  6.57  6.57  6.35
MEAN      3.30  3.61  4.25  4.99  4.80  4.78  3.93  3.89  4.17  3.79  3.42  3.39
STD DEV   1.78  2.16  2.44  2.71  2.54  2.38  1.90  1.93  2.10  2.17  1.93  2.00
SKEW      1.26  1.52   .84   .58   .68   .53   .70   .82   .70  1.05  1.32  1.80
% WNW     4.24  4.18  4.16  4.47  4.50  4.23  4.03  4.21  3.89  3.87  4.10  3.86
MEAN      3.37  3.69  4.25  4.82  4.78  4.52  4.26  4.01  3.85  3.62  3.61  3.51
STD DEV   1.49  2.01  2.15  2.39  2.37  2.23  2.09  1.97  1.78  1.77  1.99  1.66
SKEW       .67  1.13   .71   .60   .61   .62   .76   .66   .86   .81  1.32   .92
% NW      4.81  5.07  5.11  4.67  4.52  4.31  4.46  4.23  3.96  4.18  4.12  4.35
MEAN      2.87  3.30  4.30  4.27  4.05  3.87  3.66  3.39  3.52  3.37  3.29  3.28
STD DEV   1.48  1.80  2.40  2.26  2.09  2.10  1.98  1.73  1.84  1.81  1.96  1.83
SKEW      1.13   .89   .82   .82   .79  1.03  1.17   .97  1.01  1.22  1.17  1.15
% NNW     2.75  3.02  3.56  3.01  2.45  2.11  2.40  2.15  2.03  2.29  2.53  2.71
MEAN      2.86  3.28  3.87  4.13  3.94  3.65  3.70  3.41  3.27  3.18  3.18  3.14
STD DEV   1.30  1.62  1.74  2.07  1.89  1.80  1.83  1.66  1.50  1.56  1.44  1.33
SKEW      1.04  1.23   .75   .66   .91  1.49  1.17  1.38  1.20  1.27   .75   .02
CALM     26.58 24.41 17.73 16.39 17.26 17.36 20.15 21.61 22.07 24.69 26.35 30.61
                                                                                
INTERPOLATED DATA (station & weighting factor)                                  
                                                                                
---Wind Stations---                                                             
EAGLE         CO     .482  GRAND JUNCT.  CO     .298  ALAMOSA       CO     .220 
