 United States    Madison Butte                                                 
 LATT=  45.11 LONG=-119.50 YEARS= 30. TYPE= 3
 ELEVATION = 5150. TP5 = 1.07 TP6= 1.64
 MEAN P    .19   .18   .18   .23   .26   .28   .22   .22   .19   .21   .20   .19
 S DEV P   .14   .12   .12   .17   .22   .24   .25   .21   .12   .17   .18   .14
 SKEW  P  2.17  1.83  2.02  1.99  2.41  1.57  4.85  2.72  1.58  2.38  3.40  2.28
 P(W/W)    .48   .49   .50   .50   .55   .43   .29   .29   .40   .34   .42   .52
 P(W/D)    .29   .32   .35   .27   .20   .14   .05   .06   .09   .19   .30   .32
 TMAX AV 38.27 42.15 49.98 57.16 65.93 73.46 84.06 83.06 74.82 59.77 45.48 36.95
 TMIN AV 27.19 28.34 33.04 37.12 43.36 48.70 55.98 55.76 49.15 39.98 32.33 26.22
 SD TMAX  7.83  8.60  8.21  8.85  9.88  9.30  7.78  7.55  8.89  9.05  8.18  7.85
 SD TMIN  8.96  9.18  6.63  6.23  6.94  6.66  6.71  6.26  6.68  6.96  8.55  9.65
 SOL.RAD  117.  195.  292.  413.  507.  584.  630.  539.  400.  245.  139.  100.
 SD SOL   32.1  55.6  80.6 105.8 123.5 125.9  78.1  85.7  87.4  71.3  41.9  24.7
 MX .5 P   .13   .14   .17   .23   .34   .38   .19   .19   .16   .16   .17   .12
 DEW PT  25.55 26.33 29.80 32.85 37.02 40.45 41.75 41.56 38.05 34.92 29.93 24.54
Time Pk   .080  .170  .250  .340  .420  .520  .600  .690  .780  .850  .930 1.000
% N       3.19  3.83  3.66  3.42  3.76  3.87  3.50  3.37  3.67  3.48  2.84  3.60
MEAN      2.59  3.06  3.38  3.71  3.45  3.44  3.04  2.96  2.85  2.92  2.83  2.76
STD DEV    .89  1.58  1.59  1.82  1.77  1.63  1.28  1.35  1.14  1.32  1.17  1.10
SKEW      1.22  1.70  1.25  1.08  1.43  1.26  1.32  1.68  1.67  1.80  1.22  1.93
% NNE     3.13  3.17  2.75  3.42  3.42  3.44  3.26  3.20  3.34  4.35  3.26  3.07
MEAN      3.13  3.49  3.47  3.70  3.80  3.39  3.37  3.23  3.09  3.57  3.25  3.10
STD DEV   1.64  1.73  1.60  1.66  1.79  1.32  1.49  1.41  1.21  1.91  1.63  1.64
SKEW      2.03  1.58  1.46  1.06  1.24  1.04  1.32  1.20  1.14  1.69  1.58  3.01
% NE      5.41  5.97  4.82  5.42  5.41  5.92  5.58  5.40  5.73  6.13  6.21  5.61
MEAN      3.20  3.28  3.43  3.46  3.43  3.34  3.07  3.13  3.08  3.22  3.14  2.88
STD DEV   1.53  1.50  1.70  1.54  1.62  1.38  1.26  1.31  1.30  1.49  1.53  1.10
SKEW      2.04  1.71  1.47  1.17  1.32  1.15  1.37  1.48  1.50  1.33  1.45   .95
% ENE     4.82  4.38  3.67  3.80  4.07  4.39  4.41  4.57  5.11  4.93  5.11  4.74
MEAN      3.02  3.20  3.15  3.15  3.41  3.07  3.09  2.97  2.88  3.03  3.07  2.90
STD DEV   1.02  1.27  1.14  1.04  1.41  1.07   .99  1.02   .95  1.18  1.23  1.00
SKEW      1.37  1.86   .87   .75  1.55   .91   .81  1.15   .82  1.55  1.40   .63
% E       5.32  5.43  4.08  4.47  4.88  4.55  6.02  5.88  6.28  5.32  5.40  5.25
MEAN      2.75  2.76  2.83  2.98  2.98  2.88  2.91  2.78  2.70  2.67  2.66  2.73
STD DEV    .92  1.00   .91  1.15  1.17  1.04  1.08  1.08   .85   .87  1.08   .95
SKEW       .77  1.25   .74  1.28  1.38  1.18  1.33  1.49   .81   .79  1.49   .86
% ESE     2.34  2.09  1.68  1.98  2.29  2.13  2.94  2.72  2.75  2.60  2.56  2.50
MEAN      2.47  2.50  2.60  2.97  2.94  2.86  2.80  2.72  2.59  2.55  2.59  2.49
STD DEV    .65   .70   .83  1.27  1.12   .97   .88   .94   .73   .73   .92   .77
SKEW       .60   .81   .85  1.52  1.19  1.09  1.52  1.30  1.01   .86  1.81   .97
% SE      1.11  1.06  1.26  1.53  2.01  1.81  2.24  2.40  2.15  1.77  1.53  1.41
MEAN      2.34  2.50  2.63  2.89  3.15  2.68  2.92  2.75  2.40  2.30  2.48  2.25
STD DEV    .70   .85   .91  1.29  1.33  1.01  1.24  1.15   .67   .70  1.31   .66
SKEW       .92  1.35   .76  1.78  1.18  1.43  1.69  1.83  1.24  1.33  4.17   .75
% SSE      .92   .95  1.20  1.69  1.75  1.67  2.00  1.85  1.64  1.21  1.19   .95
MEAN      3.79  3.57  3.93  4.19  4.12  3.92  3.73  3.84  3.32  3.03  4.08  3.02
STD DEV   2.26  1.69  2.12  2.15  2.06  1.82  1.93  1.82  1.66  1.60  2.69  1.75
SKEW       .95   .81  1.57   .76  1.06   .94  1.19   .80  1.64  1.54  1.14  2.14
% S       3.28  4.08  3.85  3.99  3.88  4.38  4.55  3.92  3.33  3.13  3.73  2.97
MEAN      5.44  5.45  4.73  4.77  4.27  4.30  4.22  4.17  3.98  4.73  4.82  4.62
STD DEV   3.24  2.80  2.34  2.48  1.94  2.22  1.96  2.03  2.22  2.66  2.70  2.49
SKEW       .73   .42   .48   .82   .76  1.16   .90   .95  1.03   .73   .52   .82
% SSW     4.22  3.81  4.57  4.03  4.68  4.54  5.21  4.26  4.01  3.60  4.39  3.89
MEAN      4.90  4.27  4.23  4.01  4.13  4.03  3.96  3.85  3.86  3.97  4.07  4.18
STD DEV   2.58  1.90  2.11  1.85  1.83  1.67  1.73  1.61  1.67  1.87  2.08  2.22
SKEW      1.22   .69  1.11  1.06   .89   .95  1.15   .78  1.02  1.13  1.13  1.40
% SW      8.60  8.65 10.29 10.04 10.16 10.20  9.93  9.38  8.06  7.10  8.16  8.44
MEAN      4.09  3.96  4.29  4.40  4.17  4.18  3.96  3.94  3.88  3.91  3.69  3.76
STD DEV   1.96  1.65  2.16  1.97  1.89  1.81  1.61  1.70  1.71  1.85  1.66  1.64
SKEW      1.44   .84  1.27   .74   .87   .83   .79   .85   .94  1.16   .92  1.03
% WSW     8.16  8.45  9.86  9.43  8.59  8.24  7.70  7.77  7.21  7.29  7.22  7.43
MEAN      4.26  4.06  4.55  4.72  4.65  4.61  4.08  4.35  4.29  4.27  4.06  4.03
STD DEV   2.09  1.88  2.13  2.16  1.99  2.06  1.76  1.94  2.03  2.02  1.92  1.84
SKEW      1.18  1.11   .86   .73   .69   .71   .89   .80   .79   .97  1.01  1.00
% W       7.37  7.74  9.15  9.44  8.81  8.22  7.37  8.04  7.09  6.26  6.00  6.56
MEAN      3.76  3.82  4.59  5.07  4.88  4.76  4.49  4.60  4.59  4.22  3.95  3.80
STD DEV   2.00  1.91  2.29  2.39  2.40  2.15  2.08  2.11  2.13  2.02  2.14  2.13
SKEW      1.28  1.19   .86   .66   .84   .49   .54   .53   .44   .74  1.44  1.56
% WNW     3.87  4.63  5.99  6.06  5.79  5.92  5.47  5.32  4.36  3.83  2.85  3.67
MEAN      3.62  3.90  4.94  5.09  4.79  4.83  4.52  4.60  4.45  4.32  4.02  3.63
STD DEV   2.12  2.12  2.83  2.53  2.29  2.23  1.97  2.02  2.18  2.27  2.31  2.14
SKEW      2.06  1.38  2.00   .63   .76   .82   .49   .48   .71  1.00  1.39  1.46
% NW      4.16  5.17  5.79  5.80  5.43  5.36  4.76  5.14  3.92  3.20  2.77  3.60
MEAN      3.23  3.52  4.35  4.53  4.06  4.20  3.67  3.64  3.41  3.57  3.46  3.26
STD DEV   1.82  2.01  2.50  2.46  2.16  2.20  1.73  1.81  1.84  1.97  2.04  1.93
SKEW      1.67  1.52  1.03   .89  1.09  1.03  1.14  1.25  1.31  1.42  1.34  1.83
% NNW     2.23  3.02  3.27  3.70  3.60  3.13  2.48  2.33  2.44  2.63  1.67  2.07
MEAN      3.51  3.75  4.11  4.54  4.11  3.83  3.54  3.24  3.58  3.54  3.39  3.07
STD DEV   2.20  2.03  1.93  2.25  2.05  1.85  1.57  1.45  1.83  1.90  1.80  1.54
SKEW      1.62  1.18   .75   .59   .90   .92  1.00  1.11  1.08  1.19   .98  1.43
CALM     31.93 27.57 24.16 21.82 21.44 22.13 22.57 24.40 29.01 33.22 35.00 34.20
                                                                                
INTERPOLATED DATA (station & weighting factor)                                  
                                                                                
---Wind Stations---                                                             
ELKO          NV    1.000  BATTLE MOUNT. NV     .000  WENDOVER      UT     .000 
