 United States    Farnsworth Lake                                               
 LATT=  38.77 LONG=-111.68 YEARS= 30. TYPE= 3
 ELEVATION = 9682. TP5 = 0.89 TP6= 1.36
 MEAN P    .25   .26   .31   .32   .29   .28   .27   .27   .33   .33   .32   .28
 S DEV P   .22   .23   .31   .30   .30   .23   .23   .21   .31   .32   .30   .27
 SKEW  P  1.92  1.83  2.51  2.22  2.78  1.54  2.52  1.61  2.02  2.11  1.87  2.69
 P(W/W)    .51   .53   .59   .63   .49   .43   .41   .39   .42   .53   .55   .52
 P(W/D)    .29   .35   .30   .26   .19   .08   .16   .20   .15   .18   .22   .28
 TMAX AV 33.78 37.50 45.74 53.33 64.90 78.15 84.57 81.83 73.78 59.78 44.68 33.74
 TMIN AV 13.30 16.38 23.04 28.84 37.73 47.83 56.06 54.23 45.82 34.30 22.57 12.78
 SD TMAX  7.46  7.80  8.31  9.57  9.56  8.58  5.28  4.86  7.23  9.99 10.45  8.33
 SD TMIN  9.62 10.00  8.55  7.91  7.37  7.02  4.88  4.35  6.85  7.75  9.83 10.58
 SOL.RAD  206.  271.  375.  481.  574.  646.  576.  509.  442.  327.  229.  185.
 SD SOL   45.5  63.9  84.7 108.5 121.2 121.3 119.4 108.3  92.0  78.5  55.7  40.7
 MX .5 P   .24   .28   .34   .43   .51   .40   .63   .61   .44   .37   .32   .26
 DEW PT  14.01 16.49 21.19 25.18 29.42 28.95 36.31 37.57 32.03 25.55 18.93 13.44
Time Pk   .120  .220  .320  .400  .480  .570  .650  .740  .820  .890  .960 1.000
% N       8.28 10.35  9.87 10.78 10.29  8.81  9.92  9.66  9.71  9.91  9.85  8.82
MEAN      4.29  4.94  5.41  5.15  4.85  4.52  4.21  4.14  4.10  4.13  4.50  4.56
STD DEV   2.09  2.72  3.10  2.55  2.33  2.09  1.96  1.88  1.91  1.92  2.24  2.37
SKEW      1.01  1.11  1.23   .78   .78   .96  1.13   .85   .93  1.00   .92  1.15
% NNE     6.22  6.41  6.02  5.81  5.65  5.12  5.13  5.15  5.59  6.11  6.35  6.39
MEAN      4.03  4.36  5.53  4.77  4.54  4.33  4.07  3.66  3.91  4.06  4.45  4.20
STD DEV   1.80  2.10  2.80  2.23  2.06  1.94  1.69  1.41  1.76  1.67  2.05  1.99
SKEW      1.00  1.04  1.02   .83   .82   .81   .81   .68   .94   .86  1.15  1.03
% NE      6.93  6.21  7.24  7.10  7.37  7.25  7.42  6.89  7.21  7.75  6.59  6.49
MEAN      3.57  3.66  4.04  4.11  4.01  3.88  3.71  3.59  3.63  3.56  3.63  3.53
STD DEV   1.59  1.62  1.95  1.98  1.91  1.75  1.68  1.51  1.61  1.58  1.62  1.49
SKEW      1.11  1.11  1.15   .88  1.11   .96   .90   .86   .93  1.07  1.03   .99
% ENE     3.13  2.91  3.39  3.09  3.47  3.49  3.21  3.02  3.53  3.12  3.04  2.75
MEAN      3.78  3.53  3.96  4.20  4.07  4.09  3.59  3.48  3.58  3.70  3.77  3.29
STD DEV   1.54  1.44  1.77  1.83  1.91  1.73  1.43  1.38  1.51  1.64  1.66  1.36
SKEW       .67   .75  1.03   .71  1.00   .65   .64   .79   .98  1.08  1.11   .89
% E       5.49  4.95  5.63  5.84  6.04  6.71  5.78  5.31  6.04  6.17  5.16  4.66
MEAN      3.75  3.58  3.74  3.89  3.97  3.95  3.76  3.50  3.68  3.57  3.56  3.59
STD DEV   1.77  1.62  1.73  1.84  1.93  1.84  1.73  1.53  1.73  1.59  1.55  1.58
SKEW       .93  1.21  1.09   .91  1.15   .78  1.06   .77   .98   .79   .97  1.05
% ESE     3.26  3.24  3.44  3.40  3.71  3.75  3.69  3.52  3.82  3.41  3.24  2.98
MEAN      3.73  4.06  3.80  4.06  4.30  4.32  3.94  3.74  3.92  3.99  3.69  3.59
STD DEV   1.67  1.97  1.68  1.85  1.81  1.81  1.74  1.48  1.70  1.77  1.55  1.66
SKEW      1.20   .94   .90   .69   .55   .70   .95   .55   .64   .83   .86  1.00
% SE      6.57  6.42  6.95  6.54  6.26  7.41  6.37  6.93  6.98  6.50  6.58  6.07
MEAN      3.80  3.71  4.11  4.34  4.19  4.55  4.05  4.08  4.05  3.79  3.62  3.60
STD DEV   1.71  1.69  1.97  2.24  1.91  2.18  1.90  1.95  1.95  1.78  1.54  1.66
SKEW       .83   .87  1.22   .93   .74   .72   .71   .77   .87  1.11   .62   .98
% SSE     5.20  5.11  5.80  6.23  6.25  6.17  5.15  5.27  5.97  5.70  5.05  5.03
MEAN      3.99  4.03  4.38  5.14  5.18  5.27  4.46  4.29  4.61  4.21  3.93  3.88
STD DEV   1.69  1.59  1.93  2.60  2.37  2.41  2.00  1.97  2.33  1.84  1.60  1.56
SKEW       .51   .54   .81   .70   .55   .46   .64   .77   .86   .66   .64   .63
% S      18.48 18.74 15.11 16.37 15.21 17.77 16.74 17.84 18.03 19.49 19.89 19.92
MEAN      4.29  4.32  4.40  5.16  5.04  4.97  4.44  4.30  4.31  4.19  4.18  4.24
STD DEV   1.81  1.79  1.93  2.53  2.42  2.32  1.98  1.87  1.96  1.74  1.67  1.76
SKEW       .69   .72   .78   .95   .79   .75   .73   .65   .90   .65   .56   .67
% SSW     7.26  6.81  6.08  6.02  6.67  6.67  6.85  7.66  7.38  7.69  6.90  7.27
MEAN      4.47  4.25  4.51  4.95  4.89  4.96  4.08  4.01  4.19  4.26  4.23  4.33
STD DEV   2.10  1.89  2.35  2.32  2.36  2.42  1.70  1.71  1.77  1.90  1.73  2.03
SKEW       .57   .57  1.12   .68   .69   .80   .73   .70   .66   .90   .67   .65
% SW      5.36  4.65  5.08  4.92  5.81  6.41  6.38  6.71  5.27  4.91  4.36  4.96
MEAN      4.17  3.92  4.35  4.62  4.54  4.40  3.74  3.41  3.58  3.71  3.63  3.74
STD DEV   2.47  2.14  2.73  2.56  2.55  2.31  1.90  1.59  1.70  1.97  1.93  1.88
SKEW      1.14  1.36  1.37  1.03  1.06   .88  1.09   .81   .83  1.26  1.51  1.04
% WSW     2.08  1.70  2.01  2.00  2.11  1.85  1.83  1.92  1.60  1.40  1.58  1.76
MEAN      4.53  3.61  4.66  4.93  4.36  3.93  3.25  3.20  3.18  3.49  3.71  4.07
STD DEV   2.65  1.84  2.77  2.53  2.16  1.88  1.32  1.46  1.39  1.71  1.94  2.29
SKEW      1.15  1.15   .94   .50   .58   .82   .77   .68   .83   .89  1.10   .94
% W       4.95  4.66  4.81  4.34  4.47  3.89  4.35  3.81  3.56  3.13  3.82  4.58
MEAN      4.94  5.02  5.18  5.04  4.33  3.89  3.28  3.29  3.14  3.61  4.78  5.18
STD DEV   2.98  3.05  3.13  2.95  2.47  2.23  1.73  1.78  1.64  1.95  2.96  2.94
SKEW       .92   .79   .71   .79  1.15  1.19  1.28  1.28  1.43  1.07   .92   .67
% WNW     3.86  4.21  4.27  3.58  2.72  2.43  2.40  2.19  2.14  2.18  3.51  3.98
MEAN      6.17  6.20  6.94  6.43  4.71  4.35  3.47  4.06  3.68  4.13  6.42  6.17
STD DEV   3.38  3.28  3.77  3.36  2.54  2.29  1.68  2.19  1.92  2.29  3.42  3.11
SKEW       .47   .28   .54   .41   .77   .98   .97  1.06  1.23   .99   .50   .37
% NW      6.09  6.41  7.00  6.43  6.29  5.47  6.97  6.33  5.64  5.23  5.99  6.15
MEAN      4.94  5.22  5.41  5.12  4.57  4.14  3.79  3.77  3.81  3.95  4.86  5.10
STD DEV   2.75  2.83  2.98  2.78  2.37  2.14  1.91  2.04  1.84  2.16  2.70  2.99
SKEW       .75   .67   .68   .86   .87  1.15  1.15  1.31   .82  1.16   .87  1.05
% NNW     4.44  5.36  5.50  5.82  5.81  4.79  5.50  5.45  5.38  4.85  5.01  5.01
MEAN      4.41  4.81  5.66  5.30  4.94  4.76  4.20  4.07  4.12  4.01  4.81  4.53
STD DEV   1.93  2.30  2.82  2.52  2.31  2.21  1.93  1.97  1.84  1.87  2.46  2.15
SKEW       .42   .75   .52   .57   .77   .55   .91   .94   .72   .74   .96   .82
CALM      2.50  1.90  1.76  1.70  1.74  1.93  2.27  2.39  2.12  2.51  3.08  3.23
                                                                                
INTERPOLATED DATA (station & weighting factor)                                  
                                                                                
---Wind Stations---                                                             
DENVER/STAPLE.CO     .342  DENVER        CO     .342  COLORADO SPR. CO     .315 
