 United States    Little Bear                                                   
 LATT=  41.41 LONG=-111.83 YEARS= 30. TYPE= 3
 ELEVATION = 6544. TP5 = 1.45 TP6= 2.51
 MEAN P    .33   .31   .28   .29   .34   .33   .26   .26   .28   .34   .31   .35
 S DEV P   .34   .32   .26   .25   .29   .29   .30   .27   .27   .42   .29   .41
 SKEW  P  2.54  2.80  2.66  2.00  1.84  1.36  2.34  2.44  2.28  4.35  2.16  2.96
 P(W/W)    .65   .60   .55   .54   .59   .42   .30   .28   .41   .50   .52   .59
 P(W/D)    .27   .29   .29   .24   .17   .11   .09   .13   .14   .20   .24   .30
 TMAX AV 32.89 37.93 48.82 56.87 66.76 78.01 87.46 85.65 75.88 60.84 45.03 33.56
 TMIN AV 16.83 21.06 28.42 34.27 42.35 50.12 57.83 56.79 48.36 37.67 26.16 16.49
 SD TMAX  7.46  8.24  9.03  9.44  9.28  8.95  5.61  5.02  8.26  9.71  9.82  8.29
 SD TMIN 10.09 10.11  7.83  6.89  6.40  6.06  5.24  5.08  7.05  7.40  9.39 11.16
 SOL.RAD  174.  242.  352.  465.  564.  645.  636.  542.  436.  301.  194.  152.
 SD SOL   41.0  61.1  85.1 109.0 117.9 106.7  86.1  91.2  84.7  74.5  52.0  38.0
 MX .5 P   .25   .29   .27   .34   .50   .44   .43   .42   .36   .36   .29   .29
 DEW PT  17.71 20.76 25.83 30.54 37.74 41.49 45.71 43.96 39.09 32.03 24.18 17.32
Time Pk   .080  .170  .250  .340  .420  .520  .600  .690  .780  .850  .930 1.000
% N       3.61  4.59  5.33  5.41  5.57  5.49  3.87  3.71  4.52  5.00  4.34  3.69
MEAN      3.70  4.33  4.28  4.28  4.29  3.79  3.43  3.39  3.50  3.72  3.63  3.36
STD DEV   2.07  2.38  2.15  2.15  2.22  1.90  1.76  1.63  1.73  1.99  2.03  1.98
SKEW      1.04   .96   .79   .92   .81  1.02   .80   .76  1.10  1.11   .96   .99
% NNE      .97  1.58  1.89  2.05  2.41  2.31  1.84  1.64  1.67  1.71  1.40   .87
MEAN      3.97  4.14  3.95  3.92  4.02  3.74  3.39  3.42  3.53  3.90  3.66  3.00
STD DEV   2.35  2.10  1.95  1.76  2.18  1.72  1.60  1.76  1.64  2.05  1.75  1.24
SKEW      1.08  1.15   .78   .67   .88   .78   .72   .88   .81   .83   .73   .32
% NE      1.77  2.01  2.34  2.63  3.31  3.12  2.49  2.30  2.30  2.03  1.86  1.49
MEAN      4.09  4.00  3.81  3.73  4.31  3.90  3.65  3.49  3.38  3.56  3.05  2.43
STD DEV   2.75  2.69  2.16  1.93  2.63  2.25  1.99  1.89  1.88  2.31  1.79  1.17
SKEW      1.25  1.08  1.43   .77  1.37  1.30  1.15  1.24  1.20  1.45  1.29  1.05
% ENE     1.99  2.24  2.44  2.92  3.15  3.51  4.62  4.22  4.05  3.88  2.40  1.87
MEAN      3.42  4.75  4.97  4.65  4.77  3.90  3.89  3.96  4.00  4.92  3.45  3.35
STD DEV   1.75  2.74  3.40  2.39  2.38  1.74  1.73  1.70  1.74  2.72  1.56  1.54
SKEW       .44   .71  1.01   .70   .65   .59   .65   .52   .50   .72   .48   .56
% E       6.73  6.80  6.85  6.37  7.69  8.43  8.81  8.30  7.93  6.95  7.14  6.40
MEAN      3.89  3.59  3.84  3.78  4.64  3.87  3.73  3.88  3.56  3.57  3.22  3.37
STD DEV   2.61  1.93  1.92  1.81  2.49  1.82  1.70  1.86  1.55  1.83  1.59  1.76
SKEW      1.33  1.64  1.10   .99  1.13   .78  1.08   .82   .91  1.81   .94   .93
% ESE     5.27  6.15  5.47  4.22  5.58  6.07  7.40  7.23  7.22  7.71  6.77  5.24
MEAN      3.25  3.85  3.53  3.63  4.22  3.54  3.87  3.78  3.64  3.89  3.08  3.32
STD DEV   1.50  1.94  1.45  1.63  1.85  1.57  1.69  1.73  1.63  1.66  1.25  1.64
SKEW       .76  1.03   .31   .46   .48   .99   .98   .89   .73   .65   .54   .77
% SE      9.81  9.48  8.41  8.18  8.31  7.89  9.12  9.72  8.67  8.99  9.59 10.67
MEAN      3.44  3.46  3.40  3.41  3.52  3.39  3.56  3.64  3.41  3.21  2.92  3.26
STD DEV   2.01  1.87  1.72  1.67  1.72  1.66  1.75  1.82  1.66  1.58  1.52  1.82
SKEW      2.02  1.50  2.01  1.08   .99  1.20  1.16  1.12  1.07  1.20  1.42  1.29
% SSE    11.16  9.91  9.83  7.74  6.68  7.33  8.99 11.33  9.25  9.07  9.22  9.16
MEAN      4.63  4.48  4.66  4.38  4.31  4.31  4.21  4.61  4.11  4.19  3.83  4.23
STD DEV   2.68  2.41  2.63  2.34  2.14  2.20  1.99  2.14  1.94  2.17  2.09  2.39
SKEW      1.07  1.16  1.35  1.24  1.07  1.08   .85   .75   .95  1.10  1.23  1.21
% S      17.10 15.45 14.49 13.10 11.22 12.03 13.59 14.92 13.83 12.62 14.90 15.00
MEAN      4.61  4.38  4.74  4.71  4.55  4.47  4.29  4.69  4.40  4.37  4.24  4.27
STD DEV   2.44  2.07  2.36  2.29  2.22  2.08  1.90  2.10  1.96  2.04  1.98  2.18
SKEW      1.00   .97  1.03  1.07  1.02   .71   .80   .66   .60   .70   .80   .79
% SSW     3.02  3.21  3.61  4.29  3.88  3.86  3.75  4.43  4.03  3.07  2.88  2.74
MEAN      3.74  3.82  4.40  4.49  4.46  4.56  3.99  4.16  3.87  3.78  3.63  3.52
STD DEV   2.00  1.79  2.23  2.47  2.38  2.54  1.79  1.91  1.88  1.88  1.72  1.83
SKEW       .98   .79  1.07  1.02  1.08  1.00   .74   .80   .66   .89   .60   .84
% SW      3.31  3.64  4.33  5.58  5.49  5.54  5.24  5.04  4.82  3.52  3.49  3.00
MEAN      2.95  3.04  3.58  3.93  4.08  3.90  3.58  3.67  3.41  3.09  2.98  2.80
STD DEV   1.54  1.58  1.81  1.97  2.25  2.24  1.68  1.72  1.68  1.55  1.60  1.41
SKEW      1.34  1.57  1.20  1.01  1.16  1.49   .96   .93  1.01   .87  1.30  1.07
% WSW     1.18  1.45  2.33  3.01  2.64  2.80  2.58  2.53  2.40  2.06  1.48  1.48
MEAN      3.38  3.22  4.04  4.03  4.07  3.91  3.63  3.45  3.57  3.25  3.13  2.87
STD DEV   1.91  1.52  1.90  1.87  2.16  1.79  1.54  1.54  1.55  1.52  1.39  1.40
SKEW       .91   .80   .65   .65  1.77   .86   .56   .86   .72  1.22  1.18   .91
% W       3.15  3.39  4.19  5.38  5.47  5.01  4.72  4.05  4.37  3.72  2.81  3.29
MEAN      3.21  3.08  4.15  4.02  3.68  3.61  3.36  3.35  3.22  3.02  3.15  2.88
STD DEV   1.74  1.56  2.12  1.94  1.68  1.68  1.42  1.47  1.42  1.44  1.70  1.54
SKEW      1.16  1.12   .94   .90   .78   .91   .63   .84   .91  1.07  1.45  1.10
% WNW     1.98  2.03  2.82  3.65  3.21  2.96  2.69  2.49  2.65  2.94  1.82  1.94
MEAN      3.35  3.43  4.28  4.37  3.97  3.93  3.55  3.39  3.50  3.28  3.08  3.36
STD DEV   1.66  1.55  2.19  2.03  2.21  1.72  1.53  1.36  1.57  1.59  1.63  1.69
SKEW       .73   .79   .88   .86  2.14   .91   .81   .50   .78   .80  1.13   .78
% NW      5.46  6.93  7.08  8.22  8.43  7.65  5.69  4.20  5.73  6.44  6.00  5.91
MEAN      3.71  4.02  4.84  4.85  4.47  3.96  3.65  3.52  3.64  3.56  3.70  3.54
STD DEV   2.01  2.25  2.75  2.50  2.38  2.03  1.70  1.58  1.95  1.97  2.08  2.22
SKEW      1.08  1.14  1.86   .98  1.20  1.07   .81  1.02  1.40  1.18  1.03  1.35
% NNW     3.01  4.40  5.05  5.26  5.18  4.97  3.44  2.71  3.47  4.62  4.04  3.23
MEAN      3.98  4.65  5.08  5.22  4.73  4.42  3.70  3.71  3.82  4.02  4.09  4.09
STD DEV   2.32  2.26  2.65  2.70  2.44  2.29  1.68  1.68  1.95  2.28  2.25  2.36
SKEW      1.09   .61   .92   .95   .90   .93   .70   .96  1.04  1.07   .91   .95
CALM     20.53 16.69 13.57 11.99 11.74 11.09 11.18 11.18 13.05 15.66 19.91 24.02
                                                                                
INTERPOLATED DATA (station & weighting factor)                                  
                                                                                
---Wind Stations---                                                             
OGDEN/HILL    UT     .388  OGDEN         UT     .388  DUGWAY PG     UT     .225 
