 United States    Big Creek Summit                                              
 LATT=  44.63 LONG=-115.79 YEARS= 30. TYPE= 2
 ELEVATION = 6580. TP5 = 0.97 TP6= 2.45
 MEAN P    .46   .37   .34   .29   .27   .30   .23   .26   .26   .32   .36   .51
 S DEV P   .42   .35   .33   .29   .24   .30   .23   .22   .28   .33   .37   .49
 SKEW  P  1.66  2.01  2.58  3.23  1.88  2.84  2.74  1.99  4.31  2.72  2.57  1.76
 P(W/W)    .68   .71   .67   .64   .63   .51   .21   .28   .40   .57   .62   .66
 P(W/D)    .30   .28   .37   .36   .26   .18   .09   .09   .13   .20   .39   .32
 TMAX AV 29.11 32.51 39.56 45.78 55.41 66.59 78.41 77.62 68.41 52.15 36.19 27.82
 TMIN AV 17.57 19.27 24.51 27.38 31.75 39.85 47.20 46.68 40.30 31.44 20.75 15.02
 SD TMAX  6.31  7.15  6.92  7.57  8.77  9.16  7.21  7.01  8.83  9.81  8.01  7.64
 SD TMIN  8.96  9.28  7.31  5.83  5.55  6.19  5.67  5.32  6.54  7.99 10.88 10.97
 SOL.RAD  136.  215.  306.  427.  533.  613.  666.  565.  420.  262.  155.  115.
 SD SOL   41.7  61.3  86.9 120.5 136.7 141.8 102.4 100.6 101.0  83.6  48.5  32.7
 MX .5 P   .25   .19   .24   .27   .39   .41   .30   .23   .21   .24   .26   .38
 DEW PT  17.72 19.00 23.31 26.91 33.00 39.25 41.42 38.86 34.61 28.91 21.30 15.95
Time Pk   .270  .380  .480  .560  .640  .700  .760  .810  .870  .910  .950 1.000
% N       6.17  7.18  6.55  7.36  7.79  7.87  8.12  6.77  7.59  7.17  6.79  6.04
MEAN      2.89  2.83  3.13  3.19  3.33  3.53  3.39  3.16  3.03  2.91  2.51  2.57
STD DEV   1.44  1.39  1.55  1.56  1.64  1.73  1.56  1.55  1.43  1.41  1.11  1.26
SKEW      1.09  1.12   .84   .88   .98   .78   .70   .97   .95  1.12  1.02  1.15
% NNE     3.58  3.22  3.05  3.56  3.64  3.24  2.66  2.62  2.92  2.97  2.63  2.59
MEAN      2.85  2.78  2.89  2.56  2.86  3.13  2.74  2.45  2.74  2.81  2.45  2.31
STD DEV   1.56  1.52  1.40  1.13  1.37  1.59  1.36  1.03  1.34  1.45  1.20   .98
SKEW       .88   .77   .75   .65   .87  1.09  1.32   .93  1.23  1.04  1.06   .91
% NE      2.45  2.16  2.42  2.22  2.05  2.04  1.62  1.69  1.92  1.86  2.18  2.22
MEAN      2.52  2.12  2.53  2.50  2.76  2.56  2.39  2.11  2.46  2.59  2.33  2.16
STD DEV   1.45   .76  1.32  1.31  1.45  1.24  1.01   .81  1.10  1.40   .97   .93
SKEW      1.25   .42  1.06   .97   .93   .81   .85   .40   .96   .99   .75   .97
% ENE     2.06  1.75  1.65  1.83  1.42  1.21   .91   .91  1.25  1.47  1.84  1.92
MEAN      2.60  2.29  2.54  2.49  2.48  2.65  2.23  2.05  2.59  2.33  2.53  2.24
STD DEV   1.29  1.11  1.01  1.10  1.12  1.38   .80   .63  1.16   .86  1.18   .90
SKEW      1.28  1.44   .66   .81   .94   .96   .91   .01  1.12   .84   .88  1.13
% E       2.56  2.36  2.66  2.27  1.88  1.84  1.10  1.57  2.01  2.51  2.80  2.97
MEAN      2.29  2.24  2.52  2.55  2.23  2.03  2.22  2.00  2.40  2.38  2.31  2.21
STD DEV   1.06   .86  1.32  1.41   .94   .77   .84   .70  1.10  1.26  1.04   .89
SKEW      1.61   .87  1.08   .96   .72   .58   .71   .64   .84  1.10   .74   .75
% ESE     3.51  3.47  3.49  2.54  2.06  1.69  1.66  1.82  2.63  2.65  3.20  4.05
MEAN      2.52  2.49  2.79  2.44  2.33  2.28  2.20  2.10  2.27  2.32  2.58  2.44
STD DEV   1.33  1.04  1.38  1.22  1.00   .97   .68   .78   .90   .83  1.44  1.17
SKEW      2.30  1.36  1.21  1.78   .95   .95   .31   .89   .86   .79  1.99  1.74
% SE      5.38  5.15  4.98  3.64  2.70  2.49  2.10  3.11  3.78  4.43  5.11  5.27
MEAN      3.48  3.60  4.03  3.32  2.66  2.41  2.32  2.29  2.37  2.65  3.53  3.28
STD DEV   2.53  2.37  2.61  2.24  1.60  1.21   .97  1.34  1.29  1.53  2.48  2.33
SKEW      1.47  1.15   .90  1.27  2.05  1.36   .70  2.53  2.25  1.89  1.43  1.65
% SSE    11.30 10.02  9.06  7.85  4.37  3.16  3.46  4.44  4.98  7.05  9.97  9.75
MEAN      5.06  4.87  4.64  4.52  3.12  2.80  2.72  2.76  2.86  4.00  4.76  4.67
STD DEV   3.11  2.89  2.75  2.62  1.66  1.42  1.41  1.48  1.32  2.63  2.84  3.03
SKEW       .91   .74   .86  1.01  1.16  1.32  1.30  1.42   .84  1.41   .79   .94
% S       7.96  6.59  5.86  5.37  4.01  3.36  3.29  3.96  5.05  6.58  6.42  6.31
MEAN      4.35  3.97  4.41  4.23  3.37  2.56  2.79  3.27  3.07  4.34  4.49  4.34
STD DEV   2.64  2.37  2.48  2.18  1.98  1.15  1.44  1.69  1.65  2.71  2.67  2.78
SKEW       .84  1.05   .94   .68   .89   .67   .96   .56   .83  1.27  1.08  1.08
% SSW     4.73  4.09  4.08  3.19  2.22  2.21  2.16  2.39  2.63  3.44  3.63  3.50
MEAN      4.41  3.91  4.14  3.67  3.42  2.63  2.54  2.48  3.07  3.93  3.73  4.40
STD DEV   2.58  2.06  2.39  2.01  1.85  1.21  1.28  1.10  1.56  2.27  2.03  2.42
SKEW      1.23  1.12   .95  1.07   .58   .94  1.49   .82   .84  1.17  1.67   .86
% SW      3.44  3.13  3.54  2.78  2.79  2.52  2.36  2.61  2.39  2.79  3.08  3.13
MEAN      4.03  3.43  3.64  3.62  2.75  2.74  2.52  2.38  2.45  3.02  3.30  3.75
STD DEV   2.33  2.01  2.12  2.25  1.32  1.54  1.08  1.05  1.22  1.69  2.05  2.22
SKEW      1.17  1.12  1.10  1.22  1.05  1.73   .57   .72  1.28  1.15  1.46  1.19
% WSW     3.74  3.83  4.74  4.02  3.41  3.53  3.39  3.70  3.31  2.85  2.79  3.82
MEAN      3.92  3.84  4.12  3.80  3.27  3.15  3.04  2.84  3.04  3.44  3.68  4.00
STD DEV   2.34  1.88  2.26  2.03  1.63  1.57  1.40  1.25  1.61  1.74  2.00  2.11
SKEW      1.18   .98   .82  1.02  1.04   .91   .98   .76   .84  1.04  1.19   .93
% W       4.92  6.01  8.47  8.76 11.06 11.00  9.35  8.54  6.50  5.73  5.03  5.39
MEAN      3.40  3.55  4.14  4.06  3.82  3.67  3.45  3.34  3.27  3.32  3.44  3.55
STD DEV   1.94  1.89  2.22  2.18  2.02  1.91  1.75  1.71  1.79  1.84  2.00  2.12
SKEW      1.23  1.08   .73   .80   .81   .82   .83   .98  1.12  1.17  1.26  1.19
% WNW     3.62  4.85  7.08  9.16 11.08 11.95 10.60 10.37  7.99  5.18  4.00  3.79
MEAN      3.19  3.60  4.23  4.46  4.25  4.16  3.83  3.77  3.71  3.42  3.53  3.19
STD DEV   1.71  1.89  2.08  2.11  2.03  1.91  1.70  1.75  1.79  1.73  1.83  1.81
SKEW      1.05   .96   .79   .63   .68   .55   .69   .62   .76   .85  1.18  1.25
% NW      3.26  4.49  5.50  7.52  9.61 10.11 10.34  8.92  7.26  5.27  3.77  3.45
MEAN      2.92  3.14  3.65  3.86  3.97  3.79  3.74  3.57  3.46  3.35  2.77  2.79
STD DEV   1.62  1.69  1.86  1.97  1.92  1.77  1.69  1.60  1.69  1.65  1.48  1.54
SKEW      1.22  1.04   .74   .80   .53   .70   .59   .55   .80   .80  1.30  1.12
% NNW     5.37  6.36  6.85  9.35 11.55 13.20 14.48 12.36 11.27  7.27  5.95  4.64
MEAN      3.04  3.15  3.48  3.88  4.14  4.12  4.05  3.95  3.53  3.37  2.85  2.78
STD DEV   1.35  1.50  1.64  1.76  1.81  1.78  1.71  1.68  1.54  1.57  1.35  1.38
SKEW       .99  1.09   .67   .70   .52   .41   .37   .42   .67   .84  1.12  1.10
CALM     25.91 25.29 20.00 18.59 18.28 18.54 22.42 24.20 26.53 30.75 30.81 31.16
                                                                                
INTERPOLATED DATA (station & weighting factor)                                  
                                                                                
---Wind Stations---                                                             
KLAMATH FALLS OR     .405  MEDFORD       OR     .399  REDMOND       OR     .196 
