 United States    Bison Lake                                                    
 LATT=  39.76 LONG=-107.36 YEARS= 30. TYPE= 1
 ELEVATION =10880. TP5 = 3.09 TP6= 7.53
 MEAN P    .29   .28   .24   .27   .24   .22   .22   .21   .27   .28   .29   .30
 S DEV P   .28   .27   .23   .27   .22   .22   .23   .16   .26   .27   .27   .34
 SKEW  P  2.07  2.23  3.80  3.67  2.49  3.81  3.06  2.45  2.51  2.35  1.99  2.52
 P(W/W)    .65   .68   .67   .69   .63   .50   .47   .48   .52   .54   .64   .60
 P(W/D)    .39   .43   .42   .43   .30   .15   .20   .26   .25   .29   .29   .41
 TMAX AV 27.54 29.84 37.50 43.07 52.58 66.81 73.41 70.77 63.07 49.43 35.77 27.15
 TMIN AV 11.23 14.15 20.27 25.00 31.09 40.52 47.99 46.77 39.72 28.24 16.09  9.98
 SD TMAX  7.39  7.93  7.72  7.49  8.10  7.49  5.21  4.81  7.24  9.30  9.32  8.18
 SD TMIN  8.95  9.11  8.02  6.86  5.76  6.14  4.30  3.71  6.49  9.09 10.57  9.91
 SOL.RAD  205.  271.  373.  464.  558.  656.  604.  521.  439.  313.  219.  177.
 SD SOL   48.2  65.4  85.3 111.5 128.1 124.8 116.5 108.4  94.5  83.6  57.6  40.9
 MX .5 P   .29   .29   .27   .38   .55   .50   .64   .64   .51   .41   .34   .37
 DEW PT  11.16 12.98 17.42 21.96 27.97 31.94 38.95 39.18 32.08 23.12 15.19 10.36
Time Pk   .250  .360  .450  .530  .600  .670  .720  .790  .850  .900  .950 1.000
% N      11.09 12.99 14.15 14.57 15.09 12.60 16.35 16.01 14.36 13.99 13.17 14.27
MEAN      4.40  4.74  4.80  4.45  4.10  3.97  4.14  4.12  3.87  3.92  4.26  4.65
STD DEV   2.08  2.00  2.15  1.81  1.57  1.48  1.50  1.52  1.43  1.49  1.92  2.12
SKEW      1.09   .58   .71   .54   .50   .12   .22   .10   .22   .42   .93   .67
% NNE     5.66  7.27  7.44  8.39  7.98  8.73  9.14  8.86  7.89  7.57  7.06  6.91
MEAN      4.45  4.85  4.66  4.63  4.43  4.50  4.48  4.49  4.29  4.21  4.30  4.40
STD DEV   2.04  1.92  1.90  1.71  1.56  1.63  1.57  1.53  1.53  1.58  1.76  1.81
SKEW       .49   .22   .42   .18  -.14   .11   .02   .02   .02   .10   .27   .41
% NE      4.74  5.54  6.00  7.16  6.49  7.53  8.26  7.46  7.24  5.93  5.82  4.88
MEAN      3.39  4.04  3.86  4.04  4.14  4.11  4.12  3.95  3.85  3.51  3.57  3.75
STD DEV   1.43  1.67  1.58  1.72  1.67  1.73  1.68  1.60  1.58  1.42  1.58  1.67
SKEW       .91   .69   .59   .42   .30   .37   .15   .30   .47   .64   .82  1.06
% ENE     2.72  3.28  3.73  5.01  5.25  6.18  5.62  5.85  4.79  4.12  3.59  3.07
MEAN      3.60  3.95  3.85  4.02  3.91  4.03  3.91  3.88  3.78  3.49  3.74  3.59
STD DEV   1.28  1.43  1.25  1.30  1.28  1.44  1.26  1.18  1.33  1.15  1.38  1.25
SKEW       .73   .62   .31   .30   .51   .37   .40   .36   .60   .52   .59   .74
% E       4.16  4.34  5.16  5.25  6.34  6.83  5.48  5.22  4.52  4.52  4.18  3.76
MEAN      3.69  3.96  4.00  4.03  3.94  4.10  3.74  3.73  3.74  3.77  3.69  3.57
STD DEV   1.36  1.39  1.35  1.46  1.43  1.43  1.25  1.26  1.27  1.27  1.29  1.20
SKEW       .58   .50   .30   .52   .35   .30   .45   .47   .76   .24   .40   .36
% ESE     4.03  4.26  4.43  4.23  3.95  4.00  2.81  2.86  2.85  3.74  3.67  3.57
MEAN      4.25  4.45  4.32  4.47  3.98  4.32  3.80  3.29  3.80  3.92  3.85  4.11
STD DEV   1.44  1.41  1.39  1.55  1.26  1.50  1.23  1.26  1.17  1.29  1.35  1.46
SKEW       .31   .53   .05   .36  -.57   .25  -.58   .23  -.57   .22   .59   .56
% SE      4.47  3.80  3.62  2.89  2.08  2.26  1.36  1.79  1.68  2.68  3.03  3.43
MEAN      4.23  4.12  4.20  4.39  3.42  3.25  3.13  3.34  3.34  3.72  3.60  4.16
STD DEV   1.77  1.72  1.72  1.92  1.48  1.36  1.06  1.44  1.29  1.46  1.42  1.78
SKEW       .56   .55   .35   .47   .51   .56  -.22  -.04  -.20   .62   .88   .61
% SSE     3.70  2.45  2.22  1.69  1.21  1.21   .76  1.08  1.08  1.78  2.14  2.38
MEAN      4.50  3.89  4.12  3.43  3.04  2.68  2.64  2.48  2.98  3.28  3.76  4.02
STD DEV   2.14  1.68  1.92  1.43  1.08   .85   .73  1.20  1.02  1.23  1.71  1.74
SKEW       .61   .66   .64   .78   .50  -.36  -.39  1.10   .36   .71   .85   .75
% S       8.11  6.94  5.63  3.83  2.80  2.54  2.07  2.41  2.53  3.75  4.59  5.32
MEAN      3.97  3.62  3.51  3.53  3.00  2.82  2.76  3.61  3.16  3.15  3.56  3.70
STD DEV   1.92  1.47  1.48  1.44  1.10  1.00   .91  1.42  1.15  1.13  1.51  1.69
SKEW      1.26  1.03   .82   .98   .70   .48   .32   .73   .63   .67  1.01  1.37
% SSW     9.09  7.10  6.42  5.48  4.40  4.25  3.24  3.61  5.00  6.32  6.28  6.96
MEAN      3.47  3.40  3.32  2.88  3.20  3.23  3.24  1.97  3.05  3.28  3.09  3.29
STD DEV   1.18  1.18  1.12   .97  1.10   .59   .59   .63   .84   .98  1.08  1.14
SKEW       .23   .48   .29   .42   .38  -.53   .18   .59   .38   .18   .66   .42
% SW     13.69 12.39 11.43 10.08 10.07 10.63  9.04  8.97 12.02 12.63 12.25 13.61
MEAN      3.16  3.27  2.91  2.68  2.59  2.08  2.05  2.02  2.58  2.80  2.78  3.19
STD DEV   1.17  1.23   .95   .79   .63   .64   .65   .61   .62   .85   .87  1.01
SKEW       .40   .36   .32   .27  -.37   .25   .35   .20  -.43   .22   .32   .16
% WSW     8.78  8.49  9.10  9.66 10.55 11.91 11.43 11.55 12.46 11.65 11.54 10.12
MEAN      2.81  2.31  2.77  2.20  2.23  2.26  2.20  2.19  2.26  2.20  2.20  2.71
STD DEV    .75   .71   .69   .68   .66   .71   .68   .67   .65   .69   .70   .71
SKEW       .21   .30  -.53   .14   .21   .28   .24   .14   .15   .21   .26  -.56
% W       3.97  5.23  4.96  5.99  6.89  6.65  7.61  7.61  7.32  5.63  6.13  4.72
MEAN      2.83  3.00  2.87  2.82  3.07  2.87  2.65  2.75  2.77  2.85  2.97  2.84
STD DEV    .89  1.05   .83   .85  1.03   .84   .68   .70   .69   .86  1.02   .92
SKEW       .11   .44   .20   .23   .27   .22  -.50  -.56  -.56   .29   .25   .43
% WNW     1.39  1.86  1.86  2.10  2.68  1.83  2.28  2.61  2.08  1.87  1.95  1.97
MEAN      2.82  2.82  2.87  2.84  2.94  2.89  2.84  3.04  2.81  3.59  2.75  3.00
STD DEV    .99   .82   .94   .97   .89  1.07   .95   .95   .97  1.26   .95  1.04
SKEW       .39   .11   .02   .22   .02   .37   .26   .22   .55   .37   .31   .62
% NW      3.10  3.56  3.58  3.45  4.06  3.31  3.60  3.84  3.50  3.58  3.31  3.75
MEAN      3.01  3.47  3.31  3.13  3.22  3.04  3.18  3.15  3.12  2.96  3.08  3.33
STD DEV   1.24  1.37  1.25  1.24  1.28  1.14  1.28  1.26  1.15  1.06  1.30  1.44
SKEW       .73   .46   .42   .45   .43   .51   .44   .29   .35   .49   .92   .69
% NNW     3.98  4.47  4.51  4.99  5.48  4.78  6.23  5.68  5.55  4.30  4.46  4.83
MEAN      3.88  4.17  4.29  3.84  3.63  3.54  3.75  3.66  3.51  3.59  3.74  4.15
STD DEV   1.89  1.68  1.77  1.58  1.32  1.38  1.31  1.47  1.26  1.36  1.72  2.01
SKEW      1.17   .57   .62   .66   .40   .49   .16  1.00   .26   .44  1.05   .73
CALM      7.35  6.09  5.73  5.10  4.73  4.74  4.77  4.57  5.03  5.99  6.84  6.48
                                                                                
INTERPOLATED DATA (station & weighting factor)                                  
                                                                                
---Wind Stations---                                                             
HILO          HI     .752  PUUNENE MAUI  HI     .248                       .000 
