 Australia    Murrays Bridge Alert                                              
 LATT= -28.29 LONG= 152.11 YEARS= 10. TYPE= 3
 ELEVATION = 1506. TP5 = 2.73 TP6= 6.72
 MEAN P    .50   .36   .42   .33   .29   .25   .22   .33   .25   .26   .34   .35
 S DEV P   .52   .52   .57   .44   .31   .44   .28   .39   .30   .29   .40   .39
 SKEW  P  1.26  3.82  2.28  1.79  2.33  4.41  1.79  2.07  2.02  1.99  1.86  2.10
 P(W/W)    .39   .45   .43   .26   .24   .37   .26   .33   .37   .45   .46   .46
 P(W/D)    .16   .17   .19   .09   .10   .12   .11   .09   .14   .19   .15   .20
 TMAX AV 84.82 82.65 79.49 74.37 68.43 62.77 63.42 66.19 72.06 75.97 80.94 82.44
 TMIN AV 64.04 63.24 61.34 54.31 46.67 43.67 41.26 41.23 47.55 53.34 58.51 61.45
 SD TMAX  6.56  6.85  5.54  5.07  5.08  4.44  4.76  5.23  6.37  7.56  6.41  6.95
 SD TMIN  4.07  3.69  4.06  4.96  6.63  6.69  7.18  6.41  6.27  5.74  5.09  4.69
 SOL.RAD  571.  522.  443.  385.  311.  257.  290.  382.  463.  524.  580.  579.
 SD SOL  150.8 132.3 120.4  89.1  80.4  72.8  81.8  79.3 100.3 133.0 127.9 151.5
 MX .5 P   .99   .73   .81   .42   .37   .34   .32   .30   .43   .57   .65   .75
 DEW PT  59.98 59.89 59.20 52.76 45.46 43.44 39.91 37.95 43.09 49.36 53.34 57.44
Time Pk   .200  .310  .400  .480  .560  .650  .720  .780  .840  .900  .960 1.000
% N       0.99  0.99  2.96  4.96  6.30  6.15  6.27  6.38  5.38  4.23  2.89  1.14
MEAN      3.90  3.74  3.97  4.63  4.97  5.01  4.74  5.15  5.47  5.17  4.74  3.48
STD DEV   1.74  1.59  1.80  2.04  2.26  2.26  2.02  2.09  2.33  2.18  2.16  1.71
SKEW      0.34  0.52  0.50  0.53  0.47  0.72  0.47  0.42  0.40  0.34  0.49  0.76
% NNE     1.24  1.70  4.29  4.53  5.69  4.68  5.13  5.35  4.93  5.17  3.07  1.46
MEAN      4.36  3.81  4.67  4.95  5.31  5.06  5.03  5.06  5.36  5.49  4.97  4.33
STD DEV   1.71  1.57  1.92  1.96  2.01  1.91  2.13  2.00  2.20  2.04  2.10  1.79
SKEW      0.27  0.50  0.32  0.44  0.18  0.42  0.51  0.43  0.48  0.26  0.45  0.19
% NE      1.82  2.79  5.60  4.44  4.86  4.02  4.85  4.92  4.79  4.95  3.30  2.43
MEAN      3.97  3.78  4.14  4.16  4.41  4.11  4.40  4.55  4.62  4.79  4.34  4.31
STD DEV   1.69  1.61  1.75  1.71  1.80  1.61  1.73  1.79  1.93  2.01  2.02  1.81
SKEW      0.45  0.77  0.42  0.43  0.48  0.55  0.37  0.31  0.30  0.43  0.78  0.67
% ENE     2.51  3.36  7.10  4.71  3.86  2.85  4.07  5.67  5.29  5.23  4.51  3.63
MEAN      3.80  3.95  4.07  3.95  3.95  3.74  4.01  4.12  4.42  4.37  4.10  4.25
STD DEV   1.69  1.54  1.56  1.50  1.55  1.39  1.49  1.50  1.66  1.83  1.69  1.78
SKEW      0.69  0.73  0.40  0.56  0.40  0.65  0.45  0.43  0.54  0.70  0.57  0.64
% E       3.87  5.46  7.67  4.36  3.13  2.12  2.93  4.46  4.90  4.51  5.09  4.85
MEAN      3.88  3.83  3.78  3.51  3.69  3.69  3.45  3.75  4.02  3.88  3.93  3.93
STD DEV   1.65  1.49  1.45  1.33  1.31  1.59  1.31  1.34  1.47  1.58  1.62  1.56
SKEW      0.95  0.62  0.55  0.41  0.39  0.68  0.46  0.62  0.24  0.67  0.71  0.74
% ESE     4.89  5.71  5.72  3.42  1.79  1.38  1.55  2.67  3.18  3.97  5.27  5.60
MEAN      4.06  4.10  4.03  3.90  3.69  3.56  3.36  3.93  4.03  4.38  4.37  4.24
STD DEV   1.48  1.44  1.46  1.51  1.35  1.25  1.07  1.29  1.54  1.71  1.77  1.53
SKEW      0.33  0.32  0.48  0.58  0.41  0.38  0.08  0.55  0.62  0.46  0.67  0.48
% SE     12.09 10.90  7.95  5.79  2.99  2.70  2.34  3.86  4.93  7.62 10.61 13.48
MEAN      4.47  4.08  3.98  3.90  3.74  3.78  3.56  4.30  4.45  4.84  5.11  4.85
STD DEV   1.65  1.47  1.47  1.47  1.53  1.56  1.47  1.93  1.85  1.99  2.13  1.86
SKEW      0.41  0.33  0.34  0.34  0.46  0.83  0.43  0.73  0.33  0.50  0.64  0.42
% SSE    21.39 14.16  9.18  8.21  4.95  3.30  3.71  5.38  7.75 12.69 17.36 21.04
MEAN      4.93  4.46  4.34  4.59  4.56  4.60  4.57  5.31  5.45  5.75  5.66  5.40
STD DEV   1.76  1.51  1.55  1.70  1.81  1.95  1.89  2.22  2.10  2.24  2.07  1.95
SKEW      0.37  0.31  0.33  0.39  0.58  0.57  0.50  0.44  0.46  0.40  0.23  0.37
% S      19.79 16.24 11.31 11.04  8.46  7.01  7.44  7.10 10.42 12.94 15.56 19.47
MEAN      4.54  4.14  4.22  4.55  4.70  4.56  4.66  4.88  5.22  5.47  5.21  5.15
STD DEV   1.68  1.53  1.63  1.82  1.93  1.97  1.98  1.99  2.08  2.18  1.93  1.86
SKEW      0.42  0.41  0.51  0.54  0.50  0.58  0.39  0.33  0.36  0.39  0.31  0.28
% SSW    10.77 10.61  7.48  8.26  7.96  7.51  8.19  7.04  8.59  8.32  8.50  9.80
MEAN      4.30  4.17  4.36  4.57  4.86  4.81  5.00  5.27  5.30  5.35  4.92  5.07
STD DEV   1.55  1.50  1.69  1.75  1.87  1.83  1.95  2.06  2.04  2.00  1.88  1.80
SKEW      0.19  0.29  0.31  0.33  0.44  0.28  0.31  0.32  0.36  0.27  0.37  0.34
% SW      3.91  5.44  4.00  4.96  6.72  7.88  8.08  6.09  5.44  4.39  3.72  2.74
MEAN      3.70  3.68  3.70  3.79  4.13  4.19  4.46  4.58  4.68  4.78  4.18  4.01
STD DEV   1.33  1.47  1.65  1.69  1.72  1.86  1.81  1.98  2.01  1.95  1.79  1.68
SKEW      0.36  0.46  0.51  0.52  0.48  0.70  0.39  0.43  0.46  0.30  0.61  0.50
% WSW     1.51  1.88  1.75  2.96  5.86  7.87  7.10  5.79  4.05  3.10  1.76  0.87
MEAN      3.08  3.35  3.16  3.45  3.87  4.03  4.22  4.46  4.45  4.47  3.81  3.68
STD DEV   1.06  1.29  1.37  1.61  1.62  1.70  1.87  2.13  1.97  2.12  1.69  1.53
SKEW      0.23  0.37  0.66  0.81  0.71  0.73  0.91  0.69  0.63  0.70  0.57  0.45
% W       0.77  1.31  1.57  2.90  5.46  7.75  6.71  6.16  5.01  3.14  1.70  0.72
MEAN      2.80  2.85  2.80  2.91  3.54  3.81  4.03  4.69  5.08  4.73  3.51  3.38
STD DEV   1.01  1.22  1.26  1.36  1.81  1.86  2.17  2.58  2.87  2.72  1.82  1.59
SKEW      0.25  0.80  0.98  1.02  1.37  1.30  1.45  1.20  0.88  1.00  0.94  0.66
% WNW     0.49  0.62  0.80  1.90  3.77  5.16  5.05  4.36  4.85  2.68  1.59  0.41
MEAN      2.82  2.75  2.90  3.36  4.06  4.13  4.53  4.90  5.91  4.57  3.80  3.20
STD DEV   1.08  1.15  1.20  1.77  2.18  2.16  2.40  2.61  3.12  2.24  1.78  1.56
SKEW      0.33  0.38  0.45  1.04  1.06  1.10  1.03  0.84  0.59  0.62  0.49  0.20
% NW      0.49  0.72  1.07  1.95  3.35  4.59  4.34  4.36  3.80  2.73  1.50  0.69
MEAN      2.98  2.66  2.75  3.44  3.87  4.14  4.78  4.68  5.21  4.46  4.00  3.46
STD DEV   1.25  1.00  1.43  1.60  2.01  2.12  2.30  2.04  2.73  2.10  1.82  1.67
SKEW      0.09  0.22  1.65  1.24  1.03  0.85  0.69  0.54  0.59  0.80  0.46  1.06
% NNW     0.64  0.57  1.48  2.55  4.01  4.79  4.62  4.75  3.89  3.19  1.84  0.77
MEAN      3.33  3.28  3.49  4.15  4.86  5.11  5.43  5.46  5.78  5.17  4.50  3.97
STD DEV   1.18  1.45  1.61  1.67  2.03  2.17  2.36  2.23  2.63  2.21  2.07  1.57
SKEW      0.30  1.49  0.60  0.43  0.40  0.53  0.50  0.33  0.36  0.53  0.52  0.35
CALM     12.84 17.63 20.08 23.00 20.84 20.37 17.66 15.73 12.79 11.12 11.73 10.81
                                                                                
INTERPOLATED DATA (station & weighting factor)                                  
                                                                                
---Wind Stations---                                                             
JUNCTION      TX     .543  SAN ANGELO    TX     .231  FT HOOD       TX     .226 
