 Australia    Corryong Airport                                                  
 LATT= -36.18 LONG= 147.89 YEARS= 10. TYPE= 3
 ELEVATION =  948. TP5 = 2.46 TP6= 5.08
 MEAN P    .33   .40   .38   .22   .23   .17   .19   .24   .26   .30   .38   .31
 S DEV P   .39   .64   .71   .30   .34   .22   .28   .31   .43   .42   .45   .41
 SKEW  P  1.92  2.59  4.50  2.75  2.78  2.09  2.91  2.52  2.73  2.85  1.79  2.12
 P(W/W)    .45   .46   .45   .60   .57   .71   .65   .64   .52   .48   .55   .51
 P(W/D)    .16   .20   .21   .14   .27   .29   .40   .32   .26   .20   .18   .20
 TMAX AV 84.29 81.03 75.56 67.51 57.61 51.61 50.16 52.60 59.38 67.69 73.22 78.96
 TMIN AV 58.05 56.43 51.89 44.49 37.83 33.79 34.10 34.11 37.09 42.73 48.74 53.64
 SD TMAX  8.31  6.83  7.17  6.37  5.44  4.01  3.94  5.28  5.97  7.70  8.00  8.26
 SD TMIN  6.29  5.81  6.29  6.06  6.56  6.47  6.20  5.64  6.48  6.54  6.92  6.45
 SOL.RAD  594.  519.  429.  313.  213.  172.  175.  250.  361.  474.  546.  591.
 SD SOL  154.3 140.2 122.9  95.1  78.6  66.0  69.1  93.3 116.4 136.9 151.3 161.4
 MX .5 P   .82   .69   .66   .23   .43   .17   .32   .30   .44   .35   .62   .70
 DEW PT  54.54 54.59 51.87 47.18 41.45 37.99 37.46 37.34 40.53 45.09 48.57 51.39
Time Pk   .200  .310  .400  .480  .560  .650  .720  .780  .840  .900  .960 1.000
% N       7.00  8.79  9.63 10.38  9.40  9.83 11.38 10.29  8.54  8.08  7.71  7.84
MEAN      3.03  2.98  3.15  3.60  3.63  3.67  3.99  3.91  3.90  3.94  3.41  3.11
STD DEV   1.36  1.28  1.42  1.69  1.58  1.63  1.77  1.66  1.71  1.75  1.58  1.41
SKEW      1.03  0.82  1.03  0.74  0.58  0.63  0.61  0.56  0.50  0.63  0.90  1.03
% NNE     5.24  7.12  9.03  8.14  7.05  7.57  8.01  8.14  6.94  6.26  6.41  5.79
MEAN      3.09  3.11  3.36  3.47  3.51  3.45  3.77  3.68  3.61  3.83  3.48  3.15
STD DEV   1.25  1.35  1.46  1.48  1.41  1.52  1.65  1.61  1.53  1.70  1.53  1.34
SKEW      0.78  1.04  0.91  0.65  0.53  0.87  0.66  0.74  0.60  0.62  0.70  0.94
% NE      6.10  8.23 10.45  9.47  7.74  8.09  7.43  7.70  7.15  6.59  7.42  6.68
MEAN      2.92  2.96  3.14  3.17  3.03  3.07  3.18  3.30  3.28  3.32  3.14  2.96
STD DEV   1.19  1.24  1.34  1.39  1.23  1.34  1.39  1.41  1.39  1.46  1.36  1.18
SKEW      0.90  0.97  0.89  1.12  1.02  0.99  0.93  1.01  0.78  0.86  0.98  1.00
% ENE     3.96  4.51  5.30  4.85  3.84  3.47  3.46  3.16  3.33  2.97  3.92  4.39
MEAN      2.87  2.78  2.78  2.96  2.70  2.68  2.69  2.88  2.96  3.06  3.07  2.76
STD DEV   1.23  1.16  1.17  1.44  1.06  1.12  1.04  1.18  1.17  1.34  1.40  1.16
SKEW      1.14  0.99  0.97  1.58  1.01  1.16  0.68  0.96  0.77  1.35  1.17  1.16
% E       3.05  3.30  3.90  3.46  2.50  2.22  1.82  1.87  2.07  2.03  2.58  2.91
MEAN      2.65  2.58  2.57  2.63  2.36  2.29  2.34  2.40  2.59  2.79  2.62  2.66
STD DEV   1.12  1.09  1.06  1.25  0.87  0.94  0.87  0.85  1.07  1.24  1.01  1.05
SKEW      1.05  1.05  1.04  1.33  0.99  1.34  1.22  0.93  1.21  1.03  0.86  0.98
% ESE     2.53  2.19  2.87  2.16  1.52  1.78  1.57  1.46  1.69  1.60  1.94  2.09
MEAN      2.69  2.52  2.81  2.70  2.37  2.39  2.39  2.70  2.84  2.75  2.74  2.65
STD DEV   1.17  0.96  1.13  1.13  0.84  0.91  0.89  1.02  1.14  1.00  1.06  0.98
SKEW      1.28  0.91  0.85  1.09  0.79  0.81  0.91  0.53  0.79  0.57  0.57  0.81
% SE      3.91  3.48  3.55  3.21  2.57  2.98  2.54  2.84  2.90  2.87  3.17  3.53
MEAN      2.81  2.67  2.67  2.88  2.77  2.88  2.67  3.11  3.09  3.06  2.86  2.77
STD DEV   1.18  1.15  1.07  1.35  1.38  1.40  1.10  1.82  1.43  1.35  1.26  1.21
SKEW      1.15  1.35  1.47  1.68  1.74  1.57  0.88  1.88  1.04  0.75  1.26  1.47
% SSE     4.27  3.45  3.65  3.13  3.01  3.25  3.05  3.23  3.53  3.88  3.78  3.95
MEAN      2.88  2.85  3.05  2.94  3.38  3.08  3.20  3.88  3.87  3.80  3.12  3.04
STD DEV   1.17  1.11  1.25  1.15  1.65  1.26  1.36  2.02  1.73  1.77  1.27  1.27
SKEW      0.88  0.80  0.83  0.73  1.05  1.04  0.87  0.75  0.52  0.65  0.75  0.83
% S       8.47  6.48  6.41  5.57  7.21  7.35  8.14  7.58  8.54  9.73  8.56  7.45
MEAN      2.86  2.78  3.00  3.11  3.47  3.66  3.69  3.92  4.24  4.03  3.24  2.96
STD DEV   1.17  1.18  1.26  1.52  1.84  2.01  1.84  2.11  2.12  1.88  1.41  1.35
SKEW      1.10  1.03  0.88  0.99  1.09  0.99  0.94  0.91  0.77  0.84  0.99  1.16
% SSW     6.75  4.95  4.00  3.53  4.56  5.56  6.06  5.28  6.25  7.18  5.90  5.49
MEAN      3.14  3.07  3.13  3.07  3.98  3.79  3.85  4.04  4.45  4.21  3.52  3.25
STD DEV   1.32  1.36  1.41  1.35  2.08  1.92  1.87  1.98  2.13  1.97  1.60  1.44
SKEW      0.77  0.98  0.91  0.83  0.91  0.83  0.70  0.71  0.71  0.73  0.90  0.99
% SW      8.19  6.33  4.27  4.28  6.17  6.67  6.49  6.54  7.36  8.99  7.27  7.36
MEAN      3.24  3.12  3.05  3.27  3.70  4.11  4.05  4.26  4.40  4.53  3.76  3.39
STD DEV   1.44  1.47  1.40  1.68  1.86  2.13  2.11  2.21  2.23  2.26  1.82  1.57
SKEW      0.89  1.02  0.98  1.13  1.00  0.85  0.98  0.82  0.78  0.66  0.87  1.00
% WSW     7.31  5.55  3.80  4.12  5.62  6.54  6.73  7.15  7.79  7.56  6.77  7.16
MEAN      3.38  3.20  3.36  3.40  3.82  4.01  4.25  4.60  4.81  4.72  3.85  3.57
STD DEV   1.50  1.46  1.71  1.72  1.89  1.95  2.18  2.41  2.40  2.35  1.77  1.56
SKEW      0.73  0.80  1.07  0.95  0.76  0.86  0.94  0.68  0.69  0.58  0.65  0.68
% W       6.32  5.30  3.80  4.11  6.40  5.92  6.60  7.18  7.59  6.60  6.64  6.78
MEAN      3.21  2.98  2.90  3.18  3.97  4.02  4.08  4.43  4.77  4.55  3.71  3.39
STD DEV   1.45  1.35  1.29  1.58  1.99  1.96  2.03  2.14  2.36  2.34  1.72  1.58
SKEW      0.94  0.98  1.01  0.93  0.70  0.67  0.88  0.63  0.57  0.71  0.80  0.94
% WNW     3.62  3.11  2.56  2.91  4.60  4.55  4.70  5.31  5.19  4.80  3.95  4.03
MEAN      3.26  3.08  2.96  3.26  4.27  4.45  4.47  4.56  5.02  4.83  3.96  3.51
STD DEV   1.51  1.39  1.31  1.56  2.02  1.99  2.04  2.05  2.24  2.27  1.76  1.58
SKEW      1.40  0.77  1.00  0.77  0.44  0.35  0.51  0.39  0.34  0.49  0.53  0.87
% NW      4.02  3.99  3.20  3.52  5.20  4.50  4.16  5.03  5.31  4.23  3.77  4.29
MEAN      3.02  2.80  2.80  3.15  3.88  3.94  3.93  4.24  4.42  4.26  3.52  3.15
STD DEV   1.34  1.20  1.26  1.53  1.97  1.89  1.85  2.02  2.10  1.99  1.77  1.42
SKEW      0.99  0.91  0.90  1.06  0.91  0.79  0.64  0.74  0.61  0.51  0.92  0.86
% NNW     3.56  4.16  4.09  4.73  5.55  5.31  5.71  6.00  5.74  4.90  4.06  4.10
MEAN      2.95  2.82  3.01  3.46  3.84  4.02  4.08  4.08  4.24  3.99  3.53  3.10
STD DEV   1.31  1.15  1.35  1.65  1.72  1.76  1.77  1.72  1.86  1.67  1.54  1.45
SKEW      1.07  0.86  0.86  0.86  0.90  0.47  0.55  0.51  0.53  0.44  0.68  1.14
CALM     15.63 19.04 19.57 22.33 17.05 14.37 12.08 11.22 10.06 11.72 16.23 16.07
                                                                                
INTERPOLATED DATA (station & weighting factor)                                  
                                                                                
---Wind Stations---                                                             
KNOXVILLE/MUN.TN     .402  CHATTANOOGA   TN     .388  ROME/RUSSEL   GA     .210 
