 Australia    Hopetoun North                                                    
 LATT= -33.93 LONG= 120.13 YEARS= 10. TYPE= 4
 ELEVATION =  102. TP5 = 2.80 TP6= 7.17
 MEAN P    .20   .23   .20   .11   .22   .17   .19   .18   .20   .19   .18   .19
 S DEV P   .25   .39   .33   .18   .33   .16   .23   .22   .32   .26   .21   .33
 SKEW  P  2.08  2.37  4.12  4.00  3.11  1.31  2.52  2.48  3.93  2.13  2.50  3.11
 P(W/W)    .32   .41   .34   .34   .49   .54   .54   .54   .47   .48   .38   .47
 P(W/D)    .08   .15   .22   .21   .20   .26   .38   .30   .34   .20   .19   .11
 TMAX AV 81.82 80.42 77.44 74.40 67.15 63.29 61.31 63.48 67.10 72.53 75.72 78.72
 TMIN AV 60.04 60.63 58.98 55.77 50.50 47.63 46.09 46.87 47.72 51.50 54.43 57.20
 SD TMAX 10.29  9.33  8.43  7.58  5.65  5.03  4.97  6.21  7.90  9.05  9.45 10.07
 SD TMIN  4.96  4.16  4.95  5.41  4.54  4.05  3.83  4.54  4.82  5.43  5.34  4.72
 SOL.RAD  592.  504.  406.  315.  243.  200.  215.  300.  394.  492.  554.  590.
 SD SOL  140.1 125.6 118.8  87.8  64.1  55.8  60.9  76.4  92.5 123.1 132.1 146.0
 MX .5 P   .26   .46   .38   .23   .26   .23   .29   .26   .28   .33   .40   .32
 DEW PT  55.18 56.47 55.37 52.14 47.52 45.33 44.18 44.38 45.04 47.81 49.97 52.73
Time Pk   .120  .220  .320  .400  .480  .570  .650  .740  .820  .890  .960 1.000
% N       3.64  6.30  9.40  9.97  8.18  9.64  9.64  9.83  7.18  5.85  4.68  4.20
MEAN      2.94  2.89  3.32  3.33  3.83  4.01  4.02  3.89  4.00  4.09  3.34  3.04
STD DEV   1.49  1.14  1.53  1.44  1.81  1.63  1.58  1.63  1.75  1.74  1.58  1.27
SKEW      1.38  0.70  0.94  0.88  0.64  0.57  0.40  0.43  0.72  0.66  1.19  0.44
% NNE     2.50  4.23  9.71  7.44  4.04  6.98  7.68  7.20  6.10  4.68  3.60  3.14
MEAN      3.56  3.29  3.69  3.53  4.10  4.34  4.27  4.21  4.08  4.19  3.70  3.12
STD DEV   1.43  1.36  1.56  1.53  1.89  1.68  1.60  1.71  1.65  1.73  1.63  1.53
SKEW      0.49  0.63  0.63  0.69  0.47  0.25  0.53  0.71  0.51  0.60  0.91  1.38
% NE      3.52  4.26 10.18  6.15  4.42  5.25  5.54  6.35  5.79  4.67  3.93  3.47
MEAN      3.47  2.87  3.54  3.27  3.34  3.65  3.85  3.67  3.71  3.86  3.41  3.32
STD DEV   1.35  1.15  1.56  1.68  1.42  1.31  1.51  1.57  1.46  1.60  1.53  1.50
SKEW      0.70  0.47  0.65  1.35  0.76  0.86  0.75  0.78  0.61  0.62  0.85  1.25
% ENE     2.38  3.28  7.66  4.38  1.79  2.56  2.34  4.08  3.54  2.46  2.54  3.04
MEAN      3.24  3.07  3.71  3.33  3.06  3.44  3.63  3.04  3.54  3.34  3.26  3.46
STD DEV   1.33  1.54  1.53  1.53  1.06  1.22  1.33  1.14  1.25  1.44  1.30  1.85
SKEW      0.69  1.88  0.62  0.92  0.65  0.50  0.28  0.84  0.46  0.71  1.37  1.31
% E       5.99  5.82  7.01  5.48  4.00  4.31  3.03  3.93  4.36  3.02  3.09  5.03
MEAN      2.99  2.85  3.10  3.24  2.67  3.20  3.25  3.41  3.45  3.27  3.16  3.06
STD DEV   1.16  1.13  1.25  1.34  0.92  1.26  1.35  1.37  1.44  1.42  1.27  1.31
SKEW      0.69  0.95  0.88  0.64  0.36  0.57  0.56  0.92  0.52  0.71  0.66  0.89
% ESE     6.32  5.16  6.39  8.06  3.08 11.18  4.84  6.91  7.24  6.09  7.15  6.36
MEAN      3.07  2.91  3.12  3.41  3.06  3.57  3.49  3.44  3.71  3.37  3.11  3.17
STD DEV   1.30  1.24  1.23  1.54  1.23  1.35  1.40  1.41  1.52  1.43  1.31  1.28
SKEW      0.99  0.51  0.77  1.09  1.15  0.57  0.65  0.80  0.65  0.64  0.87  0.70
% SE      8.35  6.55  6.59 10.48  6.43 10.61  8.76  6.47  7.85  8.38  9.40 10.85
MEAN      2.85  2.73  2.79  3.34  3.39  3.68  3.40  3.63  3.62  3.46  3.26  2.96
STD DEV   1.17  1.11  1.11  1.67  1.46  1.43  1.41  1.48  1.61  1.48  1.42  1.28
SKEW      1.03  1.22  1.19  1.53  1.39  0.65  0.82  0.88  0.84  0.87  1.03  0.97
% SSE     5.71  3.07  2.75  3.19  3.82  6.22 10.78  7.21  6.98  7.83  8.30  6.40
MEAN      2.89  2.84  3.07  3.67  3.39  4.38  4.01  4.00  4.29  3.85  3.63  3.19
STD DEV   1.11  1.20  1.31  1.54  1.27  1.65  1.56  1.72  1.81  1.72  1.47  1.28
SKEW      1.09  1.36  1.61  0.67  0.25  0.61  0.70  0.79  0.63  0.72  0.78  0.70
% S       7.09  5.62  3.45  3.79  6.46  7.29  8.79  6.73  6.50 10.51  9.27  7.64
MEAN      2.75  2.57  2.93  3.29  3.52  4.08  3.85  3.69  4.37  3.88  3.24  3.21
STD DEV   1.05  0.88  1.09  1.29  1.38  1.34  1.50  1.63  1.89  1.87  1.32  1.31
SKEW      1.09  0.65  0.97  0.55  0.63  0.93  0.41  0.52  0.60  1.08  0.71  1.11
% SSW     6.60  3.35  2.20  2.35  7.40  3.64  6.76  6.43  8.94  9.07  9.48  7.18
MEAN      3.06  3.07  3.14  3.59  4.14  4.14  4.34  4.65  4.47  3.98  3.59  3.48
STD DEV   1.09  1.24  1.28  1.67  1.90  1.83  1.80  2.02  1.80  1.62  1.43  1.42
SKEW      0.65  0.97  0.37  0.86  0.89  0.55  0.55  0.37  0.52  0.87  0.77  0.74
% SW      9.82  7.39  2.72  3.21  6.72  4.02  3.89  4.38  4.88  5.09  6.58  7.02
MEAN      3.03  2.99  2.64  3.22  3.81  3.06  3.75  4.16  4.17  3.81  3.42  3.39
STD DEV   1.12  1.19  0.77  1.44  1.57  1.22  1.90  2.03  1.78  1.74  1.49  1.32
SKEW      0.99  0.74  0.44  1.40  0.31  1.30  0.70  1.01  0.69  0.75  0.93  0.76
% WSW     4.47  3.20  1.56  0.99  4.06  2.40  2.42  2.84  2.59  3.41  4.21  3.62
MEAN      3.17  3.33  3.03  2.97  3.43  3.38  3.79  4.32  3.94  3.94  3.31  3.40
STD DEV   1.11  1.34  1.12  1.09  1.33  1.43  1.61  1.90  1.78  1.61  1.21  1.40
SKEW      0.43  1.28  0.28  0.93  0.61  0.51  0.56  0.43  0.61  0.57  0.60  0.88
% W       5.01  4.98  1.26  1.95  4.02  3.12  2.50  2.68  3.10  3.19  2.61  4.95
MEAN      2.90  2.72  2.83  3.49  3.15  3.28  3.47  3.61  4.16  3.56  3.23  3.17
STD DEV   1.06  1.04  0.99  1.61  1.36  1.32  1.45  1.59  1.92  1.66  1.29  1.20
SKEW      0.77  0.68  0.74  0.74  0.70  0.47  1.15  0.92  0.75  0.85  0.72  0.69
% WNW     3.27  3.53  1.71  2.06  3.88  2.71  3.23  3.66  4.13  3.13  2.20  3.26
MEAN      2.98  2.84  2.68  3.17  3.65  4.35  3.68  3.94  4.85  4.10  3.24  3.12
STD DEV   1.25  0.98  0.95  1.13  1.44  1.81  1.50  1.75  2.15  1.79  1.27  1.21
SKEW      1.10  0.77  0.63  1.98  0.64  0.58  0.52  0.65  0.72  1.06  0.60  0.73
% NW      3.43  6.52  3.84  5.97  7.83  5.29  6.19  5.52  6.84  4.98  3.42  3.89
MEAN      2.55  2.73  2.77  3.14  3.70  3.85  3.82  3.97  4.19  3.67  3.23  3.01
STD DEV   0.90  1.16  1.17  1.38  1.63  1.73  1.49  1.76  1.83  1.60  1.36  1.30
SKEW      1.03  1.08  1.33  1.37  0.56  0.98  0.67  0.66  0.72  0.91  0.59  1.02
% NNW     1.38  3.08  3.80  5.84  6.54  3.76  5.44  6.00  4.81  4.96  2.37  2.47
MEAN      2.80  2.90  3.07  3.47  3.88  3.86  4.10  3.98  4.26  3.64  3.49  3.10
STD DEV   1.01  1.14  1.11  1.43  1.51  1.62  1.56  1.57  1.96  1.56  1.51  1.25
SKEW      0.39  0.74  0.70  0.89  0.50  0.61  0.35  0.65  1.02  0.79  1.08  0.64
CALM     20.55 23.64 19.82 18.68 17.31 11.10  8.05  9.74  9.12 12.69 17.19 17.46
                                                                                
INTERPOLATED DATA (station & weighting factor)                                  
                                                                                
---Wind Stations---                                                             
VICKSBURG     MS     .392  GREENVILLE    MS     .346  MONROE        LA     .262 
