 Australia    Peacock Siding Alert                                              
 LATT= -18.68 LONG= 146.00 YEARS= 10. TYPE= 3
 ELEVATION =  128. TP5 = 3.01 TP6= 7.30
 MEAN P    .67   .85   .87   .32   .21   .17   .20   .13   .21   .40   .37   .64
 S DEV P   .99  1.12  1.21   .74   .36   .22   .30   .15   .21   .82   .78  1.16
 SKEW  P  3.44  3.03  2.33  7.52  5.32  2.94  2.71  2.61  1.84  4.07  5.17  3.59
 P(W/W)    .71   .81   .75   .63   .42   .37   .47   .45   .49   .51   .55   .64
 P(W/D)    .30   .29   .32   .30   .20   .16   .11   .07   .07   .11   .18   .18
 TMAX AV 84.74 84.71 82.02 78.75 74.60 71.35 71.04 73.91 78.24 80.94 83.58 85.42
 TMIN AV 70.15 69.85 68.97 64.78 60.06 55.16 54.86 54.32 58.88 62.79 66.43 68.79
 SD TMAX  5.15  5.54  4.44  3.61  3.92  3.66  3.32  4.06  4.73  5.34  4.85  4.96
 SD TMIN  2.29  2.44  2.72  3.83  5.28  6.53  6.44  5.89  5.01  3.51  2.91  2.52
 SOL.RAD  568.  562.  493.  464.  387.  345.  366.  483.  567.  624.  651.  635.
 SD SOL  154.4 143.8 141.8 122.4 112.1 110.1 113.8  85.8  98.7 113.8 116.5 138.1
 MX .5 P  1.64  1.43  1.39   .90   .47   .44   .35   .31   .40   .55   .79  1.31
 DEW PT  69.53 69.24 68.86 64.59 59.96 55.63 55.26 54.20 57.93 61.54 65.00 67.49
Time Pk   .270  .390  .480  .560  .630  .710  .770  .810  .860  .900  .950 1.000
% N       1.79  2.73  3.12  6.85  9.97 10.43  8.15  5.02  3.60  3.38  2.86  2.57
MEAN      2.53  2.31  2.91  3.42  3.75  3.85  3.39  3.80  3.71  3.88  3.27  3.17
STD DEV   1.13  1.17  1.58  1.62  1.45  1.72  1.69  1.72  1.59  1.84  1.21  1.34
SKEW      0.08  0.58  1.01  0.68 -0.21  0.50  0.64  0.40 -0.04  0.97  0.34  0.48
% NNE     1.00  3.11  4.04  9.26 11.51 11.87  8.34  7.02  4.70  4.46  4.58  3.37
MEAN      2.70  2.85  3.18  4.21  4.13  4.04  3.75  3.98  4.31  4.28  3.79  3.04
STD DEV   1.09  1.24  1.66  1.69  1.80  1.68  1.84  1.71  1.57  1.87  1.62  1.37
SKEW     -0.36  0.52  0.89  0.33  0.16  0.47  0.82  0.42  0.07  0.33  0.48  0.67
% NE      2.87  6.68 14.91 14.24 11.46 12.24  7.35  6.10  6.59  4.10  6.53  6.61
MEAN      2.70  3.14  3.62  4.21  3.79  3.44  3.66  3.95  4.22  3.74  3.90  3.83
STD DEV   1.62  1.41  1.66  1.86  1.94  1.64  1.61  1.95  1.72  1.71  1.61  1.97
SKEW      1.31  0.38  0.56  0.90  0.70  0.80  0.22  0.99  0.55  0.49  0.34  0.56
% ENE     3.11  7.41 13.60 11.50 10.20  8.85  4.92  4.58  5.46  7.15  9.04  7.15
MEAN      3.04  3.22  4.01  4.54  4.24  3.85  3.93  3.83  4.46  4.17  4.50  3.87
STD DEV   1.34  1.31  1.91  1.93  1.87  1.43  1.83  1.97  1.92  1.71  1.70  1.78
SKEW      0.27  0.49  0.80  0.71  0.39  0.35  0.32  0.69  0.72  0.59  0.21  0.89
% E       8.90  9.44 14.09  8.90  7.71  6.13  4.51  4.70  5.72 10.61 13.14  9.14
MEAN      3.35  3.49  3.93  4.40  4.09  3.77  3.98  4.04  3.99  4.67  4.48  4.18
STD DEV   1.56  1.38  1.89  2.09  1.91  1.56  1.90  2.10  1.64  1.75  1.78  2.11
SKEW      0.55  0.42  0.99  0.58  0.61  0.13  1.11  0.75  0.22  0.12  0.35  0.67
% ESE     8.98  6.76  6.54  5.86  4.48  2.97  2.94  5.47  3.77  9.98  9.43  6.47
MEAN      3.72  3.17  3.89  4.17  4.36  4.51  3.95  4.16  4.07  4.92  4.26  3.82
STD DEV   1.62  1.51  2.04  1.88  1.67  1.98  1.73  2.05  1.70  1.87  1.67  1.75
SKEW      0.88  0.74  1.09  0.76  0.47  0.45  0.56  0.38  0.50  0.37  0.62  0.75
% SE      9.52  7.01  6.90  4.65  4.11  4.45  3.94  6.00  4.66  7.25  7.95  6.05
MEAN      3.10  3.14  3.77  3.86  4.05  4.55  4.05  3.94  4.08  4.77  3.76  3.38
STD DEV   1.52  1.30  1.73  1.56  1.60  1.81  1.97  2.01  1.81  1.92  1.74  1.48
SKEW      0.92  0.33  0.80  0.74  0.56 -0.04  0.87  0.51  0.28  0.21  0.63  0.38
% SSE     6.74  4.91  3.03  3.90  2.32  3.50  2.89  5.80  5.31  6.70  4.73  5.17
MEAN      3.03  3.28  3.98  3.62  4.12  4.86  4.61  4.56  4.33  4.60  3.93  3.19
STD DEV   1.60  1.42  1.93  1.44  1.54  2.20  1.97  2.13  2.28  1.91  1.54  1.67
SKEW      1.09  0.32  0.75  0.20  0.55  0.37  0.40  0.35  0.87  0.43  0.26  0.80
% S       8.92  7.28  4.79  3.06  2.96  3.45  6.06  5.75  6.76  4.96  4.73  7.53
MEAN      3.10  2.84  3.98  3.76  4.02  4.76  4.56  4.66  4.24  4.30  3.29  3.27
STD DEV   1.67  1.47  2.30  1.57  1.79  2.33  2.24  2.38  1.93  1.94  1.32  1.67
SKEW      1.01  0.98  1.09  0.33  0.37  0.61  0.46  0.65  0.23  1.29  0.31  1.07
% SSW     6.29  5.53  3.24  2.68  3.22  3.44  4.75  6.24  6.74  3.31  3.39  4.79
MEAN      3.29  2.96  4.28  3.74  4.84  4.15  5.10  5.57  4.48  4.33  3.30  3.35
STD DEV   1.72  1.41  2.84  1.45  1.92  1.86  2.08  2.51  1.75  1.83  1.28  1.70
SKEW      0.76  0.52  1.39  0.30  0.26  0.71  0.30  0.60  0.25 -0.05  0.29  0.82
% SW      8.86  6.88  3.29  1.61  2.73  1.70  3.96  4.13  5.01  4.16  4.57  6.23
MEAN      3.11  3.11  3.78  4.34  4.48  4.23  4.40  5.43  4.75  4.33  3.39  3.79
STD DEV   1.56  1.47  2.30  1.73  2.13  2.00  2.08  2.73  2.11  2.23  1.79  1.85
SKEW      0.83  0.65  0.96  0.40  0.56  0.65  0.51  0.84  0.36  0.82  0.78  1.01
% WSW     5.22  4.29  2.07  1.43  1.84  0.97  2.29  3.09  4.72  4.17  4.27  5.49
MEAN      3.44  3.46  3.34  3.55  4.73  4.65  4.89  4.58  4.85  4.21  4.42  4.00
STD DEV   1.55  1.61  1.58  2.09  2.33  1.83  2.47  2.66  2.27  1.88  2.28  1.91
SKEW      0.35  0.56  0.90  0.68  0.94  0.14  0.39  0.92  0.76  0.72  0.63  0.52
% W       5.06  4.49  2.32  2.80  2.09  2.16  3.49  5.12  5.01  4.57  4.56  6.59
MEAN      3.57  3.20  3.47  3.57  3.82  3.40  4.31  5.22  4.02  4.20  3.75  3.81
STD DEV   1.92  1.78  1.77  1.79  2.24  1.41  2.17  3.22  1.75  2.23  2.19  1.83
SKEW      1.01  0.81  1.34  0.69  1.02  0.27  1.00  1.15  0.30  1.37  1.03  0.86
% WNW     3.53  5.40  2.29  4.11  4.49  5.78 12.07  9.21 12.00 10.38  5.22  6.11
MEAN      3.44  3.36  3.77  3.84  4.32  5.41  5.58  5.24  5.76  4.58  3.72  3.65
STD DEV   1.49  1.41  2.07  1.61  1.80  2.49  2.56  2.34  2.38  1.90  1.59  1.84
SKEW      0.37  0.39  0.49  0.56  0.62  0.11  0.57  0.95  0.43  0.59  0.83  0.92
% NW      3.61  4.08  2.74  5.79  6.33  6.81  8.69  6.43  5.90  4.62  4.16  4.10
MEAN      2.94  2.96  3.65  3.42  4.21  4.92  4.51  4.59  4.89  3.97  3.33  3.21
STD DEV   1.59  1.41  1.58  1.57  1.96  2.16  2.13  2.25  1.65  1.38  1.34  1.62
SKEW      0.95  0.85  0.29  0.59  0.41  0.44  0.61  0.84  0.42  0.53  0.15  0.96
% NNW     1.83  2.00  2.38  5.04  6.97  7.88  7.04  6.09  4.24  3.81  2.63  2.41
MEAN      2.48  2.72  3.04  3.36  4.28  4.12  3.93  4.39  4.03  3.64  2.85  3.01
STD DEV   1.29  1.21  1.67  1.77  1.82  1.57  1.78  1.76  1.32  1.69  1.02  1.37
SKEW      0.99  0.82  0.63  1.10  0.42  0.61  0.59  0.27 -0.32  0.56  0.29  0.97
CALM     13.66 11.89 10.89  8.44  7.65  7.41  8.67  9.22  9.85  6.33  8.24 10.27
                                                                                
INTERPOLATED DATA (station & weighting factor)                                  
                                                                                
---Wind Stations---                                                             
BARTOW        FL     .716  AVON PARK     FL     .284                       .000 
