 Australia    Boonah Alert                                                      
 LATT= -28.00 LONG= 152.69 YEARS= 10. TYPE= 4
 ELEVATION =  325. TP5 = 2.40 TP6= 6.49
 MEAN P    .46   .51   .46   .28   .29   .29   .18   .34   .33   .33   .41   .44
 S DEV P   .67   .71   .76   .34   .56   .44   .20   .35   .37   .42   .47   .53
 SKEW  P  2.10  2.96  3.01  1.79  3.66  2.21  2.36  1.79  2.02  2.42  1.64  2.42
 P(W/W)    .59   .58   .44   .38   .40   .37   .33   .24   .28   .52   .44   .58
 P(W/D)    .17   .17   .22   .12   .13   .16   .14   .08   .14   .19   .19   .21
 TMAX AV 85.44 83.87 80.89 76.36 71.21 66.10 66.69 69.43 74.85 78.03 82.44 83.68
 TMIN AV 65.95 65.56 63.92 57.28 49.75 46.98 44.03 43.85 49.78 55.65 60.63 63.44
 SD TMAX  6.24  6.52  5.46  4.53  4.55  4.10  4.44  4.70  6.19  7.24  6.39  6.61
 SD TMIN  3.55  3.38  3.80  4.50  6.17  6.23  6.90  6.21  5.80  5.33  4.52  4.30
 SOL.RAD  569.  521.  444.  387.  316.  260.  291.  385.  461.  519.  579.  569.
 SD SOL  149.5 134.9 117.1  88.6  78.4  74.0  79.1  78.5 100.0 136.4 129.1 150.3
 MX .5 P  1.16   .91  1.07   .48   .43   .44   .36   .27   .43   .57   .77   .99
 DEW PT  63.33 62.96 62.34 56.03 48.95 46.31 43.01 41.60 47.05 53.05 57.15 60.53
Time Pk   .200  .310  .400  .480  .560  .650  .720  .780  .840  .900  .960 1.000
% N       0.80  0.70  2.50  4.20  5.00  6.20  6.40  6.70  4.90  4.10  3.50  0.30
MEAN      2.08  2.21  3.03  3.92  4.98  4.68  5.33  4.16  4.24  4.63  3.99  3.87
STD DEV   0.83  1.27  1.27  2.08  2.98  2.31  2.45  2.16  2.15  2.28  2.02  2.21
SKEW     -0.27  1.10  0.56  0.83  0.61  0.58  0.38  0.52  0.36  0.31  0.49  0.00
% NNE     2.30  2.30  6.90  9.20  8.80  6.70  6.10  7.90  7.60  6.90  7.50  1.50
MEAN      3.96  3.21  3.72  4.30  4.52  4.48  4.31  4.19  3.98  4.00  4.28  3.87
STD DEV   1.74  1.33  1.51  2.23  2.20  1.93  1.99  1.84  2.00  2.09  1.98  1.57
SKEW      0.20  0.28  0.20  0.87  0.67  0.46  0.42  0.39  0.71  0.73  0.55  0.20
% NE      2.60  2.80  9.40  6.50  5.60  2.90  3.20  4.00  6.20  2.40  4.40  1.40
MEAN      3.59  2.87  3.17  3.45  3.48  3.24  3.41  3.29  3.75  3.07  2.95  2.99
STD DEV   2.12  1.56  1.51  1.92  1.98  1.60  1.50  1.61  1.74  1.57  1.53  1.24
SKEW      0.82  0.99  0.39  1.29  1.06  0.51  0.42  0.49  0.26  0.72  1.01  0.60
% ENE     4.90  4.70 11.70  7.60  8.20  3.60  3.00  4.10  6.90  3.20  3.90  2.40
MEAN      3.23  3.61  3.45  3.31  3.25  3.28  3.52  3.55  3.66  3.38  3.35  2.91
STD DEV   1.68  1.88  1.58  1.42  1.75  1.51  1.58  1.52  1.36  1.56  1.44  1.32
SKEW      1.33  0.61  0.46  0.47  0.75  0.19  0.46  0.32  0.14  0.43  0.26  0.53
% E       6.50  5.50  9.90  8.20  6.40  3.90  3.20  3.10  5.20  4.20  4.00  3.70
MEAN      2.78  3.13  3.09  2.80  3.18  3.01  2.97  2.97  3.09  2.67  2.91  2.39
STD DEV   1.59  1.58  1.71  1.47  1.73  1.41  1.46  1.64  1.65  1.25  1.60  1.14
SKEW      0.93  0.83  1.11  1.02  0.90  0.49  0.34  0.89  0.62  0.39  1.52  0.79
% ESE     7.00  6.00  6.70  6.70  4.40  4.50  1.80  2.70  5.20  4.30  4.20  5.20
MEAN      3.28  3.67  3.21  2.92  3.50  3.57  2.48  3.95  3.71  3.12  3.31  3.27
STD DEV   1.81  1.84  1.71  1.27  1.70  1.52  0.85  1.83  1.62  1.54  1.41  1.54
SKEW      1.81  0.85  0.91  0.66  0.42  0.18  0.39  0.28  0.22  0.41  0.41  0.32
% SE     13.80  8.70  9.50 10.00  9.50  7.60  6.20  7.50 10.60 15.50 12.40 17.50
MEAN      3.20  3.27  2.93  3.32  3.73  3.61  3.62  4.38  4.38  3.96  4.39  3.85
STD DEV   1.67  1.53  1.41  1.47  1.81  1.62  1.89  2.21  2.38  2.05  2.20  1.81
SKEW      0.89  0.48  1.02  0.46  0.64  0.51  0.51  0.59  0.90  0.63  0.55  0.44
% SSE    14.40 13.20  8.50  9.90  8.20  6.10  9.80  6.40 12.00 19.30 15.00 21.10
MEAN      3.93  4.01  3.71  3.77  4.39  3.83  4.62  5.01  4.99  4.83  4.62  4.35
STD DEV   1.90  1.71  1.77  1.64  2.08  1.78  1.88  2.26  1.96  2.19  2.06  1.93
SKEW      0.62  0.28  0.87  0.41  0.60  0.51  0.21  0.27  0.12  0.49  0.28  0.46
% S      12.40 15.70  8.10  8.90  7.80 11.90 14.80  9.50 10.90 12.00 13.60 17.10
MEAN      3.41  4.21  3.52  3.62  4.47  4.50  5.03  4.30  5.09  4.32  4.56  4.32
STD DEV   1.70  1.92  2.07  1.83  2.23  2.30  2.05  2.03  2.39  2.25  2.29  2.02
SKEW      0.65  0.42  1.37  0.66  0.49  0.89  0.11  0.67  0.66  0.71  0.38  0.54
% SSW    11.90 17.90  5.70  6.50  5.00  7.40 12.90  9.10  8.40  7.50  8.10 12.50
MEAN      3.99  4.40  4.04  4.53  5.37  5.57  6.11  5.19  5.18  4.97  5.07  4.65
STD DEV   1.88  1.74  1.93  2.07  2.69  2.84  2.64  2.47  2.25  2.32  2.54  2.14
SKEW      0.72  0.29  0.83  0.37  0.78  0.45  0.36  0.56  0.34  0.52  0.52  0.62
% SW     11.40  9.20  3.50  2.80  4.00  5.10  5.80  8.70  2.90  2.70  5.20  7.80
MEAN      3.85  4.32  3.36  3.42  4.22  5.07  6.02  4.68  4.04  4.02  3.61  3.82
STD DEV   1.91  1.96  2.12  1.85  2.86  2.90  3.23  2.75  2.27  2.28  1.97  1.95
SKEW      0.54  0.43  1.09  0.46  0.98  0.49  0.31  0.91  0.62  0.94  0.64  0.43
% WSW     4.70  4.40  1.90  2.00  1.30  2.00  1.80  4.40  2.10  1.20  1.70  2.00
MEAN      4.42  4.54  3.23  3.87  3.71  4.79  4.95  4.94  4.28  4.75  3.81  2.85
STD DEV   1.72  1.79  1.34  1.95  1.92  2.82  2.44  2.60  1.97  1.29  1.85  1.33
SKEW      0.22  0.23  0.29  0.71  0.50  0.53  0.30  0.45  0.43 -0.63  0.87  0.60
% W       1.80  1.60  1.80  1.60  1.80  3.00  1.80  2.60  1.50  0.90  1.50  1.00
MEAN      3.71  3.55  2.68  2.36  2.85  3.39  3.48  3.64  4.62  3.27  2.52  2.37
STD DEV   1.80  1.17  1.32  1.20  1.22  1.68  1.99  2.95  3.73  2.23  1.18  1.25
SKEW     -0.02 -0.28  0.43  0.55  0.50  0.68  0.90  2.36  1.12  0.94  0.81  0.80
% WNW     0.80  0.70  1.10  1.30  3.30  5.20  4.30  3.60  2.00  1.00  1.30  0.50
MEAN      3.32  3.04  2.55  3.63  4.63  5.44  5.79  5.70  5.97  4.96  2.66  2.18
STD DEV   1.40  1.24  1.05  2.63  3.41  3.64  3.34  3.59  4.59  1.27  1.40  0.45
SKEW     -0.48 -0.27  0.76  1.62  1.44  1.09  0.66  0.43  0.77  1.23  0.62  1.15
% NW      0.60  0.70  1.30  2.40  5.20  7.90  5.50  6.60  3.00  2.80  2.60  0.40
MEAN      3.07  2.49  2.68  4.09  4.88  5.84  6.12  6.88  4.58  4.91  4.24  1.94
STD DEV   1.07  1.39  1.55  2.05  2.82  3.46  3.35  3.47  2.75  2.69  1.95  0.86
SKEW      0.49  0.48  1.56  0.58  0.76  0.56  0.67 -0.05  0.92  0.40  0.55  0.00
% NNW     1.20  0.60  2.60  4.90  8.80 11.10  9.30  9.60  6.90  6.90  5.60  0.40
MEAN      4.26  2.52  3.39  4.60  4.88  5.67  5.42  5.26  5.24  5.27  4.41  2.18
STD DEV   2.27  1.20  1.71  2.20  2.54  2.88  2.37  2.81  2.69  2.70  2.01  1.12
SKEW      0.90  1.50  0.88  0.42  0.67  0.52  0.65  0.34  0.27  0.26  0.43  0.65
CALM      3.00  5.20  8.90  7.20  6.70  5.00  3.90  3.50  3.70  5.10  5.30  5.30
                                                                                
INTERPOLATED DATA (station & weighting factor)                                  
                                                                                
---Wind Stations---                                                             
COLLEGE STA.  TX    1.000  AUSTIN/BERGS. TX     .000  HOUSTON/ELL.  TX     .000 
