 Australia    Upper Darkwood                                                    
 LATT= -30.45 LONG= 152.62 YEARS= 10. TYPE= 3
 ELEVATION =  512. TP5 = 2.57 TP6= 5.80
 MEAN P    .75   .58   .47   .26   .22   .37   .12   .35   .23   .45   .48   .43
 S DEV P  1.09  1.08   .71   .29   .71   .79   .17   .73   .31   .58   .61   .61
 SKEW  P  2.89  4.59  3.42  2.17  7.97  4.43  2.91  3.49  4.11  2.23  2.20  3.54
 P(W/W)    .62   .71   .65   .60   .37   .48   .38   .39   .44   .56   .59   .65
 P(W/D)    .22   .35   .43   .36   .31   .36   .25   .17   .18   .22   .26   .29
 TMAX AV 77.83 75.47 72.70 68.00 63.25 57.84 58.76 61.73 67.19 70.40 74.06 75.66
 TMIN AV 58.80 58.04 56.17 49.76 42.21 39.88 36.89 37.35 42.72 47.90 52.83 55.92
 SD TMAX  7.37  7.41  6.03  5.26  4.96  4.18  5.09  5.62  6.81  8.38  7.50  7.42
 SD TMIN  4.54  4.03  4.12  4.54  6.08  6.41  6.85  6.16  5.89  5.93  5.45  5.09
 SOL.RAD  550.  502.  422.  361.  291.  232.  274.  358.  444.  499.  540.  547.
 SD SOL  167.0 146.2 126.0  91.9  81.9  78.9  73.9  82.9 106.7 143.9 153.2 163.8
 MX .5 P  1.58  1.35  1.27   .63   .63   .76   .44   .43   .40   .64  1.09  1.18
 DEW PT  59.62 58.91 57.52 51.54 43.92 41.31 37.51 36.31 41.48 47.49 52.63 56.31
Time Pk   .200  .310  .400  .480  .560  .650  .720  .780  .840  .900  .960 1.000
% N       5.14  7.69  9.04 10.21  8.15  7.00  6.57  6.34  5.97  5.36  6.38  6.26
MEAN      3.21  3.28  3.39  3.59  3.50  3.40  3.55  3.62  3.78  4.09  3.51  3.32
STD DEV   1.33  1.37  1.50  1.43  1.49  1.46  1.56  1.58  1.59  1.87  1.53  1.32
SKEW      1.03  0.97  1.44  0.87  0.95  0.87  0.94  0.94  0.73  0.88  1.06  0.72
% NNE     4.82  8.22 11.73 12.94  7.71  7.36  6.80  7.93  6.98  4.74  6.00  6.24
MEAN      3.68  3.76  4.14  4.25  4.01  3.98  4.05  4.11  4.23  4.36  3.89  3.67
STD DEV   1.55  1.61  1.76  1.76  1.72  1.88  1.81  1.73  1.70  1.92  1.61  1.53
SKEW      0.79  0.72  0.83  0.59  0.63  1.16  0.67  0.58  0.46  0.89  0.66  0.65
% NE      6.63  8.41 13.26 11.59  7.46  9.20  7.64  9.95  8.08  5.47  7.65  7.37
MEAN      3.54  3.53  3.95  4.03  3.56  3.64  3.94  3.97  4.02  3.96  3.82  3.68
STD DEV   1.55  1.49  1.69  1.73  1.55  1.55  1.83  1.66  1.67  1.81  1.60  1.55
SKEW      0.72  0.78  0.78  0.61  0.79  0.68  0.74  0.54  0.57  1.03  0.66  0.71
% ENE     4.51  5.06  7.74  5.85  3.68  4.20  4.40  4.76  4.52  3.51  5.18  5.32
MEAN      3.57  3.43  3.78  3.75  3.36  3.37  3.63  3.74  4.00  3.90  3.88  3.69
STD DEV   1.51  1.49  1.54  1.59  1.50  1.41  1.55  1.66  1.69  1.67  1.66  1.51
SKEW      0.63  0.82  0.65  0.63  0.85  0.61  0.62  0.62  0.50  0.56  0.73  0.50
% E       4.62  5.09  5.63  3.98  3.00  3.11  3.00  3.77  4.08  3.71  5.22  5.19
MEAN      3.13  3.01  3.14  3.16  2.91  2.76  2.94  3.06  3.32  3.43  3.45  3.30
STD DEV   1.29  1.27  1.25  1.30  1.24  1.11  1.23  1.27  1.40  1.53  1.38  1.31
SKEW      0.73  0.92  0.68  0.67  0.98  0.75  0.75  0.79  0.61  0.83  0.58  0.54
% ESE     3.37  3.42  3.38  2.28  1.82  1.64  1.60  2.14  2.22  2.89  3.26  3.83
MEAN      3.06  3.01  3.12  2.89  2.79  2.61  2.54  2.79  3.11  3.42  3.37  3.21
STD DEV   1.16  1.19  1.25  1.17  1.08  0.94  0.97  1.18  1.26  1.32  1.29  1.29
SKEW      0.53  0.62  0.68  0.61  0.78  0.69  0.48  0.85  0.54  0.61  0.33  0.58
% SE      3.76  4.14  3.51  2.24  2.21  2.09  1.60  2.40  2.78  3.66  3.67  4.20
MEAN      3.12  2.93  2.87  2.66  2.66  2.71  2.44  2.74  3.09  3.41  3.08  3.10
STD DEV   1.29  1.25  1.21  1.00  1.23  1.32  0.88  1.15  1.38  1.54  1.21  1.24
SKEW      0.92  1.07  1.09  0.60  1.01  1.44  0.58  0.79  0.98  0.98  0.75  0.69
% SSE     3.68  3.31  2.61  2.10  2.40  2.13  1.66  2.33  2.55  3.82  3.05  3.30
MEAN      3.06  3.00  2.84  2.84  3.16  2.98  2.85  3.40  3.77  3.69  3.19  3.18
STD DEV   1.24  1.28  1.15  1.16  1.54  1.33  1.41  1.71  1.84  1.73  1.38  1.32
SKEW      0.63  1.29  0.79  0.62  1.09  1.07  1.25  1.17  0.96  0.63  0.76  0.78
% S       7.48  6.39  4.42  3.92  4.96  4.74  4.66  4.56  5.93  7.88  6.45  6.09
MEAN      3.29  3.14  3.04  3.12  3.75  3.65  3.56  3.75  4.05  3.96  3.40  3.46
STD DEV   1.34  1.29  1.22  1.38  1.84  1.94  1.80  1.85  1.98  1.66  1.39  1.51
SKEW      0.71  0.88  0.81  0.70  0.86  1.25  1.01  1.04  1.00  0.56  0.70  1.03
% SSW     8.47  6.34  4.10  3.88  5.86  6.17  7.07  6.23  7.18  9.20  7.13  6.69
MEAN      3.74  3.50  3.40  3.47  3.99  3.92  4.31  4.32  4.78  4.66  4.13  3.77
STD DEV   1.51  1.41  1.39  1.51  1.81  1.78  2.06  1.99  2.21  1.97  1.68  1.55
SKEW      0.73  0.72  0.63  0.86  0.72  0.69  0.74  0.63  0.67  0.68  0.59  0.57
% SW     14.33  9.59  6.62  6.89 10.91 12.08 12.50 10.96 11.49 14.14 11.62 11.21
MEAN      3.75  3.40  3.29  3.53  4.17  4.33  4.45  4.70  5.06  4.98  4.16  3.90
STD DEV   1.54  1.35  1.41  1.62  2.04  2.05  2.17  2.28  2.42  2.29  1.82  1.69
SKEW      0.80  0.76  0.91  0.88  0.89  0.84  0.81  0.76  0.55  0.63  0.83  0.73
% WSW     8.25  5.28  3.82  4.44  7.25  8.20  8.54  7.43  7.39  8.68  7.00  7.03
MEAN      3.74  3.29  3.29  3.60  4.24  4.34  4.62  4.82  5.13  5.17  4.25  3.90
STD DEV   1.57  1.45  1.45  1.74  2.14  2.07  2.24  2.37  2.61  2.48  1.89  1.77
SKEW      0.68  0.97  0.92  0.90  0.77  0.67  0.72  0.60  0.75  0.65  0.58  0.74
% W       5.55  4.80  3.34  3.98  5.45  5.96  5.93  5.48  6.00  5.64  5.48  6.14
MEAN      3.31  3.18  3.04  3.30  3.94  3.95  3.94  4.13  4.54  4.63  3.82  3.48
STD DEV   1.47  1.35  1.32  1.53  1.94  1.98  1.93  2.02  2.39  2.35  1.89  1.62
SKEW      0.78  0.85  0.84  0.80  0.89  0.90  0.78  0.88  0.99  0.72  0.94  0.99
% WNW     3.28  3.16  2.31  2.96  4.31  4.13  4.47  4.58  5.36  4.24  3.63  3.62
MEAN      3.25  2.98  3.11  3.65  4.33  4.57  4.42  4.69  5.16  4.84  3.84  3.53
STD DEV   1.40  1.33  1.35  1.77  2.15  2.51  2.22  2.25  2.50  2.41  1.84  1.62
SKEW      0.75  0.92  0.85  1.03  0.65  0.85  0.66  0.63  0.46  0.66  0.78  0.82
% NW      3.48  3.76  3.54  5.00  6.42  5.82  7.64  6.54  6.70  5.16  4.91  4.45
MEAN      3.13  3.04  3.17  3.58  4.38  4.44  4.50  4.76  4.89  4.45  3.68  3.38
STD DEV   1.48  1.32  1.55  1.62  2.12  2.19  2.12  2.27  2.27  2.08  1.73  1.55
SKEW      1.46  1.15  1.15  0.97  0.67  0.89  0.67  0.61  0.59  0.69  0.97  1.10
% NNW     3.14  4.08  3.83  5.72  6.11  4.77  5.57  5.34  5.42  4.35  4.03  3.94
MEAN      3.22  3.18  3.38  3.62  4.08  3.93  4.34  4.29  4.41  4.53  3.59  3.29
STD DEV   1.37  1.40  1.51  1.50  1.85  1.81  2.06  1.95  2.04  2.03  1.55  1.32
SKEW      0.92  1.04  0.97  0.99  0.77  0.76  0.79  0.57  0.64  0.68  0.84  0.99
CALM      9.55 11.23 11.22 12.01 12.32 11.34 10.29  9.28  7.38  7.49  9.42  9.18
                                                                                
INTERPOLATED DATA (station & weighting factor)                                  
                                                                                
---Wind Stations---                                                             
SPARTANBURG   SC     .450  CHARLOTTE     NC     .276  COLUMBIA      SC     .273 
