 Australia    Ovens River @ Eurobin                                             
 LATT= -36.65 LONG= 146.86 YEARS= 10. TYPE= 3
 ELEVATION =  846. TP5 = 2.60 TP6= 5.91
 MEAN P    .37   .39   .46   .29   .40   .37   .37   .36   .34   .40   .35   .50
 S DEV P   .43   .61   .68   .38   .54   .37   .37   .38   .43   .48   .47   .77
 SKEW  P  1.73  3.33  2.31  2.56  3.22  1.28  1.34  1.84  1.89  1.97  1.80  2.99
 P(W/W)    .51   .44   .54   .60   .62   .62   .69   .67   .53   .48   .49   .44
 P(W/D)    .18   .16   .16   .14   .21   .24   .33   .32   .24   .20   .21   .20
 TMAX AV 83.53 80.74 75.25 67.00 57.27 51.85 50.25 52.31 58.65 66.75 72.45 78.13
 TMIN AV 58.63 57.16 52.94 46.10 40.07 35.81 36.66 36.06 38.60 44.09 49.64 54.28
 SD TMAX  8.66  6.97  7.55  6.27  5.12  4.13  3.81  5.07  5.67  7.68  7.98  8.35
 SD TMIN  7.19  6.46  6.82  6.12  6.11  5.83  5.80  5.48  6.36  6.94  7.51  7.30
 SOL.RAD  590.  509.  412.  298.  199.  157.  159.  233.  346.  455.  533.  581.
 SD SOL  142.2 126.1 114.8  88.5  74.6  64.1  64.3  89.2 104.5 131.5 143.4 152.9
 MX .5 P   .82   .62   .65   .27   .50   .32   .34   .40   .37   .49   .62  1.08
 DEW PT  53.28 53.51 50.86 47.15 42.43 39.14 38.97 38.40 40.92 44.74 48.05 50.34
Time Pk   .070  .150  .240  .320  .400  .510  .600  .690  .780  .860  .940 1.000
% N       3.74  5.15  5.68  6.05  5.82  5.14  4.70  5.10  4.79  5.30  4.55  4.57
MEAN      2.38  2.31  2.77  2.82  3.03  2.89  3.32  3.30  3.42  3.34  2.73  2.48
STD DEV   1.06  1.01  1.28  1.39  1.64  1.33  1.43  1.64  1.69  1.69  1.43  1.10
SKEW      1.13  1.18  1.02  0.90  1.32  0.95  0.59  0.67  0.69  0.78  1.23  1.18
% NNE     1.71  2.86  3.23  3.01  2.77  3.33  3.26  3.18  2.73  2.52  2.39  2.01
MEAN      2.47  2.61  2.85  3.24  2.99  3.33  3.50  3.16  3.16  3.51  3.22  2.65
STD DEV   1.19  1.15  1.31  1.57  1.35  1.65  1.71  1.43  1.50  1.60  1.59  1.21
SKEW      1.23  0.98  0.76  0.79  0.62  0.84  0.71  0.65  0.84  0.41  0.73  0.99
% NE      9.16 11.53 14.25 12.60 10.32 10.09  8.37  8.39  7.39  6.52  7.54  8.79
MEAN      2.50  2.54  2.93  2.94  2.97  3.36  3.28  3.12  3.18  3.04  2.79  2.68
STD DEV   1.09  1.12  1.44  1.50  1.42  1.52  1.55  1.43  1.56  1.40  1.40  1.20
SKEW      1.18  1.26  1.10  1.40  1.22  0.65  0.80  0.79  0.98  0.86  1.27  0.99
% ENE     6.09  7.99 12.38 12.41  7.39  9.20  8.48  9.23  7.07  5.95  5.16  6.28
MEAN      2.85  2.77  3.41  3.27  3.26  3.74  3.92  3.90  3.76  3.43  2.82  2.92
STD DEV   1.36  1.34  1.71  1.59  1.55  1.80  1.74  1.80  1.83  1.58  1.23  1.26
SKEW      1.26  1.18  0.87  1.01  0.77  0.64  0.37  0.64  0.84  0.94  0.90  0.79
% E      10.56 12.81 16.49 14.92  9.66 10.27  7.79 10.45  8.60  8.31  8.31  8.86
MEAN      2.85  2.75  3.30  3.34  3.01  3.95  3.80  3.99  4.04  3.35  2.78  2.84
STD DEV   1.36  1.39  1.71  1.79  1.57  2.08  1.95  1.95  2.06  1.66  1.37  1.37
SKEW      1.07  1.34  1.01  1.00  1.25  0.71  0.64  0.57  0.69  0.81  1.09  1.08
% ESE     2.56  2.56  3.72  3.02  2.51  3.28  2.23  3.11  2.69  2.52  2.61  2.43
MEAN      3.16  3.07  3.64  3.62  3.81  4.53  3.84  4.18  4.45  3.87  2.97  3.18
STD DEV   1.56  1.37  1.73  1.78  1.88  2.01  1.99  1.94  2.12  1.87  1.29  1.39
SKEW      0.83  0.62  0.64  0.62  0.48  0.22  0.45  0.33  0.59  0.51  0.66  0.46
% SE      4.90  4.31  4.92  4.52  4.06  3.82  3.35  3.85  3.84  4.60  4.58  3.96
MEAN      2.74  2.73  3.14  3.24  3.26  3.79  3.39  3.80  4.17  3.84  2.81  2.61
STD DEV   1.25  1.48  1.55  1.67  1.73  2.07  1.64  1.96  2.27  1.93  1.32  1.26
SKEW      1.09  1.39  0.81  0.72  0.90  0.70  0.67  0.66  0.77  0.50  1.09  1.24
% SSE     2.38  2.00  1.84  1.53  2.00  2.30  2.56  2.60  2.70  2.53  2.05  2.01
MEAN      2.74  2.57  3.86  2.82  4.39  4.59  3.96  4.32  4.62  4.18  2.91  2.61
STD DEV   1.24  1.15  2.06  1.07  2.18  2.06  2.00  2.21  2.31  2.42  1.36  1.05
SKEW      0.71  1.42  1.06  0.72  0.32  0.23  0.42  0.24  0.20  0.90  0.66  0.45
% S       4.19  3.66  2.92  2.46  3.62  3.69  4.50  3.88  5.30  5.51  3.93  3.36
MEAN      2.60  2.47  2.69  2.84  3.93  4.25  4.42  4.56  4.95  3.95  2.98  2.62
STD DEV   1.23  1.21  1.31  1.59  2.40  2.39  2.23  2.39  2.70  2.17  1.68  1.23
SKEW      1.33  1.21  1.14  1.07  0.77  0.60  0.38  0.61  0.94  0.74  0.99  0.91
% SSW     2.99  2.11  1.44  1.30  2.27  2.91  4.25  3.49  4.57  3.87  3.01  2.43
MEAN      2.69  2.50  3.12  3.04  3.45  4.57  4.50  4.55  4.99  4.53  3.55  3.05
STD DEV   1.06  1.11  1.93  1.89  1.97  2.39  2.11  2.21  2.26  2.24  2.02  1.61
SKEW      0.92  1.02  1.07  1.11  0.89  0.59  0.40  0.43  0.34  0.40  0.98  1.04
% SW     11.17  7.11  4.35  4.41  6.42  7.57  8.55  7.28  9.12  9.44  9.61  9.75
MEAN      2.91  2.64  2.82  2.85  3.41  3.46  3.89  4.34  4.40  4.15  3.50  2.91
STD DEV   1.37  1.22  1.42  1.55  1.88  1.94  2.04  2.36  2.36  2.15  1.84  1.49
SKEW      1.18  1.29  1.12  1.21  0.92  1.10  0.82  0.69  0.60  0.74  0.93  1.25
% WSW     5.63  3.63  2.17  2.09  3.68  4.51  5.52  4.87  4.59  5.52  4.80  5.16
MEAN      3.15  3.16  3.35  3.21  3.94  3.77  3.87  4.56  4.70  4.32  3.73  3.36
STD DEV   1.50  1.53  1.57  1.64  1.83  1.94  2.03  2.45  2.33  2.22  1.82  1.71
SKEW      1.01  0.78  0.76  1.19  0.53  0.85  0.88  0.85  0.47  0.69  0.79  0.85
% W       9.30  6.89  3.80  4.63  7.26  7.29  7.71  6.21  8.14  8.24  8.20  9.89
MEAN      2.87  2.72  2.73  3.16  3.54  3.80  3.87  4.01  4.19  3.88  3.35  3.06
STD DEV   1.38  1.33  1.31  1.62  1.75  1.93  2.07  2.02  2.33  2.12  1.67  1.50
SKEW      1.27  1.23  1.21  1.02  0.75  0.77  0.88  0.62  0.75  0.84  0.84  1.15
% WNW     2.93  3.06  2.03  2.79  5.79  4.97  6.13  6.60  6.37  6.02  4.43  3.97
MEAN      2.71  2.65  3.09  3.60  4.66  4.67  4.44  4.88  5.05  4.74  3.68  3.20
STD DEV   1.19  1.08  1.37  2.00  2.38  2.24  2.28  2.51  2.64  2.34  1.84  1.54
SKEW      0.83  0.97  0.79  0.74  0.39  0.33  0.50  0.40  0.51  0.39  0.72  0.83
% NW      5.86  7.02  4.98  7.15 10.11  8.33  8.75  8.39  9.50  7.85  8.81  8.20
MEAN      2.43  2.47  2.56  3.05  3.94  3.86  4.23  4.28  4.39  4.15  3.34  2.71
STD DEV   1.05  1.11  1.15  1.65  2.14  2.05  2.37  2.29  2.36  2.23  1.83  1.34
SKEW      1.29  1.40  0.99  1.17  0.75  0.82  0.69  0.77  0.63  0.65  1.04  1.28
% NNW     1.89  2.72  2.78  3.51  4.41  3.87  5.46  5.53  4.80  4.40  3.21  2.84
MEAN      2.54  2.75  2.96  3.05  3.65  3.79  4.15  3.71  4.13  4.01  3.21  2.60
STD DEV   1.10  1.21  1.39  1.28  1.83  1.92  1.83  1.74  1.97  1.92  1.47  1.21
SKEW      0.54  0.70  0.45  0.52  0.79  0.84  0.45  0.75  0.46  0.54  0.71  1.17
CALM     14.90 14.67 13.00 13.65 11.83  9.49  8.37  7.91  7.97 10.88 16.89 15.43
                                                                                
INTERPOLATED DATA (station & weighting factor)                                  
                                                                                
---Wind Stations---                                                             
ANNISTON      AL     .667  ROME/RUSSEL   GA     .185  ATLANTA       GA     .148 
