 Germany    Hameln-Hastenbeck                                                   
 LATT=  52.08 LONG=   9.41 YEARS= 10. TYPE= 4
 ELEVATION =  249. TP5 = 1.78 TP6= 3.95
 MEAN P    .14   .12   .12   .12   .16   .20   .21   .17   .17   .18   .14   .13
 S DEV P   .14   .14   .14   .15   .21   .24   .29   .27   .21   .25   .16   .14
 SKEW  P  1.76  2.29  2.56  3.02  2.70  2.03  3.34  4.73  2.77  3.36  1.79  2.00
 P(W/W)    .72   .69   .63   .52   .52   .49   .61   .58   .60   .67   .67   .73
 P(W/D)    .35   .27   .25   .24   .29   .32   .34   .33   .27   .25   .28   .45
 TMAX AV 38.13 40.37 48.29 57.38 63.57 69.83 74.19 73.03 65.72 57.16 46.92 42.40
 TMIN AV 31.29 31.09 35.23 40.61 46.83 53.17 56.90 56.19 50.83 45.36 38.73 35.39
 SD TMAX  7.83  8.60  8.79  8.80  9.11  7.82  8.31  7.65  7.08  7.61  7.10  7.47
 SD TMIN  8.33  8.04  7.20  6.41  6.69  5.17  5.09  4.98  5.52  6.54  6.79  8.11
 SOL.RAD   57.  111.  192.  309.  370.  412.  403.  333.  219.  118.   57.   40.
 SD SOL   22.9  42.7  72.9  96.7 123.0 118.4 112.2  96.9  75.6  49.2  24.7  14.7
 MX .5 P   .06   .05   .09   .13   .30   .40   .62   .37   .30   .14   .12   .02
 DEW PT  31.29 30.20 34.24 39.30 45.76 52.29 55.10 54.82 50.89 45.93 39.13 35.16
Time Pk   .070  .150  .240  .320  .400  .510  .600  .690  .780  .860  .940 1.000
% N       7.42  6.13  5.43  6.52  5.00  3.37  3.52  4.81  3.44  4.87  5.67  5.32
MEAN      4.30  4.51  4.36  4.29  4.13  3.71  3.55  3.45  3.42  3.74  3.80  4.15
STD DEV   2.25  2.39  2.12  2.03  2.13  1.75  1.67  1.59  1.37  1.78  1.75  2.17
SKEW       .67   .91   .68   .64   .91   .57   .67   .69   .48   .91   .45   .72
% NNE    10.53 10.83  9.10  7.50  6.52  4.72  3.08  5.13  4.21  7.24  7.29  7.31
MEAN      4.38  4.36  4.65  4.39  4.34  4.01  3.27  3.78  3.66  3.97  3.73  4.14
STD DEV   2.05  1.99  1.99  1.88  1.98  1.72  1.24  1.59  1.62  1.78  1.54  1.98
SKEW       .66   .79   .59   .41   .54   .44   .42   .26   .64   .77   .49   .90
% NE      6.81  8.01  7.21  5.00  5.54  3.63  2.33  4.10  4.21  5.21  5.85  4.01
MEAN      3.66  3.99  4.49  3.84  4.01  3.68  3.14  3.47  3.66  3.79  3.57  3.50
STD DEV   1.77  1.84  1.81  1.65  1.65  1.51  1.32  1.44  1.71  1.57  1.66  1.67
SKEW       .66  1.20   .42   .49   .35   .75   .36   .44   .60   .55   .93   .73
% ENE     2.76  4.00  4.58  3.26  3.46  2.52  1.55  2.50  2.06  2.65  3.11  2.35
MEAN      3.23  3.58  4.48  3.62  3.65  3.83  3.32  3.54  3.81  3.73  3.93  3.45
STD DEV   1.57  1.51  1.83  1.53  1.53  1.50  1.26  1.22  1.53  1.53  1.90  1.71
SKEW       .70   .80   .29   .63   .47   .34   .46   .19   .58   .61   .70   .63
% E       1.21  1.43  2.24  1.47  2.36  1.90  1.01  1.68  1.31  1.21  1.88  1.56
MEAN      2.17  2.26  3.77  2.61  2.86  2.89  2.75  2.64  3.15  2.85  3.39  3.40
STD DEV    .83   .87  1.72  1.06  1.12  1.18  1.04  1.04  1.30  1.01  1.81  2.01
SKEW       .85   .68   .49   .51   .31   .39   .32   .11   .75   .34   .83   .78
% ESE     1.25  1.45  2.31  2.68  3.42  2.05  1.51  1.46  1.37  1.73  1.87  1.70
MEAN      2.74  3.00  4.23  3.96  3.35  2.72  2.84  2.72  2.52  3.05  3.53  3.38
STD DEV   1.38  1.61  2.12  1.93  1.52   .94  1.32  1.23  1.00  1.38  3.11  1.71
SKEW       .72  1.70   .48   .84  1.14   .61   .81   .89   .29   .66  2.66   .91
% SE      1.58  1.62  2.28  2.44  3.81  3.00  2.27  1.99  2.05  2.58  2.00  1.67
MEAN      2.39  2.67  3.60  3.19  2.94  3.03  2.77  2.57  2.49  3.08  2.66  3.12
STD DEV   1.22  1.10  1.57  1.44  1.25  1.16  1.27  1.07  1.02  1.53  1.01  1.34
SKEW      1.53   .68   .32   .68   .79   .60   .88  1.01   .50   .76   .56  1.08
% SSE     4.11  3.80  5.08  5.25  6.01  5.82  5.29  4.10  5.15  4.98  4.67  4.12
MEAN      3.83  3.54  4.49  3.95  3.74  3.49  3.41  3.34  3.63  3.45  3.80  4.09
STD DEV   2.04  1.72  2.04  1.89  1.61  1.36  1.47  1.40  1.58  1.54  1.87  2.28
SKEW       .94  1.14   .49   .90   .64   .32   .51   .66   .72   .84   .92  1.32
% S       4.72  4.65  4.29  6.00  7.21  8.68  7.95  8.05  7.93  6.99  6.13  5.36
MEAN      3.58  3.68  3.93  3.81  3.69  3.64  3.47  3.49  3.77  3.57  3.69  3.67
STD DEV   1.88  1.76  1.64  1.67  1.54  1.51  1.42  1.56  1.56  1.50  1.70  1.59
SKEW      1.16   .96   .38   .45   .56   .31   .50   .83   .48   .48   .81   .66
% SSW     6.10  4.85  4.92  7.65  9.92 14.20 13.23 10.03 12.65 10.06  8.18  7.49
MEAN      4.31  4.03  4.39  4.56  4.44  4.36  4.13  4.08  4.51  4.25  4.62  4.69
STD DEV   1.92  1.65  1.60  1.84  1.87  1.62  1.54  1.58  1.83  1.64  2.12  1.95
SKEW       .82   .52   .45   .50   .58   .28   .24   .37   .49   .28   .77   .63
% SW      4.47  3.83  3.50  5.49  5.93  8.02  9.01  8.19  9.01  7.66  6.04  6.65
MEAN      3.88  3.82  4.00  4.28  3.90  3.79  3.80  3.81  3.99  4.00  4.05  4.21
STD DEV   1.81  1.76  1.87  2.03  1.78  1.57  1.67  1.57  1.66  1.67  1.77  1.99
SKEW       .57   .77   .78   .80   .62   .38   .62   .52   .50   .46   .49   .85
% WSW     3.22  2.74  2.92  4.55  4.11  5.28  6.18  4.85  5.08  4.41  4.06  4.73
MEAN      4.54  4.09  4.61  4.56  4.35  4.08  3.98  3.86  4.07  4.29  4.33  4.51
STD DEV   2.14  1.62  2.00  1.97  1.96  1.64  1.74  1.61  1.75  1.95  1.86  1.98
SKEW       .51   .01   .43   .27   .57   .53   .62   .66   .55   .56   .53   .38
% W       4.48  4.10  4.60  5.25  4.75  4.68  6.30  6.16  5.10  3.87  5.04  5.34
MEAN      5.07  4.51  4.78  4.36  4.10  3.92  3.87  3.86  4.03  3.96  4.06  4.77
STD DEV   2.68  2.02  2.18  1.88  1.92  1.70  1.61  1.70  1.53  1.71  1.85  2.25
SKEW       .45   .31   .23   .36   .50   .55   .50   .70   .37   .52   .69   .51
% WNW    13.22 14.17 14.06 11.48  7.67  8.92 10.96 10.52 10.58 10.10 10.86 13.74
MEAN      6.32  6.78  6.30  5.47  4.95  5.29  4.55  4.65  4.96  5.35  5.35  6.06
STD DEV   2.87  3.16  3.00  2.44  2.36  2.31  1.92  1.98  2.06  2.22  2.21  2.67
SKEW       .64   .50   .92   .51   .78   .46   .57   .69   .53   .43   .41   .42
% NW      8.52  9.43 11.82  7.56  6.76  5.69  8.55  8.41  7.96  8.50  8.42 10.17
MEAN      5.87  6.36  5.95  5.14  5.18  5.13  4.62  4.35  4.68  5.16  4.71  5.38
STD DEV   3.03  2.96  2.73  2.45  2.63  2.39  1.99  1.94  2.13  2.36  2.40  2.59
SKEW       .72   .30   .51   .54   .98   .53   .46   .65   .62   .52   .91   .61
% NNW     8.20  8.49  8.47  8.67  7.12  5.87  6.20  5.86  5.52  6.76  7.42  7.21
MEAN      5.43  6.03  5.36  5.34  5.31  5.11  4.60  4.16  4.68  5.07  4.69  4.97
STD DEV   2.68  2.88  2.47  2.54  2.43  2.31  1.98  1.81  2.15  2.45  2.25  2.36
SKEW       .68   .44   .60   .60   .60   .45   .56   .62   .68   .60   .74   .88
CALM     11.33 10.39  7.25  9.39 10.41 11.64 11.07 12.35 12.34 11.26 11.47 11.46
                                                                                
INTERPOLATED DATA (station & weighting factor)                                  
                                                                                
---Wind Stations---                                                             
AUGUSTA/STATE ME     .606  MILLINOCKET   ME     .246  MONTPELIER/ED VT     .147 
