 Mexico    Presa La Gavia                                                       
 LATT=  20.83 LONG=-101.58 YEARS= 10. TYPE= 3
 ELEVATION = 5715. TP5 = 1.65 TP6= 2.50
 MEAN P    .20   .46   .21   .29   .43   .43   .51   .51   .53   .43   .23   .29
 S DEV P   .14   .71   .20   .15   .44   .46   .53   .55   .54   .37   .15   .21
 SKEW  P   .88  2.73  1.30   .05  1.97  1.78  1.68  2.49  1.54  1.02   .50   .44
 P(W/W)    .42   .56   .11   .00   .37   .57   .56   .50   .52   .46   .09   .17
 P(W/D)    .05   .02   .03   .02   .06   .21   .29   .27   .21   .05   .03   .02
 TMAX AV 74.55 78.70 82.94 87.13 89.75 86.02 80.40 82.03 80.64 81.27 78.54 75.84
 TMIN AV 46.86 50.22 53.79 57.96 61.91 62.79 60.70 60.72 60.32 56.68 52.03 47.57
 SD TMAX  4.21  5.73  5.01  2.98  4.33  5.65  3.46  3.32  3.36  3.87  4.42  4.05
 SD TMIN  4.06  4.16  4.21  3.34  3.23  2.43  1.88  2.02  2.84  4.31  5.46  4.52
 SOL.RAD  400.  459.  551.  608.  636.  594.  564.  566.  479.  462.  401.  375.
 SD SOL   82.5 112.1  99.8  95.2  88.9 109.1 118.7 110.5 119.8 105.0  92.7  84.8
 MX .5 P   .29   .25   .27   .33   .56   .97  1.30  1.12   .93   .44   .31   .29
 DEW PT  36.85 37.13 36.16 36.23 43.41 53.32 57.55 56.63 56.39 49.80 44.32 38.64
Time Pk   .160  .270  .360  .460  .540  .640  .710  .770  .830  .890  .950 1.000
% N       2.26  2.82  1.95  1.60  1.45  2.11  2.53  2.57  2.50  2.12  2.56  2.56
MEAN      3.55  3.97  3.75  4.11  3.90  3.94  4.23  4.05  3.70  3.44  3.42  3.32
STD DEV   1.37  1.66  1.54  1.90  1.57  1.89  1.76  2.06  1.69  1.40  1.46  1.51
SKEW       .51   .82   .96   .74   .46  1.31   .51  1.74   .82   .68   .63  1.22
% NNE      .88  1.16  1.12  1.18  1.20  1.18  2.11  1.74  1.58  1.52  1.17  1.02
MEAN      3.04  3.44  3.14  3.81  4.25  3.69  3.87  3.22  3.34  3.09  3.21  3.00
STD DEV   1.12  1.31  1.21  1.31  1.18  1.61  1.68  1.29  1.16  1.01  1.11   .96
SKEW       .40   .18   .28   .64   .46   .65   .89   .66   .43   .28   .33   .40
% NE      9.71  8.51  5.27  6.03  6.52  6.83  7.98  8.63 10.28  9.05  9.51 10.78
MEAN      4.00  3.99  3.79  4.36  3.78  4.12  3.79  3.64  3.89  3.97  3.93  4.03
STD DEV   1.55  1.58  1.45  1.29  1.37  1.70  1.58  1.50  1.50  1.54  1.44  1.44
SKEW       .54   .71   .54   .36   .53   .66   .38   .60   .60   .58   .40   .50
% ENE    10.10  8.45  6.71  6.61  6.43  6.75  6.99  7.51  9.07 10.42 11.35 10.90
MEAN      4.17  4.61  4.20  3.96  3.89  4.31  4.10  3.63  3.85  3.89  4.35  3.97
STD DEV   1.68  1.70  1.75  1.53  1.13  1.62  1.67  1.50  1.52  1.62  1.67  1.41
SKEW       .65   .20   .36   .62   .18   .35   .66   .76   .54   .96   .39   .15
% E       6.27  6.12  4.96  4.92  5.21  5.84  7.33  8.34  8.79  8.11  6.46  6.70
MEAN      4.08  4.03  4.19  3.77  4.14  4.04  3.97  4.10  4.05  4.37  4.36  4.28
STD DEV   1.62  1.63  1.80  1.47  1.70  1.58  1.64  1.73  1.56  1.84  1.71  1.68
SKEW       .61   .63   .54   .46   .51   .74   .97   .89   .75   .71   .70   .56
% ESE     3.50  3.48  3.31  3.65  4.84  4.24  5.95  5.97  5.80  5.51  3.89  3.30
MEAN      3.61  4.20  4.35  4.46  4.37  4.35  4.32  4.15  4.24  4.14  3.98  3.94
STD DEV   1.57  1.80  1.82  1.88  1.76  1.63  1.89  1.70  1.66  1.62  1.51  1.88
SKEW       .58   .84   .51   .52   .56   .57   .90   .85   .62   .44   .43  1.05
% SE      5.55  5.01  4.14  4.29  4.38  5.31  7.17  6.97  7.67  6.60  5.68  5.76
MEAN      3.78  3.89  4.29  4.36  4.15  4.29  4.12  4.00  4.01  4.29  3.75  3.68
STD DEV   1.66  1.59  1.96  1.79  1.79  1.69  1.65  1.62  1.54  1.70  1.58  1.50
SKEW       .99   .70   .79   .82   .60   .74   .79   .86   .56   .69   .62   .93
% SSE     2.51  1.96  2.09  1.93  2.50  2.43  2.75  2.86  3.30  3.01  2.91  2.41
MEAN      3.31  3.57  4.20  4.70  4.61  4.25  4.33  4.01  4.40  4.10  3.87  3.32
STD DEV   1.38  1.53  1.87  2.14  2.16  1.93  1.87  1.88  1.95  1.85  1.69  1.46
SKEW       .74   .91   .81   .48   .84   .74   .82   .97   .77   .97   .73   .78
% S       2.95  3.27  2.96  3.91  4.03  4.06  3.70  4.23  3.26  3.55  2.96  3.02
MEAN      3.34  3.55  4.45  5.03  4.70  5.05  4.14  4.03  4.14  4.09  3.44  3.46
STD DEV   1.81  1.57  2.29  2.62  2.22  2.47  1.91  1.90  1.89  2.20  1.67  1.82
SKEW      1.69   .89   .69   .79   .96   .66   .68  1.00   .85  1.32   .89  1.51
% SSW     6.83  6.36  8.95  9.20  9.53  8.15  5.59  5.34  5.68  6.05  6.23  5.95
MEAN      4.92  4.91  6.40  6.96  6.65  6.09  4.47  4.07  4.88  4.91  4.88  4.72
STD DEV   2.88  2.78  3.57  3.92  3.36  2.90  1.98  1.88  2.43  2.55  2.71  2.77
SKEW      1.19  1.24  1.06   .99   .68   .58   .85   .79   .76  1.09  1.08  1.41
% SW     10.08  9.59 11.89 12.20 13.06 13.28  7.96  7.71  8.31  8.31  8.20  8.35
MEAN      4.80  4.80  6.27  6.45  6.30  5.92  4.43  4.42  4.76  4.90  4.69  4.82
STD DEV   2.68  2.67  3.32  3.42  3.13  2.68  2.03  2.00  2.23  2.40  2.73  2.74
SKEW      1.19  1.12   .98  1.01   .86   .59   .95   .85   .90  1.04  1.34  1.18
% WSW     7.94  9.64 13.37 14.04 13.46 13.65  9.12  8.28  8.68  8.40  7.94  7.68
MEAN      5.11  5.91  6.88  7.19  6.53  6.13  5.07  4.70  5.25  5.34  5.15  5.16
STD DEV   2.87  2.97  3.29  3.47  2.81  2.56  2.28  2.08  2.45  2.55  2.40  2.75
SKEW      1.09   .86   .73   .71   .47   .54   .65   .62   .80   .89   .76  1.01
% W       5.50  7.00  8.47  8.64  8.12  7.21  6.24  6.62  5.35  5.28  5.99  4.87
MEAN      4.99  5.43  6.17  6.69  5.74  5.52  4.83  4.75  4.90  4.85  4.79  4.68
STD DEV   2.58  2.62  2.91  3.20  2.51  2.38  2.04  2.00  2.08  2.23  2.29  2.26
SKEW      1.23   .79   .62   .92   .48   .70   .50   .47   .52   .81   .97  1.00
% WNW     4.76  5.96  7.01  7.15  5.69  5.62  5.69  5.13  4.13  4.23  5.23  4.94
MEAN      4.66  5.64  5.98  6.19  5.48  5.68  5.07  4.62  4.63  4.55  4.60  4.39
STD DEV   2.29  2.60  2.79  2.80  2.43  2.46  2.05  2.00  2.12  2.08  2.00  1.97
SKEW      1.01   .70   .69   .52   .60   .55   .53   .60   .59   .91   .66   .77
% NW      5.49  6.13  5.09  4.13  3.79  3.43  5.20  4.50  4.11  4.15  4.25  4.82
MEAN      3.88  4.60  4.91  5.20  4.74  4.80  4.46  4.30  4.48  4.00  4.16  4.12
STD DEV   1.84  2.17  2.31  2.42  2.10  2.20  1.94  1.96  2.06  1.78  1.96  1.82
SKEW      1.22   .85   .64   .79   .65   .73   .70   .89  1.11   .81   .83   .59
% NNW     2.90  3.18  2.71  2.09  2.22  1.84  2.83  2.39  2.09  2.50  3.30  3.11
MEAN      3.91  5.11  4.51  4.83  4.71  4.49  4.58  3.96  4.13  3.94  4.25  3.67
STD DEV   1.83  2.28  2.07  2.10  2.16  1.88  2.08  1.67  1.78  1.77  2.01  1.79
SKEW       .73   .91   .89   .50   .80   .82   .95   .59   .65   .72   .70  1.15
CALM     12.65 11.34 10.00  8.40  7.53  8.00 10.89 11.17  9.49 11.18 12.32 13.79
                                                                                
INTERPOLATED DATA (station & weighting factor)                                  
                                                                                
---Wind Stations---                                                             
ZUNI          NM     .521  WINSLOW       AZ     .302  SILVER CITY   NM     .176 
