 Mexico    Tecajec                                                              
 LATT=  18.78 LONG= -98.80 YEARS= 10. TYPE= 3
 ELEVATION = 5171. TP5 = 1.78 TP6= 2.89
 MEAN P    .42   .57   .25   .41   .42   .62   .52   .51   .67   .59   .39   .39
 S DEV P   .31   .59   .09   .36   .38   .52   .39   .38   .51   .42   .23   .00
 SKEW  P   .76  1.19 -0.64   .07  1.04  1.98  1.16  1.35  1.23  1.03  1.12   .00
 P(W/W)    .33   .33   .50   .00   .25   .51   .59   .53   .63   .43   .12   .00
 P(W/D)    .01   .02   .01   .01   .06   .35   .31   .36   .43   .11   .02   .00
 TMAX AV 71.07 74.81 77.59 80.06 79.21 74.90 73.89 74.27 73.20 73.99 72.76 71.66
 TMIN AV 46.29 49.22 52.17 55.17 56.60 56.87 55.63 56.08 56.50 53.45 49.93 46.42
 SD TMAX  3.97  4.43  4.25  3.36  4.09  3.65  3.00  2.81  2.92  2.77  3.17  3.02
 SD TMIN  3.49  3.24  3.44  2.96  2.51  2.37  2.38  2.33  2.66  3.97  4.41  3.85
 SOL.RAD  404.  478.  540.  589.  594.  540.  519.  495.  395.  414.  396.  402.
 SD SOL   86.5  90.9 101.1  87.0  98.6 122.8 127.6 117.8 100.5  97.7  80.3  63.1
 MX .5 P   .28   .34   .31   .39   .60  1.19  1.34  1.11  1.13   .59   .35   .26
 DEW PT  40.45 40.89 41.19 42.87 52.75 57.27 57.02 57.60 57.66 54.50 50.18 44.14
Time Pk   .270  .390  .480  .560  .630  .710  .770  .810  .860  .900  .950 1.000
% N       6.72  6.27  3.61  3.17  2.87  4.25  4.54  5.12  4.76  4.15  5.83  7.70
MEAN      4.02  4.45  4.17  4.66  4.61  4.58  4.97  4.24  3.90  3.77  3.87  3.81
STD DEV   1.89  2.21  1.67  2.01  1.83  2.04  2.17  1.89  1.82  1.61  1.59  1.47
SKEW      1.24  1.41  1.25   .89   .71   .72   .79  1.38  1.11  1.03   .94  1.41
% NNE     4.07  4.02  2.67  2.74  2.46  2.68  3.89  3.49  3.96  3.96  4.08  4.44
MEAN      4.15  4.59  4.42  5.07  5.73  5.21  4.80  3.94  4.08  4.26  4.66  4.20
STD DEV   1.87  1.89  1.91  1.56  1.56  2.48  2.23  1.70  1.64  1.70  2.08  1.93
SKEW       .85   .37   .54   .40   .45   .92   .77  1.04   .61   .37   .70   .79
% NE      3.03  2.57  1.76  1.52  1.95  2.54  3.89  3.97  3.69  2.87  2.44  2.62
MEAN      3.52  4.14  3.68  4.29  3.82  4.20  4.38  3.95  3.79  3.54  3.43  3.34
STD DEV   1.54  2.09  1.44  1.09  1.67  1.71  2.20  1.78  1.70  1.54  1.33  1.27
SKEW      1.29  1.50   .87   .71  1.24   .77  1.08   .99  1.16  1.34   .94  1.02
% ENE     1.23   .95  1.13   .97   .92  1.24  2.08  1.90  2.13  1.72  1.46  1.24
MEAN      3.29  4.13  4.14  3.68  3.92  4.67  4.25  3.63  3.63  3.42  3.77  3.11
STD DEV   1.51  1.57  1.85  1.63  1.21  1.83  1.83  1.43  1.54  1.52  1.67  1.13
SKEW       .83   .16   .42  1.10   .54   .53   .42   .53   .60   .95   .85   .40
% E       2.54  1.93  1.84  2.04  2.09  3.16  4.61  4.40  4.24  3.33  2.35  2.21
MEAN      3.70  3.76  4.07  3.80  4.16  4.33  4.40  4.22  3.83  3.97  4.02  3.67
STD DEV   1.52  1.32  1.90  1.52  1.80  1.76  1.86  1.73  1.49  1.58  1.57  1.46
SKEW       .75   .41   .72   .55   .54   .77   .79   .86   .56   .54   .44   .55
% ESE     1.98  1.63  1.97  2.34  2.35  2.78  4.20  3.92  4.10  3.92  2.61  2.19
MEAN      3.70  3.87  4.46  4.54  4.56  4.77  4.68  4.58  4.47  4.18  4.15  3.84
STD DEV   1.52  1.42  1.76  1.77  1.85  1.78  1.84  1.71  1.77  1.63  1.56  1.68
SKEW       .57   .68   .48   .37   .52   .57   .56   .49   .62   .32   .54   .76
% SE      4.54  4.14  3.97  4.64  4.82  6.80  9.50  8.20  8.71  6.80  5.87  4.52
MEAN      3.97  4.12  4.31  4.63  4.92  4.87  4.83  4.42  4.37  4.28  3.83  3.47
STD DEV   1.63  1.62  1.67  1.66  2.09  2.05  1.87  1.78  1.67  1.76  1.55  1.35
SKEW       .71   .47   .57   .50   .73   .75   .66   .79   .76   .70   .91   .65
% SSE     2.92  2.66  3.08  3.30  4.04  4.98  5.39  4.59  5.61  4.49  3.95  2.87
MEAN      3.98  4.34  4.61  5.26  5.29  4.99  4.78  4.62  4.71  4.35  3.88  3.91
STD DEV   1.76  1.79  1.80  2.11  2.13  2.00  1.82  1.86  1.98  1.89  1.43  1.77
SKEW      1.06   .82   .80   .58   .51   .45   .58   .66   .68   .71   .70   .97
% S       5.73  6.64  6.79  8.27  8.51  8.95  8.50  7.90  7.90  8.38  6.30  5.52
MEAN      4.35  4.78  4.91  5.47  5.83  5.50  4.59  4.48  4.73  4.82  4.51  4.27
STD DEV   1.84  2.06  2.05  2.22  2.39  2.36  1.95  1.76  1.99  2.23  2.04  1.97
SKEW       .77   .76   .52   .56   .74   .75   .82   .62   .78  1.01  1.03   .83
% SSW     3.53  4.39  5.76  6.72  8.17  7.15  4.40  4.14  4.96  4.75  3.80  3.21
MEAN      4.85  5.43  6.66  6.59  6.87  6.22  4.39  4.02  4.81  5.09  5.26  5.03
STD DEV   2.50  2.66  3.31  3.32  2.89  2.66  1.62  1.71  2.11  2.42  2.55  3.18
SKEW      1.02   .76   .89   .64   .45   .56   .71  1.03   .79   .97   .65  1.44
% SW      3.42  4.34  7.88  8.93  9.86  7.80  4.35  4.02  4.22  4.23  3.49  3.39
MEAN      5.51  5.65  7.03  7.02  6.75  6.11  4.32  4.20  4.51  5.12  5.06  5.51
STD DEV   3.01  3.11  3.47  3.20  2.93  2.66  1.91  1.80  1.92  2.32  2.94  3.10
SKEW       .89   .92   .76   .38   .56   .53   .97   .66   .83   .81   .92   .89
% WSW     3.38  4.46  7.59  9.01  8.20  7.10  2.89  3.00  3.57  3.64  3.14  2.96
MEAN      5.83  6.71  7.50  7.73  6.84  5.94  4.65  4.22  4.82  5.40  5.70  5.83
STD DEV   3.36  3.11  3.35  3.46  2.90  2.55  2.27  2.00  2.14  2.43  2.85  3.24
SKEW       .77   .46   .45   .39   .46   .57   .83   .83   .71   .70   .77   .93
% W       8.78 11.33 13.26 13.69 13.20 10.04  5.70  7.84  7.65  9.16 10.05  8.65
MEAN      5.45  6.18  6.72  6.76  5.93  5.41  4.74  4.67  4.75  4.83  5.33  5.35
STD DEV   2.61  2.99  2.84  2.71  2.58  2.22  2.00  1.88  1.82  1.91  2.60  2.60
SKEW       .89   .59   .46   .52   .80   .86   .74   .59   .53   .63   .84   .92
% WNW     9.59 10.64 11.17 10.43  8.63  7.77  6.93  8.13  7.19  9.26 10.79  9.74
MEAN      5.61  6.07  6.18  6.13  5.57  5.42  5.16  4.87  4.73  4.61  5.02  5.29
STD DEV   2.57  2.68  2.73  2.65  2.27  2.07  2.04  2.05  1.96  1.81  2.11  2.39
SKEW       .91   .99   .60   .94   .78   .59   .64   .79   .54   .84   .91  1.10
% NW     12.67 13.66 11.31  8.87  8.90  8.51  9.49  9.79  8.71 10.48 10.61 12.16
MEAN      4.80  5.05  5.31  5.21  5.11  5.02  4.98  4.72  4.36  4.25  4.48  4.70
STD DEV   2.00  2.19  2.33  2.14  2.06  2.07  2.17  1.88  1.77  1.58  1.83  2.03
SKEW      1.13  1.09   .99   .99   .96   .74   .93   .82  1.30  1.00  1.02  1.15
% NNW     7.11  5.92  4.86  3.37  3.51  3.08  4.04  4.30  3.31  4.34  6.09  7.29
MEAN      4.17  4.60  4.96  4.75  4.60  4.59  4.56  4.10  4.19  3.77  4.17  4.21
STD DEV   1.66  2.10  2.36  1.93  1.92  1.70  2.12  1.66  1.70  1.30  1.66  1.86
SKEW       .89  1.27  1.09   .52  1.02  1.09  1.08   .68  1.01   .47   .60  1.65
CALM     18.75 14.42 11.29  9.96  9.53 11.20 15.64 15.24 15.29 14.60 17.15 19.20
                                                                                
INTERPOLATED DATA (station & weighting factor)                                  
                                                                                
---Wind Stations---                                                             
TRUTH OR CON. NM     .487  SILVER CITY   NM     .311  LAS CRUCES    NM     .202 
