 Norway    Vigra                                                                
 LATT=  62.56 LONG=   6.12 YEARS= 10. TYPE= 1
 ELEVATION =   66. TP5 = 1.00 TP6= 2.54
 MEAN P    .29   .24   .26   .23   .17   .19   .22   .30   .36   .38   .31   .33
 S DEV P   .27   .20   .30   .21   .21   .22   .26   .32   .33   .38   .31   .28
 SKEW  P  1.81  1.80  2.89  1.48  3.58  2.31  2.16  2.07  1.21  1.48  1.75  1.70
 P(W/W)    .80   .74   .81   .74   .65   .72   .64   .69   .80   .82   .78   .88
 P(W/D)    .29   .30   .33   .28   .30   .30   .36   .43   .32   .34   .28   .37
 TMAX AV 40.76 40.53 40.99 43.29 47.10 51.45 56.29 58.32 56.56 51.57 46.34 43.24
 TMIN AV 37.53 37.32 37.84 40.35 44.30 49.36 53.88 55.87 53.63 48.27 43.29 39.46
 SD TMAX  3.53  3.65  3.19  3.13  3.40  2.41  3.30  2.50  3.11  3.62  4.50  4.37
 SD TMIN  3.68  3.80  3.34  3.09  3.07  2.23  2.76  2.21  3.13  3.83  4.75  4.33
 SOL.RAD   23.   77.  186.  332.  401.  386.  381.  287.  177.   84.   28.   10.
 SD SOL    9.2  27.2  55.3  80.0 121.7 163.4 134.6  95.8  58.8  32.9  11.1   2.6
 MX .5 P   .08   .06   .14   .13   .30   .34   .62   .50   .39   .32   .15   .15
 DEW PT  30.57 31.09 31.60 35.44 40.42 45.62 50.91 51.72 48.58 42.13 36.93 33.61
Time Pk   .070  .150  .240  .320  .400  .510  .600  .690  .780  .860  .940 1.000
% N      14.43 15.34 16.03 11.16  6.40  4.10  3.69  5.91  9.82 12.92 12.97 13.71
MEAN      4.68  4.66  4.69  4.09  3.53  3.42  3.45  3.42  3.73  4.35  4.50  4.54
STD DEV   2.84  2.64  2.55  2.15  1.61  1.50  1.47  1.54  1.93  2.30  2.38  2.38
SKEW      1.44  1.16  1.39   .96   .90  1.17   .56   .93  1.12  1.26  1.05   .93
% NNE    17.73 15.83 13.14  8.54  5.33  3.34  3.27  4.85  8.33 11.98 15.86 17.04
MEAN      5.18  4.97  4.74  4.55  4.05  3.38  3.53  3.52  4.09  4.64  4.85  4.92
STD DEV   2.60  2.43  2.33  2.15  1.98  1.43  1.50  1.58  2.00  2.17  2.30  2.41
SKEW      1.06   .88   .91   .78  1.07   .74   .47   .96  1.14   .88   .78   .82
% NE     15.63 14.34 11.74  7.78  6.24  4.63  4.43  6.45  8.98 11.99 17.10 15.64
MEAN      4.59  4.35  4.37  4.26  3.84  3.58  3.06  3.13  3.47  4.27  4.44  4.41
STD DEV   2.37  2.33  2.16  2.22  2.01  1.77  1.29  1.52  1.76  2.24  2.23  2.16
SKEW      1.12  1.02   .74   .90   .86  1.04   .62   .92  1.11  1.13  1.06   .95
% ENE     6.62  6.53  5.37  4.96  4.67  3.37  2.86  3.51  4.89  5.59  7.36  6.07
MEAN      4.82  4.81  4.90  5.05  4.73  4.22  3.45  3.82  4.33  4.77  4.86  4.58
STD DEV   2.22  2.43  2.51  2.34  2.29  2.05  1.66  1.86  2.10  2.39  2.27  2.05
SKEW      1.05  1.11   .82   .59   .63   .66   .68   .92   .94   .99   .95   .93
% E       5.15  4.73  4.44  5.74  7.02  5.05  4.10  4.93  6.18  6.39  6.41  5.35
MEAN      4.79  4.44  4.61  4.72  4.62  3.89  3.36  3.49  3.96  4.66  4.90  4.85
STD DEV   2.35  2.21  2.59  2.44  2.34  1.94  1.66  1.70  2.04  2.44  2.38  2.38
SKEW       .50   .87  1.24   .89   .79   .61  1.11   .81  1.14  1.46   .89  1.02
% ESE     3.84  3.83  4.06  4.90  5.99  4.51  4.10  4.37  5.41  5.08  4.45  3.92
MEAN      5.23  5.00  4.69  4.72  4.59  3.93  3.41  3.76  4.16  5.18  5.02  4.99
STD DEV   2.30  2.13  2.23  2.26  2.20  1.80  1.50  1.95  1.84  2.55  2.29  2.18
SKEW       .31   .58   .72   .79   .78   .74  1.33   .76   .48  1.21  1.02   .76
% SE      2.79  3.05  3.27  4.88  5.74  4.37  4.44  5.10  5.59  4.76  3.62  3.10
MEAN      4.43  4.69  4.06  4.38  4.01  3.81  3.42  3.60  3.79  4.17  4.50  4.46
STD DEV   2.10  2.28  2.11  2.23  1.83  1.82  1.68  1.72  1.79  2.07  2.06  2.06
SKEW       .68   .44   .82   .94   .83   .89   .90   .86   .62   .98   .85   .68
% SSE     1.84  2.54  2.24  3.11  3.78  3.46  4.21  4.21  4.04  3.62  2.73  2.32
MEAN      4.88  5.17  4.63  4.60  4.01  3.95  3.81  3.97  4.57  4.76  5.10  4.80
STD DEV   2.23  2.38  2.20  2.22  1.72  1.92  1.84  1.95  2.20  2.15  2.16  1.99
SKEW       .32   .32   .65   .79   .69   .98   .77   .83   .69   .46   .28   .58
% S       1.78  2.80  3.14  4.60  7.05  9.02  9.77  7.67  5.20  3.89  2.46  1.96
MEAN      4.61  4.78  4.31  4.05  4.04  3.83  3.73  3.63  4.06  4.48  4.62  5.06
STD DEV   2.51  2.48  2.29  1.86  1.81  1.60  1.64  1.64  1.90  2.20  2.21  2.51
SKEW       .58   .53   .67   .57   .64   .55   .46   .81   .54   .62   .38   .67
% SSW     1.58  2.03  3.12  4.60  6.71 10.68 10.57  8.21  4.09  3.07  1.79  1.94
MEAN      4.92  4.99  4.87  4.41  4.27  4.16  4.04  4.19  4.19  4.77  4.93  5.54
STD DEV   2.17  2.34  2.47  1.99  1.63  1.56  1.61  1.70  1.84  2.16  2.06  2.37
SKEW       .31   .61   .76   .75   .56   .48   .58   .50   .71   .50   .51   .26
% SW      2.45  3.92  5.47  8.54 11.64 15.95 15.23 11.58  7.41  4.64  2.76  3.58
MEAN      4.68  5.02  4.66  4.31  4.38  4.38  4.15  4.02  3.98  4.40  4.95  5.10
STD DEV   2.03  2.23  2.29  1.96  1.79  1.69  1.59  1.62  1.74  1.91  2.76  2.68
SKEW       .17   .42  1.04   .68   .47   .39   .35   .59   .63   .50   .87  1.60
% WSW     1.74  2.29  2.81  5.23  6.86  9.65  9.90  8.30  4.58  3.23  1.77  2.06
MEAN      4.52  4.78  4.64  4.58  4.54  4.60  4.28  4.21  4.18  4.89  4.89  5.64
STD DEV   2.31  2.08  1.87  1.67  1.70  1.58  1.47  1.58  1.56  2.00  2.03  2.51
SKEW      1.42   .31   .41   .28   .23   .28   .32   .49   .47   .55   .28  1.50
% W       1.83  1.90  2.28  3.57  5.06  5.33  5.02  3.93  2.86  1.70  1.33  1.71
MEAN      3.86  3.84  3.90  3.79  3.88  3.97  3.71  3.53  3.59  3.74  4.29  4.60
STD DEV   2.00  1.93  2.03  1.66  1.67  1.60  1.48  1.45  1.56  1.61  2.13  2.68
SKEW      1.13   .48   .94   .59   .52   .45   .44   .41   .37   .44  1.73  2.15
% WNW     1.13  1.19  1.82  2.32  2.17  1.87  1.68  1.89  1.49  1.17  1.08  1.33
MEAN      3.49  3.89  3.61  3.94  3.66  3.42  3.17  3.42  3.40  3.63  3.84  3.89
STD DEV   1.56  1.95  1.72  1.66  1.52  1.30  1.27  1.45  1.35  1.57  1.48  1.97
SKEW       .73   .87   .89   .73   .51   .56   .60   .73   .69   .54   .46  1.50
% NW      2.22  2.08  3.55  3.26  2.42  1.67  1.38  1.65  2.69  2.60  1.82  2.05
MEAN      3.52  3.74  3.91  3.48  3.27  2.88  2.52  2.93  2.98  3.56  4.10  3.43
STD DEV   1.87  2.16  1.99  1.60  1.57  1.28   .98  1.32  1.47  1.67  2.29  1.64
SKEW      1.19  1.32   .92   .61   .79   .98   .71   .88   .97   .99  1.24  1.23
% NNW     3.60  3.55  5.10  4.41  2.39  1.66  1.48  2.10  3.43  3.50  3.08  3.32
MEAN      4.60  4.89  4.68  4.29  3.54  3.42  2.93  3.32  3.99  4.22  5.13  4.42
STD DEV   2.59  2.88  2.40  2.02  1.52  1.59  1.13  1.60  1.97  2.28  2.92  2.44
SKEW      1.15  1.15  1.04   .66   .58   .94   .50  1.05   .90  1.15  1.01  1.05
CALM     15.48 14.03 12.45 12.49 10.60 11.38 13.91 15.32 15.12 13.84 13.37 14.96
                                                                                
INTERPOLATED DATA (station & weighting factor)                                  
                                                                                
---Wind Stations---                                                             
KENAI         AK     .404  HOMER         AK     .357  MIDDLETON AFS AK     .238 
