 Poland    Strachowice                                                          
 LATT=  51.10 LONG=  16.89 YEARS= 10. TYPE= 4
 ELEVATION =  397. TP5 = 1.65 TP6= 4.35
 MEAN P    .08   .09   .10   .14   .21   .19   .30   .17   .22   .14   .10   .08
 S DEV P   .08   .10   .12   .15   .26   .29   .43   .21   .31   .18   .12   .08
 SKEW  P  1.69  2.29  2.36  1.86  2.30  3.55  2.40  2.28  2.71  2.69  2.59  1.67
 P(W/W)    .62   .65   .55   .56   .55   .51   .57   .42   .54   .60   .55   .57
 P(W/D)    .36   .21   .25   .24   .29   .30   .31   .29   .25   .21   .30   .32
 TMAX AV 35.37 38.83 48.13 59.17 66.31 73.99 77.38 77.48 67.70 57.43 47.36 40.02
 TMIN AV 27.35 27.98 33.50 40.99 48.19 55.14 58.41 57.73 50.43 43.18 37.52 31.27
 SD TMAX  8.90  9.70  9.85 10.28  9.16  8.62  7.89  7.99  8.12  8.51  8.05  8.18
 SD TMIN  9.44  9.03  7.95  6.50  6.49  5.35  5.02  5.68  5.89  6.83  7.25  9.22
 SOL.RAD   67.  125.  213.  324.  398.  456.  429.  366.  243.  138.   69.   50.
 SD SOL   25.6  44.6  75.9 101.5 126.8 116.1 113.9  88.5  78.8  54.3  28.1  17.1
 MX .5 P   .10   .06   .09   .17   .35   .46   .94   .41   .39   .14   .12   .06
 DEW PT  27.14 27.33 32.12 38.60 46.75 52.89 55.74 55.52 50.12 43.58 38.02 31.47
Time Pk   .130  .230  .320  .410  .500  .590  .670  .750  .830  .890  .950 1.000
% N       8.26  6.77  5.53  6.71  5.16  3.34  3.49  4.97  3.72  5.18  6.18  6.06
MEAN      4.35  4.55  4.47  4.35  4.27  3.65  3.57  3.54  3.48  3.83  3.91  4.22
STD DEV   2.27  2.43  2.14  2.03  2.16  1.66  1.63  1.61  1.40  1.84  1.78  2.17
SKEW       .77   .91   .71   .75   .90   .56   .69   .67   .48   .94   .47   .75
% NNE    11.02 11.41  9.75  7.76  6.85  4.98  3.05  5.39  4.57  7.50  7.49  7.59
MEAN      4.51  4.47  4.70  4.47  4.41  4.04  3.12  3.80  3.77  4.03  3.87  4.19
STD DEV   2.12  2.11  2.06  1.99  2.06  1.71  1.23  1.62  1.67  1.76  1.62  1.97
SKEW       .68   .92   .66   .67   .78   .39   .38   .42   .74   .54   .59   .77
% NE      6.48  7.81  6.98  4.82  5.40  3.48  2.22  4.02  4.11  5.09  5.64  3.93
MEAN      3.70  4.00  4.57  3.82  4.00  3.69  3.10  3.41  3.75  3.89  3.66  3.65
STD DEV   1.79  1.86  1.87  1.63  1.67  1.51  1.28  1.42  1.81  1.60  1.67  1.72
SKEW       .66  1.18   .49   .51   .47   .72   .41   .46   .91   .59   .84   .79
% ENE     2.65  3.67  4.34  3.02  3.37  2.30  1.45  2.24  1.87  2.36  2.86  2.08
MEAN      3.36  3.58  4.47  3.63  3.71  3.79  3.27  3.49  3.83  3.80  4.01  3.51
STD DEV   1.57  1.51  1.86  1.59  1.55  1.48  1.25  1.18  1.54  1.58  1.91  1.75
SKEW       .64   .67   .48   .79   .53   .33   .54   .15   .66   .69   .68   .66
% E       1.21  1.33  2.11  1.25  2.20  1.69   .93  1.57  1.19  1.08  1.73  1.52
MEAN      2.40  2.53  3.83  2.65  2.90  2.91  2.81  2.72  3.19  2.85  3.47  3.50
STD DEV   1.01  1.09  1.77  1.12  1.17  1.18  1.14  1.09  1.36  1.04  2.01  2.16
SKEW       .85   .66   .40   .63   .42   .37   .95   .20   .85   .36  1.43   .93
% ESE     1.13  1.30  2.12  2.59  3.16  1.72  1.33  1.30  1.23  1.61  1.66  1.50
MEAN      2.94  3.15  4.30  4.13  3.41  2.84  2.92  2.80  2.66  3.21  3.65  3.46
STD DEV   1.48  1.70  2.15  2.13  1.55   .96  1.34  1.29  1.04  1.51  3.23  1.76
SKEW       .66  1.60   .60  1.08  1.30   .55   .74  1.01   .18   .80  2.69   .96
% SE      1.65  1.77  2.33  2.54  3.68  2.78  2.12  1.95  1.92  2.63  2.27  1.57
MEAN      2.59  2.83  3.79  3.36  3.09  3.17  2.91  2.69  2.64  3.24  2.88  3.23
STD DEV   1.38  1.13  1.63  1.59  1.32  1.24  1.34  1.14  1.08  1.68  1.18  1.36
SKEW      1.65   .53   .42   .71   .74   .58   .93  1.02   .46   .96   .80   .98
% SSE     4.00  3.71  5.13  5.36  6.06  5.88  5.41  3.95  5.05  4.96  4.63  4.05
MEAN      4.03  3.77  4.64  4.12  3.86  3.65  3.54  3.51  3.77  3.60  3.97  4.25
STD DEV   2.17  1.75  2.23  1.99  1.69  1.43  1.53  1.59  1.67  1.66  1.94  2.42
SKEW       .88  1.02   .66   .90   .72   .23   .60  1.05   .71   .93   .99  1.28
% S       5.00  5.01  4.64  6.57  7.87  9.46  9.21  9.25  8.93  7.63  6.52  5.54
MEAN      3.69  3.91  4.12  4.02  3.83  3.78  3.63  3.64  3.91  3.69  3.85  3.82
STD DEV   1.97  1.95  1.79  1.75  1.59  1.57  1.48  1.65  1.65  1.57  1.83  1.74
SKEW      1.28  1.23   .44   .44   .52   .29   .53   .86   .54   .49  1.09   .77
% SSW     5.98  5.00  5.03  7.99 10.63 15.16 13.72 10.39 12.69 10.31  8.33  7.55
MEAN      4.35  4.00  4.48  4.71  4.50  4.42  4.16  4.13  4.54  4.28  4.74  4.74
STD DEV   1.97  1.63  1.69  1.91  1.89  1.66  1.60  1.62  1.84  1.70  2.30  2.01
SKEW       .69   .55   .59   .49   .59   .37   .26   .48   .45   .36   .96   .61
% SW      4.87  4.32  4.01  6.04  6.32  8.44  9.59  8.70  9.56  8.05  6.48  7.08
MEAN      3.88  3.73  3.99  4.30  3.84  3.73  3.80  3.77  3.95  3.98  4.04  4.10
STD DEV   1.85  1.66  1.82  2.03  1.79  1.56  1.69  1.59  1.70  1.70  1.81  1.96
SKEW       .67   .62   .64   .82   .70   .45   .67   .57   .68   .55   .70   .84
% WSW     3.97  3.28  3.56  5.08  4.42  5.73  6.75  5.27  5.42  4.95  4.61  5.49
MEAN      4.53  4.09  4.51  4.56  4.30  4.02  4.00  3.83  3.95  4.23  4.27  4.43
STD DEV   2.19  1.60  1.95  2.00  1.98  1.64  1.73  1.60  1.69  1.88  1.88  1.98
SKEW       .55  -.10   .44   .40   .54   .52   .66   .67   .57   .56   .60   .45
% W       4.57  4.07  4.75  4.91  4.32  3.99  5.71  5.90  4.83  4.02  5.15  5.38
MEAN      4.91  4.41  4.59  4.35  3.97  3.83  3.81  3.80  3.90  3.86  3.86  4.55
STD DEV   2.63  1.94  2.11  1.86  1.88  1.69  1.60  1.69  1.51  1.72  1.76  2.18
SKEW       .60   .29   .26   .39   .50   .57   .54   .77   .41   .57   .67   .49
% WNW     9.59 11.16 11.64  9.62  6.47  7.78  9.51  8.92  8.89  8.28  8.45 10.73
MEAN      6.15  6.65  6.24  5.50  4.96  5.33  4.56  4.60  4.92  5.28  5.21  5.90
STD DEV   2.79  3.11  2.98  2.46  2.44  2.39  1.96  1.99  2.08  2.23  2.21  2.63
SKEW       .68   .55   .97   .56  1.03   .52   .62   .74   .54   .50   .45   .43
% NW      8.45  9.18 11.61  7.44  6.28  5.47  8.35  8.21  7.61  7.99  7.96  9.76
MEAN      5.95  6.44  6.10  5.36  5.36  5.24  4.80  4.46  4.84  5.24  4.80  5.38
STD DEV   3.01  2.90  2.72  2.49  2.69  2.37  2.03  1.96  2.22  2.34  2.42  2.52
SKEW       .69   .25   .45   .52  1.09   .48   .42   .63   .68   .51   .91   .51
% NNW     8.68  8.90  8.76  9.07  7.18  5.96  6.20  5.69  5.46  6.67  7.53  7.63
MEAN      5.51  6.11  5.49  5.49  5.42  5.23  4.70  4.31  4.82  5.14  4.74  5.02
STD DEV   2.67  2.84  2.48  2.62  2.46  2.38  2.00  1.88  2.20  2.45  2.23  2.40
SKEW       .58   .33   .52   .71   .65   .51   .55   .67   .70   .61   .71   .87
CALM     12.46 11.23  7.73  9.37 10.63 11.84 10.98 12.50 12.89 11.79 12.51 12.68
                                                                                
INTERPOLATED DATA (station & weighting factor)                                  
                                                                                
---Wind Stations---                                                             
AUGUSTA/STATE ME     .612  OLD TOWN/DEWI ME     .241  MONTPELIER/ED VT     .147 
