 Spain    Font-Rubi                                                             
 LATT=  41.43 LONG=   1.62 YEARS= 10. TYPE= 3
 ELEVATION = 1358. TP5 = 2.38 TP6= 5.78
 MEAN P    .23   .26   .38   .33   .29   .26   .36   .28   .38   .45   .48   .27
 S DEV P   .35   .39   .60   .40   .46   .36   .66   .41   .66   .62   .68   .56
 SKEW  P  2.28  2.96  3.68  1.89  3.30  2.07  2.45  1.62  3.34  1.84  1.97  4.38
 P(W/W)    .42   .38   .48   .46   .40   .30   .14   .15   .32   .48   .50   .43
 P(W/D)    .14   .16   .16   .21   .15   .13   .12   .13   .14   .14   .13   .06
 TMAX AV 52.16 54.15 60.27 64.85 71.08 79.04 84.27 83.15 76.58 69.59 58.95 53.38
 TMIN AV 34.90 35.51 40.51 45.89 51.32 59.39 64.93 64.62 58.63 52.09 42.27 36.23
 SD TMAX  5.51  6.93  6.74  5.94  6.29  6.35  4.48  4.99  5.08  6.05  6.03  4.37
 SD TMIN  5.92  6.33  5.81  4.39  4.93  4.57  3.19  3.40  4.46  6.11  7.25  5.56
 SOL.RAD  158.  229.  336.  438.  556.  611.  611.  517.  376.  253.  168.  139.
 SD SOL   47.9  76.0  99.6 128.7 118.2 102.2  76.9  98.8  98.5  80.1  53.7  38.9
 MX .5 P   .07   .07   .24   .31   .29   .29   .50   .27   .36   .33   .28   .01
 DEW PT  35.38 33.97 38.58 44.63 49.19 55.62 61.39 62.76 58.92 52.95 42.69 37.54
Time Pk   .200  .310  .400  .480  .560  .650  .720  .780  .840  .900  .960 1.000
% N       7.13  5.66  4.35  4.55  3.77  2.53  2.91  3.12  5.16  5.06  4.30  5.38
MEAN      5.29  5.32  4.92  5.22  4.32  4.22  3.82  3.69  4.26  4.58  4.85  4.95
STD DEV   2.21  2.43  2.12  2.40  1.86  1.90  1.85  1.65  1.99  2.11  2.34  2.27
SKEW       .24   .33   .45   .45   .37   .58   .60   .32   .51   .32   .60   .48
% NNE     7.55  6.26  5.22  5.06  4.93  2.59  4.22  4.40  5.84  5.12  3.53  4.11
MEAN      5.34  5.09  5.13  5.20  4.43  4.10  3.71  3.99  4.37  4.48  5.00  4.85
STD DEV   2.13  2.05  2.02  2.28  1.80  1.71  1.49  1.73  1.85  1.85  2.28  2.14
SKEW       .38   .58   .26   .43   .41   .48   .20   .45   .46   .18   .61   .53
% NE      4.48  4.32  4.34  3.96  4.80  2.92  4.43  5.01  6.45  4.25  3.27  3.02
MEAN      4.44  4.48  4.52  4.76  4.15  3.65  3.43  3.63  3.89  4.04  4.46  4.01
STD DEV   1.86  1.94  1.86  2.18  1.86  1.60  1.47  1.55  1.72  1.93  2.15  1.75
SKEW       .22   .62   .37   .67   .52   .37   .50   .64   .66   .54   .54   .58
% ENE     2.87  3.18  3.68  3.50  3.90  2.70  3.52  4.71  5.02  2.65  1.92  2.32
MEAN      3.95  4.23  4.54  4.44  4.01  3.98  3.60  3.64  3.78  3.87  4.16  3.94
STD DEV   1.90  2.01  1.83  1.86  1.68  1.80  1.54  1.44  1.67  1.74  1.90  1.59
SKEW       .83   .98   .55   .49   .51   .61   .67   .39   .53   .74   .16   .43
% E       1.98  2.91  3.46  3.01  3.39  2.58  3.45  4.41  3.82  2.80  1.94  1.78
MEAN      3.38  3.86  4.25  3.94  3.65  3.41  3.21  3.23  3.55  3.15  3.55  3.71
STD DEV   1.51  1.87  2.13  1.81  1.53  1.48  1.43  1.41  1.54  1.30  1.65  1.70
SKEW       .92   .78  1.11   .74   .46   .62   .67   .67   .67   .55   .41   .55
% ESE     1.89  2.79  2.96  2.81  3.55  2.90  3.41  4.20  3.22  2.42  1.72  1.82
MEAN      4.12  4.65  4.97  4.49  4.09  3.72  3.82  3.57  3.48  3.67  3.66  4.22
STD DEV   1.78  2.01  2.14  2.02  1.75  1.54  1.73  1.47  1.24  1.56  1.60  1.70
SKEW       .34   .44   .41   .57   .41   .41   .50   .55   .45   .51   .39   .38
% SE      4.29  5.39  5.80  5.55  7.49  6.42  6.99  8.70  8.21  7.38  3.94  4.51
MEAN      5.10  5.47  5.62  5.42  4.86  4.24  3.80  3.67  3.96  4.34  4.25  5.10
STD DEV   2.49  2.52  2.45  2.56  2.29  1.78  1.57  1.50  1.61  1.99  1.94  2.40
SKEW       .70   .45   .41   .44   .61   .46   .44   .40   .49   .65   .63   .53
% SSE    10.92 10.82 12.86 13.96 14.92 15.53 13.82 14.97 15.85 15.22 12.98 12.89
MEAN      6.07  6.34  6.72  6.20  5.59  4.92  4.35  4.19  4.78  5.13  5.79  6.15
STD DEV   2.56  2.57  2.66  2.60  2.38  2.02  1.71  1.55  1.90  2.10  2.51  2.40
SKEW       .46   .30   .45   .75   .58   .64   .65   .36   .62   .47   .44   .23
% S      11.70 10.84  9.00 12.57 12.80 19.01 15.17 14.18 13.00 14.92 13.75 12.69
MEAN      5.97  5.75  6.14  6.17  5.20  5.00  4.25  4.01  4.44  4.91  5.29  5.65
STD DEV   2.72  2.59  3.01  2.71  2.44  2.17  1.79  1.68  2.05  2.21  2.57  2.46
SKEW       .43   .47   .77   .48   .56   .54   .55   .66   .79   .49   .60   .50
% SSW    12.75 11.19  9.30 12.18 10.78 17.09 13.45 10.92  8.74 10.51 11.68 12.83
MEAN      6.29  6.01  6.42  6.53  5.44  5.38  4.79  4.36  4.96  4.88  5.48  5.57
STD DEV   2.93  2.76  2.90  2.98  2.54  2.21  2.05  1.76  2.16  2.25  2.59  2.58
SKEW       .63   .54   .34   .44   .52   .39   .50   .38   .38   .56   .62   .57
% SW      4.89  5.13  4.49  4.12  4.76  6.45  6.76  5.33  3.90  4.71  5.60  7.09
MEAN      5.02  4.94  5.37  5.20  4.26  4.65  4.24  4.21  4.32  4.02  4.67  4.56
STD DEV   2.53  2.41  2.81  2.60  2.13  2.14  1.87  1.95  2.16  2.00  2.39  2.30
SKEW       .65   .54   .76   .38   .71   .49   .46   .57   .59   .89   .93  1.18
% WSW     3.43  3.44  4.47  2.46  2.44  2.64  3.00  2.62  1.94  2.16  3.70  3.92
MEAN      4.84  5.06  6.52  4.95  4.14  4.05  3.91  4.02  3.99  3.92  4.68  4.84
STD DEV   2.29  2.35  2.83  2.64  1.86  1.60  1.63  1.67  1.92  1.77  2.29  2.21
SKEW       .48   .47   .29   .69   .80   .30   .37   .28   .59   .50   .58   .70
% W       3.77  4.46  5.65  3.68  3.27  2.51  2.73  1.81  1.79  2.27  4.22  5.17
MEAN      4.57  4.79  6.14  5.50  4.02  3.77  3.31  3.15  3.23  3.65  4.33  4.70
STD DEV   2.40  2.38  2.83  2.82  1.81  1.69  1.47  1.47  1.53  1.68  2.00  2.12
SKEW       .76   .73   .49   .54   .59   .69   .42   .48   .66   .61   .65   .60
% WNW     5.03  5.60  7.72  5.73  3.64  2.20  2.04  1.65  1.77  2.71  6.46  6.09
MEAN      5.58  5.37  6.51  6.61  4.74  4.32  3.40  3.75  3.58  4.66  5.17  5.37
STD DEV   2.61  2.35  2.60  2.92  2.34  1.94  1.49  1.54  1.53  2.20  2.40  2.26
SKEW       .46   .31   .17   .52   .69   .55   .64   .43   .32   .61   .51   .43
% NW      5.86  5.76  6.42  6.12  3.88  2.16  2.14  2.12  2.64  4.26  7.04  5.74
MEAN      4.70  5.12  5.74  5.71  4.56  3.99  3.23  3.47  3.53  4.57  5.10  5.04
STD DEV   2.25  2.22  2.45  2.66  2.16  2.04  1.43  1.51  1.68  2.28  2.21  2.24
SKEW       .57   .36   .24   .39   .52   .56   .51   .39   .62   .51   .29   .53
% NNW     7.52  7.70  6.25  6.69  4.06  2.32  2.46  2.97  4.39  4.92  7.02  6.08
MEAN      5.33  5.53  5.68  5.73  4.97  4.39  3.67  3.96  4.39  4.79  5.33  5.28
STD DEV   2.19  2.16  2.26  2.42  2.18  2.03  1.58  1.69  2.02  2.09  2.20  2.25
SKEW       .29   .15   .18   .28   .44   .59   .57   .39   .43   .47   .31   .34
CALM      3.97  4.54  4.05  4.03  7.57  7.45  9.48  8.85  8.14  8.66  6.85  4.58
                                                                                
INTERPOLATED DATA (station & weighting factor)                                  
                                                                                
---Wind Stations---                                                             
SPRINGFIELD   MO     .346  JOPLIN        MO     .333  FAYETTEVILLE  AR     .321 
