 Sweden    Lottorp_D                                                            
 LATT=  57.16 LONG=  16.95 YEARS= 10. TYPE= 4
 ELEVATION =   20. TP5 = 1.51 TP6= 4.44
 MEAN P    .13   .13   .10   .11   .15   .22   .24   .17   .15   .16   .20   .13
 S DEV P   .15   .16   .14   .14   .22   .29   .40   .25   .15   .22   .27   .14
 SKEW  P  2.46  2.82  3.83  2.84  5.18  2.98  2.96  3.49  1.50  2.27  2.68  2.91
 P(W/W)    .55   .51   .54   .39   .51   .47   .44   .51   .54   .56   .64   .55
 P(W/D)    .38   .29   .22   .20   .18   .26   .25   .28   .23   .32   .31   .40
 TMAX AV 34.47 35.39 40.38 47.18 55.58 64.04 69.03 68.20 61.56 51.89 44.41 39.04
 TMIN AV 29.00 29.32 31.96 37.28 44.95 53.20 58.87 58.09 52.66 45.16 39.37 33.32
 SD TMAX  5.77  6.13  6.43  5.48  6.17  4.90  4.53  4.03  4.26  4.86  4.90  6.45
 SD TMIN  6.38  6.30  5.65  4.44  5.22  3.95  3.83  3.75  4.27  5.41  5.34  6.92
 SOL.RAD   37.   88.  187.  319.  427.  473.  444.  349.  216.  101.   40.   24.
 SD SOL   14.2  35.3  70.2  99.4 123.9 126.2 122.4  99.3  72.8  43.1  16.3   8.6
 MX .5 P   .12   .08   .07   .10   .18   .36   .64   .37   .27   .19   .16   .09
 DEW PT  27.39 27.87 29.87 34.50 42.51 50.26 56.45 55.86 50.66 43.02 38.27 32.27
Time Pk   .130  .230  .320  .410  .500  .590  .670  .750  .830  .890  .950 1.000
% N       7.44  6.44  5.69  4.16  3.30  3.08  2.56  4.38  5.23  5.27  6.26  7.00
MEAN      5.66  5.60  5.59  5.38  5.00  4.48  4.40  4.38  4.54  5.01  5.21  5.53
STD DEV   2.39  2.37  2.39  2.28  2.14  1.63  1.75  1.80  1.78  2.10  2.15  2.34
SKEW       .64   .81   .80   .65   .67   .15   .71  1.06   .74   .66   .78   .65
% NNE     3.19  3.97  4.25  3.62  3.94  3.00  2.22  3.36  4.22  4.90  3.71  3.27
MEAN      5.53  5.53  5.81  6.28  5.42  5.21  4.40  4.75  5.39  5.70  5.17  5.25
STD DEV   2.73  2.65  2.68  3.05  2.50  2.57  1.90  2.14  2.61  2.74  2.47  2.78
SKEW       .53   .71   .75   .53   .68  1.03   .61   .91  1.24   .83   .71   .89
% NE      2.77  3.16  4.60  5.06  5.27  4.10  2.80  3.96  4.59  4.92  3.46  2.35
MEAN      6.04  5.89  6.71  6.73  5.91  5.41  4.67  4.86  5.66  6.37  6.24  5.94
STD DEV   4.04  3.18  3.17  3.02  2.57  2.39  2.12  2.00  2.87  2.99  4.05  3.46
SKEW      1.13   .70   .81   .43   .51   .45   .64   .48  1.39   .49  1.82   .60
% ENE     1.84  2.70  4.55  5.24  6.33  4.95  3.32  4.07  4.59  4.18  3.47  2.04
MEAN      7.10  6.35  7.18  6.21  5.62  4.98  4.44  4.51  5.32  6.12  6.43  6.92
STD DEV   3.71  3.80  3.64  2.97  2.24  2.12  1.83  1.69  2.15  2.79  3.63  3.58
SKEW       .21  1.44   .74   .78   .38   .41   .50   .56   .06   .46  1.55   .21
% E       1.73  3.45  5.28  6.15  7.00  6.30  5.52  5.83  5.22  4.81  3.15  2.02
MEAN      6.01  6.07  6.34  5.59  5.37  5.04  4.75  4.63  4.86  5.50  6.75  6.95
STD DEV   3.30  3.45  3.04  2.19  2.01  1.76  1.69  1.63  1.83  2.47  3.83  3.70
SKEW       .69  1.13  1.13   .55   .25  -.04   .06   .19   .34   .82  1.41   .60
% ESE     1.50  3.13  4.58  6.65  7.00  6.35  6.64  6.42  5.12  4.61  3.12  1.73
MEAN      4.36  5.13  5.52  5.75  5.46  4.86  4.70  4.76  4.61  4.80  5.15  5.70
STD DEV   2.24  2.58  2.26  2.11  2.07  1.70  1.67  1.62  1.48  1.68  2.78  3.28
SKEW      1.11   .96   .43   .34   .09   .26   .08   .30   .31   .56  2.15   .99
% SE      1.83  2.57  3.52  4.41  4.85  4.38  5.00  5.37  4.31  3.48  2.82  1.78
MEAN      4.49  4.53  4.73  5.04  4.60  4.37  4.26  4.34  4.10  4.35  4.49  5.08
STD DEV   2.14  2.03  1.94  1.92  1.71  1.49  1.47  1.41  1.47  1.75  1.94  2.35
SKEW       .56  1.07   .89   .16   .06   .15  -.05  -.02   .36   .86   .81   .43
% SSE     2.29  2.76  2.83  2.90  3.33  3.42  3.33  3.57  3.33  2.74  2.75  2.29
MEAN      4.48  4.21  4.52  4.37  4.10  3.71  3.79  3.79  3.95  4.09  4.45  4.60
STD DEV   2.05  1.80  2.03  1.74  1.62  1.37  1.39  1.38  1.54  1.78  1.74  2.38
SKEW       .77   .93  1.26   .37   .83   .41   .38   .58   .63  1.31   .86  1.14
% S       3.45  4.05  3.98  4.77  5.68  5.76  6.08  5.52  5.00  4.94  4.53  4.01
MEAN      4.79  4.99  5.07  5.58  5.10  4.83  4.41  4.58  4.47  4.45  4.80  4.77
STD DEV   2.18  2.25  2.34  2.52  2.23  2.10  1.85  2.06  1.73  1.94  2.13  2.16
SKEW      1.13  1.19   .82   .69   .66   .46   .51   .98   .52  1.02  2.05  1.36
% SSW     4.68  4.50  5.10  7.77  8.78 10.42 10.50  8.69  8.09  7.05  6.24  4.97
MEAN      5.84  5.82  6.16  6.52  5.79  5.59  5.35  5.21  5.40  5.27  5.83  5.48
STD DEV   2.33  2.36  2.59  2.50  2.46  2.00  2.02  2.04  2.13  2.29  2.64  2.34
SKEW       .53   .54   .50   .31   .52   .34   .39  1.04   .71   .93  1.33   .84
% SW      7.94  6.28  6.35  8.51 10.33 14.40 14.20 12.18 11.90 10.92  9.98  9.47
MEAN      6.09  6.14  5.74  6.23  5.89  5.57  5.18  5.00  5.27  5.26  6.10  5.94
STD DEV   2.23  2.28  2.18  2.37  2.19  1.91  1.79  1.85  1.92  1.99  2.46  2.22
SKEW       .56   .71   .61   .55   .44   .48   .35   .52   .28   .52   .71   .59
% WSW     8.19  7.05  5.39  5.99  6.20  8.78  9.91  8.82  7.83  8.04  7.28  8.75
MEAN      6.07  6.14  5.94  6.01  5.48  5.08  5.21  4.97  5.14  5.32  5.79  6.10
STD DEV   2.34  2.17  2.36  2.32  2.07  1.82  1.87  1.80  1.98  2.00  2.24  2.16
SKEW       .69   .37   .46   .49   .38   .38   .68   .50   .48   .54   .47   .40
% W      10.95  9.93  8.85  7.60  7.01  7.16  8.82  8.20  6.59  7.70  9.61 11.05
MEAN      6.67  7.10  7.10  6.70  5.75  5.41  5.07  4.87  5.08  5.58  6.02  6.39
STD DEV   2.63  2.74  2.90  2.55  2.26  2.12  1.97  1.80  1.98  2.41  2.47  2.53
SKEW       .61   .64   .68   .58   .41   .65   .50   .43   .60   .64   .64   .60
% WNW    15.56 16.16 12.53 10.74  8.38  7.63  9.01  8.58  8.42  9.85 13.16 16.62
MEAN      7.00  7.10  7.09  6.75  5.85  5.45  5.05  4.83  5.06  5.75  6.27  6.75
STD DEV   2.75  2.63  2.47  2.61  2.27  2.12  1.86  1.79  1.90  2.41  2.43  2.65
SKEW       .54   .37   .34   .57   .57   .51   .72   .70   .56   .60   .47   .48
% NW     15.50 13.36 12.94  9.69  7.21  5.80  5.87  6.00  8.38  8.84 11.64 13.61
MEAN      6.90  6.85  7.07  6.69  6.31  5.38  5.13  4.94  5.17  5.67  6.13  6.57
STD DEV   2.72  2.74  2.48  2.52  2.49  2.15  2.07  1.96  1.84  2.28  2.59  2.71
SKEW       .49   .51   .32   .49   .41   .50   .75   .61   .33   .46   .76   .80
% NNW    10.48  9.92  9.09  6.40  4.73  3.79  3.58  4.53  6.37  7.05  7.94  8.61
MEAN      5.94  6.09  6.47  6.06  5.88  5.24  4.78  4.95  5.11  5.57  5.82  5.96
STD DEV   2.29  2.22  2.30  2.25  2.16  1.90  1.84  1.96  1.91  2.25  2.37  2.36
SKEW       .47   .59   .50   .38   .32   .38   .56   .64   .52   .59   .58   .64
CALM       .61   .51   .42   .33   .65   .69   .60   .54   .70   .84   .80   .43
                                                                                
INTERPOLATED DATA (station & weighting factor)                                  
                                                                                
---Wind Stations---                                                             
BOSTON/LOGAN  MA    1.000  SQUANTUM      MA     .000  BEDFORD/HANSC MA     .000 
