 United States    Flomot 2E                                                     
 LATT=  34.23 LONG=-100.96 YEARS= 10. TYPE= 3
 ELEVATION = 2388. TP5 = 2.24 TP6= 4.44
 MEAN P    .29   .22   .26   .44   .47   .60   .52   .48   .43   .34   .29   .21
 S DEV P   .42   .31   .36   .85   .57   .75   .72   .63   .52   .46   .34   .29
 SKEW  P  2.41  2.49  2.30  4.18  2.23  1.99  3.68  2.25  2.05  2.26  1.29  2.57
 P(W/W)    .23   .38   .27   .42   .44   .34   .44   .41   .43   .47   .48   .34
 P(W/D)    .07   .11   .12   .14   .16   .16   .14   .13   .16   .11   .07   .09
 TMAX AV 55.93 60.10 70.90 78.35 84.88 92.76 94.08 94.17 86.79 76.98 65.47 55.96
 TMIN AV 31.13 33.66 42.54 50.31 58.91 69.35 71.94 71.06 64.61 52.37 41.18 33.53
 SD TMAX 12.14 14.39 10.95  9.64  9.98  6.95  5.93  6.06  7.24  9.94 10.72 11.65
 SD TMIN  9.20 10.94  9.95  8.70  8.30  4.99  4.07  4.99  6.25  9.09  9.47  9.45
 SOL.RAD  250.  318.  419.  512.  587.  634.  601.  554.  450.  355.  261.  210.
 SD SOL   68.3  86.1 108.4 128.5 131.8  94.4 111.3  98.4 118.0  91.5  69.5  61.3
 MX .5 P   .10   .15   .22   .48   .62   .94   .95   .74   .60   .30   .17   .13
 DEW PT  21.93 24.63 31.35 38.08 46.59 59.15 60.42 59.74 56.37 43.84 31.89 25.18
Time Pk   .120  .220  .320  .400  .480  .570  .650  .740  .820  .890  .960 1.000
% N       8.54  7.74  5.72  6.25  4.31  2.87  1.95  2.11  3.13  5.01  6.89  6.78
MEAN      6.23  7.18  6.51  6.78  6.17  4.40  4.18  3.65  4.67  5.66  6.04  6.25
STD DEV   2.80  3.60  3.36  3.32  2.75  2.17  2.40  2.41  2.85  3.03  3.27  2.76
SKEW       .39   .28   .64   .84   .44   .51  1.00  1.13  1.12   .64   .81   .36
% NNE     7.69  6.01  5.64  7.05  5.13  3.40  2.25  3.20  5.11  5.87  5.95  4.48
MEAN      6.44  6.22  6.57  7.10  5.87  5.46  4.84  4.54  5.43  5.89  6.00  6.45
STD DEV   2.86  2.92  2.70  3.53  2.75  2.21  2.96  2.12  2.54  2.73  2.72  2.93
SKEW       .55   .51   .32   .84   .70   .20  1.39   .84   .81   .47   .79   .69
% NE      4.57  4.93  5.61  6.64  4.70  2.50  3.41  4.04  5.60  4.58  3.97  4.08
MEAN      5.00  5.42  5.93  5.88  5.30  4.84  4.47  4.72  4.71  5.36  5.23  5.04
STD DEV   2.59  2.30  2.42  2.93  2.70  2.25  2.35  2.07  2.14  2.49  2.51  1.94
SKEW       .93   .25   .81   .68  1.56   .55  1.23   .69  1.08   .46   .64   .61
% ENE     3.54  3.96  3.95  4.70  5.23  3.57  3.28  4.89  5.19  2.66  2.17  2.72
MEAN      4.61  4.86  5.25  6.11  5.50  5.05  4.86  4.64  4.57  4.50  4.32  4.69
STD DEV   1.84  1.91  2.14  2.80  2.28  2.19  2.49  1.91  1.87  1.76  1.94  1.73
SKEW       .52   .17   .62   .95   .63   .35   .66   .48   .35   .56   .61   .43
% E       2.25  3.25  3.45  4.03  3.88  3.14  4.23  4.67  4.23  2.38  1.61  2.42
MEAN      4.13  4.48  5.33  5.02  5.01  4.82  4.35  3.99  3.83  3.68  3.56  3.91
STD DEV   1.72  1.70  2.30  2.24  2.14  2.20  1.89  1.65  1.45  1.44  1.61  1.70
SKEW       .34   .57   .61   .59   .57   .70  1.11   .31   .16   .30   .41   .61
% ESE     3.24  5.35  6.41  7.80  7.99  6.62 10.19  9.22  8.04  5.05  3.62  3.66
MEAN      3.96  4.56  4.98  5.37  5.10  4.92  4.47  4.21  4.10  4.04  4.06  3.88
STD DEV   1.41  1.62  1.97  2.36  2.25  1.94  1.90  1.54  1.43  1.81  1.50  1.41
SKEW       .21   .51   .85   .96  1.18   .69  1.05   .49   .26  1.19  -.02   .27
% SE      4.13  6.06  6.71  7.85  9.11 10.24 11.73 13.49 10.91  8.92  4.62  3.81
MEAN      3.96  4.67  5.37  5.72  5.46  5.23  4.58  4.30  4.35  4.62  4.47  4.16
STD DEV   1.59  1.92  2.18  2.46  2.75  1.98  2.00  1.49  1.51  1.72  1.67  1.67
SKEW       .34   .65   .28   .62  1.00   .58  1.17   .36   .38   .52   .70   .39
% SSE     6.56  7.98  9.97 10.55 14.54 21.40 18.49 16.51 16.32 13.69  8.39  7.84
MEAN      4.85  5.29  6.04  6.35  6.54  6.31  5.27  4.65  5.08  5.26  5.13  5.12
STD DEV   1.87  2.07  2.15  2.35  2.68  2.21  1.90  1.61  1.81  2.06  2.09  1.98
SKEW       .37   .38   .21   .71   .73   .32   .61   .52   .46   .82  1.15   .58
% S       6.78  6.42  7.57  7.59 10.45 16.06 15.08 12.47 11.70 10.91  6.97  8.94
MEAN      5.14  5.27  6.44  6.29  6.23  6.07  5.40  4.62  5.00  5.35  5.54  5.52
STD DEV   1.99  2.20  2.32  2.72  2.72  2.29  1.99  1.87  1.95  2.17  2.11  2.16
SKEW       .34   .57   .15   .55   .53   .19   .18  1.13   .32   .49   .55   .43
% SSW    14.01 12.97 10.63  8.16 11.26 13.76 12.90 10.77 11.50 13.68 10.85 14.31
MEAN      5.82  6.02  6.75  6.63  6.14  5.87  5.64  4.92  5.37  5.60  5.69  5.89
STD DEV   2.51  2.32  2.61  2.61  2.54  2.09  2.10  1.93  2.15  2.32  2.29  2.41
SKEW       .77   .30   .40   .39   .34   .26   .09   .52   .48   .53   .66   .51
% SW      9.62  7.59  5.46  5.98  5.73  5.08  4.99  5.14  4.66  6.48  7.59  8.33
MEAN      5.78  5.73  6.95  6.14  5.54  4.95  4.76  4.60  4.34  4.58  5.10  5.37
STD DEV   2.89  2.59  3.25  2.69  2.68  2.22  1.97  2.00  1.83  1.96  2.27  2.46
SKEW       .68   .65   .84   .53   .68   .27   .36   .48   .40   .63  1.19   .89
% WSW     6.01  5.47  5.79  4.22  3.39  2.62  1.98  2.89  2.57  4.02  6.06  7.18
MEAN      5.99  5.78  8.76  6.24  6.23  4.57  3.97  4.26  4.47  4.86  5.65  6.79
STD DEV   3.08  2.69  4.96  3.33  3.55  2.03  1.83  2.22  2.35  2.68  3.06  3.80
SKEW       .70   .51   .63   .96   .95   .66   .45  1.07  1.12   .95  1.21  1.20
% W       3.64  3.60  3.72  3.13  2.50  1.24  1.02  1.39  1.13  2.61  4.17  4.16
MEAN      5.96  5.36  7.53  5.47  6.97  3.59  3.03  3.42  3.24  4.62  4.52  6.39
STD DEV   3.61  3.09  4.71  3.03  4.72  1.31  1.15  1.62  1.40  2.88  2.56  4.26
SKEW       .86   .95   .74  1.03  1.18   .19   .26   .66   .18  1.03  1.04  1.23
% WNW     4.60  4.65  4.30  3.99  2.21  1.39  1.33  1.51  1.24  2.98  4.85  5.56
MEAN      5.58  5.55  6.49  6.25  5.61  4.11  4.09  3.19  3.61  4.16  5.33  5.90
STD DEV   3.21  2.91  3.52  3.47  4.31  2.44  2.17  1.46  1.77  2.10  3.35  3.51
SKEW       .83   .65   .45   .79  2.23  2.49  1.19   .56   .67   .58  1.03  1.23
% NW      4.73  5.25  5.21  4.38  3.44  1.25  1.29  1.31  1.44  3.01  7.22  4.96
MEAN      4.34  5.15  5.79  5.40  4.49  3.26  3.29  3.54  3.19  3.63  5.86  4.75
STD DEV   2.33  2.91  3.40  3.07  2.45  1.66  1.68  2.08  1.73  1.84  3.86  2.53
SKEW       .66  1.27   .93  1.11  1.09  1.07  1.18   .94  1.01   .71  1.39  1.17
% NNW     5.51  5.22  7.39  5.12  3.39  2.17  1.56  1.51  2.42  3.72 11.00  6.58
MEAN      5.77  5.97  7.06  7.29  5.09  4.45  3.30  3.82  3.86  4.62  6.61  5.90
STD DEV   2.94  3.07  3.94  3.94  2.42  2.39  1.82  2.34  2.16  2.69  3.86  2.96
SKEW       .72   .58   .60   .94   .58  1.35  1.36  1.56  1.18   .82  1.04   .60
CALM      4.53  3.62  2.37  2.46  2.80  2.70  4.39  4.89  4.81  4.52  4.03  4.08
                                                                                
INTERPOLATED DATA (station & weighting factor)                                  
                                                                                
---Wind Stations---                                                             
CHILDRESS     TX     .424  CLARENDON     TX     .382  LUBBOCK/REESE TX     .194 
