 United States    Kihalani 132.5                                                
 LATT=  19.97 LONG=-155.24 YEARS= 10. TYPE= 3
 ELEVATION =  922. TP5 = 2.61 TP6= 5.30
 MEAN P    .61   .74  1.05   .63   .43   .24   .42   .40   .30   .36   .59   .86
 S DEV P   .98  1.27  1.98  1.05   .82   .30   .62   .67   .49   .56  1.12  1.96
 SKEW  P  4.77  3.46  3.33  4.91  4.31  2.21  3.15  3.92  4.19  4.00  4.38  4.56
 P(W/W)    .71   .83   .82   .87   .75   .85   .83   .84   .81   .73   .79   .78
 P(W/D)    .34   .30   .39   .49   .39   .57   .53   .66   .33   .47   .40   .35
 TMAX AV 70.68 70.43 69.86 71.16 72.12 72.90 74.16 74.85 75.18 74.51 72.66 71.43
 TMIN AV 65.17 64.95 64.86 66.02 67.03 68.04 69.25 70.01 70.11 69.59 67.93 66.34
 SD TMAX  1.73  2.36  2.25  1.76  1.70  1.39  1.68  1.87  1.89  1.78  2.08  1.84
 SD TMIN  1.51  2.19  1.78  1.64  1.50  1.36  1.70  1.85  1.93  1.59  1.81  1.76
 SOL.RAD  474.  515.  541.  603.  644.  686.  673.  650.  607.  516.  438.  408.
 SD SOL   93.3 112.8 140.6 146.8 150.7 118.9 136.1 131.5 112.8 112.6 110.4 103.2
 MX .5 P  1.04  1.10  1.15  1.22  1.43   .97  1.59  1.38   .99   .92  1.11  1.07
 DEW PT  60.58 60.85 60.79 62.17 63.12 63.87 65.15 65.86 65.69 65.40 63.66 62.04
Time Pk   .220  .300  .360  .440  .500  .580  .630  .700  .770  .830  .900 1.000
% N       9.03  9.56  6.69  7.22  6.13  5.92  6.39  7.69  9.67  9.40  7.17  7.11
MEAN      3.68  3.41  3.40  3.60  3.10  2.61  2.69  2.53  2.81  3.12  3.43  3.31
STD DEV   1.47  1.48  1.49  1.50  1.49  1.22  1.16  1.07  1.30  1.49  1.71  1.50
SKEW       .38   .54   .61   .37   .71   .95   .65   .84   .87   .87   .69   .53
% NNE     5.67  7.08  4.90  4.98  5.42  5.52  5.94  7.48  9.33  7.46  5.63  5.79
MEAN      3.71  3.59  3.63  3.55  3.21  2.83  2.92  2.96  3.45  3.48  3.63  3.42
STD DEV   1.54  1.49  1.46  1.46  1.31  1.21  1.23  1.25  1.60  1.58  1.47  1.58
SKEW       .51   .58   .26   .16   .34   .86   .57   .61   .82  1.02   .46   .79
% NE      2.37  3.26  2.91  2.60  3.13  3.64  3.69  4.66  4.90  3.76  2.40  2.44
MEAN      2.57  2.81  3.07  2.82  2.64  2.45  2.58  2.62  2.62  2.65  2.54  2.76
STD DEV    .98  1.13  1.34  1.26  1.15   .96  1.10  1.27  1.14  1.29  1.11  1.13
SKEW       .53   .88   .65  1.05   .63   .67   .77  1.31   .86   .98   .64   .65
% ENE     1.28  1.42  1.46  1.47  1.69  2.00  2.34  2.86  2.74  1.62  1.16  1.40
MEAN      2.19  2.64  2.56  2.63  2.43  2.28  2.39  2.37  2.40  2.34  2.54  2.29
STD DEV    .72   .99  1.14  1.04  1.23   .90   .96   .94  1.01  1.00  1.01   .88
SKEW       .17   .67   .62   .52  1.18   .64   .77   .83  1.19   .85   .42   .82
% E       1.41  2.09  1.90  1.86  1.96  2.62  3.32  2.78  3.08  1.98   .95  1.85
MEAN      2.19  2.32  2.42  2.47  2.11  2.13  2.10  1.98  2.03  2.15  2.09  2.21
STD DEV    .83   .79  1.02  1.10   .90   .88   .83   .79   .78   .89   .91   .81
SKEW       .97   .26  1.01   .99   .84   .68  1.00  1.01   .88   .94  1.22   .83
% ESE     2.80  2.65  3.54  2.43  2.94  3.69  3.64  3.56  3.52  2.28  1.84  3.27
MEAN      2.81  2.95  3.15  2.85  2.30  2.39  2.21  2.07  2.32  2.16  2.57  2.83
STD DEV   1.25  1.43  1.46  1.12  1.02   .91   .95   .83   .86   .79  1.16  1.31
SKEW       .56   .98   .89   .29   .82   .88  1.23   .99   .87   .87   .66   .78
% SE      7.97  6.64  7.22  6.14  5.60  7.37  7.61  7.16  8.69  7.15  6.48  8.74
MEAN      3.18  3.40  3.41  2.95  2.36  2.39  2.08  2.14  2.44  2.31  2.98  3.25
STD DEV   1.53  1.87  1.75  1.59  1.09  1.10   .90  1.04  1.03  1.11  1.75  1.70
SKEW       .94  1.04   .95  1.20  1.20  1.26  1.17  1.59  1.04  1.19  1.42  1.08
% SSE    12.44  8.70  8.51 10.18  9.11  8.75  8.69  7.75  9.11  7.81 10.17 11.47
MEAN      4.03  4.11  3.74  4.00  2.90  2.65  2.42  2.36  2.81  2.63  3.39  3.92
STD DEV   1.81  1.98  1.96  2.01  1.44  1.17  1.04  1.08  1.25  1.32  1.75  1.92
SKEW       .76   .66  1.00   .77  1.00  1.01  1.29  1.38   .69  1.29  1.00   .60
% S      16.34 12.24 14.54 15.94 14.38 14.65 12.59 10.64  9.84 11.94 15.07 15.17
MEAN      4.06  3.86  3.98  3.90  3.10  2.57  2.41  2.30  2.63  2.44  3.25  3.51
STD DEV   1.84  1.87  1.99  1.86  1.65  1.16  1.08  1.07  1.27  1.23  1.77  1.75
SKEW       .48   .51   .79   .63   .94   .96   .97  1.07  1.00  1.15  1.13   .78
% SSW     6.74  6.34  7.58  8.73  8.18  7.48  7.04  6.37  4.14  4.70  6.48  6.13
MEAN      4.44  4.42  4.67  4.84  3.53  3.20  2.96  2.87  3.03  3.17  3.93  3.86
STD DEV   1.85  2.03  2.09  2.16  1.64  1.39  1.32  1.37  1.25  1.54  1.85  1.86
SKEW       .39   .41   .46   .48   .75   .66   .68   .85   .47   .73   .69   .70
% SW      3.48  4.78  5.14  5.54  6.42  6.06  5.45  5.01  2.95  3.24  4.52  4.17
MEAN      3.56  3.79  4.51  4.21  3.26  3.06  2.90  2.74  2.90  2.92  3.33  3.53
STD DEV   1.75  2.08  2.39  2.02  1.62  1.40  1.34  1.25  1.32  1.54  1.72  1.98
SKEW       .75   .61   .86   .37   .73   .57   .58   .78   .49   .99   .72  1.06
% WSW     2.63  3.62  5.03  3.92  4.30  4.44  3.83  2.97  1.87  1.94  3.28  3.89
MEAN      4.38  4.41  4.91  4.66  3.76  3.49  3.11  3.29  2.71  2.84  3.71  3.99
STD DEV   2.20  1.95  2.38  2.31  1.72  1.54  1.38  1.34  1.44  1.22  1.70  1.74
SKEW       .77   .35   .59   .45   .63   .49   .69   .55   .96   .75   .58   .61
% W       4.35  5.13  6.51  5.13  5.60  4.80  4.27  4.04  3.00  3.16  5.03  4.78
MEAN      3.98  3.91  4.15  3.99  3.36  2.90  2.65  2.42  2.43  2.65  3.31  3.42
STD DEV   1.90  2.21  2.02  1.96  1.72  1.37  1.18  1.14  1.15  1.31  1.69  1.65
SKEW       .42   .83   .41   .45  1.25   .88   .72  1.04   .95   .84   .67   .53
% WNW     5.44  6.57  6.78  5.93  4.08  3.05  3.05  2.71  2.73  3.78  7.48  5.39
MEAN      4.05  4.27  4.47  4.30  3.66  2.96  2.77  2.59  2.58  3.23  4.14  3.86
STD DEV   1.62  1.94  1.84  1.73  1.66  1.32  1.18  1.09  1.20  1.55  1.74  1.61
SKEW       .34   .39   .24   .38   .50   .56   .49   .79  1.15   .75   .31   .54
% NW      5.91  7.49  6.46  6.15  4.94  3.81  4.00  4.25  5.63  6.10  6.74  5.82
MEAN      3.90  3.54  3.91  3.73  3.08  2.67  2.46  2.40  2.40  2.89  3.45  3.31
STD DEV   1.66  1.71  1.89  1.77  1.46  1.27  1.08  1.04  1.13  1.41  1.64  1.54
SKEW       .28   .68   .53   .64   .66  1.15   .78   .78  1.21   .81   .54   .53
% NNW     6.52  6.18  5.13  5.58  3.57  3.74  3.57  4.73  4.98  6.20  5.63  5.23
MEAN      3.78  3.53  3.81  3.78  2.98  2.69  2.76  2.72  2.66  3.26  3.58  3.60
STD DEV   1.46  1.51  1.56  1.59  1.29  1.19  1.24  1.15  1.11  1.43  1.49  1.62
SKEW       .31   .54   .32   .30   .63   .86   .75   .67   .91   .48   .37   .60
CALM      5.56  6.23  5.70  6.13 12.58 12.55 14.44 15.47 13.60 17.42 10.12  7.43
                                                                                
INTERPOLATED DATA (station & weighting factor)                                  
                                                                                
---Wind Stations---                                                             
SMITHVILLE    TN     .507  TULLAHOMA     TN     .317  CHATTANOOGA   TN     .177 
