 United States    Town Bluff Dam                                                
 LATT=  30.79 LONG= -94.18 YEARS= 10. TYPE= 4
 ELEVATION =  233. TP5 = 2.95 TP6= 8.56
 MEAN P    .44   .43   .53   .53   .78   .60   .51   .67   .62   .50   .55   .38
 S DEV P   .59   .78  1.33   .72  1.08   .74   .71  1.28  1.08   .79  1.14   .57
 SKEW  P  2.63  4.66  5.02  1.76  2.29  1.63  2.64  3.60  3.03  2.59  5.50  2.60
 P(W/W)    .54   .52   .54   .42   .49   .52   .55   .57   .57   .55   .51   .61
 P(W/D)    .25   .35   .20   .24   .18   .19   .22   .16   .18   .17   .19   .24
 TMAX AV 60.97 65.16 72.77 79.24 85.94 91.46 93.37 94.54 89.76 81.30 70.05 63.43
 TMIN AV 42.78 47.73 53.80 60.05 67.60 74.32 75.66 75.86 71.53 61.13 51.55 46.82
 SD TMAX 10.18 10.91  8.13  6.09  5.84  4.94  4.53  5.78  5.24  7.12  9.06  9.64
 SD TMIN 10.34 10.86  9.36  7.89  6.46  2.83  2.32  2.80  4.44  7.89 10.21  9.76
 SOL.RAD  228.  264.  361.  450.  508.  537.  540.  495.  437.  347.  248.  193.
 SD SOL   77.5  93.3 116.5 127.4 119.2 108.6  94.3  98.0 100.4  91.3  73.2  69.2
 MX .5 P   .76   .78   .98  1.01  1.28  1.13  1.36   .91  1.17   .73   .90   .76
 DEW PT  39.99 45.75 50.83 57.46 64.37 71.34 72.21 71.60 68.52 58.19 49.80 45.63
Time Pk   .200  .310  .400  .480  .560  .650  .720  .780  .840  .900  .960 1.000
% N       7.87  8.89  5.86  5.42  4.71  3.69  3.28  3.49  9.42  9.31  6.74  7.47
MEAN      3.14  3.61  3.61  3.46  2.94  2.49  2.32  2.01  2.33  3.39  2.95  3.34
STD DEV   1.75  1.78  1.67  1.51  1.44  1.18  1.05   .90   .86  1.84  1.19  1.69
SKEW      1.44   .65  1.01   .19  1.27   .29   .44   .65   .30  1.02   .35   .94
% NNE     5.22  4.14  3.73  3.03  3.20  3.28  2.86  4.18  6.83  7.70  4.35  4.33
MEAN      2.33  3.15  2.90  2.56  2.40  2.25  1.90  1.99  2.01  2.77  2.57  2.65
STD DEV    .90  1.39  1.34  1.10  1.14   .87   .72   .94   .80  1.24  1.26  1.18
SKEW       .21   .45   .81   .15  1.16   .32   .18  1.00   .54   .51   .41   .74
% NE      4.94  3.99  3.58  2.84  3.63  2.96  2.35  3.30  7.34  6.70  4.39  3.50
MEAN      2.10  2.67  2.78  2.71  2.44  2.09  2.12  2.37  2.28  2.50  2.37  2.44
STD DEV    .86  1.06  1.37   .96  1.35   .78   .65   .99  1.00  1.01   .98  1.10
SKEW       .83   .50  1.07   .28  1.76   .29  1.01   .65   .86   .21   .74   .55
% ENE     5.09  5.98  3.64  4.47  4.10  2.94  2.83  3.78  7.76  4.47  2.39  4.43
MEAN      2.52  3.15  2.70  2.91  2.56  2.28  2.36  2.20  2.67  2.56  2.38  2.57
STD DEV   1.07  1.30  1.29  1.31  1.03  1.00   .86   .93  1.37  1.05  1.13  1.11
SKEW       .99   .17   .54   .53   .12   .56  -.14  1.14  1.03   .42   .63   .65
% E       7.53  8.80  7.03  7.03  8.50  8.02  7.44  9.32 11.14  8.65  5.42  8.31
MEAN      2.85  3.08  3.32  2.89  3.19  2.41  2.68  2.57  2.56  2.43  2.45  3.05
STD DEV   1.46  1.50  1.39  1.18  1.20   .98  1.15  1.26  1.19  1.08  1.10  1.40
SKEW       .63   .98   .30   .52   .45   .32   .42  1.53   .68   .82   .39   .72
% ESE     7.37  6.02  5.22  4.95  9.28  5.62  5.80  6.29  8.15  7.08  6.77  6.05
MEAN      3.15  3.26  4.26  3.77  3.38  3.00  3.06  2.67  2.57  2.88  3.02  3.27
STD DEV   1.39  1.40  1.99  1.81  1.58  1.26  1.42  1.47  1.21  1.21  1.36  1.58
SKEW       .37   .61   .64   .89   .43   .82   .68  1.16   .57   .37  1.09   .72
% SE      8.69  4.49  6.46  7.63  6.63  6.38  4.90  4.87  6.35  6.83  8.98  8.00
MEAN      3.56  4.29  4.61  4.27  4.13  3.37  3.15  3.46  3.19  3.30  4.02  4.03
STD DEV   1.74  1.78  2.12  1.96  1.70  1.47  1.62  1.95  1.49  1.27  1.88  2.21
SKEW       .50   .47   .47   .62   .10   .56   .71   .79   .99   .23   .78   .66
% SSE     8.72  6.20  8.99 12.97  9.96  8.32  6.50  5.02  4.30  5.08  7.55  7.05
MEAN      4.12  4.79  4.97  5.19  4.71  4.19  3.18  3.08  3.50  3.29  4.78  4.36
STD DEV   1.82  2.27  2.11  1.81  1.72  1.95  1.57  1.56  1.71  1.59  2.08  2.21
SKEW       .53   .74   .29   .20  -.09   .52   .88   .87   .89   .57   .64   .53
% S       9.96  6.69 14.63 22.83 16.04 14.90  9.45  8.91  6.00  5.42  9.62 11.66
MEAN      4.62  5.06  4.90  5.33  4.48  4.12  3.19  2.94  3.05  3.02  3.96  4.29
STD DEV   2.28  2.70  1.97  2.02  1.74  1.76  1.50  1.43  1.47  1.51  1.81  2.17
SKEW       .41   .78   .20   .08   .07   .50   .79  1.06   .76   .60   .65   .65
% SSW     5.01  3.95  5.52  6.77  6.99  9.29  7.43  5.05  2.13  2.22  4.68  3.92
MEAN      4.13  4.82  4.43  4.76  3.97  3.75  3.03  2.90  3.03  2.91  3.54  3.30
STD DEV   1.79  2.45  2.00  1.88  1.58  1.60  1.22  1.38  1.40  1.35  1.93  1.70
SKEW       .88   .58   .41   .04   .01   .44   .59  1.02   .25   .50   .71  1.13
% SW      2.36  3.74  3.43  2.75  4.04  4.58  6.42  4.60  2.02  1.83  2.62  3.50
MEAN      3.64  3.31  3.54  4.41  3.61  3.30  3.14  2.71  2.65  2.42  3.10  4.13
STD DEV   1.43  2.07  1.66  1.74  1.35  1.63  1.29  1.23  1.05  1.13  1.59  1.77
SKEW       .33  1.32   .38  -.34   .26  1.41   .34   .48   .36   .72  1.67   .54
% WSW     1.99  2.12  2.39  1.70  1.52  4.53  6.43  5.43  1.59  1.01  2.08  2.87
MEAN      3.63  4.07  3.98  2.96  3.23  3.01  3.23  2.72  3.10  2.82  3.17  3.68
STD DEV   1.76  1.72  1.83  1.29  1.30  1.21  1.28  1.15  1.59  1.20  1.52  1.85
SKEW       .64   .01   .29  -.14  -.07   .53   .26   .51   .80   .22   .77  1.52
% W       2.37  4.23  5.18  2.18  2.09  5.28  9.48  8.12  3.13  3.23  2.77  3.94
MEAN      3.67  3.71  4.81  3.32  2.89  3.57  3.14  2.59  3.03  3.11  3.31  3.11
STD DEV   1.75  1.91  2.59  1.31  1.28  1.64  1.18  1.11  2.46  1.66  1.45  1.57
SKEW       .67   .63   .80   .20   .37   .89   .58   .58  2.21   .56   .20   .89
% WNW     2.79  4.65  5.11  2.48  1.31  3.14  5.49  3.94  2.83  3.62  4.14  3.00
MEAN      4.24  4.67  6.06  3.80  3.09  3.69  3.45  2.90  3.41  4.30  4.30  4.52
STD DEV   2.10  2.13  2.74  1.80  1.34  2.07  1.35  1.32  2.48  2.35  2.11  3.02
SKEW       .66   .50   .00   .71  -.26  1.01   .38   .92  2.09   .57   .74  1.26
% NW      5.96  9.44  6.91  3.31  3.75  2.58  3.76  3.08  4.01  5.99  7.60  4.25
MEAN      4.70  6.07  5.69  4.01  3.23  2.50  3.10  2.93  3.17  3.36  4.87  5.15
STD DEV   2.15  2.91  2.54  1.53  1.52  1.09  1.16  1.19  2.11  1.46  2.34  2.87
SKEW       .53   .49   .16   .64  1.15   .29   .31   .22  1.67   .41   .44  1.16
% NNW     6.07  9.97  6.30  4.87  4.25  2.57  3.91  2.48  4.91  7.97  8.51  6.79
MEAN      4.35  4.50  4.12  3.83  3.29  2.40  2.80  2.24  3.00  3.36  3.86  4.25
STD DEV   2.13  1.80  1.82  1.58  1.64  1.22  1.14  1.07  1.61  1.56  1.72  1.95
SKEW       .63   .31   .60   .23   .76  1.29   .61   .69  1.16   .62   .75   .62
CALM      7.86  6.60  6.02  4.87  9.91 11.75 11.77 18.22 12.27 12.71 11.28 10.93
                                                                                
INTERPOLATED DATA (station & weighting factor)                                  
                                                                                
---Wind Stations---                                                             
FT.POLK       LA     .964  LAKE CHARLES  LA     .021  LUFKIN        TX     .015 
