 United States    Richmond 4 Nnw                                                
 LATT=  42.88 LONG= -82.80 YEARS= 10. TYPE= 3
 ELEVATION =  764. TP5 = 2.01 TP6= 4.39
 MEAN P    .20   .17   .22   .29   .35   .35   .40   .35   .38   .26   .25   .16
 S DEV P   .23   .20   .25   .34   .41   .39   .44   .50   .49   .31   .28   .19
 SKEW  P  2.32  2.11  1.51  1.94  2.37  1.89  1.52  2.73  2.27  3.18  1.64  1.77
 P(W/W)    .49   .47   .43   .55   .47   .45   .41   .35   .37   .46   .43   .44
 P(W/D)    .35   .33   .26   .31   .34   .30   .24   .26   .29   .35   .30   .34
 TMAX AV 30.51 33.55 44.29 56.81 70.80 77.74 82.32 79.51 73.18 60.63 46.14 36.01
 TMIN AV 17.47 18.95 27.59 37.61 50.71 58.94 63.97 62.03 55.48 44.81 32.93 25.50
 SD TMAX 11.02 11.66 13.03 11.04 10.59  7.04  6.13  5.32  8.62  9.74 10.86  9.88
 SD TMIN 11.78 12.46 11.59  7.91  9.19  7.09  6.51  5.93  8.30  8.57  8.60  9.90
 SOL.RAD  127.  198.  296.  373.  462.  516.  534.  466.  339.  216.  131.   99.
 SD SOL   37.1  62.5  95.2 127.5 145.2 136.2 107.6 101.4  96.7  79.5  47.7  32.0
 MX .5 P   .19   .18   .19   .31   .56   .64   .95   .75   .54   .30   .22   .16
 DEW PT  15.96 16.88 23.51 32.52 46.59 55.13 60.84 59.95 54.41 43.11 30.31 23.84
Time Pk   .150  .260  .350  .450  .530  .620  .700  .770  .840  .900  .960 1.000
% N       2.86  3.09  3.16  3.26  3.83  3.14  3.79  4.77  3.10  3.20  2.20  2.13
MEAN      4.29  4.25  4.46  4.52  3.90  3.50  3.31  3.56  3.63  3.96  4.78  4.74
STD DEV   1.97  1.98  2.03  1.97  1.78  1.57  1.54  1.62  1.79  1.80  2.21  2.16
SKEW       .59   .71   .75   .48   .66   .49   .65   .64   .90   .62   .93   .32
% NNE     4.66  4.24  4.14  4.56  5.95  3.41  3.99  5.44  3.63  4.24  2.64  2.27
MEAN      4.57  4.87  5.04  4.68  4.38  3.61  3.56  3.62  3.93  4.25  4.91  4.74
STD DEV   1.87  2.12  2.04  1.94  1.76  1.58  1.44  1.57  1.64  1.81  2.15  1.90
SKEW       .55   .48   .58   .51   .51   .89   .39   .46   .54   .67   .59   .58
% NE      3.87  4.12  4.12  4.47  5.87  3.87  4.81  5.83  4.51  4.68  2.02  2.56
MEAN      4.32  4.43  4.48  4.50  4.01  3.37  3.42  3.53  3.44  3.71  3.40  4.12
STD DEV   1.71  2.05  1.98  1.99  1.71  1.42  1.49  1.58  1.38  1.72  1.29  1.67
SKEW       .30   .57   .42   .39   .53   .68   .47   .59   .60   .72   .38   .37
% ENE     3.75  4.91  5.96  5.51  5.76  4.07  3.99  4.29  4.11  3.84  1.88  2.40
MEAN      4.63  5.28  5.55  4.86  4.46  3.61  3.57  3.53  3.76  3.87  4.04  4.90
STD DEV   1.83  2.28  2.12  1.93  1.96  1.49  1.58  1.52  1.48  1.87  1.75  2.06
SKEW       .39   .49   .21   .29   .50   .58   .53   .38   .41   .61   .33   .65
% E       2.65  3.54  5.21  5.01  4.51  3.61  3.33  3.43  2.94  2.58  2.01  2.67
MEAN      4.17  4.62  5.49  5.15  4.21  3.69  3.24  3.07  3.78  3.42  3.66  4.56
STD DEV   1.89  2.05  2.45  2.17  1.90  1.69  1.41  1.33  1.76  1.77  1.61  2.00
SKEW       .23   .50   .34   .28   .49   .35   .33   .54   .43   .36   .64   .35
% ESE     5.11  4.85  6.29  7.05  6.30  4.98  4.08  3.64  3.68  3.60  2.50  4.11
MEAN      4.56  4.93  5.54  5.33  4.45  3.70  3.48  3.43  3.69  3.89  4.14  4.67
STD DEV   1.85  1.82  2.28  2.19  1.80  1.65  1.52  1.48  1.57  1.86  1.73  2.09
SKEW       .22   .28   .47   .46   .25   .48   .62   .39   .32   .64   .29   .40
% SE      3.87  3.85  3.93  4.35  4.84  4.66  4.48  4.60  4.97  4.41  3.26  3.42
MEAN      4.06  4.27  4.37  4.47  3.87  3.42  2.97  3.00  3.44  3.44  3.93  3.95
STD DEV   1.82  1.92  1.75  1.94  1.69  1.47  1.22  1.21  1.45  1.55  1.73  1.68
SKEW       .60   .39   .42   .28   .40   .49   .55   .72   .50   .62   .66   .41
% SSE     5.94  6.16  5.74  5.37  5.02  6.41  4.63  4.79  6.26  5.78  6.02  6.43
MEAN      4.32  4.53  4.71  4.45  3.66  3.35  3.18  3.08  3.38  3.52  4.55  4.47
STD DEV   1.60  1.83  1.84  1.94  1.59  1.39  1.38  1.19  1.37  1.49  2.03  1.69
SKEW       .32   .31   .23   .52   .53   .39  1.19   .60   .69   .80   .82   .25
% S       3.74  3.31  3.05  2.88  3.60  5.27  4.31  4.22  4.59  4.95  5.10  4.41
MEAN      4.21  4.34  4.21  4.09  3.63  3.23  3.03  2.84  3.45  3.64  4.36  4.26
STD DEV   1.89  1.99  2.11  1.91  1.80  1.44  1.23  1.23  1.57  1.64  1.93  2.02
SKEW       .42   .58   .94   .87   .93  1.18   .86  1.16   .75   .88   .73   .72
% SSW     9.99  7.65  5.78  6.53  6.50 10.07  8.73  7.01  9.82 10.98 12.59 11.70
MEAN      5.39  5.19  5.36  5.00  4.19  3.78  3.87  3.35  3.93  4.47  5.10  5.19
STD DEV   2.23  2.17  2.36  2.33  1.97  1.74  1.78  1.52  1.80  2.05  2.13  2.12
SKEW       .42   .50   .53   .78   .81  1.66   .79   .91  1.03   .83   .64   .65
% SW      9.33  8.39  6.58  7.68  8.29 11.25 10.94 10.40 10.29 11.80 12.61 12.46
MEAN      4.89  4.90  5.35  4.79  4.23  4.08  3.56  3.30  3.61  4.17  4.77  5.03
STD DEV   2.02  2.26  2.66  2.27  2.20  1.80  1.62  1.43  1.72  1.95  2.18  2.10
SKEW       .53   .80   .60   .73   .96   .56   .85   .66   .96   .77   .80   .39
% WSW    13.11 12.33 10.74 10.94 10.47  9.85 11.04  8.58 10.26 11.39 15.41 16.41
MEAN      5.64  5.57  5.95  5.62  4.84  4.36  3.94  3.57  4.16  4.62  5.39  5.41
STD DEV   2.54  2.44  2.96  2.56  2.36  1.95  1.75  1.71  2.06  2.08  2.43  2.24
SKEW       .85   .62   .82   .76   .87   .57   .65  1.02   .99   .82   .80   .57
% W       7.66  8.05  7.75  8.31  6.53  6.61  7.46  6.33  6.96  5.79  8.11  8.68
MEAN      5.88  5.36  6.00  5.93  4.99  4.19  3.99  3.56  4.23  4.51  5.34  5.33
STD DEV   2.66  2.52  2.95  2.82  2.52  2.06  2.02  1.85  2.15  2.25  2.46  2.28
SKEW       .57   .71   .64   .80   .56   .71   .91   .92   .79   .59   .41   .63
% WNW    10.63 11.79 12.23 10.95  8.83  8.21  7.44  7.21  9.93  7.98 10.54  9.62
MEAN      5.92  5.77  6.15  5.96  5.10  4.58  4.22  4.23  4.80  5.11  5.59  5.67
STD DEV   2.40  2.50  2.55  2.41  2.28  2.10  1.95  1.94  2.10  2.17  2.47  2.27
SKEW       .58   .71   .46   .50   .48   .76   .72   .69   .54   .29   .65   .53
% NW      5.43  6.20  7.20  5.57  5.08  5.30  5.60  6.02  5.52  5.22  5.54  5.13
MEAN      5.01  5.11  5.28  5.28  4.26  4.06  3.72  3.77  4.01  4.41  4.62  4.72
STD DEV   2.11  2.25  2.26  2.17  1.94  1.97  1.66  1.79  1.66  2.00  2.05  1.82
SKEW       .44   .55   .36   .53   .59   .79   .58   .69   .52   .59   .64   .56
% NNW     6.15  6.34  6.60  5.76  5.49  5.17  5.56  6.25  5.35  5.66  6.25  4.12
MEAN      5.08  5.01  5.34  5.08  4.41  4.17  4.01  3.71  4.44  4.90  5.24  5.14
STD DEV   2.11  1.98  2.14  2.08  1.92  1.79  1.78  1.65  1.84  2.11  2.48  1.99
SKEW       .38   .61   .56   .51   .56   .62   .51   .71   .36   .45  1.20   .33
CALM      1.18  1.16  1.42  1.75  3.17  4.20  5.80  7.25  4.18  3.93  1.36  1.54
                                                                                
INTERPOLATED DATA (station & weighting factor)                                  
                                                                                
---Wind Stations---                                                             
YPSILANTI     MI     .406  JACKSON       MI     .389  FINDLAY       OH     .205 
