 United States    Duncan 10 W                                                   
 LATT=  34.49 LONG= -98.14 YEARS= 10. TYPE= 3
 ELEVATION = 1070. TP5 = 2.83 TP6= 6.59
 MEAN P    .40   .37   .42   .52   .66   .61   .50   .41   .79   .56   .38   .38
 S DEV P   .51   .35   .54   .53   .79   .83   .59   .41   .92   .63   .47   .41
 SKEW  P  1.82  1.09  1.96  1.60  1.70  1.98  2.17  1.04  1.54  1.64  1.99  1.42
 P(W/W)    .21   .35   .24   .43   .49   .39   .35   .26   .38   .29   .45   .33
 P(W/D)    .09   .11   .12   .14   .20   .12   .12   .12   .13   .13   .10   .10
 TMAX AV 54.44 58.03 68.72 76.44 82.88 92.51 96.14 96.47 88.85 77.25 64.87 54.62
 TMIN AV 31.85 35.53 45.05 53.58 61.73 72.18 75.06 74.59 67.58 54.69 42.99 35.16
 SD TMAX 12.01 14.32 10.88  8.71  7.50  5.66  5.61  5.82  7.14  9.62 10.10 11.22
 SD TMIN  9.33 11.48 10.69  9.20  8.34  4.85  4.07  4.83  6.74  9.63 10.43  9.76
 SOL.RAD  234.  289.  389.  483.  535.  598.  595.  545.  445.  341.  249.  195.
 SD SOL   68.9  94.2 116.1 135.3 144.6 110.9 110.2  95.3 109.5  92.4  70.3  61.2
 MX .5 P   .16   .18   .34   .59   .96   .84   .75   .53   .97   .50   .21   .20
 DEW PT  26.40 30.88 38.41 47.10 57.31 65.65 65.92 64.47 60.57 48.91 38.10 30.73
Time Pk   .200  .310  .400  .480  .560  .650  .720  .780  .840  .900  .960 1.000
% N      14.04 13.31 11.12  8.81  5.88  3.92  2.43  2.71  6.02  8.65 11.74 11.96
MEAN      6.70  6.73  7.03  6.68  5.89  5.44  4.22  4.51  5.17  5.73  6.25  6.41
STD DEV   3.19  3.11  3.26  2.88  2.70  2.50  2.20  2.13  2.67  3.06  3.09  2.94
SKEW       .56   .56   .49   .18   .33   .41   .64   .57   .69   .74   .46   .34
% NNE     7.31  7.96  6.86  5.86  5.11  3.18  2.85  3.83  5.84  6.28  6.51  6.69
MEAN      6.02  6.10  6.48  5.80  5.44  5.09  4.51  4.68  5.21  5.44  5.60  5.77
STD DEV   2.73  2.77  2.73  2.58  2.27  2.19  2.24  2.13  2.35  2.53  2.47  2.47
SKEW       .66   .60   .36   .41   .26   .29   .75   .57   .48   .59   .54   .37
% NE      3.46  4.46  4.67  4.68  3.69  2.85  3.22  3.92  5.04  3.57  3.24  3.56
MEAN      4.56  5.02  5.44  5.10  4.99  4.46  4.46  4.38  4.64  4.84  4.68  4.87
STD DEV   2.04  2.15  2.25  2.19  2.06  1.89  2.03  1.96  2.00  2.31  2.09  2.15
SKEW       .53   .67   .33   .47   .41   .34   .65   .60   .37   .64   .48   .40
% ENE     2.26  2.80  3.85  4.39  3.69  3.16  4.05  3.82  4.18  2.25  1.89  2.06
MEAN      3.67  4.24  4.99  4.80  4.47  4.39  4.22  4.07  4.25  4.05  3.91  4.15
STD DEV   1.55  1.76  2.00  2.01  1.83  1.72  1.77  1.82  1.85  1.94  1.70  1.68
SKEW       .29   .44   .20   .56   .23   .38   .56   .93   .52   .72   .51   .32
% E       2.33  3.19  3.86  4.55  4.38  4.26  5.14  4.68  4.55  2.29  2.14  1.96
MEAN      3.46  4.07  4.23  4.50  4.22  4.14  3.97  3.83  3.78  3.26  3.47  3.47
STD DEV   1.43  1.66  1.72  1.82  1.94  1.74  1.78  1.70  1.61  1.47  1.58  1.52
SKEW       .11   .54   .47   .32   .62   .41   .64   .67   .39   .66   .58   .51
% ESE     2.33  3.40  3.70  4.35  5.47  5.53  5.86  5.96  4.87  2.54  2.25  1.74
MEAN      3.89  4.41  4.35  4.81  4.68  4.66  4.16  4.00  3.87  3.72  3.68  3.75
STD DEV   1.71  1.98  1.77  2.10  2.16  2.05  1.72  1.73  1.76  1.76  1.61  1.58
SKEW       .20   .62   .38   .51   .65   .67   .50   .53   .76   .63   .43   .41
% SE      3.74  4.55  5.44  6.41  7.72  9.83  9.70 10.28  8.70  5.78  3.82  3.61
MEAN      4.37  5.07  5.34  5.67  5.12  5.06  4.76  4.46  4.43  4.23  4.25  4.48
STD DEV   1.98  2.29  2.43  2.61  2.25  2.14  1.95  1.83  1.91  1.79  1.89  1.99
SKEW       .69   .68   .68   .51   .63   .57   .47   .45   .75   .55   .65   .55
% SSE     7.83  7.58  8.61 10.01 13.34 17.52 15.40 14.87 13.89 12.35  8.58  7.61
MEAN      5.53  6.29  6.63  6.95  6.47  6.28  5.31  5.05  5.26  5.61  5.44  5.81
STD DEV   2.42  2.83  2.81  2.86  2.75  2.56  2.09  1.90  2.19  2.42  2.32  2.58
SKEW       .35   .49   .37   .28   .38   .47   .48   .31   .62   .62   .51   .44
% S      17.18 14.53 15.22 18.47 24.37 26.14 24.67 23.25 21.61 23.37 19.02 17.20
MEAN      6.36  6.57  7.47  7.88  7.49  6.91  5.73  5.42  6.01  6.13  6.21  6.17
STD DEV   2.88  2.80  3.13  3.03  2.91  2.73  2.16  2.12  2.44  2.66  2.57  2.69
SKEW       .53   .44   .20   .17   .14   .37   .33   .42   .39   .49   .39   .38
% SSW     8.30  7.21  7.56  7.78  7.73  9.79 12.09 11.43  8.72  9.28  9.25  8.88
MEAN      6.25  6.53  7.06  7.60  6.82  6.79  5.91  5.78  6.28  6.04  6.23  6.02
STD DEV   2.82  2.91  3.13  2.99  2.85  2.64  2.28  2.32  2.57  2.59  2.74  2.90
SKEW       .48   .45   .32   .17   .22   .13   .21   .41   .35   .33   .49   .66
% SW      4.15  3.25  3.29  3.15  2.71  2.87  4.28  4.46  2.88  3.25  4.45  3.69
MEAN      5.21  5.06  6.07  6.73  5.38  5.31  5.43  5.48  5.33  4.99  4.92  4.64
STD DEV   2.41  2.30  2.92  3.07  2.58  2.38  2.24  2.22  2.56  2.41  2.31  2.23
SKEW       .79   .54   .47   .48   .51   .38   .15   .26   .40   .50   .57   .54
% WSW     2.54  2.26  2.31  1.94  1.65  1.31  1.94  1.67  1.33  1.67  2.46  2.41
MEAN      4.43  4.39  6.20  5.98  4.79  4.43  4.50  4.37  4.42  3.74  4.64  4.13
STD DEV   2.06  1.94  3.27  2.87  2.27  2.11  2.07  2.08  2.39  1.78  2.44  2.05
SKEW       .62   .54   .60   .52   .66   .54   .37   .31   .71   .86   .97   .92
% W       2.34  2.25  2.48  2.22  1.54  1.17  1.04  1.07  1.07  1.69  2.60  3.07
MEAN      3.94  4.10  5.32  5.37  4.46  4.19  3.43  3.50  3.38  3.25  3.63  3.79
STD DEV   1.91  2.07  3.44  2.88  2.33  1.94  1.50  1.64  1.55  1.51  1.87  1.69
SKEW       .58  1.03  1.23   .79   .95   .33   .26   .48   .23   .49  1.04   .60
% WNW     2.26  2.74  3.08  2.36  1.56   .93   .60   .66   .89  1.68  2.63  3.08
MEAN      4.22  5.26  6.33  5.99  4.67  4.09  3.49  3.22  3.88  3.57  4.27  4.57
STD DEV   2.21  2.95  3.53  3.10  2.39  1.91  1.64  1.58  2.15  1.71  2.30  2.28
SKEW       .97   .95   .61   .45   .57   .29   .54   .54   .93   .64  1.24   .66
% NW      3.53  4.28  4.56  3.38  1.91  1.21   .75   .84  1.32  2.30  3.92  5.14
MEAN      5.19  5.83  7.11  6.24  4.83  4.70  3.00  3.85  3.89  4.49  4.79  5.61
STD DEV   2.70  3.02  3.65  3.22  2.25  2.18  1.26  2.02  2.28  2.53  2.59  2.76
SKEW       .68   .59   .60   .54   .44   .17   .33   .65   .93  1.04   .87   .66
% NNW     9.13  9.59  8.84  6.85  3.63  2.13  1.07  1.32  2.69  5.59  8.10  9.20
MEAN      6.65  6.58  7.28  6.85  5.42  5.31  3.60  4.23  4.86  5.49  5.91  6.36
STD DEV   3.11  3.04  3.41  3.13  2.49  2.37  1.61  2.25  2.85  2.87  2.78  2.98
SKEW       .53   .47   .41   .26   .43   .24   .48   .66   .98   .68   .59   .66
CALM      7.27  6.70  4.63  4.78  5.68  4.28  4.93  5.30  6.44  7.46  7.45  8.12
                                                                                
INTERPOLATED DATA (station & weighting factor)                                  
                                                                                
---Wind Stations---                                                             
ENID          OK     .389  OKLAHOMA CITY OK     .385  CLINTON       OK     .226 
