 United States    Mason City #1                                                 
 LATT=  43.15 LONG= -93.20 YEARS= 10. TYPE= 3
 ELEVATION = 1152. TP5 = 2.65 TP6= 6.24
 MEAN P    .09   .21   .28   .43   .44   .48   .47   .40   .36   .37   .24   .20
 S DEV P   .09   .28   .35   .51   .61   .63   .57   .61   .49   .47   .37   .27
 SKEW  P   .99  2.18  2.27  1.78  2.62  2.93  2.16  4.15  2.42  1.84  2.33  2.46
 P(W/W)    .37   .35   .43   .55   .53   .53   .29   .43   .43   .54   .48   .44
 P(W/D)    .18   .23   .22   .32   .34   .33   .24   .25   .24   .18   .16   .25
 TMAX AV 24.76 28.07 43.47 58.83 71.28 79.87 82.64 79.81 74.96 60.91 44.39 31.04
 TMIN AV 10.09 12.36 26.51 38.58 51.18 61.78 65.04 61.80 55.11 41.78 28.35 18.02
 SD TMAX 13.22 12.88 14.90 11.97 10.37  6.31  5.69  5.20  8.25 10.35 12.14 11.98
 SD TMIN 14.43 13.43 12.98  9.89  8.96  6.02  6.01  5.93  8.88  9.19 10.58 12.49
 SOL.RAD  141.  216.  314.  384.  464.  524.  548.  478.  354.  227.  144.  112.
 SD SOL   37.5  62.4  94.5 138.4 155.5 143.3 121.0 116.7 103.0  81.9  50.5  33.6
 MX .5 P   .15   .20   .25   .58   .88   .93  1.02   .82   .53   .35   .17   .19
 DEW PT  10.89 12.68 24.84 34.12 47.14 59.21 64.31 61.61 53.74 38.76 26.38 18.06
Time Pk   .150  .260  .350  .450  .530  .620  .700  .770  .840  .900  .960 1.000
% N       4.83  5.81  7.18  6.74  7.64  5.11  5.21  5.94  5.11  5.18  5.23  5.18
MEAN      4.30  4.33  5.05  4.99  4.53  4.08  3.72  3.82  3.97  3.86  4.61  4.28
STD DEV   1.86  1.99  2.17  2.10  1.97  1.84  1.69  1.76  1.70  1.71  2.20  1.76
SKEW       .51   .43   .42   .22   .36   .51   .76   .77   .57   .36   .54   .31
% NNE     2.12  3.03  3.84  3.64  4.22  2.85  3.19  3.27  2.24  2.34  2.54  2.66
MEAN      3.87  4.18  5.04  5.10  4.61  4.27  3.73  3.85  3.76  4.26  5.12  4.03
STD DEV   1.74  1.84  2.05  2.20  1.91  1.93  1.40  1.49  1.57  1.73  1.96  1.59
SKEW       .44   .40   .30   .32   .38   .43   .39   .36   .60   .36   .48   .43
% NE      2.22  3.39  4.95  4.71  5.67  3.87  3.30  3.68  2.85  2.56  2.52  2.76
MEAN      3.19  4.00  4.48  4.83  4.25  3.77  3.35  3.44  3.39  3.83  4.55  3.51
STD DEV   1.50  1.93  2.10  2.32  1.93  1.69  1.44  1.52  1.43  1.84  2.34  1.60
SKEW       .70   .60   .42   .31   .42   .64   .40   .86   .72   .31   .34   .48
% ENE     1.50  2.74  3.51  3.24  3.99  2.64  2.29  2.69  2.53  1.48  1.38  1.64
MEAN      3.71  4.82  4.85  5.29  4.71  4.09  3.85  3.57  3.70  4.29  4.02  4.28
STD DEV   1.80  2.43  2.33  2.33  1.75  1.54  1.69  1.44  1.59  1.70  1.87  1.93
SKEW       .58   .57   .64   .26   .14   .35   .44   .40   .71  -.03   .41   .46
% E       3.64  4.21  5.96  5.46  5.91  5.51  4.64  5.21  5.07  3.34  2.89  3.06
MEAN      3.58  3.90  4.32  4.67  4.20  3.54  3.34  3.26  3.36  3.28  3.40  3.66
STD DEV   1.71  2.19  2.20  2.33  1.83  1.62  1.50  1.38  1.40  1.77  1.67  1.74
SKEW       .66   .90   .68   .59   .26   .81   .53   .69   .62  1.31   .65   .54
% ESE     6.00  6.02  6.51  6.10  7.01  6.20  5.33  6.07  6.23  6.03  4.03  5.33
MEAN      4.23  4.04  4.77  5.23  5.00  4.06  3.69  3.42  3.61  3.85  4.00  4.20
STD DEV   1.97  2.01  2.20  2.37  2.30  1.73  1.66  1.59  1.58  1.73  1.81  1.85
SKEW       .52   .80   .55   .24   .39   .54   .39   .84   .65   .60   .69   .48
% SE     11.81 12.37 11.31 10.87 11.86 12.98 14.04 15.80 12.98 16.13 10.80 14.24
MEAN      4.30  4.43  4.71  4.99  4.68  4.31  3.78  3.72  3.79  4.40  4.09  4.50
STD DEV   2.07  2.32  2.38  2.38  2.24  2.03  1.71  1.74  1.79  2.15  1.85  2.19
SKEW       .65   .63   .62   .38   .51   .54   .69   .73   .81   .81   .68   .60
% SSE     5.54  5.32  4.41  4.90  5.61  6.80  8.11  7.72  7.65  7.55  5.97  5.00
MEAN      4.82  4.92  5.06  5.84  5.44  5.10  4.56  4.34  5.03  5.08  4.73  4.68
STD DEV   2.36  2.52  2.14  2.64  2.54  2.33  1.93  1.95  2.25  2.19  1.86  2.15
SKEW       .67   .46   .26   .19   .39   .30   .47   .53   .32   .38   .18   .60
% S       5.35  4.34  4.54  5.13  6.82  9.41  9.96  9.92  9.60  7.87  6.26  5.44
MEAN      4.09  3.94  4.60  5.43  5.46  5.30  4.72  4.37  4.75  5.27  4.60  4.15
STD DEV   2.11  2.21  2.45  2.78  2.85  2.39  2.11  2.20  2.19  2.98  2.13  2.04
SKEW       .54   .88   .54   .58   .31   .17   .21   .49   .31   .90   .42   .82
% SSW     3.27  3.07  2.33  3.00  3.74  4.91  5.36  6.48  5.49  4.66  4.51  3.54
MEAN      4.20  3.83  4.39  5.13  5.34  5.21  5.26  4.85  5.00  4.76  4.47  4.22
STD DEV   2.24  1.87  2.36  2.66  2.68  2.48  2.15  2.28  2.36  2.21  2.17  2.12
SKEW       .61   .71   .76   .41   .24   .34   .08   .45   .43   .35   .48   .48
% SW      7.12  6.43  4.92  5.20  5.72  8.10  7.33  7.74  7.37  6.85  7.04  7.05
MEAN      3.67  3.78  3.76  4.73  4.66  4.64  4.11  4.04  4.16  4.51  3.96  3.70
STD DEV   1.72  1.86  1.89  2.63  2.70  2.11  1.96  2.04  2.12  2.12  1.90  1.64
SKEW       .77   .81   .81   .69  1.15   .38   .46   .61   .69   .52   .66   .65
% WSW     5.96  4.72  3.63  2.88  3.98  5.02  4.22  3.78  4.26  3.88  5.15  5.35
MEAN      4.10  4.06  4.34  4.80  5.34  4.98  3.93  3.80  4.33  4.73  4.52  4.62
STD DEV   1.92  1.79  1.74  2.52  2.62  2.25  1.73  1.74  1.87  2.21  2.09  2.12
SKEW       .74   .75   .39   .90   .49   .70   .49   .61   .51   .66   .89   .73
% W       7.27  5.13  4.85  4.86  4.52  5.50  5.22  3.40  4.96  5.01  6.00  6.26
MEAN      4.71  3.89  4.67  5.14  4.72  4.50  3.99  3.41  4.28  4.67  4.98  4.85
STD DEV   2.38  2.03  2.26  2.71  2.55  2.30  2.01  1.75  2.25  2.44  2.50  2.21
SKEW       .68   .85   .54   .68   .63   .52   .56  1.03   .62   .45   .70   .37
% WNW     7.47  7.16  6.10  6.86  5.13  4.59  4.74  2.90  5.12  5.25  9.40  7.94
MEAN      5.80  5.75  5.78  6.39  5.86  5.38  4.76  3.94  5.19  5.75  6.30  5.64
STD DEV   2.30  2.55  2.38  2.69  2.52  2.37  2.03  1.86  2.23  2.49  2.52  2.26
SKEW       .22   .46   .39   .28   .01   .23   .15   .53   .34   .36   .20   .17
% NW     18.32 17.56 16.93 16.46 10.07 10.29  9.63  7.75  9.80 13.24 16.31 16.41
MEAN      5.48  5.36  5.40  5.59  4.79  4.61  4.33  4.19  4.29  5.10  6.01  5.01
STD DEV   2.26  2.28  2.22  2.42  2.30  2.10  2.01  2.00  1.89  2.31  2.42  1.98
SKEW       .33   .47   .46   .39   .62   .43   .47   .56   .43   .44   .25   .39
% NNW     5.97  6.72  7.71  7.99  6.16  4.42  4.74  5.28  5.52  5.59  7.59  6.35
MEAN      5.25  4.85  5.71  5.78  5.11  4.58  4.15  4.28  4.36  4.84  5.50  4.84
STD DEV   2.13  1.90  2.15  2.11  1.98  1.90  1.78  1.76  1.67  2.02  2.33  1.88
SKEW       .32   .40   .46   .11   .16   .23   .44   .36   .25   .32   .25   .37
CALM      1.69  2.02  1.40  1.91  1.92  1.87  2.70  2.36  3.18  3.02  2.36  1.83
                                                                                
INTERPOLATED DATA (station & weighting factor)                                  
                                                                                
---Wind Stations---                                                             
MINNEAPOLIS   MN     .343  MINNEAPOLIS   MN     .343  ST. PAUL      MN     .314 
