 United States    Tucson U Of A #1                                              
 LATT=  32.26 LONG=-111.01 YEARS= 10. TYPE= 3
 ELEVATION = 2297. TP5 = 1.92 TP6= 3.02
 MEAN P    .19   .22   .15   .13   .20   .15   .21   .25   .24   .13   .24   .20
 S DEV P   .24   .22   .17   .13   .14   .20   .22   .30   .30   .13   .20   .30
 SKEW  P  2.50  1.15  1.61  1.60   .34  2.27  1.81  1.82  1.76   .97  1.12  3.85
 P(W/W)    .41   .46   .41   .38   .50   .17   .36   .33   .32   .39   .48   .39
 P(W/D)    .07   .08   .07   .04   .01   .04   .23   .24   .10   .07   .05   .11
 TMAX AV 67.27 70.09 78.73 85.09 90.80102.39100.58 99.91 95.56 87.30 75.46 66.05
 TMIN AV 42.72 45.51 51.82 57.33 63.25 74.75 79.78 78.89 73.25 62.05 50.92 43.68
 SD TMAX  7.38  8.43  7.41  6.67  7.07  4.42  4.63  4.55  5.46  6.21  7.55  7.71
 SD TMIN  6.28  6.84  5.66  5.83  5.51  5.15  3.54  3.49  5.26  5.99  6.54  6.60
 SOL.RAD  275.  350.  460.  573.  661.  683.  588.  552.  480.  401.  300.  243.
 SD SOL   64.6  83.9  99.4  96.1  71.4  63.3  93.1  92.5  90.9  70.5  63.4  60.6
 MX .5 P   .12   .14   .17   .21   .21   .27   .69   .65   .37   .21   .15   .19
 DEW PT  28.50 29.78 27.48 26.66 29.81 37.47 57.72 58.83 53.96 40.23 32.25 31.39
Time Pk   .160  .260  .350  .430  .520  .610  .690  .760  .840  .900  .950 1.000
% N      11.00 11.42  9.46  7.03  5.78  5.05  5.28  6.92  9.04  9.90 10.91 10.60
MEAN      2.48  2.78  2.77  2.60  2.55  2.53  2.80  2.80  2.64  2.48  2.66  2.44
STD DEV   1.31  1.69  1.52  1.25  1.15  1.22  1.44  1.54  1.19  1.18  1.68  1.29
SKEW      1.68  2.18  1.62  1.31   .86  1.38  1.26  1.64  1.07  1.26  2.15  1.35
% NNE     4.27  3.83  3.55  3.13  2.29  1.95  2.25  2.66  3.61  4.16  4.19  4.07
MEAN      2.98  2.82  2.97  2.63  2.45  2.57  3.01  2.77  2.61  2.63  3.09  2.78
STD DEV   1.91  1.73  1.81  1.31  1.24  1.27  1.65  1.56  1.33  1.44  1.92  1.59
SKEW      1.33  1.68  1.76  1.01  1.62  1.20  1.01  1.61  1.42  1.67  1.37  1.41
% NE      7.69  7.25  6.48  5.96  4.95  4.27  4.54  5.38  6.56  7.59  8.30  7.83
MEAN      2.66  2.69  2.38  2.51  2.45  2.22  2.56  2.56  2.47  2.54  2.78  2.62
STD DEV   1.50  1.55  1.14  1.21  1.26   .98  1.36  1.35  1.20  1.33  1.64  1.43
SKEW      1.29  1.50  1.24  1.28  1.66  1.09  1.52  1.67  1.38  1.35  1.46  1.22
% ENE     4.46  3.84  3.08  2.99  2.68  2.27  2.28  2.85  4.17  4.24  4.45  4.23
MEAN      2.70  2.87  2.67  2.60  2.67  2.42  2.85  2.68  2.84  2.80  3.04  2.72
STD DEV   1.38  1.56  1.29  1.29  1.38  1.10  1.48  1.28  1.48  1.48  1.79  1.42
SKEW      1.16  1.43  1.17  1.09  1.32  1.04  1.40  1.24  1.26  1.27  1.41  1.06
% E      15.99 14.24 11.87 11.40  9.86  8.98  8.21 10.52 13.86 15.76 14.96 15.93
MEAN      2.62  2.74  2.66  2.71  2.77  2.63  3.03  3.02  2.91  2.90  2.73  2.61
STD DEV   1.33  1.36  1.24  1.29  1.34  1.26  1.50  1.47  1.41  1.44  1.36  1.25
SKEW      1.27  1.05   .97  1.00   .93   .99  1.09  1.08  1.05  1.08  1.23   .99
% ESE     5.83  5.69  5.31  4.79  4.82  4.30  4.39  5.37  6.58  6.78  5.80  5.94
MEAN      2.63  2.81  2.76  3.02  3.04  2.86  3.32  3.28  3.33  3.02  2.65  2.55
STD DEV   1.26  1.25  1.16  1.44  1.41  1.28  1.58  1.64  1.59  1.37  1.21  1.16
SKEW       .95   .75   .58   .80   .76   .96   .96  1.16   .83   .83   .90   .91
% SE      5.75  5.57  5.60  5.17  5.07  5.16  6.10  7.09  6.82  6.27  5.42  5.09
MEAN      2.31  2.47  2.62  2.65  2.82  2.82  3.41  3.18  3.08  2.78  2.46  2.33
STD DEV   1.09  1.18  1.21  1.28  1.36  1.46  1.83  1.75  1.65  1.32  1.24  1.01
SKEW      1.10  1.21   .85  1.42   .96  1.17  1.17  1.45  1.14   .81  1.21   .72
% SSE     1.73  1.81  1.87  1.81  1.79  1.91  2.14  2.54  2.10  1.84  1.58  1.52
MEAN      2.20  2.46  2.85  2.61  2.99  2.90  3.35  2.95  2.85  2.81  2.22  1.95
STD DEV   1.02  1.23  1.33  1.19  1.47  1.35  1.66  1.46  1.27  1.31  1.09   .83
SKEW      1.05   .73   .66   .72   .72   .52   .87  1.45   .59   .49   .99  1.22
% S       3.28  4.12  4.91  4.89  5.27  5.32  5.39  5.03  3.54  3.55  3.11  2.82
MEAN      2.15  2.48  3.12  3.24  3.39  3.42  3.48  3.05  2.88  2.73  2.50  2.24
STD DEV   1.13  1.35  1.78  1.76  1.87  1.85  1.89  1.66  1.53  1.53  1.49  1.18
SKEW      1.36  1.43  1.11   .88  1.00   .88   .91  1.24  1.11  1.10  1.59  1.41
% SSW     1.76  2.58  3.94  5.28  6.23  6.06  5.57  4.16  2.92  2.33  1.99  2.01
MEAN      2.75  2.92  3.79  4.16  3.98  3.94  3.54  3.48  3.43  3.41  2.67  2.64
STD DEV   1.50  1.50  1.94  2.04  1.86  1.89  1.52  1.66  1.63  1.70  1.28  1.35
SKEW      1.02  1.02  1.05   .74   .57   .64   .53   .86   .82   .83  1.05   .87
% SW      4.07  5.48  8.27 11.05 12.70 12.08 10.57  7.98  5.47  4.57  4.05  4.17
MEAN      2.88  3.30  4.04  4.60  4.46  4.22  3.90  3.71  3.55  3.41  3.03  3.08
STD DEV   1.51  1.76  2.07  2.40  2.13  1.99  1.75  1.71  1.74  1.80  1.60  1.71
SKEW       .98   .99   .87   .78   .66   .67   .55   .82   .99  1.16  1.03   .98
% WSW     2.79  3.88  5.52  7.05  7.88  7.43  6.91  5.28  3.67  2.89  2.66  2.43
MEAN      3.12  4.01  4.59  4.91  4.86  4.47  4.16  3.76  3.88  3.65  3.29  3.43
STD DEV   1.76  2.17  2.39  2.38  2.22  1.97  1.77  1.58  1.85  1.91  1.65  1.98
SKEW      1.08   .87   .88   .50   .50   .60   .37   .38   .72   .90   .70   .87
% W       4.92  6.84  8.41 10.10 11.10 13.21 14.48 11.11  7.43  5.65  5.10  4.59
MEAN      3.25  3.90  4.30  4.29  4.19  3.99  3.81  3.48  3.40  3.19  3.17  3.18
STD DEV   1.91  2.50  2.39  2.28  2.04  1.79  1.69  1.55  1.52  1.70  1.86  2.03
SKEW      1.07  1.10   .85   .75   .77   .54   .58   .58   .76  1.04  1.23  1.30
% WNW     1.92  2.44  2.91  3.23  3.51  3.98  4.11  3.19  2.65  1.88  1.73  1.88
MEAN      3.04  3.96  4.33  4.13  3.89  3.52  3.46  3.36  3.06  3.04  3.04  2.84
STD DEV   2.03  2.48  2.61  2.22  1.93  1.54  1.42  1.49  1.27  1.70  2.00  1.77
SKEW      1.42   .91   .88   .75   .81   .39   .40   .67   .35  1.50  1.36  1.25
% NW      2.84  3.42  3.91  4.03  3.99  4.78  5.40  5.09  4.22  3.20  3.02  2.93
MEAN      2.85  3.15  3.28  3.19  3.11  2.95  3.06  3.02  2.72  2.58  2.48  2.68
STD DEV   2.11  2.08  1.96  1.76  1.52  1.36  1.40  1.49  1.18  1.32  1.44  1.69
SKEW      2.08  1.47  1.27  1.04   .88   .75   .64  1.05   .66  1.31  1.53  1.50
% NNW     3.15  3.31  3.18  2.67  2.04  2.40  2.62  2.86  3.02  3.01  3.25  3.32
MEAN      2.58  2.92  3.14  2.66  2.91  2.74  2.98  3.04  2.75  2.64  2.64  2.52
STD DEV   1.35  1.59  1.71  1.14  1.44  1.27  1.44  1.49  1.10  1.20  1.31  1.16
SKEW      1.26  1.34  1.22   .65   .75  1.07  1.13  1.39   .39   .89  1.25  1.21
CALM     18.58 14.28 11.71  9.36 10.10 10.88  9.72 11.99 14.32 16.43 19.53 20.67
                                                                                
INTERPOLATED DATA (station & weighting factor)                                  
                                                                                
---Wind Stations---                                                             
PHOENIX/LUKE  AZ     .336  PHOENIX/SKY   AZ     .336  PHOENIX/LITCH.AZ     .328 
