 United States    Hartford                                                      
 LATT=  44.37 LONG= -70.32 YEARS= 10. TYPE= 3
 ELEVATION =  715. TP5 = 1.54 TP6= 3.44
 MEAN P    .33   .31   .29   .32   .28   .37   .32   .39   .33   .49   .35   .36
 S DEV P   .47   .36   .41   .41   .32   .52   .46   .63   .55   .70   .45   .47
 SKEW  P  2.56  1.70  2.64  2.08  1.91  3.13  3.15  3.13  3.25  2.25  1.90  2.99
 P(W/W)    .45   .46   .50   .54   .64   .61   .47   .45   .46   .54   .45   .51
 P(W/D)    .33   .38   .30   .38   .32   .39   .34   .34   .32   .33   .30   .40
 TMAX AV 26.41 28.99 37.73 51.16 64.93 71.88 79.64 77.12 69.64 56.17 42.47 31.20
 TMIN AV  9.03 11.40 20.77 32.66 44.47 51.91 58.74 56.82 50.11 39.85 27.19 16.74
 SD TMAX 10.63 10.52 10.31 10.23  9.87  8.07  6.27  5.63  8.38  8.70  9.42 10.00
 SD TMIN 12.48 12.10 11.60  8.26  7.16  6.49  5.99  5.84  8.37  8.39  9.21 12.30
 SOL.RAD  133.  201.  300.  378.  423.  473.  505.  444.  337.  209.  132.  104.
 SD SOL   38.8  60.2  95.8 127.3 162.3 165.4 130.3 115.8  98.2  72.8  45.2  30.6
 MX .5 P   .36   .24   .24   .37   .39   .67   .81   .83   .55   .59   .35   .33
 DEW PT   9.94 11.11 17.72 29.06 42.99 51.76 58.19 57.17 51.41 39.79 25.63 16.73
Time Pk   .130  .230  .320  .410  .500  .590  .670  .750  .830  .890  .950 1.000
% N       2.40  2.46  2.37  3.00  3.32  2.68  3.05  2.64  1.62  1.84  2.04  1.58
MEAN      2.99  2.81  3.48  3.44  3.74  3.44  3.31  3.21  3.13  3.06  2.92  2.51
STD DEV   1.24  1.18  1.32  1.46  1.57  1.59  1.35  1.44  1.35  1.35  1.26  1.08
SKEW       .19   .28   .41   .51   .34   .95   .39   .34   .97   .32   .49   .95
% NNE     1.19  1.18  1.22  2.17  2.97  1.58  2.81  2.25  1.46  1.10   .77   .55
MEAN      3.05  2.88  3.19  3.30  3.15  2.80  3.07  3.71  3.16  3.32  2.78  3.07
STD DEV   1.06  1.04  1.56  1.24  1.46  1.13  1.34  1.51  1.50  1.27  1.11  1.29
SKEW       .31  -.14   .56  -.03   .50   .26   .68   .65   .60   .28   .65   .89
% NE       .49   .63   .49   .85   .92   .66   .97  1.03   .72   .73   .85   .49
MEAN      1.92  1.92  2.37  3.04  2.16  3.49  2.45  2.44  2.07  2.60  2.27  2.20
STD DEV    .07   .71   .54  1.78   .86  1.12  1.15  1.15   .43  1.61  1.13   .49
SKEW       .04   .04   .04   .83   .66  -.30   .75   .75  1.47  1.01  1.23   .72
% ENE      .69   .34  1.12   .93  1.49   .85  1.22  1.14   .69   .86   .75   .31
MEAN      2.81  2.37  2.90  3.09  3.17  3.27  2.64  2.68  2.49  3.02  2.79  1.92
STD DEV    .81   .55   .95  1.01  1.55  1.79  1.14  1.21   .73  1.13  1.11   .07
SKEW       .06   .04   .46   .45   .67   .47   .59   .46   .64   .38   .64   .03
% E       1.08   .71   .92  1.01  1.11  1.06  1.34  1.25  1.55  1.08  1.46  1.08
MEAN      2.70  2.80  3.41  3.95  3.23  2.68  2.41  2.54  2.83  2.85  2.78  3.04
STD DEV   1.29  1.12  1.67  2.26  1.51  1.16   .98  1.01  1.25  1.14  1.10  1.05
SKEW       .92   .66   .38  1.13   .83   .49   .89   .53   .65   .50   .30   .33
% ESE     6.72  6.85  5.32  4.75  5.32  6.27  6.14  6.64  7.13  7.22  6.17  6.54
MEAN      3.93  3.87  4.25  4.13  3.59  3.55  3.14  3.04  3.52  3.74  3.96  3.73
STD DEV   1.52  1.46  1.82  1.90  1.44  1.27  1.30  1.19  1.23  1.38  2.13  1.51
SKEW       .38   .31   .57   .70   .71   .23   .69   .50   .09   .28  1.59   .66
% SE     10.06  8.54  9.53  8.56  9.15 12.87 11.56 15.61 15.74 15.63 13.74 11.78
MEAN      3.88  4.10  4.69  4.04  3.80  3.46  3.31  3.23  3.46  3.67  3.98  3.98
STD DEV   1.58  1.92  2.29  1.88  1.71  1.29  1.20  1.33  1.25  1.41  1.64  1.85
SKEW       .83  1.04   .75  1.04   .60   .27   .34   .55   .28   .24   .79   .87
% SSE    20.68 19.66 18.04 19.66 20.97 22.80 19.06 21.38 23.79 22.62 20.55 21.45
MEAN      4.53  4.31  5.12  4.07  3.74  3.53  3.14  3.18  3.51  3.52  4.46  4.18
STD DEV   2.31  2.08  2.53  2.04  1.59  1.36  1.20  1.28  1.50  1.48  2.12  2.10
SKEW      1.04  1.17   .67  1.37  1.06   .72   .41   .70  1.14  1.22  1.03  1.23
% S       4.61  4.28  3.41  4.65  4.81  6.87  6.65  6.55  5.95  5.59  6.32  6.13
MEAN      3.49  3.10  3.72  3.39  3.05  3.06  2.87  2.72  3.27  3.07  3.60  3.07
STD DEV   2.14  1.64  2.14  1.69  1.63  1.42  1.49  1.15  1.93  1.44  1.90  1.46
SKEW      1.44  1.97  1.24   .96  1.40  1.41  1.80  1.00  1.44  1.07  1.16   .97
% SSW     4.27  3.70  4.04  5.13  3.81  5.78  5.76  4.39  4.87  4.96  6.18  6.39
MEAN      4.16  4.00  4.16  4.41  3.70  3.83  3.45  3.16  3.81  3.94  4.52  3.91
STD DEV   1.97  2.13  2.09  2.09  1.86  1.78  1.58  1.57  2.03  1.76  1.83  1.76
SKEW       .41  1.22  1.00   .47   .59   .77   .63  1.10  1.00   .54   .42   .68
% SW      1.47  1.12  1.41  1.66  1.53  2.39  2.32  2.32  2.23  2.25  2.29  2.75
MEAN      3.84  3.12  3.95  4.14  3.33  3.37  3.80  2.92  3.86  3.36  4.10  3.50
STD DEV   2.63  1.61  2.41  2.43  1.83  1.57  2.15  1.36  2.22  1.49  1.86  1.69
SKEW      1.16   .30   .92   .37   .48   .40   .57   .39   .83   .62   .82   .64
% WSW     4.11  6.04  5.78  7.43  3.93  4.71  4.84  2.87  3.90  4.38  5.98  7.35
MEAN      5.01  4.51  4.55  4.82  4.26  3.91  3.78  3.24  3.79  4.39  4.41  4.28
STD DEV   2.19  1.75  1.90  2.10  1.99  1.65  1.80  1.36  1.73  1.99  1.82  1.93
SKEW       .45   .19   .23   .57   .48   .28   .27   .49   .40   .54   .47  1.03
% W       2.74  3.46  3.28  3.36  2.52  2.39  2.33  1.71  2.34  1.88  2.82  3.98
MEAN      4.19  4.20  4.10  4.39  4.44  3.67  2.72  2.40  3.32  3.94  3.55  3.80
STD DEV   2.09  1.86  1.96  1.92  2.65  1.88  1.65  1.05  1.67  1.91  1.59  1.74
SKEW       .70   .43   .73   .44   .74   .47  1.32   .71   .79   .23   .35   .66
% WNW     9.08 11.46 12.61  9.15  6.10  6.78  6.68  4.83  6.69  6.02  6.87  7.68
MEAN      4.81  4.94  5.19  4.76  4.70  4.35  3.81  3.47  3.84  4.05  4.56  4.39
STD DEV   1.91  1.95  2.07  2.00  2.19  2.04  1.64  1.37  1.60  1.86  1.95  1.82
SKEW       .11   .31   .37   .20   .59   .50   .59   .45   .37   .46   .56   .44
% NW      7.40  7.03  8.22  5.96  6.70  5.75  6.62  6.02  6.32  6.80  7.67  6.16
MEAN      4.01  4.71  4.89  4.74  4.45  4.51  3.94  3.63  3.60  4.06  4.32  3.88
STD DEV   1.97  2.06  2.19  2.09  2.11  2.13  1.81  1.60  1.55  2.05  1.97  1.78
SKEW       .81   .25   .51   .36   .62   .27   .42   .56   .47   .81   .35   .44
% NNW    16.97 17.29 17.68 16.84 17.37 11.65 12.15 11.11  9.36 10.23 10.39 10.20
MEAN      4.07  4.49  4.67  4.56  4.49  4.44  3.88  3.81  3.66  4.09  4.00  4.00
STD DEV   1.83  2.01  1.85  1.95  1.88  1.77  1.64  1.47  1.42  1.63  1.71  1.78
SKEW       .76   .55   .46   .40   .70   .44   .33   .37   .57   .50   .67   .70
CALM      5.77  5.25  4.55  4.90  7.87  4.91  6.58  8.46  5.75  6.83  5.15  5.59
                                                                                
INTERPOLATED DATA (station & weighting factor)                                  
                                                                                
---Wind Stations---                                                             
DANSVILLE MUN NY     .951  ELMIRA/CHEMUN NY     .026  BUFFALO/INT   NY     .022 
