 United States    Indian Pass                                                   
 LATT=  61.07 LONG=-149.48 YEARS= 10. TYPE= 3
 ELEVATION = 2464. TP5 = 0.70 TP6= 1.54
 MEAN P    .32   .33   .30   .23   .22   .26   .32   .43   .48   .34   .30   .30
 S DEV P   .39   .31   .29   .20   .16   .28   .29   .38   .49   .38   .37   .32
 SKEW  P  4.21  1.85  2.76  2.17  1.64  2.68  2.55  1.42  2.01  2.10  4.37  3.21
 P(W/W)    .57   .57   .56   .58   .50   .33   .49   .68   .71   .63   .56   .70
 P(W/D)    .26   .34   .22   .23   .14   .16   .21   .32   .33   .42   .41   .35
 TMAX AV 20.69 24.69 29.45 40.17 49.89 58.45 61.76 59.63 51.56 39.79 26.00 21.47
 TMIN AV 10.94 13.49 14.71 26.22 35.32 44.63 49.18 47.38 39.51 28.88 16.21 12.64
 SD TMAX 13.51  7.84  8.85  6.25  7.14  6.53  5.86  4.81  5.52  6.14 10.40 11.34
 SD TMIN 15.87 10.53 11.93  6.85  5.13  4.38  3.76  4.27  5.97  8.25 12.60 12.78
 SOL.RAD   27.   84.  217.  352.  456.  470.  422.  314.  203.   95.   34.   15.
 SD SOL   11.0  30.8  62.6  91.8 135.0 157.2 154.8 120.2  72.2  35.2  13.4   3.5
 MX .5 P   .11   .24   .16   .18   .21   .31   .59   .61   .58   .38   .26   .14
 DEW PT  10.44 12.67 12.64 23.91 33.48 43.60 49.00 47.52 39.88 28.81 16.08 12.44
Time Pk   .250  .360  .450  .530  .600  .670  .720  .790  .850  .900  .950 1.000
% N       2.42  2.36  2.02  2.31  2.88  3.25  3.66  3.08  3.67  2.49  2.65  2.43
MEAN      2.75  2.82  3.19  3.14  3.09  3.03  3.21  2.90  3.00  2.71  2.75  2.55
STD DEV   1.30  1.32  1.58  1.34  1.32  1.33  1.37  1.28  1.30  1.28  1.07  1.07
SKEW      1.62  1.27  1.05   .92   .86   .87  1.03  1.09   .80  1.19   .76   .89
% NNE     5.36  4.40  2.86  3.19  3.47  3.57  4.08  3.71  4.70  3.81  4.95  5.10
MEAN      3.14  3.29  3.43  3.52  3.40  3.44  3.13  2.97  3.23  2.87  2.90  2.92
STD DEV   1.61  1.59  1.62  1.78  1.52  1.51  1.30  1.23  1.56  1.22  1.19  1.30
SKEW      1.58   .99   .81  1.22   .93   .85   .74   .84  1.06   .80  1.00  1.11
% NE     11.03  9.58  7.75  6.60  7.21  6.96  7.64  7.11  9.61  9.42 10.86 10.12
MEAN      3.17  3.32  3.52  3.71  3.47  3.37  3.07  3.04  3.23  3.04  3.09  2.97
STD DEV   1.50  1.63  1.62  1.70  1.53  1.50  1.28  1.32  1.43  1.27  1.27  1.27
SKEW      1.44  1.29  1.04   .93   .87   .96   .84   .85  1.09   .77   .90  1.01
% ENE     7.94  8.06  8.27  6.69  6.27  5.58  6.81  5.98  8.27  9.67  8.80  8.42
MEAN      3.26  3.44  3.69  3.58  3.59  3.42  3.23  3.18  3.42  3.33  3.24  3.23
STD DEV   1.48  1.47  1.61  1.50  1.50  1.53  1.23  1.24  1.35  1.37  1.31  1.33
SKEW      1.15   .81  1.08   .86   .80  1.02   .65   .70   .71   .73   .77   .76
% E       5.66  5.55  5.85  5.34  4.69  4.64  5.27  5.02  5.93  5.99  5.84  5.76
MEAN      2.81  2.97  3.10  3.12  3.15  2.94  2.87  2.85  2.92  2.91  2.96  2.85
STD DEV   1.18  1.26  1.33  1.33  1.40  1.30  1.21  1.13  1.21  1.26  1.26  1.16
SKEW      1.01   .77   .87   .96  1.08  1.14   .87   .72   .91   .97   .94   .74
% ESE     2.86  2.95  3.20  2.74  2.57  2.38  2.84  2.63  2.60  2.84  3.12  3.11
MEAN      2.82  3.03  3.20  2.89  2.87  2.74  2.65  2.58  2.62  2.86  2.85  3.01
STD DEV   1.16  1.37  1.37  1.13  1.13  1.04   .99   .93   .93  1.23  1.15  1.27
SKEW       .62   .68   .78   .62   .79   .80   .50   .63   .47   .81   .69   .89
% SE      4.87  4.56  4.48  4.05  3.90  3.61  3.62  4.01  3.82  4.32  4.57  4.76
MEAN      3.60  3.41  3.38  2.93  2.95  2.94  2.92  2.90  2.93  3.03  3.32  3.60
STD DEV   1.86  1.73  1.43  1.08  1.13  1.08  1.07  1.13  1.05  1.24  1.47  1.76
SKEW      1.01  1.05   .77   .51   .76   .52   .51   .61   .52   .87   .83   .96
% SSE     6.06  5.12  5.17  4.67  4.77  4.82  4.89  5.20  4.65  5.44  5.66  5.68
MEAN      4.40  3.98  3.75  3.35  3.32  3.36  3.25  3.27  3.18  3.39  3.98  4.13
STD DEV   2.29  2.02  1.62  1.34  1.28  1.32  1.18  1.25  1.16  1.44  1.92  2.03
SKEW      1.06  1.17   .75  1.04   .62   .72   .59   .62   .61   .86  1.02   .86
% S       9.73  9.23  9.08  8.31  9.23  9.86  8.86  9.78  7.75  9.33  9.18  9.37
MEAN      4.63  4.41  4.36  3.99  3.84  3.86  3.75  3.65  3.67  3.88  4.29  4.49
STD DEV   2.44  2.29  2.01  1.69  1.67  1.59  1.57  1.49  1.57  1.78  2.16  2.29
SKEW       .87   .82   .87   .69  1.02   .67   .72   .69   .83   .89   .83   .86
% SSW    11.28 12.02 12.45 13.13 13.05 14.67 11.87 12.27 10.27 11.59 10.67 11.15
MEAN      6.03  6.10  5.65  5.22  4.75  4.68  4.49  4.35  4.51  5.12  5.80  6.16
STD DEV   2.96  2.97  2.60  2.14  1.94  1.81  1.83  1.87  1.89  2.43  2.86  3.16
SKEW       .49   .61   .67   .46   .40   .45   .57   .65   .55   .57   .52   .74
% SW      8.78 10.82 12.39 14.30 13.12 13.11 11.97 12.31 10.51  9.31  8.84  9.60
MEAN      5.69  5.82  5.83  5.78  5.00  4.78  4.38  4.29  4.72  5.15  5.71  6.05
STD DEV   3.15  3.08  2.86  2.61  2.28  1.99  1.83  1.84  2.16  2.50  2.79  3.21
SKEW       .73   .60   .78   .49   .65   .42   .55   .67   .68   .60   .48   .72
% WSW     3.78  4.66  6.55  7.61  6.73  6.83  6.80  6.54  6.07  4.11  4.21  4.06
MEAN      4.61  5.03  5.56  5.84  4.88  4.91  4.33  4.17  4.72  4.91  5.19  5.17
STD DEV   2.77  2.90  2.83  2.86  2.39  2.48  1.99  1.87  2.46  2.58  2.84  2.93
SKEW      1.05   .86   .59   .53   .76   .87  1.02   .76   .85   .73   .61   .72
% W       3.02  4.00  5.33  5.50  4.98  4.11  4.01  4.18  4.05  3.20  3.21  2.81
MEAN      3.55  4.11  4.79  4.95  4.36  4.18  3.79  3.68  3.86  4.25  4.19  3.90
STD DEV   2.13  2.51  2.64  2.78  2.46  2.17  1.95  1.91  2.12  2.60  2.67  2.24
SKEW      1.40  1.17   .78   .97  1.04  1.11  1.04  1.08  1.11  1.12  1.01  1.03
% WNW     1.48  1.90  2.41  3.13  2.76  2.55  2.40  3.06  2.57  1.72  1.65  1.33
MEAN      3.49  3.57  4.25  4.29  3.93  3.86  3.69  3.65  3.95  3.42  3.67  3.29
STD DEV   1.85  1.81  2.07  2.01  1.96  1.96  1.69  1.83  2.01  1.82  2.16  1.68
SKEW      1.14  1.00   .68   .63   .85  1.04   .80   .97   .84   .98  1.23  1.03
% NW      1.22  1.68  1.76  2.27  2.68  2.60  2.88  3.05  2.55  1.56  1.38  1.18
MEAN      2.67  3.43  3.70  3.44  3.11  3.25  3.39  3.31  3.35  2.83  3.14  2.81
STD DEV   1.24  1.76  1.73  1.59  1.37  1.40  1.53  1.45  1.62  1.21  1.72  1.40
SKEW       .99  1.00   .71   .93   .82   .68  1.04   .75  1.00   .78  1.64   .95
% NNW     1.07  1.13  1.34  1.48  1.69  1.73  1.87  1.81  1.83  1.13  1.30   .94
MEAN      2.69  3.28  3.61  3.43  3.01  3.20  3.59  3.12  3.37  2.95  2.83  2.61
STD DEV   1.22  1.47  1.71  1.64  1.34  1.43  1.65  1.45  1.60  1.36  1.21  1.17
SKEW      1.46   .74   .88  1.00   .84  1.49   .91  1.09   .92  1.09  1.37  1.12
CALM     13.52 12.00  9.06  8.62 10.00  9.76 10.49 10.21 11.16 14.01 13.14 14.23
                                                                                
INTERPOLATED DATA (station & weighting factor)                                  
                                                                                
---Wind Stations---                                                             
SPOKANE       WA     .408  SPOKANE       WA     .408  LEWISTON      ID     .183 
