 United States    Wichita Jabara Ap                                             
 LATT=  37.75 LONG= -97.22 YEARS= 10. TYPE= 3
 ELEVATION = 1411. TP5 = 2.46 TP6= 5.69
 MEAN P    .19   .17   .28   .33   .54   .53   .50   .47   .39   .37   .31   .21
 S DEV P   .24   .22   .38   .59   .64   .54   .66   .58   .70   .42   .48   .38
 SKEW  P  1.64  2.37  2.43  5.01  1.76  1.11  2.57  1.58  4.63  2.79  3.23  2.60
 P(W/W)    .26   .34   .33   .41   .48   .35   .40   .46   .41   .38   .39   .30
 P(W/D)    .09   .11   .17   .26   .30   .23   .17   .23   .19   .16   .10   .13
 TMAX AV 45.08 48.04 61.31 70.97 78.27 89.42 92.55 90.13 84.06 71.64 58.11 46.87
 TMIN AV 24.73 27.30 38.28 47.79 57.53 68.62 71.95 68.96 62.64 49.05 36.55 28.13
 SD TMAX 12.09 14.11 12.76  9.46  9.13  5.90  6.65  6.29  7.46  9.79 11.01 11.05
 SD TMIN 10.63 11.62 11.54  9.71  8.67  5.72  5.19  5.45  8.06 10.12 10.39  9.91
 SOL.RAD  196.  258.  350.  444.  516.  603.  577.  521.  423.  308.  216.  168.
 SD SOL   57.1  80.9 105.1 131.2 149.7 101.4 125.8 109.0 106.1  83.6  63.9  52.8
 MX .5 P   .10   .14   .30   .59  1.01   .94  1.10   .98   .58   .38   .21   .18
 DEW PT  21.24 23.91 33.33 41.71 53.63 64.00 66.46 64.85 59.07 44.82 32.67 25.46
Time Pk   .150  .260  .350  .450  .530  .620  .700  .770  .840  .900  .960 1.000
% N      10.39 10.29  9.31  7.28  4.88  3.80  3.61  3.47  6.27  7.89  8.06 10.56
MEAN      6.57  6.60  6.83  6.43  5.17  5.06  4.85  5.09  5.92  5.69  6.30  6.39
STD DEV   3.12  3.08  3.30  2.92  2.38  2.22  2.25  2.14  2.63  2.59  2.78  2.87
SKEW       .35   .43   .45   .44   .44   .46   .99   .23   .34   .48   .22   .31
% NNE     8.63  7.71  8.39  7.07  7.19  4.82  4.78  4.44  6.72  7.54  5.61  5.60
MEAN      5.80  6.28  6.64  6.14  5.36  5.35  5.42  5.26  5.76  5.82  5.96  5.83
STD DEV   2.65  2.84  2.85  2.63  2.15  2.16  2.39  2.16  2.46  2.42  2.35  2.22
SKEW       .33   .40   .45   .25   .20   .29   .54   .30   .43   .25   .16   .20
% NE      3.96  3.86  5.18  5.55  5.79  4.53  4.85  5.33  5.15  3.68  3.27  2.56
MEAN      4.36  4.45  5.31  5.46  4.94  4.65  4.79  4.68  4.79  4.51  4.91  4.87
STD DEV   2.01  1.94  2.40  2.52  2.32  1.87  2.14  2.11  1.92  2.15  2.03  2.43
SKEW       .60   .73   .73   .54   .55   .55   .60   .56   .48   .67   .29   .18
% ENE     2.57  3.28  4.90  4.72  5.16  4.13  5.54  5.11  4.15  2.63  2.14  1.49
MEAN      4.02  4.07  5.30  5.38  4.83  4.77  4.75  4.97  4.81  4.26  4.50  4.25
STD DEV   1.66  1.79  2.32  2.41  2.31  1.97  1.84  2.02  1.90  1.92  1.97  1.55
SKEW       .54   .98   .54   .56   .78   .50   .34   .34   .62   .63   .35  -.04
% E       1.84  2.83  4.73  4.43  4.40  4.49  5.19  5.57  3.53  2.95  1.50  1.50
MEAN      3.56  3.97  4.57  4.67  4.53  4.46  4.41  4.27  4.05  4.11  3.70  3.19
STD DEV   1.59  1.66  1.88  2.17  2.12  1.93  1.77  1.84  1.62  1.79  1.44  1.30
SKEW       .78   .45   .46   .82   .58   .70   .51   .57   .56   .51   .30   .66
% ESE     2.24  2.24  4.07  5.00  4.95  5.07  5.27  5.27  3.22  2.76  2.09  1.87
MEAN      3.78  4.53  4.72  4.88  4.93  4.98  4.69  4.89  4.66  4.47  4.75  3.99
STD DEV   1.50  1.90  1.98  1.90  2.28  2.09  1.80  1.96  1.91  1.90  2.16  1.66
SKEW       .41   .50   .47   .30   .53   .65   .39   .79   .55   .51   .60   .56
% SE      2.53  3.54  4.58  5.53  5.53  6.20  7.00  7.73  5.39  4.25  2.81  2.52
MEAN      4.33  5.19  5.31  5.17  5.01  5.46  4.74  4.79  4.77  4.97  4.05  4.35
STD DEV   1.97  2.28  2.35  2.11  2.30  2.20  1.91  1.98  1.86  2.16  2.04  2.03
SKEW       .67   .53   .33   .48   .72   .51   .50   .75   .43   .47   .83   .97
% SSE     5.20  5.59  6.94  7.84  8.96 13.02 11.87 11.25  9.79  7.67  4.66  4.49
MEAN      4.95  5.78  6.21  5.98  6.05  6.33  5.57  5.82  5.78  5.92  4.96  5.15
STD DEV   2.21  2.55  2.79  2.54  2.59  2.40  2.08  2.21  2.15  2.53  2.26  2.14
SKEW       .45   .39   .36   .46   .56   .30   .41   .37   .36   .51   .77   .52
% S      10.45  9.01  9.34 11.74 15.79 21.96 19.84 20.61 19.99 17.59 13.68 10.17
MEAN      5.54  6.07  6.97  6.79  6.93  6.90  5.94  6.31  6.43  6.18  5.74  5.24
STD DEV   2.68  2.88  3.55  3.41  2.92  2.73  2.20  2.44  2.62  2.64  2.54  2.51
SKEW       .56   .38   .34   .55   .19   .28   .23   .25   .32   .43   .47   .81
% SSW    10.91 10.79  7.68  9.16  9.09 14.81 16.19 12.92 14.16 13.31 12.69 11.76
MEAN      5.78  6.19  6.78  7.30  7.19  7.39  6.81  6.91  7.26  6.62  6.26  5.66
STD DEV   2.72  2.91  3.45  3.37  3.11  2.76  2.54  2.57  2.86  3.00  2.49  2.51
SKEW       .54   .34   .59   .43   .13   .14   .07   .09   .30   .41   .27   .52
% SW      6.34  5.57  4.04  4.15  4.18  3.51  5.12  4.50  4.62  5.72  7.28  7.98
MEAN      4.29  4.72  5.47  5.78  4.98  5.60  5.45  5.36  6.13  4.50  4.94  4.91
STD DEV   1.96  2.23  3.03  2.74  2.34  2.68  2.49  2.58  2.88  2.32  2.20  2.39
SKEW       .79   .52   .75   .42   .60   .56   .61   .49   .36  1.07   .48   .89
% WSW     3.77  4.39  3.08  2.41  2.44  1.68  2.06  2.23  2.06  2.25  4.78  5.20
MEAN      4.03  4.54  4.88  5.05  4.43  5.11  4.93  4.84  4.75  3.95  4.64  4.27
STD DEV   1.67  2.03  2.92  2.68  2.18  2.52  2.22  2.32  2.30  1.82  1.88  1.91
SKEW       .59   .87  1.28   .53   .79   .93   .34   .51   .73   .68   .84   .84
% W       3.02  3.31  2.64  2.17  2.04  1.76  1.01  1.32  1.34  1.92  4.45  4.29
MEAN      4.21  3.97  4.50  5.17  4.61  4.37  3.71  3.53  3.61  3.48  4.27  3.63
STD DEV   2.29  1.92  2.44  2.72  2.55  2.29  1.63  1.56  1.51  1.44  2.00  1.46
SKEW      1.18  1.08  1.39   .63   .97   .76   .82   .69   .65   .78   .83   .76
% WNW     4.74  5.94  4.78  4.11  3.40  1.58   .92  1.27  1.68  2.61  5.73  6.17
MEAN      4.97  5.53  6.05  6.33  5.45  5.55  3.98  4.31  4.14  4.27  4.94  4.87
STD DEV   2.43  2.77  3.03  3.45  2.80  2.70  2.00  1.99  1.94  1.97  2.37  2.12
SKEW       .88   .77   .75   .84   .68   .59   .65   .98  1.19   .74   .82   .81
% NW      5.26  5.99  5.69  4.85  3.63  1.94  1.10  1.60  2.36  4.63  6.43  6.91
MEAN      5.19  6.18  6.87  6.66  5.04  4.74  3.62  4.27  4.14  4.75  5.57  5.25
STD DEV   2.83  3.00  3.43  3.66  2.30  2.70  1.67  1.76  1.97  2.34  2.52  2.54
SKEW       .77   .69   .66   .62   .41   .72   .88   .53   .74   .72   .59   .76
% NNW    10.71  9.63  9.46  9.38  5.78  2.57  1.87  2.82  4.40  6.22  7.77 10.02
MEAN      6.48  6.85  7.76  7.19  5.63  5.60  4.55  5.05  5.63  5.76  6.59  6.52
STD DEV   2.99  3.17  3.27  3.16  2.59  2.78  2.06  2.23  2.57  2.55  3.10  3.01
SKEW       .37   .62   .21   .37   .43   .47   .63   .49   .54   .41   .57   .38
CALM      7.49  6.03  5.26  4.62  6.77  4.17  3.83  4.49  5.24  6.35  7.05  6.97
                                                                                
INTERPOLATED DATA (station & weighting factor)                                  
                                                                                
---Wind Stations---                                                             
SALINA        KS     .340  SALINA        KS     .340  RUSSELL       KS     .320 
