 United States    Gastonia Muni Ap                                              
 LATT=  35.20 LONG= -81.16 YEARS= 10. TYPE= 3
 ELEVATION =  797. TP5 = 2.74 TP6= 5.58
 MEAN P    .30   .34   .27   .45   .42   .33   .25   .32   .44   .38   .39   .42
 S DEV P   .34   .45   .33   .59   .63   .44   .39   .46   .67   .52   .56   .52
 SKEW  P  1.26  3.41  2.00  1.67  2.68  2.18  2.18  2.75  2.83  2.16  2.33  1.59
 P(W/W)    .51   .56   .47   .49   .59   .51   .52   .46   .55   .45   .49   .43
 P(W/D)    .23   .27   .32   .22   .23   .29   .31   .29   .19   .19   .20   .28
 TMAX AV 50.91 56.25 63.36 73.36 80.92 87.64 90.05 86.85 83.17 73.01 61.43 55.13
 TMIN AV 32.85 37.29 43.04 52.54 61.82 68.95 72.11 70.28 65.59 53.24 41.39 38.67
 SD TMAX 10.30 10.91 10.34  7.59  6.92  5.32  5.10  4.70  6.71  7.59  8.00  8.86
 SD TMIN 10.86 10.24  9.94  8.12  6.63  4.15  3.24  3.56  5.31  8.95  9.62 10.08
 SOL.RAD  210.  267.  357.  453.  513.  557.  538.  485.  403.  316.  225.  177.
 SD SOL   66.0  85.3 111.3 125.3 126.7 104.5  96.2  95.1 110.6  89.5  69.4  57.9
 MX .5 P   .33   .44   .36   .69   .91   .85   .96   .85   .81   .47   .51   .47
 DEW PT  28.88 32.46 37.10 47.07 57.85 64.63 68.30 67.89 63.15 51.72 38.18 36.16
Time Pk   .200  .310  .400  .480  .560  .650  .720  .780  .840  .900  .960 1.000
% N      10.34 10.44  7.72  7.57  6.62  6.04  6.05  7.63  8.84  9.30  7.99  8.30
MEAN      3.64  3.48  3.41  3.43  3.07  2.77  2.65  2.75  2.76  3.12  3.23  3.58
STD DEV   1.55  1.62  1.48  1.52  1.48  1.22  1.19  1.22  1.25  1.58  1.55  1.63
SKEW       .43   .62   .41   .60   .82   .73   .83   .82   .86   .89   .76   .53
% NNE     4.75  5.39  3.70  4.27  4.46  4.54  5.63  6.14  7.48  5.22  4.37  4.94
MEAN      3.51  3.41  3.35  3.39  3.19  2.84  2.84  2.90  3.18  3.20  3.01  3.63
STD DEV   1.46  1.44  1.31  1.36  1.47  1.15  1.20  1.18  1.48  1.50  1.27  1.52
SKEW       .40   .52   .30   .34   .62   .52   .62   .43   .81   .82   .81   .53
% NE      2.31  3.34  2.53  2.71  2.76  3.14  3.91  4.49  4.72  3.10  2.43  2.31
MEAN      2.76  3.09  3.01  3.01  2.56  2.69  2.59  2.74  2.69  2.69  2.57  2.89
STD DEV   1.19  1.35  1.25  1.19  1.04  1.07  1.06  1.13  1.22  1.33  1.07  1.23
SKEW       .75   .78   .60   .33   .55   .66   .97   .63   .65  1.05   .67   .65
% ENE      .92  1.30  1.24  1.26  1.30  1.69  1.65  1.92  2.06  1.33   .82  1.06
MEAN      2.46  2.61  2.53  2.60  2.69  2.42  2.55  2.34  2.56  2.37  2.52  2.35
STD DEV    .84  1.13  1.03  1.17  1.36   .98  1.17   .99  1.23  1.06  1.07   .97
SKEW      -.11   .81   .30   .64  1.08   .60   .74   .82   .84   .66   .62   .54
% E       1.85  2.75  2.32  2.58  2.16  2.88  3.24  3.04  3.67  2.78  2.28  2.77
MEAN      2.12  2.42  2.48  2.36  2.14  2.16  2.12  2.07  2.18  2.05  2.04  2.19
STD DEV    .84  1.00  1.15   .99   .87   .93   .88   .82   .91   .87   .82   .89
SKEW       .71   .54  1.08   .76   .77   .99   .83   .75   .57   .79   .66   .53
% ESE     2.83  2.86  3.26  3.09  3.19  3.78  3.58  2.72  3.89  3.17  2.01  3.27
MEAN      2.66  2.80  2.80  2.82  2.32  2.37  2.09  2.03  2.37  2.22  2.20  2.61
STD DEV   1.22  1.26  1.40  1.50  1.05  1.04   .92   .81   .96   .93   .91  1.22
SKEW       .69   .87  1.08  1.17  1.05  1.10  1.28   .91   .68   .90   .66   .80
% SE      6.82  5.33  5.86  5.55  5.95  6.78  6.43  5.80  8.06  7.03  6.63  7.60
MEAN      2.88  3.16  3.05  2.73  2.49  2.31  2.16  2.13  2.50  2.33  2.58  3.02
STD DEV   1.34  1.74  1.60  1.28  1.17  1.02  1.01   .90  1.18  1.04  1.31  1.53
SKEW       .90  1.15  1.16   .77   .89  1.19  1.20  1.03  1.01   .75  1.37  1.10
% SSE     9.16  6.14  7.31  8.85  7.38  6.76  6.77  5.90  7.53  6.85  8.14  9.52
MEAN      3.82  3.74  3.55  3.60  2.84  2.50  2.33  2.15  2.68  2.72  3.21  3.89
STD DEV   1.87  1.88  1.97  1.86  1.40  1.11  1.10   .96  1.21  1.29  1.56  2.01
SKEW       .94   .84  1.44   .98   .97   .92  1.49  1.18   .72  1.20   .94   .85
% S      15.10 10.91 14.65 14.97 11.64 10.36 10.17  9.53  8.78  8.83 12.52 13.34
MEAN      4.12  4.09  4.16  3.92  3.18  2.61  2.43  2.43  2.74  2.83  3.67  3.94
STD DEV   1.88  1.91  2.07  1.90  1.63  1.23  1.12  1.19  1.33  1.42  1.91  1.94
SKEW       .62   .45   .76   .74   .82   .97   .90  1.11   .88   .88   .79   .65
% SSW     6.00  5.49  6.72  8.11  7.27  6.22  6.52  6.10  4.06  4.44  5.28  5.73
MEAN      4.26  4.33  4.38  4.40  3.57  3.02  2.76  2.74  2.78  3.17  3.90  3.82
STD DEV   2.03  2.21  2.17  1.99  1.88  1.41  1.26  1.36  1.30  1.67  1.84  2.01
SKEW       .59   .70   .52   .44   .93   .67   .73   .88   .61   .77   .57   .91
% SW      3.69  4.13  4.53  5.35  5.39  6.52  6.56  5.64  3.45  3.22  4.03  3.98
MEAN      3.85  3.97  4.26  4.31  3.43  3.17  2.92  2.91  2.74  3.13  3.56  3.77
STD DEV   1.88  1.94  2.14  1.98  1.67  1.50  1.36  1.28  1.27  1.73  1.85  1.93
SKEW       .64   .42   .81   .39   .74   .60   .72   .74   .55   .83   .59   .61
% WSW     2.49  3.17  3.86  3.35  3.52  4.61  4.62  3.67  2.22  2.04  2.36  3.31
MEAN      3.68  3.85  4.49  4.58  3.44  3.18  2.97  3.11  2.69  3.01  3.42  3.80
STD DEV   1.94  1.91  2.25  2.45  1.66  1.49  1.40  1.38  1.27  1.52  1.74  1.94
SKEW       .89   .55   .63   .69   .50   .45   .62   .61   .73   .77   .65   .69
% W       4.64  5.39  6.20  4.51  5.48  5.36  5.20  5.10  3.18  3.58  5.10  5.00
MEAN      3.77  3.85  4.30  4.24  3.30  3.07  2.74  2.80  2.49  2.84  3.76  3.56
STD DEV   1.92  2.18  2.06  2.18  1.66  1.48  1.26  1.31  1.11  1.32  1.94  1.76
SKEW       .61   .74   .37   .53   .84   .81   .70   .79   .57   .66   .57   .57
% WNW     3.99  5.66  5.73  4.37  3.70  3.07  2.94  3.38  2.67  2.82  5.33  4.48
MEAN      3.85  3.98  4.22  4.11  3.48  2.88  2.62  2.58  2.49  3.19  3.98  3.86
STD DEV   1.75  1.89  2.00  1.84  1.73  1.34  1.12  1.17  1.22  1.59  1.97  1.73
SKEW       .53   .61   .53   .52   .72   .68   .54   .80  1.25   .86   .43   .41
% NW      7.06  8.69  7.29  6.27  4.98  3.96  3.14  4.95  4.52  5.81  7.42  6.47
MEAN      3.94  3.89  3.96  3.79  3.02  2.66  2.51  2.56  2.60  3.05  3.51  3.61
STD DEV   1.86  1.88  1.93  1.86  1.51  1.24  1.17  1.22  1.31  1.51  1.70  1.67
SKEW       .38   .57   .57   .68   .79  1.03   .83  1.01  1.08   .85   .70   .61
% NNW     7.64  7.64  6.02  5.64  3.73  3.79  3.24  4.28  4.50  6.12  6.54  6.03
MEAN      3.87  3.85  3.85  3.83  3.01  2.77  2.50  2.71  2.58  3.22  3.67  3.79
STD DEV   1.70  1.83  1.81  1.70  1.46  1.25  1.20  1.25  1.14  1.51  1.74  1.89
SKEW       .48   .73   .55   .39   .79   .74   .92   .73   .66   .68   .58   .87
CALM     10.33 11.34 11.04 11.53 20.43 20.63 20.26 19.84 20.20 24.29 16.78 11.94
                                                                                
INTERPOLATED DATA (station & weighting factor)                                  
                                                                                
---Wind Stations---                                                             
TULLAHOMA     TN     .439  SMYRNA/SEWART TN     .336  MUSCLE SHOALS AL     .225 
