 United States    Baker 5 W                                                     
 LATT=  39.01 LONG=-114.21 YEARS= 10. TYPE= 3
 ELEVATION = 6611. TP5 = 1.16 TP6= 1.79
 MEAN P    .22   .20   .21   .17   .16   .11   .17   .14   .22   .21   .21   .19
 S DEV P   .27   .24   .27   .23   .21   .13   .20   .22   .37   .16   .30   .27
 SKEW  P  1.44  2.17  1.99  2.44  2.42  2.60  1.54  3.27  3.98   .91  2.56  2.59
 P(W/W)    .40   .44   .41   .39   .52   .29   .46   .38   .40   .33   .35   .44
 P(W/D)    .13   .16   .17   .22   .19   .10   .16   .16   .10   .08   .10   .15
 TMAX AV 34.92 37.19 46.03 54.27 63.16 80.67 84.92 82.94 74.92 60.76 46.33 34.40
 TMIN AV 15.19 16.55 24.36 30.78 38.48 51.39 58.76 56.21 48.40 35.86 24.11 16.04
 SD TMAX  8.74  9.59  8.85 10.19  9.68  7.88  5.53  4.75  8.21  8.61 10.84  8.77
 SD TMIN  9.90 10.52  8.70  8.05  7.32  7.31  4.96  4.48  6.78  8.32 10.10 10.68
 SOL.RAD  207.  288.  384.  505.  603.  699.  635.  570.  471.  337.  228.  176.
 SD SOL   49.1  70.9  99.6 125.1 118.2  95.7 102.1  94.8  90.9  75.0  60.6  44.1
 MX .5 P   .14   .17   .24   .32   .40   .27   .52   .40   .25   .10   .11   .16
 DEW PT  13.33 14.55 19.92 22.85 27.60 26.44 35.96 35.59 30.10 24.67 16.24 13.22
Time Pk   .150  .260  .360  .450  .530  .620  .690  .760  .830  .890  .960 1.000
% N       8.15  9.78  9.47  8.80  8.56  7.95  5.66  5.90  7.32  8.59  8.24  9.27
MEAN      3.94  4.53  4.70  4.83  4.52  4.28  4.00  3.84  4.04  4.42  4.19  4.05
STD DEV   1.74  2.12  2.02  2.03  1.94  1.80  1.66  1.60  1.57  1.94  1.77  1.81
SKEW       .96  1.10   .78   .73   .92   .85   .89  1.14   .81  1.04   .91  1.23
% NNE     3.52  4.13  3.96  4.50  4.50  3.49  3.03  2.96  3.61  5.18  3.83  3.79
MEAN      4.29  4.50  4.55  4.70  4.48  3.99  4.22  3.99  4.02  4.44  4.20  4.28
STD DEV   2.06  1.96  1.88  2.01  1.94  1.51  1.80  1.62  1.52  2.02  1.78  2.05
SKEW      1.01   .86   .79   .72   .92   .64   .84   .81   .62  1.05   .80  1.53
% NE      3.09  3.19  2.85  3.20  3.31  3.40  3.41  3.14  3.41  3.62  3.19  3.07
MEAN      3.57  3.54  3.62  3.79  3.91  3.57  3.47  3.53  3.58  3.59  3.36  3.45
STD DEV   1.60  1.51  1.62  1.63  1.70  1.46  1.57  1.44  1.36  1.50  1.46  1.48
SKEW      1.11   .99  1.18  1.00   .69   .91  1.31   .89   .78   .96  1.06   .78
% ENE     2.13  1.95  1.71  1.88  2.08  2.19  2.17  2.17  2.32  2.17  2.14  1.95
MEAN      2.86  3.17  3.24  3.13  3.59  3.34  3.63  3.52  3.26  3.23  2.94  2.84
STD DEV   1.07  1.25  1.20  1.00  1.42  1.31  1.37  1.48  1.16  1.25  1.01   .88
SKEW       .99  1.01   .92   .54  1.02  1.04   .76  1.10   .80   .88   .85   .59
% E       2.74  2.75  2.17  2.39  2.53  2.38  3.20  3.04  2.96  2.62  2.62  2.57
MEAN      2.71  2.76  2.98  3.01  3.26  3.07  3.32  3.22  3.00  2.71  2.62  2.79
STD DEV    .89   .97  1.03  1.21  1.25  1.18  1.45  1.24  1.02   .95   .90   .91
SKEW       .47  1.18   .83  1.20   .92  1.27  1.40  1.10   .65  1.82  1.26   .85
% ESE     1.65  1.53  1.33  1.32  1.53  1.39  2.00  1.87  1.63  1.58  1.58  1.74
MEAN      2.86  2.89  3.11  3.36  3.46  3.25  3.43  3.27  2.86  3.05  3.06  2.99
STD DEV    .87  1.16   .99  1.43  1.27  1.31  1.38  1.22   .90  1.08  1.11  1.05
SKEW       .38   .76   .33  1.56  1.20   .88  1.08  1.03   .77   .95   .93   .72
% SE      2.43  2.08  2.34  2.21  2.30  2.42  2.82  3.24  2.28  2.18  2.48  2.43
MEAN      3.08  3.34  3.51  3.87  3.94  3.59  3.62  3.61  3.25  3.05  2.89  2.88
STD DEV   1.68  1.60  1.55  1.97  1.90  1.61  1.71  1.67  1.37  1.35  1.25  1.13
SKEW      2.23  1.61  1.06  1.40  1.09  1.20  1.59  1.26  1.42  1.96  2.00   .79
% SSE     3.58  3.53  3.50  4.21  4.14  3.94  4.65  4.95  3.89  3.00  2.94  3.23
MEAN      5.61  5.57  5.50  5.73  5.35  5.01  4.81  4.72  4.53  4.50  5.34  5.18
STD DEV   3.17  2.98  2.94  2.94  2.69  2.46  2.36  2.30  2.40  2.42  3.29  3.00
SKEW       .61   .53   .89   .57   .99   .86   .92   .95  1.32  1.14   .81  1.00
% S      18.35 16.80 15.87 15.18 15.91 16.75 19.29 19.76 19.38 18.33 18.53 17.53
MEAN      5.41  5.60  5.39  5.60  5.24  5.17  4.87  5.00  4.83  5.00  5.07  5.11
STD DEV   2.70  2.60  2.56  2.72  2.38  2.43  2.02  2.14  2.17  2.30  2.44  2.50
SKEW       .83   .70   .88   .91   .88  1.07   .70   .86  1.07   .94   .84   .96
% SSW     8.39  6.90  7.30  6.45  7.91  8.58 11.81 10.51  9.35  8.36  7.73  7.45
MEAN      4.77  4.60  5.15  5.09  5.18  5.02  4.97  4.84  4.75  4.45  4.27  4.42
STD DEV   2.01  1.83  2.27  2.22  2.23  2.07  1.92  1.99  1.91  1.77  1.77  1.92
SKEW       .95   .74   .94   .85   .87   .86   .79  1.03   .92   .89   .91  1.02
% SW      5.28  5.49  5.73  6.12  6.65  7.32  8.54  8.35  6.51  5.36  5.74  5.26
MEAN      4.29  4.31  4.90  4.94  4.98  4.95  4.71  4.73  4.48  4.26  4.24  4.45
STD DEV   1.92  1.68  2.31  2.17  2.24  2.14  1.93  1.92  1.83  1.72  1.68  2.07
SKEW      1.00   .63   .97   .69   .68   .63   .63   .68   .71   .56   .48   .73
% WSW     3.66  3.91  4.44  4.51  4.34  4.73  4.74  4.68  4.24  3.72  3.78  3.51
MEAN      4.26  4.02  4.74  4.72  4.80  4.92  4.66  4.67  4.74  4.24  4.37  4.24
STD DEV   1.78  1.59  2.06  2.11  2.09  2.12  1.97  1.88  2.05  1.74  1.88  1.87
SKEW       .57   .63   .61   .66   .76   .58   .74   .45   .62   .79   .83   .73
% W       3.88  4.22  5.32  5.62  5.46  5.08  4.43  4.70  4.48  3.77  3.75  3.62
MEAN      3.84  4.20  4.61  5.08  4.81  4.75  4.41  4.52  4.60  4.09  3.94  3.99
STD DEV   1.77  1.91  2.24  2.39  2.24  2.12  1.92  2.05  2.00  1.79  1.75  1.94
SKEW      1.07   .92  1.00   .73   .71   .59   .59   .66   .50   .68   .86  1.04
% WNW     3.92  4.80  6.36  6.49  5.72  5.76  3.82  3.43  4.26  4.16  3.98  3.81
MEAN      4.21  4.66  5.38  5.22  5.32  5.06  4.72  4.66  4.81  4.74  4.44  4.28
STD DEV   1.81  2.19  2.49  2.41  2.45  2.31  2.19  2.08  2.16  2.07  1.97  1.89
SKEW       .82  1.77  1.08   .86   .71   .74   .86   .73   .76   .74   .81   .82
% NW      6.05  7.10  7.84  8.45  7.35  7.22  4.62  4.67  5.00  5.16  5.74  6.24
MEAN      4.19  4.68  5.22  5.31  4.91  4.69  3.93  4.04  4.13  4.44  4.21  4.29
STD DEV   1.97  2.41  2.56  2.52  2.31  2.20  1.86  1.86  1.91  2.13  2.02  2.15
SKEW      1.01  1.26   .85   .65   .82   .90   .93  1.02   .93  1.09  1.10  1.27
% NNW     6.20  6.79  6.97  7.35  6.43  5.88  4.58  4.67  6.08  6.79  6.55  6.50
MEAN      3.91  4.54  4.95  5.15  4.61  4.39  3.84  3.74  4.12  4.07  4.01  3.97
STD DEV   1.85  2.13  2.29  2.36  2.12  1.88  1.57  1.49  1.81  1.86  1.77  1.72
SKEW      1.09  1.06   .77   .74   .90   .78   .75   .83   .85  1.37   .90  1.13
CALM     16.91 15.07 12.91 11.34 11.28 11.49 11.19 11.96 13.34 15.43 17.13 18.06
                                                                                
INTERPOLATED DATA (station & weighting factor)                                  
                                                                                
---Wind Stations---                                                             
ELY           NV     .458  ELKO          NV     .309  TONAPAH       NV     .233 
