 KODIAK WSO AP AK                        504988 0
 LATT=  57.75 LONG=-152.50 YEARS= 40. TYPE= 1
 ELEVATION =   20. TP5 = 1.00 TP6= 2.78
 MEAN P    .45   .35   .30   .31   .34   .34   .30   .34   .45   .49   .40   .43
 S DEV P   .52   .43   .36   .37   .45   .46   .44   .50   .59   .71   .50   .52
 SKEW  P  2.32  2.36  2.31  2.46  2.66  2.64  2.85  2.83  2.55  3.71  2.17  2.11
 P(W/W)    .76   .76   .70   .72   .73   .74   .66   .66   .68   .68   .69   .74
 P(W/D)    .42   .38   .38   .38   .34   .29   .31   .30   .42   .41   .39   .39
 TMAX AV 35.68 36.01 38.36 43.46 50.05 55.84 60.40 61.78 56.19 47.29 39.69 36.30
 TMIN AV 26.16 25.76 27.53 32.34 38.59 44.52 49.12 49.15 43.55 34.89 28.83 25.78
 SD TMAX  7.39  7.02  6.12  5.29  5.91  6.83  6.20  5.46  4.50  5.32  6.45  6.70
 SD TMIN  9.76  9.66  7.63  5.73  4.46  3.93  3.31  3.91  5.49  6.87  8.02  9.20
 SOL.RAD   82.  154.  223.  341.  417.  456.  493.  430.  308.  159.   85.   63.
 SD SOL   10.4  29.0  20.5  65.9  50.2  63.9  65.1  44.4  40.4  18.0  13.8   7.9
 MX .5 P   .47   .37   .38   .39   .36   .33   .35   .35   .40   .45   .48   .45
 DEW PT  25.00 25.00 25.00 30.00 37.00 44.00 49.00 49.00 44.00 34.00 27.00 25.00
Time Pk   .775  .900  .930  .955  .955  .965  .980  .980  .985  .985  .995 1.000
% N       2.26  2.12  2.57  2.69  2.90  3.11  3.22  2.83  2.99  2.50  2.50  2.38
MEAN      3.99  4.26  4.15  4.26  4.13  3.68  2.92  3.26  3.95  4.50  4.43  4.25
STD DEV   2.23  2.27  2.46  2.22  2.21  2.14  1.70  1.93  2.33  2.99  2.67  2.65
SKEW       .69   .55   .75   .41   .78   .79   .93  1.08   .70   .97   .85  1.36
% NNE     1.63  1.94  1.87  2.38  3.56  4.37  3.90  2.69  2.52  1.94  2.25  1.76
MEAN      6.23  5.96  5.63  6.07  5.60  5.14  3.93  4.21  4.92  6.91  6.56  6.55
STD DEV   3.49  3.52  2.93  3.06  2.81  2.46  2.12  2.93  2.79  4.40  3.08  3.15
SKEW       .23  1.27   .04   .43   .50   .46   .79  1.41   .64  1.41   .27   .10
% NE      3.77  4.61  3.85  4.74  8.84  9.54  9.25  7.08  5.89  3.94  3.58  3.71
MEAN      7.20  5.94  5.62  5.51  5.48  4.52  3.80  3.71  4.85  6.15  6.68  6.51
STD DEV   3.56  3.41  2.76  2.82  2.68  2.38  2.25  2.36  2.80  3.84  3.06  3.43
SKEW       .07   .76   .23   .48   .50   .67  1.07  1.18   .71   .66   .29   .60
% ENE     2.95  3.48  2.81  3.68  7.80  8.08  8.58  6.17  4.80  3.15  2.71  2.50
MEAN      7.69  6.49  6.06  5.40  5.18  3.89  3.34  3.37  4.27  6.02  7.86  7.07
STD DEV   3.36  3.32  3.27  3.18  2.80  2.23  1.91  2.21  2.61  3.59  3.50  3.20
SKEW      -.06   .45   .18   .56   .63  1.13  1.21  1.54   .94   .50   .09   .41
% E       4.25  4.43  5.01  7.17 12.94 13.13 13.26  9.94  7.95  4.64  3.51  3.59
MEAN      7.17  5.73  6.31  4.76  4.81  3.78  3.00  3.25  4.46  5.76  7.32  6.68
STD DEV   3.45  3.22  3.37  2.78  2.91  2.22  1.84  2.35  2.88  3.47  3.65  3.55
SKEW      -.03   .45   .14   .79  1.02  1.07  1.40  1.85   .89   .30   .06   .34
% ESE     3.17  3.77  3.60  5.27  9.07  8.08  7.87  6.24  4.59  3.81  3.26  2.53
MEAN      6.85  6.48  6.04  5.14  5.07  4.15  3.38  3.64  4.67  6.31  7.63  6.80
STD DEV   3.29  3.59  3.39  2.78  2.48  2.33  2.00  2.17  2.63  3.68  3.89  3.62
SKEW       .21   .53   .58   .62   .75   .95  1.11   .78   .71   .45   .26   .76
% SE      4.97  4.52  4.79  6.30  9.17  7.73  7.51  7.01  6.86  5.33  4.80  3.09
MEAN      6.22  5.80  5.34  5.10  4.72  3.87  3.33  3.40  4.59  5.57  6.09  5.66
STD DEV   3.17  3.08  3.37  3.25  2.55  2.15  1.92  2.07  2.57  3.56  3.21  3.16
SKEW       .41   .33   .63   .98   .79   .58   .83   .78   .69   .59   .42   .53
% SSE     3.48  3.34  3.08  4.31  4.66  4.57  3.45  3.61  4.84  4.04  3.90  2.33
MEAN      5.21  4.51  4.38  4.80  4.36  3.92  3.44  3.95  4.35  4.42  5.19  4.86
STD DEV   2.92  2.35  2.50  2.53  1.96  1.82  1.91  2.20  2.17  2.30  3.07  3.14
SKEW       .55   .48   .60   .65   .27   .40   .59   .58   .54   .50   .68   .73
% S       3.56  3.50  3.60  4.29  3.83  3.10  2.41  3.69  5.07  4.21  4.38  2.74
MEAN      2.93  3.13  3.35  3.54  3.60  3.01  2.58  2.92  3.60  3.34  3.23  3.13
STD DEV   1.80  1.96  2.06  2.23  1.93  1.66  1.68  1.93  2.01  2.08  2.35  2.39
SKEW      1.22   .97   .92  1.19   .78   .54   .90  1.18   .73  1.04  1.44  2.62
% SSW     3.29  3.57  2.94  2.71  2.91  2.57  2.10  2.67  3.39  3.95  4.01  3.24
MEAN      3.16  3.38  3.35  3.45  3.61  3.56  2.81  3.49  3.84  3.40  3.23  2.97
STD DEV   1.84  1.88  1.98  1.79  1.62  1.67  1.57  1.89  2.12  1.87  1.79  1.78
SKEW      1.39  1.01  1.04   .72   .27   .29   .87   .69   .78   .87   .88  1.21
% SW      4.53  3.90  3.40  2.40  2.31  2.72  1.79  2.82  3.55  4.80  4.15  4.34
MEAN      2.86  2.80  3.06  3.19  3.21  3.15  2.79  2.89  3.15  3.28  2.77  2.88
STD DEV   1.74  1.64  1.97  2.06  1.68  1.82  1.88  1.67  1.77  1.85  1.69  1.66
SKEW      1.63  1.30  1.00  1.44   .51   .60   .90   .82   .89   .77  1.24  1.34
% WSW     2.51  1.95  2.60  1.51  1.19  1.01  1.20  1.50  2.07  3.46  2.74  3.10
MEAN      3.28  3.85  4.86  4.21  3.76  2.49  2.43  2.98  3.06  3.57  3.25  3.86
STD DEV   2.14  2.52  4.36  2.95  2.25  1.33  1.44  1.73  1.72  2.01  2.06  2.64
SKEW      1.33  1.07  2.12  1.43   .65   .94   .99  1.44   .77  1.05  1.34  1.34
% W       7.16  6.98  7.74  5.87  4.50  3.99  4.08  6.19  7.54 10.19  9.03  9.28
MEAN      4.63  4.62  4.87  4.86  3.91  3.30  2.87  3.39  3.64  4.14  4.47  4.56
STD DEV   3.58  3.05  3.29  3.53  2.75  2.07  1.91  2.31  2.26  2.79  3.18  3.40
SKEW      1.72   .92   .85  1.47  1.39   .94  1.36  1.21  1.10  1.19  1.44  1.64
% WNW    13.27 11.88 12.45 11.03  5.72  5.13  5.10  7.14  9.26 13.72 12.73 16.03
MEAN      7.17  6.79  6.66  5.81  4.66  4.22  3.69  4.24  4.44  5.67  6.25  6.74
STD DEV   4.55  3.98  4.21  3.30  2.90  2.34  2.15  2.64  2.74  3.34  4.07  3.96
SKEW       .89   .84  1.09   .63   .95   .56   .67  1.14   .93   .78  1.09   .84
% NW     26.54 27.51 26.56 24.98 12.49 12.53 13.26 17.03 18.80 21.09 24.88 27.87
MEAN      6.78  6.93  6.05  5.75  4.52  4.79  4.13  4.49  4.73  5.38  6.50  6.84
STD DEV   3.91  3.71  3.35  2.99  2.42  2.66  2.18  2.45  2.64  3.15  3.73  4.27
SKEW       .72   .64   .81   .52   .49   .72   .42   .55   .71   .87   .90  1.10
% NNW     5.13  4.85  6.20  5.78  3.66  3.37  4.25  4.98  3.92  3.83  5.69  5.19
MEAN      5.91  5.73  5.16  4.73  4.25  3.96  3.79  3.82  4.27  4.64  5.63  5.66
STD DEV   3.35  3.43  2.95  2.50  1.98  2.03  1.97  1.92  2.38  2.83  3.33  3.54
SKEW       .80  1.00  1.07   .70   .41   .89   .54   .69   .67  1.46   .67  1.00
CALM      7.36  7.85  6.93  4.94  4.41  6.99  8.65  8.37  5.94  5.42  5.76  6.41
 
INTERPOLATED DATA (station & weighting factor)
 
---Wind Stations---
KODIAK        AK    1.000  HOMER         AK     .000                       .000
---Solar Radiation and Max .5 P Stations---
 WA UPPER BAKER DAM  .502   WA MARBLEMOUNT RS   .498                            
---Dewpoint Stations---
AK KODIAK AP        1.000  AK HOMER AP          .000                            
---Time Peak Stations---
WA NOOKSACK KENDALL  .505  WA UPPER BAKER DAM   .495                            
