 UNION SPRINGS AL                         18438 0
 LATT=  32.13 LONG= -85.73 YEARS= 40. TYPE= 4
 ELEVATION =  490. TP5 = 2.66 TP6= 6.72
 MEAN P    .55   .62   .80   .64   .60   .60   .57   .51   .61   .58   .71   .60
 S DEV P   .58   .66   .89   .74   .68   .69   .61   .67   .70   .78   .78   .66
 SKEW  P  1.99  1.81  2.52  2.36  2.04  2.57  2.28  3.47  2.48  3.68  2.36  2.08
 P(W/W)    .42   .36   .40   .35   .35   .44   .47   .42   .46   .37   .35   .34
 P(W/D)    .23   .21   .20   .18   .19   .21   .27   .21   .16   .12   .18   .20
 TMAX AV 57.02 61.17 69.08 75.80 82.59 88.45 90.45 89.81 85.39 76.65 68.13 59.28
 TMIN AV 33.86 36.12 42.75 48.72 57.75 66.17 69.66 68.80 63.29 50.89 41.89 35.59
 SD TMAX 11.17 11.01 10.22  7.70  5.89  4.95  4.28  4.60  6.10  7.48  9.12 10.79
 SD TMIN 11.66 10.79 10.07  8.81  7.37  4.56  2.87  3.43  6.64 10.15 11.03 11.25
 SOL.RAD  215.  280.  371.  467.  516.  497.  514.  469.  397.  331.  245.  205.
 SD SOL   29.0  36.0  35.3  27.6  48.1  39.2  26.8  30.1  29.4  36.6  26.6  19.2
 MX .5 P   .95  1.06  1.29  1.21  1.27  1.47  1.89  1.47  1.26  1.08  1.08   .94
 DEW PT  36.87 39.20 44.76 51.76 60.76 67.44 71.00 70.68 65.44 54.20 46.20 39.87
Time Pk   .405  .561  .641  .743  .766  .778  .904  .927  .944  .967  .980 1.000
% N       7.43  7.40  6.00  4.65  5.84  4.46  3.45  4.89  6.03  8.44  7.22  7.06
MEAN      3.69  3.61  3.52  3.41  3.19  2.85  2.72  2.69  2.95  3.15  3.29  3.59
STD DEV   1.69  1.75  1.65  1.68  1.51  1.34  1.22  1.26  1.51  1.59  1.61  1.74
SKEW       .65   .75   .63   .76   .72   .91   .71   .87  1.09   .95   .79   .72
% NNE     3.84  4.36  3.64  2.57  3.52  3.49  2.54  3.94  6.34  6.28  4.66  3.92
MEAN      3.15  3.32  3.24  3.13  2.94  2.86  2.64  2.55  2.91  2.90  2.91  3.08
STD DEV   1.43  1.47  1.48  1.47  1.36  1.39  1.20  1.22  1.56  1.44  1.33  1.43
SKEW       .63   .63   .75   .98   .66   .99   .81  1.12  1.25   .92   .64   .75
% NE      4.97  5.01  4.75  3.21  4.72  5.68  4.83  6.35 11.57 10.60  6.62  5.56
MEAN      2.81  3.00  3.02  2.80  2.75  2.74  2.75  2.60  3.10  2.93  2.63  2.95
STD DEV   1.25  1.32  1.40  1.29  1.26  1.26  1.23  1.25  1.50  1.44  1.23  1.42
SKEW       .62   .73   .76   .78   .89   .85   .88  1.21   .98   .96  1.06   .78
% ENE     4.85  4.41  4.01  2.81  4.15  5.05  3.82  5.10 10.17  8.00  4.79  4.88
MEAN      3.41  3.57  3.29  3.00  3.14  3.07  2.93  2.99  3.46  3.33  2.93  3.19
STD DEV   1.58  1.51  1.45  1.41  1.35  1.35  1.32  1.37  1.56  1.54  1.39  1.46
SKEW       .71   .53   .47   .79   .65   .73   .69   .73   .56   .64   .81   .55
% E       6.62  6.56  6.11  5.08  7.08  7.30  5.68  7.12 11.54  9.17  5.84  7.06
MEAN      3.34  3.67  3.43  3.15  3.21  3.10  2.95  2.89  3.44  3.29  2.98  3.43
STD DEV   1.48  1.66  1.54  1.47  1.41  1.40  1.34  1.29  1.55  1.48  1.39  1.58
SKEW       .62   .64   .76   .65   .69   .57   .74   .71   .66   .55   .80   .54
% ESE     3.24  3.34  3.55  3.97  3.69  3.59  3.35  3.35  4.53  3.64  2.94  3.70
MEAN      3.46  3.65  3.83  3.52  3.38  3.20  3.08  2.91  3.36  3.43  3.06  3.55
STD DEV   1.44  1.57  1.72  1.58  1.43  1.29  1.33  1.29  1.49  1.43  1.29  1.54
SKEW       .55   .55   .52   .59   .56   .45   .83   .78   .76   .48   .51   .55
% SE      3.96  3.98  4.48  5.74  4.48  3.82  4.25  3.79  4.00  2.92  4.06  4.35
MEAN      3.39  3.67  3.72  3.61  3.20  3.05  2.97  2.76  3.05  3.22  3.30  3.47
STD DEV   1.57  1.83  1.79  1.68  1.42  1.46  1.36  1.28  1.40  1.47  1.50  1.59
SKEW       .68   .92   .79   .71   .62   .77   .83   .97   .77   .71   .60   .77
% SSE     3.37  3.27  3.95  5.07  3.42  2.58  3.05  2.75  2.26  1.56  3.21  3.57
MEAN      3.80  4.15  4.05  3.97  3.30  3.36  3.01  2.80  3.18  3.23  3.66  4.05
STD DEV   1.88  2.00  1.85  1.85  1.46  1.51  1.35  1.23  1.54  1.61  1.70  1.91
SKEW       .67   .90   .53   .70   .62   .79   .63   .86   .81   .52   .63   .58
% S       6.36  6.92  8.34 10.15  7.33  6.35  7.01  5.73  3.49  2.18  4.87  5.85
MEAN      4.22  4.01  4.48  3.98  3.35  3.21  2.95  2.79  2.93  3.10  3.70  3.95
STD DEV   2.11  1.98  2.29  1.88  1.62  1.52  1.42  1.31  1.42  1.72  1.92  1.99
SKEW       .72   .73   .80   .79   .90   .74  1.00  1.06  1.01  1.02   .70   .63
% SSW     3.50  4.40  5.59  7.58  5.48  4.70  5.10  3.76  2.10  1.19  2.70  2.87
MEAN      4.36  4.54  4.78  4.15  3.62  3.23  3.10  2.86  3.10  2.89  3.85  4.06
STD DEV   2.08  2.04  2.26  2.01  1.68  1.41  1.47  1.33  1.46  1.25  1.96  1.95
SKEW       .52   .43   .73   .88   .79   .68   .91   .90   .61   .39   .81   .67
% SW      3.67  4.99  4.78  6.77  5.97  7.02  7.48  5.24  2.58  1.70  2.96  3.46
MEAN      4.16  4.20  4.19  3.91  3.45  3.29  3.04  2.82  2.88  2.85  3.49  3.57
STD DEV   2.20  2.17  2.16  1.97  1.63  1.56  1.38  1.23  1.34  1.36  1.90  1.91
SKEW       .69   .71   .75   .78   .89  1.05   .89   .88   .80   .67   .91   .78
% WSW     2.95  3.47  3.72  4.10  4.24  4.73  5.51  3.89  1.62  1.66  2.47  2.58
MEAN      3.90  4.11  4.22  4.07  3.30  3.33  3.02  2.94  2.89  3.01  3.35  3.55
STD DEV   1.98  2.06  2.18  2.05  1.52  1.49  1.27  1.30  1.39  1.39  1.65  1.96
SKEW       .78   .77   .84   .82   .78   .84   .70   .70   .81   .69   .84   .93
% W       5.56  6.69  6.74  6.03  5.65  6.66  7.91  5.92  2.91  3.35  5.65  5.57
MEAN      4.00  4.34  4.44  4.07  3.45  3.31  3.07  2.89  2.85  3.15  3.57  3.78
STD DEV   1.94  2.29  2.32  2.19  1.75  1.55  1.34  1.34  1.21  1.58  1.84  1.99
SKEW       .64   .85   .65   .89  1.01   .77   .69   .81   .61   .86   .86   .83
% WNW     5.64  5.92  5.82  4.25  3.38  3.41  3.50  3.13  2.16  2.97  5.15  5.09
MEAN      4.58  4.85  4.97  4.52  3.58  3.38  3.08  2.97  3.01  3.33  4.34  4.50
STD DEV   2.16  2.31  2.23  2.27  1.84  1.51  1.34  1.31  1.35  1.63  2.19  2.20
SKEW       .60   .62   .38   .79  1.01   .73   .69   .61   .62   .72   .69   .63
% NW      8.76  7.96  8.32  5.48  4.59  3.97  3.50  4.02  3.28  5.65  8.55  7.98
MEAN      4.62  4.59  4.66  4.29  3.56  3.39  3.03  2.92  3.11  3.49  4.27  4.44
STD DEV   2.07  2.18  2.21  2.05  1.79  1.59  1.32  1.38  1.40  1.73  2.11  2.13
SKEW       .43   .68   .57   .53   .93   .81   .71  1.11   .56   .89   .61   .51
% NNW     6.36  5.93  5.33  3.89  3.17  2.51  2.27  2.81  2.97  5.09  5.94  5.70
MEAN      4.31  4.19  4.27  4.02  3.53  2.99  2.82  2.81  3.24  3.46  3.98  4.14
STD DEV   1.90  1.90  2.08  1.88  1.73  1.32  1.29  1.25  1.64  1.64  2.02  1.94
SKEW       .47   .58   .63   .60   .90   .79   .68   .78   .88   .63   .74   .56
CALM     18.91 15.36 14.84 18.64 23.40 24.69 26.73 28.27 22.58 25.54 22.32 20.71
 
INTERPOLATED DATA (station & weighting factor)
 
---Wind Stations---
MONTGOMERY/MA.AL     .348  MONTGOMERY    AL     .348  FORT RUCKER   AL     .305
---Solar Radiation and Max .5 P Stations---
 AL MIDWAY           .542   AL TROY             .301   AL DADEVILLE 2      .157 
---Dewpoint Stations---
AL TROY MUNI AP      .437  AL MONTGOMERY        .322  GA FT BENNING LAWSO  .241 
---Time Peak Stations---
AL MIDWAY            .525  AL TROY              .308  AL DADEVILLE 2       .167 
