 ONEONTA AL                               16121 0
 LATT=  33.95 LONG= -86.48 YEARS= 40. TYPE= 3
 ELEVATION =  860. TP5 = 2.71 TP6= 5.91
 MEAN P    .58   .63   .72   .70   .58   .58   .64   .48   .74   .63   .61   .54
 S DEV P   .64   .66   .76   .71   .68   .62   .86   .52  1.11   .84   .69   .56
 SKEW  P  2.24  2.23  1.75  2.55  2.21  2.23  3.95  1.90  3.30  2.80  2.58  1.94
 P(W/W)    .41   .38   .35   .38   .41   .44   .42   .37   .43   .39   .41   .40
 P(W/D)    .24   .22   .20   .15   .18   .18   .19   .18   .13   .11   .18   .19
 TMAX AV 51.24 55.85 64.60 72.99 79.71 86.48 89.73 89.30 83.50 73.51 63.82 53.98
 TMIN AV 30.18 32.73 39.92 46.94 55.94 64.06 68.09 67.31 60.51 47.68 39.39 32.17
 SD TMAX 11.67 11.83 11.22  9.00  6.78  5.75  5.04  5.27  7.29  8.08  9.91 10.94
 SD TMIN 11.47 10.59 10.22  8.94  7.59  5.54  3.63  4.11  7.57  9.68 10.34 10.93
 SOL.RAD  199.  263.  360.  447.  503.  503.  510.  473.  397.  320.  229.  188.
 SD SOL   27.1  29.4  26.4  34.0  43.3  41.0  34.6  29.0  28.4  39.5  26.6  20.3
 MX .5 P   .90   .84  1.00  1.15  1.37  1.52  1.75  1.42  1.34   .92   .96   .70
 DEW PT  33.04 35.04 41.04 48.73 58.73 66.04 69.73 68.73 62.73 51.47 42.47 35.47
Time Pk   .456  .615  .685  .776  .805  .816  .917  .933  .947  .964  .980 1.000
% N       8.56  8.26  6.56  6.01  5.63  4.59  4.44  5.30  6.15  7.38  7.70  6.86
MEAN      4.23  4.25  4.18  4.13  3.60  3.28  3.18  3.06  3.58  3.78  3.85  3.84
STD DEV   1.74  1.84  1.79  1.74  1.64  1.33  1.31  1.33  1.55  1.64  1.74  1.60
SKEW       .47   .53   .50   .47   .85   .80   .77   .96   .75   .69   .83   .75
% NNE     3.76  3.61  3.53  3.22  3.29  3.25  2.89  4.16  4.62  4.24  3.60  4.05
MEAN      3.73  3.66  3.62  3.81  3.39  3.10  2.94  3.07  3.35  3.54  3.30  3.65
STD DEV   1.66  1.54  1.66  1.68  1.54  1.33  1.35  1.31  1.44  1.56  1.51  1.57
SKEW       .59   .58   .83   .59   .76   .80  1.20  1.00   .78   .85   .90   .64
% NE      5.55  5.72  5.28  5.07  5.98  7.03  6.79  8.89 10.29  9.00  7.41  7.03
MEAN      3.06  3.01  3.17  2.96  2.80  2.78  2.64  2.67  2.98  2.94  2.94  3.30
STD DEV   1.38  1.33  1.44  1.35  1.35  1.21  1.11  1.15  1.34  1.46  1.29  1.42
SKEW       .86   .80   .93  1.04  1.21  1.01  1.08  1.27  1.04  1.32   .86   .70
% ENE     5.68  6.32  5.29  4.75  4.75  5.33  4.89  6.48  9.77  9.44  5.99  6.25
MEAN      3.43  3.43  3.39  3.15  2.76  2.85  2.87  2.86  3.38  3.09  2.97  3.45
STD DEV   1.56  1.51  1.59  1.50  1.22  1.18  1.30  1.31  1.62  1.49  1.44  1.59
SKEW       .81   .65   .82  1.19  1.11   .78  1.21  1.07   .91  1.07  1.05   .80
% E       5.87  7.38  6.67  6.19  7.35  7.71  8.23 10.46 13.65 11.80  7.21  7.34
MEAN      3.44  3.69  3.91  3.10  2.78  2.92  2.82  2.78  3.36  3.18  2.82  3.69
STD DEV   1.70  1.86  1.99  1.53  1.36  1.34  1.29  1.30  1.59  1.56  1.32  1.83
SKEW      1.03   .88   .76  1.19  1.35   .97  1.08  1.09   .83   .94  1.04   .87
% ESE     4.15  5.20  4.97  4.09  4.94  4.96  4.44  4.92  7.27  6.07  4.02  5.10
MEAN      3.98  4.66  4.75  3.97  3.37  3.51  3.21  3.15  3.87  3.96  3.78  4.49
STD DEV   1.91  2.20  2.26  1.86  1.47  1.50  1.46  1.37  1.63  1.75  1.82  1.99
SKEW       .63   .51   .78   .60   .58   .50   .71   .80   .57   .49   .70   .33
% SE      5.39  5.95  5.83  6.15  6.50  5.95  6.42  6.20  7.50  6.38  5.75  6.65
MEAN      3.92  4.24  4.55  4.02  3.33  3.13  2.90  2.90  3.46  3.64  3.83  4.33
STD DEV   1.84  2.13  2.26  1.81  1.47  1.38  1.27  1.34  1.53  1.67  1.89  2.13
SKEW       .73   .91   .75   .54   .89   .92   .92  1.12   .70   .70   .80   .67
% SSE     5.09  4.72  5.33  6.01  4.96  4.45  4.79  4.30  3.78  3.20  5.01  5.23
MEAN      4.38  4.68  4.89  4.51  3.49  3.10  2.95  2.91  3.88  3.50  4.61  4.74
STD DEV   1.99  2.12  2.24  2.20  1.44  1.22  1.19  1.21  1.78  1.30  2.10  2.07
SKEW       .51   .36   .52   .94   .63   .56   .76  1.09   .86   .59   .38   .41
% S       6.48  5.76  7.45  8.26  6.06  5.34  5.89  5.12  3.91  2.98  5.33  5.76
MEAN      4.45  4.73  5.15  4.48  3.65  3.13  2.84  2.94  3.25  3.36  4.32  4.43
STD DEV   2.05  2.19  2.43  2.07  1.61  1.34  1.17  1.24  1.39  1.52  2.18  2.15
SKEW       .52   .62   .80   .70   .75   .76  1.05   .93   .81   .88   .66   .69
% SSW     5.08  4.71  5.40  6.16  4.51  4.33  4.55  3.04  2.08  1.78  3.41  3.86
MEAN      4.80  5.12  5.38  5.08  4.20  3.74  3.19  3.14  3.60  3.54  4.22  4.71
STD DEV   2.03  2.23  2.17  2.06  1.86  1.57  1.21  1.35  1.73  1.71  1.95  2.12
SKEW       .45   .42   .32   .24   .61   .66   .74  1.00   .75   .78   .58   .63
% SW      5.36  5.26  5.94  6.53  6.11  6.94  7.79  4.94  2.92  2.93  4.49  5.02
MEAN      4.17  4.70  4.74  4.59  4.10  3.53  3.31  3.20  3.33  3.36  3.80  4.05
STD DEV   1.94  2.16  2.12  2.05  1.89  1.52  1.37  1.37  1.50  1.53  1.84  1.86
SKEW       .68   .42   .48   .67   .69   .85   .82   .95   .89   .70   .70   .68
% WSW     4.15  3.94  4.07  4.50  3.82  4.04  4.43  2.91  1.49  1.81  2.96  3.72
MEAN      4.32  4.76  4.96  4.67  4.11  3.67  3.40  3.28  3.40  3.64  3.95  4.21
STD DEV   1.97  2.33  2.21  2.14  1.78  1.62  1.42  1.40  1.39  1.58  1.70  1.94
SKEW       .71   .71   .36   .43   .62   .70   .87   .82   .90   .84   .50   .67
% W       5.28  4.92  5.94  5.57  5.21  5.78  6.26  4.41  2.39  3.27  4.77  5.29
MEAN      4.39  4.69  4.94  4.70  3.78  3.73  3.35  3.16  3.03  3.59  4.18  4.37
STD DEV   2.14  2.21  2.35  2.27  1.67  1.75  1.51  1.36  1.37  1.71  1.95  1.99
SKEW       .86   .58   .60   .60   .71   .94  1.29  1.02  1.02   .83   .64   .62
% WNW     5.16  5.26  6.03  5.02  3.84  3.47  2.86  2.47  1.80  2.44  4.85  4.76
MEAN      4.67  5.08  5.40  5.04  4.18  3.71  3.24  3.13  3.39  3.88  4.86  4.87
STD DEV   2.06  2.29  2.40  2.27  1.83  1.65  1.29  1.11  1.27  1.95  2.11  2.10
SKEW       .47   .47   .33   .50   .63   .71   .84   .72   .68   .82   .39   .30
% NW      7.27  6.77  7.44  5.73  5.52  5.58  4.19  4.69  3.25  4.94  7.20  6.28
MEAN      4.50  4.72  4.92  4.58  3.70  3.26  2.97  2.99  3.13  3.64  4.43  4.48
STD DEV   2.10  2.27  2.21  2.14  1.69  1.45  1.20  1.18  1.30  1.68  2.11  2.06
SKEW       .52   .55   .49   .51   .75   .94   .91   .96   .82  1.01   .61   .52
% NNW     6.91  6.70  5.69  4.87  4.02  3.87  2.97  3.01  3.59  4.46  6.15  5.18
MEAN      4.71  4.62  4.67  4.53  3.85  3.37  3.20  3.22  3.72  3.97  4.34  4.47
STD DEV   1.88  1.83  1.94  1.90  1.60  1.42  1.25  1.28  1.52  1.64  1.92  2.05
SKEW       .30   .41   .43   .34   .54   .99   .45   .58   .47   .50   .58   .67
CALM     10.32  9.47  8.66 11.90 17.47 17.36 18.20 18.71 15.57 17.88 14.11 11.78
 
INTERPOLATED DATA (station & weighting factor)
 
---Wind Stations---
BIRMINGHAM    AL     .437  ANNISTON      AL     .301  HUNTSVILLE    AL     .262
---Solar Radiation and Max .5 P Stations---
 AL WARRIOR          .438   AL BOAZ             .393   AL ASHLAND          .169 
---Dewpoint Stations---
AL BIRMINGHAM AP     .431  AL ANNISTON METRO A  .302  AL HUNTSVILLE INTL   .267 
---Time Peak Stations---
AL WARRIOR           .447  AL BOAZ              .388  AL ASHLAND           .166 
