 NEWPORT AR                               35186 0
 LATT=  35.60 LONG= -91.28 YEARS= 40. TYPE= 3
 ELEVATION =  220. TP5 = 2.43 TP6= 5.63
 MEAN P    .38   .42   .46   .52   .51   .45   .45   .41   .48   .51   .56   .53
 S DEV P   .46   .53   .59   .65   .70   .61   .63   .54   .73   .67   .70   .68
 SKEW  P  2.31  2.39  2.56  2.48  3.40  2.85  3.67  2.35  2.65  2.47  2.43  2.39
 P(W/W)    .45   .46   .47   .44   .47   .43   .44   .43   .44   .45   .50   .49
 P(W/D)    .23   .24   .26   .25   .27   .20   .19   .16   .18   .19   .22   .22
 TMAX AV 45.79 51.09 60.93 71.46 79.51 87.75 91.47 90.71 83.42 72.88 60.27 49.11
 TMIN AV 28.17 32.36 41.54 50.66 59.97 68.10 71.86 69.78 61.41 49.23 40.65 31.68
 SD TMAX 12.12 12.69 11.41  9.23  7.53  5.72  5.58  6.14  7.86  9.18 10.87 11.13
 SD TMIN 10.53 10.23  9.60  8.35  7.14  5.25  4.15  4.87  7.65  8.64  9.37 10.09
 SOL.RAD  183.  249.  336.  433.  479.  516.  529.  492.  411.  303.  203.  167.
 SD SOL   25.1  35.5  27.3  34.3  39.2  39.5  28.7  33.3  20.5  36.4  33.0  27.4
 MX .5 P   .58   .68   .94  1.17  1.26  1.51  1.46  1.41  1.27  1.03   .90   .77
 DEW PT  28.45 31.64 39.28 47.64 58.47 65.86 69.86 68.22 61.23 49.40 39.84 32.01
Time Pk   .475  .638  .711  .799  .816  .831  .929  .942  .959  .972  .987 1.000
% N       8.09  7.07  6.41  5.30  5.66  4.52  5.78  6.44 10.17  8.45  6.46  6.13
MEAN      4.57  4.32  4.36  3.93  3.70  3.15  2.83  2.69  2.87  3.29  4.11  4.00
STD DEV   2.22  2.19  2.00  1.82  1.99  1.60  1.40  1.35  1.69  1.86  2.09  2.02
SKEW       .32   .49   .20   .42   .60   .68   .71   .89  1.04   .93   .42   .55
% NNE     8.43  9.27  6.46  6.40  6.86  6.02  7.95  9.52 11.45  8.53  6.08  6.70
MEAN      4.82  4.62  4.27  4.40  4.06  3.48  3.18  3.32  3.57  3.95  4.07  4.42
STD DEV   1.99  2.10  1.89  1.92  1.89  1.73  1.61  1.69  1.88  2.01  1.96  2.29
SKEW       .21   .35   .20   .14   .57   .42   .60   .71   .78   .54   .47   .61
% NE      5.12  6.79  6.22  4.65  4.64  4.74  6.18  6.81  7.27  5.02  4.56  5.22
MEAN      3.94  4.00  4.14  3.98  3.47  3.42  3.03  3.10  3.26  3.42  3.60  4.01
STD DEV   1.95  1.76  1.94  1.90  1.84  1.65  1.49  1.60  1.88  1.73  1.76  1.96
SKEW       .62   .23   .27   .31   .59   .50   .47   .75  1.26   .80   .54   .54
% ENE     2.97  4.63  5.16  4.51  4.24  3.51  4.36  4.20  4.23  2.78  2.07  2.90
MEAN      3.40  3.69  4.34  3.90  3.19  3.13  2.74  2.87  2.84  3.16  3.06  3.52
STD DEV   1.62  1.73  1.94  1.72  1.59  1.60  1.35  1.42  1.55  1.66  1.59  1.70
SKEW       .60   .62   .42   .23   .56   .74   .69   .46   .90  1.07  1.06   .62
% E       2.35  3.01  3.12  3.18  3.25  2.87  3.38  3.30  3.70  2.85  1.81  2.27
MEAN      3.27  3.29  3.47  3.28  2.71  2.67  2.67  2.58  2.54  2.39  2.32  3.07
STD DEV   1.52  1.60  1.85  1.77  1.29  1.34  1.19  1.23  1.26  1.28  1.01  1.69
SKEW       .62   .52   .85   .75   .57   .69   .64   .80   .83   .69   .49  1.06
% ESE     2.06  2.98  3.15  3.38  3.58  3.04  3.31  3.53  3.46  2.40  1.44  2.16
MEAN      2.56  3.31  3.51  3.38  3.09  2.81  2.50  2.63  2.59  2.55  2.54  2.88
STD DEV   1.17  1.59  1.72  1.63  1.43  1.36  1.14  1.19  1.29  1.37  1.32  1.36
SKEW       .51   .88   .56   .64   .72   .66   .51   .70   .79   .97   .78   .43
% SE      3.93  3.67  5.15  4.41  4.82  4.79  4.28  4.82  5.43  4.18  3.05  4.00
MEAN      2.92  3.64  3.57  3.17  3.16  2.78  2.59  2.68  2.84  2.67  2.83  2.83
STD DEV   1.38  1.78  1.75  1.72  1.53  1.37  1.26  1.36  1.43  1.31  1.43  1.43
SKEW       .69   .88   .82  1.10   .63   .77   .71   .84   .74   .75   .85   .75
% SSE     8.67  7.71  9.50  9.61  7.88  7.79  6.91  6.53  6.15  7.74  8.13  8.77
MEAN      3.64  3.72  4.11  4.06  3.50  3.17  2.88  2.65  3.15  3.02  3.49  3.79
STD DEV   1.75  1.75  1.93  1.96  1.84  1.48  1.44  1.27  1.58  1.48  1.87  1.94
SKEW       .60   .55   .48   .75   .92   .61   .70   .91   .65   .58   .89   .82
% S      10.86  7.63  8.86 11.41 10.10 10.86 10.08  8.79  7.99 10.01 10.13 11.26
MEAN      4.34  3.74  4.26  4.13  3.71  3.35  3.00  2.87  3.18  3.16  3.72  3.85
STD DEV   2.16  1.83  2.12  2.00  1.83  1.80  1.47  1.46  1.64  1.76  2.02  1.99
SKEW       .87   .58   .65   .61   .61   .78   .57   .65   .70   .96   .80   .84
% SSW    10.90 10.77  8.35 11.27 10.71 15.02 10.11  7.94  6.06  6.97 10.08  9.86
MEAN      5.50  5.27  5.77  5.95  5.13  4.71  4.04  3.54  4.22  4.24  4.65  4.54
STD DEV   2.40  2.48  2.78  2.49  2.48  2.16  1.72  1.69  1.94  2.09  2.26  2.13
SKEW       .60   .66   .43   .27   .56   .48   .32   .57   .35   .47   .70   .52
% SW      3.68  4.33  4.07  4.80  7.19  8.58  7.23  5.50  3.47  3.87  5.05  5.96
MEAN      4.20  4.27  4.96  5.04  4.30  4.09  3.85  3.58  3.51  3.55  3.80  3.77
STD DEV   2.08  2.18  2.48  2.55  2.22  1.95  1.69  1.67  1.89  1.85  2.09  1.86
SKEW       .52   .64   .54   .35  1.18   .49   .32   .56   .78   .57   .97   .76
% WSW     2.32  2.96  3.51  2.81  3.71  4.32  4.26  2.90  1.70  2.27  2.91  3.33
MEAN      3.54  4.17  4.88  4.51  3.66  3.98  3.56  3.15  2.99  3.14  3.62  3.63
STD DEV   1.82  2.39  2.56  2.81  1.80  1.84  1.79  1.57  1.46  1.76  2.15  2.05
SKEW       .74  1.38   .69   .75   .44   .38   .42   .45   .52   .72   .96   .84
% W       2.61  3.54  4.17  3.41  3.56  2.88  3.10  2.18  1.53  2.48  3.82  3.82
MEAN      3.51  3.68  5.26  4.32  3.05  2.98  2.58  2.72  2.52  2.98  3.24  3.77
STD DEV   2.13  2.21  2.63  3.09  1.67  1.50  1.33  1.43  1.40  1.75  1.92  2.10
SKEW      2.30   .88   .16  1.10  1.02   .51   .70   .57   .89  1.06   .80   .72
% WNW     4.19  4.80  5.74  5.19  3.39  1.92  1.92  1.85  1.73  2.40  4.43  5.37
MEAN      5.14  4.86  5.91  5.70  4.50  3.40  2.81  3.12  2.76  4.05  4.13  4.75
STD DEV   2.57  2.55  2.61  2.90  2.55  1.63  1.33  1.65  1.61  2.36  2.05  2.29
SKEW       .59   .66   .32   .33   .75   .20   .45   .49  1.11   .78   .57   .54
% NW      4.63  5.15  6.01  5.52  2.90  2.25  2.28  2.12  2.50  3.64  6.83  4.52
MEAN      4.62  4.51  5.30  4.70  3.61  3.18  2.53  2.36  2.70  3.50  4.43  4.35
STD DEV   2.27  2.29  2.38  2.40  2.12  1.61  1.40  1.23  1.59  2.05  2.28  2.10
SKEW       .83   .51   .21   .44   .70   .60   .96  1.39   .88   .85   .48   .42
% NNW     8.56  6.93  7.19  6.47  4.40  2.52  2.63  3.81  4.86  5.40  7.74  6.09
MEAN      5.12  5.52  5.38  5.00  4.07  3.62  2.99  3.09  3.46  4.11  4.88  4.83
STD DEV   2.19  2.40  2.18  2.24  2.05  1.72  1.64  1.53  1.89  2.10  2.34  2.21
SKEW       .40   .53   .38   .27   .48   .52   .77   .53   .62   .59   .35   .28
CALM     10.72  8.85  7.13  7.78 13.11 14.32 16.38 19.95 18.27 20.93 15.52 11.66
 
INTERPOLATED DATA (station & weighting factor)
 
---Wind Stations---
WALNUT RIDGE  AR     .678  JACKSONVILLE  AR     .173  BLYTHEVILLE   AR     .150
---Solar Radiation and Max .5 P Stations---
 AR GREERS FERRY DA  .502   AR NORFORK DAM      .292   TN MASON            .205 
---Dewpoint Stations---
AR LITTLE ROCK AFB   .440  TN MEMPHIS INTL AP   .366  MO WAYNESVILLE REGN  .194 
---Time Peak Stations---
AR GREERS FERRY DAM  .507  AR NORFORK DAM       .293  TN MASON             .201 
