 MOUNTAIN HOME AR                         35036 0
 LATT=  36.33 LONG= -92.50 YEARS= 40. TYPE= 3
 ELEVATION =  800. TP5 = 2.29 TP6= 5.10
 MEAN P    .38   .42   .51   .49   .43   .44   .47   .41   .58   .42   .59   .47
 S DEV P   .51   .56   .70   .66   .52   .60   .66   .52   .85   .59   .76   .63
 SKEW  P  2.45  3.05  3.97  2.66  2.07  2.66  2.80  2.02  4.22  2.95  2.59  3.37
 P(W/W)    .41   .45   .43   .43   .51   .46   .39   .44   .41   .48   .47   .46
 P(W/D)    .20   .21   .25   .27   .29   .23   .19   .19   .19   .19   .20   .19
 TMAX AV 45.58 50.78 60.69 70.78 77.42 85.23 90.40 90.04 81.93 71.63 59.31 48.18
 TMIN AV 25.90 29.82 38.24 47.24 55.79 63.94 68.43 67.07 59.06 47.68 38.34 28.81
 SD TMAX 12.89 13.47 12.44 10.09  7.62  5.86  5.98  6.40  8.20  9.25 11.43 11.97
 SD TMIN 11.33 11.13 10.58  9.07  7.52  5.61  4.38  5.09  7.84  9.09 10.13 10.70
 SOL.RAD  181.  240.  332.  431.  468.  509.  533.  488.  395.  296.  196.  165.
 SD SOL   30.8  38.4  31.2  41.5  41.7  44.4  27.8  37.1  30.9  36.1  36.6  28.6
 MX .5 P   .53   .58   .84  1.19  1.23  1.35  1.47  1.35  1.27   .90   .88   .59
 DEW PT  24.77 28.07 36.07 44.48 56.18 64.18 68.18 66.18 58.78 46.88 37.18 28.07
Time Pk   .487  .657  .727  .809  .819  .831  .928  .948  .958  .970  .980 1.000
% N       5.19  5.18  3.65  2.85  4.98  2.41  3.38  3.91  6.14  3.97  3.59  3.05
MEAN      3.07  3.51  2.86  3.46  2.84  2.49  2.49  2.36  2.59  3.17  3.65  4.07
STD DEV   1.46  1.77  1.32  1.72  1.38  1.29  1.47  1.21  1.30  1.58  1.73  1.94
SKEW       .32   .66   .52   .41   .81   .52  1.08   .83   .71   .61   .13   .50
% NNE     4.15  5.92  4.33  4.42  5.27  2.96  4.80  6.06  5.64  5.09  3.54  3.18
MEAN      3.00  3.52  2.94  2.97  2.81  2.37  2.57  2.49  2.73  3.48  3.46  3.51
STD DEV   1.43  1.59  1.30  1.38  1.28  1.02  1.36  1.16  1.41  1.91  1.57  1.66
SKEW       .43   .85   .34   .68   .49   .33   .81   .74   .50   .94   .22   .69
% NE      2.36  2.79  3.07  3.01  2.73  2.48  3.66  4.44  3.50  3.25  2.89  2.09
MEAN      2.20  2.49  2.55  2.44  2.01  2.05  2.26  2.13  2.11  2.50  3.10  2.58
STD DEV   1.22  1.19  1.14  1.02  1.02  1.05  1.11   .98   .96  1.46  1.60  1.04
SKEW      1.00   .92   .76   .78  1.52  1.27   .83   .94   .69   .94   .57   .29
% ENE     2.06  3.55  4.79  2.98  3.58  2.53  4.17  4.60  3.24  2.31  2.71  2.13
MEAN      2.19  2.50  2.79  2.94  2.11  2.37  2.36  2.29  2.15  2.63  3.30  2.73
STD DEV    .91  1.00  1.17  1.24   .73  1.14  1.08   .89  1.04  1.28  1.56  1.19
SKEW       .49   .71   .52   .61   .10   .64   .96   .41  1.19   .95   .25   .37
% E       3.23  3.42  4.82  3.52  3.17  4.63  6.37  4.96  4.03  2.90  2.23  2.17
MEAN      2.20  2.41  2.65  2.26  1.90  1.91  2.02  2.07  1.97  2.08  2.24  2.38
STD DEV   1.03  1.06  1.21  1.18   .72   .86   .89   .96   .88  1.13  1.08  1.12
SKEW       .96   .82  1.04  1.27   .29  1.24   .99   .97  1.11   .88   .87   .69
% ESE     6.02  5.76  7.17  4.95  2.99  3.60  5.18  4.62  3.71  2.89  1.80  5.11
MEAN      2.45  3.03  2.79  2.76  2.43  1.97  2.22  2.19  2.11  2.41  2.18  2.69
STD DEV   1.02  1.30  1.22  1.29  1.18   .82  1.01  1.07   .89  1.10  1.05  1.20
SKEW       .67   .46   .65   .48   .88   .62   .99  1.30   .52   .54   .98   .38
% SE      5.36  3.53  5.60  4.51  4.89  4.64  5.53  6.35  7.55  5.37  4.62  4.73
MEAN      2.64  2.94  2.85  2.57  2.51  2.19  1.96  2.06  2.12  2.10  2.37  2.68
STD DEV   1.11  1.44  1.44  1.32  1.46   .99   .91   .89  1.05  1.10  1.23  1.28
SKEW       .41   .52   .90  1.00  1.15   .89  1.22   .98  1.02  1.28   .98   .67
% SSE    10.86  8.69  8.88 12.05 10.02 10.32  7.78  7.55  8.48  8.29 10.22 10.66
MEAN      3.81  3.83  4.34  3.94  3.71  3.16  2.41  2.49  2.98  3.33  3.47  3.64
STD DEV   1.60  1.71  1.99  1.99  1.82  1.50  1.16  1.22  1.55  1.67  1.76  1.62
SKEW       .39   .42   .60   .91   .35   .44   .79  1.09   .79   .80   .45   .72
% S       6.57  5.98  5.76  7.71  7.93 12.68  9.07  8.23  7.27  8.44  6.67  7.90
MEAN      4.29  3.70  4.10  3.49  3.96  3.39  2.67  2.64  2.91  3.31  3.35  4.08
STD DEV   2.19  2.25  2.33  1.89  2.16  1.77  1.48  1.38  1.58  1.85  1.89  2.07
SKEW       .54   .89   .76   .72   .61   .85   .88   .71   .63   .58   .67   .65
% SSW     7.03  7.90  7.41 11.59  8.74 15.65 10.24  8.39  6.49  4.85  7.13  8.37
MEAN      4.97  4.83  5.13  5.36  4.51  4.18  3.24  3.35  3.89  3.91  4.03  4.27
STD DEV   2.21  2.68  2.99  2.31  2.35  1.97  1.61  1.53  2.08  1.93  2.09  2.14
SKEW       .12   .25   .36   .19   .48   .31   .78   .25   .37   .35   .45   .49
% SW      2.46  3.84  4.08  3.06  4.74  5.71  7.13  5.43  3.28  3.71  4.15  3.87
MEAN      3.18  2.60  3.60  3.09  3.09  2.73  2.58  2.56  2.76  2.46  2.78  2.96
STD DEV   2.26  1.30  2.30  2.21  2.14  1.45  1.34  1.28  1.81  1.36  2.37  1.52
SKEW      1.60   .78   .95  1.80  1.65   .60   .74   .84   .97   .86  2.67  1.11
% WSW     2.95  4.73  5.14  2.74  4.08  5.17  4.32  3.75  1.47  1.73  3.61  4.39
MEAN      3.63  3.85  4.94  3.88  3.45  3.29  2.88  3.09  3.08  3.05  3.26  3.85
STD DEV   2.10  2.09  2.87  2.51  1.74  1.49  1.65  1.85  1.94  1.97  2.00  2.32
SKEW       .64   .62   .53   .60   .37   .30   .65   .78   .59   .80   .95   .99
% W       2.24  3.90  3.88  2.17  2.77  2.04  1.92  1.49   .92  1.90  2.84  3.67
MEAN      3.24  4.39  5.99  4.44  3.23  2.87  2.09  2.14  2.00  2.38  3.79  3.74
STD DEV   1.99  2.35  3.02  3.11  2.14  1.60  1.33  1.22  1.27  1.30  2.04  2.17
SKEW      1.17   .26  -.06   .96  1.19   .51  1.57  1.07  1.25   .88   .92  1.08
% WNW     9.92 10.54  8.64  6.26  3.88  2.57  2.18  1.65  1.83  3.12  6.23 10.77
MEAN      5.17  5.21  6.21  6.21  4.48  4.20  3.10  3.05  3.19  4.24  4.76  5.26
STD DEV   2.29  2.46  2.85  2.75  2.78  1.73  1.63  1.61  1.66  1.96  2.41  2.23
SKEW       .52   .45  -.05  -.23   .91   .28   .29   .73   .33   .61   .54   .36
% NW      8.23  6.33  6.29  6.25  4.30  1.52  2.23  2.88  3.40  5.07  8.16  7.12
MEAN      4.56  4.38  4.98  4.97  3.95  2.56  2.37  2.50  3.17  4.01  4.49  5.01
STD DEV   2.03  2.23  2.52  2.32  1.97  1.42  1.62  1.41  1.72  2.04  2.23  2.35
SKEW       .49   .84   .32   .19   .47   .54  1.14   .92   .58   .56   .53   .37
% NNW    12.00  9.18  8.73 10.56  7.75  3.26  3.84  4.08  8.25 10.98  9.40  8.55
MEAN      4.61  4.93  4.59  4.60  3.80  3.30  2.86  3.19  3.57  4.24  4.74  4.49
STD DEV   1.84  2.24  2.01  2.19  1.98  1.23  1.80  1.79  2.03  2.12  2.01  1.89
SKEW       .51   .42   .51   .38   .79   .00  1.31   .98  1.10   .57   .42   .49
CALM      9.38  8.94  7.80 11.40 18.18 17.82 18.38 21.55 24.64 25.96 20.05 12.32
 
INTERPOLATED DATA (station & weighting factor)
 
---Wind Stations---
FLIPPIN       AR     .839  WALNUT RIDGE  AR     .084  SPRINGFIELD   MO     .077
---Solar Radiation and Max .5 P Stations---
 AR BULL SHOALS DAM  .725   AR NORFORK DAM      .220   AR GREERS FERRY DA  .055 
---Dewpoint Stations---
MO SPRINGFIELD MUNI  .405  MO WAYNESVILLE REGN  .299  AR LITTLE ROCK AFB   .296 
---Time Peak Stations---
AR BULL SHOALS DAM   .783  AR NORFORK DAM       .185  MO LEBANON 2 W       .032 
