 MAMMOTH SPRING AR                        34572 0
 LATT=  36.48 LONG= -91.53 YEARS= 40. TYPE= 3
 ELEVATION =  600. TP5 = 2.41 TP6= 5.53
 MEAN P    .48   .54   .51   .58   .48   .46   .50   .49   .59   .54   .63   .60
 S DEV P   .71   .59   .63   .68   .50   .48   .60   .60   .72   .59   .68  1.00
 SKEW  P  5.10  2.56  4.68  2.70  2.14  2.15  2.83  2.80  2.30  2.37  2.43  7.19
 P(W/W)    .32   .39   .35   .39   .42   .34   .37   .36   .39   .44   .45   .42
 P(W/D)    .16   .16   .22   .19   .21   .20   .17   .17   .15   .16   .17   .16
 TMAX AV 45.99 51.58 61.64 72.12 78.68 85.97 90.86 90.15 82.35 72.33 60.40 49.25
 TMIN AV 22.64 26.81 35.68 44.51 53.72 61.92 65.99 64.59 56.08 44.02 35.13 26.20
 SD TMAX 12.47 12.98 12.19  9.92  7.55  6.01  6.08  6.38  8.01  9.07 11.18 11.25
 SD TMIN 11.34 10.92 10.63  9.91  8.45  6.11  4.79  5.60  8.81  9.92 11.10 10.85
 SOL.RAD  182.  248.  340.  441.  489.  530.  541.  500.  411.  303.  201.  168.
 SD SOL   28.9  35.3  31.2  38.9  44.7  41.1  30.2  32.6  23.6  35.5  32.5  27.2
 MX .5 P   .55   .66   .85  1.16  1.26  1.39  1.39  1.35  1.29   .93   .91   .64
 DEW PT  26.31 29.70 37.70 45.70 56.79 64.86 68.86 67.15 60.15 47.47 38.08 29.99
Time Pk   .477  .644  .713  .803  .816  .830  .929  .943  .956  .970  .986 1.000
% N       7.29  5.83  5.41  4.88  5.16  3.88  5.38  6.18  8.84  7.64  5.29  5.41
MEAN      4.85  4.32  4.60  4.11  3.96  3.20  2.98  2.91  3.13  3.59  4.46  4.36
STD DEV   2.16  2.24  2.11  1.90  2.01  1.53  1.44  1.41  1.77  2.01  2.33  2.21
SKEW       .16   .67   .23   .49   .54   .61   .66   .90   .88   .94   .46   .68
% NNE     8.87  9.56  6.71  6.75  7.14  5.71  8.42  9.92 11.39  8.61  6.19  6.46
MEAN      4.86  4.60  4.28  4.46  4.24  3.62  3.29  3.38  3.57  4.12  4.34  4.39
STD DEV   2.00  2.11  1.85  1.86  1.86  1.73  1.52  1.60  1.76  2.06  2.00  2.21
SKEW       .23   .54   .30   .20   .46   .54   .56   .64   .69   .47   .36   .58
% NE      4.23  5.77  6.07  4.32  4.69  4.17  5.78  6.69  6.78  4.74  4.48  4.55
MEAN      3.72  3.80  4.15  4.11  3.49  3.34  3.03  3.20  3.31  3.46  3.59  3.86
STD DEV   1.74  1.54  1.96  1.85  1.74  1.56  1.42  1.50  1.76  1.83  1.78  1.93
SKEW       .59   .23   .42   .36   .68   .66   .49   .60  1.05  1.08   .57   .62
% ENE     2.69  3.97  4.64  3.76  3.66  2.82  4.42  4.17  3.68  2.04  1.74  2.09
MEAN      3.45  3.65  4.22  3.87  3.18  3.08  2.83  3.08  2.86  3.25  3.20  3.42
STD DEV   1.52  1.58  1.84  1.52  1.44  1.42  1.27  1.41  1.29  1.76  1.59  1.52
SKEW       .65   .38   .40   .27   .51   .66   .80   .44   .73  1.08   .90   .68
% E       1.78  2.45  2.62  2.56  2.79  2.39  3.13  3.24  2.77  1.98  1.29  1.83
MEAN      3.13  3.33  3.25  3.32  2.80  2.72  2.81  2.72  2.61  2.43  2.49  2.97
STD DEV   1.36  1.57  1.68  1.58  1.28  1.29  1.16  1.23  1.26  1.14  1.23  1.52
SKEW       .68   .57   .89   .58   .78   .63   .60   .76   .88   .74   .81  1.02
% ESE     1.95  3.11  3.00  3.03  3.14  2.90  3.41  3.44  3.17  1.99  1.35  2.19
MEAN      2.71  3.37  3.40  3.56  3.04  2.84  2.74  2.81  2.64  2.59  2.69  3.37
STD DEV   1.23  1.55  1.56  1.62  1.35  1.29  1.14  1.21  1.21  1.22  1.50  1.54
SKEW       .77   .84   .55   .54   .77   .71   .65   .68   .88   .64   .84   .40
% SE      3.76  3.63  4.36  4.00  4.39  4.68  4.42  5.06  5.37  4.50  3.62  4.24
MEAN      2.89  3.38  3.37  3.06  3.06  2.77  2.66  2.75  2.82  2.67  2.89  3.07
STD DEV   1.31  1.43  1.59  1.50  1.38  1.31  1.25  1.36  1.29  1.22  1.40  1.53
SKEW       .61   .50   .81  1.04   .83   .90   .84  1.05   .79   .93   .98   .82
% SSE     9.11  7.87  9.63  8.99  7.72  8.11  7.08  7.16  7.10  8.27  8.38  9.29
MEAN      3.78  3.90  4.22  4.10  3.42  3.14  2.91  2.71  3.09  3.16  3.61  3.96
STD DEV   1.81  1.69  1.93  1.90  1.75  1.46  1.37  1.21  1.44  1.48  1.93  1.79
SKEW       .84   .59   .57   .67   .91   .81   .71   .91   .75   .70  1.02   .70
% S      12.48  9.01  9.65 12.26 10.38 11.69  9.94  9.51  9.63 12.24 10.95 12.82
MEAN      4.71  4.11  4.51  4.38  3.78  3.37  3.15  3.03  3.33  3.39  3.91  4.11
STD DEV   2.19  1.81  2.19  2.08  1.86  1.66  1.50  1.45  1.70  1.81  2.11  1.99
SKEW       .75   .60   .70   .75   .78   .76   .72   .75   .81  1.03   .96   .84
% SSW    12.71 11.29  9.36 12.58 10.91 14.78 10.57  9.00  7.38  8.34 10.57 10.79
MEAN      5.97  5.35  5.89  6.04  5.18  4.84  4.21  3.80  4.38  4.64  4.87  4.87
STD DEV   2.54  2.55  2.79  2.60  2.59  2.18  1.84  1.68  1.95  2.35  2.31  2.35
SKEW       .60   .75   .46   .35   .70   .63   .50   .58   .38   .59   .70   .75
% SW      3.55  4.34  4.30  4.98  6.88  8.82  7.61  5.38  3.89  4.37  5.26  5.97
MEAN      4.41  4.50  4.97  5.31  4.40  4.34  3.92  3.79  3.66  3.67  3.97  3.84
STD DEV   2.31  2.29  2.41  2.74  2.24  2.05  1.81  1.68  1.92  1.86  2.38  1.95
SKEW       .69   .83   .50   .46  1.13   .60   .61   .57   .69   .65  1.18   .99
% WSW     3.13  4.69  4.89  4.22  5.31  6.71  5.40  3.64  2.33  3.23  3.97  4.44
MEAN      3.80  4.39  5.33  4.93  3.95  4.20  3.83  3.45  3.38  3.55  4.01  4.02
STD DEV   2.03  2.18  2.54  2.92  1.89  1.86  1.83  1.69  1.57  1.83  2.35  2.22
SKEW       .95   .99   .58   .87   .57   .51   .56   .52   .47   .71  1.16  1.01
% W       2.92  3.78  4.32  3.88  4.19  3.34  3.02  2.36  1.58  2.84  4.58  4.90
MEAN      3.82  4.01  5.25  4.59  3.52  3.24  2.84  3.02  2.77  3.44  3.65  4.25
STD DEV   2.11  2.29  2.53  3.02  1.92  1.62  1.40  1.49  1.32  1.83  2.05  2.33
SKEW      1.78   .95   .17  1.01  1.09   .57   .78   .66   .76   .88   .76   .83
% WNW     4.75  5.25  6.41  6.02  4.12  2.33  2.18  2.10  2.43  3.27  5.21  5.32
MEAN      5.12  4.85  5.78  5.52  4.54  3.62  3.07  3.22  2.99  4.34  4.37  4.89
STD DEV   2.38  2.43  2.42  2.74  2.47  1.74  1.48  1.66  1.68  2.37  2.16  2.27
SKEW       .54   .68   .24   .51   .91   .51   .84   .62  1.21   .82   .64   .58
% NW      4.71  5.40  5.77  5.36  3.51  2.19  2.48  2.51  3.07  4.33  7.20  5.08
MEAN      4.90  4.76  5.19  4.96  3.73  3.35  2.69  2.74  3.00  3.83  4.49  4.65
STD DEV   2.21  2.41  2.32  2.48  2.23  1.80  1.32  1.37  1.71  2.33  2.38  2.31
SKEW       .61   .48   .24   .44  1.14   .81  1.03  1.38  1.07  1.11   .61   .56
% NNW     8.63  7.47  7.56  6.93  5.21  3.02  3.14  4.74  5.37  5.98  7.55  6.16
MEAN      5.52  5.78  5.53  5.32  4.37  3.72  3.28  3.40  3.66  4.20  5.22  5.03
STD DEV   2.17  2.60  2.00  2.20  2.19  1.81  1.74  1.61  1.94  2.14  2.46  2.18
SKEW       .30   .56   .14   .23   .60   .72   .91   .63   .61   .64   .49   .21
CALM      7.45  6.72  5.49  5.60 10.78 12.35 13.76 15.08 15.16 15.59 12.50  8.50
 
INTERPOLATED DATA (station & weighting factor)
 
---Wind Stations---
WALNUT RIDGE  AR     .501  MALDEN        MO     .260  FT. LEONARD W.MO     .239
---Solar Radiation and Max .5 P Stations---
 AR NORFORK DAM      .437   MO CLEARWATER DAM   .304   AR GREERS FERRY DA  .260 
---Dewpoint Stations---
MO WAYNESVILLE REGN  .388  AR LITTLE ROCK AFB   .317  TN DYERSBURG MUNI A  .295 
---Time Peak Stations---
AR NORFORK DAM       .435  MO CLEARWATER DAM    .304  AR GREERS FERRY DAM  .260 
