 STUTTGART 9ESE AR                        36920 0
 LATT=  34.47 LONG= -91.42 YEARS= 40. TYPE= 3
 ELEVATION =  200. TP5 = 2.47 TP6= 5.61
 MEAN P    .40   .46   .48   .61   .50   .47   .47   .46   .46   .59   .53   .57
 S DEV P   .54   .53   .63   .77   .65   .58   .61   .56   .69   .78   .67   .75
 SKEW  P  2.71  1.88  2.45  2.68  2.47  1.95  2.32  2.18  3.02  2.71  2.19  2.88
 P(W/W)    .45   .46   .46   .44   .47   .42   .43   .32   .45   .41   .48   .48
 P(W/D)    .25   .24   .25   .22   .26   .20   .16   .15   .15   .17   .22   .19
 TMAX AV 48.90 53.87 63.31 72.87 80.79 88.41 91.76 91.19 85.16 74.78 62.78 52.45
 TMIN AV 31.06 34.99 42.97 51.66 61.22 69.23 72.10 70.15 62.32 50.35 41.90 33.84
 SD TMAX 12.06 12.55 10.95  9.14  7.34  5.66  4.96  5.47  7.55  9.29 10.52 11.26
 SD TMIN 10.15  9.97  9.43  8.57  7.05  4.97  3.65  4.37  7.77  9.00  9.24  9.72
 SOL.RAD  188.  256.  354.  463.  527.  573.  578.  545.  443.  326.  213.  178.
 SD SOL   29.4  39.5  30.6  29.3  43.1  49.3  31.6  33.4  27.4  37.2  28.1  27.2
 MX .5 P   .89   .73   .98  1.27  1.49  1.68  1.52  1.35  1.16  1.21   .85   .80
 DEW PT  31.43 34.43 41.76 49.48 59.81 66.81 70.81 69.48 62.48 50.67 41.95 34.62
Time Pk   .460  .630  .710  .810  .830  .840  .950  .960  .970  .980  .990 1.000
% N       7.43  8.14  5.80  6.23  4.54  3.53  3.65  5.38  7.76  6.92  6.58  6.17
MEAN      4.67  4.45  4.44  4.42  3.72  3.62  3.06  3.27  3.60  3.85  4.40  4.25
STD DEV   1.91  2.05  1.89  1.68  1.77  1.62  1.50  1.52  1.71  1.90  2.00  2.04
SKEW       .19   .35   .23   .14   .57   .32   .74   .40   .47   .48   .25   .45
% NNE     6.26  5.56  4.34  3.91  3.51  2.54  2.79  4.50  7.16  6.18  3.83  5.20
MEAN      4.48  4.58  4.46  4.44  4.18  3.79  3.80  3.62  4.24  4.13  4.37  4.22
STD DEV   1.80  2.05  1.67  1.73  1.91  1.80  1.62  1.54  1.81  1.82  2.04  1.70
SKEW       .32   .47   .19   .20   .45   .87   .27   .55   .44   .66   .40   .15
% NE      6.33  7.18  7.05  5.50  5.24  4.32  6.23  6.69 10.12  6.14  4.50  5.79
MEAN      4.07  4.24  4.18  4.11  3.59  3.47  3.27  3.24  3.62  3.38  3.68  3.86
STD DEV   1.76  1.96  1.64  1.69  1.67  1.61  1.45  1.49  1.76  1.60  1.79  1.70
SKEW       .41   .42   .08   .50   .54   .43   .62   .59   .64   .55   .54   .22
% ENE     3.73  5.24  4.64  4.70  4.06  3.95  3.95  4.94  6.52  4.36  3.02  4.18
MEAN      3.64  3.84  4.14  4.16  3.55  3.42  3.53  3.28  3.31  3.16  3.04  3.73
STD DEV   1.52  1.64  1.73  1.71  1.73  1.40  1.49  1.55  1.41  1.49  1.47  1.56
SKEW       .35   .58   .33   .43   .70   .48   .30   .64   .46   .59   .49   .22
% E       4.01  5.75  6.02  5.94  5.22  4.35  6.35  7.52  8.32  5.73  3.84  4.66
MEAN      3.09  3.45  3.77  3.73  3.23  3.20  3.16  3.12  3.17  2.87  2.69  3.25
STD DEV   1.42  1.55  1.71  1.75  1.60  1.56  1.41  1.53  1.56  1.46  1.43  1.42
SKEW       .38   .44   .62   .74   .75   .72   .50   .64   .70   .78   .93   .38
% ESE     3.00  3.92  5.44  3.53  3.60  3.15  3.10  3.72  4.28  3.97  2.94  4.00
MEAN      3.37  3.66  3.99  3.77  3.18  3.54  3.16  2.90  3.37  2.96  3.07  3.49
STD DEV   1.47  1.60  1.80  1.56  1.54  1.58  1.48  1.27  1.39  1.46  1.56  1.67
SKEW       .56   .44   .82   .29   .88   .41   .56   .26   .33   .68   .72   .64
% SE      4.45  4.46  6.59  6.01  5.97  5.31  5.74  5.03  5.26  4.75  4.86  5.35
MEAN      3.58  3.79  4.06  3.90  3.49  3.21  3.00  2.65  3.16  3.15  3.52  3.52
STD DEV   1.69  1.90  1.87  1.85  1.74  1.46  1.40  1.31  1.50  1.51  1.76  1.67
SKEW       .53   .60   .59   .50   .70   .50   .70   .81   .51   .64   .56   .51
% SSE     5.66  4.30  5.86  5.95  5.65  4.85  4.58  3.51  4.38  4.70  4.81  5.26
MEAN      4.18  4.07  4.64  4.46  4.19  3.31  3.23  2.85  3.41  3.43  3.78  4.01
STD DEV   1.81  1.79  1.94  1.90  1.79  1.37  1.38  1.32  1.49  1.46  1.79  1.94
SKEW       .52   .39   .45   .31   .44   .31   .74   .58   .61   .38   .68   .51
% S      12.70  8.24  9.82 13.57 13.63 15.04 11.41  8.45  6.75  8.10 10.88  9.99
MEAN      4.63  4.55  4.84  4.61  4.02  3.57  3.24  2.90  3.37  3.57  4.37  4.25
STD DEV   1.95  1.98  2.20  2.02  1.87  1.60  1.46  1.29  1.65  1.62  2.05  1.95
SKEW       .49   .31   .38   .51   .55   .50   .56   .44   .63   .46   .50   .55
% SSW     7.76  5.98  6.13  7.14  8.08  9.33  7.44  5.22  3.31  4.48  5.94  6.50
MEAN      5.20  4.99  5.55  5.26  4.75  4.16  3.62  3.26  3.59  3.75  4.69  4.65
STD DEV   2.19  2.29  2.29  2.00  1.92  1.70  1.43  1.45  1.51  1.59  2.09  1.99
SKEW       .33   .60   .25   .11   .15   .31   .28   .42   .16   .27   .40   .21
% SW      4.86  6.38  5.32  5.64  8.37 12.06 10.20  8.09  3.89  4.14  5.83  5.70
MEAN      4.73  4.74  5.22  4.81  4.05  4.09  3.57  3.45  3.47  3.31  3.94  3.68
STD DEV   2.34  2.12  2.47  2.14  1.79  1.70  1.51  1.62  1.72  1.64  1.95  1.89
SKEW       .43   .35   .32   .32   .44   .21   .34   .52   .68   .61   .50   .74
% WSW     3.55  3.20  3.29  3.70  3.87  4.30  5.09  3.78  1.98  2.60  4.26  3.62
MEAN      4.02  4.18  4.87  4.77  3.99  3.87  3.74  3.44  3.46  3.24  3.72  3.66
STD DEV   2.13  2.25  2.40  2.35  1.72  1.59  1.60  1.53  1.64  1.70  1.91  1.88
SKEW       .85   .94   .64   .64   .41   .13   .35   .36   .41   .76   .75   .69
% W       4.46  4.99  5.82  5.24  5.37  4.92  5.44  4.60  2.77  4.31  5.36  5.43
MEAN      3.97  4.09  4.80  4.49  3.46  3.21  3.05  2.97  2.66  2.84  3.52  4.14
STD DEV   2.12  2.33  2.48  2.63  1.78  1.52  1.43  1.42  1.43  1.62  2.04  2.34
SKEW       .48   .86   .34   .74   .79   .57   .52   .54   .75  1.00  1.24   .76
% WNW     4.50  4.84  6.27  3.97  3.03  2.37  2.28  2.33  2.09  2.96  5.27  5.37
MEAN      4.73  4.66  5.96  5.26  4.25  3.58  3.10  3.05  3.01  3.58  4.48  4.83
STD DEV   2.18  2.02  2.47  2.44  1.87  1.81  1.43  1.51  1.36  1.82  2.17  2.25
SKEW       .34   .25   .32   .40   .42   .95   .51   .63   .60   .64   .51   .38
% NW      5.23  6.10  5.78  5.70  3.72  2.47  2.46  3.06  3.41  4.40  6.74  6.01
MEAN      4.50  4.48  4.97  4.46  3.58  2.80  2.89  2.85  2.89  3.39  4.23  4.28
STD DEV   2.14  1.98  2.16  2.06  1.85  1.30  1.43  1.40  1.46  1.73  2.01  2.11
SKEW       .35   .17   .19   .36   .60   .72   .81   .71   .62   .64   .42   .52
% NNW     5.76  5.23  4.12  4.13  2.23  1.58  1.43  2.43  2.98  4.04  5.20  4.82
MEAN      4.74  4.67  5.09  4.77  3.98  3.46  2.69  3.25  3.39  3.82  4.46  4.57
STD DEV   2.10  2.00  1.99  1.90  1.77  1.46  1.27  1.51  1.58  1.82  1.95  2.18
SKEW       .32   .19   .26   .13   .36   .25   .92   .82   .33   .43   .31   .32
CALM     10.16 10.50  7.62  9.04 13.96 15.94 17.91 20.81 19.00 22.25 16.09 11.82
 
INTERPOLATED DATA (station & weighting factor)
 
---Wind Stations---
PINE BLUFF    AR     .462  JACKSONVILLE  AR     .354  MEMPHIS/INT.  TN     .183
---Solar Radiation and Max .5 P Stations---
 AR STUTTGART 9 ESE 1.000   AR BRINKLEY         .000   AR DUMAS            .000 
---Dewpoint Stations---
AR PINE BLUFF GRIDE  .476  AR LITTLE ROCK AFB   .335  TN MEMPHIS INTL AP   .189 
---Time Peak Stations---
AR STUTTGART 9 ESE  1.000  AR BRINKLEY          .000  AR PINE BLUFF        .000 
