 CROSSETT 7 S AR                          31730 0
 LATT=  33.03 LONG= -91.93 YEARS= 40. TYPE= 4
 ELEVATION =  180. TP5 = 2.71 TP6= 7.08
 MEAN P    .60   .65   .61   .78   .71   .57   .56   .53   .56   .71   .63   .64
 S DEV P   .66   .84   .66   .89   .83   .60   .67   .71   .81   .80   .67   .69
 SKEW  P  1.98  4.55  1.90  2.07  2.16  2.20  3.16  2.51  4.37  2.55  1.93  1.89
 P(W/W)    .44   .41   .40   .38   .38   .44   .35   .37   .41   .38   .39   .46
 P(W/D)    .24   .23   .23   .16   .22   .17   .19   .16   .15   .16   .20   .21
 TMAX AV 53.60 58.39 67.31 75.70 82.07 88.90 92.11 92.36 86.45 76.46 65.37 55.99
 TMIN AV 30.20 33.45 40.97 48.31 57.50 65.01 68.48 67.03 59.84 47.48 39.53 32.48
 SD TMAX 12.06 12.40 10.73  8.30  6.59  5.20  5.34  5.42  7.16  8.83 10.50 11.45
 SD TMIN 11.22 10.42 10.38  9.57  7.82  5.61  4.03  5.08  8.25 10.36 10.67 11.13
 SOL.RAD  191.  255.  342.  437.  483.  521.  544.  504.  413.  321.  219.  181.
 SD SOL   28.1  36.4  25.1  34.9  43.6  40.6  27.3  31.1  20.0  41.0  35.3  30.2
 MX .5 P   .88   .97  1.12  1.31  1.54  1.51  1.72  1.43  1.34  1.31  1.15   .97
 DEW PT  35.92 38.92 45.75 52.75 62.02 68.84 72.29 71.29 64.46 53.75 45.75 38.19
Time Pk   .433  .587  .667  .757  .780  .800  .913  .933  .943  .967  .987 1.000
% N      10.07  9.91  7.23  6.29  5.48  4.31  4.34  6.48 10.59 10.40  9.10  8.76
MEAN      4.82  4.70  4.74  4.82  4.11  3.64  3.18  3.47  3.77  3.92  4.52  4.57
STD DEV   1.88  1.92  1.96  2.04  1.81  1.64  1.49  1.44  1.74  1.80  2.09  2.08
SKEW       .36   .28   .35   .57   .52   .78  1.20   .61   .66   .77   .62   .53
% NNE     8.22  7.25  6.95  4.68  4.99  3.21  3.82  5.64 10.90  8.42  6.07  6.97
MEAN      5.11  5.03  4.72  4.93  4.42  3.68  3.69  3.67  4.21  4.16  4.86  4.96
STD DEV   1.83  2.07  1.86  2.07  1.97  1.62  1.53  1.56  1.83  1.94  2.27  2.10
SKEW       .25   .40   .29   .48   .54   .66   .35   .63   .49   .65   .57   .35
% NE      6.18  7.01  5.63  4.59  4.90  3.50  3.96  5.61 10.35  6.38  5.28  5.20
MEAN      4.36  4.23  4.20  4.41  3.89  3.27  3.45  3.32  3.88  3.77  3.65  3.93
STD DEV   1.81  1.76  1.75  1.96  1.80  1.43  1.38  1.46  1.70  1.88  1.64  1.62
SKEW       .58   .49   .43   .70   .64   .80   .58   .67   .61   .90   .83   .76
% ENE     3.13  3.74  3.88  2.90  3.31  3.18  2.92  4.39  6.66  3.79  2.80  2.66
MEAN      3.91  3.58  3.96  3.68  3.59  3.78  3.40  3.36  3.68  3.44  3.48  3.42
STD DEV   1.31  1.43  1.41  1.52  1.42  1.50  1.38  1.51  1.53  1.48  1.26  1.21
SKEW       .36   .97   .46   .56   .55   .81   .64   .87   .76   .77   .49   .47
% E       3.49  3.51  4.52  3.34  4.00  4.23  4.35  5.12  6.78  4.47  3.01  3.39
MEAN      3.49  3.59  3.63  3.68  3.47  3.52  3.13  3.29  3.26  3.11  3.09  3.31
STD DEV   1.34  1.39  1.36  1.46  1.49  1.61  1.28  1.44  1.36  1.21  1.20  1.32
SKEW       .56   .71   .44   .44   .90   .93   .78   .91   .82   .70   .62   .67
% ESE     3.34  3.80  4.19  4.32  5.15  4.14  4.20  4.73  4.37  4.34  2.81  3.75
MEAN      3.64  3.86  3.90  3.75  3.44  3.36  3.14  3.24  3.17  3.18  3.44  3.54
STD DEV   1.47  1.54  1.53  1.65  1.52  1.36  1.36  1.50  1.33  1.34  1.40  1.39
SKEW       .58   .65   .60   .66   .70   .78  1.00   .83   .86   .81   .53   .59
% SE      6.98  6.76  7.47  9.51  9.17  8.93  7.86  6.94  6.53  7.84  7.62  9.12
MEAN      3.63  4.13  3.83  3.73  3.65  3.20  3.04  2.95  2.94  3.27  3.88  3.69
STD DEV   1.47  1.75  1.66  1.65  1.63  1.37  1.30  1.29  1.25  1.47  1.80  1.57
SKEW       .64   .63   .76   .78   .72   .92   .94  1.05  1.03  1.04   .86   .82
% SSE     7.76  6.45  6.12  8.91  7.16  6.17  5.40  4.15  3.62  4.38  5.85  6.73
MEAN      4.21  4.28  4.54  4.38  4.14  3.46  3.15  3.11  3.34  3.56  4.09  4.11
STD DEV   1.61  1.72  1.88  1.84  1.67  1.37  1.27  1.36  1.34  1.59  1.73  1.60
SKEW       .55   .41   .57   .62   .53   .51   .88  1.10   .71  1.00   .53   .63
% S      14.30 10.19 10.57 13.95 11.38 10.99  9.64  8.14  5.31  6.20  9.06 10.16
MEAN      4.47  4.40  4.78  4.43  4.06  3.42  3.07  2.97  3.28  3.29  4.12  4.18
STD DEV   1.74  1.90  2.03  1.82  1.74  1.37  1.31  1.19  1.46  1.32  1.76  1.79
SKEW       .60   .66   .50   .44   .63   .78  1.15   .90   .97   .65   .52   .69
% SSW     5.63  6.22  8.17  7.05  6.47  8.95  7.43  4.96  2.36  2.82  4.63  4.35
MEAN      5.07  5.00  5.14  4.59  4.30  3.85  3.33  3.40  3.58  3.79  4.42  4.55
STD DEV   2.00  2.12  1.98  1.80  1.75  1.50  1.25  1.44  1.50  1.60  2.04  2.01
SKEW       .34   .36   .23   .54   .51   .43   .52   .78   .53   .40   .61   .52
% SW      3.94  5.27  4.90  4.56  6.11  9.92 10.82  8.51  3.37  2.94  4.17  5.05
MEAN      4.30  4.35  4.25  4.18  3.69  3.68  3.42  3.31  3.23  3.19  3.73  3.61
STD DEV   2.19  2.23  2.07  1.98  1.55  1.45  1.34  1.37  1.43  1.45  1.72  1.88
SKEW       .73   .94   .76   .69   .67   .44   .55   .60   .86   .75   .68  1.20
% WSW     2.68  3.51  2.78  2.97  2.91  4.26  4.69  3.90  1.08  1.38  2.26  3.02
MEAN      4.53  4.79  4.73  4.67  3.81  3.70  3.56  3.53  3.05  3.30  3.93  4.03
STD DEV   2.03  2.40  2.28  2.16  1.47  1.42  1.30  1.21  1.08  1.34  1.53  1.84
SKEW       .45   .94   .72   .58   .57   .38   .23   .36   .34   .81   .42   .73
% W       3.03  3.73  3.80  3.36  2.31  3.21  3.33  2.92  1.29  2.26  3.78  5.07
MEAN      4.31  4.32  4.86  4.51  3.77  3.57  3.46  3.19  2.74  3.85  3.88  4.32
STD DEV   1.94  2.01  2.22  2.21  1.59  1.34  1.37  1.32   .92  1.87  1.79  1.99
SKEW       .91   .82   .53   .80   .52   .65   .59   .60   .46   .85   .66   .72
% WNW     2.73  3.25  3.91  3.01  2.08  1.73  1.74  1.61  1.03  1.86  3.18  3.63
MEAN      4.73  4.80  5.94  5.37  4.11  3.73  3.54  3.34  3.08  4.11  4.63  5.23
STD DEV   1.97  2.02  2.36  2.22  1.71  1.68  1.58  1.29  1.43  1.88  1.93  2.16
SKEW       .49   .42   .36   .23   .49   .82   .58   .42   .58   .59   .28   .30
% NW      5.62  5.50  6.38  4.35  3.34  2.74  1.96  2.66  2.33  4.36  6.24  5.54
MEAN      4.72  4.90  5.02  4.69  3.97  3.59  2.96  3.17  3.20  3.73  4.30  4.64
STD DEV   1.80  2.06  2.21  2.09  1.81  1.58  1.12  1.37  1.49  1.70  1.94  2.11
SKEW       .31   .42   .53   .54   .48   .82   .60   .96   .86   .81   .66   .44
% NNW     4.44  4.26  4.16  3.22  2.45  1.49  1.48  2.04  2.65  4.24  4.60  3.11
MEAN      5.08  4.94  5.07  4.80  4.51  3.87  3.21  3.32  3.52  4.29  4.57  4.65
STD DEV   1.90  1.89  2.15  2.03  2.04  1.59  1.37  1.35  1.43  1.84  1.75  1.98
SKEW       .19   .23   .63   .42   .65   .31   .70   .35   .46   .62   .40   .33
CALM      8.43  9.61  9.36 13.08 18.76 19.04 22.16 22.15 20.89 23.89 19.61 13.46
 
INTERPOLATED DATA (station & weighting factor)
 
---Wind Stations---
MONROE        LA     .426  EL DORADO     AR     .300  GREENVILLE    MS     .274
---Solar Radiation and Max .5 P Stations---
 AR DUMAS            .337   LA WINNSBORO 4 SW   .332   AR CAMDEN 1         .331 
---Dewpoint Stations---
LA MONROE REGIONAL   .557  AR PINE BLUFF        .269  MS JACKSON INTL AP   .174 
---Time Peak Stations---
AR DUMAS             .334  AR CAMDEN 1          .333  LA WINNSBORO         .333 
