 WICKENBURG AZ                            29287 0
 LATT=  33.97 LONG=-112.73 YEARS= 40. TYPE= 3
 ELEVATION = 2070. TP5 = 1.82 TP6= 2.85
 MEAN P    .33   .37   .31   .21   .18   .12   .30   .35   .35   .25   .36   .28
 S DEV P   .41   .42   .43   .29   .17   .13   .41   .39   .50   .35   .40   .35
 SKEW  P  2.25  1.95  2.40  2.37  1.15  2.19  2.56  1.91  2.47  3.41  1.29  1.98
 P(W/W)    .49   .47   .47   .35   .21   .27   .28   .28   .37   .31   .38   .40
 P(W/D)    .08   .09   .09   .05   .03   .02   .12   .12   .08   .05   .05   .08
 TMAX AV 65.56 68.66 74.38 82.68 91.56101.32104.13102.17 96.77 86.05 73.95 65.43
 TMIN AV 32.92 35.53 39.64 44.22 51.74 59.92 70.13 69.58 62.05 49.61 38.54 32.29
 SD TMAX  7.85  8.08  8.72  8.67  7.74  6.49  5.49  5.65  6.17  8.20  8.20  7.67
 SD TMIN  6.30  6.37  6.02  5.93  6.54  6.95  6.56  6.00  6.96  6.92  6.58  6.28
 SOL.RAD  256.  320.  445.  563.  651.  695.  618.  540.  491.  395.  293.  240.
 SD SOL   30.2  36.7  43.7  40.2  44.9  28.6  32.8  32.2  27.2  23.4  22.1  24.9
 MX .5 P   .34   .36   .33   .28   .45   .46   .83   .91   .67   .47   .38   .33
 DEW PT  30.79 31.20 32.20 31.11 34.69 37.69 54.08 56.88 50.54 38.91 31.34 28.96
Time Pk   .473  .664  .744  .835  .847  .847  .966  .970  .975  .980  .992 1.000
% N      10.66 10.61  8.38  6.62  5.00  4.04  4.00  5.19  7.05  9.33 10.34 10.30
MEAN      2.83  3.05  3.08  2.78  2.75  2.61  3.05  2.96  2.81  2.80  2.98  2.79
STD DEV   1.45  1.66  1.59  1.23  1.19  1.10  1.55  1.56  1.25  1.26  1.67  1.28
SKEW      1.65  1.71  1.56  1.10   .92  1.21  1.33  1.64  1.26  1.10  1.66   .87
% NNE     5.48  5.28  4.13  3.29  2.53  2.31  2.62  3.18  3.70  4.40  5.88  5.49
MEAN      3.40  3.28  3.32  2.92  2.77  2.72  3.42  3.03  2.89  2.97  3.54  3.25
STD DEV   2.16  1.90  1.89  1.49  1.33  1.30  1.99  1.72  1.55  1.54  1.99  1.72
SKEW      1.50  1.31  1.38  1.07  1.25  1.47  1.24  1.59  1.81  1.31  1.21  1.07
% NE      5.07  4.39  3.39  3.54  2.91  2.60  3.26  3.72  4.07  4.58  5.29  5.08
MEAN      2.89  3.06  2.59  2.75  2.81  2.37  2.71  2.87  2.75  2.84  3.19  3.01
STD DEV   1.58  1.77  1.18  1.32  1.50  1.13  1.46  1.52  1.36  1.49  1.82  1.66
SKEW      1.34  1.44  1.01  1.23  1.65  1.74  1.75  1.58  1.45  1.24  1.31  1.36
% ENE     4.14  4.14  2.91  2.70  2.47  2.18  2.57  3.10  3.91  4.00  4.72  4.49
MEAN      3.02  3.41  2.87  2.99  3.07  2.73  3.09  3.08  3.32  3.45  3.56  3.14
STD DEV   1.60  1.95  1.33  1.63  1.61  1.44  1.57  1.59  1.74  1.90  2.08  1.70
SKEW      1.16  1.54  1.19  1.14  1.28  1.48  1.30  1.43  1.23  1.16  1.26  1.15
% E       9.04  8.52  7.24  7.07  6.78  6.29  5.92  7.36  9.14  9.60  9.26  8.54
MEAN      2.82  3.03  2.75  2.71  2.89  2.73  3.18  3.18  3.20  3.18  3.14  2.90
STD DEV   1.38  1.52  1.14  1.23  1.32  1.36  1.48  1.57  1.65  1.76  1.65  1.45
SKEW      1.30  1.11   .75  1.22  1.30  1.68  1.19  1.16  1.06  1.19  1.17  1.20
% ESE     6.97  6.84  6.25  5.40  5.02  4.47  5.21  6.42  7.97  7.45  7.02  7.02
MEAN      2.78  2.98  2.85  3.07  3.24  3.01  3.73  3.58  3.65  3.26  3.02  2.84
STD DEV   1.18  1.36  1.13  1.38  1.53  1.36  1.86  1.82  1.76  1.60  1.43  1.29
SKEW       .77  1.13   .64   .89  1.05  1.15  1.02  1.31   .89  1.07   .93  1.05
% SE      7.64  7.60  7.26  6.22  6.08  6.18  7.05  8.44  8.82  8.46  7.42  7.06
MEAN      2.55  2.73  2.83  2.86  3.08  2.99  3.71  3.41  3.20  3.00  2.72  2.59
STD DEV   1.05  1.15  1.15  1.21  1.39  1.28  2.03  1.79  1.57  1.35  1.21  1.04
SKEW       .76   .90   .70  1.01   .86   .78  1.48  1.39  1.23   .91  1.05   .60
% SSE     5.66  5.23  5.37  5.52  5.05  5.01  4.79  5.70  5.63  5.76  5.56  5.70
MEAN      2.57  2.94  3.12  3.06  3.36  3.46  3.78  3.56  3.44  3.12  2.79  2.55
STD DEV   1.13  1.37  1.38  1.32  1.57  1.59  1.95  1.72  1.54  1.35  1.30  1.05
SKEW      1.12   .93   .80   .73   .91   .90  1.18  1.43   .81   .50   .98   .87
% S       3.69  4.86  5.49  5.08  5.49  5.74  5.74  5.73  4.02  4.12  3.69  3.28
MEAN      2.56  2.72  3.39  3.56  3.40  3.61  3.49  3.27  2.99  2.97  2.66  2.71
STD DEV   1.34  1.30  1.87  1.86  1.70  1.86  1.73  1.69  1.38  1.54  1.46  1.65
SKEW      1.58  1.39  1.20  1.04  1.02  1.08  1.10  1.32   .92  1.12  1.93  1.91
% SSW     2.96  3.69  6.06  7.90  8.37  8.92  7.95  5.90  4.26  3.41  2.93  2.92
MEAN      3.20  3.44  4.04  4.37  4.27  4.37  4.14  3.80  3.67  3.69  3.33  3.28
STD DEV   1.71  1.80  2.02  2.13  2.08  1.99  1.77  1.72  1.79  1.98  1.67  1.79
SKEW      1.12  1.37  1.09   .94   .84   .67   .75   .86   .98  1.14  1.23   .89
% SW      3.26  4.89  7.12  9.88 11.32 11.63 10.67  8.95  6.25  4.27  3.41  3.44
MEAN      3.12  3.50  4.22  4.67  4.54  4.37  3.97  3.89  3.71  3.51  3.21  3.19
STD DEV   1.57  1.76  2.17  2.46  2.21  2.05  1.79  1.73  1.80  1.82  1.70  1.76
SKEW      1.06   .94   .92   .82   .74   .77   .70   .89  1.10  1.24  1.16  1.05
% WSW     3.41  4.62  7.55  9.37 10.04 10.11  8.89  6.68  4.83  3.92  3.07  3.09
MEAN      3.38  4.07  4.83  5.10  5.06  4.75  4.29  3.88  3.99  3.88  3.47  3.73
STD DEV   1.75  2.18  2.51  2.57  2.28  2.05  1.84  1.70  1.98  2.05  1.77  2.13
SKEW       .97   .95   .78   .70   .56   .65   .49   .58   .85   .92   .89  1.00
% W       4.08  5.00  6.40  7.77  8.52  9.06  9.44  6.94  5.38  4.51  4.12  4.09
MEAN      3.35  3.90  4.41  4.44  4.18  3.98  3.77  3.45  3.43  3.22  3.27  3.38
STD DEV   1.93  2.32  2.44  2.48  2.10  1.75  1.67  1.54  1.60  1.64  1.82  2.10
SKEW      1.17  1.12   .95   .92  1.01   .58   .62   .71   .92  1.02  1.21  1.24
% WNW     2.77  3.48  4.00  4.30  4.81  4.80  4.90  3.95  3.25  2.96  2.54  2.88
MEAN      3.21  3.97  4.32  4.05  3.88  3.65  3.49  3.48  3.15  3.31  3.15  3.21
STD DEV   1.85  2.39  2.32  2.07  1.84  1.59  1.45  1.56  1.29  1.75  1.90  1.91
SKEW      1.31  1.06   .79   .87   .89   .53   .55   .89   .27  1.31  1.43  1.44
% NW      2.93  3.16  3.49  3.56  3.66  4.12  4.18  3.81  3.64  3.44  3.09  3.09
MEAN      2.79  3.29  3.36  3.17  3.17  2.95  3.13  3.10  2.80  2.81  2.62  2.77
STD DEV   1.69  1.95  1.83  1.58  1.48  1.26  1.39  1.50  1.23  1.41  1.24  1.47
SKEW      2.02  1.43   .99  1.02   .93   .57   .63  1.12   .73  1.36  1.02  1.33
% NNW     4.94  4.73  4.52  3.90  3.44  3.62  3.37  3.93  3.93  4.34  4.67  4.98
MEAN      2.90  3.05  3.38  2.99  3.10  2.86  3.17  3.14  2.96  2.92  3.13  2.90
STD DEV   1.38  1.38  1.73  1.23  1.41  1.22  1.51  1.45  1.25  1.29  1.64  1.34
SKEW      1.24  1.21  1.31   .49   .80   .95  1.11  1.07   .77   .99  1.27  1.22
CALM     17.29 12.94 10.44  7.90  8.59  8.91  9.42 10.91 14.11 15.49 17.08 18.54
 
INTERPOLATED DATA (station & weighting factor)
 
---Wind Stations---
PHOENIX/LUKE  AZ     .360  PHOENIX/SKY   AZ     .360  GILA BEND     AZ     .280
---Solar Radiation and Max .5 P Stations---
 AZ ASH FORK 3       .461   AZ AJO              .360   UT ST GEORGE        .178 
---Dewpoint Stations---
AZ PHOENIX LUKE AFB  .627  CA BLYTHE AP         .202  AZ WINSLOW MUNI AP   .171 
---Time Peak Stations---
AZ ASH FORK 3        .465  AZ AJO               .358  UT ST GEORGE         .178 
