 CASTLE HOT SPRINGS HOTE                  21353 0
 LATT=  33.98 LONG=-112.37 YEARS= 40. TYPE= 3
 ELEVATION = 1970. TP5 = 1.90 TP6= 2.90
 MEAN P    .54   .56   .47   .37   .21   .19   .37   .42   .41   .40   .57   .51
 S DEV P   .62   .63   .54   .39   .26   .19   .42   .58   .38   .44   .52   .55
 SKEW  P  2.06  1.76  2.28  2.00  2.89  1.03  1.97  3.46  1.34  2.61  1.33  1.55
 P(W/W)    .42   .44   .44   .29   .28   .12   .25   .32   .19   .27   .35   .39
 P(W/D)    .07   .08   .08   .04   .03   .01   .09   .10   .07   .05   .04   .06
 TMAX AV 66.08 68.46 73.08 80.87 89.76 99.66102.25100.74 95.83 85.70 74.44 65.73
 TMIN AV 41.03 43.08 46.71 51.81 59.50 68.55 75.22 74.29 69.18 58.67 47.95 40.94
 SD TMAX  7.84  8.21  8.55  8.25  7.69  6.47  5.04  5.08  5.88  7.87  8.56  8.01
 SD TMIN  5.83  6.02  6.25  6.54  6.50  6.32  4.95  4.84  5.63  6.44  6.80  5.90
 SOL.RAD  258.  322.  441.  561.  643.  682.  591.  510.  478.  397.  295.  241.
 SD SOL   33.5  40.0  46.5  48.1  58.0  37.5  36.8  33.3  33.9  23.4  24.2  26.9
 MX .5 P   .34   .34   .32   .31   .49   .45   .93   .93   .67   .45   .36   .32
 DEW PT  30.91 31.22 32.22 31.06 34.54 37.54 54.08 56.93 50.57 38.90 31.42 29.09
Time Pk   .458  .649  .727  .824  .835  .835  .968  .972  .976  .979  .990 1.000
% N       9.43  9.59  7.86  6.08  4.64  3.99  3.82  5.05  6.47  8.26  9.11  9.13
MEAN      2.79  2.94  2.99  2.77  2.79  2.79  3.26  3.16  2.99  2.76  2.74  2.62
STD DEV   1.47  1.67  1.59  1.22  1.19  1.29  1.76  1.81  1.43  1.38  1.52  1.27
SKEW      1.64  1.91  1.61  1.05   .83  1.30  1.48  1.93  1.42  1.40  1.69  1.03
% NNE     3.42  3.09  2.68  2.41  1.87  1.73  1.92  2.23  2.42  2.79  3.28  2.92
MEAN      3.27  3.11  3.16  2.83  2.81  2.79  3.54  3.13  2.96  2.81  3.38  3.00
STD DEV   2.23  1.98  1.84  1.48  1.47  1.44  2.07  1.73  1.75  1.54  2.03  1.64
SKEW      1.44  1.50  1.33  1.17  1.46  1.72  1.25  1.47  1.80  1.44  1.26  1.15
% NE      4.08  3.55  2.99  3.07  2.65  2.39  2.93  3.29  3.17  3.51  3.90  4.03
MEAN      2.99  2.97  2.58  2.90  2.63  2.61  2.91  2.89  2.76  2.75  3.13  2.93
STD DEV   1.86  1.74  1.22  1.52  1.35  1.21  1.54  1.54  1.43  1.45  1.82  1.62
SKEW      1.53  1.40  1.11  1.47  1.67  1.11  1.63  1.79  1.61  1.47  1.34  1.24
% ENE     3.37  2.99  2.42  2.25  2.30  2.12  2.13  2.52  2.97  2.93  3.47  3.35
MEAN      2.82  3.03  2.81  2.84  3.01  2.67  3.17  3.12  3.00  3.06  3.30  2.84
STD DEV   1.41  1.72  1.34  1.31  1.48  1.17  1.62  1.69  1.53  1.56  1.91  1.42
SKEW      1.11  1.62  1.19   .87  1.16  1.11  1.44  1.64  1.33  1.25  1.43  1.00
% E      10.23  9.66  8.43  8.06  7.86  7.22  6.76  8.18 10.37 11.09 10.73  9.91
MEAN      2.79  3.07  2.88  2.99  3.17  2.98  3.31  3.25  3.20  3.08  3.00  2.82
STD DEV   1.36  1.69  1.28  1.34  1.45  1.27  1.60  1.51  1.58  1.50  1.48  1.35
SKEW      1.25  1.36   .97   .86   .88   .72  1.23  1.07  1.28  1.26  1.22  1.22
% ESE     8.02  7.79  7.24  6.19  6.05  5.66  5.89  6.56  8.05  8.63  7.96  7.93
MEAN      2.76  2.96  2.95  3.15  3.40  3.24  3.75  3.58  3.62  3.26  2.87  2.76
STD DEV   1.23  1.35  1.16  1.38  1.51  1.33  1.75  1.67  1.64  1.47  1.28  1.24
SKEW      1.00  1.14   .65   .77   .83   .54  1.05  1.09  1.00   .97  1.14  1.15
% SE      7.16  7.48  8.25  8.03  7.46  7.11  8.15  9.29  9.75  8.37  6.73  6.27
MEAN      2.54  2.73  2.93  2.95  3.21  3.20  3.83  3.51  3.35  3.05  2.72  2.63
STD DEV   1.14  1.24  1.29  1.28  1.43  1.35  1.98  1.77  1.64  1.43  1.30  1.16
SKEW      1.00  1.11   .92  1.03   .88   .82  1.39  1.31  1.11   .97  1.35   .82
% SSE     2.08  2.57  2.86  2.81  2.81  3.05  3.50  4.43  4.07  2.53  2.25  2.16
MEAN      2.37  2.76  3.01  2.97  3.28  3.39  3.76  3.50  3.45  2.98  2.63  2.50
STD DEV   1.14  1.40  1.42  1.40  1.53  1.59  1.83  1.65  1.55  1.38  1.33  1.18
SKEW      1.21  1.06   .94   .91   .77   .75  1.07  1.35   .67   .70  1.25  1.14
% S       3.24  4.49  5.42  5.33  5.42  5.54  5.83  5.56  4.31  3.77  3.45  3.10
MEAN      2.54  2.86  3.29  3.57  3.48  3.61  3.54  3.42  3.10  2.97  2.80  2.79
STD DEV   1.40  1.59  1.87  1.88  1.73  1.93  1.76  1.94  1.46  1.56  1.64  1.70
SKEW      1.56  1.57  1.41  1.00   .89  1.15  1.18  1.65   .90  1.05  1.56  1.74
% SSW     2.05  3.22  4.44  6.08  6.84  7.03  6.35  4.81  3.39  2.79  2.42  2.39
MEAN      2.91  3.28  3.75  4.18  4.06  4.20  3.88  3.66  3.59  3.49  3.11  2.96
STD DEV   1.59  1.78  1.93  2.11  2.01  2.04  1.73  1.68  1.73  1.86  1.56  1.57
SKEW      1.32  1.53  1.14   .98  1.01   .84   .89  1.04  1.19  1.17  1.24   .98
% SW      3.00  3.95  6.17  8.77 10.15  9.74  8.36  7.18  5.07  3.89  3.20  3.00
MEAN      2.87  3.36  3.94  4.51  4.26  4.16  3.71  3.61  3.48  3.31  3.01  2.97
STD DEV   1.52  1.82  1.99  2.43  2.03  2.01  1.75  1.62  1.67  1.74  1.57  1.61
SKEW      1.19  1.17   .98   .94   .80   .90  1.02  1.03  1.20  1.27  1.16  1.01
% WSW     2.76  3.47  4.90  6.54  7.23  6.86  5.84  4.19  3.32  2.92  2.43  2.33
MEAN      2.94  3.71  4.37  4.71  4.59  4.38  3.96  3.65  3.71  3.51  3.09  3.23
STD DEV   1.61  2.04  2.33  2.44  2.11  1.92  1.70  1.63  1.75  1.86  1.57  1.76
SKEW      1.40  1.08   .93   .79   .68   .78   .63   .68   .81   .99  1.03   .95
% W       4.30  5.46  6.80  8.32  8.90  9.33  9.94  7.67  5.67  5.09  4.52  4.29
MEAN      3.19  3.79  4.24  4.21  4.03  3.87  3.69  3.45  3.31  3.18  3.08  3.14
STD DEV   1.75  2.32  2.30  2.23  1.89  1.70  1.61  1.53  1.43  1.65  1.67  1.83
SKEW      1.14  1.36  1.00   .96   .93   .69   .67   .69   .82  1.32  1.14  1.19
% WNW     2.73  3.17  3.90  4.47  4.69  5.24  5.71  4.41  3.15  2.76  2.46  2.64
MEAN      3.04  3.76  4.13  3.98  3.71  3.56  3.53  3.51  3.15  3.20  3.00  3.04
STD DEV   1.80  2.29  2.22  2.03  1.71  1.52  1.44  1.54  1.26  1.69  1.77  1.76
SKEW      1.45  1.20   .88   .92   .87   .58   .58   .89   .36  1.40  1.64  1.36
% NW      3.08  3.42  4.19  4.46  4.61  5.44  5.82  5.13  4.38  3.36  3.22  3.13
MEAN      2.82  3.16  3.28  3.28  3.23  3.16  3.32  3.27  2.96  2.81  2.60  2.74
STD DEV   1.72  1.79  1.79  1.56  1.37  1.32  1.45  1.59  1.27  1.46  1.27  1.53
SKEW      1.98  1.33  1.42  1.01   .75   .64   .62  1.08   .73  1.59  1.30  1.51
% NNW     3.45  3.60  3.64  3.21  2.72  3.13  2.86  2.91  3.06  3.23  3.70  3.73
MEAN      2.80  2.90  3.24  2.95  3.04  2.94  3.20  3.22  2.92  2.81  2.89  2.78
STD DEV   1.32  1.37  1.59  1.19  1.34  1.25  1.51  1.46  1.16  1.26  1.45  1.31
SKEW      1.16  1.28  1.18   .54   .68   .94  1.19  1.06   .46   .96  1.10  1.10
CALM     27.61 22.49 17.77 13.89 13.88 14.45 14.15 16.59 20.38 24.09 27.22 29.66
 
INTERPOLATED DATA (station & weighting factor)
 
---Wind Stations---
PHOENIX/LUKE  AZ     .363  PHOENIX/SKY   AZ     .363  CHANDLER      AZ     .274
---Solar Radiation and Max .5 P Stations---
 AZ ASH FORK 3       .437   AZ AJO              .320   AZ PETRIFIED FORES  .242 
---Dewpoint Stations---
AZ PHOENIX LUKE AFB  .670  AZ WINSLOW MUNI AP   .177  CA BLYTHE AP         .153 
---Time Peak Stations---
AZ ASH FORK 3        .441  AZ AJO               .318  AZ PETRIFIED FOREST  .241 
