 DOUGLAS B D AP AZ                        22664 0
 LATT=  31.45 LONG=-109.60 YEARS= 40. TYPE= 3
 ELEVATION = 4100. TP5 = 1.97 TP6= 3.25
 MEAN P    .15   .15   .14   .12   .15   .18   .22   .24   .24   .24   .22   .22
 S DEV P   .21   .17   .16   .21   .24   .31   .30   .31   .36   .36   .28   .27
 SKEW  P  2.52  2.13  1.66  4.05  4.77  3.48  2.54  2.39  2.79  3.03  4.25  2.34
 P(W/W)    .46   .40   .33   .26   .35   .37   .59   .51   .48   .42   .43   .45
 P(W/D)    .10   .10   .08   .04   .04   .07   .32   .31   .13   .08   .06   .08
 TMAX AV 61.98 65.77 71.55 78.95 87.05 95.77 93.57 91.43 88.65 80.75 70.16 62.02
 TMIN AV 29.66 32.35 36.94 43.04 51.31 60.56 65.79 64.59 59.33 47.38 35.91 29.41
 SD TMAX  7.92  8.29  8.43  7.89  6.56  5.49  5.89  5.04  5.62  7.34  8.37  8.02
 SD TMIN  7.71  7.40  6.86  7.09  6.14  5.98  3.30  3.39  5.13  7.29  7.61  7.80
 SOL.RAD  285.  341.  466.  589.  641.  659.  556.  506.  482.  414.  319.  260.
 SD SOL   39.7  40.2  42.9  44.0  57.6  42.7  35.3  31.5  31.7  28.6  25.5  32.4
 MX .5 P   .27   .28   .25   .25   .45   .67  1.17   .89   .70   .48   .29   .33
 DEW PT  26.30 26.30 25.30 24.98 28.65 35.33 54.33 57.33 50.33 37.65 28.98 26.98
Time Pk   .437  .632  .735  .832  .832  .842  .970  .970  .980  .988  .990 1.000
% N       8.50 10.00  8.00  6.90  6.00  5.80  6.10  7.30  7.70  8.60  7.90  8.70
MEAN      2.58  2.82  3.33  3.08  2.83  2.92  3.25  2.72  2.76  2.50  2.77  2.83
STD DEV   1.25  1.33  1.52  1.36  1.14  1.32  1.58  1.31  1.38  1.05  1.59  1.61
SKEW       .69   .92   .64   .50   .65   .95  1.08  1.07  1.36   .46  1.60  1.34
% NNE     4.50  5.80  4.60  3.40  3.20  3.30  3.70  4.90  5.50  4.10  5.10  5.30
MEAN      2.17  2.70  2.81  2.52  2.42  2.58  3.23  2.66  2.46  2.23  2.45  2.54
STD DEV    .89  1.20  1.32  1.00  1.03  1.19  1.82  1.50  1.11   .93  1.16  1.13
SKEW       .99  1.32  1.14   .87   .94  1.04   .92  1.65  1.15   .77  1.00   .93
% NE      6.00  6.20  5.40  6.50  5.50  4.60  6.70  7.20  8.30  6.80  7.80  8.10
MEAN      2.14  2.06  2.14  2.52  2.10  2.21  2.65  2.47  2.64  2.35  2.32  2.39
STD DEV    .91   .72   .91  1.36   .90  1.03  1.51  1.26  1.53  1.03  1.31  1.29
SKEW      1.14   .68  1.17  2.27  1.97  1.62  1.56  1.42  2.04   .95  1.86  2.15
% ENE     4.00  3.70  2.60  3.00  2.90  2.40  3.80  4.20  5.30  4.40  4.80  3.70
MEAN      3.31  3.33  2.70  3.02  2.21  2.21  3.11  2.79  3.42  2.98  3.60  2.67
STD DEV   2.88  2.71  1.66  2.21   .91   .88  2.06  1.80  2.09  1.54  2.30  1.83
SKEW      1.86  1.82  2.49  2.21  1.28  1.46  1.27  1.90  1.53   .73  1.29  2.00
% E       7.00  8.40  5.30  5.90  6.40  5.60  8.50  7.70 10.40 10.30  9.50 10.10
MEAN      2.39  3.26  2.49  2.79  2.78  2.42  2.92  2.70  3.11  3.18  3.37  3.51
STD DEV   1.45  2.10  1.43  1.68  1.79  1.47  1.88  1.58  1.70  1.88  2.37  2.55
SKEW      1.69  1.15  1.78  1.40  1.37  2.45  1.42  1.70  1.21   .96  1.09  1.22
% ESE     3.30  3.40  2.80  2.40  3.20  2.30  4.00  4.00  4.20  5.40  5.00  3.70
MEAN      2.53  3.37  2.61  2.51  2.64  2.37  2.83  2.61  3.34  3.92  3.71  2.80
STD DEV   1.48  2.03  1.36  1.14  1.42  1.25  1.65  1.33  1.97  2.09  2.28  1.65
SKEW      2.55   .70   .86  1.54  1.39  2.31  1.47  1.53  1.10   .45   .72  1.38
% SE      9.00  7.10  6.50  7.40  7.10  7.50 11.20 10.40  8.70  6.60  6.80  8.10
MEAN      3.04  3.05  3.08  2.96  2.95  2.85  3.02  2.78  2.73  2.43  2.25  2.71
STD DEV   1.93  1.84  1.70  1.68  1.74  1.58  1.64  1.52  1.33  1.25  1.19  1.54
SKEW      1.22  1.44  1.15  1.36  1.21  1.16  1.17  1.68   .94  1.37  1.44  1.24
% SSE     6.50  4.50  5.10  5.10  4.90  4.70  6.50  5.80  4.40  4.40  4.20  4.80
MEAN      4.28  3.44  3.58  4.63  3.80  3.60  3.49  3.09  3.28  3.12  2.68  3.58
STD DEV   2.77  2.21  2.18  2.78  2.29  1.92  2.16  1.71  1.71  1.97  1.53  2.14
SKEW       .96  1.10   .90   .66  1.14   .78  1.18   .98   .76  1.23  1.00   .91
% S       7.80  6.60  7.80  7.40  9.10  9.10  7.50  8.70  6.60  7.70  6.30  6.00
MEAN      3.99  4.16  4.73  4.78  4.52  3.78  3.41  3.34  3.17  3.87  3.22  3.58
STD DEV   2.94  2.76  2.82  3.26  2.82  2.18  2.18  2.01  1.76  2.88  2.48  2.87
SKEW      1.23   .88   .85  1.13  1.07   .88  1.48  1.21  1.13  1.36  1.33  1.73
% SSW     2.70  2.60  4.20  4.50  4.50  4.80  2.90  2.30  2.50  3.20  3.20  2.20
MEAN      4.38  5.25  5.97  5.13  4.68  5.02  3.29  2.76  3.10  3.98  3.98  3.89
STD DEV   3.04  3.74  3.47  3.02  2.62  2.55  2.05  1.41  1.82  2.69  3.12  3.84
SKEW       .98   .56   .38   .48   .48   .29  1.23   .79  1.14   .95  1.65  2.29
% SW      6.60  6.30  8.80  9.10 10.30  9.30  4.80  4.90  4.60  5.20  5.20  5.80
MEAN      4.99  4.75  6.14  5.69  5.56  5.06  3.13  2.90  3.48  3.43  3.88  4.47
STD DEV   3.45  3.48  3.75  2.96  3.19  2.69  1.89  1.65  2.07  2.74  2.91  3.45
SKEW       .72   .97   .53   .38   .54   .50  1.59  1.56  1.02  1.88  1.07  1.01
% WSW     4.10  4.50  8.60  8.70 10.40  8.60  3.40  2.70  3.00  4.10  3.50  3.30
MEAN      4.82  5.51  6.71  6.19  5.70  5.74  3.39  3.10  3.48  5.07  4.18  6.08
STD DEV   2.56  3.23  3.34  2.95  2.85  2.78  2.08  1.36  1.92  3.91  2.60  4.55
SKEW       .25   .32   .09   .17   .34   .19  1.31   .54   .61  1.38   .79   .78
% W       4.60  6.40  9.30  9.60  9.20  9.50  6.70  6.20  5.40  5.70  5.00  5.00
MEAN      3.50  4.07  5.34  5.18  5.19  4.44  3.43  2.77  2.79  3.53  3.00  3.00
STD DEV   2.65  2.81  3.18  3.04  2.87  2.47  2.02  1.54  1.54  2.17  2.29  2.43
SKEW       .98   .93   .71   .72   .47   .71  1.04  1.26  1.33   .87  1.82  1.78
% WNW     3.10  3.70  3.20  3.60  2.90  3.40  4.50  4.00  2.60  2.50  3.00  2.60
MEAN      3.35  3.07  4.38  4.03  3.67  3.30  3.62  3.35  2.70  2.61  3.28  2.94
STD DEV   2.48  1.96  2.49  2.40  2.12  1.79  1.95  1.89  1.34  1.35  2.01  1.95
SKEW      1.21  1.20   .64   .85   .89  1.10  1.04  1.17   .92   .91  1.26  1.51
% NW      6.90  8.30  6.80  6.30  5.80  7.50  9.20  7.80  6.40  6.50  6.20  9.10
MEAN      2.78  3.50  3.98  3.90  3.25  3.09  3.45  3.18  2.74  2.52  3.00  3.19
STD DEV   1.74  1.95  2.24  2.21  1.72  1.54  1.84  1.71  1.41  1.38  2.15  2.09
SKEW      1.15  1.01   .67   .78   .83   .76   .96   .94  1.03  1.14  1.83  1.45
% NNW     4.10  4.90  4.80  3.80  3.50  3.90  4.70  5.10  4.00  3.70  4.10  5.00
MEAN      3.19  3.31  4.23  3.98  3.31  3.30  3.62  3.48  2.98  2.80  3.08  3.59
STD DEV   1.56  1.64  2.01  1.96  1.51  1.36  1.81  1.76  1.53  1.33  1.67  2.19
SKEW       .42   .68   .55   .71   .53   .42   .89  1.07   .81   .49   .94  1.55
CALM     11.30  7.50  6.10  6.30  5.10  7.60  5.80  6.80 10.50 10.80 12.20  8.50
 
INTERPOLATED DATA (station & weighting factor)
 
---Wind Stations---
DOUGLAS       AZ    1.000  TUCSON/DAVIS  AZ     .000  SILVER CITY   NM     .000
---Solar Radiation and Max .5 P Stations---
 AZ COCHISE 4 SSE    .756   AZ BLACK RIVER PUM  .244                            
---Dewpoint Stations---
AZ FORT HUACHUCA     .675  AZ TUCSON INTL AP    .325                            
---Time Peak Stations---
AZ COCHISE 4 SSE     .758  AZ BLACK RIVER PUMP  .242                            
