 IDYLLWILD RS CA                          44211 0
 LATT=  33.75 LONG=-116.72 YEARS= 40. TYPE= 1
 ELEVATION = 5400. TP5 = 1.49 TP6= 5.50
 MEAN P    .74   .74   .61   .40   .31   .24   .32   .30   .41   .44   .58   .58
 S DEV P   .79   .80   .79   .43   .42   .30   .39   .35   .52   .49   .77   .68
 SKEW  P  1.65  1.85  3.50  2.08  2.83  1.71  1.82  1.67  2.10  2.00  3.50  2.02
 P(W/W)    .55   .61   .57   .47   .35   .29   .36   .41   .35   .38   .40   .49
 P(W/D)    .12   .13   .12   .09   .04   .01   .05   .06   .06   .06   .09   .11
 TMAX AV 54.06 54.30 57.30 62.88 70.81 79.52 84.65 84.27 79.71 70.68 61.13 54.83
 TMIN AV 29.34 29.12 30.74 33.95 39.96 46.41 53.40 53.41 48.74 40.67 33.08 29.25
 SD TMAX  9.45  9.94 10.06 10.39  9.50  7.55  5.82  5.21  7.26  9.06  9.50  9.59
 SD TMIN  6.38  6.42  6.43  6.35  7.08  6.53  6.06  6.41  6.70  6.83  6.37  6.36
 SOL.RAD  246.  294.  402.  506.  550.  602.  602.  573.  473.  365.  283.  237.
 SD SOL   29.7  35.3  47.2  44.3  70.5  61.6  59.8  37.4  29.5  34.8  23.2  22.1
 MX .5 P   .71   .64   .55   .40   .32   .36   .76   .73   .53   .49   .48   .51
 DEW PT  35.43 38.19 41.09 42.72 47.83 51.57 56.64 56.62 54.25 46.79 38.79 34.04
Time Pk   .622  .733  .783  .838  .848  .871  .921  .940  .960  .974  .984 1.000
% N       2.44  2.87  1.88  1.94  1.24  1.02  1.30  1.04  1.28  1.68  2.83  3.27
MEAN      2.83  3.14  2.67  2.64  2.54  1.32  1.30  2.14  2.49  3.02  3.02  3.05
STD DEV   1.64  2.16  1.50  1.44   .82   .45   .66   .56   .68  1.09  1.80  1.81
SKEW       .46  1.46   .78  1.07   .48   .22   .37  1.00   .47   .60  1.55   .73
% NNE     2.41  1.75  1.26  1.30   .72   .39   .34   .30   .82  1.23  1.96  2.62
MEAN      2.71  2.63  3.23  2.50  2.65  1.05  1.05  1.22  2.18  2.49  2.54  2.79
STD DEV   1.34  1.40  2.17  1.23   .49   .47   .24   .93   .53   .97  1.13  1.44
SKEW       .96   .85  1.08   .85   .35   .46   .10   .52   .26   .60   .27   .44
% NE      2.86  1.96  1.33   .93   .97  1.07  1.54   .87  1.68  1.58  2.62  2.80
MEAN      2.86  2.81  2.52  2.22  2.41  1.21  1.70  1.78  2.19  2.53  2.92  2.79
STD DEV   1.63  1.67  1.31   .89  1.64   .50   .46   .59   .86  1.29  1.67  1.39
SKEW      1.01  1.35   .84   .08  1.39   .64   .29   .71   .31  1.36  1.17   .32
% ENE     2.25  1.28   .98   .44   .43   .42   .66   .81  1.33  1.42  2.18  2.24
MEAN      3.29  2.83  3.34  2.15  1.86  1.98  1.78  2.05  3.41  3.07  2.84  3.16
STD DEV   1.44  1.38  1.64   .60   .41   .38   .65   .83  1.67  1.04  1.34  1.47
SKEW       .26   .35   .52   .49   .19   .45   .05   .71   .41   .84   .36   .44
% E       2.63  1.98  1.61   .91   .61   .71   .49   .64  1.71  1.98  2.01  1.74
MEAN      2.81  3.05  2.36  2.71  1.45  2.03  1.46  2.22  3.00  2.87  3.12  2.50
STD DEV   1.40  1.53  1.36  1.03   .79   .56   .17   .62  1.86  1.10  1.70  1.26
SKEW       .53   .76   .81   .80   .29   .48  -.02   .47   .85   .58  1.11   .56
% ESE     1.57  1.48  2.16  1.78   .42  1.50  2.68  2.29  3.00  1.84   .99  1.80
MEAN      2.64  2.84  3.39  3.26  2.94  2.91  3.15  3.01  3.66  3.22  3.06  2.73
STD DEV   1.32  1.39  1.54  1.21   .33  1.22  1.14  1.31  2.03  1.73  1.43  1.44
SKEW       .74   .37   .27   .32   .23   .29   .24   .63   .71   .42   .80   .75
% SE      4.41  6.35  6.31  5.47  5.29  6.03  5.28  5.95  7.16  5.11  4.14  3.28
MEAN      3.00  3.00  2.89  3.09  3.12  3.35  3.38  3.70  3.43  2.95  3.22  2.75
STD DEV   1.69  1.53  1.34  1.14  1.36  1.39  1.37  1.50  1.55  1.29  1.60  1.16
SKEW       .86   .83   .80   .23   .52   .22   .10   .24   .74   .73   .26   .67
% SSE     2.89  3.31  2.57  2.34  2.56  4.51  5.22  3.52  3.56  2.08  3.06  3.10
MEAN      3.18  2.98  3.04  3.33  3.80  3.77  3.60  3.51  3.42  3.09  2.96  2.68
STD DEV   1.63  1.42  1.47  1.48  1.27  1.53  1.41  1.36  1.38  1.11  1.49  1.29
SKEW      1.10   .53   .60   .00   .10  -.02   .31   .27   .46   .29   .68   .60
% S       4.56  4.88  4.91  5.14  6.09  6.64  6.05  5.25  5.39  3.04  5.34  5.01
MEAN      2.66  2.84  2.69  3.26  3.18  3.07  3.28  3.15  3.15  2.81  2.92  2.68
STD DEV   1.43  1.56  1.25  1.54  1.33  1.27  1.36  1.31  1.51  1.52  1.32  1.44
SKEW       .84  1.18   .83   .68   .30   .82   .08   .46   .65   .73   .54  1.35
% SSW     2.48  2.72  3.80  4.10  5.09  6.41  7.87  5.79  4.01  3.41  3.08  3.30
MEAN      2.62  2.62  3.22  3.35  3.24  3.09  3.21  2.81  2.93  2.64  2.71  2.50
STD DEV   1.25  1.21  1.23  1.60  1.49  1.36  1.30  1.04  1.29  1.07  1.11   .89
SKEW       .48   .87   .63   .51   .41   .32  -.04   .04   .75   .40   .31   .30
% SW      2.39  2.87  3.40  4.60  5.72  6.71  6.40  5.92  4.72  3.45  4.09  2.30
MEAN      2.37  2.49  2.64  3.13  2.98  2.67  2.66  2.78  2.66  2.68  2.38  2.45
STD DEV   1.08   .90  1.17  1.49  1.33  1.09  1.06  1.13  1.05  1.08  1.04  1.59
SKEW       .66   .10   .83  1.15   .82   .44   .42   .24   .00   .23   .97  1.62
% WSW     2.45  2.69  3.72  3.80  3.59  3.34  3.04  4.32  4.42  4.04  3.12  2.73
MEAN      2.06  2.48  3.50  3.58  3.25  2.50  2.10  2.55  2.49  3.42  2.44  2.74
STD DEV    .88   .96  1.85  1.73  1.52   .89   .71   .91   .96  2.30   .84  1.57
SKEW       .81   .19   .35   .68   .69   .16   .08  -.26   .14   .82  -.26  1.12
% W       4.25  5.67  5.10  6.23  4.59  3.65  3.31  4.14  4.17  5.70  3.94  3.42
MEAN      2.84  2.96  3.30  3.48  3.37  3.82  3.12  3.21  3.16  2.77  2.70  2.85
STD DEV   1.48  1.59  1.72  1.74  1.74  2.34   .95  1.57  1.38  1.41  1.36  1.60
SKEW       .90   .88  1.21  1.23   .88   .48   .14   .61   .95   .51  1.55  1.17
% WNW     9.07  9.22 10.68 10.28  6.46  4.10  4.46  6.73  6.73  6.17  3.23  4.98
MEAN      3.27  3.44  4.55  4.91  3.76  2.13  2.31  3.85  3.63  3.34  3.03  3.07
STD DEV   1.77  1.68  2.09  1.70  1.91   .59  1.37  2.16  2.04  1.82  1.54  1.56
SKEW       .71   .65   .59   .39   .35   .06   .21   .63   .55  1.18   .84  1.40
% NW     12.47 13.55 16.68 22.19 29.17 32.19 27.76 27.79 21.34 16.03 16.63 13.39
MEAN      3.57  2.84  3.63  4.67  4.31  3.82  3.74  4.17  3.02  3.59  3.19  2.91
STD DEV   1.64  1.56  1.92  1.82  1.96  1.76  1.84  1.72  1.35  1.89  1.95  1.61
SKEW      1.14  1.55   .81   .37   .22   .31   .36   .16   .68   .74  1.39  1.29
% NNW     9.93  8.86  9.16  7.88  9.48  2.86  2.75  2.44  4.25 11.76 14.18 13.98
MEAN      3.62  3.53  3.35  3.54  3.98  2.58  1.53  2.61  2.73  3.16  3.56  3.06
STD DEV   1.62  2.44  1.94  2.09  2.05   .58   .61   .78  1.23  1.62  1.98  1.85
SKEW      1.07  1.27   .76   .76   .43   .17   .14   .16   .65  1.63  1.23  1.93
CALM     30.88 28.53 24.32 20.72 17.60 18.48 20.77 22.27 24.38 29.56 26.59 30.03
 
INTERPOLATED DATA (station & weighting factor)
 
---Wind Stations---
INDIO         CA     .449  RIVERSIDE/MAR.CA     .314  CAMP PENDLETONCA     .238
---Solar Radiation and Max .5 P Stations---
 CA CAMP ANGELUS     .627   CA CUYAMACA         .373                            
---Dewpoint Stations---
CA MARCH AFB         .383  CA DESERT RESORTS R  .362  CA CAMP PENDLETON M  .255 
---Time Peak Stations---
CA CAMP ANGELUS      .555  CA RUNNING SPRINGS   .445                            
