 WOODLAND CA                              49781 0
 LATT=  38.68 LONG=-121.77 YEARS= 40. TYPE= 1
 ELEVATION =   60. TP5 = 1.01 TP6= 4.08
 MEAN P    .38   .43   .34   .25   .19   .23   .18   .13   .30   .31   .37   .37
 S DEV P   .49   .48   .39   .33   .26   .25   .21   .22   .49   .41   .42   .50
 SKEW  P  2.22  2.22  1.74  3.16  3.92  3.20  1.59  3.56  3.80  2.56  1.99  2.84
 P(W/W)    .62   .61   .58   .45   .39   .24   .33   .26   .28   .44   .43   .56
 P(W/D)    .18   .18   .16   .11   .06   .02   .00   .01   .03   .06   .14   .17
 TMAX AV 54.63 60.51 66.38 73.30 82.15 90.15 95.18 94.04 90.19 79.21 64.32 55.12
 TMIN AV 38.64 41.70 45.03 47.81 53.25 57.80 59.38 58.24 57.11 51.41 43.67 38.15
 SD TMAX  6.30  5.90  7.43  8.84  9.25  8.27  6.61  6.56  7.52  8.69  7.71  6.43
 SD TMIN  6.02  5.61  5.20  5.47  5.59  5.52  5.10  4.22  4.50  5.12  6.00  6.56
 SOL.RAD  150.  218.  353.  463.  553.  642.  651.  578.  469.  331.  203.  145.
 SD SOL   31.1  39.9  52.5  57.1  73.8  45.7  20.3  25.8  18.1  27.0  21.4  29.0
 MX .5 P   .49   .53   .50   .40   .37   .37   .38   .31   .48   .49   .52   .53
 DEW PT  40.55 42.55 44.40 44.47 47.47 50.85 54.47 54.40 51.40 46.85 43.23 39.31
Time Pk   .676  .800  .845  .881  .891  .903  .935  .948  .961  .978  .988 1.000
% N       7.69  7.46  6.54  5.26  3.21  2.24   .62   .90  3.80  6.27  7.22  7.66
MEAN      4.29  4.89  5.05  4.72  4.60  4.43  3.11  3.20  4.57  4.70  3.97  3.98
STD DEV   2.75  2.89  2.90  2.57  2.29  2.32  1.44  1.36  2.76  2.85  2.37  2.34
SKEW      1.30   .83  1.11   .92   .62  1.32   .54   .39  1.17   .94  1.25  1.30
% NNE     3.24  3.01  2.15  1.41   .88   .63   .21   .35  1.11  2.36  3.45  3.93
MEAN      3.01  3.60  3.60  3.26  3.30  3.84  2.72  2.95  3.13  3.62  3.13  3.12
STD DEV   1.67  2.21  1.95  1.77  1.49  2.08   .63  1.30  1.48  2.00  1.66  1.50
SKEW      1.87  1.42  1.02  1.22   .55   .67   .20   .62   .95   .95  1.57  1.13
% NE      2.45  2.01  1.16   .92   .51   .28   .16   .22   .61  1.44  2.45  3.19
MEAN      2.50  2.70  2.81  2.68  2.83  3.36  2.66  2.32  2.67  2.57  2.59  2.70
STD DEV   1.00  1.24  1.27  1.28  1.23  1.62   .66   .86  1.14  1.18  1.04  1.16
SKEW       .70  1.23   .78  1.79   .32   .59  -.04  -.05  1.00  1.14  1.01   .81
% ENE     1.47  1.33   .73   .59   .29   .13   .08   .11   .34   .78  1.39  1.84
MEAN      2.45  2.49  2.64  2.49  2.36  2.39  1.17  2.33  2.48  2.26  2.39  2.68
STD DEV    .99   .99  1.44   .86   .72   .75   .34   .22   .88   .86   .90  1.21
SKEW       .58   .67  1.36   .45  -.15   .73   .13  -.17   .45   .47   .72   .88
% E       2.81  3.28  1.86  1.28   .80   .44   .31   .50  1.05  1.93  2.72  3.21
MEAN      2.50  2.52  2.48  2.28  2.60  1.86  1.74  2.68  2.25  2.34  2.41  2.50
STD DEV   1.00   .98   .99   .86  1.11   .71   .32   .86   .82   .89   .91   .99
SKEW       .62   .66   .49   .47   .65   .26 -1.04   .34   .48   .55   .55   .68
% ESE     3.52  3.89  3.60  3.36  2.46  1.76  1.75  2.42  3.06  3.74  3.94  3.55
MEAN      2.83  2.84  2.88  2.90  2.60  2.17  2.12  2.26  2.45  2.50  2.64  2.85
STD DEV   1.20  1.27  1.36  1.27  1.01   .82   .77   .88   .93   .96  1.06  1.31
SKEW       .87  1.14  1.00  1.24   .41   .41   .41   .36   .63   .48   .80  1.62
% SE      9.10  8.83  9.05  9.21  8.56  7.97  7.57  8.57  8.94  7.40  7.99  8.49
MEAN      4.40  4.07  4.25  3.85  3.37  3.46  2.66  2.69  3.07  3.31  4.07  4.37
STD DEV   2.53  2.43  2.52  1.82  1.43  1.25   .93   .94  1.18  1.63  2.38  2.62
SKEW      1.54  1.77  2.01  1.36   .70   .33   .29   .26   .49  2.02  1.69  1.53
% SSE    13.09 10.61 11.12 10.51 10.91 12.85 15.40 13.95 11.32  7.62  8.96 10.60
MEAN      5.95  5.25  4.84  4.14  3.73  3.63  2.94  3.28  3.31  3.82  4.87  5.48
STD DEV   3.50  3.15  2.85  2.08  1.92  1.26   .99   .99  1.27  2.03  2.94  3.31
SKEW       .94  1.15  1.36  1.33   .90   .58   .18   .25  1.51  1.94  1.22  1.09
% S       9.46  9.00 11.33 10.70 13.28 15.30 17.85 16.05 11.19  7.55  6.82  7.67
MEAN      5.04  4.59  4.34  4.04  4.06  4.14  3.77  3.75  3.56  3.73  4.22  4.64
STD DEV   3.19  2.76  2.43  1.95  1.78  1.75  1.27  1.53  1.47  2.07  2.45  2.85
SKEW      1.32  1.23  1.58   .95   .71   .68   .38   .70   .47  2.32  1.25  1.20
% SSW     3.17  4.01  6.98  7.53  9.69 10.40 11.54 11.34  8.60  5.60  3.49  3.28
MEAN      4.16  3.99  4.13  4.17  4.71  4.78  4.46  4.75  4.27  4.06  3.85  4.75
STD DEV   2.44  2.09  2.00  2.06  2.18  2.16  1.95  1.96  1.88  2.12  2.30  3.15
SKEW      1.08   .92   .76   .92   .68   .50   .56   .53   .52   .89  1.07  1.33
% SW      3.01  4.62  8.55 11.82 15.16 16.84 18.06 16.64 12.57  7.90  3.98  2.82
MEAN      3.89  3.95  4.39  4.49  4.98  5.15  5.10  4.78  4.31  3.95  3.43  4.04
STD DEV   2.20  2.12  2.19  2.19  2.15  2.12  1.85  1.79  1.80  1.96  1.79  2.61
SKEW      1.23   .94   .75   .94   .61   .62   .41   .38   .55   .92  1.03  1.32
% WSW     1.61  2.87  5.49  7.47  9.88 11.27 12.74 11.83  9.89  5.80  2.60  1.53
MEAN      3.25  3.52  4.16  4.14  4.69  4.48  4.52  4.41  4.02  3.46  3.26  3.18
STD DEV   1.72  2.02  2.07  1.98  2.13  1.82  1.52  1.72  1.72  1.69  1.90  1.56
SKEW       .91  1.79   .83   .66   .73   .58   .25   .59   .58   .90  1.61  1.47
% W       1.52  2.19  2.89  3.46  3.71  3.54  3.04  3.44  3.13  2.51  1.76  1.45
MEAN      2.72  2.83  3.33  3.48  3.90  3.87  3.88  3.65  3.26  2.73  2.61  2.58
STD DEV   1.32  1.30  1.73  1.68  1.83  1.66  1.55  1.56  1.50  1.29  1.25  1.38
SKEW      1.18   .90  1.02   .86   .91   .65   .40   .51   .96  1.28  1.53  1.41
% WNW     1.24  1.49  1.53  1.87  2.39  2.44  1.64  2.00  2.35  2.06  1.33  1.20
MEAN      2.51  2.70  3.03  2.96  3.45  3.28  3.19  2.69  2.66  2.70  2.44  2.49
STD DEV   1.08  1.37  1.51  1.28  1.64  1.33  1.12  1.03  1.07  1.40  1.06  1.02
SKEW       .79  1.38  1.00   .72   .80   .54   .45   .36   .69  1.37   .79   .57
% NW      3.26  3.62  3.55  3.87  3.70  3.03  1.57  1.71  3.05  4.01  3.61  3.35
MEAN      3.24  3.56  3.96  3.68  4.29  3.81  3.16  2.97  3.14  3.46  3.06  3.17
STD DEV   1.76  2.08  2.24  2.03  2.25  2.06  1.07  1.16  1.38  1.97  1.57  1.80
SKEW      1.48  1.51  1.16  1.44  1.17  1.32   .36   .43   .91  1.37  1.45  1.59
% NNW     6.34  6.72  6.21  5.27  4.21  2.89   .95  1.23  3.57  5.87  6.16  5.69
MEAN      4.99  5.43  5.33  4.60  5.07  4.85  3.57  3.30  4.03  4.71  4.43  4.22
STD DEV   3.07  3.25  2.88  2.47  2.46  2.50  1.23  1.35  2.28  3.01  2.80  2.45
SKEW      1.09   .91   .70  1.03   .65  1.02   .48   .81  1.35  1.05  1.15  1.20
CALM     26.97 25.12 17.25 15.38 10.25  8.03  6.48  8.79 15.46 27.16 32.11 30.56
 
INTERPOLATED DATA (station & weighting factor)
 
---Wind Stations---
SACRAMENTO/MA.CA     .392  SACRAMENTO/MC.CA     .392  FAIRFIELD/TRV.CA     .215
---Solar Radiation and Max .5 P Stations---
 CA FAIRFIELD 3 NNE  .419   CA ANGWIN PAC UNIO  .346   CA GEORGETOWN RS    .235 
---Dewpoint Stations---
CA SACRAMENTO METRO  .619  CA SACRAMENTO EXECU  .307  CA UKIAH MUNI AP     .074 
---Time Peak Stations---
CA FAIRFIELD 3 NNE   .414  CA ANGWIN PAC UNION  .350  CA GEORGETOWN RS     .237 
