 LODI CA                                  45032 0
 LATT=  38.12 LONG=-121.28 YEARS= 40. TYPE= 1
 ELEVATION =   40. TP5 = 1.07 TP6= 2.84
 MEAN P    .30   .32   .30   .23   .17   .12   .18   .10   .20   .29   .27   .31
 S DEV P   .39   .36   .33   .27   .24   .10   .20   .12   .23   .43   .35   .39
 SKEW  P  2.20  2.13  1.94  2.28  3.33  1.01  1.48  2.08  1.22  3.28  2.40  2.65
 P(W/W)    .62   .65   .62   .49   .49   .23   .36   .35   .33   .42   .55   .55
 P(W/D)    .20   .17   .17   .11   .05   .02   .01   .01   .03   .07   .15   .20
 TMAX AV 55.15 61.91 67.36 73.45 81.09 87.56 91.30 90.31 87.50 78.61 64.58 55.58
 TMIN AV 37.92 40.19 42.98 45.50 50.54 54.65 57.13 56.05 54.24 48.17 41.34 36.87
 SD TMAX  6.17  5.68  6.66  8.83  8.47  7.69  6.59  6.11  7.12  7.78  6.97  6.21
 SD TMIN  7.15  6.90  5.77  5.48  5.68  5.30  5.40  4.63  5.09  5.31  6.69  7.34
 SOL.RAD  145.  223.  356.  462.  557.  655.  669.  593.  479.  337.  203.  145.
 SD SOL   30.9  42.8  56.8  62.1  76.4  44.0  19.3  21.5  18.9  32.3  23.6  30.9
 MX .5 P   .51   .50   .49   .36   .44   .37   .30   .30   .40   .47   .43   .45
 DEW PT  40.71 42.50 44.00 43.79 46.79 50.29 53.29 53.50 51.71 47.21 43.50 40.00
Time Pk   .645  .796  .853  .897  .903  .913  .950  .960  .967  .980  .990 1.000
% N       4.34  4.39  5.80  5.86  7.64  9.74  9.46  8.63  7.74  7.26  4.39  5.79
MEAN      3.02  3.39  4.03  2.74  3.45  4.35  3.18  3.17  3.07  3.97  3.03  3.86
STD DEV   1.72  1.69  1.81  1.28  1.76  1.88  1.52  1.07  1.11  2.15  1.48  2.06
SKEW      1.51   .66   .38   .50  1.35   .35   .80   .57   .61   .85   .93   .83
% NNE     2.61  1.71  1.62   .96   .93  1.54  1.45  1.12  1.37  2.27  1.77  2.23
MEAN      3.54  3.08  3.52  2.90  2.76  3.60  2.21  2.10  2.84  3.99  3.65  3.80
STD DEV   1.79  1.69  1.82  1.05   .63  1.25   .49   .59   .82  2.21  1.99  2.05
SKEW       .67  1.00   .50   .98   .95  1.05   .33   .98   .91   .60   .94  1.07
% NE      3.28  2.38  1.74   .59   .52   .62   .52   .52   .77   .83  2.72  4.45
MEAN      3.27  3.15  3.54  2.19  2.10  3.61  1.83  1.48  1.59  2.36  3.12  3.13
STD DEV   1.93  1.48  1.79   .68   .36  1.12   .37   .36   .58   .81  1.60  1.56
SKEW       .75   .96   .80  1.02   .23   .12  1.22   .24  1.03   .52  1.25   .99
% ENE     2.68  2.40  1.15   .74   .37   .44   .31   .44   .56   .71  2.03  3.84
MEAN      2.72  2.86  3.50  1.47  1.58  1.42  1.56  1.53  1.46  1.45  2.89  3.02
STD DEV   1.26  1.21   .49   .22   .18   .32   .40   .46   .33   .27  1.48   .79
SKEW      -.17  1.25   .71  -.84  -.03   .63   .71   .38   .33   .40  1.02   .28
% E       4.34  3.11  1.85  1.39   .92   .74   .39   .65  1.08  1.96  2.77  5.29
MEAN      2.44  2.49  2.56  2.32  1.95  1.87  1.48  1.89  1.50  2.23  3.09  2.73
STD DEV   1.01   .99   .41   .41   .41   .49   .46   .51   .40   .92  2.43  1.03
SKEW      1.16   .89  1.57   .74   .62   .34   .49   .23   .40  1.19  1.39   .79
% ESE     3.64  4.23  2.57  1.38  1.07   .92   .44   .58  1.21  2.01  3.82  4.15
MEAN      2.44  3.21  2.96  2.73  2.87  2.37  1.89  1.52  2.26  2.67  2.83  2.77
STD DEV   1.32  1.84  2.78   .68   .71   .64   .73   .20   .48  1.04  1.42  1.43
SKEW      1.58   .99  1.72   .59   .53   .51   .74   .31   .61   .79  1.41  1.55
% SE     10.34  7.77  5.30  2.72  3.00  1.38   .99  1.37  2.13  4.85  7.26  9.34
MEAN      4.07  3.95  3.95  4.22  2.92  2.77  2.04  2.95  2.73  4.07  3.66  3.75
STD DEV   2.03  2.11  2.02  1.19  1.41   .96   .74   .81   .91  1.95  2.10  2.15
SKEW       .65   .70  1.03   .73   .96   .51   .33   .39  1.01   .64  1.08  1.14
% SSE     9.90  7.04  4.26  2.67  2.06  1.44  1.25  1.41  1.79  4.78  6.97  8.26
MEAN      4.93  4.48  4.90  3.63  4.08  3.39  4.42  3.18  2.90  4.78  4.64  4.35
STD DEV   2.70  2.42  2.20  1.31  2.06  1.14   .85   .88  1.12  2.56  2.70  2.28
SKEW       .67   .63   .60   .31   .30   .66   .44   .06   .59   .95   .66   .60
% S       7.62  7.58  4.88  3.40  3.57  2.87  1.47  2.28  3.29  4.72  6.17  7.61
MEAN      3.84  3.44  3.93  3.83  3.86  3.55  2.69  2.79  3.10  3.57  3.13  3.48
STD DEV   2.11  1.94  2.26  2.00  2.15  1.65  1.03  1.23  1.46  2.17  1.65  2.01
SKEW      1.19  1.19  1.20  1.04  1.02   .74   .88   .56   .69  1.31  1.01  1.19
% SSW     3.98  3.52  3.58  2.72  3.27  2.22  1.24  1.61  2.02  3.30  3.42  3.26
MEAN      3.42  4.02  3.83  4.07  3.67  3.92  3.02  2.73  3.32  3.82  3.16  3.50
STD DEV   2.05  2.16  2.22  2.37  1.83  2.05  1.09  1.07  1.65  2.23  1.69  2.23
SKEW      1.62   .72   .65   .90   .77   .95   .49   .95   .48   .96   .97  1.25
% SW      3.54  4.45  4.59  5.16  5.22  4.87  3.54  3.43  3.82  3.47  4.40  3.21
MEAN      3.37  3.07  3.71  3.93  4.37  4.30  3.80  3.22  3.00  3.63  3.75  2.67
STD DEV   1.86  1.49  1.79  2.08  2.05  2.26  1.97  1.19  1.21  1.86  2.15  1.31
SKEW       .97  1.11   .61   .93   .39   .54   .81   .38   .84   .97   .88  1.60
% WSW     3.26  4.39  5.46  9.05  7.88  9.51  5.91  7.76  7.03  4.95  4.07  3.20
MEAN      3.33  3.73  3.69  4.25  4.84  4.52  3.92  4.29  3.83  3.29  2.92  3.38
STD DEV   1.64  1.68  1.47  1.81  2.33  1.64  1.71  1.97  1.43  1.65  1.60  1.62
SKEW       .97  1.01   .54   .69   .21   .32  1.50   .57   .53  1.24  1.56   .95
% W       6.35 10.97 16.28 21.29 21.22 19.16 17.43 19.18 15.82 11.87 10.94  6.45
MEAN      3.54  3.86  4.88  5.00  5.02  4.88  4.35  4.22  4.14  3.53  3.20  3.34
STD DEV   1.73  1.76  2.09  2.18  2.08  1.90  1.66  1.59  1.53  1.55  1.40  1.43
SKEW       .78   .96   .50   .46   .40   .29   .47   .84   .25   .89   .98   .82
% WNW     7.51  9.84 14.60 17.30 17.69 20.02 25.26 22.93 23.16 16.35  8.80  5.05
MEAN      3.71  4.12  4.74  5.11  5.13  5.06  4.60  4.68  4.31  4.30  3.45  3.78
STD DEV   1.81  1.92  2.00  2.13  2.13  1.81  1.65  1.57  1.64  2.20  1.57  1.80
SKEW       .92   .82   .50   .73   .42   .43   .31  -.02   .36  1.73  1.24   .86
% NW      6.64  7.31  8.60  8.46  9.93 10.25 14.38 10.97 10.04  9.42  6.63  7.19
MEAN      3.67  3.92  4.41  4.39  4.46  4.66  4.47  4.09  4.02  3.90  3.38  3.48
STD DEV   1.71  1.72  1.72  1.61  1.85  1.93  1.74  1.70  1.66  1.64  1.57  1.82
SKEW       .92   .43   .37   .40   .23   .40   .16   .37   .43   .67   .93  1.11
% NNW     3.33  4.14  6.15  6.63  7.39  7.55  9.26  8.20  7.22  5.85  4.54  4.40
MEAN      3.10  3.48  4.60  4.35  4.43  4.18  4.15  3.84  3.62  3.90  3.69  4.06
STD DEV   1.64  1.68  1.99  1.28  1.81  1.93  1.69  1.58  1.59  1.71  1.24  1.84
SKEW      1.34   .70   .35   .29   .21   .35   .38   .61   .74   .63   .29   .68
CALM     16.57 14.88 11.56  9.59  7.46  6.71  6.76  8.96 11.13 15.31 19.27 16.36
 
INTERPOLATED DATA (station & weighting factor)
 
---Wind Stations---
OAKLAND       CA     .346  OAKLAND       CA     .346  SAN JOSE      CA     .309
---Solar Radiation and Max .5 P Stations---
 CA MODESTO 2        .366   CA FIDDLETOWN DEXT  .319   CA FAIRFIELD 3 NNE  .315 
---Dewpoint Stations---
CA STOCKTON METRO A  .500  CA SACRAMENTO EXECU  .289  CA MODESTO CITY CO   .211 
---Time Peak Stations---
CA MODESTO 2         .360  CA FIDDLETOWN DEXTE  .321  CA FAIRFIELD 3 NNE   .319 
