 CEDARVILLE CA                            41614 0
 LATT=  41.53 LONG=-120.17 YEARS= 40. TYPE= 3
 ELEVATION = 4650. TP5 =  .72 TP6= 2.10
 MEAN P    .18   .15   .14   .14   .15   .12   .16   .13   .16   .17   .18   .18
 S DEV P   .25   .21   .18   .15   .16   .18   .18   .14   .20   .22   .21   .21
 SKEW  P  3.91  4.02  3.20  2.16  2.36  5.16  2.25  2.35  2.82  3.31  2.40  2.86
 P(W/W)    .51   .48   .51   .47   .58   .46   .27   .34   .30   .43   .47   .53
 P(W/D)    .19   .22   .22   .23   .13   .10   .04   .06   .07   .12   .21   .20
 TMAX AV 40.28 44.43 50.94 57.24 66.37 76.85 87.27 85.86 78.26 65.40 49.28 40.51
 TMIN AV 20.45 23.71 28.39 32.87 39.84 47.20 54.56 51.93 43.82 34.54 26.19 20.37
 SD TMAX  8.51  8.65  9.44 10.76 11.07 10.26  7.75  7.78  9.98 11.40 10.15  8.85
 SD TMIN 10.17  8.80  6.94  6.94  6.98  6.80  5.78  5.65  6.54  6.87  8.61 10.35
 SOL.RAD  153.  226.  350.  450.  549.  642.  661.  583.  465.  316.  181.  134.
 SD SOL   24.6  36.3  43.8  52.5  62.8  49.2  26.4  29.6  22.9  27.8  18.3  24.1
 MX .5 P   .42   .38   .30   .36   .32   .34   .36   .42   .34   .34   .32   .40
 DEW PT  22.84 24.73 26.16 27.43 32.86 37.00 40.83 39.53 34.94 30.24 26.13 22.27
Time Pk   .692  .860  .908  .936  .936  .939  .974  .982  .984  .990  .997 1.000
% N       3.47  4.57  5.01  5.65  7.09  7.34  6.56  5.39  6.51  5.37  4.22  4.10
MEAN      3.20  3.37  3.76  4.18  3.84  3.73  3.43  3.17  3.37  3.18  3.03  3.02
STD DEV   1.62  1.82  1.87  2.02  1.84  1.90  1.62  1.54  1.69  1.55  1.55  1.65
SKEW       .84   .92   .68   .64   .76   .88   .79   .75   .94   .75   .91  1.00
% NNE     2.26  2.20  2.65  2.70  3.16  2.96  3.06  2.87  3.59  3.67  2.71  2.47
MEAN      3.11  2.91  3.69  3.41  3.23  2.99  2.76  2.62  3.08  3.16  3.24  2.70
STD DEV   1.59  1.59  2.03  1.73  1.67  1.47  1.27  1.25  1.64  1.50  1.82  1.25
SKEW       .90  1.18   .93   .71   .94   .84   .99  1.22  1.60   .96   .93  1.01
% NE      4.54  4.27  3.80  3.60  3.77  3.93  4.25  4.62  5.93  5.17  5.05  4.52
MEAN      3.11  3.10  3.45  3.51  3.19  2.96  2.70  2.53  2.90  3.19  2.76  2.95
STD DEV   1.35  1.55  1.77  1.62  1.58  1.34  1.25  1.04  1.27  1.36  1.38  1.31
SKEW       .66   .53  1.04   .89   .87   .64   .72   .45   .59   .39   .88   .54
% ENE     2.25  2.55  1.98  1.52  1.60  1.76  1.78  2.20  2.65  2.25  2.41  2.26
MEAN      2.68  2.68  3.08  2.90  2.83  2.57  2.64  2.50  2.79  2.72  2.86  2.71
STD DEV   1.09  1.14  1.33  1.27  1.31  1.14  1.15  1.08  1.34  1.27  1.25  1.17
SKEW       .54   .70   .53   .62   .68   .89   .72   .63   .68   .62   .44   .77
% E       2.35  2.58  2.36  1.88  1.62  1.92  1.93  2.33  2.51  2.29  2.41  2.33
MEAN      2.65  2.81  2.94  2.74  2.54  2.32  2.29  2.56  2.64  2.48  2.54  2.62
STD DEV   1.24  1.37  1.45  1.20  1.20  1.05   .91  1.22  1.39  1.16  1.15  1.26
SKEW       .67   .83   .75   .54   .89   .88   .44   .97  1.14   .77   .60   .55
% ESE     3.52  3.22  3.05  2.62  1.68  1.66  1.77  2.10  2.04  2.11  2.82  2.86
MEAN      3.15  3.35  3.31  3.28  2.75  2.64  2.54  2.47  2.59  2.73  3.15  3.16
STD DEV   1.26  1.50  1.50  1.34  1.16  1.06  1.06   .98  1.01  1.08  1.32  1.34
SKEW       .59   .42   .51   .49   .37   .65   .40   .62   .61   .23   .30   .40
% SE     10.11  9.24  8.19  6.24  4.55  4.55  5.47  5.65  5.43  6.68  9.23  8.12
MEAN      3.99  4.39  3.98  3.80  3.36  3.36  3.01  2.85  3.05  3.34  4.07  3.91
STD DEV   1.69  1.96  1.63  1.64  1.54  1.70  1.25  1.15  1.35  1.38  1.83  1.82
SKEW       .38   .45   .59   .42   .92  1.16   .99   .54   .93   .31   .59   .61
% SSE     8.35  9.77  9.13  7.06  5.46  4.83  6.57  6.59  5.81  7.01  9.17  8.67
MEAN      4.58  4.51  4.60  4.21  4.02  3.53  3.47  3.39  3.30  3.84  4.23  4.80
STD DEV   2.21  2.09  2.10  1.81  1.83  1.50  1.64  1.39  1.53  1.74  2.00  2.39
SKEW       .70   .63   .65   .66   .64   .56   .83   .61   .90   .90   .83   .83
% S       9.57  9.19  9.79  7.47  6.24  4.92  5.90  6.36  5.87  6.87  9.41  9.55
MEAN      4.65  4.55  4.73  4.44  4.44  3.45  3.53  3.72  3.55  4.06  4.29  4.65
STD DEV   2.45  2.42  2.34  2.19  2.30  1.69  1.62  1.89  1.77  2.24  2.19  2.57
SKEW       .73   .77   .66   .62   .66   .77   .69   .68   .67   .93   .88   .88
% SSW     2.87  2.61  2.75  2.44  1.87  1.58  1.83  1.91  1.67  1.66  2.38  2.77
MEAN      3.84  3.46  3.95  3.84  3.32  3.06  3.17  3.05  3.06  3.00  3.34  3.90
STD DEV   2.01  1.84  2.06  2.07  1.71  1.55  1.48  1.69  1.54  1.83  1.70  2.16
SKEW       .97  1.19   .81   .90   .79   .85   .60  1.09   .79  1.81   .67   .86
% SW      2.80  2.57  3.78  3.24  3.12  2.48  2.68  2.76  2.28  2.43  2.55  2.57
MEAN      4.02  3.47  4.31  3.93  3.71  3.31  2.99  2.98  3.04  3.39  3.39  4.01
STD DEV   2.14  1.71  2.08  1.92  1.80  1.53  1.38  1.31  1.49  1.83  1.71  2.08
SKEW       .71   .47   .74   .70   .63   .68   .60   .51   .78   .95   .85   .67
% WSW     2.60  2.79  4.32  3.52  3.50  2.88  3.14  3.11  2.57  2.82  2.45  2.46
MEAN      3.49  3.88  4.23  4.21  4.01  3.63  3.53  3.41  3.57  3.60  3.54  3.80
STD DEV   1.65  1.81  1.93  2.10  1.90  1.63  1.60  1.62  1.80  1.76  1.68  1.85
SKEW       .73   .55   .59   .71   .49   .52   .66   .72  1.00   .89   .74   .78
% W       4.01  4.96  7.23  8.76  8.73  8.47  7.88  7.29  5.95  5.56  4.60  3.85
MEAN      3.79  3.87  4.23  4.24  4.05  3.83  3.69  3.66  3.48  3.73  3.58  3.75
STD DEV   1.87  1.99  2.04  2.06  1.89  1.83  1.66  1.64  1.61  1.87  1.79  1.98
SKEW       .60   .98   .60   .70   .61   .67   .55   .59   .61   .70   .72   .84
% WNW     2.77  2.98  4.94  6.78  7.13  6.90  6.00  5.65  5.17  4.00  2.90  2.60
MEAN      3.98  3.58  4.39  4.32  4.16  4.02  3.74  3.60  3.68  3.47  3.50  3.38
STD DEV   2.30  1.79  2.12  2.04  1.88  1.82  1.65  1.65  1.75  1.70  1.78  1.78
SKEW       .99   .69   .73   .63   .54   .57   .49   .61   .72   .80   .80   .94
% NW      7.30  7.54  8.14 11.16 13.63 14.15 10.83 10.16 10.07  9.27  8.38  8.34
MEAN      3.81  4.16  4.34  4.77  4.37  4.17  3.85  3.71  3.88  3.74  3.62  3.52
STD DEV   1.78  1.89  1.96  2.10  1.88  1.74  1.64  1.57  1.69  1.62  1.65  1.64
SKEW       .76   .66   .68   .44   .52   .45   .60   .48   .63   .60   .61   .71
% NNW     4.41  5.98  6.35  7.89  9.54 10.18  8.07  6.80  7.70  6.08  4.75  4.91
MEAN      3.87  4.54  4.85  5.21  4.75  4.54  4.06  3.94  4.18  4.03  3.82  3.71
STD DEV   1.87  2.10  2.18  2.30  1.96  1.95  1.69  1.71  1.81  1.79  1.71  1.73
SKEW       .83   .41   .51   .35   .36   .50   .41   .64   .59   .41   .46   .74
CALM     26.82 22.97 16.51 17.44 17.21 19.52 22.22 24.17 24.24 26.68 24.59 27.67
 
INTERPOLATED DATA (station & weighting factor)
 
---Wind Stations---
KLAMATH FALLS OR     .398  MOUNT SHASTA  CA     .325  WINNEMUCCA    NV     .276
---Solar Radiation and Max .5 P Stations---
 OR GERBER DAM       .462   CA MINERAL          .281   NV RYE PATCH DAM    .256 
---Dewpoint Stations---
OR KLAMATH FALLS IN  .432  NV WINNEMUCCA MUNI   .297  NV RENO TAHOE INTL   .271 
---Time Peak Stations---
OR GERBER DAM        .465  CA MINERAL           .280  NV RYE PATCH DAM     .255 
