 SAN LUIS OBISPO POL CA                   47851 0
 LATT=  35.30 LONG=-120.67 YEARS= 40. TYPE= 1
 ELEVATION =  300. TP5 = 1.09 TP6= 4.68
 MEAN P    .55   .54   .44   .30   .21   .18   .05   .19   .28   .33   .42   .52
 S DEV P   .70   .68   .65   .43   .32   .20   .06   .29   .49   .45   .50   .66
 SKEW  P  2.22  2.25  2.94  3.39  2.20  1.31  2.14  2.25  2.38  2.30  2.06  1.63
 P(W/W)    .65   .65   .56   .43   .53   .33   .30   .21   .38   .47   .45   .50
 P(W/D)    .12   .16   .18   .09   .04   .01   .01   .01   .02   .05   .10   .14
 TMAX AV 64.39 65.09 66.34 69.26 71.85 75.64 78.47 79.50 79.79 76.64 70.54 64.80
 TMIN AV 42.64 43.59 44.78 45.55 47.84 50.88 53.28 53.61 53.15 50.44 46.11 42.27
 SD TMAX  7.43  7.60  7.84  8.83  8.42  7.87  6.43  6.71  8.10  9.18  8.00  7.42
 SD TMIN  5.71  5.90  4.97  5.17  4.47  3.96  3.60  3.20  4.30  5.32  6.43  6.17
 SOL.RAD  216.  268.  387.  526.  589.  628.  614.  575.  480.  364.  261.  209.
 SD SOL   37.5  42.3  48.4  33.3  62.8  38.6  33.1  27.7  18.1  23.4  28.5  23.0
 MX .5 P   .64   .65   .60   .42   .45   .20   .20   .00   .47   .42   .50   .70
 DEW PT  39.34 41.34 43.34 43.78 45.78 48.23 51.23 51.68 50.68 46.23 41.23 37.78
Time Pk   .600  .740  .800  .850  .870  .880  .920  .940  .960  .970  .990 1.000
% N       3.82  4.15  4.53  3.89  3.32  2.31  1.58  1.94  2.43  3.69  4.06  4.25
MEAN      3.12  3.44  3.65  3.43  3.54  2.80  2.82  2.44  2.49  3.15  3.15  3.17
STD DEV   1.28  1.65  1.81  1.72  2.07  1.20  1.48   .97  1.07  1.61  1.32  1.38
SKEW       .50  1.04   .99  1.12  1.19  1.00  1.44   .83  1.27  1.25   .77   .63
% NNE     2.54  2.39  2.88  1.92  1.49  1.24   .81   .69  1.38  2.07  2.53  2.81
MEAN      3.11  3.22  3.45  3.30  2.94  2.64  2.31  2.00  2.44  2.90  3.39  3.44
STD DEV   1.41  1.48  1.62  1.47  1.37  1.38   .67   .72  1.17  1.40  1.38  1.65
SKEW       .66   .54   .53   .82   .96  1.04   .29   .05   .89   .63   .69   .79
% NE      3.46  3.15  3.19  2.28  1.87  1.91  1.61  1.33  1.73  2.94  3.29  3.18
MEAN      2.94  2.99  3.11  2.69  2.76  2.76  2.29  2.37  2.74  2.95  3.43  3.10
STD DEV   1.45  1.39  1.62  1.35  1.42  1.54   .94   .88  1.42  1.51  2.09  1.58
SKEW      1.21  1.09   .97  1.00  1.07  1.02   .38  -.03  1.40  1.14  1.43  1.25
% ENE     3.21  2.93  2.53  1.49  1.44  1.22  1.15   .99  1.34  1.95  2.95  3.10
MEAN      2.83  3.01  2.93  2.63  2.30  2.13  2.13  2.16  2.82  3.06  3.20  3.03
STD DEV   1.19  1.32  1.32  1.12   .83   .37   .34   .87  1.22  1.44  1.48  1.42
SKEW      1.15  1.08   .96   .79   .24 -1.32   .06   .18   .35   .72   .74  1.01
% E       9.19  7.97  6.25  3.47  2.62  2.29  1.85  1.87  2.47  5.06  7.92  8.97
MEAN      3.27  3.17  3.05  2.77  2.84  2.62  2.37  2.60  3.13  3.29  3.20  3.25
STD DEV   1.33  1.25  1.25  1.18   .98   .87   .68   .82  1.12  1.30  1.27  1.40
SKEW       .90  1.18   .90  1.19   .71   .33   .34   .25   .46   .72   .90  1.07
% ESE     6.71  5.40  4.23  2.16  1.66  1.02   .96   .98  1.72  2.86  4.65  6.40
MEAN      3.35  3.09  2.96  2.81  2.73  2.58  2.31  2.07  2.57  3.24  3.21  3.32
STD DEV   1.58  1.36  1.23  1.06  1.09   .91   .66   .38  1.08  1.39  1.31  1.44
SKEW      1.20  1.16  1.06   .84   .91   .72   .21 -1.19   .55   .65   .69   .99
% SE      7.45  6.51  4.46  3.53  2.25  2.03  1.96  1.90  2.45  3.45  5.29  6.40
MEAN      3.40  3.30  3.26  3.11  2.79  2.76  2.83  2.65  2.78  2.82  3.18  3.44
STD DEV   1.64  1.54  1.64  1.40   .96  1.03  1.17   .86  1.21  1.13  1.38  1.75
SKEW      1.11  1.11  1.13   .72   .51   .52   .69   .27   .58   .90   .94  1.30
% SSE     3.53  3.28  2.90  2.25  1.58  1.28  1.31  1.34  1.53  1.75  2.74  3.22
MEAN      3.94  3.75  3.70  3.47  3.34  3.38  3.49  3.51  2.96  2.98  3.57  3.64
STD DEV   2.25  1.74  1.97  1.67  1.54  1.45  1.44  1.39  1.11  1.38  2.02  1.94
SKEW      1.01   .97  1.00  1.02  1.08   .53   .43   .46   .50  1.45  1.00  1.16
% S       3.94  4.64  3.94  4.76  4.85  4.74  4.02  4.31  4.33  3.61  3.79  3.66
MEAN      3.77  3.71  3.82  3.83  3.57  3.96  4.07  3.94  3.63  3.52  3.55  3.45
STD DEV   2.08  1.80  1.85  1.95  1.61  1.69  1.54  1.53  1.51  1.67  1.75  1.67
SKEW      1.10  1.16   .92  1.00   .85   .56   .45   .84   .78   .76  1.06  1.26
% SSW     2.32  2.37  3.13  4.79  5.29  5.56  6.05  5.95  5.09  2.88  2.20  2.22
MEAN      3.60  3.85  3.98  4.07  4.30  4.65  4.41  4.31  3.99  3.78  3.69  3.46
STD DEV   1.72  1.77  2.00  1.84  1.95  1.91  1.48  1.58  1.56  1.58  1.79  1.81
SKEW       .86   .83  1.02   .78   .67   .64   .36   .23   .67   .89   .73  1.31
% SW      2.91  3.82  4.01  5.26  6.76  6.24  6.21  5.60  4.84  3.59  2.90  2.13
MEAN      3.46  3.80  3.94  4.13  4.08  4.07  4.14  3.90  3.65  3.52  3.32  3.26
STD DEV   1.58  1.85  1.76  1.86  1.81  1.83  1.78  1.66  1.59  1.57  1.50  1.62
SKEW       .87  1.07   .69   .55   .64   .61   .47   .53   .87   .97   .77  1.05
% WSW     1.57  2.21  2.51  3.56  4.29  3.97  3.77  3.64  3.27  2.58  1.78  1.60
MEAN      3.28  3.48  3.97  3.95  3.97  3.78  3.53  3.46  3.21  3.06  2.78  2.81
STD DEV   1.30  1.47  1.87  1.81  1.88  1.87  1.70  1.65  1.46  1.50  1.22  1.35
SKEW       .50   .59   .53   .55   .66   .92   .75   .80   .84  1.02   .80   .89
% W       4.30  5.08  6.10  8.49 10.34 10.84 11.31 10.92  9.72  7.19  4.45  3.44
MEAN      3.32  3.75  3.64  3.84  3.89  3.74  3.62  3.43  3.38  3.27  2.92  2.88
STD DEV   1.56  1.72  1.57  1.80  1.73  1.66  1.60  1.44  1.43  1.49  1.19  1.27
SKEW      1.36  1.11   .88   .87   .86  1.07   .99  1.05  1.07  1.38   .89   .87
% WNW     5.16  6.64 10.67 13.46 15.13 16.76 15.96 15.27 12.77  9.82  6.78  5.29
MEAN      3.40  3.90  4.26  4.34  4.47  4.48  4.03  4.05  3.86  3.70  3.58  3.26
STD DEV   1.54  1.73  1.89  1.90  1.89  1.85  1.59  1.62  1.56  1.54  1.48  1.36
SKEW      1.43  1.22   .95  1.07   .94  1.03  1.24  1.23   .96  1.02  1.10   .98
% NW      5.94  8.67 12.17 13.41 14.90 16.90 14.50 14.93 13.32 12.38  8.18  6.95
MEAN      3.49  3.78  4.11  4.28  4.44  4.49  4.11  4.05  3.85  3.86  3.76  3.61
STD DEV   1.58  1.78  1.84  2.00  1.90  1.88  1.69  1.63  1.61  1.64  1.61  1.73
SKEW      1.32  1.04  1.18  1.07  1.03  1.14  1.00  1.36  1.38  1.06  1.04  1.45
% NNW     3.29  4.44  5.21  5.47  5.81  5.18  4.15  4.01  3.75  4.35  3.90  3.50
MEAN      3.40  3.88  3.97  3.93  4.08  4.21  3.66  3.23  3.21  3.49  3.26  3.50
STD DEV   1.50  1.93  1.83  1.85  1.92  1.98  1.70  1.50  1.47  1.72  1.33  1.71
SKEW       .90  1.00   .66   .92   .78   .84   .92  1.65  1.05  1.10   .77  1.32
CALM     30.49 26.30 21.26 19.84 16.36 16.53 22.85 24.33 27.75 29.81 32.61 32.80
 
INTERPOLATED DATA (station & weighting factor)
 
---Wind Stations---
PASO ROBLES   CA     .476  SANTA MARIA   CA     .341  JOLON         CA     .183
---Solar Radiation and Max .5 P Stations---
 CA SAN LUIS OBISPO 1.000   CA SANTA MARGARITA  .000                            
---Dewpoint Stations---
CA PASO ROBLES MUNI  .554  CA SANTA MARIA PUBL  .446                            
---Time Peak Stations---
CA SAN LUIS OBISPO  1.000  CA SANTA MARGARITA   .000                            
