 PALO ALTO CITY HALL CA                   46646 0
 LATT=  37.45 LONG=-122.13 YEARS= 40. TYPE= 2
 ELEVATION =   20. TP5 = 1.21 TP6= 5.56
 MEAN P    .29   .31   .27   .19   .16   .14   .08   .16   .14   .24   .23   .31
 S DEV P   .38   .39   .30   .19   .18   .18   .10   .18   .18   .29   .30   .36
 SKEW  P  2.47  3.20  1.88  1.80  2.36  2.56  2.01  1.39  2.47  2.11  2.23  1.92
 P(W/W)    .65   .65   .56   .48   .44   .32   .27   .29   .35   .39   .46   .54
 P(W/D)    .15   .17   .17   .11   .04   .02   .01   .01   .02   .06   .14   .17
 TMAX AV 57.67 60.94 64.75 68.73 73.53 77.55 78.80 78.58 78.31 73.25 64.13 57.96
 TMIN AV 38.57 40.95 43.36 44.83 48.67 52.32 55.03 54.87 52.81 48.33 42.51 38.00
 SD TMAX  5.34  5.92  6.54  7.60  7.71  7.85  7.01  5.87  7.16  7.13  6.02  5.30
 SD TMIN  6.38  5.85  5.27  5.06  4.70  4.19  4.16  3.19  4.12  5.10  5.98  6.60
 SOL.RAD  174.  234.  360.  481.  558.  635.  627.  557.  453.  330.  216.  164.
 SD SOL   26.9  31.2  46.3  40.6  55.5  43.1  34.1  34.4  30.9  31.2  20.0  25.3
 MX .5 P   .71   .69   .54   .46   .40   .28   .26   .33   .37   .55   .61   .67
 DEW PT  41.32 42.32 44.32 44.32 47.32 51.00 55.00 55.00 53.68 49.00 44.00 40.32
Time Pk   .606  .743  .793  .848  .862  .879  .927  .944  .958  .973  .987 1.000
% N       4.26  3.54  3.19  3.19  1.86  2.83  2.15  2.05  4.03  4.07  2.67  4.67
MEAN      3.44  3.81  4.19  2.63  2.86  4.32  2.46  2.76  3.09  4.01  2.51  3.52
STD DEV   2.08  2.09  2.22  1.74  1.63  2.02  1.22   .83  1.41  2.51  1.45  2.00
SKEW       .96   .46   .21   .69  1.43   .30   .70   .21   .49   .70   .99   .73
% NNE     3.74  2.04  1.75  1.33   .38  1.13   .48   .62  1.89  2.48  1.73  2.93
MEAN      3.66  3.46  3.39  3.43  3.09  4.02  1.76  2.00  2.97  3.77  3.68  3.54
STD DEV   1.86  2.10  1.70  1.85   .40  1.37   .25   .39  1.18  2.25  1.89  1.70
SKEW       .57   .82   .41  1.13   .76   .69   .13   .37   .91   .58   .27   .83
% NE      5.45  3.45  2.23  1.20   .38   .61   .45   .44  1.99  2.16  4.17  6.92
MEAN      2.92  3.21  3.09  2.20  1.63  3.57  1.53  1.14  1.82  2.25  3.21  3.15
STD DEV   1.49  1.78  1.48   .87   .19  1.43   .47   .52   .98   .97  1.70  1.56
SKEW       .57   .86   .73  1.28   .11   .09  1.19   .59   .86   .55   .96   .88
% ENE     5.34  2.66  1.28   .72   .32   .29   .27   .29   .36  1.29  2.79  6.51
MEAN      3.15  2.99  3.71  1.26   .72  1.44  1.18  2.15  1.03  1.63  2.72  3.37
STD DEV   1.63  1.38   .78   .38   .18   .21   .39   .21   .19   .73  1.55  1.40
SKEW       .50   .52   .50   .09  -.03   .00   .72  -.05  -.03   .64   .91   .55
% E       4.37  3.20  1.83  1.82   .69   .56   .29   .40   .82  2.30  3.34  6.43
MEAN      2.33  2.25  2.51  2.04  1.69  1.48  1.07  1.59  1.13  1.93  2.31  2.65
STD DEV   1.15   .97   .58   .48   .28   .37   .36   .26   .37   .91   .98  1.25
SKEW       .90   .74   .63   .95   .17   .53   .32   .20   .84  1.46   .60   .55
% ESE     2.62  3.10  1.97  1.12   .72   .57   .14   .28   .97  1.69  2.88  3.51
MEAN      2.07  2.97  2.70  2.34  2.07  1.95   .84   .89  2.23  2.36  2.44  2.50
STD DEV   1.11  1.65  1.13   .58   .32   .28   .25   .21   .48  1.06  1.12  1.13
SKEW      1.37   .83   .31   .59   .27   .14   .56   .32   .10   .67   .68   .90
% SE      8.80  6.05  3.81  2.29  1.95   .78   .25   .53  1.81  3.84  5.14  7.32
MEAN      3.14  3.17  3.55  3.78  2.28  2.01  1.31  2.25  2.31  3.48  2.75  2.72
STD DEV   1.63  1.71  2.03   .91  1.05   .58   .42   .36   .53  1.78  1.47  1.65
SKEW      1.80   .90  1.32   .52  1.06   .88   .36   .08   .40   .80  1.16  1.67
% SSE     8.60  5.44  3.67  2.26   .85   .83   .23   .71  1.79  4.23  5.83  6.56
MEAN      4.00  4.06  4.84  3.20  3.33  2.57  3.39  2.60  2.34  4.61  3.96  3.70
STD DEV   2.24  2.95  2.41  1.15  1.78   .75   .36   .73   .84  2.59  2.35  2.18
SKEW       .85  1.56   .84   .26   .51   .55   .36   .29   .52   .79   .66   .84
% S       5.09  5.78  4.90  3.31  2.63  2.08  1.19  1.80  2.30  3.89  5.20  5.30
MEAN      2.93  3.05  3.64  3.31  3.22  2.81  2.28  2.38  2.36  3.08  2.76  3.18
STD DEV   1.66  2.14  2.03  1.74  1.89  1.64  1.06  1.17  1.06  2.28  1.54  2.04
SKEW      1.42  1.75  1.01  1.07  1.08  1.18  1.11   .85   .65  1.70   .99  1.20
% SSW     5.12  5.50  6.80  3.97  5.59  5.08  3.79  4.08  4.38  5.71  6.02  5.43
MEAN      3.50  4.45  3.99  3.80  3.83  3.67  2.91  3.15  3.00  3.48  3.37  3.97
STD DEV   2.18  2.44  2.15  2.24  1.77  1.90  1.08  1.56  1.32  2.31  1.79  2.41
SKEW      1.32   .66   .51  1.02   .75   .97   .43   .69   .32  1.05   .81  1.05
% SW      4.87  6.76  9.34 10.83 15.24 12.97 12.80  9.93  8.55  6.49  6.74  5.16
MEAN      3.06  3.14  3.69  4.11  4.27  4.24  3.59  3.32  3.14  3.34  3.55  2.76
STD DEV   1.68  1.66  1.69  2.11  2.00  2.09  1.82  1.46  1.39  1.74  2.16  1.65
SKEW       .81  1.09   .53   .73   .41   .57   .71   .50   .43   .86   .85  1.53
% WSW     4.05  5.60  7.91 10.97 11.96 12.68 10.19 12.50 10.83  7.06  5.90  4.09
MEAN      3.28  3.57  4.02  4.35  4.73  4.76  4.10  4.34  3.96  3.20  3.21  3.11
STD DEV   1.79  1.57  1.85  1.85  1.97  1.84  1.99  1.74  1.64  1.53  1.79  1.56
SKEW      1.04  1.02   .62   .50   .15   .20  1.70   .25   .44   .67  1.02   .72
% W       6.64 12.00 18.40 24.34 27.44 24.37 23.69 24.97 18.68 15.16 11.99  5.76
MEAN      3.60  3.65  4.58  4.62  5.07  5.07  4.42  4.35  4.27  3.54  2.86  2.78
STD DEV   2.00  1.75  2.01  1.97  2.04  1.99  1.74  1.67  1.69  1.65  1.38  1.29
SKEW       .96   .76   .51   .42   .17   .10   .21   .21   .10   .71  1.00  1.14
% WNW     6.55  8.58 13.52 16.32 17.43 20.16 25.39 22.80 22.69 16.80  7.80  3.87
MEAN      3.33  3.37  4.81  4.58  5.07  5.08  4.56  4.44  3.90  3.70  3.06  3.03
STD DEV   1.70  1.50  2.26  1.92  1.94  1.83  1.72  1.63  1.49  1.71  1.62  1.28
SKEW       .87   .81   .42   .63   .05   .25   .19  -.12   .10   .84  1.06   .54
% NW      5.35  5.30  4.86  4.59  5.82  7.11 10.21  6.76  7.10  7.68  4.47  4.90
MEAN      2.91  3.12  3.66  3.54  3.70  4.00  3.68  3.26  3.07  3.07  2.43  2.67
STD DEV   1.51  1.66  1.67  1.52  1.70  1.93  1.63  1.63  1.36  1.63  1.20  1.51
SKEW      1.49   .96   .72   .80   .35   .58   .35   .74   .61  1.19  1.06  1.10
% NNW     2.21  2.90  2.16  1.77  1.49  1.90  2.65  2.09  2.96  2.72  2.05  2.39
MEAN      2.68  3.87  4.85  4.52  2.91  4.12  3.09  2.79  2.94  2.99  2.96  3.40
STD DEV   1.53  2.03  2.51  1.67  1.20  2.06  1.46  1.18  1.57  1.48  1.04  1.90
SKEW      1.09   .59   .25   .50   .24   .44   .66   .60   .96  1.13   .66  1.10
CALM     16.88 18.15 12.44  9.89  5.25  5.96  5.86  9.74  8.88 12.31 21.31 18.27
 
INTERPOLATED DATA (station & weighting factor)
 
---Wind Stations---
OAKLAND       CA     .361  OAKLAND       CA     .361  LIVERMORE     CA     .279
---Solar Radiation and Max .5 P Stations---
 CA BOULDER CREEK L  .467   CA MORGAN HILL      .280   CA MT TAMALPAIS     .253 
---Dewpoint Stations---
CA MOFFETT FEDERAL   .677  CA SAN JOSE          .323                            
---Time Peak Stations---
CA BOULDER CREEK LO  .465  CA MORGAN HILL       .280  CA MT TAMALPAIS      .255 
