 LAS ANIMAS 1N CO                         54834 0
 LATT=  38.08 LONG=-103.22 YEARS= 40. TYPE= 3
 ELEVATION = 3890. TP5 = 2.21 TP6= 4.42
 MEAN P    .12   .13   .18   .24   .26   .29   .32   .27   .23   .26   .16   .14
 S DEV P   .15   .14   .22   .33   .34   .42   .39   .36   .28   .39   .20   .21
 SKEW  P  2.87  1.74  2.71  3.48  2.01  2.64  2.01  2.30  2.67  3.17  2.46  3.44
 P(W/W)    .24   .25   .28   .34   .39   .37   .35   .34   .32   .32   .28   .20
 P(W/D)    .08   .09   .12   .14   .18   .16   .18   .16   .12   .09   .07   .07
 TMAX AV 46.40 51.50 61.96 70.75 79.93 90.36 95.48 92.59 84.32 72.24 58.15 47.46
 TMIN AV 14.59 19.39 27.99 36.93 47.45 57.25 62.79 60.87 51.48 37.32 24.63 15.88
 SD TMAX 14.11 14.54 13.45 12.84 10.93  9.53  7.07  7.62 10.48 12.38 13.20 13.70
 SD TMIN  9.87  9.77  8.12  7.90  7.25  6.27  4.52  4.74  7.69  8.05  8.34  9.31
 SOL.RAD  211.  298.  392.  478.  564.  617.  630.  548.  455.  344.  233.  199.
 SD SOL   17.4  27.9  46.4  48.4  54.2  45.6  29.4  36.2  29.1  20.8  24.1  20.2
 MX .5 P   .21   .25   .27   .42   .72  1.01  1.17  1.22   .70   .49   .31   .30
 DEW PT  16.00 18.84 23.26 29.44 40.35 47.44 53.27 53.44 44.27 32.18 23.18 17.00
Time Pk   .461  .637  .710  .809  .812  .819  .964  .973  .980  .981  .984 1.000
% N       5.68  7.79  8.69  6.96  5.37  4.20  3.85  4.05  4.23  5.27  6.54  6.48
MEAN      5.07  6.10  6.93  7.08  5.38  4.91  4.46  4.53  4.59  4.74  5.64  5.47
STD DEV   2.64  3.27  4.08  4.28  2.73  2.54  2.21  2.26  2.35  2.54  3.10  3.41
SKEW       .69  1.01  1.20  1.39   .61  1.07   .81   .72   .71   .84   .89  1.37
% NNE     4.03  4.69  5.61  5.32  4.29  4.61  3.10  3.45  3.65  3.97  4.19  3.63
MEAN      5.15  5.44  5.96  6.95  5.75  5.59  5.00  5.35  5.28  5.00  5.74  5.13
STD DEV   2.66  2.70  2.77  2.79  2.69  2.62  2.24  2.47  2.19  2.59  3.03  2.44
SKEW       .52  1.16   .43   .20   .73   .80   .57   .82   .30   .88  1.14   .53
% NE      4.49  4.29  5.54  5.83  5.09  4.80  4.86  4.75  5.49  4.24  4.55  4.46
MEAN      4.61  4.42  5.03  5.26  5.30  5.11  4.81  4.60  4.72  4.27  4.17  4.33
STD DEV   2.38  2.07  2.48  2.48  2.49  2.35  2.18  2.08  2.25  2.16  2.07  2.16
SKEW       .76   .77   .80   .57   .53   .59   .68   .56   .86   .78   .79   .81
% ENE     3.42  4.41  4.95  4.76  4.15  4.76  4.68  3.82  4.87  3.86  3.30  2.43
MEAN      4.35  5.03  4.88  5.05  5.37  5.22  4.79  4.50  4.73  4.53  4.47  4.23
STD DEV   1.93  2.23  2.37  2.19  2.18  2.16  1.94  1.93  2.13  2.01  2.22  1.94
SKEW       .60   .72   .94   .40   .61   .29   .48   .54   .65   .84   .73   .48
% E       5.49  6.37  7.53  7.06  7.67  7.77  8.91  8.10  9.86  7.19  5.24  4.84
MEAN      4.08  4.54  4.63  4.77  4.79  4.72  4.33  4.29  4.04  3.93  3.94  3.91
STD DEV   1.82  2.04  1.95  2.21  2.16  1.90  1.79  1.76  1.67  1.65  1.72  1.85
SKEW       .67   .76   .54   .56   .85   .37   .59   .56   .59   .55   .51   .52
% ESE     3.51  4.59  5.60  6.55  6.60  6.82  6.23  5.89  6.96  5.07  4.13  2.35
MEAN      3.87  4.17  4.65  4.60  4.41  4.31  4.24  3.97  3.93  3.71  3.81  3.70
STD DEV   1.63  1.77  1.66  1.87  1.87  1.68  1.76  1.63  1.53  1.32  1.76  1.39
SKEW       .65   .93   .56   .72   .64   .60   .65   .55   .52   .82  1.15   .68
% SE      2.45  2.80  3.39  4.08  5.35  5.14  5.47  5.58  5.01  3.89  2.75  1.90
MEAN      3.00  3.14  3.83  4.31  4.13  4.43  3.78  3.67  3.55  3.31  2.85  3.38
STD DEV   1.13  1.20  1.81  1.64  1.78  2.25  1.67  1.54  1.49  1.41  1.13  1.25
SKEW       .47   .17   .93   .70   .61   .67   .61   .93   .61   .76   .51   .81
% SSE     2.43  1.92  2.22  3.67  4.70  5.12  5.59  4.50  3.75  3.50  1.53  1.33
MEAN      3.27  3.23  4.24  4.97  4.80  4.87  4.41  3.87  3.64  3.89  3.37  2.95
STD DEV   1.15  1.55  1.94  2.77  2.29  2.20  1.98  1.74  1.62  1.92  1.63  1.15
SKEW       .47   .89   .64  1.05   .73   .51   .73   .73   .84  1.06   .98   .36
% S       2.78  3.37  4.29  6.54  9.10  8.99 10.05  8.58  8.22  7.09  3.86  3.26
MEAN      2.92  3.32  3.88  4.75  4.80  4.70  3.85  3.70  3.86  3.87  3.43  3.16
STD DEV   1.09  1.37  1.89  2.48  2.48  2.17  1.68  1.62  1.85  1.80  1.66  1.28
SKEW       .60   .64   .90   .89   .91   .70   .81   .74   .75   .89  1.11   .78
% SSW     3.17  4.05  3.81  4.83  5.57  6.69  6.66  6.66  4.90  4.37  3.91  3.59
MEAN      4.11  3.83  4.82  5.52  5.73  5.09  4.43  4.15  4.68  4.23  3.98  3.71
STD DEV   1.81  1.88  2.42  2.74  3.08  2.32  1.89  1.66  2.32  2.04  1.79  1.93
SKEW      1.40  1.73   .93   .81  1.39   .62   .66   .51  1.00   .84  1.08  1.22
% SW      9.59  8.68  7.17  8.42  8.80  9.32  8.93  9.76  7.80  8.21 10.13 11.37
MEAN      4.12  4.06  4.35  4.80  4.28  4.39  4.08  3.94  3.93  3.78  3.86  4.01
STD DEV   1.80  1.81  2.04  2.32  1.85  1.86  1.59  1.43  1.71  1.61  1.75  1.69
SKEW       .98   .99   .91  1.01   .79   .63   .51   .78   .65   .84  1.18   .86
% WSW    10.21  9.21  7.87  9.20  6.28  6.91  6.09  6.93  7.27  8.01 10.06 10.60
MEAN      4.82  4.83  5.50  5.80  4.86  4.53  4.01  4.11  3.96  3.95  4.31  4.58
STD DEV   2.09  2.31  2.75  2.76  2.01  1.76  1.73  1.46  1.60  1.56  1.76  2.11
SKEW      1.02  1.49  1.13   .87   .78   .59   .84   .64   .55   .72   .85  1.51
% W      13.32 10.76  8.10  7.65  6.96  6.40  6.11  7.40  7.60 10.78 13.12 13.94
MEAN      4.29  4.40  4.94  5.26  4.68  4.26  3.80  3.81  3.95  4.07  4.23  4.32
STD DEV   1.78  1.91  2.60  2.66  1.97  1.78  1.52  1.45  1.69  1.69  1.89  1.99
SKEW       .69   .96  1.29  1.71   .68  1.00   .72  1.28   .80   .73   .98  1.10
% WNW     6.76  6.99  5.87  4.15  4.21  3.73  3.73  4.45  4.19  6.24  6.40  6.78
MEAN      4.56  4.55  5.80  5.88  5.35  4.52  4.07  4.01  4.32  4.38  4.43  4.53
STD DEV   2.10  2.18  3.45  2.78  2.21  1.88  1.55  1.48  2.04  1.87  2.06  2.06
SKEW      1.25  1.77  1.76  1.30   .81  1.00   .87   .69   .86   .85  1.06  1.19
% NW      5.23  5.24  5.06  3.96  3.96  3.45  3.54  3.91  3.49  3.89  4.82  5.83
MEAN      4.00  4.27  4.73  5.47  4.75  4.34  3.94  3.84  3.94  4.04  3.89  4.37
STD DEV   2.01  1.93  2.43  2.69  2.26  1.86  1.59  1.67  2.07  1.85  1.77  2.38
SKEW      1.31   .87  1.15   .97   .96   .76   .84   .99  1.17   .95  1.00  1.25
% NNW     4.82  4.78  5.86  3.88  3.37  2.98  2.27  2.35  2.74  3.27  5.12  4.16
MEAN      4.86  5.12  6.52  5.93  5.36  5.12  4.25  4.42  4.48  4.67  5.35  5.16
STD DEV   2.46  2.78  3.88  2.99  2.61  2.48  2.11  1.73  2.23  2.47  2.54  2.77
SKEW       .70  1.12  1.34  1.53  1.02  1.09   .89   .67   .96   .91   .62   .90
CALM     12.57 10.02  8.52  6.98  8.52  8.24  9.99  9.81 10.02 11.10 10.29 13.09
 
INTERPOLATED DATA (station & weighting factor)
 
---Wind Stations---
LA JUNTA      CO     .750  TRINIDAD      CO     .147  SMOKEY HILL   KS     .103
---Solar Radiation and Max .5 P Stations---
 CO JOHN MARTIN DAM  .728   CO ARAPAHOE         .148   CO WALSENBURG 1 NW  .124 
---Dewpoint Stations---
CO LA JUNTA MUNI AP  .746  CO PUEBLO MEM AP     .168  KS GARDEN CITY RGNL  .086 
---Time Peak Stations---
CO JOHN MARTIN DAM   .718  CO ARAPAHOE          .152  CO WALSENBURG 1 NW   .129 
