 HOLYOKE CO                               54082 0
 LATT=  40.58 LONG=-102.30 YEARS= 40. TYPE= 3
 ELEVATION = 3730. TP5 = 2.41 TP6= 4.36
 MEAN P    .12   .12   .19   .23   .29   .30   .30   .28   .20   .20   .16   .12
 S DEV P   .17   .13   .33   .29   .40   .42   .42   .37   .30   .27   .19   .15
 SKEW  P  3.66  2.11  3.66  2.38  2.53  3.09  2.58  2.30  3.70  2.84  1.91  2.79
 P(W/W)    .22   .28   .35   .47   .49   .44   .37   .31   .39   .40   .25   .27
 P(W/D)    .10   .12   .15   .19   .25   .24   .25   .23   .15   .12   .10   .08
 TMAX AV 40.61 44.96 53.43 62.63 72.09 82.59 88.69 86.47 78.09 65.41 52.10 42.42
 TMIN AV 14.04 17.41 24.91 33.95 44.65 54.44 60.28 57.88 47.85 35.02 23.59 15.11
 SD TMAX 13.67 14.60 14.19 13.56 11.43  9.82  7.95  7.93 11.17 12.86 14.05 14.08
 SD TMIN 10.85 10.65  8.78  7.71  7.39  5.95  4.49  5.16  7.76  7.82  8.69 10.71
 SOL.RAD  191.  262.  358.  437.  515.  586.  606.  522.  416.  298.  195.  171.
 SD SOL   17.3  28.1  39.9  55.3  66.6  46.2  37.8  33.9  31.1  26.5  20.7  18.9
 MX .5 P   .22   .25   .31   .48   .68  1.08  1.34  1.18   .62   .42   .23   .23
 DEW PT  15.31 18.31 23.97 30.82 41.75 50.02 54.82 53.82 44.02 32.82 23.16 16.50
Time Pk   .455  .648  .730  .824  .834  .840  .957  .967  .968  .980  .990 1.000
% N       3.90  4.73  5.44  7.42  5.02  4.49  3.60  4.08  4.29  4.41  3.91  3.88
MEAN      6.04  6.76  7.10  7.19  6.07  5.57  5.73  5.01  5.35  5.41  6.11  6.30
STD DEV   3.05  3.58  3.75  3.18  2.81  2.66  2.66  2.43  2.60  2.74  2.75  3.32
SKEW       .66   .85   .57   .38   .48   .77   .31   .49   .61   .58   .49   .66
% NNE     4.13  4.18  6.50  6.87  6.81  7.25  6.03  5.42  5.67  5.67  3.98  2.63
MEAN      5.63  6.32  6.74  6.48  5.92  5.88  5.91  5.22  5.65  5.40  5.78  5.08
STD DEV   2.67  2.96  3.25  2.91  2.60  2.56  2.63  2.45  2.57  2.36  2.57  2.59
SKEW       .63   .68   .38   .41   .63   .47   .55   .95   .71   .56   .37   .58
% NE      1.96  1.89  3.70  3.37  4.98  4.44  4.27  4.20  3.52  2.99  1.51  1.33
MEAN      3.82  4.93  4.77  5.38  5.07  5.12  5.17  4.35  4.23  4.32  4.90  3.71
STD DEV   1.88  2.29  2.07  2.65  2.40  2.22  2.42  2.12  1.92  1.77  2.37  1.94
SKEW       .66   .79   .42   .49   .64   .52   .55   .72   .61   .28   .51   .87
% ENE     1.72  1.94  3.11  3.63  5.38  5.05  4.82  4.69  3.47  2.82  1.18   .92
MEAN      3.86  4.74  5.00  5.23  5.46  5.13  4.98  4.47  4.08  3.81  3.86  3.13
STD DEV   1.70  2.19  2.15  2.18  2.65  2.09  1.98  1.98  1.85  1.64  1.59  1.17
SKEW       .79  1.23   .59   .40   .81   .21   .32   .59   .60   .60   .40   .53
% E       1.51  1.65  2.87  2.92  3.51  5.02  4.06  4.82  2.94  2.43  1.53  1.15
MEAN      3.40  4.09  5.00  4.73  4.60  4.86  5.17  4.35  4.00  3.26  3.14  3.62
STD DEV   1.48  2.39  2.43  2.36  2.13  2.15  2.39  2.11  2.05  1.39  1.34  1.65
SKEW       .52  1.05   .54   .86   .51   .34   .44   .65   .91   .42   .91   .65
% ESE     3.17  3.14  6.92  7.16 10.20 10.97  9.85 10.18  7.79  6.76  2.41  2.80
MEAN      4.21  4.77  6.12  5.58  5.71  5.81  5.47  4.98  4.89  4.51  4.78  4.01
STD DEV   1.94  2.06  2.73  2.70  2.48  2.39  2.42  2.18  2.35  2.13  2.74  1.73
SKEW       .50  1.01   .58   .85   .60   .39   .50   .61   .84   .65  1.12   .60
% SE      3.37  3.12  6.45  6.21  7.11  7.90 10.41 10.61  8.47  6.19  3.49  3.00
MEAN      4.47  4.71  5.56  6.03  6.00  5.94  5.59  5.20  5.22  4.73  5.01  4.36
STD DEV   2.10  2.10  2.51  3.13  3.00  2.50  2.53  2.37  2.69  2.28  2.88  1.99
SKEW       .34   .58   .37   .65   .89   .45   .48   .43   .88   .46  1.08   .59
% SSE     4.62  4.92  7.05  9.63 11.66 12.20 15.44 13.33 11.62  7.20  4.62  3.89
MEAN      5.10  5.45  6.36  7.05  6.78  6.45  6.14  5.75  6.21  5.74  5.10  4.86
STD DEV   2.24  2.59  2.81  3.54  2.97  2.60  2.43  2.40  2.87  2.78  2.41  2.27
SKEW       .77  1.23   .34   .78   .63   .40   .76   .22   .38   .60   .65   .55
% S       2.96  3.05  3.95  4.34  4.48  5.60  8.29  6.55  6.21  4.80  3.92  2.53
MEAN      4.37  4.59  5.44  5.59  5.71  5.59  5.19  4.56  4.98  4.62  4.15  4.28
STD DEV   1.87  2.02  2.47  2.79  2.82  2.75  2.22  2.21  2.62  2.41  2.01  2.12
SKEW       .43   .49   .47   .80   .62   .67   .38   .61   .76   .90   .95   .81
% SSW     6.97  5.06  5.01  5.47  5.22  6.24  8.33  6.79  7.27  5.76  5.95  4.80
MEAN      4.65  4.76  5.09  5.56  5.03  5.57  5.26  4.56  4.56  4.47  4.46  4.51
STD DEV   2.07  2.14  2.32  2.60  2.52  2.60  2.23  2.04  2.11  1.90  2.21  1.80
SKEW      1.09   .47   .58   .80   .67   .80   .40   .61   .69   .55  1.07   .62
% SW      8.35  6.67  3.61  3.06  3.12  3.50  3.57  4.09  4.01  4.44  5.72  7.57
MEAN      4.27  4.31  4.60  4.39  4.40  4.68  4.34  4.14  3.88  3.92  4.08  4.32
STD DEV   1.76  1.59  2.03  1.90  2.29  2.19  2.19  2.10  1.85  1.65  1.65  1.78
SKEW       .74   .49   .66   .46  1.25   .71   .89   .80   .87   .66   .58   .61
% WSW    12.05 11.44  5.90  5.74  4.15  3.99  3.63  3.83  5.04  6.22  9.96 12.40
MEAN      4.71  4.89  4.76  4.54  4.60  4.34  4.26  4.08  4.31  4.03  4.44  4.46
STD DEV   1.99  1.86  2.29  1.74  2.09  1.83  1.98  1.87  1.98  1.65  1.72  1.64
SKEW      1.06   .30  1.13   .40   .68   .57  1.22  1.09   .85   .63   .60   .61
% W      10.38 11.21  5.74  5.21  3.83  3.46  3.52  4.11  5.20  8.22 11.14 12.69
MEAN      4.56  5.05  4.57  4.57  4.20  4.46  3.84  3.82  3.98  3.98  4.39  4.85
STD DEV   1.95  2.11  2.15  2.20  2.04  2.14  1.91  1.80  1.75  1.73  1.77  2.15
SKEW      1.10   .55   .78  1.03   .73   .97  1.31   .70   .62  1.03   .62   .94
% WNW    14.73 14.92 10.50  8.62  6.79  5.77  3.49  4.79  6.92 11.03 16.70 18.59
MEAN      6.06  6.39  7.30  6.22  5.77  5.49  4.47  4.51  4.91  5.27  5.80  5.93
STD DEV   3.29  3.18  3.63  3.02  2.69  2.77  2.26  2.10  2.42  2.85  2.69  2.84
SKEW      1.52  1.40   .82   .82   .86  1.16   .99   .87   .75  1.18   .74  1.10
% NW      8.08  8.67  7.99  6.06  6.01  4.44  2.91  3.30  5.14  7.49  9.90  8.94
MEAN      6.74  6.69  8.16  6.84  6.26  5.64  4.45  4.74  4.75  5.27  6.08  6.60
STD DEV   4.03  3.49  4.54  3.69  3.27  3.38  2.20  2.24  2.43  2.93  3.37  3.64
SKEW       .87   .78   .80   .96   .72  1.29   .77   .77   .80  1.01   .99   .90
% NNW     9.36 10.90 13.03 12.30  9.68  7.15  4.94  5.25  8.20  9.42 10.86 10.11
MEAN      7.13  7.82  8.77  8.43  6.94  6.46  6.00  5.38  5.93  6.04  7.50  7.49
STD DEV   3.23  3.58  4.06  3.74  3.18  3.35  2.83  2.57  2.66  3.20  3.66  3.39
SKEW       .45   .60   .61   .40   .57   .98   .47   .46   .38   .77   .52   .43
CALM      2.78  2.63  2.26  1.89  2.06  2.62  2.86  3.78  4.25  4.15  3.13  2.81
 
INTERPOLATED DATA (station & weighting factor)
 
---Wind Stations---
IMPERIAL      NB     .432  SIDNEY        NB     .289  AKRON         CO     .279
---Solar Radiation and Max .5 P Stations---
 NE BIG SPRINGS      .429   CO ECKLEY           .416   NE MC COOK #2       .156 
---Dewpoint Stations---
CO AKRON WASHINGTON  .533  NE SCOTTSBLUFF HEIL  .273  KS HILL CITY MUNI A  .194 
---Time Peak Stations---
NE BIG SPRINGS       .439  CO ECKLEY            .408  NE MC COOK #2        .153 
