 GREAT SAND DUNES NM CO                   53541 0
 LATT=  37.72 LONG=-105.53 YEARS= 40. TYPE= 3
 ELEVATION = 8120. TP5 = 1.89 TP6= 3.00
 MEAN P    .11   .09   .16   .18   .14   .14   .17   .17   .18   .18   .14   .09
 S DEV P   .14   .10   .19   .22   .17   .17   .25   .22   .28   .21   .17   .11
 SKEW  P  2.78  2.51  2.79  2.46  2.39  2.61  4.51  2.65  3.77  1.89  2.68  3.32
 P(W/W)    .28   .27   .35   .42   .49   .38   .50   .50   .44   .40   .29   .30
 P(W/D)    .12   .14   .14   .14   .15   .14   .25   .28   .19   .12   .11   .12
 TMAX AV 34.30 38.59 47.62 56.38 66.03 77.01 80.76 78.15 71.25 59.66 45.74 35.39
 TMIN AV  9.65 14.36 22.56 28.52 37.34 46.15 51.37 49.37 42.82 31.89 20.82 10.99
 SD TMAX  8.74  8.86  9.38  9.99  8.97  7.08  5.56  5.07  7.10  9.33 10.51  9.23
 SD TMIN  9.25  8.97  7.64  7.52  6.79  5.75  4.04  4.28  5.96  7.32  8.75  9.23
 SOL.RAD  226.  311.  404.  488.  579.  611.  582.  514.  450.  355.  248.  206.
 SD SOL   20.4  33.3  44.2  57.9  63.9  53.0  43.9  36.7  39.5  26.9  29.1  24.1
 MX .5 P   .25   .24   .26   .34   .39   .56   .83   .83   .38   .32   .26   .23
 DEW PT   8.92 12.71 17.71 21.92 30.12 37.72 46.29 47.29 37.88 25.88 17.11  9.92
Time Pk   .526  .701  .773  .865  .870  .873  .983  .983  .985  .985  .993 1.000
% N       7.46  7.19  6.43  6.79  6.53  5.70  7.79  8.09  6.45  7.46  8.36  7.67
MEAN      3.96  4.39  5.66  5.80  5.08  4.61  4.38  4.29  4.02  4.50  4.52  4.30
STD DEV   2.66  2.79  3.50  3.39  3.02  2.74  2.57  2.37  2.36  2.75  2.90  2.73
SKEW      1.29  1.25   .66   .72   .95   .95  1.14  1.17  1.14  1.02  1.29  1.08
% NNE     3.37  3.75  3.32  3.83  3.49  3.42  4.12  4.44  3.60  3.67  3.88  3.70
MEAN      3.83  4.42  4.66  5.28  4.49  4.55  4.07  3.82  4.08  3.96  3.97  4.04
STD DEV   2.43  2.59  2.73  3.14  2.58  2.74  2.28  2.13  2.47  2.20  2.43  2.43
SKEW      1.33  1.06   .83   .69   .66  1.08  1.16  1.18  1.09   .75  1.43  1.15
% NE      2.82  2.84  2.88  2.55  2.89  3.20  4.14  3.79  3.43  3.19  3.37  2.96
MEAN      3.14  3.33  3.69  3.89  3.85  3.44  3.57  3.34  3.29  3.11  3.07  2.93
STD DEV   1.80  1.89  2.05  2.23  2.12  2.02  2.06  1.84  1.72  1.63  1.60  1.48
SKEW      1.48   .95  1.21   .97   .98  1.35  1.53  1.17  1.25  1.40  1.07   .94
% ENE     2.26  2.46  2.56  2.55  2.86  2.93  3.62  3.57  3.33  2.89  2.52  2.08
MEAN      2.68  3.05  3.76  3.83  3.71  3.61  3.48  3.44  3.43  3.25  3.00  2.71
STD DEV   1.21  1.42  2.07  2.23  1.75  1.96  1.75  1.84  2.04  1.52  1.51  1.27
SKEW       .71  1.21  1.38  1.12   .79  1.59   .99  1.19  1.66  1.65   .92  1.11
% E       4.45  4.31  4.78  5.27  5.60  5.87  7.45  6.30  6.27  5.90  4.94  4.16
MEAN      3.07  3.31  3.81  4.24  4.12  3.91  3.87  3.71  3.53  3.27  3.16  2.89
STD DEV   1.94  1.96  2.16  2.30  2.43  2.16  2.10  2.04  1.96  1.85  1.92  1.89
SKEW      1.95  1.29  1.01   .76   .91  1.19  1.03   .97  1.09  1.39  1.62  2.84
% ESE     4.06  4.06  4.74  4.90  5.78  6.08  7.00  6.49  6.06  5.46  4.41  3.06
MEAN      3.79  3.62  4.12  4.49  4.73  4.33  4.40  4.07  3.98  3.63  3.49  3.24
STD DEV   2.60  2.01  2.35  2.53  2.47  2.36  2.35  2.12  2.07  1.82  2.05  1.93
SKEW      1.48  1.25  1.05   .95   .76  1.07   .78  1.03   .90   .87  1.32  1.31
% SE      4.78  5.60  5.65  6.13  7.29  7.17  8.21  7.54  7.13  6.48  5.70  4.46
MEAN      3.24  3.47  3.90  4.40  4.32  4.23  4.03  3.82  3.78  3.43  3.13  3.08
STD DEV   1.77  1.76  1.91  2.20  2.17  1.97  2.03  1.76  1.81  1.63  1.63  1.78
SKEW      1.05   .91   .96   .77   .87   .84  1.06   .71   .76   .91   .99  1.57
% SSE     5.30  6.09  7.08  6.50  7.43  8.46  6.89  7.26  8.07  6.88  5.95  5.17
MEAN      3.93  3.94  4.17  4.69  4.76  4.57  4.07  3.87  3.81  3.82  3.70  3.77
STD DEV   2.24  2.17  2.19  2.40  2.59  2.19  2.01  1.88  1.87  2.11  2.21  2.21
SKEW       .70   .85   .76   .72   .97   .71   .91   .77   .98   .97  1.17   .84
% S       8.13  9.03  9.87  9.14  9.43  9.19  7.14  7.19  8.95  9.31  7.91  7.86
MEAN      4.00  4.09  4.62  5.23  5.17  4.88  4.06  3.90  4.08  4.09  3.91  3.95
STD DEV   2.34  2.38  2.40  2.70  2.76  2.43  2.07  1.97  2.08  2.36  2.31  2.29
SKEW       .96  1.08   .66   .60   .79   .67   .87   .82   .87  1.12   .99   .78
% SSW     5.76  6.37  7.78  8.55  8.38  8.77  5.18  5.14  6.88  6.61  5.81  5.42
MEAN      4.64  4.53  5.69  6.39  5.99  5.87  4.19  4.20  4.61  4.70  4.45  4.56
STD DEV   2.93  2.74  3.19  3.45  3.16  2.87  2.31  2.24  2.58  2.73  2.74  2.99
SKEW       .75  1.07   .55   .57   .61   .37   .75   .67   .74   .80  1.03   .97
% SW      6.81  7.19  8.53  9.80  8.51  8.31  5.39  5.71  6.75  6.74  5.80  6.85
MEAN      4.02  4.46  5.93  6.55  6.09  6.05  4.18  4.36  4.72  4.65  4.24  4.22
STD DEV   3.10  3.31  3.55  3.59  3.32  3.08  2.31  2.30  2.68  2.83  2.90  2.91
SKEW      1.62  1.35   .61   .48   .51   .49   .74   .66   .67   .87  1.35  1.36
% WSW     5.94  5.66  7.23  8.97  7.95  7.77  4.42  4.62  5.87  5.42  5.06  5.50
MEAN      5.17  4.89  6.55  7.30  6.92  6.27  4.71  4.59  5.22  4.81  4.36  4.38
STD DEV   3.66  3.39  3.71  3.70  3.68  3.08  2.49  2.49  2.78  2.97  2.91  3.01
SKEW      1.17  1.45   .47   .46   .64   .57   .62   .67   .55   .92  1.24  1.42
% W       8.25  7.89  6.61  6.30  5.99  5.78  5.38  5.36  5.28  6.09  6.68  7.93
MEAN      4.16  4.07  5.26  5.88  5.62  5.53  4.06  3.99  3.93  3.98  3.68  3.99
STD DEV   3.05  2.76  3.37  3.57  3.36  3.55  2.36  2.33  2.31  2.69  2.38  2.76
SKEW      2.46  2.14   .92   .85   .96  1.00   .92  1.15  1.12  1.64  1.94  2.43
% WNW     5.49  5.55  4.75  4.60  3.69  3.27  3.92  4.30  3.88  3.85  5.12  5.85
MEAN      4.00  4.27  5.75  6.02  5.06  4.84  4.52  4.05  3.97  3.70  4.16  3.86
STD DEV   2.92  2.73  3.55  3.51  2.98  2.91  2.81  2.43  2.35  2.13  3.16  2.42
SKEW      1.75  1.22   .85   .63   .80   .87  1.01   .99  1.22  1.26  2.07  1.43
% NW      5.59  5.59  4.89  4.29  3.73  3.74  4.63  4.55  3.61  3.81  5.01  5.46
MEAN      3.22  3.89  5.13  5.31  4.47  4.35  4.26  3.96  3.50  3.21  3.47  3.54
STD DEV   1.99  2.58  3.09  3.24  2.63  2.60  2.51  2.56  2.04  1.82  2.33  2.56
SKEW      1.74  1.34   .81  1.14  1.18  1.06  1.07  1.33  1.25  1.30  1.74  1.87
% NNW     4.85  5.31  6.13  5.13  4.67  4.43  6.12  5.83  4.83  4.62  5.35  5.43
MEAN      3.81  4.73  5.50  5.95  5.18  4.71  4.30  4.03  3.73  3.93  4.02  4.37
STD DEV   2.22  2.96  3.12  3.23  2.87  2.63  2.49  2.43  2.11  2.44  2.48  2.67
SKEW      1.13  1.09   .78   .80   .81   .75  1.18  1.07  1.20  1.32  1.28  1.12
CALM     14.71 11.16  6.73  4.74  5.77  5.92  8.63  9.89  9.66 11.62 14.09 16.39
 
INTERPOLATED DATA (station & weighting factor)
 
---Wind Stations---
ALAMOSA       CO     .582  PUEBLO        CO     .225  FORT CARSON   CO     .193
---Solar Radiation and Max .5 P Stations---
 CO WALSENBURG 1 NW  .513   NM EAGLE NEST       .256   CO ANTERO RSVR      .231 
---Dewpoint Stations---
CO ALAMOSA SAN LUIS  .597  CO PUEBLO MEM AP     .225  CO COLORADO SPRINGS  .178 
---Time Peak Stations---
CO WALSENBURG 1 NW   .507  NM EAGLE NEST        .257  CO ANTERO RSVR       .236 
