 TRINIDAD CO                              58429 0
 LATT=  37.17 LONG=-104.50 YEARS= 40. TYPE= 3
 ELEVATION = 6300. TP5 = 2.17 TP6= 3.59
 MEAN P    .12   .13   .18   .21   .24   .21   .25   .23   .22   .23   .18   .13
 S DEV P   .15   .14   .21   .30   .29   .27   .37   .35   .32   .30   .20   .17
 SKEW  P  2.61  2.50  2.09  2.84  1.88  2.70  3.07  4.86  3.42  2.68  2.00  4.08
 P(W/W)    .25   .31   .33   .35   .45   .42   .50   .51   .38   .37   .34   .32
 P(W/D)    .11   .11   .16   .16   .17   .19   .25   .27   .16   .11   .11   .11
 TMAX AV 48.92 51.43 58.72 66.29 74.69 84.15 87.59 84.99 79.37 69.44 56.95 48.46
 TMIN AV 19.14 21.77 28.72 35.30 44.30 52.86 57.71 56.04 49.01 37.55 27.20 19.90
 SD TMAX 11.58 12.02 11.09 10.75  9.32  7.99  5.51  5.63  7.50 10.13 11.81 12.39
 SD TMIN 10.08 10.53  9.48  9.11  8.15  6.62  4.63  4.59  7.44  7.92  9.25 10.34
 SOL.RAD  234.  326.  419.  500.  594.  615.  608.  538.  465.  363.  254.  209.
 SD SOL   15.1  26.2  40.9  38.3  44.9  38.8  40.9  28.4  32.2  23.2  26.9  25.0
 MX .5 P   .20   .22   .26   .35   .53   .56  1.14   .93   .54   .41   .24   .20
 DEW PT  13.97 15.43 19.46 24.96 33.57 40.85 48.35 48.54 40.51 29.23 20.23 14.97
Time Pk   .510  .690  .750  .860  .860  .860  .970  .970  .980  .980  .990 1.000
% N       4.82  5.70  6.27  4.99  5.05  4.32  4.27  4.12  4.17  4.13  5.25  5.21
MEAN      4.47  5.02  6.27  5.85  5.17  4.40  3.71  3.84  3.79  4.32  4.94  4.62
STD DEV   2.30  3.04  4.46  3.56  2.77  2.36  1.98  2.08  1.89  2.38  2.93  2.70
SKEW       .77  1.20  1.50  1.71   .90   .80   .94   .97   .79   .77  1.10  1.08
% NNE     4.84  5.25  5.35  5.11  4.98  4.17  4.14  3.99  4.16  4.12  5.25  4.25
MEAN      4.14  4.88  4.82  5.30  5.06  4.50  4.01  3.76  4.01  3.70  4.37  4.02
STD DEV   2.16  2.83  2.56  2.92  2.54  2.44  2.12  1.94  2.05  1.85  2.55  2.13
SKEW       .96   .85   .85   .93   .64   .93   .99   .96   .69   .82  1.24  1.00
% NE      5.52  5.21  5.45  4.85  5.09  4.96  5.28  4.90  5.50  6.00  6.72  5.45
MEAN      3.63  3.81  4.11  4.55  4.19  3.98  3.50  3.50  3.83  3.66  3.67  3.40
STD DEV   1.76  2.12  1.94  2.56  2.20  1.85  1.77  1.55  1.93  1.67  1.90  1.52
SKEW      1.48  1.44   .89  1.01   .97   .86  1.06   .60   .84  1.16  1.35   .85
% ENE     3.61  3.52  3.85  4.08  3.98  3.78  3.78  3.43  4.52  4.57  4.31  3.51
MEAN      3.37  3.62  3.82  4.24  4.31  3.98  3.84  3.66  3.95  3.44  3.60  3.29
STD DEV   1.44  1.69  1.79  1.90  2.01  1.75  1.71  1.71  1.90  1.50  1.61  1.57
SKEW       .89  1.05  1.10   .77  1.11   .94  1.00   .83  1.10  1.06  1.05  1.09
% E       3.65  3.69  3.71  4.69  4.69  4.43  4.79  4.82  5.03  5.02  4.24  3.25
MEAN      3.28  3.26  3.68  3.84  3.93  3.90  3.75  3.46  3.37  3.21  3.33  2.91
STD DEV   1.51  1.50  1.53  1.64  1.91  1.73  1.78  1.55  1.54  1.43  1.43  1.28
SKEW      1.06   .64   .70   .84   .99   .80  1.12   .77   .88   .86   .73   .83
% ESE     2.61  3.17  3.76  4.33  3.98  3.99  4.27  3.73  4.12  4.08  3.31  2.42
MEAN      3.15  3.32  3.70  3.95  4.20  4.18  4.00  3.67  3.73  3.38  3.28  2.97
STD DEV   1.39  1.51  1.66  1.67  1.86  1.94  2.03  1.75  1.75  1.54  1.46  1.20
SKEW       .92   .73   .85   .84   .71   .95  1.10  1.14   .84   .81   .78   .60
% SE      2.73  2.93  3.12  3.35  3.89  3.79  4.24  3.79  3.76  3.28  2.89  2.73
MEAN      3.32  3.08  3.52  3.68  3.76  4.23  4.00  3.60  3.58  3.32  3.13  3.06
STD DEV   1.47  1.38  1.67  1.77  1.73  2.06  2.05  1.74  1.69  1.66  1.24  1.28
SKEW       .73   .83   .94   .88  1.05   .67  1.13  1.17  1.04  1.36   .69   .72
% SSE     2.83  3.25  3.44  3.80  3.93  4.55  4.73  4.05  4.09  3.36  3.06  2.87
MEAN      3.44  3.40  4.48  5.15  5.38  5.04  4.66  4.03  4.07  4.06  3.65  3.19
STD DEV   1.50  1.66  2.34  2.62  2.67  2.38  2.37  1.91  2.16  2.12  1.69  1.42
SKEW       .30   .87  1.04   .68   .56   .50   .95   .73  1.17  1.06   .57   .67
% S       3.56  4.28  4.94  6.37  6.87  7.46  6.45  6.28  7.03  5.78  4.23  3.50
MEAN      3.48  3.77  4.79  5.84  6.04  5.81  4.62  4.08  4.51  4.96  3.75  3.27
STD DEV   1.66  1.75  2.66  3.48  3.61  2.82  2.28  2.08  2.37  2.59  2.15  1.65
SKEW       .53   .72   .71   .70  1.08   .41   .72   .81   .76   .55  1.35   .73
% SSW     4.14  4.41  6.06  6.48  7.09  7.61  6.36  5.37  6.37  5.81  3.82  3.71
MEAN      5.05  4.53  6.54  6.72  7.18  6.91  5.67  4.91  5.99  5.86  5.09  3.97
STD DEV   2.91  2.26  3.76  3.64  3.76  3.12  2.78  2.37  2.79  3.14  3.05  2.22
SKEW       .82   .48   .86   .51  1.07   .44   .63   .54   .26   .72   .95  1.12
% SW      8.95  7.68  7.36  9.44  9.82 10.90  8.68  9.03  9.00  8.77  7.61  8.36
MEAN      5.26  4.82  5.61  6.49  6.13  5.72  4.77  4.25  4.76  5.09  4.98  4.68
STD DEV   2.94  2.50  3.06  3.49  2.97  2.68  2.35  1.91  2.48  2.74  2.77  2.39
SKEW      1.34   .88   .93   .99   .62   .65  1.07   .70   .92  1.41  1.11  1.04
% WSW    13.39 13.38 12.65 13.41 13.18 13.12 13.81 14.86 14.74 13.46 13.78 13.68
MEAN      6.10  5.75  6.77  7.12  6.54  5.90  4.86  4.56  4.94  5.23  5.15  5.52
STD DEV   3.33  3.00  3.39  3.51  3.01  2.57  2.16  2.11  2.40  2.49  2.60  3.19
SKEW      1.43  1.13   .89   .77   .61   .53   .74   .79   .72   .68   .89  1.84
% W      11.37  9.60  8.32  7.79  7.05  8.27  7.58  8.86  7.99  9.23  9.26 10.75
MEAN      5.48  5.11  6.72  6.17  5.51  5.23  4.14  3.89  4.01  4.48  4.48  5.17
STD DEV   3.29  2.77  3.97  3.36  2.75  2.49  2.00  1.87  2.06  2.41  2.41  2.96
SKEW      1.64  1.14  1.14   .91   .53   .55   .82  1.01   .81   .96  1.25  1.49
% WNW     7.91  7.16  6.82  5.99  4.91  4.45  4.85  5.22  4.29  5.85  6.89  7.70
MEAN      5.45  5.16  6.60  6.03  5.67  4.98  4.00  3.83  3.89  4.36  4.74  5.12
STD DEV   3.40  3.01  3.86  3.20  3.18  2.60  2.03  1.95  2.05  2.32  3.01  3.08
SKEW      1.53  1.41  1.04   .78   .92   .84  1.08   .81   .76  1.01  2.00  1.49
% NW      5.96  6.85  5.41  4.42  4.31  4.23  4.32  4.94  3.99  4.09  5.25  6.71
MEAN      4.04  4.24  5.19  4.89  4.38  4.23  3.68  3.54  3.36  3.69  3.94  4.41
STD DEV   2.41  2.61  3.14  2.66  2.29  2.08  1.98  1.93  1.53  1.90  2.19  2.70
SKEW      1.48  1.34  1.13   .82   .97   .96  1.16  1.29  1.00  1.23  1.27  1.43
% NNW     5.74  6.21  7.02  6.09  5.40  3.82  4.68  4.33  4.03  3.77  4.82  5.50
MEAN      4.99  5.18  5.96  6.19  5.25  4.54  3.96  4.09  3.83  4.19  4.63  5.12
STD DEV   3.04  2.90  3.73  3.42  2.75  2.32  2.00  2.14  1.92  2.20  2.48  2.84
SKEW      1.31   .81  1.52  1.08   .94   .84   .89   .93   .97   .91   .89   .90
CALM      8.25  7.73  6.46  4.73  5.77  6.09  7.63  8.30  7.16  8.69  9.28 10.38
 
INTERPOLATED DATA (station & weighting factor)
 
---Wind Stations---
TRINIDAD      CO     .659  RATON/CREWS   NM     .248  ALAMOSA       CO     .093
---Solar Radiation and Max .5 P Stations---
 CO TRINIDAD         .896   NM RATON FLTR PLT   .070   CO WALSENBURG 1 NW  .034 
---Dewpoint Stations---
CO TRINIDAD PERRY S  .806  CO ALAMOSA SAN LUIS  .114  NM LAS VEGAS MUNI A  .079 
---Time Peak Stations---
CO TRINIDAD         1.000  NM RATON FLTR PLT    .000  CO WALSENBURG 1 NW   .000 
