 BURLINGTON CT                            6 973 0
 LATT=  41.80 LONG= -72.93 YEARS= 40. TYPE= 4
 ELEVATION =  510. TP5 = 1.62 TP6= 3.88
 MEAN P    .39   .40   .44   .42   .39   .43   .44   .52   .55   .56   .46   .43
 S DEV P   .49   .48   .59   .62   .55   .63   .57   .75   .79   .82   .56   .53
 SKEW  P  2.29  2.24  2.88  3.10  4.31  3.71  2.89  3.73  3.66  3.55  1.81  2.13
 P(W/W)    .44   .43   .43   .48   .55   .47   .41   .44   .48   .46   .45   .40
 P(W/D)    .28   .24   .28   .28   .27   .31   .26   .25   .23   .22   .22   .26
 TMAX AV 34.98 37.98 46.88 58.82 69.86 77.68 82.57 80.74 73.50 62.05 51.81 39.91
 TMIN AV 15.84 17.67 25.90 36.06 46.20 55.33 60.55 58.98 50.92 39.27 31.69 21.76
 SD TMAX 10.72 10.07 10.99 10.98  9.91  8.35  6.81  6.77  7.92  8.85  9.49 10.23
 SD TMIN 11.25 10.36  9.01  7.37  7.32  6.93  6.00  6.25  8.20  8.42  8.45  9.72
 SOL.RAD  146.  217.  301.  398.  457.  503.  498.  436.  344.  242.  151.  123.
 SD SOL   15.6  25.7  29.4  41.6  36.5  44.2  35.8  28.1  30.5  20.0  15.8  13.4
 MX .5 P   .42   .37   .45   .46   .63   .84   .97  1.17   .92   .66   .55   .47
 DEW PT  17.62 18.17 24.72 33.72 46.72 57.03 62.45 61.58 54.58 42.58 32.58 22.62
Time Pk   .628  .758  .812  .863  .876  .880  .938  .951  .959  .976  .990 1.000
% N      14.17 14.05 12.65 10.82  9.24  6.98  7.63 10.99 11.51 13.03 12.52 12.47
MEAN      3.93  3.93  4.08  4.12  3.58  3.33  2.96  3.04  3.28  3.46  3.68  3.86
STD DEV   2.05  2.07  1.96  2.06  1.73  1.68  1.35  1.42  1.61  1.66  1.85  1.93
SKEW       .75  1.07   .73   .62   .70   .90   .75   .80  1.04   .79   .90   .83
% NNE     8.27  7.18  7.73  6.96  7.70  4.59  4.37  6.03  6.94  8.42  6.26  6.68
MEAN      3.94  3.76  4.12  4.34  3.91  3.51  3.03  3.18  3.54  3.88  3.55  3.71
STD DEV   2.02  1.88  1.98  1.96  1.83  1.55  1.33  1.40  1.59  1.90  1.82  1.82
SKEW       .54   .60   .64   .58   .60   .56   .75   .61   .71   .65   .95   .68
% NE      3.97  4.42  4.39  4.53  5.77  3.47  3.26  4.88  4.19  5.20  3.46  2.84
MEAN      2.85  3.31  3.71  3.65  3.27  3.24  2.53  2.82  2.80  3.33  2.80  2.73
STD DEV   1.75  1.78  1.97  1.81  1.60  1.52  1.17  1.44  1.43  1.72  1.65  1.61
SKEW      1.35   .74   .87   .65   .62   .62   .85   .97   .98   .77  1.65  1.38
% ENE      .80  1.31  1.71  1.40  2.18  1.40  1.06  1.62  1.29  1.72  1.44   .63
MEAN      2.40  3.34  3.84  3.60  3.71  3.69  2.74  2.76  3.11  3.45  3.94  2.79
STD DEV   1.15  1.71  1.91  1.73  1.74  1.70  1.19  1.31  1.48  1.77  2.63  1.08
SKEW       .56   .58   .52   .56   .62   .42   .50   .67   .57   .46  2.20   .06
% E        .87  1.10  1.48  1.42  2.37  1.71  1.18  1.86  1.47  1.31  1.50   .75
MEAN      2.04  2.66  3.16  3.07  3.18  3.13  2.48  2.40  2.49  2.80  3.41  2.45
STD DEV    .86  1.44  1.67  1.56  1.68  1.70  1.18  1.25  1.32  1.58  2.26  1.29
SKEW       .66   .57   .71   .74   .80   .61   .61  1.10  1.13   .91  1.21  1.16
% ESE      .85  1.01  1.51  1.75  2.07  1.64  1.40  1.60  1.43  1.30  1.41  1.04
MEAN      2.11  2.60  3.63  3.45  3.11  2.82  2.46  2.67  2.46  2.39  3.06  2.29
STD DEV   1.02  1.33  1.77  1.71  1.48  1.36  1.13  1.30  1.05  1.18  2.30  1.16
SKEW       .80  1.25   .48   .63   .60   .92   .55   .97   .94   .85  1.76  1.39
% SE      2.85  2.93  3.13  4.03  4.33  4.29  5.13  4.51  4.35  3.65  3.23  3.36
MEAN      2.36  2.45  3.05  3.13  2.78  2.61  2.41  2.48  2.42  2.28  2.52  2.35
STD DEV   1.09  1.13  1.63  1.65  1.48  1.28  1.12  1.26  1.14  1.11  1.32  1.18
SKEW       .99   .85  1.32  1.02  1.20  1.08  1.01  1.15  1.01  1.35  1.13  1.48
% SSE     4.26  3.95  5.32  6.27  7.30  8.23  7.62  7.25  6.71  5.77  5.24  4.80
MEAN      3.09  3.36  3.90  4.17  3.71  3.48  3.21  3.14  3.08  3.05  3.19  3.33
STD DEV   1.48  1.71  2.09  1.99  1.77  1.59  1.50  1.56  1.37  1.50  1.60  1.77
SKEW       .80   .85   .87   .55   .69   .62   .72  1.01   .80  1.16  1.02   .83
% S       8.07  8.50  9.15 12.47 14.40 18.00 17.55 15.05 14.05 11.96 10.57  9.18
MEAN      3.55  3.62  4.22  4.37  3.91  3.79  3.46  3.27  3.41  3.52  3.57  3.40
STD DEV   1.78  1.74  1.97  2.13  1.87  1.70  1.67  1.54  1.69  1.61  1.93  1.65
SKEW       .76   .69   .51   .57   .62   .54   .71   .76   .85   .66  1.14   .74
% SSW     6.08  4.72  5.26  7.77  9.00 12.26  9.93  8.68  7.96  7.49  6.49  6.51
MEAN      4.08  4.07  4.52  4.77  4.32  4.33  4.01  3.74  3.97  4.04  4.25  4.03
STD DEV   1.97  1.95  2.13  2.14  2.02  1.87  1.81  1.78  1.85  1.83  2.13  1.76
SKEW       .45   .50   .49   .26   .43   .36   .39   .45   .42   .42  1.06   .48
% SW      5.55  4.50  3.60  4.77  4.87  8.16  9.17  7.02  5.92  5.69  6.36  7.23
MEAN      3.63  3.64  3.95  3.85  3.40  3.66  3.43  3.22  3.46  3.55  3.74  3.49
STD DEV   1.94  1.84  2.07  2.01  1.78  1.85  1.68  1.65  1.85  1.84  1.88  1.60
SKEW       .80   .83   .76   .73   .69   .66   .61   .71   .82   .77   .65   .77
% WSW     2.99  2.70  2.62  3.46  2.86  2.97  3.78  2.78  2.55  2.76  3.91  3.68
MEAN      3.96  3.77  4.62  4.49  4.06  3.69  3.52  3.34  3.24  3.79  3.87  3.85
STD DEV   1.94  1.80  2.40  2.32  2.07  1.72  1.57  1.53  1.72  1.76  1.82  1.76
SKEW       .68   .64   .59   .55   .40   .51   .44   .64   .94   .35   .46   .39
% W       4.39  4.68  4.51  4.41  3.27  3.79  5.20  3.84  3.81  3.91  5.29  6.10
MEAN      4.10  4.24  4.60  4.26  3.99  3.45  3.18  3.07  3.22  3.71  3.76  3.97
STD DEV   2.25  2.28  2.29  2.23  2.13  1.78  1.53  1.61  1.74  2.03  1.95  2.07
SKEW       .72   .69   .45   .40   .54   .65   .57   .72   .93   .66   .60   .70
% WNW     7.18  8.37  8.81  6.87  5.21  4.45  4.69  3.97  4.75  4.78  6.94  7.68
MEAN      5.57  5.96  5.93  5.63  5.07  4.54  3.86  3.93  4.12  4.60  4.79  5.37
STD DEV   2.48  2.67  2.47  2.32  2.49  2.12  1.74  1.74  1.92  2.18  2.26  2.38
SKEW       .30   .27   .27   .11   .23   .34   .53   .40   .41   .41   .49   .34
% NW     12.44 13.75 13.10 10.29  7.81  6.73  6.90  6.63  7.82  7.77 10.33 11.45
MEAN      5.27  5.60  5.60  5.35  4.84  4.34  3.83  3.48  3.95  4.30  4.91  5.25
STD DEV   2.45  2.57  2.38  2.36  2.40  2.18  1.79  1.71  1.94  2.09  2.33  2.51
SKEW       .35   .40   .25   .29   .34   .57   .47   .51   .46   .30   .49   .45
% NNW    10.11 11.00 11.03  8.54  6.52  5.58  4.60  4.93  6.21  6.26  8.23  8.61
MEAN      5.13  5.41  5.27  5.18  4.60  4.22  3.59  3.53  3.86  4.09  4.62  4.72
STD DEV   2.28  2.42  2.26  2.32  2.17  1.98  1.64  1.59  1.67  1.87  2.16  2.06
SKEW       .39   .44   .35   .39   .54   .48   .63   .57   .49   .59   .56   .42
CALM      7.18  5.85  4.02  4.26  5.19  5.68  6.44  8.40  9.09  8.98  6.82  7.05
 
INTERPOLATED DATA (station & weighting factor)
 
---Wind Stations---
WINDSOR/BRADL CT     .385  HARTFORD/BRAI CT     .385  WESTFIELD/BAR MA     .229
---Solar Radiation and Max .5 P Stations---
 NY POUGHKEEPSIE 1   .409   NY RIVERHEAD RSCH   .357   VT BALL MTN LAKE    .234 
---Dewpoint Stations---
CT HARTFORD BRAINAR  .449  CT HARTFORD BRADLEY  .415  NY POUGHKEEPSIE DUT  .136 
---Time Peak Stations---
NY POUGHKEEPSIE 1 N  .410  NY RIVERHEAD RSCH F  .354  VT BALL MTN LAKE     .236 
