 TITUSVILLE 2 W FL                        88942 0
 LATT=  28.62 LONG= -80.83 YEARS= 40. TYPE= 4
 ELEVATION =   30. TP5 = 3.14 TP6= 7.52
 MEAN P    .33   .39   .47   .50   .44   .51   .51   .52   .53   .44   .39   .30
 S DEV P   .54   .50   .67   .75   .58   .58   .63   .70   .63   .67   .72   .44
 SKEW  P  4.26  2.21  3.89  3.09  3.04  1.96  2.45  4.12  2.28  3.87  4.88  2.71
 P(W/W)    .36   .42   .42   .43   .41   .60   .58   .62   .60   .56   .49   .45
 P(W/D)    .19   .17   .17   .12   .17   .29   .29   .30   .29   .19   .16   .18
 TMAX AV 69.75 71.79 76.53 80.64 85.68 89.15 90.95 90.74 88.47 83.42 77.15 71.68
 TMIN AV 48.79 51.18 56.21 60.39 66.85 71.51 72.85 73.25 72.33 66.18 58.88 52.06
 SD TMAX  9.12  8.73  7.36  5.78  4.70  4.10  3.77  3.08  3.29  5.06  6.27  8.22
 SD TMIN 10.33  9.44  8.66  6.91  5.01  3.23  3.28  3.27  3.66  7.01  8.64 10.47
 SOL.RAD  271.  326.  420.  516.  555.  506.  524.  483.  408.  350.  284.  243.
 SD SOL   31.8  34.2  35.5  33.1  30.2  54.0  35.9  36.0  38.8  23.8  28.5  19.9
 MX .5 P   .89   .86  1.10  1.19  1.48  2.05  1.91  1.99  1.89  1.53   .90   .88
 DEW PT  51.04 52.14 55.25 59.35 65.62 71.21 72.83 73.73 71.73 65.42 59.73 54.04
Time Pk   .325  .498  .585  .708  .728  .748  .906  .928  .943  .963  .980 1.000
% N      10.14  9.64  7.94  5.27  4.40  3.03  1.97  3.55  5.78 11.84 12.11 10.42
MEAN      4.61  4.77  4.81  5.02  4.47  3.45  3.19  3.09  4.09  4.70  4.79  4.53
STD DEV   2.07  2.13  2.09  2.09  2.07  1.90  1.71  1.59  2.02  2.02  2.05  2.07
SKEW       .32   .36   .24   .08   .19   .86   .63   .61   .66   .33   .24   .43
% NNE     5.38  5.39  4.85  4.32  4.22  3.21  1.75  3.44  6.35  9.95  6.84  6.15
MEAN      4.12  4.21  4.45  4.70  4.52  4.05  3.47  3.51  4.31  4.78  4.34  4.01
STD DEV   1.88  1.84  1.82  1.95  1.82  1.71  1.64  1.58  1.91  2.08  1.87  1.82
SKEW       .47   .49   .20   .28   .22   .24   .40   .40   .53   .64   .43   .60
% NE      3.91  4.13  3.98  4.57  5.24  4.52  2.79  5.06  9.71 10.84  6.08  4.79
MEAN      3.74  3.68  3.88  4.09  4.19  3.98  3.32  3.63  4.26  4.72  4.06  3.66
STD DEV   1.73  1.64  1.70  1.72  1.65  1.74  1.54  1.70  2.00  1.96  1.81  1.77
SKEW       .53   .65   .50   .36   .21   .44   .49   .65  1.00   .28   .44   .79
% ENE     3.84  4.04  4.24  6.01  6.74  5.84  3.88  6.44 10.24 10.77  5.95  4.34
MEAN      3.69  3.74  4.33  4.41  4.52  4.07  3.72  3.78  4.48  5.04  4.26  4.06
STD DEV   1.69  1.71  2.06  1.85  1.80  1.68  1.59  1.65  2.02  2.10  1.84  1.97
SKEW       .69   .65   .69   .35   .30   .27   .31   .90   .87   .30   .35   .80
% E       5.45  4.97  6.19 11.01 12.78 11.47  9.42 11.75 15.21 11.00  7.70  6.15
MEAN      3.76  4.10  4.34  4.68  4.67  4.36  3.91  3.86  4.18  4.60  4.12  3.90
STD DEV   1.73  2.00  1.96  1.84  1.86  1.88  1.63  1.64  1.86  2.06  1.84  1.78
SKEW       .54   .66   .61   .21   .20   .44   .30   .73   .64   .31   .42   .64
% ESE     4.49  4.41  6.25 10.66 10.76  8.61  9.10  8.24  9.56  4.50  4.37  4.01
MEAN      3.81  4.35  4.34  4.73  4.60  4.33  4.02  3.73  3.93  3.98  3.84  3.95
STD DEV   1.70  2.03  1.87  1.88  1.81  1.88  1.70  1.78  1.78  1.82  1.69  1.75
SKEW       .46   .62   .54   .22   .28   .44   .37  1.37   .60   .66   .47   .44
% SE      4.62  5.39  7.27  8.98  9.31  8.01 10.34  7.90  6.37  3.28  4.22  4.04
MEAN      3.71  4.26  4.45  4.47  4.12  3.82  3.71  3.37  3.52  3.50  3.64  3.82
STD DEV   1.86  2.03  1.91  1.99  1.89  1.76  1.71  1.71  1.87  1.73  1.62  1.73
SKEW       .74   .63   .41   .53   .54   .59   .60  1.16   .99   .85   .43   .56
% SSE     4.85  5.21  6.88  6.65  6.33  6.39  8.26  6.37  4.06  2.48  3.03  4.04
MEAN      4.08  4.56  4.66  4.39  3.88  3.63  3.57  3.41  3.64  3.77  3.66  4.18
STD DEV   1.82  2.03  2.02  1.85  1.67  1.59  1.55  1.68  1.93  1.81  1.61  1.85
SKEW       .44   .41   .39   .36   .56   .70   .62  1.18  1.08  1.05   .54   .46
% S       6.98  8.15  8.99  7.13  7.66  9.29 12.75  9.40  5.07  3.40  4.56  6.59
MEAN      4.16  4.54  4.58  4.38  3.74  3.49  3.32  3.17  3.69  3.78  3.90  4.29
STD DEV   1.87  2.10  2.06  1.98  1.66  1.58  1.46  1.43  1.98  1.80  1.81  2.00
SKEW       .45   .42   .49   .63   .56   .93   .93   .86   .95   .76   .73   .54
% SSW     4.96  5.24  5.92  4.61  5.09  6.89  8.55  6.60  3.64  2.26  3.65  4.28
MEAN      4.25  4.60  4.65  4.30  3.54  3.47  3.18  3.22  3.34  3.49  4.06  4.24
STD DEV   2.01  2.33  2.12  2.06  1.61  1.73  1.36  1.47  1.68  1.66  1.94  2.06
SKEW       .58   .64   .39   .72   .93  1.04   .98  1.01  1.09   .75   .73   .55
% SW      4.48  4.84  4.87  4.63  5.36  7.82  8.00  6.82  3.70  2.34  3.40  4.00
MEAN      4.04  4.32  4.40  4.24  3.54  3.51  3.22  3.20  3.14  3.13  3.57  3.70
STD DEV   2.09  2.19  2.18  2.10  1.72  1.72  1.47  1.48  1.68  1.48  1.75  1.84
SKEW       .70   .74   .63   .83   .94   .88   .87   .76  1.42   .82   .82   .66
% WSW     3.90  4.42  4.91  4.74  4.37  5.74  5.02  3.95  2.59  2.31  2.86  3.13
MEAN      4.08  4.37  4.74  4.35  3.71  3.64  3.38  3.30  3.34  3.29  3.50  3.64
STD DEV   1.98  2.21  2.25  2.02  1.78  1.76  1.48  1.55  1.79  1.68  1.70  1.80
SKEW       .66   .90   .48   .69   .81   .86   .66   .78  1.38   .84   .75   .80
% W       6.11  7.58  7.28  6.03  4.94  5.56  4.75  3.99  2.99  3.95  5.73  5.79
MEAN      4.18  4.88  4.89  4.54  3.75  3.54  3.40  3.15  3.00  3.60  3.78  3.97
STD DEV   2.14  2.58  2.39  2.08  1.81  1.74  1.59  1.63  1.50  1.87  1.93  2.14
SKEW       .78   .88   .70   .59   .99   .77   .64  1.03   .83   .98   .98   .92
% WNW     6.78  6.98  5.41  4.20  3.06  2.84  1.97  2.26  1.93  3.99  5.84  6.75
MEAN      4.55  4.88  4.94  4.40  3.58  3.39  3.24  3.23  3.05  3.56  4.11  4.22
STD DEV   2.12  2.33  2.37  1.97  1.58  1.59  1.57  1.58  1.46  1.68  1.99  2.07
SKEW       .45   .59   .67   .61   .54   .60   .94   .78   .80  1.10   .73   .67
% NW      9.77  8.42  6.05  4.25  2.78  2.43  1.85  2.61  2.67  6.42  9.42 10.86
MEAN      4.23  4.35  4.26  4.06  3.31  3.00  2.80  3.00  2.77  3.57  3.95  4.03
STD DEV   1.98  2.02  1.98  1.95  1.56  1.39  1.47  1.50  1.30  1.63  1.93  1.86
SKEW       .60   .59   .66   .82   .80   .67   .93   .96   .95   .78   .82   .73
% NNW     9.31  7.32  5.07  3.28  2.23  1.83  1.23  1.89  2.69  5.80  8.44  8.69
MEAN      4.31  4.50  4.48  4.26  3.68  3.11  2.75  2.70  3.39  4.08  4.39  4.18
STD DEV   1.99  2.09  2.05  2.10  1.87  1.74  1.54  1.26  1.83  1.99  2.10  2.02
SKEW       .48   .45   .43   .68   .73  1.03  1.21   .90  1.13   .56   .51   .74
CALM      5.02  3.91  3.86  3.65  4.80  6.54  8.31  9.71  7.38  4.89  5.70  5.89
 
INTERPOLATED DATA (station & weighting factor)
 
---Wind Stations---
CAPE KENNEDY  FL     .461  ORLANDO       FL     .309  DAYTONA BEACH FL     .230
---Solar Radiation and Max .5 P Stations---
 FL MELBOURNE WFO    .478   FL LISBON           .293   FL MARINELAND       .230 
---Dewpoint Stations---
FL ORLANDO SANFORD   .481  FL COCOA BEACH PATR  .415  FL JACKSONVILLE NAS  .104 
---Time Peak Stations---
FL MELBOURNE WFO     .473  FL LISBON            .294  FL MARINELAND        .233 
