 FEDERAL POINT FL                         82915 0
 LATT=  29.73 LONG= -81.53 YEARS= 40. TYPE= 3
 ELEVATION =   10. TP5 = 2.96 TP6= 7.43
 MEAN P    .31   .36   .41   .35   .44   .46   .38   .40   .47   .32   .26   .29
 S DEV P   .51   .54   .56   .50   .77   .71   .57   .59   .77   .49   .47   .54
 SKEW  P  3.51  2.98  2.03  2.13  4.46  3.45  3.51  3.22  2.91  2.55  3.28  3.38
 P(W/W)    .43   .51   .44   .40   .46   .64   .65   .71   .68   .61   .52   .44
 P(W/D)    .21   .19   .19   .14   .16   .32   .32   .30   .28   .17   .19   .21
 TMAX AV 66.09 69.45 75.32 81.08 86.86 90.16 91.59 90.49 87.45 81.36 74.42 68.00
 TMIN AV 46.50 48.93 53.51 58.08 64.60 70.40 72.28 72.37 70.54 63.71 55.75 49.52
 SD TMAX  8.82  8.34  7.56  5.80  4.85  4.77  3.71  3.88  3.96  5.48  7.16  8.63
 SD TMIN  9.53  9.10  7.94  6.62  5.02  3.25  2.69  2.49  3.20  6.80  8.24  9.61
 SOL.RAD  265.  314.  409.  513.  550.  496.  520.  474.  400.  341.  280.  239.
 SD SOL   32.7  33.8  36.7  29.5  30.4  51.1  34.5  37.3  37.9  24.9  28.2  21.5
 MX .5 P   .85   .96  1.18  1.23  1.42  1.78  1.89  1.83  1.72  1.36   .98   .86
 DEW PT  45.08 46.90 51.26 55.90 63.36 69.72 72.18 72.54 70.36 62.08 55.26 48.62
Time Pk   .344  .519  .607  .718  .738  .758  .906  .932  .942  .962  .983 1.000
% N       8.69  6.77  5.36  3.49  3.59  3.24  1.99  3.81  7.57 12.49 10.97  8.99
MEAN      4.15  4.30  4.08  4.12  3.96  3.34  2.96  3.09  3.82  4.31  4.25  4.01
STD DEV   1.83  1.89  1.79  1.89  1.82  1.61  1.43  1.56  1.82  1.91  1.75  1.79
SKEW       .47   .60   .56   .50   .64  1.04   .89   .90   .75   .73   .40   .56
% NNE     6.16  5.69  4.53  3.60  3.78  3.60  1.90  3.53  7.42 11.19  8.09  6.90
MEAN      4.34  4.65  4.36  4.26  4.11  3.93  3.43  3.62  4.41  4.76  4.51  4.45
STD DEV   2.02  2.10  1.95  1.83  1.87  1.86  1.68  1.71  2.08  2.12  1.97  2.03
SKEW       .58   .55   .56   .45   .57   .84   .78   .59   .58   .51   .48   .50
% NE      5.55  5.47  5.07  4.73  5.36  5.26  2.90  5.32 10.74 11.33  6.77  5.74
MEAN      4.13  4.58  4.51  4.50  4.69  4.53  3.85  4.04  4.73  5.07  4.30  4.15
STD DEV   1.91  2.04  2.01  2.02  2.08  2.10  1.91  1.97  2.19  2.25  2.00  2.09
SKEW       .50   .47   .36   .27   .23   .30   .48   .47   .38   .28   .47   .57
% ENE     3.49  3.75  4.21  5.37  6.20  6.37  3.75  5.99 10.48  7.81  4.35  3.70
MEAN      3.84  4.13  4.39  4.67  4.72  4.63  4.09  4.19  4.85  4.82  4.19  3.78
STD DEV   1.78  1.81  1.86  2.00  1.92  1.94  1.81  1.87  2.14  2.11  1.81  1.75
SKEW       .63   .41   .32   .19   .11   .18   .21   .44   .48   .30   .42   .57
% E       3.72  4.24  5.19  7.95  9.63  9.69  7.24  8.37 10.68  6.59  4.34  3.71
MEAN      3.60  3.84  4.35  4.59  4.73  4.66  4.20  4.12  4.45  4.33  3.84  3.44
STD DEV   1.70  1.69  1.89  1.94  1.87  1.86  1.88  1.74  1.92  2.00  1.74  1.57
SKEW       .66   .40   .32   .21   .10   .11   .23   .22   .46   .37   .53   .49
% ESE     3.16  3.52  5.11  8.25  8.25  7.12  6.48  6.33  6.32  3.09  3.12  2.70
MEAN      3.67  4.07  4.58  4.89  4.73  4.57  4.31  4.02  4.27  4.26  3.97  3.61
STD DEV   1.71  1.77  1.90  2.00  1.85  1.83  1.78  1.80  1.86  1.92  1.74  1.63
SKEW       .49   .38   .19   .15   .21   .28   .13   .78   .42   .53   .41   .75
% SE      3.09  3.82  5.47  7.23  7.16  6.22  7.31  6.34  4.65  2.51  2.79  3.02
MEAN      3.22  3.84  4.13  4.28  3.96  3.78  3.60  3.35  3.39  3.41  3.52  3.57
STD DEV   1.60  1.86  1.87  1.97  1.74  1.81  1.64  1.61  1.58  1.59  1.71  1.71
SKEW      1.15   .76   .57   .56   .60   .83   .56   .87   .89   .74   .88   .66
% SSE     2.70  3.20  3.88  4.06  4.34  4.30  5.23  3.90  2.85  1.72  1.92  2.53
MEAN      3.64  4.10  4.08  3.81  3.50  3.13  3.19  3.05  3.41  3.25  3.31  3.73
STD DEV   1.73  1.89  1.83  1.78  1.48  1.39  1.43  1.49  1.88  1.59  1.52  1.80
SKEW       .74   .53   .63   .73   .83  1.05   .89  1.53  1.23   .94   .66   .69
% S       4.79  5.85  6.22  5.44  6.23  6.92  9.66  7.11  4.10  2.52  3.86  5.17
MEAN      3.76  4.28  4.14  3.72  3.27  3.08  2.94  2.76  3.10  3.34  3.48  3.93
STD DEV   1.85  2.10  1.97  1.82  1.47  1.50  1.36  1.25  1.68  1.71  1.71  1.89
SKEW       .63   .56   .63   .89  1.02  1.31  1.12  1.08  1.44   .73   .80   .61
% SSW     4.93  5.61  5.86  4.91  5.18  6.50  8.48  6.35  3.24  1.71  3.52  4.29
MEAN      4.24  4.59  4.59  4.17  3.33  3.21  3.07  2.99  3.01  3.40  3.90  4.31
STD DEV   2.09  2.23  2.20  2.21  1.61  1.57  1.42  1.36  1.51  2.04  1.87  2.12
SKEW       .56   .54   .52   .88  1.08  1.18  1.06  1.02  1.03  2.27   .63   .44
% SW      6.15  6.98  7.59  7.44  6.99  9.05 10.89  8.68  4.24  2.65  4.22  5.00
MEAN      4.00  4.22  4.37  4.17  3.45  3.27  3.18  3.14  2.84  3.05  3.54  3.84
STD DEV   2.04  2.10  2.13  2.12  1.68  1.57  1.45  1.46  1.39  1.55  1.82  1.99
SKEW       .85   .70   .75   .81  1.05  1.08  1.00  1.03  1.53  1.04   .85   .80
% WSW     5.99  7.51  8.12  8.07  7.26  7.55  8.31  5.86  3.47  3.19  4.51  5.09
MEAN      4.11  4.61  4.57  4.26  3.60  3.47  3.30  3.20  3.11  3.31  3.58  3.73
STD DEV   2.11  2.49  2.19  2.06  1.70  1.60  1.48  1.49  1.56  1.72  1.86  1.98
SKEW       .81   .94   .76   .77   .90   .98   .82   .95  1.05  1.06   .78   .90
% W       7.63  8.41  7.75  7.21  6.57  6.35  6.52  5.10  3.67  4.56  6.69  7.45
MEAN      4.00  4.48  4.48  4.21  3.49  3.44  3.30  3.00  2.91  3.39  3.64  3.70
STD DEV   2.24  2.46  2.30  2.11  1.71  1.63  1.55  1.49  1.49  1.95  1.98  2.00
SKEW      1.06  1.04   .82   .76   .99  1.04   .87  1.07  1.03  1.35  1.16  1.02
% WNW     7.90  7.18  6.29  4.95  3.70  3.19  2.90  3.11  2.52  4.30  6.31  7.27
MEAN      4.12  4.38  4.56  4.03  3.53  3.18  3.03  2.82  2.90  3.24  3.87  3.87
STD DEV   2.00  2.14  2.33  1.97  1.71  1.45  1.46  1.29  1.46  1.57  1.84  1.91
SKEW       .78   .73   .83   .68   .97   .89  1.01   .77  1.14  1.15   .77   .82
% NW      9.57  7.49  6.73  4.99  3.56  2.73  2.38  3.41  3.60  7.44  9.47  9.55
MEAN      3.89  4.04  3.98  3.60  3.12  2.91  2.61  2.68  2.62  3.08  3.47  3.52
STD DEV   1.73  1.76  1.85  1.65  1.40  1.35  1.24  1.33  1.21  1.33  1.63  1.70
SKEW       .69   .57   .77   .84   .90   .86   .95  1.44  1.16   .80   .87  1.03
% NNW     7.08  6.26  4.49  3.17  2.62  1.96  1.41  2.56  3.59  7.47  7.95  7.74
MEAN      3.95  4.02  4.06  3.86  3.58  3.13  2.84  2.83  3.39  3.73  3.89  3.87
STD DEV   1.69  1.69  1.79  1.69  1.67  1.48  1.47  1.34  1.78  1.68  1.64  1.75
SKEW       .53   .47   .62   .59   .69   .79  1.01  1.19   .97   .73   .59   .76
CALM      9.43  8.25  8.22  9.03  9.42  9.95 12.71 14.21 10.82  9.45 11.09 11.14
 
INTERPOLATED DATA (station & weighting factor)
 
---Wind Stations---
JACKSONVILLE  FL     .334  JACKSONVILLE  FL     .334  DAYTONA BEACH FL     .333
---Solar Radiation and Max .5 P Stations---
 FL MARINELAND       .576   FL RAIFORD STATE P  .243   FL LISBON           .181 
---Dewpoint Stations---
FL JACKSONVILLE NAS  .461  FL MAYPORT PILOT ST  .359  FL ORLANDO INTL AP   .180 
---Time Peak Stations---
FL MARINELAND        .560  FL RAIFORD STATE PR  .254  FL LISBON            .186 
