 CROSS CITY 2 FL                          82008 0
 LATT=  29.63 LONG= -83.12 YEARS= 40. TYPE= 3
 ELEVATION =   50. TP5 = 3.31 TP6= 7.99
 MEAN P    .44   .41   .52   .50   .45   .54   .58   .57   .49   .44   .35   .39
 S DEV P   .57   .54   .83   .85   .79   .76   .80   .81   .75   .78   .49   .61
 SKEW  P  2.43  2.74  5.07  2.99  7.62  4.05  2.56  3.43  3.46  3.74  2.12  3.35
 P(W/W)    .46   .44   .47   .43   .39   .58   .67   .68   .55   .47   .41   .42
 P(W/D)    .21   .21   .18   .14   .16   .28   .30   .36   .27   .13   .14   .20
 TMAX AV 65.50 68.14 74.12 79.58 85.83 89.59 90.30 89.97 87.79 81.52 74.45 67.69
 TMIN AV 39.86 42.68 48.49 52.89 60.29 67.65 70.95 71.05 67.97 57.53 48.76 42.08
 SD TMAX  9.55  8.67  7.89  5.99  4.76  4.54  3.98  3.93  4.22  5.96  7.24  9.54
 SD TMIN 12.21 11.24  9.74  8.19  7.08  5.49  2.87  3.25  4.53  9.33 11.12 11.44
 SOL.RAD  257.  309.  403.  507.  545.  497.  504.  461.  394.  335.  278.  234.
 SD SOL   35.4  35.6  36.9  25.7  31.6  41.3  29.9  29.0  38.3  29.0  23.8  19.4
 MX .5 P  1.15  1.09  1.37  1.09  1.38  2.26  2.41  2.29  1.90  1.21  1.08  1.12
 DEW PT  43.92 45.90 49.97 54.97 62.00 69.97 72.00 72.97 69.94 59.94 52.90 46.90
Time Pk   .312  .472  .571  .682  .701  .721  .900  .920  .940  .960  .980 1.000
% N       5.71  5.44  5.33  3.71  3.85  3.18  2.11  3.55  5.36  8.56  7.84  6.45
MEAN      3.74  3.90  3.77  3.71  3.52  3.14  2.76  2.97  3.35  3.50  3.56  3.57
STD DEV   1.60  1.70  1.54  1.64  1.56  1.43  1.15  1.39  1.71  1.55  1.50  1.55
SKEW       .53   .58   .55   .58   .78  1.27   .95  1.03  1.32   .81   .55   .68
% NNE     3.85  3.79  3.11  2.21  2.66  2.61  2.15  3.34  6.66  8.57  5.91  4.82
MEAN      3.81  4.10  3.79  3.64  3.77  3.59  3.21  3.31  3.93  4.04  3.88  3.91
STD DEV   1.58  1.76  1.56  1.53  1.67  1.52  1.50  1.52  1.75  1.69  1.70  1.73
SKEW       .53   .71   .66   .46   .59   .63   .85   .96   .82   .49   .74   .69
% NE      5.68  5.38  4.55  4.05  4.95  4.97  4.55  7.41 14.40 16.16  8.97  7.66
MEAN      3.79  3.97  3.88  3.76  3.98  4.05  3.59  3.76  4.24  4.45  3.82  3.86
STD DEV   1.54  1.65  1.58  1.67  1.70  1.75  1.72  1.85  1.89  1.92  1.68  1.69
SKEW       .34   .51   .53   .58   .59   .51   .82   .96   .57   .46   .68   .53
% ENE     4.37  4.24  3.42  3.55  4.01  5.15  3.74  5.38 10.62  9.63  5.82  4.92
MEAN      3.61  4.02  3.89  3.97  4.20  4.14  3.72  3.81  4.22  4.27  3.57  3.50
STD DEV   1.53  1.58  1.57  1.67  1.80  1.71  1.63  1.63  1.81  1.84  1.54  1.44
SKEW       .68   .43   .46   .61   .46   .42   .60   .64   .43   .55   .58   .61
% E       4.60  4.93  4.97  5.89  6.51  7.15  5.81  7.04  9.59  7.63  5.36  5.11
MEAN      3.23  3.69  3.92  3.85  3.97  3.88  3.51  3.49  3.71  3.73  3.22  3.18
STD DEV   1.38  1.53  1.59  1.60  1.62  1.68  1.60  1.53  1.63  1.67  1.45  1.35
SKEW       .72   .46   .52   .43   .44   .86   .72   .74   .65   .55   .77   .64
% ESE     2.95  3.44  4.15  5.79  5.74  5.74  4.43  4.42  5.70  3.39  3.17  3.14
MEAN      3.07  3.64  4.02  4.16  3.92  3.85  3.62  3.37  3.59  3.56  3.17  3.05
STD DEV   1.37  1.34  1.64  1.68  1.53  1.55  1.40  1.38  1.53  1.53  1.31  1.29
SKEW       .97   .28   .36   .39   .66   .61   .52   .63   .72   .53   .42   .72
% SE      4.14  4.09  4.39  7.23  6.61  6.28  7.13  6.08  4.62  2.59  3.18  3.64
MEAN      3.10  3.69  3.85  3.77  3.52  3.51  3.18  3.09  3.23  3.05  3.16  3.08
STD DEV   1.40  1.63  1.73  1.61  1.43  1.47  1.34  1.39  1.37  1.26  1.41  1.36
SKEW       .86   .72   .66   .82   .70   .82   .80   .91   .95   .69   .82   .78
% SSE     3.36  2.97  3.27  4.76  3.71  3.60  4.42  3.87  2.81  1.50  2.16  3.04
MEAN      3.67  4.01  4.10  3.86  3.66  3.59  3.25  3.22  3.27  3.19  3.28  3.62
STD DEV   1.73  1.71  1.79  1.68  1.59  1.81  1.40  1.47  1.55  1.47  1.41  1.64
SKEW       .68   .42   .67   .62   .81  1.45   .92  1.19  1.00   .89   .73   .74
% S       7.11  6.39  7.11  6.64  6.15  6.55  8.96  7.23  3.97  2.35  4.37  6.09
MEAN      3.95  4.23  4.51  4.13  3.53  3.29  3.20  3.05  3.17  3.48  3.65  4.25
STD DEV   1.83  1.95  2.08  1.88  1.59  1.51  1.46  1.41  1.61  1.73  1.63  1.97
SKEW       .53   .63   .72   .66  1.13  1.14  1.10   .99  1.27   .75   .59   .58
% SSW     6.03  6.02  7.08  6.27  4.68  5.09  6.64  4.81  2.61  1.29  3.57  4.09
MEAN      4.37  4.57  4.76  4.55  3.72  3.46  3.29  3.30  3.10  3.35  4.12  4.29
STD DEV   1.89  1.84  2.00  2.10  1.64  1.46  1.36  1.48  1.51  1.74  1.85  1.95
SKEW       .41   .36   .63   .58   .78   .98   .83   .84  1.35  1.89   .64   .42
% SW      7.40  8.51  9.58  9.44  9.45 10.57 11.82  9.14  4.59  2.58  4.38  4.68
MEAN      3.89  4.19  4.36  4.14  3.72  3.38  3.33  3.15  3.09  3.13  3.58  3.65
STD DEV   1.81  1.85  1.95  1.87  1.64  1.44  1.41  1.33  1.39  1.43  1.80  1.73
SKEW       .71   .77   .81   .66   .74   .96   .98   .83   .91   .72  1.09   .96
% WSW     4.69  6.30  6.06  5.96  7.18  7.81  8.49  6.13  2.67  2.50  3.59  4.13
MEAN      4.02  4.38  4.34  4.27  3.79  3.59  3.44  3.24  3.12  3.41  3.69  3.74
STD DEV   1.91  2.02  2.01  1.85  1.53  1.49  1.36  1.31  1.34  1.67  1.78  1.75
SKEW       .87   .77   .93   .56   .69  1.03   .84   .77  1.03  1.01   .78   .84
% W       5.95  6.80  6.71  6.00  7.08  7.77  7.14  5.82  3.15  3.52  5.60  6.22
MEAN      4.33  4.49  4.47  4.06  3.56  3.50  3.45  3.19  3.08  3.51  3.80  3.78
STD DEV   2.01  2.15  2.09  1.86  1.59  1.49  1.38  1.34  1.34  1.80  1.80  1.82
SKEW       .79   .89   .70   .76   .97  1.07   .68   .75   .67   .92   .84   .88
% WNW     6.71  7.04  6.40  5.23  4.09  4.30  3.39  3.61  1.95  3.61  5.51  6.84
MEAN      4.63  4.66  4.93  4.35  3.76  3.45  3.36  3.12  3.07  3.54  4.29  4.16
STD DEV   2.15  2.09  2.19  1.93  1.57  1.40  1.36  1.33  1.30  1.58  1.89  1.96
SKEW       .80   .55   .39   .58   .75   .66   .65   .86   .53   .76   .44   .65
% NW      7.65  7.55  7.83  6.91  5.50  4.31  2.80  3.87  3.35  5.82  7.93  8.14
MEAN      4.37  4.43  4.43  4.22  3.53  3.29  2.96  2.98  2.94  3.30  3.91  3.75
STD DEV   1.91  1.87  2.02  1.86  1.54  1.35  1.27  1.28  1.25  1.55  1.80  1.73
SKEW       .65   .52   .55   .61   .61   .63   .76   .88   .77   .97   .66   .69
% NNW     5.21  4.72  4.78  3.75  3.55  2.34  1.43  2.55  2.94  5.33  5.98  5.48
MEAN      4.17  4.15  4.20  3.93  3.58  3.21  2.94  3.00  3.18  3.48  3.75  3.92
STD DEV   1.77  1.70  1.83  1.78  1.58  1.24  1.16  1.21  1.38  1.54  1.67  1.72
SKEW       .74   .37   .62   .62   .77   .77   .72   .60   .89   .89   .69   .62
CALM     14.61 12.36 11.38 12.54 14.22 12.56 15.04 15.75 14.91 14.93 16.69 15.58
 
INTERPOLATED DATA (station & weighting factor)
 
---Wind Stations---
VALDOSTA/MOODYGA     .357  VALDOSTA      GA     .357  JACKSONVILLE  FL     .285
---Solar Radiation and Max .5 P Stations---
 FL CROSS CITY 2 WN 1.000   FL DOWLING PARK 1   .000                            
---Dewpoint Stations---
FL CROSS CITY AP     .968  GA VALDOSTA RGNL AP  .017  FL TALLAHASSEE       .015 
---Time Peak Stations---
FL CROSS CITY 2 WNW  .969  FL DOWLING PARK 1 W  .031                            
