 OPIHIHALE 2 HI                          517166 0
 LATT=  19.27 LONG=-155.88 YEARS= 40. TYPE= 1
 ELEVATION = 1300. TP5 = 3.31 TP6= 9.08
 MEAN P    .33   .31   .26   .20   .19   .17   .21   .21   .26   .27   .26   .29
 S DEV P   .59   .62   .49   .35   .32   .26   .43   .34   .48   .46   .50   .60
 SKEW  P  3.22  4.36  4.65  5.28  5.13  3.74  7.27  6.12  6.24  3.55  5.68  4.56
 P(W/W)    .43   .42   .52   .54   .59   .61   .55   .54   .59   .53   .44   .44
 P(W/D)    .21   .24   .35   .39   .43   .48   .48   .46   .45   .36   .30   .22
 TMAX AV 76.76 76.61 76.72 77.21 77.74 78.39 79.56 80.55 80.46 80.43 79.10 77.72
 TMIN AV 57.34 57.37 58.44 59.53 61.38 62.67 63.30 63.75 63.00 62.23 60.75 58.41
 SD TMAX  2.83  3.14  3.15  2.92  3.11  2.91  3.05  2.96  3.04  2.73  2.67  2.77
 SD TMIN  2.77  2.61  2.67  2.33  2.44  2.22  2.46  2.50  2.56  2.53  2.91  2.84
 SOL.RAD  326.  390.  443.  504.  534.  560.  540.  531.  490.  417.  336.  314.
 SD SOL   26.2  31.8  44.9  37.2  34.7  32.6  59.7  34.5  33.4  28.6  29.1  30.6
 MX .5 P  1.13  1.11  1.08   .81   .93   .66   .77   .77   .90  1.32  1.25  1.28
 DEW PT  63.00 62.00 63.00 64.30 65.65 66.65 67.65 68.65 67.65 67.65 66.65 64.00
Time Pk   .420  .585  .660  .735  .755  .775  .895  .915  .930  .950  .970 1.000
% N      13.01 15.39 16.80 18.02 18.76 15.76 20.12 19.85 17.68 17.38 16.17 17.31
MEAN      4.44  4.76  4.85  4.57  4.25  4.15  4.35  4.35  4.04  4.08  4.40  4.73
STD DEV   2.14  2.04  2.18  1.87  1.65  1.60  1.59  1.64  1.54  1.60  2.00  2.15
SKEW      1.05   .56   .66   .50   .46   .14   .19   .09   .23   .40   .85   .62
% NNE     6.37  8.17  8.42  9.70  9.42 10.44 10.43 10.09  8.86  8.84  8.32  7.95
MEAN      4.57  4.95  4.83  4.83  4.63  4.70  4.73  4.74  4.47  4.40  4.52  4.53
STD DEV   2.19  2.04  2.03  1.83  1.67  1.75  1.67  1.66  1.66  1.71  1.92  1.91
SKEW       .50   .21   .37   .13  -.15   .08  -.04  -.03   .02   .09   .24   .39
% NE      5.30  5.80  6.32  7.21  6.52  7.72  7.96  7.24  7.45  6.11  6.27  5.22
MEAN      3.30  3.92  3.80  4.04  4.19  4.14  4.18  3.99  3.83  3.44  3.56  3.67
STD DEV   1.42  1.69  1.64  1.81  1.80  1.84  1.78  1.72  1.67  1.46  1.65  1.69
SKEW      1.11   .87   .76   .48   .34   .42   .21   .36   .57   .85   .93  1.19
% ENE     2.59  3.03  3.40  4.48  4.68  5.51  4.95  5.17  4.32  3.74  3.32  2.87
MEAN      3.44  3.73  3.67  3.84  3.72  3.87  3.71  3.67  3.62  3.34  3.60  3.44
STD DEV   1.19  1.30  1.15  1.22  1.21  1.40  1.16  1.09  1.28  1.06  1.32  1.17
SKEW       .82   .68   .35   .35   .62   .46   .44   .46   .77   .56   .69   .79
% E       4.12  4.11  4.79  4.72  5.62  6.11  4.86  4.62  4.11  4.16  3.95  3.60
MEAN      3.50  3.75  3.78  3.82  3.73  3.93  3.55  3.54  3.56  3.57  3.52  3.41
STD DEV   1.25  1.28  1.23  1.36  1.37  1.37  1.14  1.16  1.19  1.18  1.20  1.13
SKEW       .66   .63   .39   .65   .39   .41   .58   .55   .89   .24   .50   .43
% ESE     3.62  3.79  3.92  3.73  3.47  3.53  2.46  2.51  2.52  3.29  3.27  3.17
MEAN      4.00  4.16  4.03  4.20  3.73  4.15  3.57  2.87  3.58  3.68  3.65  3.87
STD DEV   1.31  1.28  1.21  1.42  1.10  1.42  1.08  1.10  1.02  1.12  1.23  1.33
SKEW       .39   .69   .05   .40  -.88   .22  -.89   .20  -.88   .19   .66   .64
% SE      4.14  3.52  3.28  2.59  1.85  2.02  1.20  1.57  1.49  2.43  2.74  3.16
MEAN      4.04  3.95  3.97  4.22  3.31  3.14  2.98  3.17  3.17  3.56  3.42  4.00
STD DEV   1.66  1.62  1.57  1.84  1.35  1.25   .93  1.26  1.12  1.38  1.29  1.73
SKEW       .62   .64   .38   .51   .45   .58  -.57  -.42  -.56   .68  1.03   .66
% SSE     3.37  2.24  2.09  1.51  1.09  1.08   .68   .95   .97  1.58  1.90  2.15
MEAN      4.44  3.79  4.20  3.25  3.04  2.60  2.56  2.17  2.92  3.12  3.67  3.91
STD DEV   2.07  1.60  1.98  1.25  1.08   .74   .64  1.05   .96  1.07  1.59  1.65
SKEW       .59   .63   .61   .68   .43  -.70  -.72   .96   .31   .62   .74   .71
% S       8.64  7.36  5.79  3.59  2.53  2.29  1.84  2.26  2.42  3.61  4.58  5.28
MEAN      4.17  3.85  3.70  3.73  3.07  2.96  2.86  4.00  3.34  3.30  3.78  3.88
STD DEV   1.98  1.55  1.57  1.53  1.13  1.05   .94  1.61  1.22  1.21  1.61  1.76
SKEW      1.18   .95   .76   .90   .61   .46   .28   .67   .58   .68   .95  1.33
% SSW     8.34  6.43  5.87  4.87  3.89  3.74  2.84  3.16  4.41  5.65  5.61  6.25
MEAN      3.74  3.61  3.54  2.92  3.37  3.47  3.47  1.72  3.18  3.50  3.25  3.46
STD DEV   1.30  1.28  1.21  1.00  1.19   .52   .52   .55   .84  1.06  1.14  1.24
SKEW       .21   .47   .26   .41   .33  -.85   .16   .51   .33   .10   .60   .45
% SW     12.10 10.90 10.06  8.83  8.79  9.29  7.90  7.84 10.49 11.08 10.72 11.94
MEAN      3.28  3.42  2.95  2.66  2.52  1.82  1.79  1.77  2.51  2.81  2.78  3.30
STD DEV   1.28  1.34   .97   .75   .55   .56   .56   .53   .54   .86   .86  1.07
SKEW       .42   .40   .35   .24  -.70   .22   .31   .18  -.76   .23   .34   .14
% WSW     7.67  7.41  7.95  8.43  9.20 10.39  9.97 10.08 10.87 10.16 10.08  8.84
MEAN      2.71  2.01  2.68  1.92  1.95  1.97  1.92  1.91  1.98  1.92  1.92  2.62
STD DEV    .66   .62   .60   .59   .58   .62   .60   .58   .57   .60   .61   .62
SKEW       .18   .26  -.85   .12   .18   .24   .21   .12   .13   .18   .23  -.87
% W       3.50  4.60  4.36  5.27  6.05  5.82  6.66  6.66  6.41  4.94  5.39  4.16
MEAN      2.79  3.00  2.82  2.78  3.11  2.82  2.57  2.66  2.68  2.81  3.02  2.80
STD DEV    .84  1.05   .79   .81  1.06   .80   .59   .61   .60   .82  1.05   .87
SKEW       .10   .38   .18   .20   .28   .19  -.82  -.87  -.87   .26   .27   .37
% WNW     1.27  1.66  1.71  1.90  2.42  1.67  2.04  2.33  1.84  1.67  1.74  1.78
MEAN      2.90  2.78  2.92  2.89  3.01  3.02  2.93  3.17  2.84  3.90  2.79  3.06
STD DEV   1.00   .78   .97  1.00   .92  1.17   .97   .96   .98  1.37   .96  1.04
SKEW       .37   .10   .06   .24   .01   .40   .23   .19   .48   .32   .27   .57
% NW      3.47  3.91  4.03  3.83  4.51  3.90  3.94  4.34  4.02  4.07  3.64  4.06
MEAN      3.06  3.50  3.38  3.25  3.39  3.22  3.41  3.35  3.31  3.12  3.16  3.40
STD DEV   1.27  1.41  1.31  1.34  1.39  1.26  1.40  1.38  1.28  1.13  1.34  1.51
SKEW       .76   .53   .46   .50   .45   .54   .44   .31   .38   .50   .93   .75
% NNW     4.34  5.03  5.07  5.92  6.61  5.96  7.62  6.90  6.83  5.14  5.16  5.28
MEAN      3.90  4.17  4.31  3.99  3.82  3.75  4.00  3.86  3.73  3.77  3.86  4.19
STD DEV   1.88  1.70  1.79  1.65  1.41  1.50  1.43  1.56  1.37  1.46  1.78  2.03
SKEW      1.13   .57   .59   .60   .39   .48   .14   .89   .25   .41   .99   .71
CALM      8.18  6.73  6.10  5.28  4.64  4.77  4.58  4.41  5.17  6.20  7.15  6.99
 
INTERPOLATED DATA (station & weighting factor)
 
---Wind Stations---
HILO          HI     .656  PUUNENE MAUI  HI     .344                       .000
---Solar Radiation and Max .5 P Stations---
 HI LULUKU 781.7     .528   HI PUPUKEA HEIGHTS  .472                            
---Dewpoint Stations---
HI HILO INTL AP      .652  HI KAHULUI AP        .348                            
---Time Peak Stations---
HI LULUKU 781.7      .504  HI AHUIMANU LOOP 83  .496                            
