 BELLE PLAINE IA                         13 600 0
 LATT=  41.90 LONG= -92.27 YEARS= 40. TYPE= 3
 ELEVATION =  860. TP5 = 2.53 TP6= 5.69
 MEAN P    .14   .19   .28   .35   .36   .43   .46   .50   .45   .33   .28   .20
 S DEV P   .20   .28   .33   .43   .45   .60   .59   .70   .58   .44   .40   .24
 SKEW  P  3.18  3.29  2.27  2.16  2.08  3.16  2.32  3.03  2.23  2.44  3.26  2.23
 P(W/W)    .35   .37   .42   .49   .51   .48   .44   .43   .38   .43   .44   .36
 P(W/D)    .19   .17   .21   .27   .29   .31   .22   .24   .20   .21   .19   .19
 TMAX AV 28.26 33.45 46.43 60.90 71.99 80.71 84.84 82.68 75.36 62.83 47.08 32.51
 TMIN AV  9.96 14.37 26.20 37.69 49.11 58.93 63.09 60.28 50.86 38.82 27.60 15.16
 SD TMAX 12.50 13.07 13.58 12.20  9.45  7.42  6.44  6.67  9.05 10.80 12.13 12.34
 SD TMIN 13.89 14.08 11.40  9.42  8.75  7.06  6.22  6.99  9.41  9.80 10.55 12.91
 SOL.RAD  135.  214.  312.  378.  452.  517.  521.  455.  367.  247.  145.  115.
 SD SOL   18.1  33.8  44.2  53.4  47.4  29.3  45.9  26.0  32.9  24.2  26.9  23.4
 MX .5 P   .28   .34   .50   .79   .99  1.47  1.44  1.54   .96   .64   .49   .26
 DEW PT  12.89 17.89 27.18 37.18 48.18 58.48 64.24 62.94 52.94 39.94 29.18 18.18
Time Pk   .488  .663  .740  .817  .830  .840  .941  .955  .961  .975  .988 1.000
% N       5.01  6.15  6.67  6.29  5.86  4.80  5.16  4.98  5.26  5.45  4.53  4.13
MEAN      5.05  5.11  5.80  5.39  4.81  4.45  4.12  3.93  4.10  4.68  4.85  4.82
STD DEV   2.22  2.24  2.40  2.35  2.19  1.90  1.84  1.66  1.81  1.96  2.06  2.22
SKEW       .38   .34   .17   .38   .54   .29   .24   .36   .56   .22   .48   .47
% NNE     2.76  3.94  4.64  3.75  4.90  3.52  3.52  4.46  4.17  2.91  2.11  2.80
MEAN      4.58  4.62  5.45  5.14  4.78  4.20  3.93  4.06  4.17  4.33  5.09  4.97
STD DEV   1.88  1.85  2.57  2.13  2.14  1.72  1.64  1.56  1.77  1.67  2.27  2.14
SKEW       .36   .51  1.34   .66   .54   .30   .53   .28   .57   .09   .30   .20
% NE      2.87  4.11  4.13  4.27  5.61  3.91  4.32  4.94  4.76  2.31  2.07  2.88
MEAN      3.98  4.42  4.75  4.65  4.21  3.67  3.47  3.39  3.48  3.86  4.03  4.18
STD DEV   2.12  2.09  2.19  1.92  2.08  1.64  1.51  1.32  1.34  1.75  1.80  2.01
SKEW       .75   .65   .43   .52   .86   .72   .67   .52   .52  1.01   .43   .90
% ENE     2.66  3.93  4.81  4.58  5.07  3.53  3.00  4.07  4.18  1.85  2.07  2.85
MEAN      4.11  4.47  4.98  4.90  4.17  3.88  3.40  3.30  3.50  3.45  3.90  4.28
STD DEV   1.87  1.82  2.09  2.04  1.60  1.73  1.43  1.30  1.31  1.29  1.50  1.85
SKEW       .77   .38   .37   .66   .44   .61   .46   .43   .43   .56   .54   .32
% E       3.52  4.72  5.87  5.05  5.81  4.56  3.93  4.58  3.95  2.39  2.72  3.53
MEAN      4.06  4.31  4.95  4.96  4.14  3.56  3.10  3.06  3.30  3.21  3.57  3.91
STD DEV   1.87  2.00  2.19  2.27  1.81  1.59  1.26  1.23  1.42  1.31  1.50  1.80
SKEW       .69   .66   .36   .62   .44   .62   .88   .71   .73   .61   .83   .60
% ESE     5.15  6.73  6.91  7.52  6.91  5.83  4.73  6.13  4.98  4.34  4.07  5.50
MEAN      4.45  4.57  5.35  5.32  4.63  4.17  3.48  3.40  3.53  3.65  4.01  4.55
STD DEV   1.83  1.83  2.18  2.04  1.97  1.70  1.36  1.32  1.27  1.47  1.59  1.89
SKEW       .51   .48   .39   .40   .55   .42   .38   .57   .57   .69   .65   .55
% SE      5.53  6.31  7.26  7.02  7.03  7.29  7.59  8.61  7.50  8.08  5.82  7.26
MEAN      4.39  4.37  4.88  5.12  4.57  4.14  3.66  3.66  3.68  3.88  4.22  4.48
STD DEV   1.90  1.89  2.06  2.18  2.06  1.86  1.54  1.47  1.63  1.70  1.78  1.98
SKEW       .47   .58   .38   .41   .63   .69   .64   .58   .68   .73   .45   .69
% SSE     5.88  5.12  6.24  6.37  7.19  8.13  8.89  8.67  8.05  8.82  6.94  6.83
MEAN      5.17  5.04  5.86  6.15  5.44  4.86  4.37  4.45  4.67  4.78  5.01  5.04
STD DEV   2.05  2.13  2.41  2.37  2.33  1.88  1.63  1.84  1.82  1.88  1.85  2.12
SKEW       .40   .39   .32   .32   .73   .30   .26   .62   .50   .54   .27   .33
% S       7.16  6.14  6.55  7.47  8.48 13.15 13.58 11.98 11.32 12.50 10.13  8.17
MEAN      5.27  5.29  5.80  6.32  5.45  5.36  4.72  4.49  5.06  5.35  5.28  5.14
STD DEV   2.30  2.15  2.55  2.56  2.31  2.25  1.89  1.80  2.09  2.13  2.23  2.20
SKEW       .25   .31   .60   .36   .51   .41   .24   .49   .45   .45   .44   .45
% SSW     4.83  4.32  4.00  4.81  5.64  8.36  8.36  7.03  7.04  6.67  5.98  4.85
MEAN      5.51  5.61  6.20  6.98  6.08  5.63  5.33  4.99  5.71  5.80  5.66  5.77
STD DEV   2.42  2.41  2.60  2.77  2.72  2.43  2.05  1.92  2.41  2.39  2.48  2.77
SKEW       .28   .40   .43   .32   .75   .82   .32   .24   .58   .44   .45   .88
% SW      4.00  3.29  3.03  2.95  4.47  5.27  4.96  4.43  3.95  4.47  4.16  4.12
MEAN      4.39  4.42  5.67  5.96  5.49  4.81  4.75  4.69  4.80  5.12  5.01  5.07
STD DEV   1.97  1.97  3.03  2.83  3.32  2.26  2.12  2.04  2.23  2.64  2.62  2.92
SKEW       .50   .73   .75   .42  1.71   .46   .45   .34   .88   .89   .76  1.24
% WSW     4.60  3.45  3.32  2.96  3.56  4.21  3.19  3.52  3.30  3.57  4.26  4.26
MEAN      5.24  4.94  5.82  5.43  5.72  4.71  4.46  4.16  4.53  5.03  5.12  5.23
STD DEV   2.66  2.53  2.82  2.65  3.23  2.04  1.79  1.73  2.07  2.63  2.30  2.62
SKEW       .92  1.01   .67   .50  1.76   .52   .51   .52   .66   .66   .55   .82
% W       6.17  5.69  5.50  5.04  4.66  4.84  3.87  3.39  4.33  5.64  7.67  6.87
MEAN      4.85  4.83  5.67  5.68  4.72  4.43  3.76  4.01  4.04  4.10  5.34  5.02
STD DEV   2.68  2.78  3.15  3.23  2.58  2.06  1.77  1.84  1.95  1.99  2.88  2.57
SKEW      1.24  1.73   .77  1.00   .99   .70   .76   .82   .91   .92  1.36   .84
% WNW     9.86  9.57  7.54  7.86  5.79  5.13  4.60  4.14  6.13  7.18 11.53 10.54
MEAN      6.29  6.34  6.54  7.08  5.70  4.92  4.23  4.28  4.98  4.99  6.23  5.75
STD DEV   2.86  3.09  2.96  3.54  2.82  2.26  1.92  2.00  2.38  2.30  2.85  2.48
SKEW       .59   .63   .48   .70   .72   .61   .80   .75   .74   .71   .73   .52
% NW     15.18 12.68 10.57 11.23  6.74  6.27  5.75  5.53  6.76  8.59 12.33 14.39
MEAN      6.52  6.52  6.88  6.99  5.63  4.80  4.43  4.26  4.76  5.29  6.89  6.11
STD DEV   2.71  3.05  3.16  3.21  2.69  2.30  2.11  1.99  2.15  2.42  2.90  2.61
SKEW       .26   .56   .77   .37   .69   .60   .57   .67   .67   .57   .39   .35
% NNW    10.64  9.98 10.29  9.46  6.82  4.97  5.50  5.06  5.62  7.78  9.58  7.75
MEAN      6.46  6.45  6.57  6.59  5.93  5.28  4.95  4.61  4.89  5.64  6.23  6.09
STD DEV   2.56  2.60  2.59  2.62  2.47  2.26  2.03  1.87  2.11  2.24  2.51  2.39
SKEW       .35   .44   .22   .20   .33   .55   .46   .36   .67   .65   .45   .20
CALM      4.07  3.93  2.70  3.38  5.45  6.29  9.16  8.34  8.74  7.49  3.98  3.38
 
INTERPOLATED DATA (station & weighting factor)
 
---Wind Stations---
IOWA CITY     IA     .378  WATERLOO      IA     .344  OTTUMWA       IA     .278
---Solar Radiation and Max .5 P Stations---
 IA GRINNELL 3 SW    .382   IA NORTH ENGLISH    .375   IA CENTRAL CITY     .242 
---Dewpoint Stations---
IA CEDAR RAPIDS MUN  .469  IA WATERLOO MUNI AP  .293  IA OTTUMWA INDUSTRI  .238 
---Time Peak Stations---
IA GRINNELL 3 SW     .390  IA NORTH ENGLISH     .368  IA CENTRAL CITY      .242 
