 IDAHO FALLS 46 W ID                     104460 0
 LATT=  43.53 LONG=-112.95 YEARS= 40. TYPE= 3
 ELEVATION = 4930. TP5 =  .81 TP6= 1.63
 MEAN P    .10   .11   .11   .13   .14   .16   .14   .10   .16   .15   .11   .11
 S DEV P   .13   .12   .13   .18   .15   .19   .20   .14   .18   .17   .12   .13
 SKEW  P  2.97  2.47  2.40  3.50  1.83  2.70  2.52  2.23  2.36  2.70  1.95  2.17
 P(W/W)    .37   .36   .37   .40   .48   .47   .26   .30   .39   .40   .35   .40
 P(W/D)    .15   .13   .15   .16   .19   .14   .11   .10   .09   .10   .14   .14
 TMAX AV 27.71 33.13 45.10 57.11 66.54 77.08 88.03 85.95 75.43 60.34 42.05 29.66
 TMIN AV  4.57  9.47 20.90 28.11 36.27 43.38 49.62 47.33 37.92 26.95 16.50  6.60
 SD TMAX  9.10  9.73  9.82 10.30 10.63 10.41  7.26  7.34 10.02 10.93 10.41  9.65
 SD TMIN 14.14 13.68  9.05  7.66  7.28  6.93  6.56  6.55  8.20  8.53 11.04 13.41
 SOL.RAD  115.  203.  334.  403.  514.  609.  634.  547.  413.  274.  152.  100.
 SD SOL   19.1  29.4  58.3  73.6  74.6  47.2  36.0  28.8  35.2  34.9  28.0  14.5
 MX .5 P   .23   .22   .23   .26   .34   .43   .47   .47   .40   .27   .23   .23
 DEW PT  16.12 19.12 24.34 27.75 34.89 41.89 46.61 44.06 37.61 30.17 23.51 17.12
Time Pk   .620  .819  .875  .927  .927  .930  .986  .990  .990  .993 1.000 1.000
% N      12.80 11.60  9.27  7.93  8.43  7.48  8.20  8.74  9.53 12.21 10.49 11.85
MEAN      2.90  3.11  3.72  4.15  3.70  3.28  3.31  3.05  3.10  2.83  2.76  2.79
STD DEV   1.61  1.81  2.31  2.27  1.92  1.53  1.60  1.64  1.54  1.37  1.29  1.26
SKEW      1.68  2.04  1.48   .81   .97  1.10  1.12  1.18  1.19  1.62  1.19  1.20
% NNE     7.08  6.64  6.95  6.43  5.49  5.33  6.49  6.01  7.78  6.69  6.30  6.83
MEAN      2.70  2.88  3.18  3.92  3.63  3.28  3.24  2.97  3.33  2.90  2.82  2.58
STD DEV   1.40  1.58  1.63  2.36  2.06  1.56  1.54  1.34  2.03  1.60  1.48  1.11
SKEW      1.51  1.48  1.01  1.12  1.27   .87  1.27   .97  1.66  1.68  1.01   .75
% NE      7.67  7.74  7.34  6.12  5.65  5.82  6.72  6.05  7.30  5.33  6.48  6.29
MEAN      2.52  2.72  3.23  3.55  3.49  3.12  3.22  2.90  3.44  2.75  2.73  2.38
STD DEV   1.18  1.25  1.73  1.81  1.77  1.62  1.50  1.40  2.06  1.44  1.45   .94
SKEW      1.72  1.11  1.34   .87  1.03  1.26   .96  1.07  1.35  1.16  1.28   .73
% ENE     2.96  3.76  3.89  2.38  2.58  3.99  3.97  3.32  3.45  2.71  2.37  2.71
MEAN      2.25  2.51  2.76  3.00  3.16  3.01  3.10  3.04  3.02  2.53  2.41  2.21
STD DEV    .94   .91  1.32  1.36  1.62  1.52  1.42  1.49  1.43  1.18  1.09   .93
SKEW       .76   .38  1.14  1.21   .58   .68   .79   .99  1.08  1.12   .83   .85
% E       1.95  2.04  2.35  1.96  2.49  3.01  3.85  3.89  3.60  2.32  2.24  1.81
MEAN      1.94  2.19  2.70  2.81  2.74  2.93  2.87  2.83  2.64  2.25  1.97  1.94
STD DEV    .71   .91  1.21  1.50  1.34  1.39  1.25  1.32  1.35   .78   .84   .70
SKEW       .31   .84   .71  1.01   .76   .77  1.12  1.05  1.39   .08  1.19   .72
% ESE      .77   .72  1.77  1.49  1.81  1.69  2.74  2.12  1.74  1.12   .79   .81
MEAN      1.74  1.89  2.57  2.76  2.84  2.76  2.86  2.79  2.44  2.25  2.22  1.85
STD DEV    .68   .70  1.15  1.21  1.47  1.23  1.44  1.26  1.06   .53   .78   .58
SKEW      1.12   .17   .99   .06   .68   .70  1.37   .90   .76   .15   .80   .67
% SE       .90   .88  1.40  2.10  2.25  2.18  3.04  3.21  2.13  1.93  1.11  1.12
MEAN      2.25  1.87  2.58  3.06  3.18  2.82  2.87  2.99  2.83  2.21  2.17  1.89
STD DEV   1.15   .62  1.22  1.35  1.58  1.40  1.37  1.52  1.48   .98   .93   .64
SKEW      1.02   .34   .76   .59   .95   .72   .74  1.26  1.22  1.10   .72  -.45
% SSE     2.32  2.57  2.84  3.69  3.25  3.86  3.89  3.82  3.29  2.82  2.56  1.93
MEAN      5.97  4.67  3.99  4.16  3.71  3.83  3.76  3.83  3.30  3.56  3.98  5.20
STD DEV   3.29  2.26  1.78  1.99  2.05  1.84  1.79  1.89  1.66  1.87  2.33  2.06
SKEW       .26   .16  -.33   .63  1.14   .72   .87   .90   .74   .86  1.05   .09
% S       8.35  7.87  9.01  8.89  8.95  9.46  9.32 10.12 10.07  9.34 10.17  8.28
MEAN      6.51  5.83  4.89  4.92  4.80  4.46  4.84  4.26  4.28  4.85  5.59  6.08
STD DEV   3.52  3.28  2.26  2.24  2.98  2.15  2.58  2.13  2.30  2.65  3.01  3.29
SKEW       .31   .50  1.00   .53   .99   .81   .82  1.53  1.37   .97   .57   .46
% SSW    11.55 11.76 12.46 14.86 14.43 13.80 11.03 12.97 13.06 12.57 14.16 11.52
MEAN      6.42  5.18  5.59  5.74  5.57  5.44  5.13  4.83  4.81  5.33  6.00  6.18
STD DEV   3.13  2.62  2.93  2.64  2.46  2.46  2.24  2.08  2.15  2.67  2.96  3.07
SKEW       .40   .83   .60   .62   .64   .58   .61   .68   .64   .77   .36   .38
% SW     11.34 13.05 14.85 17.25 17.13 15.70 13.20 12.71 12.40 12.24 13.22 11.88
MEAN      5.69  5.31  6.75  6.61  6.30  5.94  5.89  5.65  5.58  5.33  5.87  5.70
STD DEV   3.07  3.02  3.58  3.32  3.31  2.86  2.75  2.81  2.86  3.07  3.12  3.27
SKEW       .64   .83   .54   .49   .53   .59   .40   .71   .51   .87   .51   .64
% WSW     5.09  5.96  7.27  8.52  8.18  9.16  7.78  6.50  5.87  5.54  5.63  5.16
MEAN      4.79  4.39  5.56  6.79  6.57  6.34  5.59  5.19  5.44  4.51  4.62  4.42
STD DEV   2.27  2.22  2.83  3.70  3.21  3.10  2.80  2.62  3.38  2.33  2.56  2.13
SKEW      1.08   .98   .61   .72   .58   .43   .47   .56  1.02   .62   .79  -.64
% W       2.22  2.55  3.89  4.58  4.67  4.84  5.95  4.87  4.37  3.82  2.86  2.63
MEAN      2.66  3.39  4.54  4.80  4.56  4.78  4.17  4.23  3.27  3.66  3.25  3.18
STD DEV   1.44  1.59  2.72  2.58  2.63  2.70  2.29  2.00  1.72  2.51  1.97  1.97
SKEW      1.04   .40  1.17   .62   .91   .64  1.32   .57  1.16  1.58  1.47  1.39
% WNW     1.59  1.50  2.09  1.95  1.68  2.30  2.10  1.69  1.72  1.92  1.61  2.14
MEAN      2.46  2.37  3.09  3.35  3.68  3.61  3.28  3.40  3.12  2.79  2.51  2.40
STD DEV   1.54  1.03  1.89  1.63  1.44  1.83  1.75  1.23  1.71  1.68  1.46  1.36
SKEW      1.57   .81  1.56   .17   .46   .55   .62   .62  1.17  1.19  1.40  1.08
% NW      2.81  3.38  2.47  2.32  2.27  2.45  2.52  2.86  2.57  2.62  2.11  2.70
MEAN      2.70  2.81  2.94  3.37  3.50  3.70  3.37  3.02  2.79  3.07  2.60  2.35
STD DEV   1.48  1.83  1.36  1.87  1.91  2.57  1.80  1.14  1.40  1.78  1.44   .98
SKEW       .76  1.20   .58   .54   .87  1.33   .96   .25   .85   .91   .96   .48
% NNW     7.27  8.14  6.33  4.51  5.36  3.63  3.46  3.99  4.05  5.94  5.20  8.03
MEAN      3.15  4.06  4.14  4.48  4.59  4.29  3.73  3.63  4.14  3.72  2.99  3.40
STD DEV   1.76  2.55  2.24  2.68  2.17  2.31  2.01  1.65  2.14  1.99  1.70  1.85
SKEW       .79   .79   .62   .68   .39   .76   .80   .59   .48   .81  1.45   .63
CALM     13.36  9.87  5.81  5.05  5.28  5.22  5.62  7.10  7.04 10.90 12.59 14.32
 
INTERPOLATED DATA (station & weighting factor)
 
---Wind Stations---
IDAHO FALLS   ID     .338  IDAHO FALLS   ID     .338  POCATELLO     ID     .324
---Solar Radiation and Max .5 P Stations---
 ID IDAHO FALLS 16   .446   MT LAKEVIEW         .288   ID GOODING 1 S      .265 
---Dewpoint Stations---
ID IDAHO FALLS FANN  .555  ID BURLEY MUNI AP    .307  MT BOZEMAN GALLATIN  .138 
---Time Peak Stations---
ID IDAHO FALLS 16 S  .444  MT LAKEVIEW          .289  ID GOODING 1 S       .267 
