 NASHVILLE 3 NW IL                       116011 0
 LATT=  38.38 LONG= -89.40 YEARS= 40. TYPE= 3
 ELEVATION =  460. TP5 = 2.40 TP6= 5.28
 MEAN P    .30   .31   .36   .38   .42   .42   .47   .40   .50   .41   .40   .34
 S DEV P   .43   .45   .46   .50   .55   .53   .54   .49   .65   .48   .48   .42
 SKEW  P  3.57  3.41  2.96  2.91  2.82  2.49  1.69  2.16  2.19  2.20  2.27  2.43
 P(W/W)    .37   .37   .40   .46   .46   .43   .39   .37   .36   .41   .46   .41
 P(W/D)    .22   .22   .29   .27   .27   .24   .21   .19   .18   .20   .22   .22
 TMAX AV 38.37 43.63 55.25 66.90 75.88 84.68 88.18 86.69 79.75 68.48 54.87 42.29
 TMIN AV 22.31 26.33 35.64 45.85 55.49 64.13 67.94 65.69 57.78 46.71 36.80 26.56
 SD TMAX 12.15 12.70 12.42 10.33  8.17  6.41  5.80  6.09  8.09  9.86 11.33 11.66
 SD TMIN 11.99 11.36 10.39  9.40  8.27  6.10  5.13  5.74  8.15  9.36  9.85 11.53
 SOL.RAD  156.  229.  317.  419.  484.  546.  547.  493.  402.  288.  181.  136.
 SD SOL   25.9  28.3  28.9  40.6  46.2  44.7  41.4  31.1  27.9  30.0  27.7  17.2
 MX .5 P   .48   .49   .64   .91  1.14  1.25  1.52  1.35  1.06   .72   .68   .50
 DEW PT  22.18 25.90 34.09 43.09 54.29 62.48 67.29 65.81 57.81 45.81 35.90 26.67
Time Pk   .502  .680  .748  .831  .841  .856  .945  .964  .970  .980  .990 1.000
% N       8.11  7.24  6.77  6.32  5.54  5.53  5.14  7.59  7.88  7.13  4.41  6.30
MEAN      4.72  4.71  5.00  4.53  3.81  3.86  3.41  3.44  3.91  3.88  4.53  4.17
STD DEV   2.01  2.26  2.37  1.85  1.67  1.77  1.47  1.60  1.84  1.81  2.36  1.95
SKEW       .35   .77   .69   .17   .72   .46   .27   .62   .53   .59   .70   .48
% NNE     5.37  6.39  5.38  5.59  6.91  4.72  5.25  7.08  8.58  5.90  2.92  4.51
MEAN      4.18  4.51  4.65  4.47  4.24  3.51  3.32  3.43  3.83  3.67  4.37  3.99
STD DEV   1.79  2.20  2.19  1.90  1.87  1.65  1.48  1.58  1.64  1.68  2.00  2.03
SKEW       .31   .71   .61   .18   .57   .50   .53   .66   .48   .53   .97   .54
% NE      2.90  3.12  3.51  4.55  4.32  3.95  4.97  6.65  4.88  4.21  1.69  2.91
MEAN      3.68  3.72  4.09  4.23  3.80  3.35  3.09  3.28  3.66  3.29  3.72  3.66
STD DEV   1.76  1.82  1.89  1.94  1.63  1.49  1.38  1.52  1.73  1.62  1.79  1.66
SKEW       .58  1.15   .56   .63   .54   .53   .69   .73   .72  1.28   .96   .74
% ENE     2.97  3.79  4.24  5.22  4.84  3.70  4.26  5.62  3.90  2.63  1.72  2.61
MEAN      3.36  4.36  4.43  4.13  3.74  3.39  3.29  3.19  3.36  3.21  3.49  3.33
STD DEV   1.54  2.28  2.25  1.74  1.56  1.41  1.39  1.42  1.58  1.58  1.56  1.58
SKEW       .51   .70   .80   .60   .47   .26   .45   .66   .70   .43  1.16   .65
% E       2.92  5.16  4.77  5.10  4.20  3.44  4.11  4.29  3.71  3.64  2.20  2.96
MEAN      3.56  3.60  4.12  3.98  3.38  3.15  2.79  3.20  3.03  2.86  3.36  3.07
STD DEV   1.68  1.64  2.02  1.64  1.58  1.54  1.22  1.61  1.29  1.31  1.45  1.38
SKEW       .32   .48   .82   .28   .73   .89   .67   .93   .35   .48   .74   .58
% ESE     3.71  4.35  4.04  3.92  4.26  2.77  3.43  2.91  3.31  3.57  1.99  3.35
MEAN      3.79  3.77  4.26  4.27  3.79  3.36  3.17  3.05  3.20  3.31  3.75  3.59
STD DEV   1.67  1.79  2.04  1.94  1.71  1.57  1.30  1.34  1.39  1.43  1.75  1.72
SKEW       .27   .84   .72   .51   .52   .63   .31   .53   .39   .48   .58   .37
% SE      3.71  3.95  3.66  3.85  3.37  3.97  3.70  2.96  4.18  4.47  2.59  3.77
MEAN      3.76  3.97  4.43  3.98  3.52  3.36  3.05  3.07  3.23  3.23  3.49  3.78
STD DEV   1.68  1.98  2.15  1.80  1.69  1.52  1.29  1.43  1.51  1.49  1.70  1.84
SKEW       .47   .82   .68   .31   .62   .41   .45   .44   .47   .69  1.05   .61
% SSE     6.29  7.08  7.86  7.51  7.18  8.21  6.85  5.68  7.01  7.35  5.70  8.18
MEAN      4.34  4.59  5.30  4.96  4.24  3.84  3.44  3.31  3.79  4.15  4.42  4.46
STD DEV   2.00  2.14  2.37  2.22  1.96  1.67  1.36  1.40  1.66  1.89  2.20  2.06
SKEW       .54   .78   .49   .57   .62   .62   .36   .44   .65   .57  1.05   .67
% S      10.76  9.72  9.58 11.30 10.73 11.29  9.94  7.91 10.23 14.12 13.16 12.45
MEAN      4.93  4.69  5.70  5.30  4.51  4.02  3.60  3.32  4.08  4.29  4.93  4.82
STD DEV   2.42  2.14  2.80  2.20  2.28  1.73  1.56  1.55  1.93  2.00  2.10  2.20
SKEW       .75   .37   .55   .35   .91   .55   .49   .81  1.08   .72   .47   .76
% SSW     9.45  7.48  8.33  7.60  9.72 11.91 11.03  6.86  6.64  6.29  8.51  9.16
MEAN      5.12  5.26  5.23  5.64  4.71  4.48  4.02  3.35  4.12  4.30  5.03  4.72
STD DEV   2.40  2.54  2.58  2.54  2.30  2.04  1.73  1.42  1.92  2.07  2.21  2.25
SKEW       .54   .63   .45   .54   .78   .65   .62   .38   .60   .70   .52   .56
% SW      3.45  2.80  3.24  3.33  5.14  6.28  5.35  4.24  3.45  3.82  6.19  4.45
MEAN      3.97  3.93  4.19  4.76  4.16  4.15  3.78  3.34  3.66  3.75  3.95  4.29
STD DEV   2.02  1.99  2.31  2.42  2.01  1.90  1.72  1.39  1.72  2.09  1.78  2.27
SKEW      1.07   .41  1.02   .74   .65   .52   .70   .35   .53  1.02   .86   .92
% WSW     3.94  3.60  4.07  3.16  4.62  5.82  4.32  3.52  3.12  3.42  5.31  3.97
MEAN      4.78  4.59  5.65  5.18  4.38  4.26  3.90  3.59  3.65  3.75  4.10  4.97
STD DEV   2.60  2.26  3.10  2.86  2.20  1.97  1.68  1.54  1.80  1.70  1.98  2.80
SKEW       .84   .54   .69   .83   .80   .54   .60   .47  1.03   .57  1.03   .84
% W       4.64  4.16  5.05  5.36  4.41  3.80  2.98  2.74  3.17  3.56  5.88  5.06
MEAN      5.12  4.86  5.98  5.85  4.34  4.03  3.68  3.43  3.64  4.16  4.73  5.13
STD DEV   2.60  2.47  2.93  3.24  2.21  1.75  1.52  1.49  1.59  2.00  2.27  2.60
SKEW       .68   .62   .44   .73   .67   .56   .36   .41   .50   .61   .83   .75
% WNW     6.67  6.57  7.34  7.02  4.17  3.11  2.41  2.63  2.91  4.68  9.31  6.58
MEAN      5.77  5.78  6.51  6.52  5.03  4.17  3.70  3.67  3.95  4.78  5.63  5.20
STD DEV   2.76  2.90  2.82  2.75  2.24  1.91  1.67  1.62  1.67  2.20  2.44  2.30
SKEW       .66  1.42   .32   .19   .73   .58   .73   .63   .63   .39   .50   .45
% NW      8.32  8.59  8.32  6.62  3.65  3.45  3.34  3.98  4.45  4.85  9.95  8.29
MEAN      5.20  5.65  5.80  5.70  4.65  4.14  3.76  3.58  4.23  4.24  5.72  5.00
STD DEV   2.34  2.53  2.84  2.47  2.58  1.95  1.69  1.65  2.03  1.88  2.39  2.14
SKEW       .64   .33   .58   .23   .95   .52   .35   .54   .65   .42   .49   .44
% NNW     9.41  8.49  7.59  6.89  4.42  4.49  4.23  4.89  5.60  5.73  7.73  7.14
MEAN      5.15  5.33  5.24  5.20  4.46  4.09  3.85  3.70  3.98  4.63  5.40  4.72
STD DEV   2.12  2.44  2.36  2.13  1.87  1.64  1.72  1.63  1.94  1.94  2.23  2.09
SKEW       .32   .44   .44   .38   .29   .17   .78   .53   .53   .24   .39   .49
CALM      7.34  7.56  6.26  6.75 12.48 13.49 18.85 20.38 17.06 14.72 10.76  8.37
 
INTERPOLATED DATA (station & weighting factor)
 
---Wind Stations---
BELLEVILLE    IL     .602  EFFINGHAM     IL     .227  ADVANCE       MO     .171
---Solar Radiation and Max .5 P Stations---
 IL ASHLEY           .566   IL BELLEVILLE SIU   .270   IL MURPHYSBORO 2 S  .164 
---Dewpoint Stations---
MO ST LOUIS LAMBERT  .519  IN EVANSVILLE REGIO  .287  MO COLUMBIA RGNL AP  .194 
---Time Peak Stations---
IL ASHLEY            .543  IL BELLEVILLE SIU R  .290  IL MURPHYSBORO 2 SW  .167 
