 WHITE HALL 1 E IL                       119241 0
 LATT=  39.43 LONG= -90.38 YEARS= 40. TYPE= 3
 ELEVATION =  580. TP5 = 2.35 TP6= 4.98
 MEAN P    .24   .29   .29   .34   .40   .41   .41   .37   .40   .32   .35   .29
 S DEV P   .36   .35   .34   .44   .53   .48   .58   .46   .55   .40   .42   .49
 SKEW  P  3.00  1.80  2.05  2.36  2.49  1.78  3.05  2.65  2.66  2.50  1.99  5.32
 P(W/W)    .40   .40   .47   .51   .50   .45   .42   .41   .44   .44   .51   .44
 P(W/D)    .18   .18   .27   .29   .30   .25   .22   .21   .18   .23   .22   .19
 TMAX AV 35.09 40.64 52.35 64.79 74.43 82.86 86.91 85.14 78.68 66.89 52.98 39.66
 TMIN AV 17.61 21.41 31.66 42.38 52.60 61.71 65.80 63.55 54.65 43.07 33.18 22.27
 SD TMAX 12.46 13.31 13.45 11.52  8.95  7.17  6.20  6.40  8.54 10.55 12.23 12.28
 SD TMIN 12.66 12.49 10.66  9.05  8.12  6.48  5.40  6.00  8.69  9.39 10.11 11.88
 SOL.RAD  151.  229.  322.  403.  469.  529.  533.  470.  391.  276.  172.  136.
 SD SOL   23.8  30.2  34.2  38.3  47.4  43.8  41.0  31.6  27.4  20.5  33.0  19.6
 MX .5 P   .44   .37   .60   .88  1.20  1.33  1.41  1.30  1.04   .69   .59   .43
 DEW PT  20.40 24.40 32.99 41.99 53.17 61.77 66.59 65.41 56.99 44.99 34.81 24.99
Time Pk   .510  .677  .752  .830  .840  .850  .940  .950  .962  .970  .990 1.000
% N       5.80  5.58  5.01  4.58  4.21  3.67  4.36  5.05  5.48  4.80  3.73  4.22
MEAN      5.34  5.05  5.50  4.86  4.61  3.74  3.78  3.57  4.12  4.49  4.83  5.42
STD DEV   2.10  2.36  2.36  2.25  2.07  1.78  1.83  1.70  1.97  1.95  2.09  2.47
SKEW       .21   .32   .28   .33   .35   .61   .68   .84   .59   .31   .48   .27
% NNE     3.65  4.46  4.32  4.26  4.19  3.08  3.71  4.65  4.25  3.42  2.27  2.53
MEAN      4.57  5.04  5.25  4.91  4.63  3.78  3.58  3.56  3.80  4.27  4.30  4.86
STD DEV   1.88  2.11  2.17  2.14  2.04  1.74  1.61  1.57  1.72  1.78  1.95  2.43
SKEW       .35   .30   .50   .57   .42   .70   .79   .80   .90   .63   .64   .59
% NE      3.30  4.08  4.65  4.98  5.54  4.51  5.46  6.23  5.72  3.83  2.33  2.81
MEAN      4.09  4.44  4.68  4.39  4.15  3.44  3.08  3.11  3.48  3.60  3.78  4.06
STD DEV   1.91  1.96  2.14  2.04  1.95  1.68  1.40  1.39  1.63  1.71  1.69  2.20
SKEW       .67   .34   .43   .56   .49   .78  1.00   .77   .87   .75   .72   .92
% ENE     2.29  3.71  4.38  4.53  4.48  3.73  4.54  4.88  4.11  2.75  1.96  2.39
MEAN      4.22  5.07  5.04  4.97  4.30  3.71  3.29  3.25  3.46  3.70  3.92  4.15
STD DEV   1.84  2.26  2.23  2.03  1.86  1.59  1.33  1.32  1.49  1.67  1.54  1.79
SKEW       .49   .43   .37   .38   .41   .67   .60   .55   .67   .81   .41   .45
% E       3.21  4.77  5.95  5.73  5.02  5.16  6.14  6.92  4.57  3.96  2.99  3.58
MEAN      4.09  4.71  5.43  4.98  4.18  3.65  3.15  3.15  3.21  3.25  4.01  4.28
STD DEV   1.87  1.99  2.52  2.10  1.85  1.68  1.38  1.41  1.36  1.38  1.77  2.00
SKEW       .59   .41   .45   .20   .44   .65   .71   .80   .56   .74   .82   .51
% ESE     3.74  4.28  5.37  5.04  4.82  4.40  4.18  5.45  4.04  3.91  2.89  3.78
MEAN      4.61  4.84  5.52  5.20  4.40  3.75  3.14  3.30  3.38  3.59  4.23  4.64
STD DEV   1.95  1.97  2.21  2.09  1.86  1.62  1.27  1.38  1.43  1.54  1.79  1.94
SKEW       .52   .42   .29   .37   .43   .69   .58   .74   .61   .86   .69   .42
% SE      5.20  5.72  6.53  6.30  5.91  6.22  6.31  6.94  6.48  6.82  4.81  6.03
MEAN      4.83  5.14  5.72  5.36  4.34  3.80  3.17  3.20  3.43  3.64  4.36  4.88
STD DEV   2.07  2.11  2.47  2.20  2.03  1.85  1.36  1.44  1.56  1.67  2.01  2.15
SKEW       .34   .15   .25   .25   .55   .71   .66   .77   .85   .89   .73   .29
% SSE     7.95  7.29  7.60  7.61  8.40  7.40  6.48  6.73  7.95  9.12  6.75  7.58
MEAN      5.89  6.10  6.53  6.06  5.08  4.42  3.82  3.66  4.31  4.74  5.42  5.74
STD DEV   2.14  2.35  2.55  2.30  2.22  1.88  1.60  1.57  1.78  1.97  2.14  2.35
SKEW       .14   .20   .24   .15   .41   .43   .52   .54   .52   .49   .27   .24
% S       9.87  8.20  8.20  9.52 11.16 13.72 12.43 11.36 13.15 13.72 12.09 11.82
MEAN      5.75  5.82  6.25  5.98  5.07  4.56  4.02  3.70  4.56  4.82  5.63  5.74
STD DEV   2.31  2.25  2.64  2.42  2.25  1.92  1.70  1.60  1.92  2.07  2.31  2.28
SKEW       .25   .03   .43   .21   .43   .51   .44   .67   .48   .51   .40   .19
% SSW     6.85  6.70  5.21  6.96  8.83 11.52  9.86  8.78  8.63  9.19  9.55  7.92
MEAN      5.21  5.47  5.63  5.55  4.97  4.66  4.31  3.87  4.65  4.73  5.38  5.34
STD DEV   2.07  2.29  2.43  2.32  2.18  1.92  1.81  1.66  1.94  1.99  2.25  2.23
SKEW       .24   .17   .25   .22   .39   .42   .43   .52   .54   .39   .39   .19
% SW      4.94  5.02  3.82  4.77  6.41  8.33  8.11  6.94  6.54  6.45  7.27  6.40
MEAN      4.62  4.84  5.24  5.18  4.50  4.39  4.00  3.78  3.97  4.61  4.94  5.04
STD DEV   2.14  2.20  2.63  2.50  2.22  2.06  1.78  1.68  1.88  2.10  2.46  2.39
SKEW       .63   .34   .64   .54   .63   .61   .47   .50   .68   .67   .81   .61
% WSW     4.80  4.55  4.80  3.94  4.86  5.47  4.88  4.33  4.11  4.29  5.70  5.23
MEAN      5.40  5.78  6.72  5.69  4.99  4.59  4.07  3.79  4.05  4.51  5.37  5.74
STD DEV   2.59  2.95  3.58  3.03  2.45  2.03  1.88  1.64  1.90  2.06  2.62  2.64
SKEW       .71   .80   .66   .67   .63   .48   .51   .47   .62   .75   .87   .73
% W       6.94  6.32  7.15  6.12  5.64  5.33  5.37  4.63  4.66  5.08  7.79  8.15
MEAN      5.97  5.87  6.46  5.44  4.70  4.09  3.57  3.46  3.68  4.45  5.58  5.61
STD DEV   3.19  3.05  3.24  3.14  2.52  2.03  1.86  1.70  1.85  2.18  2.88  2.55
SKEW       .81   .79   .52  1.05   .70   .74   .84   .78   .81   .65   .71   .45
% WNW     9.46  9.48  9.17  8.36  5.60  4.52  3.88  3.66  4.21  5.51 10.42  9.66
MEAN      6.22  6.52  6.75  6.80  5.33  4.49  3.82  3.71  4.24  5.09  6.34  6.19
STD DEV   2.58  2.55  2.93  3.03  2.58  2.06  1.93  1.71  1.92  2.44  2.90  2.63
SKEW       .28   .15   .27   .31   .55   .52   .80   .89   .79   .53   .63   .29
% NW     12.05 11.16 10.30  9.88  7.16  5.87  5.67  4.87  7.59  7.84 11.29 10.50
MEAN      6.01  5.92  6.07  6.08  4.88  4.17  3.70  3.61  4.26  4.91  6.08  5.67
STD DEV   2.36  2.58  2.54  2.58  2.25  2.03  1.81  1.76  2.08  2.29  2.51  2.40
SKEW       .13   .35   .23   .13   .46   .59   .68   .81   .65   .49   .20   .20
% NNW     8.35  7.04  6.14  5.79  4.66  3.82  4.32  4.06  4.83  5.66  6.20  5.66
MEAN      5.74  5.84  5.92  5.64  4.86  4.22  4.14  3.71  4.52  5.21  5.68  5.46
STD DEV   2.13  2.42  2.35  2.39  2.12  1.81  1.79  1.63  2.12  2.08  2.18  2.39
SKEW       .15   .32   .18   .09   .34   .38   .53   .65   .59   .20   .15   .39
CALM      1.61  1.64  1.37  1.70  3.17  3.22  4.31  4.47  3.66  3.65  1.83  1.74
 
INTERPOLATED DATA (station & weighting factor)
 
---Wind Stations---
SPRINGFIELD   IL     .350  ST. LOUIS     MO     .349  QUINCY        IL     .301
---Solar Radiation and Max .5 P Stations---
 IL GREENFIELD       .519   IL JACKSONVILLE 2E  .258   IL PITTSFIELD #2    .224 
---Dewpoint Stations---
IL SPRINGFIELD CAPI  .414  MO ST LOUIS LAMBERT  .407  MO COLUMBIA RGNL AP  .179 
---Time Peak Stations---
IL GREENFIELD        .504  IL JACKSONVILLE 2E   .259  IL PITTSFIELD #2     .236 
