 ANGOLA IN                               12 200 0
 LATT=  41.63 LONG= -85.00 YEARS= 40. TYPE= 3
 ELEVATION = 1060. TP5 = 2.01 TP6= 4.81
 MEAN P    .20   .22   .25   .32   .37   .39   .41   .43   .38   .28   .30   .23
 S DEV P   .26   .29   .32   .38   .52   .46   .52   .58   .43   .37   .35   .27
 SKEW  P  2.43  2.46  2.77  2.51  3.08  2.40  2.46  2.71  2.03  3.05  2.39  2.74
 P(W/W)    .44   .45   .42   .49   .48   .42   .42   .45   .46   .42   .46   .47
 P(W/D)    .29   .23   .25   .26   .25   .24   .23   .22   .19   .25   .25   .30
 TMAX AV 30.14 33.18 44.51 57.47 69.43 78.31 82.05 80.05 73.41 60.41 47.55 34.49
 TMIN AV 14.67 15.45 24.58 35.45 46.96 56.51 60.65 58.39 50.17 38.70 30.02 20.14
 SD TMAX 10.99 10.92 12.84 11.78 10.05  7.71  6.05  5.98  8.38 10.20 10.97 10.97
 SD TMIN 12.80 12.40 10.87  8.80  8.81  7.69  6.87  6.82  8.52  8.77  9.18 11.40
 SOL.RAD  120.  193.  287.  370.  438.  499.  506.  421.  349.  223.  129.   96.
 SD SOL   23.8  34.5  45.9  57.9  42.8  36.9  42.2  37.8  36.4  14.1  24.6  16.6
 MX .5 P   .38   .37   .52   .59   .89  1.22  1.20  1.27   .92   .56   .45   .34
 DEW PT  18.42 20.14 27.56 36.26 47.54 56.84 62.12 61.12 53.42 41.72 32.84 23.42
Time Pk   .535  .697  .761  .839  .849  .859  .944  .952  .962  .972  .988 1.000
% N       4.37  4.64  4.44  4.08  4.78  3.86  5.09  5.94  3.75  3.95  3.38  2.48
MEAN      4.51  4.56  4.42  4.54  4.14  3.52  3.38  3.43  3.94  4.44  4.69  4.80
STD DEV   2.01  2.01  2.11  2.01  1.87  1.65  1.66  1.64  1.94  2.09  2.16  2.09
SKEW       .20   .40   .97   .31   .44   .62   .67   .59   .42   .53   .34   .28
% NNE     3.68  3.84  3.65  3.80  5.20  2.50  3.15  4.00  2.67  3.87  2.37  1.86
MEAN      4.48  4.90  4.75  4.83  4.30  3.61  3.47  3.60  4.15  4.37  4.63  4.80
STD DEV   1.58  2.10  1.93  2.26  1.77  1.69  1.43  1.57  1.75  1.93  2.16  2.17
SKEW       .01   .34   .31   .65   .35   .81   .19   .34   .40   .43   .46   .30
% NE      3.01  2.82  3.18  3.26  4.61  2.73  3.88  4.09  3.42  3.51  1.79  1.72
MEAN      4.10  4.09  4.11  4.29  4.22  3.25  3.13  3.15  3.59  3.59  3.55  4.06
STD DEV   1.73  2.06  1.89  2.06  2.08  1.45  1.43  1.55  1.60  1.71  1.40  1.90
SKEW       .24   .53   .27   .48   .91   .53   .64   .76   .48   .63   .41   .68
% ENE     3.54  4.89  5.73  4.88  5.14  3.17  3.41  3.88  3.95  3.58  2.01  2.50
MEAN      4.32  5.30  5.78  4.79  4.43  3.69  3.46  3.47  3.95  3.82  4.33  4.45
STD DEV   1.68  2.25  2.26  2.04  1.90  1.53  1.60  1.52  1.56  1.71  1.91  2.00
SKEW       .45   .51  -.02   .38   .60   .60   .51   .25   .22   .37   .47   .46
% E       2.98  3.94  5.83  5.19  5.23  4.03  3.26  3.20  3.57  2.78  1.87  3.03
MEAN      4.03  4.89  5.62  5.06  4.08  3.62  3.04  3.01  3.81  3.30  3.74  4.59
STD DEV   2.02  2.19  2.53  2.31  1.81  1.71  1.36  1.30  1.74  1.67  1.54  2.03
SKEW       .51   .22   .23   .35   .48   .49   .41   .47   .49   .63   .73   .18
% ESE     5.29  5.15  6.31  6.82  4.89  4.43  3.50  3.25  3.31  3.42  2.34  4.45
MEAN      4.55  5.00  5.53  5.34  4.46  3.84  3.27  3.17  3.55  3.69  3.76  5.08
STD DEV   1.84  2.00  2.18  2.17  1.70  1.58  1.36  1.35  1.51  1.72  1.59  1.93
SKEW       .40   .33   .44   .34   .20   .35   .52   .62   .45   .51   .52   .44
% SE      4.62  4.63  4.28  4.86  4.63  4.63  4.27  5.58  5.15  5.33  3.22  3.95
MEAN      4.05  4.28  4.37  4.53  3.76  3.22  2.79  2.70  3.13  3.19  3.75  3.85
STD DEV   1.85  1.89  1.94  1.91  1.60  1.36  1.22  1.08  1.37  1.53  1.64  1.70
SKEW       .51   .24   .49   .29   .31   .66   .89   .91   .61   .98   .64   .48
% SSE     6.10  5.75  5.80  5.66  4.66  6.73  4.82  4.93  6.21  5.82  6.60  6.25
MEAN      4.51  4.99  4.83  5.03  4.07  3.71  3.22  2.94  3.28  3.62  4.52  4.45
STD DEV   1.85  2.08  1.94  2.01  1.69  1.40  1.42  1.25  1.38  1.58  1.95  1.63
SKEW       .45   .28   .25   .25   .43   .43   .56   .64   .54   .70   .61   .38
% S       6.04  4.75  4.45  4.46  5.75  7.89  6.44  6.27  8.19  7.26  7.82  6.70
MEAN      4.70  4.98  5.06  4.84  4.32  3.80  3.33  2.89  3.66  3.96  4.79  4.94
STD DEV   1.96  2.20  2.24  2.09  2.01  1.60  1.45  1.24  1.77  1.81  2.30  2.37
SKEW       .20   .38   .34   .47   .51   .70   .71   .93   .58   .78   .70   .78
% SSW     9.75  8.20  5.42  6.74  6.55 11.41  9.80  7.69 10.04 10.95 13.43 11.97
MEAN      5.59  5.56  6.00  5.57  5.03  4.48  4.16  3.63  4.27  4.75  5.47  5.48
STD DEV   2.30  2.22  2.39  2.25  2.23  1.79  1.85  1.68  1.82  2.09  2.36  2.12
SKEW       .31   .26   .04   .47   .56   .37   .63   .70   .53   .67   .68   .55
% SW      8.27  8.40  6.18  7.93  8.09 10.15 10.66  9.86 10.61 10.83 11.00 12.85
MEAN      5.08  5.34  5.72  5.15  4.65  4.55  3.94  3.69  4.05  4.39  4.86  5.16
STD DEV   2.13  2.43  2.95  2.31  2.23  2.02  1.75  1.70  1.87  2.08  2.42  2.23
SKEW       .44   .39   .65   .28   .79   .39   .50   .56   .62   .56  1.31   .33
% WSW    12.00 11.40 10.54  9.69  8.62  8.11  8.70  6.93  8.11  9.39 13.87 15.73
MEAN      5.89  5.84  6.44  6.03  5.20  4.77  4.24  3.87  4.05  4.58  5.66  5.62
STD DEV   2.55  2.73  3.13  2.74  2.41  2.14  1.83  1.80  1.90  2.07  2.55  2.30
SKEW       .57   .64   .58   .63   .59   .39   .44   .50   .70   .64   .69   .56
% W       9.15  8.83  7.88  7.57  6.12  5.39  5.41  5.53  5.87  5.39  8.50  9.51
MEAN      5.87  5.44  6.23  5.81  5.24  4.26  3.99  3.82  4.49  4.54  5.20  5.42
STD DEV   2.52  2.49  2.74  2.71  2.36  2.04  1.93  1.96  2.15  2.08  2.42  2.24
SKEW       .30   .50   .31   .49   .36   .57   .38   .67   .59   .38   .33   .56
% WNW     8.74  8.84  9.45  9.18  7.49  6.56  5.47  4.98  6.99  5.76  8.26  7.35
MEAN      6.20  6.05  6.32  6.32  5.43  4.86  4.54  4.43  4.98  5.56  5.66  5.80
STD DEV   2.41  2.69  2.65  2.51  2.36  2.22  2.08  2.06  2.13  2.38  2.58  2.39
SKEW       .21   .42   .33   .22   .40   .52   .63   .56   .38   .40   .50   .45
% NW      4.99  5.36  7.48  6.89  6.93  6.40  6.50  6.61  5.55  5.80  5.48  3.82
MEAN      5.56  5.26  5.69  5.77  4.75  4.46  3.93  3.95  4.50  4.69  5.12  4.91
STD DEV   2.37  2.41  2.50  2.42  2.19  2.13  1.96  1.98  2.04  2.27  2.74  1.99
SKEW       .21   .54   .12   .12   .43   .68   .57   .67   .52   .46   .91   .20
% NNW     5.51  6.14  7.27  6.33  5.77  5.76  5.78  5.86  5.40  5.30  5.58  3.04
MEAN      5.59  5.39  5.81  5.53  4.79  4.32  4.17  3.76  4.55  4.92  5.23  5.18
STD DEV   2.43  2.21  2.41  2.31  2.19  1.96  1.96  1.79  1.95  2.15  2.51  2.16
SKEW       .51   .49   .39   .15   .52   .45   .52   .81   .35   .25   .90   .06
CALM      1.85  2.36  2.11  2.66  5.50  6.26  9.82 11.42  7.29  7.10  2.47  2.74
 
INTERPOLATED DATA (station & weighting factor)
 
---Wind Stations---
GOSHEN        IN     .364  FT. WAYNE     IN     .340  JACKSON       MI     .296
---Solar Radiation and Max .5 P Stations---
 MI COLDWATER WWTP   .570   MI JACKSON 3N       .223   IN BLUFFTON 4 N     .208 
---Dewpoint Stations---
IN FT WAYNE          .419  MI BATTLE CREEK KEL  .299  MI JACKSON REYNOLDS  .282 
---Time Peak Stations---
MI COLDWATER WWTP    .574  MI JACKSON 3N        .221  IN BLUFFTON 1 N      .205 
