 LAWRENCE KS                             144559 0
 LATT=  38.97 LONG= -95.23 YEARS= 40. TYPE= 3
 ELEVATION =  860. TP5 = 2.72 TP6= 6.57
 MEAN P    .18   .24   .31   .38   .44   .58   .46   .46   .50   .42   .35   .28
 S DEV P   .28   .31   .36   .46   .57   .76   .67   .63   .64   .54   .50   .38
 SKEW  P  3.67  2.24  2.07  2.23  2.21  2.48  3.06  2.21  2.16  2.48  2.38  2.19
 P(W/W)    .35   .39   .37   .45   .49   .44   .42   .43   .42   .43   .41   .37
 P(W/D)    .14   .16   .20   .27   .30   .26   .20   .20   .20   .19   .15   .13
 TMAX AV 38.80 44.65 56.02 66.99 75.95 84.50 90.21 88.84 80.51 68.63 54.08 41.76
 TMIN AV 20.65 25.37 34.74 45.83 55.73 64.96 69.97 67.98 59.07 47.45 35.39 24.54
 SD TMAX 13.54 14.24 13.42 11.34  8.45  7.15  7.07  7.57  9.49 10.72 12.18 13.03
 SD TMIN 11.98 12.18 10.88  9.88  7.78  6.18  5.26  5.89  8.68  9.33 10.48 11.66
 SOL.RAD  171.  234.  331.  403.  481.  528.  545.  486.  393.  284.  181.  152.
 SD SOL   23.2  36.1  36.0  33.9  52.3  33.1  40.5  24.1  25.4  26.9  29.9  23.2
 MX .5 P   .29   .42   .61   .76  1.34  1.48  1.37  1.39  1.16   .79   .58   .40
 DEW PT  19.33 23.33 32.16 41.68 53.68 62.68 66.84 65.52 57.00 44.00 33.16 23.16
Time Pk   .493  .662  .740  .812  .825  .845  .940  .955  .965  .972  .990 1.000
% N      11.98 13.16 10.82  8.19  6.08  5.26  5.54  5.84  7.70  8.36  7.95  9.99
MEAN      6.02  5.71  6.20  5.87  5.21  4.59  4.19  4.40  4.77  5.28  5.52  5.34
STD DEV   2.62  2.54  2.55  2.51  2.11  1.95  1.85  1.91  2.22  2.28  2.39  2.25
SKEW       .40   .42   .13   .35   .18   .27   .40   .33   .55   .37   .27   .31
% NNE     4.69  4.79  4.48  4.44  3.34  3.22  3.32  3.64  4.60  2.72  2.61  3.87
MEAN      5.16  4.94  5.70  5.25  4.85  4.88  4.15  4.46  4.44  4.55  4.76  4.61
STD DEV   2.26  1.99  2.29  2.17  1.94  2.01  1.69  1.93  1.76  1.94  2.19  1.72
SKEW       .43   .36   .30   .31   .43   .26   .25   .62   .35   .45   .22  -.06
% NE      4.27  4.04  4.26  5.10  4.62  4.37  5.03  4.11  6.20  2.53  2.06  2.62
MEAN      4.35  4.15  4.98  4.70  4.42  4.21  3.65  3.87  4.06  3.92  3.90  4.19
STD DEV   1.88  1.76  2.09  2.01  1.78  1.79  1.55  1.78  1.69  1.65  1.72  1.89
SKEW       .19   .54   .42   .53   .25   .53   .45   .48   .43   .28   .35   .51
% ENE     2.11  2.95  3.64  3.61  3.42  3.47  3.37  3.33  4.07  1.58  1.37  1.99
MEAN      4.02  4.44  5.47  5.35  4.50  4.19  3.78  3.76  3.92  3.13  3.55  4.11
STD DEV   1.80  1.81  2.50  2.32  1.69  1.71  1.81  1.57  1.69  1.27  1.44  1.71
SKEW       .39   .12   .45   .41  -.19   .29   .72   .53   .55   .56   .36   .73
% E       3.40  5.49  6.76  6.63  6.33  6.20  7.24  7.11  6.73  4.09  2.61  4.12
MEAN      3.45  4.70  4.94  5.07  4.48  3.96  3.52  3.66  3.64  3.37  3.34  4.09
STD DEV   1.60  1.98  2.25  2.21  1.92  1.71  1.57  1.68  1.63  1.46  1.54  1.80
SKEW       .58   .11   .41   .23   .26   .52   .60   .83   .60   .50   .65   .44
% ESE     2.59  3.26  4.57  4.61  4.96  5.30  5.78  5.40  4.33  3.68  2.37  2.90
MEAN      3.63  4.53  5.01  5.38  4.49  4.35  3.82  3.88  3.68  3.82  3.50  4.07
STD DEV   1.55  1.96  2.32  2.39  1.97  1.85  1.52  1.62  1.66  1.54  1.46  1.71
SKEW       .51   .36   .54   .27   .55   .55   .58   .61   .51   .38   .29   .15
% SE      4.62  3.48  4.78  6.05  7.57  7.92  9.07  8.78  7.11  6.19  4.17  4.22
MEAN      4.01  4.27  4.81  5.06  4.51  4.41  3.73  3.89  3.78  3.91  3.77  3.97
STD DEV   1.79  1.87  2.03  2.12  1.97  2.14  1.61  1.69  1.78  1.74  1.66  1.82
SKEW       .60   .64   .43   .32   .62   .73   .59   .65   .89   .41   .46   .60
% SSE     4.06  3.57  4.74  4.97  7.88  9.26  7.82  7.88  7.60  6.87  4.97  4.37
MEAN      4.57  4.98  6.22  6.27  5.58  5.20  4.48  4.38  4.71  5.13  4.79  4.65
STD DEV   1.95  2.04  2.96  2.70  2.45  2.16  1.76  1.85  1.95  2.39  2.02  2.13
SKEW       .29   .34   .44   .27   .50   .39   .31   .40   .38   .55   .33   .58
% S      11.50 10.81 12.03 14.62 19.58 22.62 20.44 22.13 18.55 19.78 14.81 14.85
MEAN      5.50  5.74  7.29  7.06  6.88  6.17  5.27  5.12  5.61  5.71  5.62  5.51
STD DEV   2.60  2.50  3.16  3.10  2.81  2.52  2.14  2.04  2.29  2.64  2.59  2.68
SKEW       .52   .44   .26   .22   .14   .32   .29   .38   .16   .54   .58   .70
% SSW     7.72  7.10  5.56  6.63  7.62  8.07  9.00  8.94  6.98  8.43  8.54  7.50
MEAN      5.29  5.66  6.87  7.35  6.37  5.98  5.62  5.40  5.72  5.33  5.94  5.44
STD DEV   2.25  2.53  3.37  3.43  2.79  2.53  2.18  2.08  2.51  2.40  2.59  2.49
SKEW       .40   .44   .44   .30   .15   .32   .19   .19   .39   .69   .35   .56
% SW      6.68  4.55  3.99  4.09  4.25  4.17  4.21  4.25  3.17  5.06  6.05  4.67
MEAN      4.59  4.36  5.48  5.90  4.87  4.65  4.33  4.63  4.51  4.27  4.70  4.13
STD DEV   2.12  2.31  2.88  3.12  2.63  2.19  1.95  2.11  2.07  2.24  2.38  2.29
SKEW       .69  1.10   .69   .49  1.03   .53   .48   .37   .45   .89   .80  1.09
% WSW     2.61  2.40  2.01  2.37  1.97  1.66  1.38  1.29  1.37  1.90  2.83  2.75
MEAN      4.12  4.08  5.05  5.98  5.01  3.70  3.81  3.41  3.30  3.57  3.80  4.30
STD DEV   1.79  1.88  2.65  3.26  2.96  1.64  1.54  1.49  1.43  1.69  2.00  2.43
SKEW       .75   .36   .59   .33  1.23   .62   .33   .49   .46   .76  1.10   .92
% W       5.06  4.61  4.84  4.11  3.60  2.41  2.03  1.74  2.32  3.86  6.52  5.78
MEAN      4.13  3.88  5.50  5.28  4.31  3.61  3.22  3.36  3.50  3.68  4.04  3.97
STD DEV   1.78  1.86  2.72  3.12  2.12  1.64  1.42  1.52  1.59  1.81  1.96  2.00
SKEW       .51   .71   .74   .91   .68   .63   .48   .57   .69  1.08   .82  1.15
% WNW     4.77  4.57  5.42  4.25  3.39  2.03  1.25  1.41  1.79  3.66  6.03  6.19
MEAN      4.98  4.44  6.32  6.09  4.80  4.31  3.55  4.20  3.48  4.49  4.74  5.44
STD DEV   2.34  2.06  2.83  3.28  2.08  2.01  1.53  1.99  1.65  2.33  2.26  2.86
SKEW       .67   .65   .28   .75   .41   .74   .55   .72   .57   .96   .94   .77
% NW      8.18  9.17  9.43  8.48  5.11  3.49  2.45  2.23  3.11  6.29 11.81  9.87
MEAN      5.51  5.29  6.55  6.33  5.10  4.32  3.55  3.83  3.99  4.89  5.38  5.35
STD DEV   2.34  2.52  2.96  2.92  2.40  2.00  1.68  1.80  2.03  2.55  2.68  2.44
SKEW       .35   .69   .42   .34   .55   .54   .93   .68   .64   .77   .67   .43
% NNW     8.60  8.86  7.15  5.67  3.80  2.68  2.20  2.20  3.75  5.65  7.40  6.50
MEAN      6.26  5.96  6.70  6.33  5.35  4.46  4.17  4.31  4.35  5.13  5.88  5.77
STD DEV   2.61  2.52  2.98  2.69  2.21  2.07  1.92  2.05  1.95  2.52  2.61  2.46
SKEW       .24   .39   .29   .20   .27   .43   .57   .51   .55   .46   .48   .13
CALM      7.20  7.25  5.49  6.11  6.57  7.86  9.87  9.80 10.64  9.38  7.96  7.77
 
INTERPOLATED DATA (station & weighting factor)
 
---Wind Stations---
TOPEKA/FORBES KS     .405  TOPEKA        KS     .405  LEBO          KS     .191
---Solar Radiation and Max .5 P Stations---
 MO GLADSTONE        .513   KS IOLA 1 W         .264   NE DU BOIS 1NNW     .224 
---Dewpoint Stations---
KS TOPEKA MUNI AP    .517  MO KANSAS CITY INTL  .318  KS EMPORIA MUNI AP   .165 
---Time Peak Stations---
MO GLADSTONE         .512  KS IOLA 1 W          .262  NE DU BOIS 1NNW      .226 
