 CONCORDIA WSO AP KS                     141767 0
 LATT=  39.55 LONG= -97.65 YEARS= 40. TYPE= 3
 ELEVATION = 1470. TP5 = 2.62 TP6= 5.97
 MEAN P    .12   .16   .26   .29   .36   .39   .44   .38   .37   .29   .23   .18
 S DEV P   .15   .23   .38   .39   .50   .51   .57   .53   .51   .45   .35   .28
 SKEW  P  2.30  3.52  2.67  2.63  2.56  2.16  2.17  3.19  2.31  4.22  3.33  3.97
 P(W/W)    .33   .37   .40   .42   .49   .42   .46   .37   .44   .43   .41   .35
 P(W/D)    .13   .14   .20   .24   .28   .29   .19   .24   .17   .15   .12   .11
 TMAX AV 37.46 42.69 54.48 65.00 74.54 85.26 91.32 88.58 80.21 67.57 52.32 40.25
 TMIN AV 17.81 21.72 31.42 41.56 52.20 62.05 67.86 65.57 55.94 43.74 30.99 20.77
 SD TMAX 13.95 15.10 14.09 12.00  9.37  8.42  7.78  8.21 10.23 11.36 12.68 13.08
 SD TMIN 11.48 11.85 10.62  9.07  7.77  6.67  5.66  6.20  8.98  9.11  9.99 10.72
 SOL.RAD  175.  243.  348.  417.  492.  553.  565.  500.  406.  293.  192.  159.
 SD SOL   21.3  31.7  36.7  38.9  57.8  39.0  40.2  22.3  23.5  24.3  28.8  23.5
 MX .5 P   .24   .31   .55   .66  1.26  1.57  1.51  1.37  1.07   .76   .44   .35
 DEW PT  18.00 21.00 30.00 40.00 51.00 60.00 64.00 63.00 54.00 41.00 30.00 21.00
Time Pk   .462  .645  .722  .810  .820  .835  .933  .947  .957  .969  .987 1.000
% N      12.20 13.00 12.60  8.00  7.60  5.70  5.10  4.30  7.60  9.70 10.20 11.20
MEAN      7.19  7.22  7.27  7.18  6.49  5.78  5.08  5.45  5.59  6.07  6.39  7.03
STD DEV   2.70  2.60  2.70  2.40  2.30  2.24  1.89  2.16  2.19  2.20  2.26  2.48
SKEW       .37   .21   .08  -.09   .23   .15   .36   .29   .27   .20   .09   .08
% NNE     5.00  4.80  6.10  4.70  4.00  3.40  4.30  4.60  5.20  4.00  3.90  4.80
MEAN      6.44  6.20  6.77  6.51  5.74  5.52  5.12  5.31  5.55  5.72  5.33  5.90
STD DEV   2.84  2.72  2.45  2.39  2.47  2.16  1.92  2.24  2.16  2.15  2.19  2.41
SKEW       .35   .45   .12   .05   .67   .06   .37   .35   .40   .29   .25   .20
% NE      3.60  3.60  4.30  4.20  3.90  3.70  4.50  4.10  4.50  2.80  3.00  2.90
MEAN      5.18  5.39  5.87  6.29  5.14  5.13  4.78  4.64  4.94  5.01  4.59  5.43
STD DEV   2.05  2.18  2.42  2.41  1.86  2.03  1.91  1.70  2.10  2.08  1.93  2.30
SKEW       .29   .58   .24   .32   .31   .56   .53   .46   .37   .51   .49   .42
% ENE     2.80  3.40  4.40  4.80  4.80  3.70  5.10  4.80  5.30  2.00  2.50  2.40
MEAN      4.76  4.89  5.31  6.16  5.17  4.77  4.58  4.38  4.77  4.05  4.22  4.40
STD DEV   1.95  1.99  2.03  2.22  2.07  1.84  1.69  1.55  1.78  1.81  1.79  2.13
SKEW       .65   .51   .48  -.02   .35   .62   .72   .37   .48   .94   .71   .95
% E       4.10  4.50  5.40  7.30  5.40  6.00  5.90  7.10  5.70  3.10  3.50  3.50
MEAN      4.59  5.21  5.45  5.60  5.23  4.84  4.71  4.80  4.28  3.84  4.07  4.42
STD DEV   1.87  2.22  2.21  2.28  2.06  1.91  1.90  1.78  1.61  1.50  1.94  1.91
SKEW       .74   .60   .59   .21   .40   .72   .48   .52   .50   .81  1.12   .68
% ESE     4.30  4.60  4.60  7.20  5.60  7.60  7.30  7.00  6.20  4.00  3.90  4.10
MEAN      4.56  5.26  5.66  6.23  5.46  5.40  5.26  5.04  4.51  4.81  4.15  4.70
STD DEV   1.96  2.11  2.46  2.35  2.21  2.23  2.05  1.83  1.59  1.81  1.59  1.99
SKEW       .72   .58   .43   .02   .44   .55   .52   .50   .36   .31   .42   .60
% SE      3.50  3.80  5.70  7.60  8.40  9.50 10.20  8.50  7.40  5.80  5.00  4.00
MEAN      5.11  5.19  6.28  6.79  5.96  6.04  5.64  5.35  5.37  5.55  5.18  4.96
STD DEV   2.17  2.16  2.58  2.66  2.13  2.19  2.03  1.92  2.09  2.19  2.03  2.12
SKEW       .47   .56   .33   .01   .34   .30   .30   .51   .62   .21   .22   .74
% SSE     5.00  5.20  6.90  8.30 11.40 14.80 13.00 12.80 11.40  9.30  7.40  6.40
MEAN      5.46  5.85  6.90  7.32  6.49  6.58  5.69  5.56  5.88  6.02  5.73  5.54
STD DEV   2.11  2.26  3.14  2.67  2.42  2.16  1.91  1.92  2.01  2.14  2.05  1.98
SKEW       .28   .41   .63   .09   .39   .08   .32   .47   .06   .18   .35   .29
% S      12.70 10.40 12.30 14.30 17.80 20.00 24.70 24.40 19.40 21.90 14.90 11.80
MEAN      6.96  7.09  8.29  8.36  7.59  7.29  6.82  6.76  7.15  7.20  6.69  6.55
STD DEV   2.47  2.43  2.86  2.57  2.49  2.33  2.08  1.98  2.24  2.41  2.27  2.42
SKEW       .00   .03   .09  -.14   .04  -.04   .03   .01   .09   .01  -.05   .07
% SSW     5.50  5.30  3.90  3.40  4.00  4.90  5.80  6.20  4.30  4.90  5.50  5.80
MEAN      6.61  6.50  6.65  7.10  6.60  6.24  6.59  6.34  5.98  5.87  5.96  5.80
STD DEV   2.17  2.26  2.73  2.74  2.46  2.26  2.21  2.06  2.13  2.25  1.98  2.07
SKEW      -.01   .00   .25   .22   .29   .43   .15  -.15   .20   .47  -.06   .24
% SW      5.10  5.20  3.40  2.80  3.30  3.30  3.20  3.30  3.70  4.00  4.80  5.10
MEAN      5.46  5.78  5.83  6.47  6.08  5.36  5.57  5.30  5.42  5.33  4.91  5.37
STD DEV   2.15  2.07  2.13  2.55  2.22  2.02  1.92  1.92  1.80  2.17  1.86  1.92
SKEW       .58   .24   .41   .24   .10   .30   .30   .31   .21   .35   .41   .15
% WSW     6.50  5.60  3.20  3.40  2.90  2.50  1.60  1.60  2.90  3.40  4.20  6.30
MEAN      5.13  5.01  5.43  5.81  5.43  4.40  4.13  4.14  4.23  4.23  4.80  4.97
STD DEV   1.79  1.90  2.23  2.30  2.08  1.65  1.56  1.72  1.50  1.36  1.50  1.59
SKEW       .38   .49   .64   .36   .63   .69   .59   .62   .53   .15   .26   .33
% W       8.40  8.40  6.00  5.80  5.80  3.70  2.00  2.30  3.70  6.30  8.40  8.80
MEAN      5.03  5.10  5.73  6.25  5.13  4.35  3.87  4.26  4.17  4.46  4.73  4.75
STD DEV   1.79  1.94  2.74  2.99  2.27  1.79  1.26  1.96  1.41  1.70  1.73  1.60
SKEW       .64   .62   .94   .92  1.03   .62   .17  1.27  1.02   .67   .63   .44
% WNW     5.80  5.00  5.00  5.00  4.60  2.70  1.60  2.30  2.80  4.70  6.10  6.50
MEAN      5.01  5.09  6.48  6.29  5.58  4.35  3.48  4.17  4.30  4.60  5.12  5.16
STD DEV   2.01  1.89  3.07  2.93  2.65  1.97   .92  1.67  1.61  1.74  2.01  2.09
SKEW       .77   .48   .74   .75   .80  1.11   .10   .90   .96   .87   .60   .78
% NW      5.70  6.30  7.00  5.70  4.40  3.40  1.90  2.00  3.00  5.60  7.00  7.00
MEAN      6.54  6.54  8.06  7.35  6.28  5.33  4.37  4.49  5.12  6.03  6.35  6.76
STD DEV   2.70  2.83  3.63  3.03  2.39  2.21  1.69  1.69  1.96  2.28  2.81  2.93
SKEW       .58   .94   .67   .01   .09   .64   .75   .62   .56   .31   .57   .53
% NNW     7.70  8.20  7.30  6.00  3.50  2.60  1.80  2.80  3.70  5.40  7.40  7.10
MEAN      7.12  7.79  7.80  7.74  6.48  5.67  4.97  5.33  6.04  6.38  7.27  7.04
STD DEV   2.72  2.66  3.44  3.00  2.44  2.20  2.02  2.12  2.15  2.33  2.58  2.65
SKEW       .44  -.03  1.44   .33   .12   .34   .69   .49   .07   .03   .14   .12
CALM      2.20  2.60  2.00  1.20  2.50  2.50  2.20  1.90  3.00  3.00  2.40  2.30
 
INTERPOLATED DATA (station & weighting factor)
 
---Wind Stations---
CONCORDIA     KS    1.000  SALINA        KS     .000  RUSSELL       KS     .000
---Solar Radiation and Max .5 P Stations---
 KS IONIA            .466   KS MILFORD LAKE     .340   NE DU BOIS 1NNW     .194 
---Dewpoint Stations---
KS CONCORDIA MUNI A 1.000  KS SALINA MUNI AP    .000  KS SALINA MUNI AP    .000 
---Time Peak Stations---
KS IONIA             .476  KS MILFORD LAKE      .333  NE DU BOIS 1NNW      .191 
