 QUINTER KS                              146637 0
 LATT=  39.07 LONG=-100.23 YEARS= 40. TYPE= 3
 ELEVATION = 2660. TP5 = 2.46 TP6= 5.01
 MEAN P    .16   .17   .27   .30   .37   .34   .46   .38   .33   .29   .22   .19
 S DEV P   .19   .22   .35   .40   .49   .47   .66   .58   .57   .42   .30   .32
 SKEW  P  1.91  3.02  2.51  3.04  2.45  3.60  4.01  3.23  5.07  2.37  2.63  5.12
 P(W/W)    .26   .36   .36   .43   .46   .44   .43   .38   .40   .45   .35   .27
 P(W/D)    .09   .12   .15   .19   .25   .21   .21   .20   .13   .12   .10   .09
 TMAX AV 40.82 44.72 54.98 65.12 74.62 85.65 91.73 88.88 80.71 67.81 53.28 42.57
 TMIN AV 16.49 19.94 27.66 37.58 48.36 58.60 64.47 62.57 52.80 39.93 27.73 18.57
 SD TMAX 15.02 15.91 15.03 13.75 10.76  9.65  7.91  8.45 11.10 12.73 13.83 14.36
 SD TMIN 10.38 10.83  9.53  8.33  7.33  6.31  4.58  5.01  8.12  8.33  8.91  9.90
 SOL.RAD  196.  276.  378.  458.  534.  599.  613.  536.  435.  321.  215.  181.
 SD SOL   16.2  28.2  38.9  38.3  60.1  38.5  36.0  25.1  28.3  22.2  24.5  17.7
 MX .5 P   .22   .27   .40   .55  1.02  1.17  1.36  1.22   .78   .48   .30   .23
 DEW PT  17.57 20.57 27.35 35.92 47.70 55.92 59.92 59.35 50.13 37.92 26.92 19.14
Time Pk   .451  .644  .728  .811  .825  .828  .941  .952  .959  .973  .984 1.000
% N       9.71  9.81  9.12  7.96  6.33  4.83  3.51  3.40  6.64  8.34  8.16  9.17
MEAN      6.46  6.77  7.47  7.17  5.75  5.33  4.65  4.54  5.85  5.80  6.12  6.16
STD DEV   3.00  3.44  3.81  3.45  2.46  2.44  2.31  1.75  2.80  2.62  3.22  2.94
SKEW       .14   .74   .41   .19   .19   .72  1.05   .38   .51   .71   .58   .48
% NNE     8.40  6.91  9.75  7.98  6.55  7.91  6.58  5.39  6.10  7.32  5.66  5.33
MEAN      6.10  5.75  6.87  7.56  5.57  5.57  5.56  5.20  5.77  5.79  5.55  6.12
STD DEV   2.80  2.64  2.90  2.69  2.21  2.47  2.44  2.03  2.17  2.27  2.44  2.58
SKEW       .34   .31   .12  -.38   .02   .60   .73   .78   .36   .37   .62   .45
% NE      2.82  2.79  4.60  5.17  4.25  4.67  4.59  5.70  4.01  3.91  2.31  3.62
MEAN      4.20  4.04  4.99  5.71  5.26  4.98  4.41  4.61  4.44  4.09  3.79  4.17
STD DEV   2.12  1.58  2.63  2.60  2.66  2.17  1.77  1.87  1.89  1.71  1.53  1.92
SKEW      1.17   .43   .63   .40   .47   .46   .66   .35  1.00   .25   .42   .68
% ENE     2.75  3.95  5.97  5.51  5.63  6.56  6.34  5.91  5.00  3.20  2.14  2.60
MEAN      3.92  5.12  5.54  5.00  5.31  5.05  4.43  4.68  4.39  4.38  4.75  4.70
STD DEV   1.28  2.10  2.42  2.19  2.00  2.08  1.77  2.12  1.88  1.40  2.05  2.13
SKEW       .49   .51   .42   .45  1.11   .26   .39   .73   .49   .47   .14   .54
% E       3.08  4.79  4.16  3.48  4.08  4.35  5.00  5.50  4.74  2.94  2.25  3.10
MEAN      3.69  4.52  4.40  4.88  4.48  4.62  4.07  4.06  3.91  3.96  4.00  4.25
STD DEV   1.65  1.94  1.82  2.25  2.03  1.87  1.75  1.76  1.66  1.50  1.89  1.94
SKEW       .76   .58   .37   .37   .84   .33   .53   .53   .31   .41   .55   .48
% ESE     3.05  4.03  4.15  5.81  5.92  5.40  7.12  6.89  5.19  2.71  2.24  2.31
MEAN      4.26  4.51  5.37  5.16  4.60  4.65  4.53  4.56  4.22  4.19  4.28  4.77
STD DEV   1.88  1.85  1.44  2.18  2.27  1.85  1.91  2.10  1.61  1.38  2.09  1.71
SKEW       .64   .46   .42   .87   .87   .38   .65   .82   .30   .58   .94   .72
% SE      2.44  3.22  3.26  3.63  4.87  4.10  5.92  4.91  4.00  2.98  1.98  1.65
MEAN      3.77  4.13  5.20  5.53  4.80  5.57  4.64  4.70  4.10  4.15  4.18  4.14
STD DEV   1.71  2.02  2.38  1.60  2.18  3.32  2.03  1.89  1.75  1.78  2.18  1.37
SKEW       .50   .80   .53   .27   .63   .64   .40   .56   .48   .49   .72   .66
% SSE     6.06  3.84  5.08  6.63 11.45 11.49 13.52  9.89  8.53  6.90  3.07  2.93
MEAN      5.23  5.54  6.47  6.50  6.90  7.30  5.78  5.49  5.16  5.55  4.79  4.75
STD DEV   2.18  2.88  2.86  3.06  3.18  3.33  2.31  2.35  2.16  2.52  2.18  2.20
SKEW       .32   .46   .44   .47   .79   .25   .28   .51   .38   .42   .19   .83
% S       5.54  5.38  6.80  8.46 14.03 13.20 15.61 14.84 14.22 12.32  6.80  5.47
MEAN      5.01  5.73  6.40  7.16  7.01  7.10  5.64  6.21  6.86  6.51  5.69  5.80
STD DEV   2.41  2.88  3.30  2.96  3.03  2.99  2.32  2.47  3.07  3.00  2.85  2.52
SKEW       .74   .46   .47  -.08   .22   .05   .30   .08   .34   .45   .55   .29
% SSW     7.66  8.48  6.51  8.93  9.64 13.68 13.90 15.04 13.60 10.24  9.12  6.30
MEAN      6.15  5.69  6.26  7.39  6.90  6.80  5.94  5.98  6.68  5.84  5.98  5.51
STD DEV   2.66  2.57  3.38  3.20  3.42  2.76  2.32  2.38  3.26  3.02  2.59  3.04
SKEW       .29   .40   .88   .08   .60   .18   .12   .32   .77   .63   .47  1.27
% SW      4.74  5.11  3.88  4.04  2.70  4.32  4.59  5.58  4.43  4.25  5.71  7.31
MEAN      4.77  4.69  4.84  5.27  4.46  4.97  5.22  5.18  4.89  4.09  3.98  4.87
STD DEV   2.40  2.38  2.46  2.81  2.36  2.64  2.57  2.25  2.30  2.06  1.79  2.44
SKEW       .56   .45   .43   .70   .65   .62   .48   .48   .18   .75   .52   .97
% WSW     7.31  7.62  5.32  6.43  3.55  4.20  2.75  3.92  3.82  5.79  8.61  8.70
MEAN      4.76  4.16  4.58  5.65  3.85  4.58  4.19  4.70  3.93  3.75  3.92  4.19
STD DEV   2.01  1.72  2.80  2.85  1.84  2.04  2.07  1.85  1.80  1.96  1.66  1.81
SKEW       .72   .89  1.67   .82   .60   .69   .32   .59   .42  1.37   .71   .99
% W       5.84  4.96  4.37  3.99  2.56  2.39  1.11  1.41  3.15  4.77  6.95  8.21
MEAN      3.66  3.79  4.10  4.56  3.66  3.61  3.18  3.16  3.45  3.69  3.94  3.83
STD DEV   1.92  1.80  2.45  1.97  1.54  1.58  1.46  1.22  2.09  1.59  1.89  1.64
SKEW      1.47  1.02  1.59   .52  1.10   .75   .80   .82  1.66   .95   .66   .52
% WNW     6.90  6.89  5.89  4.68  4.09  2.60  1.19  1.92  2.63  4.74  6.87  7.89
MEAN      4.40  4.62  5.88  7.16  6.04  4.30  2.83  3.57  4.28  4.25  4.73  4.74
STD DEV   2.44  2.35  3.82  2.52  2.95  2.42   .71  1.47  2.55  2.04  2.51  2.38
SKEW      1.02   .75  1.44   .63   .94   .92   .44   .79  1.02   .94   .93   .78
% NW      6.17  6.49  5.88  4.42  3.27  2.12  1.00  1.75  1.99  4.46  6.93  6.62
MEAN      4.97  5.98  6.34  7.60  5.65  4.77  3.32  3.16  4.12  5.12  5.14  5.59
STD DEV   2.73  3.37  3.66  3.78  3.36  2.36   .95  1.46  3.24  3.07  2.74  3.25
SKEW       .59   .80   .66   .31   .64   .57   .91  1.16  1.60  1.01   .92   .93
% NNW    11.80 11.17 11.26  9.06  6.95  5.10  2.37  2.98  5.22  8.11 14.25 11.41
MEAN      6.35  6.42  8.06  7.46  6.33  6.42  4.47  5.05  5.90  6.29  7.21  6.50
STD DEV   3.13  3.27  4.13  2.54  2.74  2.93  2.55  1.91  2.80  2.79  3.15  3.09
SKEW       .59  1.10   .72   .27   .27   .34   .76   .51   .37   .44   .29   .47
CALM      5.67  4.35  3.93  3.84  4.06  3.17  5.00  4.98  6.68  7.14  6.92  7.41
 
INTERPOLATED DATA (station & weighting factor)
 
---Wind Stations---
HILL CITY     KS     .525  SMOKEY HILL   KS     .268  RUSSELL       KS     .208
---Solar Radiation and Max .5 P Stations---
 KS COLBY 1SW        .373   KS HAYS 1 S         .373   KS WALLACE          .254 
---Dewpoint Stations---
KS HILL CITY MUNI A  .574  KS GOODLAND RENNER   .217  KS GARDEN CITY RGNL  .209 
---Time Peak Stations---
KS COLBY 1SW         .375  KS HAYS 1 S          .368  KS WALLACE           .257 
