 LONDON FAA AIRPORT KY                   154898 0
 LATT=  37.08 LONG= -84.08 YEARS= 40. TYPE= 3
 ELEVATION = 1190. TP5 = 2.17 TP6= 4.55
 MEAN P    .33   .29   .33   .37   .35   .37   .36   .37   .41   .35   .37   .37
 S DEV P   .41   .40   .43   .43   .45   .43   .43   .46   .57   .51   .49   .47
 SKEW  P  2.26  2.44  2.71  2.09  2.73  2.05  2.02  2.28  3.01  3.91  2.68  2.36
 P(W/W)    .50   .50   .49   .51   .59   .53   .53   .46   .46   .44   .51   .49
 P(W/D)    .28   .32   .33   .30   .30   .27   .28   .23   .21   .20   .24   .28
 TMAX AV 43.93 49.06 58.77 68.67 75.89 82.92 86.01 85.27 78.94 68.42 57.97 47.71
 TMIN AV 25.68 28.56 36.23 44.23 53.14 61.42 65.78 64.35 56.95 44.41 36.27 29.10
 SD TMAX 12.44 12.52 12.44 10.82  8.02  5.83  4.99  5.25  7.67  9.18 11.01 11.83
 SD TMIN 12.30 11.10 10.46  9.49  8.25  6.17  4.57  5.01  7.81  9.41 10.15 11.21
 SOL.RAD  162.  226.  313.  408.  473.  507.  503.  471.  383.  284.  184.  137.
 SD SOL   24.8  30.7  30.8  35.5  48.5  34.7  28.5  23.2  29.7  31.4  25.6  15.4
 MX .5 P   .50   .48   .66   .69  1.12  1.16  1.33  1.45  1.01   .64   .65   .49
 DEW PT  26.23 28.23 35.00 42.63 54.47 62.73 66.73 65.33 59.10 46.86 36.86 29.86
Time Pk   .510  .686  .757  .831  .843  .853  .943  .953  .960  .979  .990 1.000
% N       5.86  6.44  6.56  6.50  7.99  6.93  4.89  8.80  9.67  8.75  6.18  7.06
MEAN      3.11  3.55  3.19  3.19  3.11  2.62  2.55  2.47  2.84  2.80  3.04  3.16
STD DEV   1.45  1.52  1.44  1.57  1.51  1.22  1.09  1.05  1.25  1.18  1.34  1.41
SKEW       .60   .65   .65   .94   .87   .71  1.07  1.28   .88   .63   .62   .60
% NNE     3.84  4.70  4.52  4.16  5.59  6.06  4.25  5.06  7.46  5.14  3.68  3.53
MEAN      3.44  3.63  3.27  3.60  3.54  3.18  2.92  2.86  3.34  3.02  3.11  3.47
STD DEV   1.56  1.28  1.29  1.53  1.42  1.43  1.13  1.12  1.26  1.30  1.17  1.52
SKEW      1.00   .09   .50   .56   .62   .76   .76   .82   .46   .61   .80  1.43
% NE      3.08  4.20  4.22  2.99  3.29  5.45  3.61  4.08  5.53  3.52  2.42  2.82
MEAN      3.57  3.33  3.48  3.64  3.39  3.23  2.63  2.73  3.22  2.87  3.03  3.18
STD DEV   1.83  1.37  1.41  1.70  1.27  1.43  1.02  1.07  1.28  1.21  1.22  1.15
SKEW      1.06   .72   .70   .62   .15   .74   .41   .58   .60   .59   .44   .19
% ENE     2.68  3.24  3.44  2.28  2.59  3.09  2.30  2.44  2.99  2.34  1.25  2.03
MEAN      3.05  3.56  3.45  3.23  3.22  3.21  2.68  2.78  3.40  2.78  3.08  3.19
STD DEV   1.32  1.30  1.40  1.39  1.17  1.23   .98   .98  1.29   .96  1.16  1.11
SKEW       .84   .27   .31   .56   .31   .17   .59   .33   .62   .58   .23   .27
% E       1.80  2.26  2.42  1.91  3.04  2.60  2.17  2.51  2.63  2.34  1.59  2.04
MEAN      2.36  2.86  2.94  2.97  2.85  2.54  2.13  2.36  2.55  2.60  2.59  2.80
STD DEV   1.05  1.23  1.40  1.19  1.35   .97   .75   .90   .90  1.01  1.17  1.21
SKEW       .68   .51   .87   .65  1.29   .78   .49   .79   .48  1.22  1.17   .81
% ESE     1.52  2.32  1.96  2.27  3.15  2.44  2.02  2.30  2.58  1.78  1.87  1.68
MEAN      2.58  3.00  2.90  3.28  3.00  2.38  2.31  2.38  2.69  2.45  2.28  2.63
STD DEV   1.19  1.25  1.28  1.62  1.52   .79   .92   .79  1.03   .98   .71  1.07
SKEW       .66   .75   .67  1.03  1.20   .41   .85   .41  1.21  1.13   .60  1.37
% SE      2.36  2.72  3.40  3.65  3.61  2.68  2.74  2.59  3.07  3.01  3.14  3.01
MEAN      2.52  3.10  3.19  3.16  3.09  2.51  2.31  2.38  2.46  2.35  2.59  2.60
STD DEV    .97  1.43  1.62  1.43  1.60   .96   .86   .85   .83   .85   .98  1.09
SKEW       .66   .79  1.24   .92  1.36   .54   .52  1.17   .70   .89  1.02   .91
% SSE     7.36  8.13  7.98  9.22  7.39  6.10  7.53  4.75  6.48  6.89  9.68  8.81
MEAN      3.63  3.99  4.03  3.88  3.02  2.67  2.60  2.29  2.75  2.92  3.54  3.58
STD DEV   1.90  1.85  2.19  2.02  1.39  1.23  1.17   .89  1.13  1.36  1.83  1.90
SKEW      1.12   .75  1.05  1.29   .91  1.38  1.00   .84   .93   .93  1.10  1.17
% S       8.10  8.38  9.32 10.06  7.58  6.93  7.70  6.41  6.78  6.48 10.40 10.99
MEAN      3.75  4.06  4.40  4.22  3.48  3.01  2.86  2.65  3.14  3.17  4.03  3.51
STD DEV   2.07  2.03  2.26  2.25  1.67  1.30  1.25  1.13  1.55  1.44  2.06  1.59
SKEW      1.76  1.21   .53  1.01   .98   .83   .79   .81  1.15   .91   .83  1.15
% SSW    10.60  9.02  9.30 11.19  9.63  9.36 11.60  7.34  5.56  6.30  8.46 11.47
MEAN      4.41  4.62  4.88  4.72  3.91  3.56  3.38  3.17  3.72  3.59  4.25  4.10
STD DEV   2.03  2.37  2.35  2.43  1.71  1.66  1.43  1.39  1.65  1.61  2.15  1.92
SKEW       .69   .91   .66   .69   .70  1.08   .68   .87   .82   .77  1.04  1.25
% SW      7.34  5.66  5.70  6.08  5.80  5.58  7.50  5.60  3.87  4.35  5.21  7.64
MEAN      4.35  4.24  4.82  4.87  4.23  3.69  3.61  3.14  3.62  3.57  3.82  4.03
STD DEV   1.90  1.94  2.49  2.35  1.90  1.59  1.50  1.35  1.55  1.60  1.83  1.72
SKEW       .43   .56   .93   .68   .64   .82   .74   .81   .46   .77  1.11   .62
% WSW     6.70  6.04  6.74  6.87  5.80  5.21  5.16  4.04  2.77  3.06  5.31  5.71
MEAN      4.42  4.68  5.42  5.13  4.22  3.98  3.57  3.43  3.56  3.86  4.24  4.27
STD DEV   1.77  2.26  2.43  2.56  1.76  1.58  1.39  1.37  1.40  1.55  1.67  1.73
SKEW       .32   .95   .75  1.04   .30   .41   .74   .53   .83   .75   .27   .46
% W       7.88  7.62  8.34  6.34  5.02  4.48  4.89  4.46  3.40  4.47  6.33  6.61
MEAN      4.30  4.17  4.38  4.50  3.65  3.36  3.14  3.03  2.90  3.32  3.63  3.66
STD DEV   1.82  1.94  1.95  2.14  1.64  1.54  1.25  1.23   .99  1.51  1.68  1.64
SKEW       .40   .58   .50   .70   .51   .75   .47   .60   .60  1.13   .64   .60
% WNW     6.16  7.44  6.68  6.02  3.64  3.12  2.56  2.75  2.51  3.98  5.58  5.29
MEAN      4.06  4.33  4.67  4.80  3.63  3.28  2.92  3.14  3.20  3.29  4.16  4.06
STD DEV   1.74  1.74  2.02  2.12  1.40  1.45   .99  1.13  1.20  1.19  1.89  1.73
SKEW       .57   .29   .57   .56   .57   .97   .30   .44   .55   .37   .68   .59
% NW      4.52  4.90  4.50  3.89  2.76  2.23  2.25  2.60  2.21  3.09  4.31  3.78
MEAN      3.48  4.01  3.32  3.89  3.00  2.68  2.74  2.57  3.11  3.11  3.45  3.69
STD DEV   1.57  1.71  1.41  1.59  1.24  1.16  1.20  1.04  1.38  1.34  1.47  1.67
SKEW       .82   .52   .61   .43   .36   .84   .81   .77   .68   .62   .35   .75
% NNW     4.62  5.28  4.52  4.13  3.64  2.82  2.15  3.04  2.32  3.79  2.69  3.32
MEAN      3.62  3.87  3.96  3.68  3.38  2.93  3.17  2.88  3.00  3.19  3.58  3.62
STD DEV   1.48  1.57  1.69  1.53  1.37  1.18  1.21  1.12  1.19  1.36  1.39  1.31
SKEW       .65   .34   .74   .47   .36   .47   .53   .81   .66   .55   .36   .20
CALM     15.58 11.68 10.36 12.34 19.35 25.09 26.73 31.26 30.27 30.74 21.90 14.32
 
INTERPOLATED DATA (station & weighting factor)
 
---Wind Stations---
LONDON        KY    1.000  CORBIN        KY     .000  KNOXVILLE     TN     .000
---Solar Radiation and Max .5 P Stations---
 KY BARBOURVILLE     .611   KY BAXTER           .248   KY ST MARY          .142 
---Dewpoint Stations---
KY LEXINGTON BLUEGR  .398  TN KNOXVILLE         .367  WV HUNTINGTON TRI S  .235 
---Time Peak Stations---
KY BARBOURVILLE      .598  KY BAXTER            .253  KY ST MARY           .149 
