 DONALDSONVILLE LA                       162534 0
 LATT=  30.10 LONG= -91.00 YEARS= 40. TYPE= 4
 ELEVATION =   30. TP5 = 3.45 TP6= 9.38
 MEAN P    .53   .57   .60   .76   .62   .57   .51   .50   .59   .70   .58   .56
 S DEV P   .70   .77   .80  1.15   .77   .76   .60   .64   .87  1.02   .75   .76
 SKEW  P  2.38  2.33  2.06  3.53  2.06  3.06  2.12  2.63  3.69  2.84  2.44  2.73
 P(W/W)    .44   .43   .39   .37   .46   .57   .52   .53   .52   .42   .40   .36
 P(W/D)    .27   .23   .19   .17   .16   .26   .34   .30   .21   .14   .19   .23
 TMAX AV 61.69 64.85 71.95 78.32 84.64 89.30 90.76 90.90 87.39 79.67 71.33 63.93
 TMIN AV 41.20 43.93 50.47 56.91 65.00 71.36 73.34 72.85 68.68 57.61 49.46 42.61
 SD TMAX 11.14 10.31  8.56  6.49  4.86  3.69  3.50  3.59  4.84  6.80  8.64 10.53
 SD TMIN 10.94 10.03  9.35  7.80  5.68  3.43  2.48  2.61  5.58  9.18  9.90 10.82
 SOL.RAD  222.  288.  375.  466.  528.  517.  520.  492.  425.  349.  264.  218.
 SD SOL   27.9  35.8  30.0  55.0  47.0  46.8  42.9  40.1  41.2  42.2  30.9  28.3
 MX .5 P  1.32  1.29  1.39  1.48  1.76  2.08  2.11  2.12  1.81  1.40  1.45  1.30
 DEW PT  44.30 46.70 52.30 58.30 66.00 71.70 74.00 73.70 69.70 60.30 53.00 46.30
Time Pk   .340  .490  .582  .697  .720  .740  .895  .920  .935  .960  .980 1.000
% N      10.00  8.52  6.88  4.96  4.81  4.08  3.21  5.26  7.41  9.85  9.38  8.35
MEAN      4.79  4.67  4.46  4.22  3.62  3.15  2.83  3.01  3.47  3.89  4.27  4.61
STD DEV   2.01  1.96  2.01  1.96  1.67  1.37  1.17  1.28  1.53  2.14  1.91  1.91
SKEW       .37   .37   .52   .54   .70   .83   .73   .69   .68  1.88   .62   .32
% NNE     7.53  6.54  5.04  3.97  3.88  3.44  2.30  4.42  7.91  8.58  9.21  8.36
MEAN      4.42  4.57  4.18  4.05  3.53  3.12  2.87  2.90  3.41  3.74  4.12  4.41
STD DEV   1.88  1.82  1.79  1.77  1.59  1.36  1.28  1.24  1.52  2.01  1.88  1.85
SKEW       .49   .45   .52   .54   .71   .63  1.14   .93   .62  1.82   .53   .46
% NE      6.72  6.99  5.77  3.96  4.91  4.96  4.01  6.19 11.81 10.32  7.86  7.75
MEAN      3.96  4.03  3.88  3.62  3.33  2.94  2.73  2.93  3.46  3.34  3.54  3.66
STD DEV   1.79  1.63  1.63  1.59  1.45  1.27  1.19  1.26  1.55  1.65  1.59  1.62
SKEW       .70   .44   .37   .54   .77   .91   .71   .75   .76  1.30   .75   .62
% ENE     6.17  5.96  4.59  4.00  4.84  4.54  3.73  5.48 10.11  7.84  6.66  5.95
MEAN      3.70  3.94  3.81  3.48  3.35  2.96  2.91  3.07  3.65  3.35  3.41  3.46
STD DEV   1.55  1.61  1.68  1.46  1.42  1.31  1.29  1.37  1.76  1.45  1.51  1.48
SKEW       .78   .64   .68   .62   .67   .68   .87   .89   .95   .92   .76   .55
% E       7.53  6.63  5.72  6.06  7.03  6.62  5.73  7.18 10.63  8.69  7.32  7.29
MEAN      3.42  3.81  3.48  3.49  3.30  2.90  2.77  2.94  3.42  3.22  3.24  3.32
STD DEV   1.49  1.64  1.48  1.52  1.43  1.29  1.32  1.35  1.67  1.38  1.51  1.45
SKEW       .74   .58   .66   .53   .68   .85  1.05  1.02  1.01   .62  1.00   .69
% ESE     6.43  4.77  5.75  6.09  6.33  4.85  3.93  4.26  6.12  6.37  6.22  5.60
MEAN      3.72  4.20  4.11  3.70  3.50  3.21  2.88  2.92  3.42  3.38  3.56  3.61
STD DEV   1.43  1.78  1.71  1.54  1.51  1.42  1.32  1.32  1.60  1.41  1.45  1.46
SKEW       .60   .56   .48   .52   .72   .79  1.07  1.11   .96   .65   .75   .58
% SE      6.38  5.44  8.59 10.03  8.00  6.52  5.11  5.00  6.03  5.61  6.88  6.50
MEAN      3.47  3.81  4.15  3.88  3.61  3.09  2.92  2.76  3.06  3.11  3.58  3.56
STD DEV   1.40  1.63  1.84  1.73  1.58  1.40  1.40  1.25  1.55  1.46  1.50  1.61
SKEW       .50   .57   .51   .66   .78   .85  1.05  1.02  1.35  1.17   .67   .79
% SSE     5.72  5.27  8.20 11.71  8.60  5.89  4.18  3.81  3.52  3.11  5.79  5.50
MEAN      4.08  4.41  4.78  4.56  4.24  3.33  3.11  2.93  3.63  3.57  4.34  3.90
STD DEV   1.81  1.83  2.09  1.98  1.86  1.43  1.33  1.28  1.70  1.67  1.96  1.72
SKEW       .87   .45   .51   .81   .40   .73   .71   .86   .77   .76   .45   .63
% S       7.87  8.57 11.46 14.06 10.50  9.11  6.77  5.47  3.70  3.39  5.72  7.39
MEAN      4.32  4.68  5.17  5.02  4.36  3.69  3.17  3.06  3.48  3.24  4.26  4.43
STD DEV   1.86  2.16  2.19  1.99  1.80  1.58  1.44  1.35  1.59  1.61  2.06  1.99
SKEW       .64   .56   .36   .35   .32   .67   .72   .65   .79   .85   .78   .46
% SSW     4.20  6.18  6.22  7.04  7.07  6.83  5.53  4.23  1.83  1.29  2.59  3.67
MEAN      4.73  5.12  5.09  4.70  4.25  3.83  3.25  3.10  3.57  3.17  4.43  4.44
STD DEV   2.05  2.13  2.07  1.86  1.73  1.45  1.39  1.41  1.50  1.49  1.83  1.99
SKEW       .39   .31   .38   .26   .42   .21   .52   .84   .55   .82   .25   .40
% SW      2.89  4.83  3.81  3.91  5.10  6.90  7.59  4.89  1.69  1.56  1.91  2.73
MEAN      4.04  4.28  4.35  3.90  3.47  3.34  3.21  2.93  2.77  2.91  3.73  3.81
STD DEV   1.76  1.87  1.91  1.73  1.54  1.42  1.42  1.31  1.19  1.40  1.66  1.75
SKEW       .57   .60   .51   .58   .63   .50   .72   .89   .57   .80   .40   .48
% WSW     2.24  3.60  2.65  2.32  2.76  4.40  5.87  3.69  1.41  1.12  1.69  2.14
MEAN      3.74  4.22  4.25  3.67  3.25  3.30  3.28  2.84  2.80  2.62  3.41  3.45
STD DEV   1.69  1.84  1.89  1.62  1.41  1.40  1.41  1.19  1.31  1.04  1.51  1.50
SKEW       .65   .70   .46   .64   .59   .73   .70   .96   .93   .78   .56   .71
% W       3.35  3.82  3.33  2.57  3.32  5.05  8.13  5.82  2.06  2.42  2.89  3.15
MEAN      3.71  4.16  4.33  3.82  2.94  2.85  2.98  2.86  2.66  2.90  3.42  3.46
STD DEV   1.77  1.93  2.07  2.21  1.44  1.25  1.32  1.20  1.20  1.27  1.62  1.55
SKEW       .55   .75   .75   .92   .82   .74   .92   .59   .87   .63   .65   .57
% WNW     2.78  3.48  3.01  2.16  1.73  2.49  3.51  3.07  1.22  1.75  2.38  2.55
MEAN      4.38  4.69  4.52  4.63  3.01  3.22  3.05  2.99  2.79  2.93  3.83  4.09
STD DEV   2.08  2.12  1.98  2.12  1.33  1.40  1.19  1.09  1.33  1.31  1.85  1.86
SKEW       .50   .54   .37   .24   .67   .57   .52   .52   .98   .74   .52   .51
% NW      4.74  4.82  4.79  3.12  2.57  2.37  3.69  3.47  1.87  2.90  4.52  5.10
MEAN      4.87  4.81  4.88  4.26  3.06  2.88  3.00  2.92  2.92  3.55  4.34  4.26
STD DEV   2.14  2.23  2.19  1.97  1.38  1.24  1.24  1.20  1.37  1.98  2.06  1.96
SKEW       .34   .52   .40   .45   .73   .72   .61   .53   .70  1.06   .58   .56
% NNW     6.26  5.21  4.73  3.31  2.66  2.24  2.19  2.83  2.80  4.36  5.32  6.34
MEAN      5.08  5.00  4.94  4.34  3.76  3.10  3.01  3.01  3.28  3.76  4.65  4.78
STD DEV   2.19  2.11  2.13  1.95  1.69  1.34  1.24  1.32  1.53  1.68  2.17  2.17
SKEW       .33   .28   .32   .68   .64   .65   .56   .68   .90   .39   .39   .50
CALM      9.28  9.38  9.54 10.81 15.94 19.74 24.52 25.00 19.97 20.88 13.73 11.54
 
INTERPOLATED DATA (station & weighting factor)
 
---Wind Stations---
BATON ROUGE   LA     .430  NEW ORLEANS   LA     .295  NEW IBERIA    LA     .274
---Solar Radiation and Max .5 P Stations---
 LA MORGAN CITY      .491   LA CLINTON 5 SE     .305   LA SLIDELL          .204 
---Dewpoint Stations---
LA NEW ORLEANS INTL  .393  LA NEW ORLEANS LAKE  .304  LA LAFAYETTE RGNL A  .303 
---Time Peak Stations---
LA MORGAN CITY       .494  LA CLINTON 5 SE      .304  LA SLIDELL           .202 
