 WOODLAND ME                             179891 0
 LATT=  45.15 LONG= -67.40 YEARS= 40. TYPE= 4
 ELEVATION =  140. TP5 = 2.16 TP6= 3.21
 MEAN P    .37   .35   .39   .34   .31   .31   .31   .37   .39   .44   .43   .40
 S DEV P   .44   .42   .48   .40   .38   .38   .46   .57   .51   .53   .52   .51
 SKEW  P  2.32  2.28  2.39  2.92  2.24  2.16  4.80  4.49  2.33  1.97  1.92  2.67
 P(W/W)    .38   .39   .42   .52   .55   .51   .46   .40   .46   .50   .51   .43
 P(W/D)    .27   .24   .25   .23   .25   .28   .28   .22   .23   .26   .26   .29
 TMAX AV 28.37 31.26 40.26 52.58 65.31 74.52 80.22 79.57 70.64 58.08 46.51 34.48
 TMIN AV  5.94  7.72 18.43 30.47 40.21 49.87 55.79 54.12 45.15 35.62 27.30 13.93
 SD TMAX 11.98 10.40 10.41  9.75  9.98  9.46  7.52  7.17  7.80  8.77  9.59 10.79
 SD TMIN 13.83 12.61 11.29  6.35  6.47  6.67  5.32  6.48  7.92  7.96  8.82 12.36
 SOL.RAD  132.  205.  289.  383.  441.  493.  483.  432.  327.  214.  129.  106.
 SD SOL   16.3  25.3  34.9  46.3  49.8  42.8  32.1  35.3  27.9  21.1  13.6  12.9
 MX .5 P   .35   .32   .35   .42   .48   .88   .93   .77   .72   .56   .44   .36
 DEW PT   6.90  9.41 17.93 27.93 40.45 51.45 57.97 56.45 48.93 37.45 26.93 14.41
Time Pk   .671  .807  .850  .900  .910  .910  .960  .970  .980  .980  .990 1.000
% N       9.70  9.73  8.96  8.76  6.80  4.76  3.82  4.57  5.50  6.70  9.16  9.13
MEAN      4.51  4.85  4.74  4.83  4.83  4.01  3.95  3.98  3.82  4.35  4.30  4.41
STD DEV   2.22  2.46  2.08  2.10  2.09  1.69  1.69  1.69  1.70  2.18  1.92  2.15
SKEW       .98   .77   .70   .86   .56   .53   .66   .57   .73  1.17   .86   .85
% NNE     5.85  5.16  6.38  4.99  3.96  3.18  1.70  2.93  3.50  3.97  5.08  4.88
MEAN      4.82  5.01  4.71  4.90  4.70  4.16  3.49  3.91  4.02  4.22  4.26  4.51
STD DEV   2.09  2.43  2.09  2.12  2.10  1.67  1.43  1.68  1.74  1.71  1.84  1.96
SKEW       .43  1.21   .71   .98  1.04   .42   .60   .61   .71   .34   .82   .55
% NE      3.23  3.36  4.12  3.28  3.07  2.60  1.21  1.94  2.10  2.62  3.15  2.82
MEAN      4.15  4.21  4.47  4.08  3.84  3.76  3.01  3.17  3.50  3.81  3.64  3.94
STD DEV   1.80  2.10  1.88  1.67  1.58  1.51  1.10  1.34  1.58  1.52  1.46  1.65
SKEW       .45  1.19   .55   .64   .67   .59   .62   .80  1.10   .62   .65   .83
% ENE     1.65  1.48  2.61  1.99  2.14  1.54   .70   .93   .92  1.49  1.79  1.28
MEAN      4.07  4.09  4.25  3.85  3.51  3.40  2.99  3.10  3.37  3.55  3.80  3.97
STD DEV   1.87  1.78  1.79  1.73  1.29  1.35  1.12  1.03  1.35  1.38  1.77  1.75
SKEW       .50   .54   .81  1.04   .69   .46   .35   .43   .66   .54   .92   .63
% E       1.29  1.61  2.47  1.92  2.51  1.85  1.00  1.18  1.08  1.45  1.61  1.25
MEAN      3.46  4.25  3.92  3.65  3.41  3.23  2.83  3.08  2.95  3.40  3.37  3.61
STD DEV   1.76  2.15  1.66  1.57  1.46  1.32  1.20  1.25  1.18  1.56  1.82  1.81
SKEW       .77   .77   .47   .68   .79  1.36  1.89   .81   .69   .52  1.97   .92
% ESE     1.08  1.32  1.85  2.33  2.25  1.69  1.21  1.02  1.13  1.44  1.44  1.05
MEAN      3.82  4.03  4.28  4.16  3.47  3.71  3.15  3.11  3.27  3.73  3.77  3.69
STD DEV   1.94  2.05  2.03  2.21  1.44  1.51  1.22  1.29  1.33  1.83  2.38  1.77
SKEW       .55   .89   .64  1.25  1.42   .59   .31   .92   .52   .90  1.79   .67
% SE      1.78  2.09  2.44  2.97  3.35  3.38  2.84  2.42  2.41  2.96  2.77  1.84
MEAN      3.61  3.42  3.98  3.82  3.55  3.33  3.19  3.15  3.34  3.79  3.71  3.91
STD DEV   1.85  1.59  1.88  1.79  1.47  1.41  1.26  1.36  1.39  2.01  1.84  2.13
SKEW      1.07   .87   .68   .69   .53   .75   .71  1.28   .97  1.25  1.24   .93
% SSE     2.01  2.48  2.81  4.64  5.91  6.19  6.90  5.26  5.13  4.53  3.65  2.52
MEAN      3.89  4.16  4.10  4.18  4.03  3.88  3.71  3.83  3.80  3.71  3.76  3.81
STD DEV   1.91  1.94  1.97  1.91  1.78  1.66  1.61  1.83  1.73  1.79  1.77  2.02
SKEW       .71   .86   .74   .66   .88   .63   .65  1.45   .78   .93  1.14  1.07
% S       4.01  5.12  5.76  9.78 13.77 16.86 16.75 14.95 13.19 10.29  7.34  4.62
MEAN      3.88  4.16  4.19  4.41  4.26  4.06  3.92  3.80  3.98  3.81  4.18  3.86
STD DEV   1.95  2.25  1.93  1.82  1.76  1.68  1.62  1.61  1.73  1.69  2.14  1.95
SKEW      1.04  1.91   .81   .48   .45   .52   .60   .61   .75   .68  1.75  1.15
% SSW     2.72  2.76  2.62  4.54  6.83  8.79  8.53  7.40  7.55  6.31  4.23  3.35
MEAN      4.02  3.85  3.97  4.40  4.21  4.00  3.81  3.75  3.86  3.90  4.36  3.88
STD DEV   1.92  1.67  1.76  1.88  1.86  1.71  1.63  1.66  1.61  1.79  2.21  1.77
SKEW       .83   .79   .74   .42   .86   .69   .60  1.06   .61   .99  1.28   .79
% SW      3.21  3.11  3.35  3.76  4.24  5.56  6.93  5.90  5.15  4.84  4.03  3.94
MEAN      3.56  3.44  3.62  3.77  3.70  3.59  3.47  3.27  3.38  3.44  3.56  3.51
STD DEV   1.63  1.52  1.57  1.66  1.66  1.57  1.55  1.44  1.51  1.49  1.66  1.59
SKEW       .73   .61   .60   .61   .82   .74   .84   .89   .88   .74  1.06   .75
% WSW     4.16  3.92  4.38  4.42  4.26  4.79  5.66  5.39  4.64  4.76  4.29  4.59
MEAN      3.84  3.99  4.26  4.12  4.06  3.79  3.71  3.52  3.55  3.85  3.90  4.05
STD DEV   1.88  1.81  1.91  2.00  1.75  1.60  1.57  1.45  1.52  1.62  1.81  1.90
SKEW      1.00   .65   .71  1.15   .52   .58   .71   .55   .77   .86   .78   .85
% W       7.01  7.38  6.75  5.69  4.96  4.57  5.98  5.89  5.65  6.15  6.38  6.79
MEAN      4.71  4.70  4.79  4.51  4.38  3.99  3.87  3.85  3.80  4.19  4.24  4.43
STD DEV   2.26  2.10  2.19  1.98  1.94  1.70  1.66  1.69  1.63  1.87  1.82  1.97
SKEW       .96   .68   .61   .61   .52   .73   .78   .84   .79   .70   .62   .66
% WNW    11.12 11.15 11.13  8.29  6.16  5.44  6.07  5.83  6.56  7.84  8.78 10.97
MEAN      5.49  5.52  5.84  5.45  5.18  4.84  4.49  4.43  4.51  5.04  5.10  5.15
STD DEV   2.50  2.38  2.51  2.36  2.45  2.23  1.87  1.99  1.98  2.17  2.28  2.30
SKEW       .81   .73   .60   .46  1.08   .69   .51   .68   .59   .60   .56   .72
% NW     10.62  9.34 10.02  7.80  6.35  4.73  4.95  5.34  5.43  6.18  7.07  8.92
MEAN      5.43  5.61  5.81  5.60  5.37  4.91  4.62  4.42  4.69  5.15  4.99  5.27
STD DEV   2.45  2.58  2.44  2.46  2.46  2.05  2.02  1.96  2.23  2.28  2.21  2.38
SKEW       .66   .65   .43   .61   .98   .48   .48   .66  1.01   .57   .50   .58
% NNW     7.62  6.59  7.09  6.89  5.68  4.10  3.97  4.37  4.24  5.12  5.78  6.15
MEAN      5.13  5.34  5.39  5.21  5.14  4.89  4.54  4.36  4.12  4.82  4.63  4.81
STD DEV   2.44  2.69  2.36  2.34  2.36  2.22  1.95  2.03  1.86  2.17  2.12  2.49
SKEW       .57   .68   .64   .70   .78   .69   .53   .59   .72   .46   .66   .81
CALM     23.00 23.36 17.28 17.97 17.79 19.82 21.81 24.71 25.82 23.44 23.44 25.85
 
INTERPOLATED DATA (station & weighting factor)
 
---Wind Stations---
OLD TOWN/DEWI ME     .537  BANGOR/INT    ME     .463                       .000
---Solar Radiation and Max .5 P Stations---
 ME ORONO 2          .643   ME SKOWHEGAN        .357                            
---Dewpoint Stations---
ME CARIBOU MUNI AP   .517  ME AUGUSTA STATE AP  .483                            
---Time Peak Stations---
ME ORONO 2           .642  ME SKOWHEGAN         .358                            
