 ANN ARBOR U OF MICH MI                  20 230 0
 LATT=  42.28 LONG= -83.75 YEARS= 40. TYPE= 3
 ELEVATION =  930. TP5 = 2.05 TP6= 4.34
 MEAN P    .15   .17   .20   .25   .25   .32   .30   .34   .31   .21   .22   .17
 S DEV P   .22   .25   .26   .29   .34   .43   .40   .50   .39   .32   .30   .24
 SKEW  P  3.15  3.05  2.34  2.05  2.72  2.84  2.55  3.69  2.37  2.91  2.60  2.33
 P(W/W)    .65   .60   .57   .57   .54   .51   .46   .48   .50   .55   .56   .62
 P(W/D)    .43   .37   .36   .36   .34   .30   .30   .28   .28   .30   .37   .45
 TMAX AV 31.05 34.53 46.12 59.51 71.20 79.70 83.68 81.37 74.30 61.37 48.04 35.12
 TMIN AV 17.49 19.25 27.39 37.72 48.49 57.70 62.33 60.92 53.29 42.10 32.87 22.71
 SD TMAX 10.20 10.08 12.32 11.36  9.43  7.31  6.05  5.80  8.43  9.95 10.56  9.81
 SD TMIN 11.43 10.89 10.32  9.21  8.69  7.55  6.28  6.28  8.14  8.51  8.86 10.30
 SOL.RAD  121.  194.  292.  369.  440.  492.  496.  417.  346.  223.  128.   99.
 SD SOL   24.3  40.7  43.2  57.6  48.3  42.2  49.2  42.3  47.9  15.8  23.5  13.9
 MX .5 P   .30   .32   .37   .52   .70  1.16  1.29  1.25   .87   .46   .36   .32
 DEW PT  17.59 18.59 26.00 34.81 46.01 56.00 61.20 60.40 53.19 41.19 31.59 23.00
Time Pk   .574  .744  .806  .877  .887  .888  .958  .968  .978  .979  .990 1.000
% N       4.40  4.52  4.62  4.10  4.75  4.41  4.64  6.00  4.93  4.66  2.96  3.24
MEAN      4.54  4.28  4.47  4.35  4.02  3.54  3.28  3.56  3.72  3.80  4.34  4.65
STD DEV   2.01  1.98  2.11  1.86  1.82  1.60  1.50  1.53  1.87  1.73  2.14  2.09
SKEW       .77  1.06   .88   .65   .91   .75   .82   .76  1.33   .86  1.71   .62
% NNE     3.81  4.01  4.33  4.05  4.95  3.64  3.89  5.47  4.11  3.68  2.36  2.35
MEAN      4.42  4.53  4.82  4.36  4.10  3.51  3.35  3.45  3.67  3.79  4.33  4.42
STD DEV   2.05  2.07  1.99  1.81  1.70  1.57  1.37  1.50  1.63  1.64  1.90  2.03
SKEW       .95   .56   .80   .41   .53  1.05   .59   .75   .92   .78   .57   .87
% NE      4.91  5.49  6.17  5.67  7.12  5.28  6.37  6.84  6.49  5.85  2.98  3.41
MEAN      4.34  4.43  4.62  4.38  4.02  3.49  3.38  3.38  3.48  3.62  3.68  3.96
STD DEV   1.98  1.99  1.98  1.93  1.71  1.51  1.46  1.44  1.36  1.58  1.55  1.66
SKEW       .62   .51   .46   .58   .48   .81   .53   .59   .71   .76   .41   .41
% ENE     3.47  4.71  6.10  5.53  5.55  4.45  4.17  3.96  4.38  3.79  2.17  2.28
MEAN      4.47  5.20  5.32  4.82  4.33  3.61  3.58  3.46  3.79  3.81  4.04  4.89
STD DEV   2.01  2.32  2.14  1.95  1.90  1.50  1.60  1.50  1.54  1.83  1.84  2.26
SKEW       .33   .46   .27   .35   .49   .61   .58   .60   .49   .70   .46   .63
% E       3.39  4.83  7.19  6.26  5.83  4.44  3.74  3.77  3.74  3.07  2.88  3.57
MEAN      4.16  4.63  5.68  5.25  4.42  3.76  3.35  3.28  3.82  3.61  4.02  4.56
STD DEV   1.91  2.18  2.47  2.27  1.89  1.69  1.48  1.43  1.77  1.84  1.83  2.03
SKEW       .35   .70   .41   .39   .48   .50   .52   .58   .46   .44   .51   .45
% ESE     3.77  4.26  5.41  6.19  6.20  4.71  3.72  3.59  3.35  3.28  2.49  3.28
MEAN      4.25  4.59  5.23  5.14  4.51  3.78  3.60  3.57  3.84  3.92  4.19  4.34
STD DEV   1.80  1.84  2.25  2.16  1.75  1.65  1.51  1.51  1.57  1.75  1.73  1.97
SKEW       .32   .32   .50   .60   .34   .55   .47   .40   .38   .49   .46   .38
% SE      3.27  3.38  3.44  5.00  4.83  4.33  4.05  3.86  4.09  3.93  3.14  2.79
MEAN      3.77  3.99  4.26  4.42  4.10  3.64  3.31  3.30  3.70  3.76  3.85  3.83
STD DEV   1.78  1.71  1.70  1.86  1.62  1.47  1.30  1.29  1.48  1.62  1.65  1.65
SKEW       .88   .43   .47   .43   .31   .37   .32   .55   .35   .57   .62   .41
% SSE     3.53  3.65  3.49  4.04  4.05  4.52  3.97  3.59  4.62  4.05  4.24  4.14
MEAN      3.65  3.80  4.17  4.17  3.62  3.36  3.35  3.19  3.41  3.47  4.17  3.93
STD DEV   1.38  1.52  1.60  1.78  1.45  1.38  1.50  1.19  1.37  1.46  1.86  1.56
SKEW       .55   .39   .40   .67   .37   .39  1.72   .51   .78   .85   .79   .35
% S       4.05  3.79  3.47  3.53  4.11  5.55  4.73  4.77  5.11  5.74  5.56  4.88
MEAN      3.95  4.01  4.03  3.96  3.62  3.36  3.10  3.08  3.55  3.74  4.22  4.00
STD DEV   1.83  1.82  2.04  2.00  1.74  1.56  1.24  1.39  1.62  1.67  1.87  1.73
SKEW       .75   .76  1.46  1.35  1.07  1.44   .88  1.25  1.03   .94  1.03   .72
% SSW     7.56  5.66  4.73  4.99  5.64  7.76  7.36  6.45  8.07  8.76  9.72  8.89
MEAN      4.87  4.72  5.06  4.73  4.22  3.67  3.70  3.46  3.82  4.30  4.88  4.76
STD DEV   2.12  2.11  2.42  2.25  1.92  1.77  1.71  1.53  1.73  1.99  2.08  2.06
SKEW       .61   .69   .85   .79   .82  2.65   .89   .95  1.15   .88   .74   .70
% SW     13.22 10.76  8.29  8.97  9.66 13.05 11.71 12.20 11.75 14.00 16.67 16.83
MEAN      4.82  4.75  5.27  4.87  4.45  3.91  3.55  3.55  3.76  4.21  4.90  4.89
STD DEV   2.07  2.17  2.58  2.33  2.14  1.64  1.60  1.56  1.72  1.86  2.19  1.92
SKEW       .78  1.09   .75   .93   .84   .64   .89   .73   .80   .75   .93   .38
% WSW    12.04  9.92  8.68  9.01  8.73  9.08  9.89  8.46  8.54  9.36 12.45 13.36
MEAN      5.10  5.19  5.45  5.24  4.65  4.13  3.75  3.47  3.93  4.29  5.21  4.95
STD DEV   2.32  2.34  2.78  2.46  2.29  1.79  1.66  1.60  1.94  2.00  2.38  2.13
SKEW      1.02   .69   .95   .84  1.04   .50   .68   .96  1.05   .88   .83   .80
% W       9.18  8.70  8.02  9.18  7.03  7.35  8.77  6.94  7.53  6.79  9.86  9.18
MEAN      5.64  5.45  6.04  5.69  4.86  4.43  3.98  3.67  4.17  4.59  5.53  5.36
STD DEV   2.41  2.51  2.88  2.81  2.39  2.13  1.95  1.82  2.12  2.33  2.50  2.14
SKEW       .54   .62   .65  1.12   .62   .73  1.03   .94   .79   .65   .49   .47
% WNW     9.07 10.45 10.31  9.85  7.70  7.17  7.16  6.60  7.86  7.66  9.53  8.86
MEAN      5.52  5.57  5.82  5.63  5.03  4.52  4.15  4.11  4.50  4.94  5.47  5.48
STD DEV   2.14  2.35  2.40  2.26  2.18  2.03  1.83  1.87  2.02  2.18  2.31  2.11
SKEW       .51   .67   .51   .64   .50   .86   .70   .86   .60   .47   .56   .54
% NW      7.47  8.43  8.88  6.98  5.94  6.18  6.60  7.05  6.97  6.76  7.07  7.52
MEAN      4.94  5.05  5.27  5.20  4.45  4.10  3.87  3.75  4.10  4.50  4.75  4.82
STD DEV   2.09  2.17  2.19  2.15  1.87  1.85  1.76  1.72  1.69  1.97  2.06  1.81
SKEW       .72   .55   .44   .85   .54   .69   .76   .92   .65   .74   .74   .59
% NNW     5.56  5.97  5.44  4.69  5.06  4.45  4.81  5.48  5.07  5.38  4.66  4.11
MEAN      4.86  4.88  5.16  4.90  4.48  4.03  3.81  3.80  4.33  4.59  4.90  5.10
STD DEV   1.99  2.00  2.07  2.08  1.89  1.74  1.68  1.63  1.87  1.99  2.32  1.98
SKEW       .30   .74   .72   .71   .60   .77   .61   .89   .48   .48  1.09   .48
CALM      1.30  1.37  1.40  1.90  2.85  3.68  4.51  5.09  3.46  3.31  1.29  1.38
 
INTERPOLATED DATA (station & weighting factor)
 
---Wind Stations---
YPSILANTI     MI     .724  JACKSON       MI     .143  DETROIT/CITY  MI     .134
---Solar Radiation and Max .5 P Stations---
 MI ANN ARBOR U OF   .900   MI HOWELL WWTP      .075   MI COLDWATER WWTP   .025 
---Dewpoint Stations---
MI DETROIT WILLOW R  .603  MI JACKSON REYNOLDS  .205  MI DETROIT CITY AP   .192 
---Time Peak Stations---
MI ANN ARBOR U OF M  .877  MI HOWELL WWTP       .093  MI COLDWATER WWTP    .030 
