 ALPENA STATE FOREST MI                  20 164 0
 LATT=  45.07 LONG= -83.53 YEARS= 40. TYPE= 3
 ELEVATION =  690. TP5 = 1.77 TP6= 3.76
 MEAN P    .12   .12   .16   .22   .23   .26   .31   .32   .24   .19   .15   .12
 S DEV P   .17   .17   .22   .25   .28   .31   .42   .38   .32   .31   .20   .17
 SKEW  P  4.03  3.38  2.82  1.75  2.17  1.69  2.53  1.82  2.37  4.31  3.00  2.87
 P(W/W)    .58   .48   .54   .54   .49   .48   .40   .42   .49   .56   .54   .56
 P(W/D)    .38   .35   .28   .29   .30   .28   .30   .28   .33   .33   .36   .39
 TMAX AV 26.94 29.33 38.78 52.22 65.30 74.82 80.09 77.51 69.02 56.22 43.53 31.82
 TMIN AV 10.99 10.95 19.38 30.72 40.62 49.60 55.39 53.72 46.22 36.41 28.13 17.89
 SD TMAX  9.46  9.85 11.72 12.23 11.11  9.23  7.26  7.12  9.12  9.99 10.06  9.24
 SD TMIN 12.74 13.10 11.59  8.02  8.19  7.72  6.79  7.20  8.45  7.95  8.61 11.26
 SOL.RAD   99.  164.  279.  379.  451.  504.  489.  420.  306.  180.   99.   77.
 SD SOL   22.6  27.6  42.8  70.7  50.9  44.7  47.1  37.3  34.2  19.1  15.6  16.7
 MX .5 P   .26   .23   .29   .41   .68   .87   .98  1.04   .71   .54   .34   .25
 DEW PT  14.00 14.00 21.00 29.00 41.00 52.00 57.00 57.00 50.00 39.00 30.00 20.00
Time Pk   .589  .756  .816  .870  .880  .880  .960  .960  .970  .980  .990 1.000
% N       4.43  7.73  8.14  7.75  6.89  5.37  4.78  4.46  4.65  4.24  4.37  4.76
MEAN      3.99  3.86  4.12  4.68  4.24  3.99  3.69  3.56  3.61  4.30  3.96  3.89
STD DEV   2.11  1.85  1.97  2.19  1.82  1.86  1.80  1.63  1.72  2.06  2.23  2.04
SKEW      1.02   .54   .69   .47   .21   .56   .64   .68   .57   .48   .93   .55
% NNE     1.92  3.48  3.48  3.75  3.61  3.11  2.30  2.13  2.48  2.10  2.60  2.53
MEAN      3.78  3.95  4.15  4.32  3.99  3.49  3.86  3.73  4.07  4.07  4.11  4.36
STD DEV   2.37  2.05  2.34  2.08  1.86  1.85  1.69  1.71  2.07  1.86  1.97  2.06
SKEW      1.63   .85   .91   .95   .21   .64   .48   .12   .69   .19   .40   .06
% NE      2.65  4.34  5.43  5.44  4.70  3.99  3.54  3.52  3.77  2.90  3.29  3.03
MEAN      4.67  4.29  4.19  4.22  4.26  3.80  3.46  3.81  3.66  3.84  4.18  4.56
STD DEV   2.51  2.35  2.24  2.18  2.14  1.97  1.78  1.64  1.80  1.93  1.97  2.38
SKEW       .06   .74   .78   .76   .65  1.27   .74   .36   .58   .51   .15   .81
% ENE     1.35  1.60  2.84  2.67  2.65  2.13  1.88  1.75  2.11  1.31  2.16  1.83
MEAN      4.04  4.59  4.70  4.23  3.59  3.60  3.34  3.21  3.57  4.22  4.49  4.36
STD DEV   1.87  2.42  2.39  2.08  1.77  1.56  1.63  1.52  1.83  2.21  2.41  2.40
SKEW       .48   .62   .14   .39   .43   .52   .42   .51   .57   .41   .90   .79
% E       2.36  3.72  5.91  7.09  7.34  6.09  4.39  3.87  4.41  3.80  2.96  3.04
MEAN      4.96  4.64  4.91  4.67  4.17  3.71  3.75  3.74  3.50  3.75  4.93  5.01
STD DEV   2.39  2.34  2.34  2.28  1.72  1.53  1.48  1.77  1.58  1.82  2.74  2.53
SKEW       .09   .68   .58   .80   .02   .21   .07   .39   .36   .55  1.09   .16
% ESE     1.85  2.18  6.76  8.20  9.83  8.28  7.00  5.32  4.10  4.00  2.78  2.74
MEAN      5.10  4.15  4.85  4.97  4.57  4.02  3.93  4.08  4.14  4.10  4.05  4.65
STD DEV   2.33  2.04  2.15  2.02  1.76  1.63  1.55  1.63  1.85  1.97  2.00  2.42
SKEW       .18   .35   .41   .40   .20   .25   .10   .21   .16   .39   .86   .20
% SE      4.01  5.19  9.47 10.68 10.40 10.39  8.90  8.47  8.33  7.45  6.19  4.88
MEAN      4.58  4.53  4.54  4.74  4.34  3.66  3.71  3.66  3.78  4.03  3.95  4.12
STD DEV   2.38  2.26  1.92  2.18  1.89  1.67  1.67  1.61  1.72  2.08  2.14  2.17
SKEW       .56   .43   .38   .44   .26   .29   .45   .19   .32   .61   .84   .50
% SSE     3.42  2.77  3.22  2.43  3.30  3.50  2.96  3.49  3.87  4.02  3.67  3.56
MEAN      3.56  3.62  3.63  3.48  2.98  2.90  3.17  2.87  2.94  3.49  3.40  3.34
STD DEV   1.75  2.07  1.97  2.20  1.52  1.45  1.72  1.49  1.52  1.93  1.94  1.74
SKEW       .91   .87   .64  1.54   .69   .85   .71  1.09   .83   .89  1.22   .72
% S       8.08  5.51  4.91  4.06  4.24  5.08  4.89  6.22  7.26  8.30  8.08  8.05
MEAN      3.40  3.53  3.63  3.85  3.38  3.12  3.13  3.16  2.95  3.41  3.49  3.40
STD DEV   1.81  1.74  1.71  1.82  1.86  1.70  1.64  1.62  1.57  1.71  1.78  1.61
SKEW      1.17   .62   .60   .51   .84   .91   .79  1.07   .93   .58  1.05   .63
% SSW     5.21  3.67  3.15  2.93  3.04  4.05  3.86  4.36  4.47  5.50  5.43  5.60
MEAN      3.46  3.37  3.59  3.73  3.56  3.10  3.26  3.11  3.16  3.57  3.47  3.25
STD DEV   1.64  1.55  1.63  2.00  2.06  1.46  1.65  1.67  1.76  1.64  1.74  1.61
SKEW       .85   .61   .87   .56   .90   .76   .69   .88  1.06   .53  1.02  1.07
% SW     13.82  8.12  5.70  6.47  6.94  8.72  9.50 11.13 11.23 11.97 12.79 13.51
MEAN      3.54  3.53  3.64  4.10  3.96  3.28  3.11  3.02  3.25  3.38  3.61  3.45
STD DEV   1.82  1.80  2.04  2.32  1.94  1.71  1.48  1.44  1.65  1.79  1.84  1.69
SKEW      1.06  1.00   .98  1.27   .64   .96   .92   .79   .88  1.05  1.23   .99
% WSW     9.89  7.29  5.53  4.68  5.46  7.56  8.66  9.32  8.82  9.87  9.46  9.55
MEAN      3.87  3.77  3.69  4.38  3.83  3.43  3.09  3.15  3.23  3.57  3.83  3.82
STD DEV   1.88  1.94  1.93  2.67  1.96  1.76  1.61  1.66  1.78  1.91  1.93  1.81
SKEW      1.19  1.23   .84  1.81   .41   .55   .96  1.06  1.09   .89   .89   .77
% W      15.74 15.03 10.36  8.82  9.07 10.98 12.57 12.69 12.46 12.36 13.77 14.27
MEAN      3.96  3.73  3.99  4.05  3.98  3.59  3.16  3.15  3.30  3.71  4.10  3.80
STD DEV   1.90  1.92  2.01  2.15  2.15  1.93  1.60  1.59  1.80  2.06  1.90  1.83
SKEW       .60   .73   .75   .85  2.16   .80   .87   .88  1.13  1.85   .60  1.14
% WNW    10.01 11.65  9.18  7.55  7.17  6.94  8.71  7.69  7.74  7.26  8.85  8.41
MEAN      4.36  4.37  4.60  4.56  4.11  3.75  3.50  3.30  3.51  4.03  4.16  3.98
STD DEV   1.93  2.02  2.15  2.16  2.06  1.86  1.76  1.74  1.82  1.90  1.94  1.78
SKEW       .54   .52   .65   .64   .57   .67   .84   .83   .84   .61   .81   .64
% NW      9.92 10.77  8.89  9.98  8.71  7.75  9.42  8.79  8.26  8.50  8.36  8.99
MEAN      4.87  4.50  4.42  4.98  4.57  3.94  4.01  3.65  3.98  4.01  4.35  4.48
STD DEV   2.26  2.21  2.14  2.32  2.31  1.89  1.98  1.67  1.97  1.95  2.05  1.98
SKEW       .28   .53   .40   .85   .78   .52   .60   .59   .63   .53   .40   .53
% NNW     3.13  4.70  4.54  5.24  4.25  3.19  3.74  3.68  2.99  3.56  3.52  3.16
MEAN      4.46  3.90  4.42  4.90  4.33  4.00  3.81  3.77  3.86  4.30  4.25  4.39
STD DEV   2.29  1.80  2.08  2.10  1.97  2.09  1.81  1.71  1.72  2.07  2.12  2.12
SKEW       .99   .44   .54   .49   .35   .59   .60   .43   .14   .36   .40   .29
CALM      2.12  2.26  2.50  2.24  2.38  2.73  2.67  3.06  3.07  2.87  1.71  2.22
 
INTERPOLATED DATA (station & weighting factor)
 
---Wind Stations---
ALPENA        MI     .970  OSCODA        MI     .030                       .000
---Solar Radiation and Max .5 P Stations---
 MI VANDERBILT 11 E  .646   MI BELLAIRE         .354                            
---Dewpoint Stations---
MI ALPENA CO RGNL A 1.000  MI PELLSTON RGNL AP  .000                            
---Time Peak Stations---
MI VANDERBILT 11 EN  .646  MI BELLAIRE          .354                            
