 DOWAGIAC MI                             202250 0
 LATT=  41.98 LONG= -86.12 YEARS= 40. TYPE= 3
 ELEVATION =  760. TP5 = 2.14 TP6= 4.96
 MEAN P    .20   .21   .27   .33   .37   .42   .44   .46   .45   .37   .29   .22
 S DEV P   .25   .25   .29   .39   .40   .46   .55   .52   .57   .45   .35   .23
 SKEW  P  3.18  2.86  2.16  2.66  1.75  1.78  2.52  2.16  2.96  2.23  2.92  2.17
 P(W/W)    .58   .56   .45   .46   .47   .43   .37   .36   .43   .50   .50   .56
 P(W/D)    .33   .25   .24   .30   .27   .25   .24   .25   .23   .24   .30   .34
 TMAX AV 31.93 35.27 46.06 58.91 70.35 79.17 83.35 81.20 74.24 61.74 48.84 36.33
 TMIN AV 15.32 17.00 25.87 35.93 46.33 55.52 59.48 57.73 49.79 39.08 30.78 21.02
 SD TMAX 10.11 10.52 12.89 12.18 10.64  8.28  6.54  6.22  8.68 10.29 10.90 10.17
 SD TMIN 11.97 11.57 11.18  9.81  9.65  7.87  7.06  6.96  8.68  8.89  9.04 10.54
 SOL.RAD  116.  191.  293.  381.  451.  514.  519.  435.  355.  225.  129.   95.
 SD SOL   20.0  32.1  41.7  51.1  42.8  37.7  34.2  29.7  30.3  15.1  22.9  16.2
 MX .5 P   .39   .34   .49   .64   .99  1.13  1.18  1.27   .97   .58   .49   .37
 DEW PT  18.57 20.39 27.39 35.96 47.14 56.57 61.57 61.14 53.57 41.82 32.57 23.57
Time Pk   .536  .702  .768  .845  .855  .865  .946  .956  .966  .976  .990 1.000
% N       4.73  5.42  5.26  4.60  5.21  4.73  5.80  6.02  4.78  4.76  3.74  2.92
MEAN      4.54  4.51  4.46  4.45  4.27  3.66  3.59  3.54  3.98  4.41  4.44  4.51
STD DEV   1.83  1.86  1.99  1.83  1.90  1.61  1.61  1.50  1.77  1.89  2.09  1.86
SKEW       .42   .51   .87   .43   .60   .76   .79   .51   .56   .48   .58   .43
% NNE     2.97  3.70  3.48  2.93  3.55  2.18  2.87  3.23  2.90  3.34  2.41  1.84
MEAN      4.48  4.65  4.44  4.42  4.03  3.71  3.39  3.50  4.03  4.09  4.38  4.63
STD DEV   1.64  1.84  1.83  1.90  1.71  1.60  1.31  1.45  1.61  1.75  1.84  2.10
SKEW       .23   .24   .50   .68   .50   .75   .32   .73   .47   .58   .40   .39
% NE      3.36  3.25  4.09  3.36  3.96  2.78  3.47  3.62  3.71  3.26  2.31  2.03
MEAN      4.41  4.28  4.48  4.45  4.30  3.58  3.27  3.24  3.87  3.77  3.80  4.19
STD DEV   1.86  1.92  1.87  1.99  1.95  1.53  1.37  1.37  1.61  1.59  1.57  1.96
SKEW       .48   .46   .42   .47   .88   .55   .64   .67   .55   .58   .45   .86
% ENE     3.16  4.31  5.74  4.28  4.56  2.90  3.52  3.52  3.34  3.03  2.19  2.62
MEAN      4.49  5.17  5.56  4.89  4.38  3.82  3.53  3.42  3.79  3.88  4.25  4.55
STD DEV   1.82  2.28  2.28  2.00  1.80  1.55  1.52  1.39  1.54  1.68  1.88  2.06
SKEW       .48   .54   .22   .31   .52   .68   .56   .56   .67   .60   .66   .41
% E       3.39  5.33  7.45  6.14  5.89  4.84  4.16  4.02  4.90  4.24  2.73  4.01
MEAN      4.07  5.02  6.01  5.25  4.17  3.80  3.26  3.25  3.65  3.43  4.00  4.66
STD DEV   1.74  2.21  2.44  2.30  1.64  1.63  1.33  1.27  1.48  1.47  1.66  1.96
SKEW       .67   .32   .17   .36   .45   .64   .54   .53   .86   .90   .91   .32
% ESE     4.27  5.17  6.15  6.34  5.61  4.52  3.33  3.62  4.10  4.20  2.91  4.32
MEAN      4.81  5.33  5.75  5.53  4.78  4.22  3.45  3.26  3.83  3.82  4.08  5.31
STD DEV   1.90  2.20  2.24  2.09  1.71  1.71  1.38  1.18  1.48  1.60  1.67  1.91
SKEW       .38   .46   .25   .14   .15   .46   .40   .39   .61   .57   .57   .24
% SE      4.74  4.77  4.52  5.37  4.86  4.87  3.74  5.19  5.20  5.75  3.74  4.63
MEAN      4.47  4.76  4.93  4.79  4.29  3.62  3.21  3.07  3.65  3.80  4.19  4.47
STD DEV   1.79  1.79  2.10  1.89  1.63  1.44  1.33  1.18  1.48  1.50  1.78  1.80
SKEW       .47   .15   .58   .33   .21   .67   .93   .64   .59   .66   .53   .48
% SSE     4.90  4.31  4.46  5.08  4.63  5.75  4.56  4.87  5.62  5.29  6.09  5.11
MEAN      4.39  4.95  4.78  5.00  4.31  3.87  3.46  3.22  3.52  3.85  4.56  4.44
STD DEV   1.80  1.90  1.95  1.97  1.63  1.42  1.44  1.27  1.42  1.57  1.87  1.67
SKEW       .59   .32   .35   .44   .39   .58   .66   .57   .61   .70   .51   .48
% S       8.90  6.32  5.41  6.08  7.61 10.06  8.59  8.51 10.69  9.85 10.38  9.25
MEAN      5.00  4.95  5.24  5.00  4.78  4.39  3.87  3.46  4.16  4.35  4.95  5.04
STD DEV   2.05  2.00  2.22  2.08  2.01  1.73  1.61  1.43  1.84  1.81  2.22  2.16
SKEW       .43   .33   .39   .53   .42   .60   .62   .68   .58   .59   .66   .67
% SSW    11.31  8.37  5.83  7.41  7.82 11.16 10.12  9.75 10.37 11.90 13.59 13.11
MEAN      5.40  5.25  5.78  5.51  5.20  4.71  4.29  3.95  4.52  4.87  5.46  5.37
STD DEV   2.01  2.06  2.45  2.14  2.11  1.78  1.77  1.65  1.75  1.92  2.19  2.06
SKEW       .27   .21   .28   .45   .43   .44   .60   .53   .39   .35   .56   .41
% SW     11.95 10.45  7.13  8.08  7.55  8.22  9.00  8.72  9.52  9.90 12.49 15.14
MEAN      5.13  5.20  5.55  5.20  4.86  4.54  4.20  4.05  4.23  4.44  5.04  5.17
STD DEV   2.06  2.17  2.83  2.32  2.19  1.91  1.76  1.71  1.76  1.95  2.29  2.06
SKEW       .76   .56   .76   .58   .79   .53   .46   .52   .68   .52  1.28   .46
% WSW     8.81  8.11  7.89  6.94  5.94  6.00  6.19  5.54  4.94  5.82 10.14 10.26
MEAN      5.84  5.71  6.22  5.82  5.24  4.78  4.31  4.02  4.30  4.69  6.00  5.47
STD DEV   2.36  2.59  2.82  2.63  2.44  2.00  1.84  1.72  1.82  2.10  2.58  2.15
SKEW       .53   .61   .50   .57   .79   .42   .57   .60   .56   .54   .50   .52
% W       7.30  7.32  6.51  6.94  5.94  5.39  4.98  4.62  5.00  4.79  6.63  7.70
MEAN      5.84  5.55  6.04  5.57  5.05  4.53  4.10  4.07  4.65  4.71  5.32  5.55
STD DEV   2.27  2.47  2.42  2.57  2.17  2.00  1.80  1.81  2.13  2.16  2.33  2.00
SKEW       .30   .52   .23   .62   .38   .64   .52   .61   .59   .40   .45   .39
% WNW     7.14  7.56  7.68  8.13  6.48  6.10  5.55  4.44  5.16  4.79  6.85  6.22
MEAN      6.22  6.05  6.05  5.94  5.20  4.84  4.70  4.61  4.96  5.56  5.89  5.76
STD DEV   2.22  2.44  2.44  2.27  2.10  1.97  2.00  1.91  1.98  2.25  2.34  2.16
SKEW       .10   .13   .25   .16   .38   .42   .57   .46   .33   .39   .16   .20
% NW      5.58  5.89  7.99  7.79  7.71  6.85  7.19  6.66  6.29  6.49  6.15  4.49
MEAN      5.85  5.39  5.82  5.83  5.06  4.81  4.23  4.24  4.93  5.10  5.63  5.27
STD DEV   2.37  2.23  2.38  2.40  2.05  1.90  1.88  1.81  1.98  2.16  2.68  2.06
SKEW       .24   .32   .20   .25   .22   .31   .50   .44   .34   .20   .67   .08
% NNW     4.97  6.41  7.39  7.59  7.01  6.70  6.34  6.56  5.56  5.47  4.28  3.13
MEAN      5.50  5.33  5.69  5.66  5.12  4.67  4.29  4.13  4.53  4.87  5.00  5.15
STD DEV   2.30  2.09  2.39  2.34  2.11  1.95  1.89  1.81  1.95  1.97  2.19  2.20
SKEW       .42   .27   .50   .32   .30   .32   .49   .74   .38   .17   .43   .20
CALM      2.53  3.32  3.01  2.97  5.62  7.03 10.68 11.03  7.85  7.11  3.35  3.18
 
INTERPOLATED DATA (station & weighting factor)
 
---Wind Stations---
SOUTH BEND    IN     .516  GOSHEN        IN     .325  GRAND RAPIDS  MI     .159
---Solar Radiation and Max .5 P Stations---
 MI COLDWATER WWTP   .378   IN ROCHESTER        .337   MI GRAND HAVEN WWT  .286 
---Dewpoint Stations---
IN SOUTH BEND MICHI  .570  MI BATTLE CREEK KEL  .250  MI GRAND RAPIDS      .180 
---Time Peak Stations---
MI COLDWATER WWTP    .378  IN ROCHESTER         .331  MI GRAND HAVEN WWTP  .290 
