 TRAVERSE CTY CAA AP MI                  208251 0
 LATT=  44.73 LONG= -85.58 YEARS= 40. TYPE= 3
 ELEVATION =  620. TP5 = 1.93 TP6= 4.38
 MEAN P    .14   .12   .16   .25   .25   .31   .33   .34   .28   .25   .18   .14
 S DEV P   .21   .15   .23   .32   .32   .45   .51   .50   .42   .33   .27   .20
 SKEW  P  3.19  2.71  2.60  3.03  2.30  2.80  3.35  3.16  4.14  2.74  3.63  3.21
 P(W/W)    .67   .59   .51   .52   .48   .48   .34   .40   .54   .56   .59   .64
 P(W/D)    .38   .33   .29   .27   .25   .25   .26   .28   .32   .32   .39   .38
 TMAX AV 28.00 30.41 40.27 53.89 66.90 76.14 81.18 78.66 70.35 57.67 44.64 32.66
 TMIN AV 15.37 14.78 22.32 32.52 42.34 52.57 58.36 57.27 49.97 39.60 30.99 21.29
 SD TMAX  9.58  9.95 12.04 12.65 11.54  9.20  7.28  6.95  9.18 10.21 10.15  9.23
 SD TMIN 11.16 12.43 11.67  8.61  9.11  8.31  7.14  7.32  8.17  8.16  8.10  9.78
 SOL.RAD  100.  171.  285.  385.  455.  512.  496.  425.  320.  189.  102.   80.
 SD SOL   21.2  29.6  34.9  55.2  47.0  36.3  31.8  32.7  36.2  14.7  14.5  15.1
 MX .5 P   .23   .24   .34   .46   .56   .84  1.02  1.13   .85   .53   .36   .28
 DEW PT  16.00 16.00 22.00 31.00 42.00 53.00 58.00 58.00 51.00 40.00 30.00 21.00
Time Pk   .589  .769  .839  .889  .899  .900  .969  .970  .970  .980  .990 1.000
% N       5.17  8.08  9.66  9.71  9.43  7.47  8.19  8.95  6.75  6.51  5.16  4.52
MEAN      6.08  5.42  5.06  5.03  4.78  4.23  4.33  4.48  4.67  5.02  5.75  5.99
STD DEV   2.37  2.07  2.12  2.07  1.96  1.86  1.64  1.68  1.65  2.00  2.51  1.99
SKEW       .55   .15   .16   .00  -.01   .25   .22   .16   .06   .18   .89   .09
% NNE     3.68  5.19  6.22  6.08  6.02  5.07  4.60  5.00  3.40  3.69  2.97  2.34
MEAN      5.63  4.96  4.69  4.68  4.04  3.56  3.64  3.94  4.12  4.67  5.01  5.76
STD DEV   1.98  1.90  1.91  2.05  1.73  1.44  1.35  1.50  1.52  2.07  1.84  1.91
SKEW      -.08  -.03   .35   .50   .26   .14   .22   .27   .15   .62   .14   .16
% NE      3.34  5.44  6.52  6.36  7.20  7.52  6.10  5.62  3.60  3.69  3.33  3.18
MEAN      4.67  4.08  3.90  3.71  3.35  3.12  3.33  3.45  3.64  4.06  4.67  4.86
STD DEV   1.98  1.80  1.89  1.68  1.40  1.34  1.23  1.36  1.52  1.84  1.83  2.10
SKEW       .37   .54   .67   .56   .34   .29   .07   .16   .38   .45   .10   .24
% ENE     2.34  2.72  3.15  1.96  1.67  1.09  1.57  1.87  1.80  1.47  2.07  2.56
MEAN      3.94  4.13  4.20  3.94  3.39  3.15  2.94  3.00  3.51  3.69  4.06  4.38
STD DEV   1.64  1.75  1.89  1.69  1.68  1.55  1.14  1.19  1.11  1.54  1.58  1.77
SKEW       .44   .39   .58   .63   .74   .82   .52   .43   .26   .01   .11   .11
% E       2.63  2.28  2.27  2.66  1.74  1.26  1.53  1.39  1.91  1.63  1.92  2.68
MEAN      3.38  3.51  4.29  4.54  3.48  2.51  2.67  2.53  3.14  2.70  3.19  3.67
STD DEV   1.46  1.66  2.12  2.19  1.71  1.21  1.10  1.08  1.15  1.22  1.34  1.48
SKEW       .61   .42   .36   .31   .48   .56   .34   .49   .29   .73   .28   .17
% ESE     2.32  1.73  2.27  2.72  1.56  1.17  1.14  1.19  1.50  1.23  1.50  2.33
MEAN      3.72  3.76  5.08  5.10  3.77  3.28  3.46  2.85  3.30  3.05  4.03  4.06
STD DEV   1.74  1.78  2.15  2.05  1.65  1.33  1.52  1.06  1.35  1.24  1.69  1.66
SKEW       .71   .56   .18  -.02   .32  -.04   .18   .11   .27   .29   .63   .17
% SE      3.17  3.49  3.43  3.41  3.79  2.52  2.10  2.75  2.88  3.10  2.80  3.48
MEAN      3.75  3.98  4.63  4.68  4.43  3.21  2.83  2.94  3.66  3.62  4.03  3.85
STD DEV   1.80  1.98  2.30  2.17  2.11  1.67  1.23  1.42  1.77  1.89  1.97  1.83
SKEW       .46   .49   .53   .05   .18   .47   .23   .75   .58   .90   .61   .70
% SSE     8.34  7.27  5.92  5.76  5.33  4.71  4.02  4.97  6.21  7.30  8.22  8.34
MEAN      4.28  4.50  4.60  4.75  4.76  3.77  3.35  3.35  4.08  4.38  4.80  4.53
STD DEV   1.90  2.09  2.14  2.20  2.19  1.85  1.58  1.47  1.96  2.02  2.05  2.10
SKEW       .38   .48   .53   .29   .40   .45   .47   .49   .82   .81   .47   .86
% S      12.18  9.26  7.93  7.60  9.07 10.15 11.23 12.99 15.28 15.91 14.91 13.10
MEAN      4.24  4.28  3.94  4.13  4.36  3.62  3.44  3.29  3.92  4.22  4.45  4.45
STD DEV   1.95  1.96  2.01  2.07  2.20  1.72  1.75  1.55  1.84  1.95  2.03  2.01
SKEW       .70   .44   .75   .69   .57   .59   .99   .74   .82   .63   .98   .76
% SSW    10.58  9.71  8.50  7.95  9.26 11.67 12.57 12.47 14.12 14.59 12.44 11.56
MEAN      5.06  4.88  4.87  5.21  5.04  4.82  4.08  4.03  4.71  5.06  5.49  5.32
STD DEV   2.53  2.45  2.81  2.59  2.75  2.46  2.07  2.02  2.38  2.51  2.83  2.52
SKEW       .70   .63   .75   .59   .51   .56   .71   .62   .53   .59  1.18   .64
% SW      8.87  8.03  6.94  8.44  8.87 11.58 12.81 12.10 11.32 10.72  9.37  9.45
MEAN      4.91  4.79  4.65  5.43  5.47  4.93  4.41  4.44  4.68  4.76  5.20  5.01
STD DEV   2.35  2.61  2.48  2.71  3.01  2.30  2.05  2.21  2.27  2.27  2.51  2.47
SKEW       .61   .93   .66   .49  1.16   .36   .35   .59   .55   .52   .77  1.01
% WSW     8.89  6.84  5.75  5.74  5.90  6.86  7.07  5.91  5.91  5.41  7.84  9.57
MEAN      5.29  4.96  5.02  5.48  5.78  5.45  4.75  4.74  5.08  5.05  5.45  5.15
STD DEV   2.57  2.21  2.56  2.40  2.44  2.29  1.96  2.10  2.19  2.28  2.56  2.15
SKEW      2.05   .62   .86   .28   .03   .25   .31   .43   .54   .55   .96   .91
% W       7.78  5.71  4.41  4.31  3.75  3.95  4.81  3.83  4.62  4.02  6.38  7.32
MEAN      5.02  4.65  4.72  5.19  5.03  5.11  4.59  4.16  4.66  5.00  5.11  4.89
STD DEV   1.83  1.88  2.17  2.24  2.19  2.24  1.84  1.76  2.08  2.06  1.98  1.72
SKEW       .43   .36   .43   .11   .13   .17   .10   .25   .57   .37   .35   .26
% WNW     7.21  6.93  5.09  4.09  2.54  2.90  2.90  3.02  4.71  4.17  7.00  7.78
MEAN      5.19  5.24  5.51  5.25  4.42  4.70  4.56  4.27  4.71  4.90  5.55  5.23
STD DEV   1.78  1.91  2.29  2.17  2.11  2.20  1.97  1.86  1.87  1.81  1.93  1.78
SKEW       .16   .26   .19   .21   .11   .33   .24   .00   .31  -.02   .23   .44
% NW      5.37  5.85  6.08  6.32  5.38  4.80  4.34  3.76  4.20  4.81  5.41  4.70
MEAN      5.80  5.41  4.90  4.79  3.85  3.91  3.98  4.24  4.94  5.37  5.96  5.84
STD DEV   2.21  2.21  2.61  2.26  2.28  2.16  1.91  2.00  2.07  2.17  2.29  1.94
SKEW       .14   .23   .38   .28   .70   .53   .42   .31   .32   .10  -.05   .16
% NNW     5.36  7.44 10.06 10.66 10.73  8.77  7.73  7.29  6.27  6.78  4.92  4.42
MEAN      6.51  5.79  5.45  5.36  4.81  4.58  4.59  4.76  5.22  5.70  6.39  6.69
STD DEV   2.36  2.31  2.44  2.13  2.10  1.89  1.73  1.88  2.16  2.21  2.24  2.38
SKEW      -.02   .21   .25   .17   .30   .35   .16   .32   .72   .08  -.01   .46
CALM      2.69  4.05  5.74  6.18  7.64  8.64  7.24  6.85  5.56  4.98  3.76  2.72
 
INTERPOLATED DATA (station & weighting factor)
 
---Wind Stations---
TRAVERSE CITY MI    1.000  CADILLAC      MI     .000  MUSKEGON      MI     .000
---Solar Radiation and Max .5 P Stations---
 MI TRAVERSE CITY    .898   MI BELLAIRE         .084   MI GRAND HAVEN WWT  .018 
---Dewpoint Stations---
MI TRAVERSE CITY CH 1.000  MI PELLSTON RGNL AP  .000  WI GREEN BAY         .000 
---Time Peak Stations---
MI TRAVERSE CITY     .965  MI GRAND HAVEN WWTP  .019  MI IRON MTN KINGSFO  .016 
