 IRON MNTN WATERWKS MI                   204090 0
 LATT=  45.83 LONG= -88.07 YEARS= 40. TYPE= 3
 ELEVATION = 1160. TP5 = 1.91 TP6= 3.98
 MEAN P    .12   .14   .20   .25   .27   .29   .29   .31   .29   .25   .20   .15
 S DEV P   .15   .18   .25   .28   .36   .38   .42   .40   .39   .36   .26   .18
 SKEW  P  3.48  2.62  3.17  1.91  2.57  2.78  4.03  2.57  2.40  3.24  2.45  2.20
 P(W/W)    .44   .31   .39   .46   .50   .50   .42   .43   .54   .52   .45   .40
 P(W/D)    .27   .22   .22   .25   .28   .33   .35   .32   .31   .27   .26   .27
 TMAX AV 24.02 28.98 39.17 53.54 67.16 75.93 80.70 78.10 69.15 55.85 40.69 27.97
 TMIN AV  3.09  6.32 16.78 29.49 41.35 51.01 56.10 54.38 45.63 34.34 23.80 10.65
 SD TMAX 10.10 10.59 11.51 12.62 11.18  8.79  7.15  6.78  9.35 10.50 10.37  9.74
 SD TMIN 14.24 14.28 12.56  8.66  9.12  8.09  6.93  7.08  8.55  8.13  9.43 12.98
 SOL.RAD  115.  179.  285.  383.  451.  487.  489.  418.  305.  192.  113.   89.
 SD SOL   21.9  21.6  45.3  65.0  46.5  51.8  38.5  26.8  33.6  14.9  16.9  13.8
 MX .5 P   .21   .26   .40   .37   .66   .85   .96   .92   .74   .50   .27   .24
 DEW PT  12.23 13.74 21.25 30.63 41.26 52.26 58.01 58.01 50.25 38.50 27.74 17.61
Time Pk   .600  .770  .820  .880  .890  .900  .950  .960  .970  .980  .990 1.000
% N       6.43 11.21 12.52 10.68 10.01  7.67  7.06  7.56  7.55  7.09  7.70  7.09
MEAN      5.63  5.85  5.96  5.89  5.51  4.72  4.24  4.37  4.58  5.49  6.04  5.75
STD DEV   2.59  2.76  2.87  2.78  2.59  2.27  2.03  2.07  2.02  2.73  3.13  2.59
SKEW       .28   .39   .45   .35   .48   .57   .49   .54   .38   .84   .80   .34
% NNE     3.18  4.92  7.55  7.55  7.92  6.65  5.89  5.51  4.76  4.54  4.40  4.01
MEAN      5.20  5.17  5.50  5.60  5.42  4.75  4.48  4.60  4.48  4.91  5.42  5.46
STD DEV   2.36  2.52  2.46  2.22  2.14  1.86  1.81  1.90  1.84  2.11  2.29  2.38
SKEW       .32   .61   .78   .23   .34   .21   .40   .47   .52   .54   .33   .28
% NE      3.70  4.69  6.34  6.25  6.33  5.70  4.91  4.96  3.92  3.18  3.16  3.46
MEAN      4.68  4.48  4.63  4.95  4.74  4.35  4.07  4.01  3.91  3.89  4.43  4.83
STD DEV   2.05  2.14  2.12  2.11  1.99  1.77  1.66  1.64  1.68  1.80  2.03  2.14
SKEW       .35   .62   .63   .41   .34   .21   .31   .54   .55   .64   .88   .38
% ENE     1.77  2.22  3.65  3.72  3.72  3.09  3.15  3.24  2.49  1.89  1.85  1.98
MEAN      4.30  3.90  4.32  4.50  4.29  3.87  3.72  3.63  3.48  3.72  4.36  4.45
STD DEV   1.97  1.84  1.91  2.01  1.85  1.52  1.42  1.44  1.51  1.65  1.94  2.09
SKEW       .54   .69   .50   .45   .42   .27   .12   .42   .48   .77   .32   .73
% E       1.76  2.25  4.50  5.82  5.62  5.03  4.06  3.79  2.86  2.30  2.08  2.41
MEAN      3.99  3.51  4.37  4.75  4.16  3.49  3.33  3.28  3.52  3.24  3.87  4.15
STD DEV   2.04  1.61  2.20  2.22  1.83  1.48  1.47  1.47  1.61  1.37  1.90  2.03
SKEW       .78   .66   .68   .85   .63   .51   .55   .61   .59   .53   .43   .59
% ESE     1.71  2.01  3.13  4.38  4.70  3.67  2.88  2.90  2.66  2.58  1.85  1.97
MEAN      4.42  4.01  4.48  5.05  4.44  3.91  3.32  3.58  3.69  3.96  4.01  4.31
STD DEV   2.00  1.82  2.20  2.17  1.68  1.69  1.41  1.49  1.49  1.61  1.86  1.92
SKEW       .47   .51   .59   .58   .29   .57   .27   .37   .36   .27   .87   .37
% SE      1.78  1.84  2.31  2.90  3.52  3.11  2.47  2.46  2.56  2.93  2.06  2.06
MEAN      4.11  4.29  4.17  4.62  4.51  3.83  3.35  3.49  3.89  4.26  4.05  4.37
STD DEV   1.92  1.90  1.72  2.02  1.95  1.53  1.41  1.40  1.87  2.08  1.90  2.07
SKEW       .28   .14   .07   .43   .45   .34   .35   .39   .96   .68   .42   .56
% SSE     2.57  1.96  2.88  3.60  4.34  3.48  2.87  3.12  3.99  4.31  2.83  2.71
MEAN      4.87  4.64  4.70  5.48  5.17  4.48  4.16  4.33  4.98  5.22  4.64  4.90
STD DEV   2.27  2.13  2.04  2.28  2.12  1.98  1.67  1.87  2.12  2.16  2.05  2.31
SKEW       .34   .46   .16   .36   .31   .43   .33   .53   .41   .29   .44   .67
% S       7.79  6.32  8.03  8.56  9.37  9.70  8.30  8.59 11.37 12.30  8.81  8.43
MEAN      4.96  5.02  5.23  5.24  5.30  4.41  4.17  4.38  4.82  5.18  4.88  5.10
STD DEV   2.45  2.46  2.55  2.43  2.39  2.02  1.88  2.05  2.17  2.29  2.32  2.52
SKEW       .71   .60   .66   .79   .49   .56   .52   .72   .53   .47   .60   .62
% SSW     7.88  6.54  5.08  5.91  5.80  8.16  8.10  8.24  9.58  9.81  9.53  8.29
MEAN      5.05  5.19  4.96  5.16  5.31  4.71  4.42  4.48  4.88  4.97  5.09  5.10
STD DEV   2.37  2.35  2.44  2.30  2.52  2.17  1.96  2.11  2.29  2.26  2.40  2.32
SKEW       .45   .39   .55   .42   .53   .62   .52   .62   .66   .59   .62   .49
% SW      7.37  5.48  3.64  4.24  4.99  6.82  7.74  7.96  7.35  7.75  7.39  7.52
MEAN      4.65  4.90  4.70  4.90  4.96  4.62  4.22  4.25  4.49  4.56  4.83  4.78
STD DEV   2.23  2.41  2.35  2.48  2.55  2.25  2.05  2.12  2.21  2.20  2.36  2.35
SKEW       .60   .58   .54   .63   .64   .68   .70   .65   .51   .66   .63   .70
% WSW     6.35  4.37  2.87  3.00  3.23  4.65  5.16  5.51  5.11  5.19  5.65  6.55
MEAN      4.65  4.83  4.85  5.35  5.22  4.86  4.41  4.54  4.38  4.93  4.93  5.03
STD DEV   1.96  2.27  2.30  2.44  2.34  2.48  2.07  2.18  1.98  2.30  2.29  2.28
SKEW       .38   .73   .71   .45   .33   .95   .54   .74   .54   .61   .71   .69
% W      11.99  9.45  6.58  7.01  6.31  7.64  9.28  7.96  8.58  8.93 10.71 10.38
MEAN      4.97  4.83  4.79  5.51  5.14  4.68  4.17  3.92  4.25  4.85  5.14  4.89
STD DEV   2.28  2.30  2.49  2.65  2.56  2.36  2.02  1.90  2.17  2.42  2.44  2.26
SKEW       .69   .57   .75   .36   .54   .75   .67   .73   .75   .73   .65   .57
% WNW    10.29  9.17  7.38  6.83  6.24  6.84  7.84  6.83  7.43  7.30  9.81  9.60
MEAN      5.49  5.38  5.01  5.53  5.31  4.93  4.45  4.00  4.78  4.99  5.58  5.42
STD DEV   2.23  2.34  2.31  2.64  2.41  2.40  2.16  1.98  2.31  2.27  2.41  2.27
SKEW       .36   .45   .58   .43   .30   .56   .73   .73   .54   .51   .49   .52
% NW      9.77  9.26  6.38  6.30  5.11  5.39  5.88  5.74  5.76  6.52  8.74  9.27
MEAN      5.42  5.26  5.10  5.33  4.83  4.31  4.21  3.96  4.19  5.04  5.48  5.10
STD DEV   2.15  2.32  2.40  2.60  2.26  2.14  1.96  1.95  2.01  2.26  2.44  2.11
SKEW       .26   .34   .56   .49   .42   .49   .49   .69   .56   .54   .37   .19
% NNW     7.65  8.65  6.52  5.94  4.62  3.64  3.75  4.17  4.52  5.67  6.39  6.90
MEAN      5.98  5.83  5.81  5.72  5.16  4.79  4.29  4.16  4.77  5.34  5.88  5.50
STD DEV   2.36  2.45  2.60  2.48  2.39  2.26  2.00  1.96  2.06  2.32  2.56  2.20
SKEW       .25   .21   .21   .14   .35   .35   .51   .49   .38   .28   .48   .18
CALM      8.03  9.63 10.75  7.37  8.15  8.72 10.69 11.43  9.56  7.77  7.09  7.44
 
INTERPOLATED DATA (station & weighting factor)
 
---Wind Stations---
GWINN         MI     .519  GREEN BAY     WI     .245  HOUGHTON      MI     .236
---Solar Radiation and Max .5 P Stations---
 MI IRON MTN WATERW 1.000   MI BIG BAY          .000   MI TRAVERSE CITY    .000 
---Dewpoint Stations---
WI GREEN BAY         .379  MI HANCOCK HOUGHTON  .375  MI TRAVERSE CITY CH  .246 
---Time Peak Stations---
MI IRON MTN WATERW  1.000  WI WHITE LAKE        .000  MI BIG BAY           .000 
