 MONTAGUE MI                             205567 0
 LATT=  43.42 LONG= -86.37 YEARS= 40. TYPE= 3
 ELEVATION =  600. TP5 = 2.17 TP6= 4.94
 MEAN P    .20   .19   .31   .34   .32   .33   .34   .42   .38   .33   .30   .20
 S DEV P   .27   .26   .35   .41   .40   .39   .40   .58   .49   .41   .35   .26
 SKEW  P  2.69  3.13  2.92  2.19  2.93  2.00  2.07  3.23  4.60  2.59  2.16  2.69
 P(W/W)    .36   .35   .36   .44   .42   .39   .31   .34   .47   .49   .44   .36
 P(W/D)    .20   .16   .20   .26   .24   .23   .22   .24   .20   .26   .29   .25
 TMAX AV 30.29 32.72 42.95 55.49 66.99 75.20 79.58 77.91 70.78 58.57 46.03 34.44
 TMIN AV 17.55 18.15 24.92 33.66 42.72 51.71 57.25 56.27 49.77 40.24 31.86 22.74
 SD TMAX  9.45  9.06 11.40 10.63  9.18  7.28  5.31  5.35  7.37  8.67  9.12  8.83
 SD TMIN 11.18 11.76 11.18  9.82  9.92  9.50  8.15  8.98  9.56  9.34  8.60  9.35
 SOL.RAD  106.  180.  293.  388.  458.  522.  520.  436.  343.  210.  114.   85.
 SD SOL   19.0  29.3  38.1  51.5  52.1  52.3  35.6  30.9  32.0  18.3  19.0  14.7
 MX .5 P   .30   .30   .37   .53   .78   .99  1.11  1.09   .99   .56   .44   .35
 DEW PT  17.80 18.44 24.60 32.90 43.74 54.74 60.60 60.60 52.74 41.58 31.41 22.25
Time Pk   .552  .732  .801  .867  .879  .887  .954  .962  .968  .980  .988 1.000
% N       4.75  6.06  6.21  6.24  5.73  4.87  4.74  5.32  5.49  5.13  6.16  4.87
MEAN      4.64  4.62  4.98  5.03  4.37  4.27  4.06  3.99  4.13  4.53  4.83  4.50
STD DEV   2.19  2.28  2.30  2.28  2.09  2.15  1.95  1.93  1.85  2.02  2.32  2.06
SKEW       .70   .77   .50   .43   .59   .59   .74   .59   .48   .50   .90   .30
% NNE     2.89  3.90  4.80  5.00  5.55  4.33  3.34  4.92  3.85  3.66  3.82  2.64
MEAN      4.22  4.26  4.54  4.60  4.07  3.72  3.55  3.39  3.68  4.15  4.38  4.45
STD DEV   1.90  1.93  1.85  1.96  1.71  1.64  1.42  1.47  1.53  1.92  1.96  1.95
SKEW       .67   .50   .35   .51   .48   .58   .36   .77   .27   .61   .45   .47
% NE      3.68  4.34  4.20  4.47  5.57  3.78  4.00  5.43  5.40  3.95  2.78  3.11
MEAN      4.04  3.60  4.38  4.18  3.64  2.84  3.11  3.00  3.10  3.45  3.54  3.90
STD DEV   2.08  1.67  2.03  2.02  1.63  1.27  1.48  1.41  1.42  1.66  1.92  1.91
SKEW       .94   .71   .58   .52   .53   .70   .73   .89   .83   .68  1.48   .47
% ENE     3.69  5.63  5.46  4.45  5.30  3.96  3.72  4.56  4.27  3.08  2.70  3.68
MEAN      4.65  5.01  5.62  5.10  4.06  3.50  3.64  3.39  3.60  3.55  4.45  4.53
STD DEV   2.58  2.51  2.58  2.35  1.72  1.49  1.57  1.55  1.57  1.69  2.17  2.13
SKEW      1.21   .70   .42   .43   .45   .76   .32   .76   .67   .65   .43   .54
% E       6.67  8.17  9.20  7.69  8.01  6.36  4.91  5.29  5.63  6.22  4.85  7.12
MEAN      4.29  4.53  5.38  5.42  4.19  3.63  3.49  3.18  3.55  3.54  4.01  4.71
STD DEV   2.26  2.26  2.44  2.66  1.89  1.63  1.72  1.51  1.71  1.71  2.06  2.29
SKEW       .71   .94   .46   .55   .57   .53   .57   .71   .89   .74   .73   .43
% ESE     5.09  4.91  5.99  5.96  4.86  3.95  3.27  3.93  4.71  4.68  3.88  5.24
MEAN      4.90  4.65  5.29  5.57  4.69  3.70  3.46  3.40  3.83  3.88  4.34  4.77
STD DEV   2.30  2.10  2.39  2.46  2.03  1.62  1.55  1.52  1.81  1.78  2.08  2.01
SKEW       .55   .74   .49   .47   .41   .60   .82  1.06   .75   .84   .78   .40
% SE      5.05  4.24  5.05  5.41  5.23  4.70  4.21  4.83  5.42  6.00  5.58  5.81
MEAN      4.39  4.37  4.73  4.70  4.37  3.90  3.24  3.19  3.60  3.81  4.34  4.53
STD DEV   2.12  2.04  2.18  2.21  2.05  1.83  1.45  1.47  1.70  1.79  1.99  1.98
SKEW       .48   .49   .53   .45   .52   .82   .93   .84   .84   .84   .57   .40
% SSE     4.08  3.46  3.23  3.19  3.03  3.36  3.02  3.29  3.97  4.36  4.61  4.43
MEAN      5.04  5.01  5.21  5.27  4.61  3.91  3.56  3.52  4.15  4.37  4.92  5.10
STD DEV   2.11  2.20  2.27  2.19  1.96  1.72  1.58  1.49  1.99  1.89  1.91  2.15
SKEW       .28   .50   .31   .04   .44   .66   .50   .61   .79   .61   .55   .47
% S       5.83  5.44  5.07  5.36  5.60  7.14  7.12  6.84  7.66  8.29  6.46  5.62
MEAN      5.66  5.83  5.66  5.41  5.13  4.62  4.36  4.22  4.89  5.45  5.76  5.92
STD DEV   2.78  2.63  2.87  2.78  2.82  2.36  2.29  2.28  2.44  2.64  2.68  2.99
SKEW       .35   .27   .55   .34   .73   .60   .51   .63   .46   .29   .48   .52
% SSW     5.93  5.39  5.79  6.41  6.95  9.62  9.78  8.43  8.58  9.83  8.02  5.66
MEAN      7.02  7.03  7.13  6.69  6.38  5.89  5.54  5.28  5.91  6.48  7.00  6.95
STD DEV   2.96  2.63  2.90  2.95  2.92  2.46  2.45  2.18  2.35  2.50  2.98  2.96
SKEW       .03  -.10   .04   .17   .51   .14   .22   .35   .10  -.04   .97   .34
% SW      6.59  6.20  6.01  7.21  8.63 11.85 11.54 10.09  8.79  9.34  7.82  6.58
MEAN      7.01  6.72  6.64  5.97  5.75  5.25  4.85  4.88  5.42  5.93  6.83  6.97
STD DEV   2.95  2.95  3.13  2.77  2.98  2.37  2.25  2.03  2.24  2.46  3.26  3.14
SKEW       .16   .15   .26   .29   .83   .27   .32   .27   .15   .08   .88   .29
% WSW     8.16  6.55  6.08  6.48  6.89  8.21  8.89  6.79  6.76  6.21  8.43  9.01
MEAN      7.20  6.58  6.71  6.04  5.67  5.25  4.84  4.79  5.28  5.88  6.84  6.97
STD DEV   3.27  2.86  3.34  2.75  2.71  2.18  2.09  1.89  2.29  2.78  3.05  2.92
SKEW       .70   .33   .50   .37   .58   .29   .81   .30   .49   .40   .95   .87
% W      10.47  8.33  7.25  7.87  8.04  8.32  9.03  7.28  7.63  7.39  9.92 10.52
MEAN      6.32  5.77  5.38  5.69  4.75  4.67  4.23  4.26  5.01  5.44  6.21  5.99
STD DEV   2.80  2.72  2.64  2.59  2.14  2.08  1.79  1.85  2.46  2.61  2.77  2.37
SKEW       .49   .45   .61   .51   .31   .43   .32   .38  1.01   .46   .66   .32
% WNW    11.43  9.22  8.83  8.74  7.09  6.79  7.53  6.49  7.37  6.87 10.20 10.90
MEAN      6.21  5.84  6.07  5.76  5.17  4.76  4.58  4.61  5.15  5.71  6.36  6.04
STD DEV   2.61  2.52  2.63  2.35  2.16  2.20  1.93  2.03  2.13  2.48  2.64  2.25
SKEW       .40   .32   .44   .24   .25   .54   .37   .46   .46   .31   .42   .26
% NW      7.33  8.17  6.98  6.05  4.86  4.20  5.09  5.37  5.90  6.06  6.94  7.02
MEAN      5.77  5.63  5.77  5.27  4.66  4.26  4.25  4.23  4.69  5.27  5.71  5.35
STD DEV   2.69  2.67  2.63  2.35  2.29  2.09  1.95  2.10  2.23  2.41  2.52  2.50
SKEW       .43   .29   .28   .26   .51   .44   .38   .55   .41   .26   .40   .41
% NNW     6.04  7.27  7.36  6.43  4.88  3.80  3.85  4.25  4.19  5.35  5.51  5.26
MEAN      5.61  5.92  5.73  5.69  4.92  4.50  4.40  4.29  4.86  5.23  5.52  5.29
STD DEV   2.59  2.71  2.48  2.28  2.31  2.18  2.01  2.13  2.41  2.23  2.44  2.49
SKEW       .72   .47   .42   .21   .39   .43   .44   .66   .67   .24   .58   .57
CALM      2.37  2.74  2.50  2.99  3.80  4.68  5.94  6.77  4.41  3.53  2.21  2.55
 
INTERPOLATED DATA (station & weighting factor)
 
---Wind Stations---
MUSKEGON      MI     .683  CADILLAC      MI     .166  MILWAUKEE     WI     .151
---Solar Radiation and Max .5 P Stations---
 MI GRAND HAVEN WWT  .673   MI TRAVERSE CITY    .173   WI HORICON          .154 
---Dewpoint Stations---
MI MUSKEGON CO AP    .707  WI MILWAUKEE NB SID  .161  MI TRAVERSE CITY CH  .132 
---Time Peak Stations---
MI GRAND HAVEN WWTP  .667  MI TRAVERSE CITY     .176  WI HORICON           .158 
