 EAU CLAIRE 4 NE MI                      202445 0
 LATT=  42.02 LONG= -86.25 YEARS= 40. TYPE= 3
 ELEVATION =  870. TP5 = 2.16 TP6= 5.09
 MEAN P    .14   .15   .20   .27   .33   .36   .41   .44   .37   .31   .26   .17
 S DEV P   .21   .20   .26   .33   .36   .41   .54   .56   .45   .40   .32   .23
 SKEW  P  4.12  3.42  2.91  2.26  1.79  2.11  2.67  2.03  2.76  2.71  2.82  3.44
 P(W/W)    .66   .59   .52   .55   .48   .48   .36   .40   .45   .52   .55   .61
 P(W/D)    .38   .29   .28   .33   .27   .25   .25   .26   .25   .28   .32   .36
 TMAX AV 31.68 35.41 47.09 60.22 71.55 80.20 84.15 81.78 74.71 62.13 48.96 35.98
 TMIN AV 18.27 20.50 29.05 38.99 49.44 58.83 63.50 62.06 54.74 43.80 34.03 23.28
 SD TMAX 10.50 10.48 12.93 11.84 10.08  7.85  6.14  6.18  8.75 10.25 10.83 10.23
 SD TMIN 11.17 10.62 10.52  9.43  9.04  7.42  6.12  5.96  7.87  8.25  8.92 10.54
 SOL.RAD  118.  192.  294.  379.  447.  507.  513.  431.  353.  227.  129.   96.
 SD SOL   21.9  31.4  40.1  53.6  43.9  40.6  37.1  31.2  34.0  16.5  24.0  16.4
 MX .5 P   .40   .37   .50   .67   .91  1.14  1.18  1.30   .99   .64   .53   .41
 DEW PT  18.43 20.59 27.76 36.36 47.36 56.59 61.76 61.52 53.59 42.00 32.59 23.43
Time Pk   .523  .696  .763  .836  .846  .856  .940  .950  .960  .970  .987 1.000
% N       4.31  5.23  5.10  5.01  5.64  5.11  5.64  6.01  5.07  4.76  3.87  3.19
MEAN      4.54  4.53  4.66  4.77  4.29  3.94  3.72  3.69  3.91  4.33  4.66  4.66
STD DEV   1.91  1.86  1.93  1.95  1.88  1.66  1.61  1.46  1.65  1.78  2.02  1.90
SKEW       .63   .54   .70   .52   .60   .65   .81   .51   .83   .50   .54   .42
% NNE     3.05  3.50  3.80  3.37  3.98  2.85  3.50  3.65  3.27  3.42  2.30  2.00
MEAN      4.50  4.87  4.66  4.44  4.22  3.99  3.57  3.65  3.86  4.13  4.53  4.77
STD DEV   1.69  1.87  1.89  1.74  1.69  1.58  1.41  1.47  1.52  1.73  1.74  1.98
SKEW       .29   .30   .58   .54   .53   .45   .54   .78   .47   .68   .24   .34
% NE      3.84  4.18  5.14  4.62  5.29  4.18  4.06  4.72  4.21  3.64  2.36  2.54
MEAN      4.53  4.72  4.65  4.50  4.07  3.62  3.39  3.40  3.78  3.74  3.88  4.35
STD DEV   1.95  1.93  1.90  2.00  1.62  1.53  1.38  1.40  1.55  1.64  1.66  1.98
SKEW       .72   .36   .58   .61   .46   .58   .48   .68   .66   .73   .75   .82
% ENE     3.07  4.51  5.73  4.33  4.66  3.72  3.90  3.71  3.55  3.08  2.07  2.35
MEAN      4.62  5.00  5.34  4.96  4.31  3.89  3.63  3.46  3.54  3.91  4.39  4.81
STD DEV   1.87  2.21  2.17  1.82  1.73  1.55  1.39  1.30  1.38  1.69  1.77  1.98
SKEW       .57   .51   .61   .13   .39   .58   .40   .56   .77   .70   .69   .41
% E       3.08  4.84  6.52  6.02  5.55  4.88  4.92  4.30  4.74  4.06  2.64  3.79
MEAN      4.03  4.70  5.53  5.07  4.15  3.76  3.29  3.26  3.30  3.39  3.65  4.31
STD DEV   1.56  2.05  2.21  2.09  1.57  1.55  1.32  1.21  1.31  1.36  1.46  1.80
SKEW       .53   .50   .49   .32   .37   .63   .62   .69   .93   .75   .83   .45
% ESE     3.91  4.49  5.71  5.90  6.06  4.11  3.47  3.49  4.10  3.93  2.58  4.13
MEAN      4.66  5.05  5.40  5.29  4.53  4.01  3.40  3.35  3.77  3.77  4.19  4.73
STD DEV   1.76  1.97  2.04  1.95  1.67  1.59  1.29  1.14  1.45  1.46  1.49  1.81
SKEW       .34   .66   .23   .18   .40   .41   .49   .43   .61   .53   .45   .42
% SE      3.88  3.93  4.00  4.51  4.52  4.37  3.39  3.95  4.01  4.27  3.35  4.09
MEAN      4.34  4.52  4.67  4.61  4.06  3.52  3.11  3.13  3.57  3.74  4.22  4.42
STD DEV   1.67  1.60  1.90  1.91  1.53  1.37  1.25  1.13  1.47  1.38  1.74  1.69
SKEW       .49   .26   .54   .44   .35   .61   .88   .62   .66   .39   .57   .58
% SSE     5.64  5.15  4.79  5.50  5.69  6.19  4.98  5.36  6.91  7.50  6.63  6.28
MEAN      4.27  4.60  4.59  4.67  4.11  3.74  3.36  3.32  3.65  3.91  4.54  4.32
STD DEV   1.69  1.72  1.77  1.87  1.66  1.44  1.28  1.17  1.48  1.50  1.73  1.66
SKEW       .64   .47   .34   .56   .70   .71   .69   .47   .78   .71   .55   .51
% S       8.82  6.79  6.10  6.99  8.13 10.87  9.51  9.46 11.61 11.04 11.01  9.56
MEAN      4.83  4.67  4.99  4.75  4.65  4.23  3.82  3.63  4.16  4.35  4.80  4.70
STD DEV   2.08  1.84  2.10  1.97  2.03  1.66  1.54  1.44  1.72  1.80  1.95  1.94
SKEW       .58   .32   .40   .38   .63   .55   .68   .59   .61   .62   .48   .69
% SSW    11.01  8.61  6.42  8.00  8.96 11.25 10.46 10.94 11.73 13.30 13.51 13.02
MEAN      5.38  5.33  5.50  5.48  5.30  4.65  4.39  4.09  4.67  4.97  5.49  5.44
STD DEV   2.07  2.03  2.40  2.26  2.25  1.75  1.73  1.59  1.84  1.91  2.09  2.19
SKEW       .38   .24   .55   .59   .58   .56   .67   .52   .45   .38   .47   .37
% SW     13.53 11.02  7.96  8.26  8.41  9.12  9.95  9.76  8.73  9.87 13.41 14.84
MEAN      5.54  5.51  6.02  5.50  5.22  4.82  4.40  4.17  4.41  4.73  5.49  5.72
STD DEV   2.14  2.32  3.01  2.55  2.46  2.09  1.86  1.77  1.87  2.00  2.32  2.39
SKEW       .67   .70   .74   .74   .74   .62   .55   .59   .70   .46   .69   .70
% WSW     7.59  6.64  5.95  5.49  5.03  5.11  5.69  5.32  4.59  4.91  8.21  7.81
MEAN      6.34  5.99  6.60  6.21  5.66  4.93  4.41  4.30  4.80  5.14  6.13  5.68
STD DEV   2.48  2.57  2.94  2.66  2.67  2.02  1.90  1.87  2.07  2.16  2.59  2.22
SKEW       .46   .56   .46   .47   .70   .47   .62   .72   .65   .39   .49   .36
% W       7.71  7.64  6.93  6.94  5.58  5.22  5.07  4.38  4.42  4.67  6.95  7.84
MEAN      6.25  5.88  6.14  5.90  5.18  4.76  4.30  4.05  4.70  4.92  5.62  5.77
STD DEV   2.46  2.58  2.64  2.74  2.38  2.16  1.96  1.85  2.29  2.37  2.41  2.21
SKEW       .40   .57   .31   .62   .52   .64   .78   .70   .87   .66   .54   .42
% WNW     7.16  8.09  8.16  7.70  6.13  6.03  6.03  5.23  6.16  5.66  7.27  6.94
MEAN      6.29  6.14  6.25  6.12  5.44  4.81  4.71  4.50  5.14  5.51  6.15  5.94
STD DEV   2.40  2.39  2.53  2.38  2.29  1.91  2.07  1.85  2.04  2.29  2.35  2.23
SKEW       .22   .15   .34   .29   .48   .34   .56   .39   .38   .36   .08   .25
% NW      6.29  6.90  8.13  7.80  6.78  6.46  6.67  6.06  6.32  6.06  6.67  5.41
MEAN      5.83  5.62  5.82  5.71  5.09  4.77  4.21  4.09  4.90  5.18  5.62  5.40
STD DEV   2.34  2.31  2.40  2.38  2.07  1.89  1.81  1.70  1.98  2.18  2.32  2.12
SKEW       .19   .29   .35   .32   .21   .24   .61   .51   .43   .29   .41   .30
% NNW     5.13  6.27  7.15  7.35  6.44  6.04  6.11  6.68  5.64  5.87  4.55  3.96
MEAN      5.51  5.40  5.81  5.77  5.09  4.73  4.23  4.29  4.73  5.15  5.23  5.27
STD DEV   2.23  2.19  2.39  2.22  1.97  1.86  1.77  1.72  1.99  2.07  2.22  2.14
SKEW       .32   .43   .58   .22   .13   .43   .47   .52   .44   .27   .55   .42
CALM      2.03  2.29  2.29  2.20  3.19  4.56  6.66  6.94  4.93  4.00  2.52  2.21
 
INTERPOLATED DATA (station & weighting factor)
 
---Wind Stations---
SOUTH BEND    IN     .595  BATTLE CREEK  MI     .237  CHICAGO/MID.  IL     .167
---Solar Radiation and Max .5 P Stations---
 MI COLDWATER WWTP   .356   IN MEDARYVILLE      .331   MI GRAND HAVEN WWT  .313 
---Dewpoint Stations---
IN SOUTH BEND MICHI  .595  MI BATTLE CREEK KEL  .239  IL CHICAGO MIDWAY A  .166 
---Time Peak Stations---
MI COLDWATER WWTP    .355  IN MEDARYVILLE       .329  MI GRAND HAVEN WWTP  .316 
