 HIBBING FAA AP MN                       213730 0
 LATT=  47.38 LONG= -92.85 YEARS= 40. TYPE= 3
 ELEVATION = 1340. TP5 = 2.20 TP6= 4.73
 MEAN P    .08   .07   .12   .20   .23   .32   .37   .31   .25   .22   .15   .08
 S DEV P   .10   .09   .16   .25   .29   .41   .49   .47   .38   .33   .20   .12
 SKEW  P  3.19  2.87  2.97  2.28  2.20  3.19  3.15  5.19  3.38  3.06  2.61  3.89
 P(W/W)    .40   .38   .40   .47   .52   .54   .42   .42   .52   .52   .46   .36
 P(W/D)    .23   .18   .20   .20   .27   .35   .34   .31   .30   .24   .20   .23
 TMAX AV 17.15 23.65 35.57 51.33 65.00 72.88 77.87 75.36 65.61 51.86 34.83 20.84
 TMIN AV -3.85  1.33 14.00 27.37 38.25 47.56 53.03 50.29 41.51 31.09 18.01  2.33
 SD TMAX 12.54 12.49 11.89 12.30 10.91  8.35  7.11  7.20  9.74 11.09 11.85 12.28
 SD TMIN 16.19 16.25 14.34  8.45  8.82  7.78  6.94  7.75  9.20  8.54 11.63 15.39
 SOL.RAD  110.  186.  285.  397.  471.  489.  513.  439.  317.  189.  107.   81.
 SD SOL   13.5  27.3  33.8  55.6  54.2  39.4  21.6  29.5  23.9  22.7  18.2  14.2
 MX .5 P   .21   .23   .26   .43   .59  1.90  1.40  1.18   .82   .42   .26   .21
 DEW PT   2.00  7.00 17.00 27.00 39.00 50.00 56.00 55.00 46.00 34.00 21.00  8.00
Time Pk   .520  .698  .766  .840  .855  .860  .937  .952  .962  .975  .990 1.000
% N       3.96  4.84  5.27  5.39  5.47  3.40  2.71  3.52  2.95  3.30  4.15  4.15
MEAN      4.25  4.12  4.83  5.02  4.85  4.14  3.77  3.90  4.07  4.30  4.91  4.25
STD DEV   2.14  1.77  2.05  2.08  2.05  1.72  1.59  1.78  1.89  2.15  2.35  1.90
SKEW       .87   .69   .42   .72   .27   .23   .51   .63   .93   .77   .95   .51
% NNE     2.62  2.98  4.26  5.59  5.03  2.79  2.45  3.51  2.31  3.06  2.95  2.66
MEAN      3.55  4.34  4.61  4.91  4.47  4.04  3.71  3.64  4.18  4.35  4.87  3.66
STD DEV   1.63  2.01  2.30  2.24  1.92  1.70  1.53  1.54  1.87  1.86  2.45  1.55
SKEW       .43   .57   .71   .34   .37   .55   .49   .48   .57   .51   .73   .50
% NE      2.42  3.32  4.80  4.55  5.35  3.94  2.72  3.94  3.10  3.29  2.57  2.94
MEAN      3.63  4.77  5.19  5.12  4.72  4.25  3.68  3.59  4.00  4.18  4.36  4.47
STD DEV   1.74  2.91  2.82  2.63  2.29  2.11  1.70  1.92  1.98  1.92  2.19  2.50
SKEW       .70  1.20   .72   .86   .51   .81   .51   .96   .73   .59   .49   .64
% ENE     2.51  4.97  6.93  8.32  8.65  5.85  3.86  5.35  4.45  4.07  3.00  3.33
MEAN      4.68  5.88  5.83  6.59  5.91  5.00  4.70  4.59  5.26  5.01  5.85  5.59
STD DEV   2.29  2.79  2.67  2.81  2.54  2.07  1.88  1.94  2.25  1.99  2.76  2.73
SKEW       .64   .79   .62   .60   .47   .39   .29   .41   .52   .39   .59   .69
% E       4.37  5.34  8.00  9.75 11.56  9.58  6.83  7.80  6.82  6.75  4.44  4.08
MEAN      4.36  4.58  4.81  5.34  4.81  4.38  4.09  4.01  4.57  4.43  5.00  4.78
STD DEV   2.04  2.10  2.26  2.34  1.95  1.85  1.56  1.68  1.90  1.78  2.20  2.11
SKEW       .58   .77   .75   .66   .55   .64   .48   .73   .69   .62   .90   .67
% ESE     3.93  3.75  5.80  5.11  7.06  7.82  5.48  6.37  5.64  5.74  3.48  3.89
MEAN      4.41  4.17  4.62  4.75  4.67  4.37  3.80  3.85  4.14  4.18  4.50  4.60
STD DEV   1.84  1.76  1.99  1.94  1.87  1.67  1.49  1.43  1.60  1.66  1.84  1.76
SKEW       .51   .61   .48   .32   .56   .48   .73   .33   .61   .70   .47   .32
% SE      3.91  4.02  4.19  3.84  4.75  5.59  4.73  5.77  5.12  5.46  4.16  4.65
MEAN      3.94  4.00  3.95  4.12  4.04  3.83  3.41  3.56  3.87  3.99  4.06  4.10
STD DEV   1.75  1.76  1.74  1.76  1.70  1.58  1.43  1.41  1.60  1.71  1.64  1.77
SKEW       .53   .58   .64   .55   .61   .55   .70   .57   .63   .69   .56   .57
% SSE     4.22  4.47  4.15  4.07  4.31  5.96  5.87  6.19  5.73  6.24  5.12  4.85
MEAN      4.12  4.18  4.23  4.54  4.74  4.30  3.98  3.97  4.41  4.58  4.37  4.25
STD DEV   1.78  1.78  1.69  1.82  1.97  1.68  1.70  1.58  1.81  1.94  1.77  1.68
SKEW       .66   .50   .54   .40   .57   .43   .75   .42   .62   .55   .37   .45
% S       5.55  4.82  4.37  4.23  4.45  6.91  7.85  7.67  8.07  7.58  7.14  6.19
MEAN      4.21  4.30  4.21  4.53  4.62  4.27  4.24  4.11  4.49  4.69  4.47  4.14
STD DEV   1.92  1.95  1.93  2.07  2.08  1.82  1.81  1.74  1.90  2.01  1.87  1.73
SKEW       .71   .56   .46   .40   .61   .44   .46   .66   .54   .44   .41   .52
% SSW     6.65  5.36  3.73  3.80  4.42  5.68  7.73  7.31  7.69  7.56  7.30  6.52
MEAN      4.55  4.82  4.49  4.89  5.10  4.58  4.44  4.44  4.68  4.87  4.66  4.48
STD DEV   1.85  2.04  1.92  2.05  2.20  1.92  1.76  1.76  1.77  1.94  1.81  1.83
SKEW       .51   .40   .48   .51   .40   .51   .47   .49   .39   .41   .28   .52
% SW      6.12  6.08  4.21  4.53  4.36  5.58  6.54  5.86  6.44  6.37  6.23  6.31
MEAN      4.32  4.65  4.25  4.89  5.10  4.53  4.20  4.21  4.43  4.65  4.45  4.46
STD DEV   1.89  1.99  1.96  2.03  2.51  2.07  1.78  1.68  1.87  2.00  1.81  1.90
SKEW       .68   .54   .78   .55   .63   .78   .58   .58   .51   .57   .41   .58
% WSW     6.69  6.16  4.97  5.11  4.61  6.43  6.71  5.31  6.90  5.68  6.33  6.48
MEAN      4.61  4.79  4.80  5.58  5.53  5.20  4.37  4.49  5.02  5.29  4.94  4.71
STD DEV   1.84  2.02  2.08  2.47  2.47  2.52  1.87  1.82  2.05  2.25  2.13  2.02
SKEW       .46   .53   .36   .74   .59   .83   .65   .46   .64   .85   .69   .68
% W      10.08  8.94  7.45  6.49  5.24  6.70  8.44  6.57  8.17  7.32  8.72  8.97
MEAN      4.71  4.66  4.89  5.76  5.53  5.12  4.46  4.22  4.94  5.19  5.38  4.80
STD DEV   2.11  2.16  2.31  2.66  2.67  2.52  2.15  1.95  2.41  2.60  2.49  2.10
SKEW       .78   .86   .61   .44   .57   .78   .72   .83   .87   .75   .64   .63
% WNW    12.05 11.00 10.25  9.23  7.10  7.48  9.48  7.16  9.14  9.35 12.68 11.45
MEAN      5.41  5.43  5.55  6.28  5.99  5.32  4.88  4.73  5.25  5.66  6.10  5.52
STD DEV   2.23  2.38  2.32  2.56  2.54  2.28  2.23  1.96  2.28  2.51  2.50  2.27
SKEW       .40   .64   .38   .30   .29   .34   .68   .60   .61   .55   .32   .51
% NW     12.29 11.03  9.30  9.03  7.57  6.61  7.53  6.40  7.41  8.38 10.23 11.35
MEAN      5.35  5.25  5.15  5.93  5.51  4.85  4.29  4.24  4.83  5.32  5.75  5.13
STD DEV   2.36  2.36  2.20  2.60  2.53  2.29  1.94  1.97  2.23  2.39  2.69  2.09
SKEW       .42   .38   .43   .37   .35   .50   .70   .72   .54   .42   .45   .32
% NNW     8.49  8.19  7.65  7.78  6.52  4.53  4.92  4.86  4.81  5.95  8.06  7.73
MEAN      5.21  5.02  5.44  5.73  5.48  4.60  4.24  4.34  4.68  5.35  6.14  5.13
STD DEV   2.20  2.14  2.31  2.50  2.31  2.08  1.80  1.89  2.11  2.52  2.85  2.11
SKEW       .47   .57   .42   .45   .39   .51   .59   .45   .48   .55   .55   .26
CALM      4.15  4.75  4.65  3.18  3.58  5.17  6.25  6.38  5.25  3.94  3.43  4.45
 
INTERPOLATED DATA (station & weighting factor)
 
---Wind Stations---
DULUTH        MN     .494  INTERNAT.FALLSMN     .285  GRANTSBURG    WI     .222
---Solar Radiation and Max .5 P Stations---
 MN POKEGAMA DAM     .475   MN SANDY LAKE DAM   .371   MN GUNFLINT LAKE    .154 
---Dewpoint Stations---
MN HIBBING CHISHOLM 1.000  MN INTL FALLS INTL   .000  MN ST CLOUD WHITNEY  .000 
---Time Peak Stations---
MN POKEGAMA DAM      .477  MN SANDY LAKE DAM L  .362  MN GUNFLINT LAKE 10  .161 
