 BRUNSWICK MO                            231037 0
 LATT=  39.43 LONG= -93.13 YEARS= 40. TYPE= 3
 ELEVATION =  650. TP5 = 2.46 TP6= 6.48
 MEAN P    .25   .31   .31   .37   .48   .51   .51   .46   .53   .41   .40   .30
 S DEV P   .35   .42   .36   .46   .62   .68   .62   .69   .75   .52   .50   .40
 SKEW  P  3.87  2.32  2.30  3.16  2.69  2.65  1.76  3.55  3.37  2.33  2.35  3.61
 P(W/W)    .31   .34   .40   .46   .45   .44   .40   .43   .39   .41   .45   .38
 P(W/D)    .15   .16   .19   .24   .28   .25   .19   .19   .18   .20   .17   .14
 TMAX AV 35.08 40.63 53.10 64.93 73.87 82.58 87.40 85.69 78.14 66.72 52.74 39.62
 TMIN AV 16.50 21.01 31.33 42.22 52.62 62.23 66.80 64.17 54.83 43.36 32.66 21.41
 SD TMAX 13.07 13.92 13.64 11.67  8.76  6.95  6.54  6.91  9.12 10.51 12.50 12.73
 SD TMIN 12.10 12.74 10.68  9.62  8.23  6.58  5.98  6.23  9.14  9.32 10.32 11.45
 SOL.RAD  165.  229.  326.  400.  525.  563.  549.  486.  391.  278.  174.  146.
 SD SOL   23.5  32.5  31.7  35.2  51.5  51.8  41.0  27.5  22.3  22.3  32.1  19.1
 MX .5 P   .44   .50   .60   .99  1.31  1.40  1.44  1.32  1.09   .81   .58   .46
 DEW PT  19.01 23.01 32.01 41.01 52.63 62.01 66.25 64.62 56.25 43.63 33.38 23.77
Time Pk   .474  .654  .722  .806  .816  .826  .924  .938  .954  .964  .984 1.000
% N       4.46  5.82  4.37  4.17  3.79  2.58  3.57  3.86  4.21  3.30  2.38  3.11
MEAN      4.37  4.55  5.30  4.39  4.01  3.96  3.35  3.69  3.75  3.90  4.66  3.91
STD DEV   1.84  1.71  2.15  1.64  1.55  1.89  1.38  1.61  1.43  1.67  2.26  1.68
SKEW       .57   .72   .24   .31   .63   .66   .36   .68   .40   .54   .47   .87
% NNE     5.34  5.55  6.16  5.87  5.32  3.46  4.68  6.09  6.13  4.00  3.12  3.63
MEAN      4.81  4.44  5.47  4.73  4.14  3.89  3.58  3.96  4.04  4.14  5.19  4.04
STD DEV   2.04  1.46  2.03  2.04  1.51  1.68  1.28  1.69  1.64  1.66  2.41  1.58
SKEW       .69   .09   .15   .61   .33   .87   .11   .52  1.07   .55   .31   .22
% NE      3.77  4.81  3.04  3.87  4.80  3.83  4.48  4.87  7.67  3.13  2.32  3.21
MEAN      3.85  4.04  4.31  4.21  3.66  3.23  3.11  3.16  3.37  3.29  4.10  3.65
STD DEV   1.73  1.56  1.87  1.93  1.38  1.43  1.30  1.43  1.29  1.20  1.95  1.70
SKEW       .74   .47   .30   .54   .56   .73   .65  1.05   .75   .74   .54  1.23
% ENE     4.55  6.29  6.77  7.97  7.75  5.04  6.69  5.56  7.55  4.34  2.41  4.20
MEAN      4.11  4.99  5.96  5.01  4.28  3.61  3.47  3.24  3.68  3.13  4.40  4.49
STD DEV   1.66  1.98  2.52  2.05  1.67  1.51  1.36  1.36  1.39  1.03  1.82  1.99
SKEW       .64   .44   .36   .53  1.01   .54   .49   .94   .75   .39   .71   .22
% E       2.88  3.71  3.37  4.44  5.22  4.63  4.62  5.99  4.84  4.89  2.23  3.22
MEAN      3.74  4.16  4.55  4.31  3.63  3.36  2.80  2.85  2.95  2.68  3.79  3.45
STD DEV   1.33  1.68  1.90  2.17  1.33  1.56  1.10  1.11  1.12   .92  1.36  1.29
SKEW       .19   .52   .59   .89   .54   .74  1.25   .77   .90   .55   .78   .44
% ESE     6.25  8.65  8.70  8.88 11.67  8.91  8.98 10.90  7.47 10.61  4.62  7.19
MEAN      4.67  4.66  5.35  4.85  4.16  4.04  3.22  3.29  3.51  3.42  4.49  4.12
STD DEV   1.67  1.67  1.91  1.83  1.73  1.72  1.27  1.17  1.26  1.43  1.66  1.57
SKEW       .24   .49   .25   .27   .84   .72   .75   .46   .62  1.20   .56   .39
% SE      4.68  4.93  4.53  4.65  5.50  6.76  7.80  8.38  6.52  8.07  3.94  7.38
MEAN      4.16  4.25  4.61  4.64  3.71  3.52  3.15  3.07  3.41  3.43  4.13  3.97
STD DEV   1.46  1.73  1.91  1.65  1.89  1.60  1.22  1.15  1.43  1.33  1.66  1.72
SKEW       .14   .61   .25   .26  1.20   .88   .67   .73   .64   .94   .64   .64
% SSE     5.67  5.65  7.10  7.36  8.05 10.38  9.73  8.72  8.33 11.21  6.97  8.92
MEAN      4.34  4.45  5.54  5.43  4.57  4.14  3.63  3.42  3.93  4.31  4.53  4.87
STD DEV   1.78  1.46  2.22  1.96  2.09  1.76  1.19  1.40  1.40  1.88  1.55  1.85
SKEW       .36   .29   .58   .60   .74   .79   .14   .80   .22   .73   .78   .57
% S       4.38  5.37  5.51  7.17  6.69 10.35  8.08  7.77  8.03  7.46  6.59  8.30
MEAN      4.02  4.71  5.44  5.07  4.11  3.57  3.82  3.23  3.78  4.00  4.43  4.33
STD DEV   1.80  1.88  2.58  2.02  1.91  1.54  1.67  1.20  1.40  2.06  1.79  1.98
SKEW       .63   .38   .67   .39   .90   .95   .58   .68   .55  1.19   .51   .70
% SSW     8.05  6.66  8.31  8.90  9.11 11.63 11.34  8.29  8.33  7.45  9.44  9.37
MEAN      5.63  5.68  6.13  6.81  5.12  4.42  4.42  3.72  4.74  4.50  5.68  5.11
STD DEV   2.26  2.19  2.71  2.95  2.37  1.74  1.63  1.46  1.72  2.04  2.17  2.23
SKEW       .50   .13   .74   .52  1.07   .70   .43   .76   .52   .99   .50   .74
% SW      8.56  5.85  4.94  4.32  6.44  7.27  7.16  8.41  6.36  7.51  9.76  6.94
MEAN      4.53  4.13  4.89  4.56  3.72  3.79  3.77  3.42  4.28  4.14  4.62  4.33
STD DEV   1.98  1.75  2.49  2.31  1.74  1.65  1.65  1.52  1.64  1.94  1.79  2.07
SKEW       .81   .76  1.13  1.18  1.14   .82   .59  1.02   .54  1.15   .55  1.23
% WSW     7.63  4.63  7.20  4.11  5.83  5.35  4.97  4.82  3.54  5.99  9.84  6.69
MEAN      4.99  4.59  6.09  4.65  4.53  3.97  3.64  3.37  3.80  4.01  4.71  4.98
STD DEV   2.27  2.07  3.15  2.39  2.62  1.83  1.69  1.48  1.74  1.82  1.91  3.05
SKEW       .86   .71   .84   .98  1.90   .66   .71  1.19   .66   .91   .70  1.93
% W       3.58  4.08  3.93  2.94  2.99  2.52  3.05  2.94  2.78  3.60  6.40  4.08
MEAN      3.91  3.75  5.16  3.43  3.38  3.36  3.39  2.84  2.86  3.34  4.15  4.52
STD DEV   1.75  1.96  2.47  1.45  1.92  1.76  1.66  1.27  1.35  1.57  1.77  2.83
SKEW       .63  1.39   .47   .70  1.11  1.13  1.24  1.50  1.41  1.19   .82  1.58
% WNW    10.02  9.36 10.05  8.76  4.99  4.12  4.56  3.02  3.95  5.90 14.49  8.82
MEAN      5.54  5.66  6.32  6.33  4.41  3.95  3.54  3.31  3.58  4.42  5.44  5.45
STD DEV   2.46  2.64  2.79  3.04  2.14  1.95  1.61  1.55  1.68  1.91  2.51  2.23
SKEW       .34   .67   .50   .52   .77   .91   .95   .98  1.10   .43   .76   .72
% NW     10.29  7.45  7.01  7.24  5.27  4.80  3.58  3.41  5.95  4.62  8.87  7.42
MEAN      5.49  5.43  6.05  5.72  4.73  3.90  3.49  3.56  3.80  4.40  5.70  5.06
STD DEV   2.46  2.18  2.98  2.74  2.36  1.84  1.73  1.44  1.89  1.92  2.76  2.19
SKEW       .40   .48   .70   .53   .75   .66  1.30  1.13  1.11   .89   .76   .63
% NNW     8.99  9.98  7.99  8.25  4.95  5.91  3.46  4.08  5.61  6.48  6.09  6.52
MEAN      5.65  5.75  5.78  5.65  4.58  4.46  4.00  3.91  4.39  4.93  6.21  5.49
STD DEV   2.40  2.15  2.05  2.55  1.85  1.80  1.64  1.68  1.87  1.85  2.23  2.19
SKEW       .55   .36   .26   .70   .81   .25   .32   .62   .40   .42  -.01   .92
CALM       .97  1.00   .89  1.04  1.60  2.54  3.30  3.04  2.67  1.43   .48   .97
 
INTERPOLATED DATA (station & weighting factor)
 
---Wind Stations---
MARSHALL      MO     .456  CHILLICOTHE   MO     .341  COLUMBIA      MO     .204
---Solar Radiation and Max .5 P Stations---
 MO MARSHALL         .580   MO WARRENSBURG 4 N  .217   MO KIRKSVILLE       .203 
---Dewpoint Stations---
MO WHITEMAN AFB      .383  MO KIRKSVILLE RGNL   .375  MO KANSAS CITY INTL  .242 
---Time Peak Stations---
MO MARSHALL          .582  MO WARRENSBURG 4 NW  .215  MO KIRKSVILLE        .203 
