 CLINTON MO                              231711 0
 LATT=  38.37 LONG= -93.77 YEARS= 40. TYPE= 3
 ELEVATION =  780. TP5 = 2.52 TP6= 6.32
 MEAN P    .25   .33   .35   .40   .48   .57   .54   .54   .59   .44   .45   .31
 S DEV P   .35   .46   .41   .51   .62   .74   .72   .66   .87   .62   .58   .39
 SKEW  P  2.90  3.15  2.30  2.38  2.46  2.42  3.05  2.14  3.22  3.93  2.11  2.21
 P(W/W)    .38   .38   .41   .48   .49   .49   .40   .38   .41   .45   .44   .40
 P(W/D)    .15   .17   .23   .25   .28   .24   .17   .19   .19   .20   .18   .16
 TMAX AV 39.09 44.88 55.09 66.57 75.34 83.86 90.04 89.02 80.02 69.05 55.43 43.14
 TMIN AV 17.83 22.09 31.73 42.37 52.76 62.13 67.07 64.96 54.97 43.18 33.24 22.24
 SD TMAX 13.30 14.43 15.11 11.74  8.62  8.48  7.60  7.81 10.96 10.50 12.40 12.99
 SD TMIN 12.00 12.61 11.59  9.84  8.88  7.68  6.45  6.46 10.10 10.09 10.90 11.84
 SOL.RAD  169.  233.  328.  407.  530.  565.  554.  492.  394.  284.  179.  151.
 SD SOL   24.7  33.1  30.0  32.6  51.3  56.3  40.6  29.8  22.2  23.9  32.7  19.3
 MX .5 P   .47   .44   .62   .97  1.23  1.50  1.40  1.56  1.16   .92   .71   .48
 DEW PT  20.40 24.20 33.00 42.00 54.00 62.80 67.00 65.00 57.00 45.00 34.20 24.80
Time Pk   .492  .664  .736  .818  .830  .840  .936  .946  .956  .968  .980 1.000
% N       8.47  7.54  6.42  5.14  4.53  3.15  3.53  4.11  5.91  6.24  5.14  5.92
MEAN      5.84  5.67  5.75  5.37  4.37  4.45  3.87  4.08  4.54  4.91  5.20  5.35
STD DEV   2.38  2.69  2.54  2.30  2.02  2.19  1.85  1.88  2.25  2.03  2.45  2.57
SKEW       .04   .45   .17   .29   .42   .58   .52   .47   .68   .23   .42   .46
% NNE     5.29  5.32  4.80  4.09  4.21  2.77  3.51  3.94  4.38  3.99  2.82  4.05
MEAN      5.37  5.45  5.71  5.49  4.62  4.33  3.78  4.10  4.20  4.69  4.67  5.22
STD DEV   2.30  2.23  2.46  2.35  2.04  2.02  1.71  1.89  1.85  2.14  2.16  2.56
SKEW       .33   .33   .17   .14   .40   .51   .60   .38   .37   .36   .50   .48
% NE      4.03  4.42  4.61  4.52  4.15  3.42  5.26  4.88  5.21  2.86  2.67  2.85
MEAN      4.71  4.74  4.95  5.03  4.31  3.76  3.31  3.57  3.61  3.97  4.00  4.20
STD DEV   2.13  2.00  2.39  2.18  2.12  1.79  1.62  1.66  1.64  1.91  1.88  2.22
SKEW       .36   .18   .53   .31   .36   .79   .70   .64   .46   .40   .33   .73
% ENE     2.41  4.25  4.59  4.58  4.37  3.55  4.29  5.41  4.47  2.71  2.32  2.26
MEAN      3.96  4.83  5.06  4.75  4.30  3.81  3.35  3.35  3.52  3.18  3.74  4.13
STD DEV   1.87  2.01  2.55  2.12  2.24  1.73  1.63  1.52  1.64  1.59  1.75  1.97
SKEW       .42   .07   .61   .38   .58   .66   .87   .69   .60   .98   .32   .79
% E       3.13  3.99  6.20  5.47  5.05  5.10  5.74  6.82  4.82  4.09  2.34  3.19
MEAN      3.61  3.89  4.55  4.24  3.79  3.58  3.19  3.16  3.05  3.22  3.47  3.36
STD DEV   1.94  1.82  2.19  1.85  1.98  1.61  1.48  1.53  1.34  1.64  1.65  1.59
SKEW       .86   .54   .58   .58   .87   .54   .70   .98   .66   .85   .44   .69
% ESE     3.01  3.67  4.49  3.99  3.84  4.06  4.71  5.38  4.10  3.49  2.37  3.09
MEAN      4.11  4.36  4.77  4.71  4.09  3.66  3.29  3.34  3.38  3.32  3.59  4.08
STD DEV   2.00  1.94  2.09  1.95  2.16  1.77  1.49  1.53  1.46  1.51  1.63  1.98
SKEW       .57   .31   .29   .20   .83   .63   .72   .81   .71   .72   .54   .41
% SE      4.25  4.28  4.80  4.61  5.43  5.94  6.13  7.29  6.46  5.56  3.69  3.64
MEAN      4.53  4.61  4.86  4.89  4.22  3.79  3.52  3.63  3.59  3.66  3.84  4.36
STD DEV   2.07  2.03  2.18  1.97  2.03  1.70  1.61  1.55  1.55  1.70  1.80  2.00
SKEW       .59   .42   .38   .19   .71   .72   .58   .47   .59   .76   .60   .48
% SSE     8.06  7.31  7.45  8.91 10.77 11.93  9.44 10.54 11.62 13.48  9.51  8.00
MEAN      5.09  5.16  5.71  5.41  4.99  4.33  3.84  3.85  4.22  4.72  4.76  4.84
STD DEV   1.99  2.11  2.40  2.19  2.37  1.96  1.67  1.65  1.78  1.97  2.04  2.08
SKEW       .11   .39   .24   .38   .58   .64   .47   .58   .67   .54   .34   .36
% S      10.93  8.58  8.68 12.51 13.42 18.87 13.94 13.86 13.72 14.99 13.49 10.59
MEAN      5.36  5.51  5.76  5.99  5.03  4.88  4.08  3.79  4.25  4.83  4.95  4.98
STD DEV   2.65  2.41  2.83  2.75  2.44  2.22  1.90  1.73  1.99  2.34  2.46  2.34
SKEW       .74   .52   .55   .36   .70   .43   .60   .71   .70   .66   .70   .74
% SSW     9.42  8.38  7.12  8.71  9.62 13.25 11.62  9.30  8.94  8.84 10.33 10.33
MEAN      6.18  6.15  6.95  6.70  5.80  5.53  4.67  4.52  5.13  5.44  5.60  5.60
STD DEV   3.01  2.79  3.59  2.86  2.70  2.43  2.09  1.87  2.38  2.60  2.73  2.82
SKEW       .47   .55   .66   .19   .67   .24   .31   .33   .38   .56   .54   .90
% SW      5.29  5.06  4.15  4.85  5.30  5.30  6.56  4.68  4.10  4.40  5.74  7.57
MEAN      5.16  5.32  6.18  6.14  5.04  4.91  4.22  4.40  4.42  4.57  4.83  4.89
STD DEV   2.65  2.72  3.56  2.88  2.63  2.39  1.91  1.89  2.09  2.23  2.55  2.46
SKEW       .85   .68   .60   .21   .70   .53   .45   .31   .45   .49   .72   .87
% WSW     3.46  3.86  3.55  3.11  3.15  2.99  3.66  2.50  2.46  2.53  4.32  4.65
MEAN      4.85  5.24  6.64  6.05  4.31  4.66  4.20  3.80  3.84  4.30  4.71  4.71
STD DEV   2.64  2.71  3.43  3.55  2.25  2.25  2.06  1.71  1.91  2.15  2.43  2.50
SKEW      1.03   .68   .56   .98   .74   .43   .38   .34   .96   .44   .55   .84
% W       4.75  5.35  5.65  4.98  4.44  2.77  3.27  2.24  2.61  3.24  6.00  6.20
MEAN      4.80  4.91  5.84  5.93  4.07  3.80  3.47  3.70  3.15  3.81  4.42  4.57
STD DEV   2.64  2.58  2.93  3.15  2.18  2.04  1.77  1.78  1.42  1.98  2.35  2.26
SKEW       .66   .87   .34   .49   .80   .90   .58   .53   .80   .81   .91   .52
% WNW     5.79  5.68  6.96  5.87  4.41  2.45  1.83  1.67  2.52  3.76  6.72  6.71
MEAN      5.43  5.39  6.60  6.56  4.92  4.14  3.50  3.49  4.00  4.55  5.28  5.29
STD DEV   2.72  2.54  3.12  2.88  2.48  2.07  1.57  1.68  2.15  2.37  2.59  2.54
SKEW       .49   .40   .42   .05   .40   .60   .64   .63   .66   .60   .50   .42
% NW      7.30  7.22  8.07  6.90  4.17  2.31  2.06  2.45  3.52  5.00  8.16  7.02
MEAN      5.74  5.66  6.22  6.23  4.63  4.01  3.54  3.63  3.74  4.82  5.76  5.31
STD DEV   2.58  2.42  2.65  2.76  2.39  2.08  1.74  1.65  1.71  2.46  2.71  2.35
SKEW       .36   .30   .10   .19   .49   .70   .64   .47   .71   .61   .40   .19
% NNW     7.57  8.28  6.18  5.87  4.58  3.02  2.65  2.97  4.53  5.84  6.74  6.55
MEAN      5.64  6.15  5.91  6.11  4.78  4.25  4.42  4.58  4.49  5.12  5.56  5.56
STD DEV   2.35  2.56  2.50  2.66  2.29  1.94  2.14  2.11  2.13  2.39  2.41  2.54
SKEW       .26   .24   .19   .50   .42   .55   .41   .51   .48   .43   .29   .31
CALM      6.84  6.78  6.28  5.79  8.58  9.03 11.90 11.95 10.60  9.02  7.61  7.38
 
INTERPOLATED DATA (station & weighting factor)
 
---Wind Stations---
KNOBNOSTER    MO     .428  BUTLER        MO     .414  SPRINGFIELD   MO     .158
---Solar Radiation and Max .5 P Stations---
 MO APPLETON CITY    .630   MO MARSHALL         .196   MO LOCKWOOD         .174 
---Dewpoint Stations---
MO WHITEMAN AFB      .598  MO SPRINGFIELD       .202  MO KANSAS CITY INTL  .200 
---Time Peak Stations---
MO APPLETON CITY     .635  MO MARSHALL          .194  MO LOCKWOOD          .172 
