 CANTON L AND D 20 MO                    231275 0
 LATT=  40.15 LONG= -91.52 YEARS= 40. TYPE= 3
 ELEVATION =  490. TP5 = 2.39 TP6= 5.70
 MEAN P    .21   .25   .29   .35   .45   .44   .47   .45   .54   .38   .35   .27
 S DEV P   .32   .32   .41   .44   .56   .59   .65   .63   .75   .49   .45   .38
 SKEW  P  2.82  2.39  4.42  3.05  2.33  3.08  3.23  2.75  3.52  2.69  2.29  3.20
 P(W/W)    .37   .40   .44   .51   .53   .44   .43   .39   .39   .42   .47   .40
 P(W/D)    .19   .19   .24   .27   .25   .25   .21   .22   .19   .20   .20   .18
 TMAX AV 34.41 39.04 51.69 64.46 74.05 83.03 87.79 85.69 78.48 66.81 52.64 38.60
 TMIN AV 17.03 20.33 31.32 42.75 53.41 62.67 67.12 64.64 55.64 43.64 33.06 21.57
 SD TMAX 12.72 13.04 13.44 11.70  9.22  7.35  6.76  6.92  8.78 10.40 11.96 12.52
 SD TMIN 12.67 12.50 10.64  9.36  8.00  6.69  6.13  6.56  9.01  9.24 10.32 11.86
 SOL.RAD  147.  222.  318.  389.  461.  519.  526.  460.  379.  260.  160.  129.
 SD SOL   22.1  36.4  41.3  50.1  47.8  41.3  42.0  24.8  30.5  23.8  31.1  21.2
 MX .5 P   .36   .45   .53   .80  1.20  1.27  1.35  1.29  1.09   .73   .56   .41
 DEW PT  17.34 21.64 30.64 39.95 50.95 60.70 65.25 64.25 54.95 42.19 32.64 22.34
Time Pk   .487  .660  .730  .814  .824  .837  .937  .950  .956  .974  .986 1.000
% N       6.08  5.60  4.85  4.56  4.17  3.46  3.66  4.12  4.94  5.00  4.11  3.64
MEAN      5.89  5.38  6.00  4.98  4.88  3.85  4.21  3.79  4.26  4.98  5.18  6.04
STD DEV   2.09  2.37  2.34  2.22  2.10  1.66  1.94  1.66  1.92  1.85  2.25  2.73
SKEW      -.02   .29   .11   .33   .22   .57   .47   .73   .26   .24   .41   .40
% NNE     4.16  5.45  5.08  4.68  4.26  3.00  3.74  4.51  3.84  4.24  2.41  2.98
MEAN      5.14  5.59  6.00  5.29  4.72  3.70  3.81  3.79  3.97  5.02  4.64  5.53
STD DEV   1.92  2.17  2.29  2.16  2.00  1.50  1.67  1.59  1.66  1.83  2.04  2.53
SKEW       .02   .16   .36   .53   .30   .48   .69   .69   .53   .31   .62   .37
% NE      3.89  4.74  5.27  5.36  6.03  4.32  5.64  6.52  5.60  3.78  2.60  2.98
MEAN      4.48  4.77  5.12  4.68  4.27  3.50  3.24  3.32  3.62  4.42  4.17  4.28
STD DEV   2.01  1.94  2.24  1.97  1.93  1.50  1.41  1.41  1.63  1.88  1.69  2.16
SKEW       .63   .26   .34   .40   .48   .61   .81   .73   .75   .42   .59   .77
% ENE     2.63  4.27  4.49  4.74  5.12  3.66  4.49  5.45  4.18  2.44  2.10  2.35
MEAN      4.34  5.75  5.30  5.32  4.63  3.93  3.60  3.58  3.55  4.44  4.05  4.76
STD DEV   1.81  2.36  2.17  2.08  1.80  1.61  1.44  1.40  1.39  1.76  1.36  2.08
SKEW       .56   .37   .44   .40   .20   .55   .62   .52   .52   .56   .19   .31
% E       2.69  3.83  5.44  5.53  4.66  5.10  5.91  6.55  4.28  2.90  2.63  2.78
MEAN      4.24  5.09  5.98  5.36  4.40  3.97  3.29  3.33  3.39  3.59  4.33  4.53
STD DEV   1.91  2.11  2.74  2.23  1.76  1.83  1.37  1.42  1.32  1.29  1.72  2.10
SKEW       .66   .29   .41   .17   .27   .76   .57   .81   .42   .45   .63   .24
% ESE     4.06  5.27  6.80  6.02  5.32  6.06  5.30  6.90  4.02  3.47  2.58  3.83
MEAN      5.22  5.52  6.04  5.47  4.76  4.04  3.41  3.65  3.74  4.06  4.50  5.08
STD DEV   2.03  2.04  2.22  2.09  1.94  1.66  1.27  1.43  1.51  1.55  1.71  1.91
SKEW       .36   .30   .12   .27   .28   .61   .35   .46   .44   .66   .57   .25
% SE      5.16  5.40  5.74  5.85  5.85  7.04  7.39  7.78  6.22  6.03  3.93  5.78
MEAN      4.96  5.41  5.76  5.30  4.32  3.92  3.28  3.39  3.76  3.83  4.33  5.00
STD DEV   1.92  2.04  2.27  2.09  1.98  1.83  1.28  1.38  1.55  1.48  1.77  2.02
SKEW       .14   .19   .37   .20   .56   .80   .61   .63   .68   .90   .47   .24
% SSE     8.06  7.32  7.85  7.08 10.10  9.01  8.35  8.51  8.39  9.82  6.52  8.15
MEAN      5.41  5.74  6.01  5.42  4.71  4.21  3.66  3.60  4.34  4.58  5.11  5.55
STD DEV   2.06  2.11  2.33  2.07  1.97  1.80  1.43  1.36  1.60  1.89  1.82  2.23
SKEW       .34   .28   .27   .31   .49   .77   .61   .51   .62   .97   .28   .31
% S       7.13  5.71  6.53  7.06  8.75 11.59 11.80 10.83 12.33 13.12  9.09  8.49
MEAN      5.28  5.35  5.65  5.39  4.56  4.21  3.81  3.45  4.31  4.64  5.12  5.32
STD DEV   2.16  2.11  2.49  2.13  2.00  1.79  1.62  1.46  1.67  1.96  2.08  2.12
SKEW       .23   .13   .67   .28   .52   .63   .43   .87   .47   .65   .40   .32
% SSW     8.32  8.24  5.60  7.28  8.90 12.12 10.56  8.73  9.53 11.50 10.98  8.92
MEAN      5.80  5.93  5.65  5.70  4.94  4.77  4.50  3.92  4.86  5.01  5.61  5.60
STD DEV   2.24  2.29  2.55  2.28  2.16  1.90  1.80  1.58  1.96  1.99  2.15  2.19
SKEW       .23   .10   .91   .23   .42   .35   .36   .49   .65   .64   .48   .36
% SW      5.73  5.78  3.92  4.90  5.98  8.03  7.48  6.62  7.05  7.18  8.52  8.08
MEAN      4.86  5.30  5.33  5.21  4.42  4.45  4.25  3.88  4.14  5.05  5.27  5.37
STD DEV   2.20  2.16  2.48  2.37  2.10  2.12  1.92  1.59  1.84  2.23  2.45  2.31
SKEW       .60   .16   .58   .34   .76   .78   .41   .34   .72   .82   .77   .69
% WSW     5.35  4.75  4.62  3.48  4.68  5.24  4.18  3.60  4.22  4.12  6.09  6.04
MEAN      5.67  5.80  6.80  5.35  5.05  4.61  3.93  3.99  4.24  4.83  5.56  5.97
STD DEV   2.74  2.57  3.39  2.66  2.27  1.80  1.77  1.61  1.83  2.00  2.36  2.53
SKEW       .86   .48   .85   .57   .57   .30   .53   .34   .55   .66   .45  1.15
% W       4.80  4.94  5.52  4.38  4.48  4.04  3.74  3.53  4.54  3.68  6.14  6.56
MEAN      6.00  5.80  6.51  4.67  4.47  4.09  3.39  3.47  3.91  4.56  5.51  5.47
STD DEV   3.27  2.81  3.04  2.52  2.26  1.94  1.72  1.68  1.84  2.03  2.81  2.37
SKEW       .80   .85   .43  1.14   .66   .75   .82  1.01   .66   .49   .73   .62
% WNW     8.57  8.94  8.99  8.60  5.72  3.94  3.56  3.46  4.70  5.02 10.91  9.90
MEAN      6.40  6.66  6.95  6.91  5.56  4.59  3.94  3.97  4.60  5.17  6.50  6.27
STD DEV   2.62  2.44  2.89  3.04  2.62  2.08  2.00  1.87  2.14  2.54  2.93  2.48
SKEW       .32  -.08   .44   .29   .56   .36   .84   .64   .75   .62   .71   .16
% NW     12.52 10.39 10.76 12.13  7.86  5.81  5.16  4.62  8.51  8.65 12.00 11.09
MEAN      6.63  6.22  6.74  6.52  5.24  4.38  3.92  3.91  4.65  5.28  6.73  6.15
STD DEV   2.45  2.66  2.95  2.80  2.40  2.12  1.84  1.91  2.25  2.51  2.85  2.53
SKEW      -.08   .30   .67   .18   .44   .53   .60   .81   .52   .68   .21   .10
% NNW     9.46  7.89  7.08  7.00  5.18  4.17  4.21  3.90  4.54  6.56  7.94  6.86
MEAN      6.51  6.39  6.72  6.29  5.34  4.54  4.66  4.06  5.03  5.85  6.35  6.13
STD DEV   2.21  2.57  2.39  2.55  2.32  1.94  1.93  1.72  2.31  2.12  2.40  2.63
SKEW      -.02   .23   .09   .19   .49   .36   .18   .65   .57   .11   .10   .48
CALM      1.43  1.51  1.39  1.40  3.01  3.38  4.79  4.36  3.07  2.58  1.30  1.58
 
INTERPOLATED DATA (station & weighting factor)
 
---Wind Stations---
QUINCY        IL     .526  BURLINGTON    IA     .252  KIRKSVILLE    MO     .222
---Solar Radiation and Max .5 P Stations---
 IL QUINCY DAM 21    .376   IA KEOKUK LOCK DAM  .346   MO STEFFENVILLE     .277 
---Dewpoint Stations---
MO KIRKSVILLE RGNL   .454  IA OTTUMWA INDUSTRI  .301  IL SPRINGFIELD CAPI  .246 
---Time Peak Stations---
IA KEOKUK LOCK DAM   .361  IL QUINCY DAM 21     .359  MO STEFFENVILLE      .280 
