 MARBLE HILL MO                          235253 0
 LATT=  37.30 LONG= -89.97 YEARS= 40. TYPE= 3
 ELEVATION =  440. TP5 = 2.50 TP6= 5.95
 MEAN P    .42   .46   .53   .55   .50   .54   .59   .55   .59   .54   .55   .52
 S DEV P   .56   .53   .76   .65   .60   .62   .69   .60   .63   .61   .74   .67
 SKEW  P  3.24  2.23  4.82  2.24  2.73  2.77  2.18  2.28  1.59  2.22  4.20  3.20
 P(W/W)    .38   .38   .40   .42   .46   .37   .34   .40   .33   .39   .45   .45
 P(W/D)    .20   .21   .27   .23   .25   .20   .19   .16   .17   .17   .21   .20
 TMAX AV 43.08 48.79 59.62 70.04 77.49 85.35 89.04 88.42 81.48 71.17 57.78 46.20
 TMIN AV 22.65 26.68 35.38 44.42 53.56 61.75 66.12 64.28 55.84 43.78 35.15 26.15
 SD TMAX 11.82 12.31 11.53  9.46  7.07  5.89  5.32  5.68  7.52  8.95 10.79 10.87
 SD TMIN 12.63 12.01 11.26 10.68  9.08  7.09  5.58  6.46  9.09 10.64 11.14 11.99
 SOL.RAD  162.  233.  320.  409.  477.  520.  530.  487.  394.  288.  187.  143.
 SD SOL   26.1  33.3  33.4  41.0  47.6  36.9  37.5  28.4  30.7  29.0  29.7  16.9
 MX .5 P   .66   .58   .85  1.03  1.29  1.24  1.54  1.48  1.02   .82   .74   .50
 DEW PT  24.42 27.41 35.74 44.39 55.04 63.37 67.70 66.70 58.71 46.37 36.71 28.09
Time Pk   .498  .662  .740  .816  .834  .844  .928  .952  .962  .974  .990 1.000
% N       6.46  5.26  4.67  5.00  5.43  3.56  3.06  6.03  5.12  5.37  2.82  4.61
MEAN      4.58  4.87  4.85  4.61  3.76  3.34  3.53  3.53  3.77  4.23  4.78  3.97
STD DEV   1.78  2.11  1.96  1.89  1.60  1.50  1.54  1.51  1.77  1.91  3.22  1.77
SKEW       .12   .42   .26   .42   .78   .51   .16   .39   .71   .50   .90   .20
% NNE    10.77 14.84  8.90  9.76 11.09  7.50  7.04 12.80 17.00 12.18  4.32  9.65
MEAN      3.90  4.29  4.36  4.40  3.97  3.58  3.42  3.66  3.87  4.07  4.10  3.86
STD DEV   1.65  1.88  1.75  1.60  1.46  1.49  1.53  1.66  1.58  1.81  2.03  1.61
SKEW       .48   .47   .29   .06   .37   .41   .69   .54   .31   .52   .64   .37
% NE      3.65  3.29  3.91  4.72  4.20  3.46  3.53  5.18  4.91  2.76  1.23  4.89
MEAN      3.06  3.16  3.77  3.77  3.53  3.11  2.75  3.15  3.52  2.88  3.25  3.58
STD DEV   1.44  1.34  1.52  1.62  1.35  1.29  1.12  1.50  1.56  1.36  1.60  1.36
SKEW       .20   .55   .23   .36   .34   .66   .47   .71   .76   .92  1.17   .37
% ENE     4.85  5.78  5.61  6.23  6.83  4.48  5.56  7.85  6.25  3.65  3.10  3.60
MEAN      2.86  3.37  3.71  3.62  3.39  3.17  3.26  3.03  3.44  3.16  3.31  3.17
STD DEV   1.35  1.64  1.81  1.38  1.33  1.25  1.27  1.46  1.52  2.03  1.67  1.32
SKEW       .44   .34   .69   .49   .50   .30   .23  1.11   .69  1.24   .75   .31
% E       1.74  2.99  3.16  3.24  2.97  2.28  2.71  2.72  2.21  2.70  1.64  1.39
MEAN      3.17  2.57  2.84  3.55  2.94  3.01  2.72  2.80  2.94  2.36  3.29  2.32
STD DEV   1.68  1.11  1.31  1.28  1.40  1.89  1.27  1.86  1.21   .98  1.64  1.03
SKEW       .29   .49  1.41   .11   .68  1.77   .75  2.21   .02  1.03   .37   .46
% ESE     2.75  3.97  3.55  3.23  2.46  2.70  2.84  2.94  2.75  3.37  2.27  2.53
MEAN      2.83  2.87  3.90  3.50  2.66  2.85  3.04  2.72  3.09  2.75  3.40  2.81
STD DEV   1.40  1.25  1.68  1.46  1.10  1.21  1.19  1.18  1.28  1.14  1.43  1.25
SKEW       .50   .75   .62   .62   .76  1.08   .51   .39   .02   .41   .13   .18
% SE      1.72  2.75  2.48  2.51  1.67  2.53  2.89  1.95  1.79  2.70  2.03  2.11
MEAN      2.94  3.41  3.59  3.59  2.92  2.74  2.83  3.22  2.74  2.97  2.94  3.07
STD DEV   1.27  2.21  1.95  1.44  1.79  1.24  1.18  1.57  1.23  1.14  1.56  1.34
SKEW       .74  1.22   .64   .25  1.02   .82   .78   .45   .49   .48   .50   .53
% SSE     5.71  7.87  8.70  7.97  6.54  7.46  6.33  6.11  5.98  6.99  6.09  7.99
MEAN      3.02  3.75  5.19  4.24  3.81  3.25  3.47  3.36  3.96  3.88  4.41  3.84
STD DEV   1.40  1.99  2.29  1.71  1.88  1.28  1.40  1.33  1.69  1.88  2.39  2.17
SKEW       .76  1.23   .42   .63   .67   .21   .28   .55   .61   .43  1.35  1.17
% S       8.39  8.02  9.56 10.25  8.37  9.80  9.29  5.62  7.19 12.61 10.75 10.62
MEAN      4.37  4.54  5.63  4.83  4.23  3.79  3.42  3.28  4.16  4.41  4.85  4.76
STD DEV   2.30  2.28  2.85  1.76  2.10  1.62  1.40  1.73  1.97  1.94  2.20  2.34
SKEW       .64   .48   .38   .39   .71   .39   .11  1.65   .90   .57   .74  1.22
% SSW    13.63 10.95 14.20 13.41 13.13 16.43 17.46  7.73 11.11  9.68 16.11 16.73
MEAN      4.86  5.10  5.62  5.62  4.71  4.36  4.01  3.43  4.55  4.20  5.22  4.73
STD DEV   2.32  2.59  2.58  2.24  2.09  1.87  1.49  1.40  2.02  1.76  2.19  2.14
SKEW       .73   .62   .42   .30   .48   .40   .20   .21   .68   .43   .75   .66
% SW      3.68  2.19  3.26  2.69  3.85  4.88  5.19  4.42  4.21  3.72  6.00  4.77
MEAN      4.03  4.01  5.28  5.30  3.92  3.71  3.64  3.27  3.72  3.49  4.09  3.89
STD DEV   2.24  2.39  3.17  2.72  1.91  1.76  1.70  1.51  1.62  1.98  2.14  1.72
SKEW       .85   .34   .82   .61   .54   .82   .75   .40   .76  1.05  1.48   .44
% WSW     6.14  4.12  4.73  3.32  5.66  9.31  6.65  4.78  4.60  5.32 10.13  5.23
MEAN      4.71  5.03  5.75  5.37  3.94  4.05  3.74  3.45  3.71  3.68  4.36  5.44
STD DEV   2.83  2.65  3.22  3.57  2.22  1.99  1.63  1.57  1.76  1.84  2.24  3.32
SKEW       .84   .69   .64  1.17  1.23   .95   .67   .49   .52   .69  1.04   .58
% W       1.83  2.43  2.76  2.19  2.58  2.53  1.59  1.70  1.56  2.13  4.14  2.67
MEAN      4.35  4.44  6.31  5.76  4.40  3.79  3.31  3.11  3.31  3.48  4.56  5.03
STD DEV   2.43  2.42  3.02  3.71  2.98  1.81  1.44  1.41  1.69  1.92  2.27  2.81
SKEW       .66   .53   .02   .58   .88  1.28   .40  -.03   .61   .74   .88   .34
% WNW     7.07  6.02  7.81  6.32  4.65  5.44  3.09  3.94  3.40  5.11  9.71  5.83
MEAN      4.66  4.70  5.77  5.51  4.62  3.84  3.28  3.47  3.43  3.76  5.23  4.16
STD DEV   2.31  2.30  2.75  2.46  2.55  1.85  1.49  1.88  1.71  2.07  2.27  2.07
SKEW       .61   .48   .64   .57   .78  1.12  1.21   .84   .91   .96   .82   .85
% NW      4.31  3.70  4.07  4.75  3.42  3.20  2.19  3.38  2.69  3.01  5.93  4.70
MEAN      4.47  5.27  5.38  5.14  4.30  3.49  2.97  3.10  3.51  2.99  5.24  4.15
STD DEV   2.18  2.53  3.02  2.19  3.63  1.92  1.41  1.71  1.75  1.49  2.14  1.65
SKEW       .82   .09   .45   .31  2.36   .70   .57   .87   .66   .85   .29   .35
% NNW    13.51  7.87  8.89 10.53  7.97  4.80  5.24  7.69  8.38  8.38  7.71  8.36
MEAN      5.12  5.05  4.99  4.87  3.98  3.60  3.72  3.55  3.94  4.67  5.20  4.66
STD DEV   1.97  2.24  2.48  1.82  1.67  1.52  1.85  1.64  2.08  2.36  2.20  2.01
SKEW       .11   .31   .61   .30   .46   .42  1.40   .58   .47   .24   .73   .00
CALM      3.91  7.90  3.62  3.88  9.27  9.62 15.33 15.18 10.91 10.30  6.04  4.28
 
INTERPOLATED DATA (station & weighting factor)
 
---Wind Stations---
ADVANCE       MO     .642  FARMINGTON    MO     .226  PADUCAH       KY     .133
---Solar Radiation and Max .5 P Stations---
 MO ADVANCE 1 S      .607   MO FARMINGTON       .205   IL MURPHYSBORO 2 S  .187 
---Dewpoint Stations---
TN DYERSBURG MUNI A  .348  MO ST LOUIS SPRT OF  .329  MO ST LOUIS LAMBERT  .323 
---Time Peak Stations---
MO ADVANCE 1 S       .584  MO FARMINGTON        .220  IL MURPHYSBORO 2 SW  .196 
