 WAPPAPELLO DAM MO                       238700 0
 LATT=  36.92 LONG= -90.28 YEARS= 40. TYPE= 3
 ELEVATION =  470. TP5 = 2.50 TP6= 6.31
 MEAN P    .44   .43   .42   .50   .42   .42   .48   .43   .49   .48   .48   .49
 S DEV P   .69   .53   .72   .57   .56   .57   .58   .56   .65   .60   .64   .59
 SKEW  P  4.09  1.87  9.08  1.85  2.52  2.68  2.36  2.28  2.09  2.31  2.98  2.33
 P(W/W)    .43   .37   .42   .45   .48   .43   .40   .42   .42   .46   .50   .42
 P(W/D)    .18   .17   .25   .22   .26   .23   .19   .17   .15   .17   .19   .17
 TMAX AV 43.71 49.12 59.12 70.80 78.63 87.01 91.30 90.19 82.67 71.39 59.10 47.54
 TMIN AV 22.72 26.93 36.50 46.48 56.14 64.98 69.03 67.14 59.01 46.27 36.81 26.97
 SD TMAX 12.27 12.73 11.94  9.88  8.03  6.41  6.04  6.11  8.08  9.29 10.92 10.19
 SD TMIN 11.57 10.61  9.73  8.85  7.49  5.82  4.72  5.06  7.55  8.54  9.56  9.97
 SOL.RAD  165.  237.  325.  416.  487.  522.  532.  498.  399.  292.  191.  145.
 SD SOL   24.5  32.7  32.5  38.3  44.7  26.7  38.2  24.8  28.1  29.8  27.7  16.3
 MX .5 P   .69   .54   .80   .99  1.29  1.50  1.47  1.21  1.16   .85   .83   .61
 DEW PT  24.84 27.85 36.14 44.42 55.28 63.85 67.85 66.56 59.00 46.28 36.71 28.56
Time Pk   .460  .630  .690  .780  .800  .820  .920  .930  .950  .960  .980 1.000
% N       6.65  5.15  4.83  5.15  5.77  3.75  3.55  6.34  6.07  5.88  3.06  4.60
MEAN      4.57  4.78  4.79  4.52  3.74  3.24  3.42  3.40  3.58  4.06  4.72  3.85
STD DEV   1.84  2.13  1.96  1.86  1.63  1.49  1.51  1.45  1.70  1.91  3.16  1.78
SKEW       .14   .47   .24   .44   .76   .58   .25   .47   .81   .62   .87   .30
% NNE    10.70 14.78  8.75  9.78 11.13  7.70  7.62 13.26 17.39 12.43  4.69  9.64
MEAN      3.93  4.28  4.25  4.39  3.99  3.54  3.39  3.63  3.80  4.11  4.11  3.90
STD DEV   1.65  1.89  1.74  1.62  1.49  1.52  1.54  1.67  1.58  1.89  2.03  1.71
SKEW       .46   .49   .28   .03   .42   .41   .71   .59   .38   .53   .60   .44
% NE      3.72  3.62  4.18  4.71  4.07  3.48  3.86  5.30  5.10  2.96  1.60  4.98
MEAN      3.13  3.25  3.79  3.77  3.51  3.13  2.77  3.14  3.48  2.93  3.33  3.65
STD DEV   1.48  1.37  1.58  1.66  1.40  1.32  1.16  1.50  1.59  1.40  1.66  1.44
SKEW       .21   .52   .23   .37   .34   .64   .48   .68   .83   .92  1.21   .41
% ENE     4.61  5.59  5.44  6.12  6.47  4.15  5.49  7.53  5.87  3.46  2.92  3.37
MEAN      2.87  3.35  3.75  3.65  3.35  3.16  3.17  2.99  3.34  3.16  3.23  3.17
STD DEV   1.37  1.65  1.84  1.40  1.36  1.30  1.24  1.43  1.49  2.02  1.63  1.36
SKEW       .45   .39   .69   .47   .55   .40   .28  1.00   .74  1.27   .81   .32
% E       1.50  2.64  2.79  2.97  2.62  1.97  2.51  2.43  1.87  2.44  1.44  1.16
MEAN      3.25  2.62  2.84  3.50  2.92  3.00  2.77  2.82  2.92  2.35  3.21  2.40
STD DEV   1.71  1.11  1.34  1.29  1.38  1.86  1.28  1.83  1.20   .99  1.57  1.12
SKEW       .32   .45  1.41   .13   .66  1.70   .72  2.10   .05   .98   .34   .59
% ESE     2.57  3.86  3.56  3.32  2.58  2.60  2.97  3.13  2.83  3.23  2.09  2.39
MEAN      2.82  2.95  3.93  3.59  2.77  2.87  3.04  2.79  3.06  2.73  3.34  2.87
STD DEV   1.38  1.32  1.69  1.53  1.17  1.23  1.21  1.20  1.27  1.17  1.43  1.28
SKEW       .51   .86   .54   .68   .84  1.02   .45   .38   .04   .44   .20   .14
% SE      2.06  2.95  2.92  2.78  2.10  2.78  3.26  2.49  2.32  2.92  2.21  2.47
MEAN      2.98  3.57  3.64  3.60  3.01  2.79  2.87  3.28  2.82  2.94  2.99  3.09
STD DEV   1.28  2.24  1.96  1.49  1.81  1.29  1.22  1.63  1.29  1.15  1.60  1.35
SKEW       .76  1.22   .67   .38   .99   .89   .79   .52   .50   .49   .55   .54
% SSE     6.74  8.69  9.65  8.80  7.18  8.05  6.96  6.78  6.28  7.54  6.84  8.74
MEAN      3.13  3.82  5.19  4.31  3.83  3.33  3.50  3.36  3.94  3.83  4.35  3.85
STD DEV   1.44  1.98  2.29  1.75  1.92  1.32  1.44  1.34  1.68  1.83  2.32  2.14
SKEW       .73  1.17   .41   .67   .71   .24   .30   .59   .59   .40  1.30  1.18
% S       9.31  8.38  9.62 10.38  8.39 10.21  9.78  5.99  7.51 12.93 10.94 11.35
MEAN      4.39  4.45  5.48  4.73  4.17  3.76  3.37  3.26  4.09  4.28  4.70  4.63
STD DEV   2.26  2.22  2.81  1.76  2.10  1.66  1.41  1.73  1.96  1.92  2.16  2.28
SKEW       .68   .50   .46   .42   .75   .46   .17  1.58   .91   .63   .76  1.25
% SSW    12.95 10.84 13.31 12.40 12.31 16.61 16.55  7.39 10.36  8.95 14.98 15.69
MEAN      4.93  5.07  5.53  5.65  4.77  4.42  4.03  3.40  4.53  4.17  5.10  4.61
STD DEV   2.33  2.58  2.65  2.29  2.19  1.92  1.49  1.40  2.03  1.80  2.20  2.14
SKEW       .76   .66   .48   .32   .53   .40   .17   .21   .64   .44   .80   .69
% SW      3.07  1.94  2.98  2.44  3.90  4.92  4.66  3.88  3.70  3.32  5.59  4.53
MEAN      3.99  3.90  5.16  5.23  3.86  3.70  3.65  3.28  3.66  3.41  4.01  3.77
STD DEV   2.25  2.36  3.09  2.73  1.95  1.77  1.70  1.51  1.62  1.95  2.15  1.71
SKEW       .86   .42   .79   .61   .75   .82   .72   .37   .81  1.06  1.53   .50
% WSW     5.57  3.90  4.41  3.01  5.46  8.89  6.40  4.43  4.23  4.89  9.42  4.91
MEAN      4.52  4.90  5.60  5.25  3.84  3.98  3.70  3.35  3.60  3.62  4.24  5.17
STD DEV   2.70  2.62  3.14  3.57  2.19  1.94  1.63  1.53  1.65  1.82  2.24  3.19
SKEW       .85   .83   .67  1.19  1.23   .92   .62   .45   .42   .67  1.10   .61
% W       1.57  2.44  2.68  2.09  2.60  2.48  1.56  1.47  1.39  1.99  3.95  2.69
MEAN      4.22  4.34  6.36  5.68  4.27  3.63  3.20  3.07  3.29  3.47  4.43  4.90
STD DEV   2.39  2.39  3.04  3.77  2.92  1.74  1.43  1.39  1.69  1.89  2.22  2.74
SKEW      1.03   .58  -.02   .69  1.01  1.26   .47  -.03   .65   .75   .85   .41
% WNW     7.00  6.18  8.00  6.60  4.78  5.30  2.99  3.85  3.39  4.93  9.41  6.18
MEAN      4.77  4.71  5.85  5.60  4.63  3.73  3.23  3.46  3.34  3.75  5.11  4.21
STD DEV   2.37  2.34  2.77  2.55  2.61  1.81  1.48  1.87  1.67  2.10  2.22  2.07
SKEW       .62   .55   .64   .57   .80  1.06  1.17   .76   .96   .99   .83   .84
% NW      4.40  3.76  4.25  5.10  3.43  3.26  2.29  3.33  2.79  3.21  6.36  4.65
MEAN      4.47  5.19  5.38  5.08  4.17  3.43  2.89  2.98  3.37  2.97  5.16  4.12
STD DEV   2.18  2.54  3.00  2.23  3.55  1.90  1.39  1.63  1.72  1.53  2.16  1.69
SKEW       .88   .14   .44   .31  2.31   .77   .64   .98   .73   .89   .32   .36
% NNW    13.51  7.63  8.97 10.60  8.11  4.77  5.18  7.77  8.61  8.53  7.95  8.21
MEAN      5.12  5.13  5.04  4.91  3.97  3.56  3.61  3.49  3.87  4.62  5.14  4.65
STD DEV   1.99  2.29  2.47  1.89  1.72  1.53  1.83  1.61  2.09  2.38  2.21  2.04
SKEW       .15   .37   .63   .31   .47   .41  1.41   .56   .52   .31   .80   .03
CALM      4.15  7.65  3.62  3.78  9.18  9.04 14.41 14.70 10.31 10.39  6.54  4.46
 
INTERPOLATED DATA (station & weighting factor)
 
---Wind Stations---
ADVANCE       MO     .604  FARMINGTON    MO     .244  WALNUT RIDGE  AR     .152
---Solar Radiation and Max .5 P Stations---
 MO WAPPAPELLO DAM  1.000   MO CLEARWATER DAM   .000   TN SAMBURG WILDLIF  .000 
---Dewpoint Stations---
TN DYERSBURG MUNI A  .427  MO WAYNESVILLE REGN  .291  MO ST LOUIS SPRT OF  .282 
---Time Peak Stations---
MO WAPPAPELLO DAM   1.000  MO ADVANCE 1 S       .000  MO FARMINGTON        .000 
