 WAYNESBORO 1 E MS                       229439 0
 LATT=  31.68 LONG= -88.62 YEARS= 40. TYPE= 4
 ELEVATION =  220. TP5 = 3.20 TP6= 8.16
 MEAN P    .64   .67   .78   .71   .64   .57   .51   .47   .64   .53   .65   .65
 S DEV P   .78   .78   .84   .82   .79   .68   .57   .67   .87   .67   .75   .75
 SKEW  P  2.64  3.46  1.77  2.42  3.24  2.76  2.24  5.90  2.75  1.98  2.05  1.92
 P(W/W)    .46   .35   .38   .35   .42   .45   .47   .45   .48   .40   .41   .39
 P(W/D)    .22   .23   .19   .17   .18   .22   .27   .21   .16   .12   .17   .19
 TMAX AV 58.59 63.26 71.42 77.89 84.38 90.17 92.10 91.79 87.33 78.62 69.24 60.84
 TMIN AV 35.10 37.96 44.52 50.62 58.97 66.18 69.39 68.78 63.23 50.52 42.01 36.46
 SD TMAX 10.86 10.66  9.46  7.21  5.63  4.78  4.32  4.42  5.88  7.47  8.63 10.40
 SD TMIN 12.07 11.24 10.62  9.70  7.66  5.13  3.33  3.87  7.48 10.71 11.45 12.08
 SOL.RAD  221.  289.  374.  467.  524.  513.  513.  483.  416.  344.  259.  213.
 SD SOL   30.5  33.7  27.6  39.9  44.5  36.7  34.6  33.0  37.1  37.7  26.5  21.0
 MX .5 P  1.18  1.22  1.61  1.59  1.70  1.92  2.11  1.82  1.59  1.38  1.47  1.20
 DEW PT  39.13 41.84 47.84 54.55 62.78 69.25 72.01 71.54 66.78 56.07 48.31 41.84
Time Pk   .374  .532  .620  .724  .750  .764  .902  .922  .942  .962  .986 1.000
% N      12.04 10.29  8.45  6.97  7.09  5.38  4.60  7.12 10.64 11.46 11.75 10.92
MEAN      4.52  4.51  4.35  4.02  3.66  3.14  3.21  3.05  3.42  3.76  4.08  4.19
STD DEV   1.99  2.03  1.87  1.66  1.57  1.29  1.39  1.27  1.51  1.73  1.76  1.80
SKEW       .77   .61   .61   .74   .71   .73  1.03  1.00   .93   .87   .71   .75
% NNE     5.39  5.43  4.45  3.64  3.68  3.30  2.93  3.98  6.22  5.90  4.89  4.97
MEAN      3.85  3.90  4.00  3.76  3.68  3.22  3.18  2.99  3.40  3.48  3.62  3.70
STD DEV   1.58  1.60  1.68  1.55  1.51  1.26  1.30  1.19  1.37  1.47  1.45  1.48
SKEW       .67   .62   .82   .60   .59   .71   .82   .80   .79   .84   .77   .57
% NE      4.44  4.72  4.78  3.27  3.68  4.03  4.29  6.00  8.43  7.16  4.66  4.79
MEAN      3.34  3.76  3.63  3.46  3.24  3.15  3.12  2.95  3.36  3.23  3.34  3.27
STD DEV   1.31  1.51  1.42  1.36  1.29  1.20  1.29  1.10  1.30  1.24  1.30  1.32
SKEW       .79   .59   .56   .63   .60   .65   .74   .72   .76   .67   .68   .65
% ENE     2.43  2.79  2.76  1.98  2.39  3.19  2.69  3.82  5.80  4.12  2.42  2.75
MEAN      3.23  3.40  3.43  3.13  3.33  3.13  3.11  3.09  3.41  3.25  3.07  3.05
STD DEV   1.17  1.23  1.27  1.14  1.27  1.25  1.31  1.22  1.33  1.34  1.14  1.11
SKEW       .58   .48   .57   .43   .70   .90   .79   .86   .71   .90   .59   .60
% E       4.19  4.55  4.73  3.96  4.58  5.52  5.29  5.78  9.37  7.23  4.42  5.17
MEAN      3.08  3.58  3.40  3.19  3.16  3.06  2.96  2.97  3.38  3.26  3.18  3.27
STD DEV   1.23  1.52  1.38  1.30  1.29  1.29  1.25  1.19  1.39  1.27  1.20  1.32
SKEW       .77   .73   .83   .86   .68  1.38   .94   .85   .70   .58   .64   .77
% ESE     3.53  2.88  3.19  3.33  3.26  3.02  2.56  2.53  3.97  3.33  3.31  3.82
MEAN      3.20  3.61  3.69  3.54  3.32  3.17  2.96  2.99  3.41  3.43  3.32  3.45
STD DEV   1.22  1.48  1.55  1.42  1.38  1.37  1.23  1.21  1.44  1.36  1.23  1.35
SKEW       .64   .64   .58   .51   .70   .99   .92   .88   .78   .62   .47   .43
% SE      5.19  4.48  5.38  6.09  4.64  3.88  4.07  3.74  5.00  3.95  4.98  5.40
MEAN      3.53  3.91  4.08  3.82  3.41  3.09  2.85  2.80  3.30  3.33  3.59  3.68
STD DEV   1.43  1.72  1.83  1.63  1.45  1.32  1.19  1.13  1.47  1.41  1.53  1.55
SKEW       .64   .78   .87   .78   .72   .92   .89   .81  1.18   .70   .97   .63
% SSE     6.07  5.28  6.24  7.31  5.50  3.96  3.29  3.06  2.87  2.19  4.75  5.39
MEAN      3.95  4.17  4.48  4.13  3.52  3.04  2.75  2.77  3.16  3.24  3.96  4.15
STD DEV   1.66  1.80  1.88  1.73  1.45  1.25  1.14  1.15  1.43  1.45  1.81  1.74
SKEW       .63   .63   .59   .67   .64   .71  1.10  1.00  1.12   .87   .83   .59
% S       9.57  9.61 11.85 15.14 11.47  9.29  8.78  7.26  5.16  4.25  7.54  8.14
MEAN      4.05  4.36  4.73  4.29  3.69  3.17  2.84  2.79  3.06  3.07  3.83  4.00
STD DEV   1.79  2.09  2.18  1.96  1.67  1.38  1.26  1.15  1.36  1.34  1.81  1.82
SKEW       .70   .75   .77   .81   .65   .83  1.26   .97  1.05   .91   .79   .76
% SSW     5.08  5.53  6.08  7.90  6.50  6.34  6.17  4.24  2.25  1.99  3.98  4.42
MEAN      4.39  4.57  4.87  4.48  3.91  3.30  3.01  3.05  3.15  3.02  3.94  4.24
STD DEV   1.88  2.12  2.14  1.92  1.78  1.45  1.28  1.32  1.38  1.32  1.80  1.99
SKEW       .50   .78   .40   .52   .68   .89  1.03   .88  1.02   .91   .62   .70
% SW      3.86  4.99  4.26  5.52  6.07  6.66  7.68  5.42  2.70  2.57  3.31  3.62
MEAN      4.20  4.49  4.44  4.27  3.60  3.36  3.22  2.89  2.93  3.06  3.78  4.11
STD DEV   2.04  2.08  2.05  2.00  1.66  1.46  1.46  1.24  1.29  1.36  1.76  1.97
SKEW       .76   .77   .55   .62   .81   .72   .98   .92   .73   .84   .68   .75
% WSW     2.07  2.91  2.62  2.75  2.94  3.63  4.63  2.86  1.25  1.44  1.80  2.19
MEAN      4.21  4.55  4.86  4.38  3.61  3.33  3.30  2.89  2.83  3.24  3.55  4.02
STD DEV   1.93  2.11  2.27  2.08  1.55  1.39  1.40  1.16  1.16  1.34  1.50  1.81
SKEW       .61   .59   .53   .67   .48   .59   .72   .70   .91   .50   .60   .52
% W       3.95  5.79  6.08  4.53  5.04  5.47  7.58  5.37  2.54  3.44  4.19  4.61
MEAN      4.26  4.34  4.81  4.28  3.45  3.30  3.30  2.92  2.80  3.06  3.51  3.99
STD DEV   2.09  2.15  2.35  2.12  1.63  1.38  1.41  1.16  1.16  1.42  1.68  1.90
SKEW       .87   .78   .63   .78   .96   .71   .81   .71   .78   .97   .93   .54
% WNW     3.54  4.48  4.39  2.85  2.70  2.87  3.25  2.73  1.79  2.40  3.66  3.60
MEAN      4.56  4.82  5.05  4.51  3.76  3.28  3.33  3.11  2.89  3.42  4.29  4.37
STD DEV   2.23  2.28  2.27  2.07  1.80  1.35  1.43  1.38  1.15  1.55  1.92  2.00
SKEW       .76   .53   .43   .61   .76   .69  1.01  1.40   .69  1.00   .65   .43
% NW      5.98  5.93  5.89  4.32  3.59  3.55  3.74  4.23  3.63  5.41  6.45  6.12
MEAN      4.91  4.69  4.86  4.35  3.61  3.20  3.23  2.95  2.95  3.41  4.21  4.29
STD DEV   2.17  2.19  2.24  2.02  1.82  1.39  1.33  1.27  1.38  1.62  1.92  2.06
SKEW       .45   .56   .44   .61  1.03  1.00   .66   .94  1.18  1.18   .60   .55
% NNW     6.55  5.84  4.77  4.03  3.19  2.94  2.50  3.19  3.91  5.59  5.50  5.71
MEAN      4.95  4.78  4.66  4.41  3.65  3.11  3.04  2.80  3.30  3.75  4.15  4.39
STD DEV   2.22  2.19  2.06  1.94  1.68  1.33  1.23  1.12  1.56  1.67  1.99  1.98
SKEW       .64   .48   .53   .51   .80  1.01   .80   .77  1.13   .71   .79   .55
CALM     16.13 14.47 14.17 16.39 23.75 26.99 25.93 28.60 24.47 27.53 22.36 18.25
 
INTERPOLATED DATA (station & weighting factor)
 
---Wind Stations---
MERIDIAN      MS     .380  MERIDIAN      MS     .380  MOBILE        AL     .239
---Solar Radiation and Max .5 P Stations---
 MS LEAKESVILLE      .405   AL JACKSON          .358   MS RALEIGH 6 N      .237 
---Dewpoint Stations---
MS MERIDIAN KEY FLD  .469  AL MOBILE RGNL AP    .293  MS BILOXI KEESLER A  .238 
---Time Peak Stations---
MS LEAKESVILLE       .400  AL JACKSON           .357  MS RALEIGH 6 N       .243 
