 GRASS RANGE MT                          243727 0
 LATT=  47.02 LONG=-108.80 YEARS= 40. TYPE= 3
 ELEVATION = 3490. TP5 = 1.39 TP6= 2.45
 MEAN P    .13   .10   .15   .23   .34   .28   .23   .24   .22   .22   .15   .14
 S DEV P   .15   .09   .17   .28   .43   .36   .29   .30   .27   .26   .14   .16
 SKEW  P  2.54  1.61  2.08  2.04  2.25  2.50  2.67  3.57  3.47  2.20  1.79  2.68
 P(W/W)    .31   .31   .34   .41   .52   .48   .40   .38   .37   .33   .35   .33
 P(W/D)    .12   .11   .14   .17   .22   .24   .21   .15   .14   .13   .11   .11
 TMAX AV 37.60 41.04 49.01 58.61 67.66 76.08 84.77 83.35 73.59 61.17 47.03 38.36
 TMIN AV 13.04 15.72 22.71 30.70 39.23 46.86 52.28 50.72 42.25 33.03 21.82 14.24
 SD TMAX 16.16 15.14 13.47 12.43 11.06  9.79  8.16  7.95 11.29 12.66 14.54 15.53
 SD TMIN 15.76 14.13 11.28  7.97  7.02  6.38  5.91  6.20  7.28  8.78 12.27 14.54
 SOL.RAD  112.  190.  300.  405.  500.  530.  576.  496.  356.  232.  135.  102.
 SD SOL   15.5  22.3  34.9  48.8  44.1  43.9  40.2  30.7  28.5  23.1  19.3  11.1
 MX .5 P   .23   .22   .24   .30   .47   .66   .69   .64   .35   .27   .23   .20
 DEW PT  12.12 14.56 20.37 26.75 35.75 44.67 47.04 44.67 36.89 28.89 19.37 12.93
Time Pk   .590  .759  .821  .889  .892  .892  .978  .982  .982  .990  .990 1.000
% N       3.62  3.02  3.81  4.23  4.92  5.00  5.58  5.07  4.93  3.19  1.94  3.07
MEAN      3.37  3.88  4.25  4.33  4.15  3.83  3.78  3.63  3.80  3.59  3.82  3.41
STD DEV   1.91  2.40  2.31  2.30  2.15  2.00  1.98  1.86  1.91  1.87  2.12  1.94
SKEW       .90   .90   .67   .59   .64   .81   .87   .77   .72   .66   .53  1.01
% NNE     2.20  1.77  2.73  2.72  2.82  2.92  3.33  2.83  2.82  2.01   .68  1.62
MEAN      3.40  3.47  3.95  4.31  4.16  3.93  3.49  3.47  3.52  3.45  2.83  2.59
STD DEV   1.50  1.72  1.95  2.13  2.06  1.94  1.66  1.71  1.60  1.56  1.48  1.15
SKEW       .31   .43   .62   .69   .49   .92   .89   .65  1.01   .51  1.06   .59
% NE      2.45  3.31  3.94  2.91  4.82  4.73  5.53  5.00  3.31  2.44  1.29  1.64
MEAN      2.58  2.37  3.05  3.19  3.11  3.20  2.91  2.86  2.86  2.35  2.21  2.30
STD DEV   1.32  1.25  1.48  1.52  1.61  1.51  1.36  1.31  1.42  1.13  1.15  1.08
SKEW       .91   .81   .73   .62   .96   .69   .79   .82   .94   .74  1.03  1.10
% ENE     1.63  1.93  2.38  2.74  2.89  2.47  3.03  2.84  2.00  1.40  1.22  1.57
MEAN      4.35  3.16  3.72  3.86  4.26  3.75  3.87  3.47  3.33  2.92  2.95  2.64
STD DEV   2.03  1.47  1.95  1.97  2.10  1.86  1.95  1.53  1.46  1.38  1.42  1.22
SKEW       .63   .68   .67   .65   .75   .64   .67   .63   .37   .70   .51   .69
% E       4.64  5.88  6.89  9.24 10.91 10.36 11.18 10.81  7.89  5.92  4.95  4.22
MEAN      3.50  4.20  4.54  5.11  5.00  4.58  4.09  4.03  3.93  3.65  3.47  3.33
STD DEV   1.94  2.36  2.47  2.71  2.68  2.29  2.16  2.14  2.06  1.92  1.92  1.82
SKEW       .96   .68   .52   .48   .52   .38   .65   .71   .64   .89   .96   .72
% ESE     2.95  3.27  4.60  7.34  8.68  6.81  7.72  7.73  6.61  5.15  3.98  3.15
MEAN      3.01  3.14  4.01  4.79  4.89  4.18  3.99  3.99  3.44  3.41  3.08  2.97
STD DEV   1.57  1.42  2.17  2.53  2.68  2.15  2.07  2.11  1.83  1.79  1.52  1.33
SKEW       .80   .71   .97   .72   .99   .65   .73  1.08  1.09  1.17   .89   .98
% SE      4.78  4.57  5.26  6.41  7.48  6.47  7.25  8.19  7.30  6.81  5.59  4.69
MEAN      2.26  2.30  2.45  2.95  3.21  2.98  2.73  2.85  2.53  2.34  2.37  2.36
STD DEV   1.10  1.15  1.09  1.64  1.76  1.68  1.50  1.61  1.21  1.08   .99  1.14
SKEW       .95   .83   .95  1.34  1.13  1.15  1.32  1.50  1.28  1.08   .78   .89
% SSE     1.96  2.01  1.93  2.48  2.34  3.13  3.14  3.60  3.21  2.80  2.62  2.55
MEAN      2.71  2.77  2.56  3.25  3.11  3.15  2.99  3.06  2.82  2.73  2.70  2.61
STD DEV   1.21  1.11  1.14  1.72  1.68  1.36  1.48  1.36  1.21  1.11  1.26  1.09
SKEW       .83   .39   .63  1.44  1.07   .75  1.34  1.01   .55   .59  1.61   .37
% S       5.36  6.99  4.49  3.90  4.26  4.18  4.49  4.88  5.48  5.16  5.20  6.05
MEAN      3.18  2.95  3.01  3.35  2.95  2.91  2.90  2.78  2.88  2.94  2.85  2.99
STD DEV   1.83  1.57  1.40  1.80  1.45  1.40  1.54  1.30  1.41  1.39  1.23  1.59
SKEW      1.45  1.35  1.02  1.36   .84  1.01  1.24  1.15   .77  1.25   .92  1.23
% SSW     3.57  4.32  3.53  2.57  2.07  2.78  2.56  2.58  2.92  3.55  3.40  4.03
MEAN      5.48  5.62  4.79  4.48  3.96  3.60  3.42  3.56  3.60  4.36  4.40  4.71
STD DEV   3.16  3.14  2.54  2.57  2.05  1.80  1.71  1.78  1.94  2.38  2.35  2.62
SKEW       .70   .58   .70  1.39   .73  1.13   .68   .95   .75   .82   .64   .76
% SW     19.96 18.66 15.61 10.20  8.31  9.23  7.24  8.41  9.54 15.44 18.85 20.58
MEAN      6.47  6.14  5.51  4.89  4.36  4.11  3.67  3.82  4.37  5.18  5.87  6.20
STD DEV   3.05  2.86  2.68  2.46  2.31  2.20  1.92  2.11  2.32  2.57  2.80  2.85
SKEW       .33   .33   .32   .65   .80  1.33   .95  1.27   .90   .57   .48   .43
% WSW    12.57 11.50  9.49  7.77  6.70  6.89  5.77  6.20  7.58 10.92 14.94 14.58
MEAN      6.34  6.29  5.78  5.56  5.23  4.93  4.40  4.78  4.99  5.68  6.12  6.15
STD DEV   2.88  3.15  3.00  2.67  2.67  2.48  2.24  2.35  2.36  2.78  2.95  2.87
SKEW       .35   .55   .85   .88   .68   .67   .84   .70   .72   .68   .89   .82
% W      12.79 11.89 11.70 10.12  9.03 10.80  9.11  9.61 10.24 11.66 12.99 11.72
MEAN      4.83  4.95  5.34  5.59  5.16  4.99  4.20  4.29  4.70  4.92  5.12  5.03
STD DEV   2.66  2.76  3.22  3.22  2.90  2.63  2.36  2.29  2.65  2.75  2.93  2.81
SKEW       .97   .99  1.04   .93   .80   .68  1.11  1.01  1.10   .84  1.06  1.11
% WNW     7.21  6.81  7.73  8.98  7.08  7.37  5.54  5.13  7.60  7.81  8.01  7.00
MEAN      6.02  6.10  6.34  6.81  6.47  5.75  5.13  4.97  5.61  6.10  6.56  6.32
STD DEV   3.18  3.29  3.25  3.09  3.13  2.72  2.58  2.49  2.74  3.04  3.18  3.18
SKEW       .75  1.00   .53   .37   .46   .47   .75   .71   .62   .43   .71   .42
% NW      6.32  6.43  7.87  9.89  9.48  8.08  8.30  7.83  9.08  7.67  7.11  5.56
MEAN      5.65  5.43  5.62  6.46  5.75  4.95  4.81  4.59  5.23  5.41  6.09  5.59
STD DEV   3.18  2.99  2.84  3.12  2.98  2.57  2.62  2.70  2.85  3.02  2.98  3.09
SKEW       .51   .54   .48   .30   .49   .57   .65  1.08   .54   .46   .18   .51
% NNW     2.30  1.77  2.59  3.95  3.24  3.80  3.75  3.23  3.50  2.50  1.72  1.94
MEAN      4.66  5.07  5.73  5.82  5.23  4.75  4.85  4.79  4.81  4.59  5.50  4.24
STD DEV   2.65  2.68  3.18  2.77  2.52  2.29  2.35  2.31  2.30  2.38  2.65  2.37
SKEW       .85   .81   .65   .35   .33   .48   .52   .55   .35   .43   .30   .59
CALM      5.68  5.83  5.48  4.54  5.01  4.99  6.41  6.10  5.92  5.59  5.45  5.98
 
INTERPOLATED DATA (station & weighting factor)
 
---Wind Stations---
LEWISTON      MT     .616  CUSTER        MT     .218  HAVRE         MT     .166
---Solar Radiation and Max .5 P Stations---
 MT LEWISTOWN 2 SW   .659   MT ABSAROKEE        .188   MT FT PECK PWR PLA  .152 
---Dewpoint Stations---
MT LEWISTOWN MUNI A  .627  MT BILLINGS INTL AP  .226  MT GLASGOW INTL AP   .147 
---Time Peak Stations---
MT LEWISTOWN 2 SW    .662  MT ABSAROKEE         .187  MT FT PECK PWR PLAN  .151 
