 FORT PECK POWER PLANT M                 243176 0
 LATT=  48.02 LONG=-106.40 YEARS= 40. TYPE= 3
 ELEVATION = 2070. TP5 = 2.00 TP6= 3.01
 MEAN P    .06   .06   .09   .15   .24   .24   .28   .21   .17   .17   .08   .07
 S DEV P   .07   .09   .14   .22   .37   .36   .41   .35   .29   .24   .09   .08
 SKEW  P  3.09  3.44  4.65  2.84  3.07  3.89  2.99  3.92  3.60  3.12  1.95  2.69
 P(W/W)    .29   .26   .30   .41   .47   .42   .35   .30   .40   .36   .32   .33
 P(W/D)    .11   .09   .11   .13   .24   .29   .19   .16   .15   .11   .10   .12
 TMAX AV 26.46 33.25 44.97 59.62 70.57 79.87 88.18 86.84 75.55 61.03 43.09 30.79
 TMIN AV  5.90 11.82 21.54 33.18 43.56 52.32 57.62 55.78 46.13 36.12 22.65 10.40
 SD TMAX 16.15 15.19 13.92 12.02 10.50  8.93  7.70  8.20 10.94 11.55 14.21 15.30
 SD TMIN 15.78 15.01 12.27  8.52  7.94  6.81  6.22  6.86  7.88  8.89 12.81 14.87
 SOL.RAD  102.  184.  314.  410.  513.  544.  584.  501.  359.  222.  123.   90.
 SD SOL   18.3  25.5  36.4  48.2  40.8  46.4  55.6  39.8  29.3  15.1  18.8  13.2
 MX .5 P   .35   .20   .20   .23   .48   .74  1.03   .80   .41   .28   .20   .20
 DEW PT   7.29 12.15 20.81 27.83 37.04 46.96 50.08 47.16 39.06 30.75 19.92 10.96
Time Pk   .550  .740  .800  .850  .860  .860  .970  .980  .980  .990  .990 1.000
% N       4.81  4.02  5.19  5.44  5.45  5.00  5.24  5.19  5.18  3.81  3.82  2.55
MEAN      5.40  5.44  5.13  5.86  5.92  4.94  4.66  4.88  5.33  4.95  5.09  4.52
STD DEV   2.75  2.96  2.71  2.93  2.72  2.33  2.29  2.39  2.83  2.59  2.51  2.31
SKEW       .92   .88   .69   .53   .47   .67  1.03   .96   .69   .91   .68   .69
% NNE     2.34  2.22  3.46  3.66  3.62  4.10  4.23  4.17  3.20  2.72  2.10  2.06
MEAN      4.37  3.90  4.58  5.57  4.80  4.77  4.21  4.23  4.15  4.27  4.16  3.84
STD DEV   2.58  2.19  2.78  2.85  2.41  2.29  2.13  2.20  2.22  2.20  2.17  2.22
SKEW      1.30  1.47  1.35   .65   .64   .65  1.08   .79  1.03   .85   .77  1.11
% NE      2.43  2.58  3.07  3.56  3.39  4.08  4.24  4.43  2.84  2.30  2.33  2.25
MEAN      3.86  3.85  4.72  5.57  5.18  4.81  4.28  4.28  4.24  4.50  4.60  3.62
STD DEV   1.97  2.20  2.87  2.84  2.47  2.34  2.00  2.17  2.33  2.39  2.60  1.93
SKEW       .92  1.21  1.26   .84   .68   .74   .88   .93   .88   .69   .76  1.39
% ENE     2.37  2.92  3.33  4.24  4.79  4.47  4.59  4.76  3.47  2.44  2.27  2.15
MEAN      4.19  4.70  4.78  5.54  5.42  5.07  4.50  4.48  4.74  4.45  4.71  3.70
STD DEV   1.99  2.49  2.65  2.95  2.64  2.55  2.10  2.00  2.58  2.24  2.47  1.77
SKEW       .66   .74  1.07   .80   .80   .83   .95   .72   .94   .80  1.02   .73
% E       7.35  6.79  7.11  8.71  8.55  7.43  7.78  7.80  7.11  4.40  5.01  6.49
MEAN      4.51  5.11  4.89  6.24  5.73  5.21  4.68  4.74  4.95  4.42  4.23  4.67
STD DEV   2.17  2.66  2.29  3.16  2.92  2.52  2.00  1.98  2.49  2.27  2.11  2.26
SKEW       .57   .69   .56   .71   .83   .78   .64   .66   .89  1.02  1.06   .65
% ESE    12.40 12.51 12.83 10.23 11.54  9.21 10.92 10.54  9.91  8.88  9.47 11.88
MEAN      5.02  5.28  5.32  5.77  6.08  5.49  5.17  5.15  5.23  4.55  4.64  5.18
STD DEV   2.29  2.46  2.45  2.64  2.65  2.58  2.24  2.16  2.41  2.19  2.16  2.32
SKEW       .51   .53   .76   .63   .57   .72   .58   .50   .57   .94   .76   .52
% SE      5.27  6.31  7.78  7.93  9.73  8.17  9.07  8.53  7.90  7.14  6.60  5.90
MEAN      4.03  4.21  4.90  5.37  5.92  5.29  4.79  4.99  4.65  4.44  4.15  3.78
STD DEV   1.97  1.96  2.25  2.42  2.76  2.57  2.13  2.17  2.11  2.08  1.84  1.74
SKEW       .93   .75   .63   .63   .71  1.00   .66   .42   .58   .63   .66   .90
% SSE     2.89  3.49  4.05  4.83  5.19  5.18  5.29  4.31  5.82  5.40  4.81  3.29
MEAN      3.35  3.44  4.14  4.84  5.07  4.66  4.52  4.51  4.40  3.96  3.63  3.56
STD DEV   1.52  1.68  2.05  2.25  2.29  2.14  2.18  2.12  2.11  1.92  1.59  1.73
SKEW       .95   .86   .86   .56   .51   .61   .67   .63   .74   .73   .82   .88
% S       2.59  2.63  3.13  3.96  4.07  4.00  4.39  3.76  4.15  4.71  4.15  2.79
MEAN      3.05  3.16  3.66  4.26  4.74  4.31  4.03  3.95  4.00  3.83  3.61  3.13
STD DEV   1.35  1.37  1.70  2.07  2.28  1.93  1.87  1.98  1.88  1.80  1.53  1.45
SKEW       .90   .75   .68   .81   .76   .61   .67   .78   .61   .75   .55  1.03
% SSW     1.93  2.16  2.06  2.53  2.07  2.54  2.12  2.20  2.76  3.09  3.13  2.44
MEAN      3.26  3.05  3.40  3.95  4.16  4.06  3.55  3.45  3.66  3.48  3.45  3.28
STD DEV   1.51  1.35  1.46  1.96  1.75  1.67  1.50  1.48  1.50  1.38  1.44  1.23
SKEW      1.13   .81   .99  1.10   .60   .60   .59   .63   .56   .60   .62   .33
% SW      2.53  2.56  2.15  2.30  2.29  2.88  2.21  2.55  2.55  3.36  3.48  2.93
MEAN      3.39  3.21  3.64  3.84  4.14  4.26  3.60  3.77  3.72  3.57  3.34  3.23
STD DEV   1.49  1.33  1.60  1.79  2.07  2.06  1.81  1.86  1.71  1.65  1.48  1.46
SKEW       .77  1.03  1.01   .82   .79  1.08  1.75   .93   .83   .83  1.23   .98
% WSW     5.01  3.83  3.45  4.16  3.00  4.94  3.31  4.35  4.07  5.63  5.24  4.78
MEAN      4.05  3.72  4.29  4.61  4.87  5.09  4.17  4.41  4.19  4.12  4.01  3.79
STD DEV   1.89  1.60  2.04  2.12  2.33  2.47  1.94  2.23  2.18  1.87  1.91  1.63
SKEW      1.16   .88   .82   .69   .64   .85   .75   .89  1.08   .96  1.41   .90
% W      10.10  9.11  8.11  8.21  8.37  9.87  7.44  8.07  8.14 10.50 10.53  9.85
MEAN      4.96  4.66  5.19  5.80  5.80  5.72  4.98  5.02  5.48  5.17  4.88  4.74
STD DEV   2.39  2.36  2.69  2.88  3.00  2.78  2.47  2.49  3.03  2.62  2.53  2.36
SKEW       .89  1.14   .89   .82  1.00   .74  1.07   .74  1.09  1.04  1.24  1.00
% WNW    11.84 11.89 10.64 10.29  9.41  9.58 10.36  9.46 10.28 13.40 13.37 13.36
MEAN      5.49  5.01  5.74  6.45  6.56  6.08  5.43  5.60  5.84  5.95  5.74  5.74
STD DEV   2.89  2.73  3.05  3.36  3.18  2.90  2.65  2.79  3.04  3.14  3.03  2.95
SKEW      1.03  1.15   .84   .79   .63   .74   .97   .68   .76   .88   .98   .86
% NW     10.96 11.61 10.58  8.64  7.98  7.61  7.57  7.59  9.02  9.83 10.56 11.85
MEAN      5.62  5.58  5.67  6.54  6.39  5.61  5.41  5.30  5.87  5.87  5.98  6.15
STD DEV   3.17  3.28  2.89  3.50  3.22  2.93  2.72  2.80  3.11  3.25  3.24  3.40
SKEW       .92  1.11   .67   .77   .66   .74   .82   .80   .76   .81   .66   .83
% NNW     6.97  6.78  6.70  7.29  6.32  5.39  5.25  5.65  6.56  5.60  5.80  5.90
MEAN      5.96  5.86  5.74  6.40  6.30  5.17  5.18  5.15  6.10  5.83  5.93  5.65
STD DEV   2.99  3.04  2.98  3.00  2.94  2.40  2.48  2.50  2.96  3.27  3.06  2.91
SKEW       .79   .73   .64   .47   .56   .60   .61   .58   .61  1.15   .75   .70
CALM      8.09  8.63  6.31  4.11  4.23  5.60  5.91  6.67  7.05  6.85  7.42  9.47
 
INTERPOLATED DATA (station & weighting factor)
 
---Wind Stations---
GLASGOW       MT     .465  GLASGOW       MT     .465  MILES CITY    MT     .071
---Solar Radiation and Max .5 P Stations---
 MT FT PECK PWR PLA 1.000   MT LEWISTOWN 2 SW   .000                            
---Dewpoint Stations---
MT GLASGOW INTL AP   .814  ND WILLISTON SLOULI  .102  MT LEWISTOWN MUNI A  .083 
---Time Peak Stations---
MT FT PECK PWR PLAN  .991  MT LEWISTOWN 2 SW    .009                            
