 CONRAD MT                               241974 0
 LATT=  48.17 LONG=-111.97 YEARS= 40. TYPE= 3
 ELEVATION = 3520. TP5 = 1.20 TP6= 2.00
 MEAN P    .08   .08   .12   .19   .23   .26   .18   .18   .18   .14   .10   .09
 S DEV P   .10   .08   .16   .26   .30   .36   .23   .26   .25   .18   .11   .12
 SKEW  P  3.08  2.16  3.08  2.65  2.65  2.80  2.56  3.19  3.12  2.29  2.39  3.36
 P(W/W)    .39   .36   .39   .44   .48   .49   .36   .38   .41   .33   .41   .38
 P(W/D)    .12   .12   .14   .14   .21   .25   .17   .17   .14   .11   .11   .11
 TMAX AV 33.38 37.38 45.70 56.97 65.98 73.32 81.61 80.37 70.86 58.55 43.18 34.25
 TMIN AV  8.97 12.54 19.53 28.37 37.71 45.25 49.98 48.07 39.58 29.80 18.41 10.78
 SD TMAX 16.43 15.93 13.99 12.02 10.19  8.86  7.65  8.42 11.24 12.52 14.74 15.67
 SD TMIN 16.49 14.85 11.97  8.62  7.34  6.35  6.10  5.91  7.58  9.34 13.34 15.46
 SOL.RAD  115.  197.  319.  411.  505.  538.  578.  487.  356.  227.  128.   98.
 SD SOL    9.9  23.6  31.6  44.9  46.3  49.4  41.7  31.6  26.3  17.3  14.7   9.7
 MX .5 P   .25   .25   .24   .31   .39   .63   .53   .42   .29   .28   .20   .21
 DEW PT  13.51 15.77 21.54 27.54 35.77 44.03 46.29 44.29 38.03 30.03 21.28 14.77
Time Pk   .573  .733  .797  .857  .863  .867  .980  .980  .983  .983  .997 1.000
% N       4.24  4.47  5.04  5.84  5.44  4.91  5.71  5.78  5.48  3.45  3.45  3.24
MEAN      3.89  4.25  4.39  4.91  4.50  4.07  3.75  3.85  4.24  4.11  4.24  3.76
STD DEV   2.04  2.30  2.38  2.45  2.29  2.04  1.75  1.84  2.25  2.12  2.18  1.96
SKEW       .93   .86   .88   .57   .79   .85   .87   .91   .74   .88   .73   .87
% NNE     2.85  2.83  3.23  3.90  4.00  3.59  3.87  3.75  3.28  2.61  1.88  2.20
MEAN      3.35  3.39  3.43  4.30  3.89  3.95  3.64  3.51  3.73  3.42  3.58  2.97
STD DEV   1.67  1.58  1.53  2.05  1.82  1.86  1.62  1.49  1.74  1.60  1.75  1.32
SKEW      1.17   .76   .67   .59   .70   .77   .92   .70   .91   .86   .80   .82
% NE      3.86  4.13  4.61  5.79  5.95  5.66  6.06  6.07  5.22  3.78  2.16  2.93
MEAN      3.11  3.21  3.41  4.27  3.89  4.01  3.51  3.56  3.42  3.23  3.12  2.92
STD DEV   1.38  1.39  1.49  2.04  1.78  1.90  1.46  1.54  1.48  1.38  1.40  1.29
SKEW       .92   .53   .65   .63   .68   .83   .56   .58   .61   .67   .69   .87
% ENE     2.00  1.76  2.14  2.79  3.98  3.64  4.05  3.79  3.08  2.19  1.30  1.74
MEAN      2.77  2.87  3.15  3.72  4.01  3.78  3.47  3.34  3.29  3.04  2.75  2.62
STD DEV   1.14  1.28  1.41  1.88  1.86  1.62  1.43  1.41  1.39  1.32  1.25  1.03
SKEW       .57   .72   .73  1.07   .72   .69   .51   .67   .60   .62   .63   .46
% E       1.68  1.90  2.13  2.69  3.75  3.55  4.20  3.41  2.56  1.93  1.46  1.52
MEAN      2.45  2.64  2.99  3.43  3.80  3.47  3.35  3.12  2.97  2.87  2.66  2.47
STD DEV   1.08  1.15  1.34  1.71  1.92  1.61  1.49  1.30  1.31  1.20  1.16  1.03
SKEW       .85   .63   .73  1.10   .92   .74   .75   .57   .58   .49   .64   .74
% ESE     1.38  1.40  1.76  1.85  2.84  2.48  2.92  2.41  1.98  1.54  1.10  1.37
MEAN      2.41  2.73  2.87  3.38  4.02  3.60  3.28  3.26  3.22  2.71  2.59  2.47
STD DEV    .89  1.16  1.20  1.51  2.27  1.74  1.48  1.54  1.46  1.00   .97  1.04
SKEW       .35   .58   .58   .68  1.31   .83   .81   .75   .79   .33   .28   .55
% SE      1.03  1.14  1.62  2.08  2.69  2.79  2.98  2.43  1.90  1.37  1.14  1.13
MEAN      2.39  2.54  2.77  3.26  3.64  3.35  3.31  3.08  3.09  2.75  2.48  2.37
STD DEV   1.07  1.10  1.22  1.42  1.79  1.50  1.48  1.38  1.26  1.27   .98   .92
SKEW       .78   .33   .64   .49  1.05   .81   .84   .63   .42  1.07   .70   .38
% SSE      .99  1.07  1.49  1.82  2.11  2.18  2.57  2.11  1.63  1.21   .99   .90
MEAN      2.85  3.69  2.88  3.36  3.44  3.39  3.32  3.13  3.11  3.07  2.86  2.62
STD DEV   1.54  1.96  1.24  1.54  1.61  1.43  1.56  1.41  1.35  1.40  1.23  1.18
SKEW      1.01   .59   .57   .71   .76   .65   .95  1.01   .72  1.27  1.10  1.14
% S       2.97  2.99  3.75  3.93  4.01  4.33  4.84  4.04  4.38  3.57  3.66  3.14
MEAN      4.68  4.70  4.48  4.25  3.77  3.53  3.64  3.49  3.70  3.91  4.65  4.77
STD DEV   3.05  3.00  2.57  2.30  1.93  1.73  1.87  1.85  1.98  2.18  2.82  2.84
SKEW       .99  1.05   .87   .91  1.03   .99   .97  1.07  1.13   .93  1.07   .78
% SSW     8.65  8.22  8.00  6.81  5.44  5.83  5.86  5.67  7.11  8.43  9.88  9.13
MEAN      6.42  6.30  5.44  5.15  4.41  4.34  3.98  3.90  4.33  5.31  5.87  6.23
STD DEV   3.09  3.03  2.54  2.40  2.07  2.07  1.96  1.75  1.97  2.53  2.72  2.97
SKEW       .63   .58   .59   .68   .83   .86   .91   .79   .91   .72   .61   .59
% SW     28.61 25.10 19.76 15.95 12.24 14.03 12.19 13.77 17.34 24.20 28.32 29.32
MEAN      6.95  6.81  6.08  5.81  5.09  5.13  4.50  4.63  5.14  6.02  6.63  6.98
STD DEV   2.97  2.98  2.72  2.58  2.45  2.38  2.23  2.15  2.37  2.51  2.85  2.87
SKEW       .53   .54   .72   .67   .81   .71  1.12   .76   .75   .57   .85   .58
% WSW    14.01 15.74 14.69 14.21 12.61 13.51 10.90 12.09 13.24 16.42 16.34 16.01
MEAN      6.55  6.78  6.56  6.53  5.86  5.68  4.87  5.03  5.51  6.33  6.80  6.89
STD DEV   3.07  3.24  2.99  3.02  2.88  2.64  2.39  2.49  2.86  2.84  3.15  3.17
SKEW       .57   .64   .44   .64   .74   .68   .98   .87  1.03   .55   .57   .62
% W       7.38  8.83  9.98 10.77 11.47 11.31  9.89 10.85 10.25 10.08  9.04  8.36
MEAN      5.27  5.66  6.10  6.31  5.76  5.37  4.75  4.78  5.18  5.74  5.76  5.52
STD DEV   2.98  3.15  3.17  3.26  2.92  2.66  2.51  2.44  2.85  3.08  3.22  2.99
SKEW       .89   .77   .56   .74   .63   .63  1.03  1.01   .90   .84   .72   .75
% WNW     4.52  5.17  5.61  6.17  7.31  7.22  6.36  7.03  5.81  5.07  4.64  4.50
MEAN      4.13  4.87  5.12  5.41  5.35  5.13  4.76  4.72  4.80  4.97  4.86  4.40
STD DEV   2.12  2.63  2.63  2.76  2.82  2.51  2.24  2.19  2.43  2.56  2.67  2.39
SKEW       .81  1.06   .73  1.14   .95   .72   .64   .65   .82   .76   .84   .83
% NW      4.58  4.50  4.73  5.10  5.49  4.94  5.15  5.36  5.10  3.81  4.13  4.08
MEAN      4.22  4.45  4.81  5.10  4.82  4.47  4.36  4.22  4.60  4.69  4.41  4.68
STD DEV   2.10  2.20  2.47  2.35  2.33  2.18  2.16  2.00  2.31  2.40  2.15  2.39
SKEW       .82   .92   .77   .56   .68   .81   .84   .77   .78   .81   .65   .78
% NNW     3.91  3.81  4.46  5.04  4.46  3.58  4.16  3.85  4.41  3.11  3.22  3.19
MEAN      4.65  4.75  5.27  5.54  4.84  4.36  4.18  4.04  4.89  4.58  4.73  4.63
STD DEV   2.33  2.45  2.69  2.64  2.30  2.19  2.02  1.94  2.42  2.34  2.34  2.46
SKEW       .73   .98   .66   .54   .59   .71   .80   .89   .72   .74   .60   .89
CALM      7.36  6.98  7.06  5.25  6.29  6.43  8.29  7.59  7.24  7.13  7.31  7.20
 
INTERPOLATED DATA (station & weighting factor)
 
---Wind Stations---
GREAT FALLS   MT     .399  GREAT FALLS   MT     .399  HELENA        MT     .202
---Solar Radiation and Max .5 P Stations---
 MT CHOTEAU          .661   MT AUGUSTA          .339                            
---Dewpoint Stations---
MT GREAT FALLS INTL  .485  MT HAVRE CITY CO AP  .258  MT KALISPELL GLACIE  .257 
---Time Peak Stations---
MT CHOTEAU           .661  MT AUGUSTA           .339                            
