 POLSON KERR DAM MT                      246640 0
 LATT=  47.68 LONG=-114.25 YEARS= 40. TYPE= 3
 ELEVATION = 2730. TP5 = 1.05 TP6= 1.77
 MEAN P    .09   .09   .09   .13   .19   .20   .18   .17   .16   .13   .09   .10
 S DEV P   .11   .10   .11   .17   .26   .27   .24   .20   .20   .20   .12   .12
 SKEW  P  3.71  2.89  2.98  2.74  3.24  3.85  2.61  2.33  2.16  5.72  3.26  4.13
 P(W/W)    .55   .48   .49   .51   .55   .58   .40   .41   .50   .49   .58   .53
 P(W/D)    .26   .22   .25   .24   .27   .27   .17   .16   .17   .20   .26   .26
 TMAX AV 33.12 38.58 47.92 57.78 66.01 72.77 83.40 82.90 72.10 57.26 41.20 33.09
 TMIN AV 21.13 23.08 28.19 34.33 41.41 47.92 53.31 52.53 44.62 35.53 27.78 21.81
 SD TMAX 10.35  9.56  8.71  8.72  8.54  8.27  8.07  7.97  9.13  9.06  9.47  9.74
 SD TMIN 10.63  9.93  7.23  6.32  6.34  5.61  5.41  5.52  6.24  7.20  8.71  9.76
 SOL.RAD   97.  177.  308.  396.  479.  509.  577.  498.  356.  210.  105.   74.
 SD SOL   11.6  23.4  36.8  55.3  43.4  46.9  59.0  33.7  36.0  22.1  17.9  11.1
 MX .5 P   .26   .23   .24   .27   .36   .48   .41   .42   .35   .28   .27   .29
 DEW PT  19.21 21.60 26.08 30.42 37.14 44.34 46.82 44.96 40.00 32.80 25.69 19.69
Time Pk   .690  .840  .885  .933  .933  .933  .978  .978  .983  .988  .993 1.000
% N       4.86  5.11  5.70  6.81  7.15  7.64  7.44  7.16  6.94  5.35  5.15  5.23
MEAN      3.05  3.01  3.13  3.54  3.33  3.35  3.35  3.39  3.26  2.81  2.90  2.91
STD DEV   1.97  1.98  1.87  2.01  1.77  1.79  1.72  1.74  1.93  1.64  1.82  1.83
SKEW      1.21  1.33   .97   .96   .83   .98   .83   .89  1.24  1.27  1.26  1.31
% NNE     3.31  3.00  3.74  4.15  4.08  3.52  3.69  4.00  3.97  3.01  2.19  2.59
MEAN      4.08  3.30  4.32  4.78  4.10  3.48  3.93  3.04  4.06  2.76  2.84  3.32
STD DEV   2.64  2.25  2.63  2.00  1.71  1.56  1.74  1.65  2.15  1.81  2.15  2.29
SKEW       .62   .70   .61   .54   .35  2.30   .51   .40   .47   .70  1.45   .89
% NE      3.08  3.05  3.70  4.73  4.77  4.55  4.57  4.14  4.36  3.10  2.75  3.09
MEAN      3.19  2.72  3.33  3.20  3.13  3.01  2.67  2.93  2.97  2.63  2.72  2.84
STD DEV   2.11  1.74  2.01  1.86  1.72  1.69  1.42  1.69  1.67  1.63  1.76  1.74
SKEW      1.17   .99   .97   .94   .99   .99  1.24  1.29  1.24  1.33  1.19  1.31
% ENE     1.00  1.18  1.25  1.76  1.50  1.47  1.42  1.46  1.49  1.34  1.19  1.16
MEAN      1.64  1.92  3.12  3.24  2.31  2.70  1.88  1.86  2.04  1.60  2.45  2.68
STD DEV    .97  1.29  1.73  1.73  1.40  1.15   .93   .94  1.21   .84   .72  1.10
SKEW      1.03  1.01  2.59   .77   .77  2.55   .77   .73   .83  1.62   .85  1.09
% E       4.06  4.24  3.94  3.79  3.65  3.47  3.52  3.32  3.92  3.63  3.94  4.39
MEAN      2.52  2.60  2.75  2.73  2.80  2.54  2.42  2.38  2.50  2.23  2.29  2.33
STD DEV   1.48  1.43  1.51  1.36  1.53  1.24  1.19  1.24  1.28  1.12  1.18  1.24
SKEW      1.20  1.00  1.06   .96  1.04  1.14  1.22  1.26  1.13  1.32   .95   .92
% ESE     3.12  2.92  2.83  2.46  2.32  2.46  2.43  2.46  2.56  2.23  2.62  2.61
MEAN      2.84  2.89  3.43  3.47  3.14  3.28  3.03  2.93  2.70  2.74  2.87  2.75
STD DEV   1.38  1.42  1.83  1.65  1.47  1.58  1.32  1.32  1.16  1.14  1.39  1.30
SKEW       .45   .59  1.14   .69   .91   .85   .72   .77   .93   .61  1.22   .98
% SE     14.69 13.77 12.48 11.62 11.32 10.91 10.01 10.12 10.93 11.23 13.46 15.49
MEAN      3.32  3.48  3.36  3.28  3.22  3.13  2.81  2.80  2.87  2.78  2.77  3.10
STD DEV   1.94  1.82  1.77  1.73  1.72  1.61  1.43  1.42  1.48  1.58  1.62  1.81
SKEW       .96   .82  1.02   .93  1.07   .88   .96  1.11  1.02  1.19  1.43  1.05
% SSE     5.30  5.76  6.38  6.11  6.03  6.52  5.53  5.43  5.00  4.82  4.51  4.35
MEAN      4.11  3.76  3.75  3.73  3.74  3.73  3.46  3.53  3.51  3.34  3.75  3.86
STD DEV   1.85  1.75  1.56  1.67  1.62  1.45  1.45  1.52  1.53  1.50  1.81  1.85
SKEW       .72   .83   .56   .86   .49   .45   .46   .77   .88   .65   .84   .54
% S      10.63 10.70 11.78 10.96 11.00 11.46 10.28 10.57 10.94 11.84 11.17 11.34
MEAN      3.33  3.05  3.19  3.26  3.26  3.10  3.00  3.13  3.00  2.85  3.01  3.05
STD DEV   1.70  1.48  1.51  1.45  1.47  1.37  1.41  1.46  1.34  1.30  1.56  1.48
SKEW       .96   .88   .90   .82   .82   .84   .97   .86   .87   .92  1.17   .89
% SSW     3.00  3.39  3.55  3.13  2.86  3.10  2.77  2.91  2.87  3.15  2.99  3.28
MEAN      2.81  2.91  3.38  3.67  3.05  3.14  2.64  3.33  3.26  2.80  2.06  2.74
STD DEV   1.16  1.55  1.63  1.69  1.33  1.35  1.14  1.50  1.53  1.12  1.08  1.03
SKEW       .75   .74  1.02   .58   .88   .63   .47   .62   .87   .75   .63   .74
% SW      4.13  4.53  5.14  5.33  4.67  4.55  4.33  4.28  4.38  4.44  4.90  4.46
MEAN      2.63  2.89  3.29  3.69  3.53  3.38  3.00  3.11  3.24  2.94  2.71  2.45
STD DEV   1.43  1.71  1.92  2.05  2.01  1.80  1.64  1.80  1.93  1.71  1.59  1.30
SKEW      1.06  1.16   .95   .69  1.02   .90  1.21  1.41  1.34  1.22  1.36  1.21
% WSW     2.40  2.58  3.00  3.17  2.74  2.73  2.70  2.56  2.47  2.67  2.61  2.47
MEAN      2.43  2.21  3.34  4.29  3.91  4.18  4.01  3.90  2.53  2.31  2.02  1.76
STD DEV   1.11  1.46  1.93  2.29  1.93  1.61  1.56  1.54  1.59  1.39  1.28  1.02
SKEW      1.22   .91   .51   .44   .47  2.17  2.39   .66   .64   .78  1.03  1.09
% W       4.50  4.81  5.18  5.98  6.71  5.81  6.55  5.84  6.24  5.84  5.35  4.56
MEAN      2.33  2.70  3.01  3.80  3.46  3.38  3.36  3.23  3.15  2.81  2.44  2.46
STD DEV   1.32  1.76  1.92  2.30  2.08  1.85  1.84  1.78  1.90  1.65  1.36  1.68
SKEW      1.80  1.39  1.22   .95  1.13   .80   .85  1.02  1.15  1.13  1.42  2.26
% WNW     2.82  3.42  3.75  3.88  3.97  4.00  4.39  4.23  3.55  3.66  3.29  2.89
MEAN      2.71  2.82  3.49  3.80  3.57  3.73  4.02  4.09  3.64  3.27  2.97  2.96
STD DEV   1.41  1.47  1.77  1.95  1.72  1.76  1.92  1.88  1.81  1.52  1.40  1.56
SKEW      1.49  1.65  1.04   .83   .75   .80   .86   .85   .99  1.44  1.34  1.56
% NW      8.97 10.73 11.88 13.19 14.12 14.53 14.67 14.91 12.85 10.71  9.40  7.72
MEAN      2.61  2.69  3.04  3.47  3.54  3.46  3.44  3.55  3.24  2.86  2.76  2.67
STD DEV   1.43  1.50  1.61  1.88  1.85  1.77  1.81  1.89  1.75  1.43  1.47  1.52
SKEW      1.32  1.29  1.15  1.05  1.12   .91  1.15  1.11  1.25   .94  1.23  1.74
% NNW     2.91  3.18  3.10  3.75  4.12  4.17  4.37  4.37  3.74  3.08  2.90  2.59
MEAN      2.80  2.96  3.26  3.41  3.41  3.50  3.63  3.57  3.17  3.28  2.32  2.05
STD DEV   1.43  1.42  1.58  1.48  1.47  1.60  1.55  1.64  1.46  1.62  1.04  1.02
SKEW       .68   .97  1.42   .71   .80   .56   .53   .45  1.20   .68   .92   .67
CALM     21.27 17.59 12.54  9.25  8.94  9.18 11.39 12.17 13.77 19.92 21.58 21.78
 
INTERPOLATED DATA (station & weighting factor)
 
---Wind Stations---
KALISPELL     MT     .365  SUPERIOR      MT     .345  MISSOULA      MT     .290
---Solar Radiation and Max .5 P Stations---
 MT SWAN LAKE        .485   MT SEELEY LAKE RS   .258   MT ST REGIS CLARK   .257 
---Dewpoint Stations---
MT KALISPELL GLACIE  .480  MT MISSOULA INTL AP  .382  WA SPOKANE           .139 
---Time Peak Stations---
MT SWAN LAKE         .493  MT ST REGIS CLARK F  .256  MT SEELEY LAKE RS    .252 
