 TOWNSEND MT                             248324 0
 LATT=  46.32 LONG=-111.52 YEARS= 40. TYPE= 3
 ELEVATION = 3830. TP5 = 1.07 TP6= 1.69
 MEAN P    .07   .06   .10   .12   .16   .19   .16   .16   .15   .13   .08   .06
 S DEV P   .07   .08   .12   .13   .20   .24   .20   .20   .18   .15   .09   .07
 SKEW  P  2.90  3.08  2.43  2.94  2.83  3.24  3.11  3.14  2.50  2.04  2.44  2.24
 P(W/W)    .26   .26   .27   .34   .53   .55   .46   .38   .40   .33   .29   .24
 P(W/D)    .12   .10   .15   .19   .25   .28   .21   .22   .15   .11   .12   .13
 TMAX AV 34.47 39.64 49.47 58.85 67.18 74.76 83.25 82.08 72.57 59.95 44.26 34.34
 TMIN AV 13.05 16.14 23.63 31.02 39.16 46.51 51.57 49.08 40.67 31.49 21.91 13.25
 SD TMAX 13.29 13.25 11.56 10.98  9.92  9.25  7.61  7.72 10.27 11.14 12.79 13.09
 SD TMIN 14.73 13.56  9.68  7.71  6.87  6.06  5.31  5.69  7.26  8.30 12.32 14.04
 SOL.RAD  119.  199.  317.  395.  478.  522.  582.  504.  368.  229.  134.  100.
 SD SOL   12.7  22.6  38.4  69.8  47.7  52.2  46.3  30.9  25.9  24.0  17.1  12.4
 MX .5 P   .24   .31   .24   .27   .37   .48   .47   .55   .37   .24   .21   .22
 DEW PT  12.67 15.47 21.13 26.86 34.86 42.33 44.86 43.13 36.60 28.80 19.80 13.20
Time Pk   .557  .769  .839  .905  .905  .905  .982  .988  .988  .988  .992 1.000
% N       4.20  4.25  4.37  6.05  5.96  5.70  6.56  6.69  5.84  4.40  3.56  3.10
MEAN      2.99  3.29  3.71  4.32  4.05  3.67  3.49  3.53  3.62  3.29  3.24  2.80
STD DEV   1.87  2.10  2.17  2.30  2.14  1.95  1.82  1.86  2.07  2.09  1.91  1.68
SKEW      1.56  1.34   .82   .56   .88   .87  1.02  1.00   .87  1.67  1.03  1.68
% NNE     2.11  1.94  2.07  2.74  3.33  3.38  4.21  3.53  2.85  2.14  1.62  1.69
MEAN      2.46  2.56  2.50  3.55  3.38  3.32  3.21  3.15  3.05  2.51  2.67  2.41
STD DEV   1.09  1.30  1.10  1.86  1.61  1.56  1.38  1.35  1.49  1.16  1.30  1.13
SKEW       .73  1.14   .77   .75   .89   .81   .73   .59  1.16  1.05  1.00   .88
% NE      3.45  3.05  3.21  3.84  4.53  4.75  5.64  5.61  4.63  3.34  2.57  3.03
MEAN      2.27  2.38  2.55  3.03  3.09  3.06  2.96  3.03  2.70  2.46  2.33  2.27
STD DEV   1.06  1.07  1.18  1.41  1.48  1.42  1.31  1.35  1.17  1.11  1.07   .99
SKEW       .94   .71  1.25   .76   .93   .85   .78   .58   .82   .87   .75   .75
% ENE     1.65  1.50  1.68  1.91  2.69  2.69  2.92  2.69  2.27  1.61  1.26  1.44
MEAN      2.24  2.40  2.73  2.90  3.39  3.24  3.12  2.90  2.70  2.49  2.24  2.32
STD DEV    .90  1.10  1.20  1.32  1.63  1.52  1.39  1.22  1.24  1.02   .97   .87
SKEW       .97   .80   .91   .94   .97   .84   .82   .63  1.14   .60   .84   .68
% E       2.08  2.35  2.84  2.98  3.32  3.30  3.67  3.15  2.67  2.27  1.93  2.35
MEAN      2.21  2.46  2.81  3.15  3.46  3.17  3.05  2.84  2.74  2.71  2.36  2.20
STD DEV    .98  1.17  1.28  1.60  1.88  1.73  1.49  1.31  1.22  1.23  1.17   .98
SKEW       .82   .84   .90   .86  1.02  1.21  1.01   .76   .76   .60   .83   .90
% ESE     1.55  1.76  2.16  1.90  2.59  2.33  2.64  2.49  2.09  1.92  2.00  1.82
MEAN      2.28  2.74  2.97  3.20  3.89  3.36  3.17  3.20  3.14  2.78  2.51  2.38
STD DEV    .91  1.25  1.30  1.47  2.21  1.62  1.63  1.67  1.48  1.25  1.12  1.14
SKEW       .49   .62   .50   .95  1.15   .72  1.13  1.31   .82   .63   .77   .92
% SE      5.01  5.26  6.37  5.42  5.06  5.11  5.41  5.15  5.30  5.83  5.39  5.23
MEAN      2.40  2.55  2.92  3.26  3.48  3.22  3.27  3.12  3.01  2.76  2.51  2.52
STD DEV   1.13  1.23  1.35  1.59  1.81  1.58  1.65  1.53  1.41  1.29  1.16  1.17
SKEW      1.07   .70   .68   .74   .98   .79   .89   .80   .91   .61   .66   .74
% SSE     3.31  4.13  4.21  4.07  4.13  4.67  5.48  5.24  5.29  5.02  4.72  4.47
MEAN      3.19  3.51  3.08  3.64  3.60  3.38  3.45  3.31  3.09  2.97  2.91  2.85
STD DEV   1.77  1.85  1.28  1.65  1.75  1.52  1.74  1.64  1.34  1.34  1.38  1.32
SKEW      1.17   .86   .51   .68   .89   .82   .98  1.24   .64   .83   .91   .82
% S       7.45  7.23  6.71  5.65  5.54  5.93  6.93  7.22  6.69  7.33  8.38  8.63
MEAN      3.85  3.97  3.93  3.81  3.56  3.32  3.66  3.41  3.41  3.50  3.86  3.79
STD DEV   2.66  2.66  2.41  2.20  1.93  1.76  2.22  2.08  1.94  2.18  2.54  2.46
SKEW      1.08   .96   .87  1.20  1.08  1.11  1.10  1.31  1.17  1.10  1.05  1.15
% SSW     4.61  4.73  3.90  3.69  3.26  3.79  3.68  3.75  4.01  4.67  4.78  5.04
MEAN      4.09  4.17  3.81  4.03  3.46  3.60  3.32  3.10  3.18  4.04  3.80  3.91
STD DEV   2.61  2.50  2.14  2.27  1.79  1.94  1.87  1.40  1.59  2.59  2.30  2.24
SKEW      1.24  1.03  1.21  1.19  1.24  1.23  1.53   .82  1.46  1.35  1.22  1.15
% SW     13.03 11.98 10.20  9.37  7.21  7.44  6.89  7.46  9.00 10.72 11.70 12.31
MEAN      4.30  4.65  4.17  4.41  3.85  3.90  3.53  3.52  3.66  3.84  4.15  4.21
STD DEV   2.50  2.76  2.24  2.27  2.04  2.03  1.90  1.74  1.84  2.13  2.44  2.36
SKEW      1.01  1.06   .95   .85  1.04   .91  1.23   .78   .83  1.15  1.17  1.14
% WSW    10.84 11.31 11.04 10.43  9.43  9.87  8.79  9.11  9.79 11.35 11.48 11.69
MEAN      5.07  5.28  4.83  5.05  4.64  4.38  3.90  4.05  4.30  4.72  5.15  4.87
STD DEV   2.76  2.90  2.40  2.63  2.49  2.22  1.96  2.05  2.34  2.55  2.79  2.65
SKEW       .86   .82   .63   .79   .97   .93  1.15  1.07  1.14   .85   .70   .94
% W      11.97 12.96 14.32 14.07 13.77 13.19 10.71 11.01 11.75 12.71 13.21 12.46
MEAN      4.50  4.99  5.08  5.26  5.01  4.55  4.04  4.02  4.36  4.49  4.85  4.64
STD DEV   2.56  2.69  2.48  2.74  2.60  2.28  2.15  2.05  2.39  2.56  2.84  2.60
SKEW       .88   .75   .66   .90   .79   .76  1.13  1.00   .99  1.01   .79   .86
% WNW     8.31  8.63  8.87  9.85  9.70 10.08  7.94  8.15  8.22  8.16  8.15  8.14
MEAN      4.23  4.82  4.89  5.37  5.16  5.05  4.76  4.44  4.61  4.58  4.69  4.51
STD DEV   2.30  2.69  2.56  2.66  2.75  2.48  2.44  2.16  2.40  2.67  2.83  2.69
SKEW       .95   .95   .81   .60   .89   .60   .71   .88   .83   .91   .91  1.02
% NW      7.77  7.22  7.35  8.27  9.14  7.92  7.33  7.90  8.10  6.86  6.81  6.47
MEAN      3.62  3.90  4.29  4.51  4.31  3.96  4.04  3.88  4.06  3.69  3.61  3.53
STD DEV   2.13  2.29  2.28  2.25  2.26  2.09  2.12  2.05  2.20  2.14  2.19  2.13
SKEW      1.02  1.17   .74   .66   .95   .90   .90   .97   .85  1.12  1.10  1.20
% NNW     3.89  3.51  4.09  5.29  5.60  4.79  5.05  4.91  4.88  3.75  3.34  2.94
MEAN      3.66  4.04  4.54  4.95  4.41  4.10  3.95  3.81  4.17  3.62  3.61  3.53
STD DEV   2.20  2.46  2.59  2.41  2.24  2.20  2.12  1.94  2.29  1.97  2.20  1.99
SKEW      1.03  1.05   .61   .34   .63   .83   .94   .85   .84   .93  1.09  1.07
CALM      8.88  8.22  6.67  4.47  4.78  5.11  6.11  6.04  6.59  7.86  9.14  9.23
 
INTERPOLATED DATA (station & weighting factor)
 
---Wind Stations---
HELENA        MT     .506  BOZEMAN       MT     .305  GREAT FALLS   MT     .189
---Solar Radiation and Max .5 P Stations---
 MT TOWNSEND 12 ENE  .556   MT BOULDER          .224   MT LOGAN 2 W        .219 
---Dewpoint Stations---
MT HELENA RGNL AP    .471  MT BOZEMAN GALLATIN  .328  MT LIVINGSTON MUNI   .201 
---Time Peak Stations---
MT TOWNSEND 12 ENE   .575  MT BOULDER           .227  MT WHITE SULPHUR SP  .198 
