 TRYON NC                                318744 0
 LATT=  35.22 LONG= -82.23 YEARS= 40. TYPE= 3
 ELEVATION = 1080. TP5 = 2.47 TP6= 5.91
 MEAN P    .50   .49   .56   .48   .45   .44   .43   .50   .60   .55   .50   .49
 S DEV P   .67   .60   .76   .59   .66   .65   .64   .88   .94   .85   .64   .62
 SKEW  P  2.26  2.44  2.37  1.84  3.26  3.58  3.41  4.05  3.61  2.71  2.31  2.14
 P(W/W)    .52   .48   .52   .52   .57   .55   .55   .56   .58   .51   .51   .51
 P(W/D)    .26   .25   .27   .24   .27   .32   .32   .27   .21   .18   .22   .25
 TMAX AV 51.83 56.10 64.49 73.04 79.19 85.27 88.29 86.89 80.74 71.91 62.91 53.95
 TMIN AV 31.61 33.73 40.51 47.76 55.87 63.53 67.56 66.61 60.49 49.37 41.18 33.81
 SD TMAX 10.25 10.48 10.41  9.21  7.18  6.03  5.83  5.51  6.83  7.79  8.87  9.81
 SD TMIN  9.96  8.90  9.00  8.29  7.24  5.17  3.96  4.06  6.61  8.68  9.13  9.30
 SOL.RAD  201.  259.  358.  449.  504.  503.  511.  459.  385.  306.  219.  187.
 SD SOL   21.7  26.4  26.9  33.7  44.1  47.8  36.7  33.6  34.8  37.7  24.8  20.7
 MX .5 P   .64   .54   .84   .84  1.11  1.56  1.52  1.50  1.18   .78   .74   .53
 DEW PT  28.06 29.46 36.06 43.59 54.59 62.59 66.46 66.06 60.06 47.72 38.59 30.59
Time Pk   .468  .618  .692  .771  .787  .800  .922  .941  .952  .972  .984 1.000
% N       8.12  8.03  7.16  6.56  7.43  7.24  6.53  6.82  7.02  8.44  8.26  7.67
MEAN      4.51  4.34  4.20  4.11  3.53  3.30  3.18  2.96  3.27  3.60  3.98  4.24
STD DEV   2.11  2.03  1.94  1.92  1.66  1.44  1.30  1.17  1.55  1.66  1.89  2.07
SKEW       .63   .80   .77   .71  1.16  1.22  1.11   .97  1.57  1.19  1.14   .83
% NNE     3.30  2.97  3.13  2.77  3.59  4.05  3.52  3.85  5.14  6.14  4.57  3.75
MEAN      3.56  3.47  3.36  3.46  3.24  3.05  2.95  2.91  3.13  3.37  3.32  3.42
STD DEV   1.76  1.58  1.55  1.45  1.53  1.23  1.15  1.27  1.37  1.48  1.51  1.79
SKEW       .84   .89   .87   .94  1.24   .87   .77  1.38  1.01   .95  1.02  1.21
% NE      5.98  6.29  6.10  4.04  4.66  5.11  5.06  6.28  8.42  9.50  5.86  6.16
MEAN      3.21  2.95  3.19  3.41  3.19  2.72  2.77  2.82  3.09  3.11  2.79  2.94
STD DEV   1.56  1.19  1.23  1.61  1.46   .96  1.04  1.12  1.41  1.29  1.15  1.25
SKEW      1.06   .90   .55  1.32  1.50   .92   .88   .93  1.07   .91  1.29   .92
% ENE     2.84  3.96  3.02  2.17  2.83  2.64  2.51  2.78  5.47  3.11  2.15  2.44
MEAN      3.28  3.13  3.16  3.07  3.07  2.89  2.88  2.81  3.03  3.10  2.84  2.71
STD DEV   1.57  1.51  1.22  1.09  1.27  1.00  1.09  1.07  1.27  1.26  1.11  1.07
SKEW       .95  1.74   .59   .90   .76   .72   .72   .75   .71   .92   .65   .86
% E       3.97  5.06  4.82  3.80  5.67  5.51  5.08  5.85  7.54  4.64  3.93  3.40
MEAN      2.92  3.03  3.24  3.44  3.16  3.09  3.00  2.84  2.95  3.01  3.16  2.75
STD DEV   1.21  1.27  1.42  1.50  1.26  1.26  1.22  1.10  1.15  1.23  1.43  1.04
SKEW      1.08  1.19  1.25   .99   .90   .97   .90   .80   .89   .96  1.12   .84
% ESE     1.84  2.19  2.55  2.28  2.47  2.47  2.52  2.32  2.68  2.27  1.87  1.98
MEAN      2.75  3.31  3.13  3.19  3.16  3.08  3.11  2.83  2.97  2.71  2.64  2.85
STD DEV    .90  1.37  1.35  1.28  1.30  1.20  1.33  1.16  1.31  1.07   .99  1.10
SKEW       .57   .87   .72   .89   .75   .89   .92   .74   .98   .75   .70   .98
% SE      3.13  3.87  4.22  4.90  4.66  4.24  4.57  3.67  4.19  3.51  3.26  3.63
MEAN      2.86  3.08  3.24  3.61  3.14  3.08  3.00  2.88  3.04  2.85  2.78  2.89
STD DEV   1.08  1.29  1.26  1.59  1.25  1.33  1.20  1.02  1.30  1.05  1.03  1.20
SKEW       .94   .96   .87   .98   .85  1.08   .99   .86  1.04   .62  1.04   .84
% SSE     2.93  3.46  3.69  4.89  4.08  3.20  3.29  3.00  2.98  2.75  3.00  2.99
MEAN      2.99  3.56  3.55  3.74  3.36  3.14  3.13  2.83  2.70  2.98  3.14  3.45
STD DEV   1.14  1.60  1.47  1.66  1.25  1.28  1.07  1.13  1.06  1.05  1.25  1.51
SKEW       .85   .95   .55   .96   .74   .99   .59   .77   .32   .68  1.03  1.14
% S       6.17  5.80  5.85  8.16  7.44  6.00  5.83  4.44  5.27  4.58  5.69  5.28
MEAN      3.45  3.87  3.66  3.94  3.45  3.17  3.13  2.95  3.03  3.07  3.42  3.57
STD DEV   1.56  1.77  1.62  1.71  1.44  1.29  1.33  1.28  1.21  1.34  1.63  1.83
SKEW      1.04   .83   .75   .83   .80   .93  1.17  1.08   .67  1.12  1.21  1.23
% SSW     5.30  4.85  5.04  6.84  5.06  4.15  4.78  3.29  2.57  2.65  4.22  3.69
MEAN      4.13  4.08  4.31  4.34  3.71  3.39  3.24  3.00  2.97  3.13  3.71  3.73
STD DEV   1.91  1.92  1.82  1.85  1.65  1.40  1.33  1.21  1.18  1.31  1.74  1.76
SKEW       .92   .79   .58   .68   .84   .96   .85   .65   .72   .96   .67   .84
% SW      7.18  6.11  7.10  8.09  6.42  5.76  6.86  4.81  4.33  4.19  6.36  7.87
MEAN      3.70  3.51  3.63  4.02  3.36  3.08  3.01  2.85  2.80  2.89  3.34  3.41
STD DEV   1.79  1.71  1.80  1.88  1.49  1.33  1.21  1.17  1.01  1.30  1.68  1.60
SKEW       .89  1.14  1.02   .92   .87  1.14   .99  1.00   .72  1.49  1.11  1.05
% WSW     4.71  5.68  5.13  4.97  3.47  3.35  3.02  2.54  1.56  2.16  4.06  4.74
MEAN      3.27  3.54  3.81  4.05  3.37  2.83  2.80  2.60  2.59  2.74  2.98  3.27
STD DEV   1.42  1.95  1.89  2.04  1.56  1.10  1.02  1.00   .88  1.13  1.26  1.38
SKEW      1.03  1.96  1.10   .98  1.23   .99   .96  1.20   .70  1.02   .92  1.12
% W       6.28  6.94  7.35  5.42  5.05  6.10  5.70  5.44  3.52  4.34  6.07  5.88
MEAN      3.21  3.25  4.05  3.78  3.03  2.69  2.63  2.56  2.68  2.77  3.24  3.47
STD DEV   1.62  1.65  2.04  1.83  1.27  1.05   .93   .97  1.06  1.24  1.68  1.75
SKEW      1.38  1.25  1.00  1.01  1.28  1.04   .84  1.10  1.14  1.30  1.20  1.14
% WNW     2.51  2.47  3.20  3.12  2.72  2.89  2.46  2.64  2.02  2.30  2.58  2.51
MEAN      3.62  3.62  4.39  4.71  3.54  3.18  2.81  2.86  2.71  2.99  3.47  3.99
STD DEV   1.93  1.93  2.28  2.37  1.61  1.40  1.07  1.23  1.07  1.28  1.67  2.12
SKEW      1.09  1.37   .63   .53   .87   .88   .93   .92   .58  1.09   .99   .98
% NW      6.40  6.40  6.58  6.36  6.22  6.59  6.31  7.24  5.72  7.28  7.62  6.84
MEAN      3.86  4.05  4.27  4.31  3.42  3.30  2.84  3.04  2.95  3.34  3.69  3.72
STD DEV   2.02  2.01  2.13  2.09  1.57  1.39  1.13  1.36  1.25  1.43  1.73  1.79
SKEW      1.00   .75   .99   .82   .89   .93  1.08  1.42   .71   .86   .88   .82
% NNW    11.75 11.19 11.59  9.38  8.02  7.24  5.56  5.70  5.53  7.66  9.71  9.81
MEAN      4.76  4.21  4.77  4.57  3.75  3.40  3.09  3.16  3.26  3.80  4.15  4.14
STD DEV   2.13  1.86  2.17  2.02  1.72  1.42  1.21  1.36  1.48  1.64  1.88  1.65
SKEW       .46   .32   .76   .45   .69   .97   .86  1.04   .89   .92   .59   .45
CALM     17.50 14.78 13.48 16.22 20.21 23.44 26.33 29.41 25.96 24.36 20.80 21.42
 
INTERPOLATED DATA (station & weighting factor)
 
---Wind Stations---
ASHEVILLE/MUN.NC     .428  GREENVILLE/DO.SC     .424  HICKORY       NC     .147
---Solar Radiation and Max .5 P Stations---
 SC TRAVELERS REST   .590   SC BELTON 7 NNE     .292   VA TROUT DALE 3 SS  .118 
---Dewpoint Stations---
NC ASHEVLLE HENDERS  .469  SC GRNVL SPART AP    .403  NC CHARLOTTE DOUGLA  .128 
---Time Peak Stations---
SC TRAVELERS REST 1  .581  SC BELTON 7 NNE      .298  VA TROUT DALE 3 SSE  .120 
