 HENDERSON 2 SW NC                       313969 0
 LATT=  36.32 LONG= -78.43 YEARS= 40. TYPE= 3
 ELEVATION =  510. TP5 = 2.32 TP6= 5.44
 MEAN P    .41   .37   .47   .40   .41   .45   .51   .56   .57   .49   .47   .41
 S DEV P   .40   .36   .48   .45   .46   .48   .59   .80   .75   .59   .55   .45
 SKEW  P  1.58  1.46  1.73  2.05  2.36  1.81  2.27  3.48  2.73  1.93  2.10  2.00
 P(W/W)    .39   .36   .43   .44   .46   .43   .44   .41   .46   .41   .40   .41
 P(W/D)    .22   .21   .23   .18   .21   .21   .22   .20   .17   .16   .18   .21
 TMAX AV 48.78 52.16 61.19 71.41 78.30 85.70 89.16 87.71 81.25 70.80 61.71 51.89
 TMIN AV 25.34 26.56 34.12 42.29 52.29 60.96 65.83 64.43 57.02 43.80 35.14 27.92
 SD TMAX 11.88 11.86 11.95 11.11  8.07  6.55  5.87  6.16  7.54  8.86 10.21 11.19
 SD TMIN 10.61  9.69 10.07  9.97  8.75  7.90  5.76  5.71  8.64  9.96 10.21  9.72
 SOL.RAD  195.  251.  344.  440.  485.  497.  502.  452.  365.  292.  219.  177.
 SD SOL   23.7  36.0  28.8  40.9  39.4  47.0  37.7  29.8  35.4  38.2  25.9  23.5
 MX .5 P   .50   .44   .70   .77  1.05  1.42  1.69  1.35  1.06   .79   .62   .55
 DEW PT  28.75 29.98 36.52 44.52 55.76 63.76 68.22 67.76 61.53 49.99 39.99 31.98
Time Pk   .515  .676  .738  .813  .831  .837  .931  .943  .955  .970  .983 1.000
% N       6.22  6.26  5.90  5.70  5.20  5.33  3.86  6.03  8.46  9.81  6.82  6.45
MEAN      4.25  4.26  4.22  4.56  3.99  3.80  3.47  3.51  3.93  4.16  3.99  3.89
STD DEV   1.97  1.84  1.74  1.87  1.60  1.45  1.37  1.37  1.76  1.72  1.77  1.62
SKEW       .75   .73   .68   .50   .72   .67   .84   .85  1.05   .65   .89   .74
% NNE     5.22  6.05  5.34  4.70  5.65  5.44  4.03  6.33  9.50 11.18  6.70  5.77
MEAN      4.37  4.30  4.41  4.49  4.19  4.14  3.83  4.10  4.18  4.53  4.38  4.35
STD DEV   1.87  1.67  1.74  1.82  1.61  1.65  1.43  1.70  1.76  1.73  1.82  1.87
SKEW       .64   .40   .39   .47   .49   .67   .37  1.02   .79   .45   .68   .78
% NE      6.04  7.13  6.23  4.67  7.30  7.75  6.46  8.58 10.17 10.21  5.36  6.01
MEAN      4.05  4.06  4.13  4.03  3.99  4.03  3.69  3.79  3.90  4.13  3.92  3.83
STD DEV   1.71  1.55  1.55  1.66  1.64  1.69  1.54  1.61  1.57  1.65  1.56  1.64
SKEW       .87   .50   .55   .70   .66   .88   .75   .91   .66   .63   .67   .93
% ENE     3.36  4.18  4.67  3.47  4.58  4.49  3.88  5.00  5.58  4.28  2.50  2.62
MEAN      3.51  3.80  3.97  4.05  3.80  3.69  3.62  3.72  3.70  3.75  3.43  3.46
STD DEV   1.41  1.48  1.51  1.55  1.45  1.41  1.41  1.55  1.40  1.36  1.39  1.33
SKEW       .83   .52   .53   .55   .64   .69   .71   .87   .64   .50   .72   .79
% E       2.49  3.23  3.81  2.92  4.10  4.08  3.79  4.63  4.96  3.86  2.50  2.26
MEAN      3.19  3.62  3.65  3.70  3.40  3.48  3.52  3.23  3.36  3.42  3.16  3.16
STD DEV   1.08  1.49  1.38  1.44  1.25  1.42  1.58  1.20  1.17  1.37  1.13  1.27
SKEW       .57  1.08   .95   .76   .79   .85  1.16   .84   .60   .79   .92   .99
% ESE     1.83  2.91  3.06  3.24  3.33  3.11  3.04  3.31  3.63  2.48  2.34  1.57
MEAN      3.35  3.61  3.75  3.70  3.45  3.31  3.16  3.20  3.46  3.41  3.17  3.40
STD DEV   1.42  1.26  1.44  1.35  1.38  1.14  1.07  1.27  1.36  1.22  1.08  1.30
SKEW      1.29   .73   .60   .49   .96   .68   .70   .89   .90   .73   .72   .68
% SE      2.19  2.93  3.26  3.32  3.63  4.08  3.76  4.05  4.02  2.33  2.91  2.28
MEAN      3.07  3.73  3.96  3.76  3.32  3.57  3.21  3.09  3.19  3.05  3.59  3.28
STD DEV   1.14  1.53  1.65  1.52  1.22  1.42  1.15  1.29  1.22  1.06  1.31  1.33
SKEW      1.03   .76   .80   .68   .69   .70   .75  1.15   .92   .48   .62   .75
% SSE     2.21  3.03  3.54  4.67  4.05  4.49  4.02  4.02  4.02  2.60  2.76  2.57
MEAN      3.67  3.88  4.18  4.37  3.70  3.64  3.49  3.44  3.56  3.21  3.89  4.06
STD DEV   1.61  1.73  1.86  1.83  1.34  1.45  1.32  1.38  1.32  1.24  1.54  1.79
SKEW      1.08  1.11   .90   .71   .51   .75   .77   .99   .92   .60   .59   .72
% S       6.13  5.62  5.84  8.11  7.18  7.84  9.20  8.15  6.41  4.52  6.27  6.32
MEAN      3.79  3.93  4.17  4.32  3.69  3.72  3.64  3.56  3.51  3.46  3.80  3.90
STD DEV   1.61  1.81  1.83  1.72  1.39  1.44  1.41  1.33  1.31  1.33  1.60  1.80
SKEW       .89  1.02   .76   .54   .64   .74   .76   .63   .63   .73   .84  1.02
% SSW     9.48  7.89  8.17 12.42  9.55  8.58 11.47  8.56  6.75  6.27  7.79  8.06
MEAN      4.47  4.57  4.85  4.82  4.11  3.86  3.86  3.73  3.75  3.63  4.21  4.20
STD DEV   1.91  1.89  2.12  1.88  1.62  1.42  1.42  1.34  1.37  1.44  1.79  1.80
SKEW       .76   .58   .77   .61   .67   .66   .59   .67   .58   .97   .78   .69
% SW     12.10  9.89  9.11 12.28 11.24 10.99 14.72  9.83  7.11  6.82 10.03 11.11
MEAN      4.38  4.54  4.99  4.85  4.18  4.11  3.92  3.67  3.57  3.69  3.97  4.12
STD DEV   1.90  1.86  2.18  2.01  1.64  1.59  1.44  1.37  1.36  1.51  1.78  1.76
SKEW       .72   .67   .70   .56   .64   .59   .62   .61   .68   .87  1.08   .79
% WSW     6.27  5.90  5.79  6.09  6.58  6.03  6.87  4.72  3.37  3.61  5.26  7.15
MEAN      4.17  4.41  4.68  4.72  4.21  3.93  3.92  3.60  3.56  3.69  3.93  4.02
STD DEV   1.90  1.87  2.09  1.99  1.68  1.52  1.44  1.37  1.33  1.51  1.61  1.70
SKEW       .84   .81   .83   .71   .60   .59   .66   .65   .54   .83   .82   .81
% W       5.43  5.24  5.66  5.24  4.34  4.53  4.28  3.75  2.94  3.57  5.21  5.56
MEAN      4.10  4.38  4.68  4.73  4.03  3.74  3.48  3.50  3.40  3.45  4.05  4.09
STD DEV   1.83  1.97  2.01  2.06  1.74  1.48  1.32  1.31  1.35  1.45  1.83  1.77
SKEW       .78   .67   .57   .54   .71   .57   .62   .53   .81   .88   .77   .67
% WNW     7.28  7.54  9.13  5.84  3.95  3.71  3.29  2.72  2.06  3.48  6.01  6.54
MEAN      4.81  5.17  5.36  5.07  4.21  3.95  3.50  3.73  3.64  3.74  4.61  4.70
STD DEV   1.98  2.09  2.18  2.05  1.74  1.63  1.42  1.58  1.55  1.47  2.06  2.05
SKEW       .51   .31   .31   .29   .59   .61   .86  1.07   .57   .61   .67   .42
% NW      7.13  7.56  7.26  4.71  4.10  3.63  2.80  2.75  2.75  4.92  6.88  7.22
MEAN      4.77  4.89  5.13  4.81  4.02  3.85  3.45  3.42  3.46  3.94  4.34  4.48
STD DEV   2.02  2.12  2.20  2.04  1.67  1.58  1.59  1.50  1.37  1.61  1.86  2.03
SKEW       .50   .66   .57   .52   .70   .75  1.21  1.10   .70   .62   .65   .67
% NNW     5.51  5.36  5.69  4.46  3.63  3.30  2.22  2.76  3.47  4.79  5.60  5.31
MEAN      4.54  4.64  4.58  4.70  4.16  3.72  3.48  3.37  3.89  4.16  4.25  4.33
STD DEV   1.90  1.93  1.92  1.92  1.65  1.52  1.41  1.32  1.75  1.63  1.78  1.75
SKEW       .59   .48   .62   .54   .61   .82  1.24  1.07  1.16   .63   .64   .57
CALM     11.10  9.26  7.52  8.11 11.57 12.65 12.41 14.78 14.80 15.36 15.07 13.30
 
INTERPOLATED DATA (station & weighting factor)
 
---Wind Stations---
RALEIGH/R-D.  NC     .404  ROCKY MOUNT   NC     .346  BLACKSTONE    VA     .250
---Solar Radiation and Max .5 P Stations---
 VA JOHN H KERR DAM  .565   NC WILSON 3 SW      .232   NC BURLINGTON 3 NN  .204 
---Dewpoint Stations---
NC RALEIGH DURHAM I  .537  VA LYNCHBURG RGNL A  .233  NC KINSTON STALLING  .230 
---Time Peak Stations---
VA JOHN H KERR DAM   .544  NC ROANOKE RAPIDS    .260  NC BURLINGTON 3 NNE  .196 
