 LEXINGTON NC                            314970 0
 LATT=  35.82 LONG= -80.27 YEARS= 40. TYPE= 3
 ELEVATION =  810. TP5 = 2.21 TP6= 5.11
 MEAN P    .39   .39   .41   .39   .35   .42   .40   .48   .52   .48   .41   .35
 S DEV P   .44   .45   .45   .51   .41   .53   .54   .66   .69   .68   .50   .41
 SKEW  P  1.78  1.79  2.02  3.51  2.36  2.06  2.59  2.75  2.69  3.34  1.90  1.50
 P(W/W)    .43   .43   .47   .43   .49   .49   .45   .43   .51   .43   .44   .45
 P(W/D)    .26   .26   .26   .24   .25   .24   .28   .21   .17   .16   .21   .24
 TMAX AV 50.21 54.75 63.49 72.97 79.65 85.96 89.18 87.82 81.44 71.98 62.40 52.75
 TMIN AV 28.34 30.74 37.92 45.56 54.70 63.03 67.29 65.85 58.97 46.79 37.63 30.60
 SD TMAX 10.82 10.79 10.40  9.04  6.84  5.58  5.24  5.41  6.90  8.03  9.34 10.21
 SD TMIN 10.61  9.86 10.29  9.36  8.04  6.04  4.26  5.13  7.50  9.77 10.18 10.02
 SOL.RAD  194.  254.  349.  440.  494.  506.  496.  447.  369.  295.  213.  180.
 SD SOL   21.1  26.1  22.1  27.1  43.6  43.1  28.1  34.3  32.9  36.3  23.3  19.7
 MX .5 P   .57   .50   .73   .77  1.18  1.34  1.61  1.51  1.21   .81   .59   .48
 DEW PT  26.37 27.96 34.96 43.10 54.25 62.25 66.56 65.98 59.98 48.10 38.10 29.37
Time Pk   .486  .644  .714  .794  .808  .820  .924  .936  .952  .966  .984 1.000
% N       5.00  4.78  4.68  4.35  4.46  4.67  3.69  4.69  5.49  6.17  5.22  5.25
MEAN      3.82  3.77  4.08  4.08  3.70  3.42  3.32  3.01  3.41  3.67  3.89  3.51
STD DEV   1.81  1.68  1.77  1.71  1.68  1.47  1.36  1.28  1.48  1.72  1.75  1.63
SKEW       .74   .55   .52   .55   .87   .63   .50   .90   .83  1.25   .69   .70
% NNE     5.49  6.08  5.71  4.74  5.51  6.07  4.61  7.04  9.29  9.84  6.43  6.48
MEAN      4.30  4.29  4.63  4.67  4.17  3.74  3.81  3.90  4.32  4.46  4.27  4.28
STD DEV   2.04  1.84  1.95  2.11  1.76  1.58  1.56  1.79  2.01  1.90  2.05  1.95
SKEW       .97   .57   .42   .99   .63   .66   .60   .78  1.13   .48   .91   .73
% NE      8.09  9.91  8.81  6.20  8.61  8.59  7.79 11.05 15.26 15.08  9.41  9.18
MEAN      4.66  4.58  4.61  4.78  4.58  4.13  4.05  4.12  4.39  4.72  4.35  4.26
STD DEV   2.31  2.06  1.83  2.18  1.99  1.79  1.71  1.73  1.90  2.07  1.98  2.01
SKEW       .93   .66   .39  1.02   .56   .59   .53   .44   .80   .52   .75   .81
% ENE     4.79  6.02  6.07  4.24  6.48  6.20  5.28  6.82  9.40  7.06  4.37  4.39
MEAN      4.19  4.40  4.40  4.38  4.30  3.94  3.89  3.79  4.26  4.20  3.92  3.78
STD DEV   2.05  1.94  1.82  1.76  1.81  1.70  1.72  1.62  1.88  1.85  1.81  1.62
SKEW       .96   .60   .58   .46   .63   .58   .65   .66   .66   .70   .79   .56
% E       2.17  2.77  3.32  2.81  3.35  3.73  3.50  3.92  4.58  3.25  2.24  2.22
MEAN      2.93  3.03  3.39  3.46  3.22  3.09  3.03  3.02  3.26  3.18  3.03  2.89
STD DEV   1.31  1.35  1.40  1.36  1.36  1.37  1.27  1.32  1.50  1.40  1.40  1.48
SKEW       .64   .81   .63   .61   .67   .65   .57   .76  1.00   .78   .70   .90
% ESE     1.30  1.59  1.85  2.03  2.60  2.56  2.38  2.50  2.43  1.60  1.22  1.15
MEAN      2.82  2.86  3.21  3.39  3.24  2.92  2.93  2.87  2.91  2.78  2.69  2.57
STD DEV   1.17  1.29  1.33  1.45  1.23  1.22  1.18  1.25  1.11  1.13  1.11  1.11
SKEW       .45  1.06   .68   .80   .39   .68   .63   .86   .38   .79   .87   .72
% SE      1.32  2.23  2.17  2.61  2.89  3.09  2.93  3.13  2.94  2.28  1.84  1.65
MEAN      2.38  2.99  3.10  3.28  3.03  2.91  2.77  2.87  2.94  2.77  2.71  2.50
STD DEV   1.00  1.60  1.31  1.44  1.24  1.27  1.10  1.27  1.40  1.23  1.15  1.26
SKEW       .46  2.19   .57   .65   .71   .82   .45   .93  1.31   .78   .74  1.15
% SSE     1.81  2.51  2.55  3.45  3.69  4.12  3.51  3.44  3.01  2.18  2.21  2.07
MEAN      3.06  3.49  3.66  3.75  3.30  3.24  3.08  3.00  3.07  2.98  3.60  3.04
STD DEV   1.32  1.60  1.52  1.61  1.37  1.49  1.29  1.24  1.25  1.22  1.71  1.44
SKEW       .73   .98   .68   .60   .68  1.08   .78   .82   .73   .48   .94  1.09
% S       4.04  4.74  5.60  7.24  6.54  6.75  6.81  6.12  5.16  3.76  5.18  4.35
MEAN      3.39  3.56  3.97  4.07  3.31  3.26  3.21  3.04  3.00  3.19  3.69  3.23
STD DEV   1.71  1.62  1.93  1.71  1.41  1.50  1.34  1.27  1.27  1.53  1.89  1.55
SKEW      1.10   .86   .94   .66   .74   .89   .68   .66   .71   .92   .87   .82
% SSW     8.32  7.92  8.22 11.87  9.44  7.91  9.95  7.49  5.84  5.69  8.04  8.49
MEAN      4.17  4.36  4.76  4.47  3.95  3.72  3.63  3.41  3.32  3.59  4.18  3.93
STD DEV   1.89  1.99  2.16  1.86  1.69  1.59  1.47  1.37  1.38  1.50  1.99  1.75
SKEW       .79   .86   .71   .55   .60   .59   .62   .59   .61   .73   .84   .79
% SW     14.31 11.43 10.61 14.44 12.16 10.14 14.53 10.07  7.77  7.94 11.31 12.83
MEAN      4.16  4.39  4.63  4.61  4.04  3.60  3.63  3.22  3.21  3.54  3.85  3.87
STD DEV   2.00  2.00  2.16  1.97  1.77  1.56  1.50  1.37  1.39  1.54  1.79  1.76
SKEW       .76   .76   .69   .60   .72   .62   .64   .66   .74   .72   .73   .77
% WSW     8.55  7.25  7.56  8.33  7.27  7.50  8.61  6.29  4.90  5.41  7.17  8.17
MEAN      4.01  4.27  4.57  4.72  3.99  3.67  3.62  3.45  3.42  3.57  3.92  3.82
STD DEV   1.90  1.93  2.08  2.04  1.62  1.58  1.51  1.41  1.39  1.57  1.79  1.76
SKEW       .81   .78   .69   .55   .44   .55   .67   .53   .56   .87   .77   .84
% W       5.77  5.20  5.17  5.45  4.70  5.16  5.08  4.38  3.26  3.78  5.34  5.56
MEAN      3.81  4.24  4.45  4.53  3.61  3.44  3.25  3.13  3.21  3.24  3.63  3.70
STD DEV   1.98  2.10  2.09  2.31  1.62  1.56  1.37  1.43  1.44  1.45  1.73  1.88
SKEW       .99   .66   .54   .84   .63   .73   .57   .71   .60   .90   .77   .95
% WNW     6.14  6.44  7.14  6.01  5.05  4.57  4.20  3.68  2.61  4.11  5.54  5.61
MEAN      4.53  5.05  5.35  5.19  4.01  3.61  3.23  3.20  3.40  3.69  4.30  4.53
STD DEV   2.19  2.30  2.38  2.38  1.79  1.59  1.42  1.44  1.56  1.78  2.01  2.29
SKEW       .68   .43   .45   .55   .79   .76   .84   .85   .79   .96   .56   .83
% NW      9.05  8.53  8.69  6.71  5.34  5.10  4.13  4.65  3.67  6.27  7.93  7.82
MEAN      4.71  5.03  5.04  4.80  3.78  3.48  3.18  3.13  3.26  3.69  4.50  4.43
STD DEV   2.25  2.39  2.40  2.19  1.74  1.64  1.41  1.40  1.40  1.65  2.11  2.11
SKEW       .52   .52   .62   .46   .76   .84   .97  1.04   .61   .84   .59   .54
% NNW     6.76  5.90  6.68  5.37  5.02  4.58  3.51  4.10  3.50  5.53  6.29  5.79
MEAN      4.61  4.59  4.82  4.68  3.80  3.54  3.30  3.11  3.42  3.88  4.25  4.29
STD DEV   2.11  2.04  2.14  2.04  1.60  1.52  1.44  1.30  1.53  1.68  1.92  1.98
SKEW       .52   .60   .48   .60   .64   .71   .76   .73   .82   .74   .71   .71
CALM      7.13  6.63  5.14  4.18  6.84  9.32  9.48 10.70 10.92 10.04 10.23  8.99
 
INTERPOLATED DATA (station & weighting factor)
 
---Wind Stations---
WINSTON SALEM NC     .443  GREENSBORO    NC     .380  CHARLOTTE     NC     .177
---Solar Radiation and Max .5 P Stations---
 NC BADIN            .410   NC YADKINVILLE 6 E  .384   NC BURLINGTON 3 NN  .205 
---Dewpoint Stations---
NC PIEDMONT TRIAD I  .584  NC CHARLOTTE DOUGLA  .271  VA ROANOKE RGNL AP   .146 
---Time Peak Stations---
NC YADKINVILLE 6 E   .401  NC BADIN             .395  NC BURLINGTON 3 NNE  .204 
