 RUGBY 1 N ND                            327704 0
 LATT=  48.38 LONG=-100.00 YEARS= 40. TYPE= 3
 ELEVATION = 1540. TP5 = 2.18 TP6= 4.06
 MEAN P    .11   .12   .19   .22   .27   .30   .38   .28   .25   .25   .17   .11
 S DEV P   .11   .16   .29   .29   .33   .39   .49   .38   .37   .32   .23   .15
 SKEW  P  1.94  3.22  4.32  3.21  2.57  2.77  2.56  2.65  3.05  1.95  2.46  3.15
 P(W/W)    .32   .26   .27   .38   .52   .44   .39   .37   .43   .39   .33   .28
 P(W/D)    .09   .10   .09   .14   .22   .30   .24   .22   .17   .12   .09   .09
 TMAX AV 15.73 21.96 34.15 53.83 67.53 76.02 81.62 80.11 69.57 54.58 34.94 20.17
 TMIN AV -3.45  2.42 14.76 29.95 42.04 51.71 56.28 53.89 44.00 31.52 16.60  2.13
 SD TMAX 15.44 14.74 13.35 14.23 11.71  9.14  7.40  8.18 11.18 12.85 14.14 14.55
 SD TMIN 16.06 15.97 14.52 10.04  9.15  7.28  6.48  7.15  8.46  9.38 12.34 14.93
 SOL.RAD   95.  165.  297.  409.  480.  509.  535.  458.  325.  203.  111.   81.
 SD SOL   17.2  29.5  36.3  56.0  44.3  39.6  38.0  31.8  24.3  25.0  21.6  10.1
 MX .5 P   .20   .26   .24   .28   .51  1.03  1.22  1.05   .54   .34   .25  1.97
 DEW PT   2.34  8.34 19.00 28.66 39.66 51.00 56.00 53.00 43.00 32.00 19.33  7.67
Time Pk   .516  .710  .777  .851  .861  .870  .955  .965  .966  .985  .995 1.000
% N       4.83  4.23  5.26  7.12  5.98  4.72  4.41  4.30  4.28  3.54  3.78  3.56
MEAN      6.14  5.68  6.58  6.85  6.88  6.06  5.04  5.11  5.42  5.94  5.15  5.48
STD DEV   2.74  2.68  3.34  2.85  2.96  2.66  2.11  2.09  2.34  2.51  2.34  2.59
SKEW       .28   .63   .83   .26   .42   .52   .51   .25   .32   .04   .50   .69
% NNE     3.13  2.13  3.99  5.10  5.97  4.61  4.30  3.78  4.01  4.94  2.53  2.78
MEAN      5.25  5.14  6.11  6.05  6.13  5.60  4.86  5.00  5.32  5.83  4.81  4.91
STD DEV   2.58  2.49  3.28  2.55  2.62  2.61  1.93  2.15  2.36  2.38  2.19  2.31
SKEW       .58   .64   .83   .28   .37   .80   .38   .59   .61   .17   .48   .54
% NE      1.78  1.63  2.54  3.18  3.75  2.94  3.05  3.04  2.58  1.91  1.58  1.93
MEAN      4.14  3.82  4.88  5.45  5.26  4.72  4.13  4.22  4.39  4.64  4.02  4.10
STD DEV   2.12  1.36  2.74  2.57  2.21  2.15  1.72  1.99  1.98  2.33  1.91  1.84
SKEW       .85   .36   .74   .46   .63   .57   .63   .62   .67   .58   .79   .55
% ENE     2.98  3.69  3.58  4.79  6.32  4.68  4.62  5.35  3.96  2.83  2.64  4.06
MEAN      4.54  4.59  5.04  5.79  5.17  5.03  4.39  4.43  4.42  4.85  4.39  4.47
STD DEV   2.12  2.09  2.64  2.63  2.12  2.42  1.78  1.89  1.83  1.96  2.10  1.84
SKEW       .40   .46   .97   .42   .42   .68   .61   .74   .53   .24   .73   .43
% E       4.08  4.97  4.55  4.84  5.89  4.92  4.86  5.58  4.30  2.91  3.66  4.20
MEAN      4.58  4.66  4.84  5.77  5.08  4.84  4.51  4.43  4.41  4.13  4.36  4.64
STD DEV   2.32  2.10  2.23  2.79  2.27  2.27  1.92  2.00  2.07  1.47  2.01  2.13
SKEW       .63   .43   .49   .58   .54   .71   .42   .74   .59   .40   .70   .43
% ESE     4.26  6.09  6.59  6.55  8.43  6.58  6.59  8.67  5.66  4.29  4.57  4.98
MEAN      4.64  5.20  5.30  6.12  5.60  5.39  4.89  4.72  4.75  5.18  4.67  4.53
STD DEV   2.16  2.22  2.31  2.80  2.36  2.31  2.15  2.01  2.19  1.98  1.96  2.16
SKEW       .48   .41   .50   .51   .43   .44   .60   .57   .57   .63   .47   .83
% SE      4.04  5.18  5.34  4.70  6.16  5.66  5.75  6.69  4.99  4.29  3.18  4.74
MEAN      4.47  4.87  5.23  5.55  5.73  5.25  4.49  4.77  4.72  5.04  4.32  4.53
STD DEV   1.97  2.32  2.25  2.52  2.58  2.42  2.06  2.10  2.17  2.74  1.87  2.25
SKEW       .56   .75   .54   .58   .38   .71   .95   .60   .56   .87   .65   .72
% SSE     5.12  7.40  7.58  8.72  8.72  7.83  8.52 10.15  7.83  7.82  5.47  6.30
MEAN      5.46  5.73  5.83  6.29  6.32  5.84  5.41  5.38  5.79  6.07  5.59  5.26
STD DEV   2.34  2.39  2.34  2.58  2.55  2.47  2.21  2.15  2.50  2.70  2.51  2.42
SKEW       .49   .36   .30   .25   .25   .55   .48   .44   .33   .60   .60   .63
% S       4.68  5.31  5.08  5.72  5.13  4.96  5.77  6.35  5.12  5.79  3.78  4.56
MEAN      4.99  5.00  5.44  6.14  5.91  5.36  5.18  5.26  5.44  5.94  5.49  4.88
STD DEV   2.33  2.29  2.83  2.65  2.53  2.43  2.26  2.45  2.55  2.47  2.59  2.25
SKEW       .72   .44  1.46   .39   .41   .67   .45   .43   .36   .21   .44   .53
% SSW     5.00  4.74  5.02  5.14  5.99  6.45  8.14  6.04  5.95  7.75  6.71  5.10
MEAN      4.87  5.15  5.22  5.74  5.62  5.24  4.88  5.12  5.15  5.43  5.13  5.03
STD DEV   2.31  2.13  2.12  2.42  2.34  2.24  2.10  2.69  2.34  2.21  2.19  2.25
SKEW       .63   .21   .40   .36   .30   .57   .43  1.44   .58   .41   .41   .72
% SW      5.06  5.55  4.95  3.60  4.53  6.11  5.55  4.63  5.60  6.78  6.12  6.09
MEAN      4.52  4.35  4.59  4.92  4.87  4.92  4.07  3.98  4.51  4.92  4.57  4.33
STD DEV   1.99  2.02  1.98  2.25  2.03  2.32  1.74  1.74  2.03  2.15  1.84  1.84
SKEW       .51   .60   .47   .62   .55  1.03   .71   .90   .54   .51   .92   .49
% WSW     7.00  6.64  4.78  5.09  4.51  8.16  6.45  5.13  7.40  8.56  7.02  7.70
MEAN      5.00  5.17  4.60  5.65  5.19  5.57  4.30  4.53  5.32  5.04  4.96  4.78
STD DEV   2.32  2.38  2.20  2.54  2.51  2.88  1.89  2.00  2.50  2.35  1.97  2.01
SKEW       .52   .81  1.16   .88   .56  1.24  1.12   .56   .91  1.14   .45   .66
% W       8.18  6.78  5.93  4.32  4.07  6.09  5.40  5.01  7.07  6.62  7.78  8.27
MEAN      5.71  5.28  5.28  6.29  5.54  5.90  4.93  4.57  5.27  5.92  5.63  5.41
STD DEV   2.68  2.55  2.49  3.07  2.85  2.76  2.20  2.15  2.73  3.26  2.55  2.52
SKEW       .62   .63   .74   .53   .96   .61   .62   .98   .94   .82   .66   .68
% WNW    11.98 10.24  9.42  7.94  7.11  9.42  8.52  7.62 10.99 12.09 14.23 12.98
MEAN      7.10  6.88  6.49  7.30  6.93  6.32  5.72  5.60  6.69  6.82  6.89  6.76
STD DEV   2.81  2.94  2.58  3.86  3.00  2.86  2.56  2.47  3.03  2.98  2.96  2.77
SKEW       .33   .70   .25  1.44   .53   .74   .66   .64   .49   .71   .83   .50
% NW     11.93 12.34 12.08 10.23  7.35  6.95  8.25  7.44  9.57  9.77 13.42 12.17
MEAN      7.32  7.15  7.03  7.45  7.02  6.21  5.80  5.69  6.27  6.94  7.80  7.29
STD DEV   3.15  3.18  2.95  3.44  3.30  2.68  2.56  2.44  2.78  2.90  3.31  3.24
SKEW       .35   .49   .44   .65   .87   .31   .69   .43   .46   .40   .45   .36
% NNW    13.13 10.47 10.84 11.18  7.95  7.33  7.08  7.48  7.69  7.23 10.68  7.74
MEAN      7.53  7.10  7.24  7.67  7.10  6.36  5.70  5.94  6.08  6.98  7.30  6.81
STD DEV   3.10  2.96  3.29  2.91  2.89  2.57  2.35  2.38  2.41  2.90  3.08  2.97
SKEW       .23   .33   .98   .23   .32   .25   .45   .33   .29   .30   .47   .37
CALM      2.91  2.62  2.43  1.79  2.16  2.57  2.78  2.72  2.95  2.91  2.83  2.85
 
INTERPOLATED DATA (station & weighting factor)
 
---Wind Stations---
MINOT         ND     .509  BISMARCK      ND     .260  PEMBINA       ND     .231
---Solar Radiation and Max .5 P Stations---
 ND ROLETTE 2SE      .609   ND BALFOUR          .287   ND HANNAFORD        .104 
---Dewpoint Stations---
ND MINOT AFB         .668  ND GRAND FORKS AF    .332                            
---Time Peak Stations---
ND ROLETTE 2SE       .617  ND BALFOUR           .282  ND HANNAFORD         .101 
