 FARGO WB AIRPORT ND                     322859 0
 LATT=  46.90 LONG= -96.80 YEARS= 40. TYPE= 3
 ELEVATION =  900. TP5 = 2.38 TP6= 4.99
 MEAN P    .08   .09   .15   .19   .27   .34   .30   .29   .28   .27   .14   .08
 S DEV P   .13   .12   .20   .26   .42   .54   .48   .49   .40   .39   .22   .12
 SKEW  P  3.57  2.94  2.06  2.75  4.32  3.25  3.74  3.38  2.40  2.86  3.15  2.86
 P(W/W)    .42   .39   .40   .46   .49   .45   .38   .34   .43   .47   .44   .44
 P(W/D)    .23   .21   .22   .20   .27   .33   .26   .27   .21   .18   .16   .23
 TMAX AV 17.10 22.55 35.24 54.79 69.02 77.30 82.75 80.72 70.87 55.88 37.02 21.95
 TMIN AV  -.79  4.87 18.31 32.67 45.03 54.97 59.89 57.08 47.25 35.03 20.07  5.68
 SD TMAX 14.26 13.94 13.06 13.46 11.24  8.44  7.04  7.68 10.77 11.72 13.16 13.76
 SD TMIN 14.86 15.42 13.87  9.20  9.24  7.54  6.35  7.04  9.04  9.02 12.00 13.97
 SOL.RAD  104.  172.  287.  409.  467.  505.  528.  455.  330.  203.  115.   81.
 SD SOL   16.0  28.2  44.4  60.5  43.6  39.5  31.3  34.9  28.8  24.3  22.0  13.6
 MX .5 P   .21   .26   .25   .37   .62  1.11  1.35  1.17   .65   .47   .23   .20
 DEW PT   3.06  8.06 20.01 30.01 41.03 53.00 59.00 56.98 47.01 34.01 21.03  8.07
Time Pk   .513  .694  .760  .833  .847  .850  .943  .950  .963  .976  .987 1.000
% N      13.99 15.85 16.13 14.49 12.23  9.14  8.72  9.24  8.70 10.89 11.96 12.40
MEAN      6.77  6.20  6.79  7.06  6.47  5.47  4.84  5.03  5.60  6.31  6.91  6.45
STD DEV   3.18  3.00  3.02  2.90  2.59  2.28  2.10  2.13  2.39  2.74  3.13  3.03
SKEW       .57   .80   .77   .43   .17   .40   .57   .53   .53   .51   .77   .94
% NNE     4.43  5.70  5.58  6.99  8.57  6.41  5.11  5.84  4.23  4.73  4.23  4.01
MEAN      5.48  5.22  5.80  6.25  5.94  5.14  4.48  4.52  4.86  5.28  5.80  5.21
STD DEV   2.46  2.31  2.92  2.71  2.43  2.03  1.90  1.96  2.15  2.42  2.68  2.53
SKEW       .42   .63   .96   .48   .49   .31   .65   .68   .67   .58   .68   .57
% NE      2.03  2.89  3.58  4.60  5.45  4.25  3.97  4.17  2.92  2.19  2.46  1.91
MEAN      3.40  3.87  4.32  5.22  4.83  4.11  3.91  3.67  4.19  3.98  4.04  3.67
STD DEV   1.37  1.65  2.02  2.36  1.98  1.72  1.72  1.46  2.02  1.65  1.67  1.79
SKEW       .98   .87   .97   .53   .62   .66   .69   .58  1.22   .41   .61   .88
% ENE     1.37  1.29  1.88  3.42  3.59  2.99  3.26  3.27  2.65  1.23  1.38  1.39
MEAN      3.30  4.34  4.65  5.29  4.65  4.25  3.89  3.81  4.36  3.45  3.86  3.82
STD DEV   1.39  2.16  2.50  2.34  1.91  1.75  1.59  1.48  1.69  1.40  1.58  1.61
SKEW       .86   .57  1.07   .84   .64   .84   .97   .76   .46   .52   .74   .53
% E       1.68  1.73  2.96  4.27  4.53  4.31  4.14  5.16  3.66  1.77  1.89  1.97
MEAN      3.44  3.90  4.38  5.09  4.81  4.14  3.79  3.91  4.18  3.56  3.68  3.42
STD DEV   1.53  1.96  2.01  2.25  2.19  1.84  1.56  1.51  1.71  1.46  1.78  1.49
SKEW       .58  1.12   .78   .50  1.15   .69   .80   .80   .64   .74   .92   .60
% ESE     2.07  2.10  3.55  4.16  6.06  4.92  4.68  5.45  4.02  2.46  2.15  1.72
MEAN      4.25  4.29  5.28  6.22  5.47  5.10  4.49  4.45  4.73  4.78  4.77  4.83
STD DEV   2.00  1.92  2.44  2.74  2.26  2.17  1.77  1.65  1.95  2.07  2.03  2.24
SKEW      1.00   .77   .66   .38   .60   .59   .74   .50   .57   .42   .63   .77
% SE      3.75  4.46  7.24  7.19  7.03  7.27  6.65  8.95  6.84  6.08  3.78  4.38
MEAN      5.58  6.31  6.30  6.58  6.11  5.70  5.27  5.41  5.46  5.95  5.18  5.51
STD DEV   2.52  2.89  2.59  2.85  2.57  2.31  2.08  2.08  2.17  2.61  2.45  2.34
SKEW       .38   .40   .45   .40   .58   .44   .34   .52   .29   .65   .55   .39
% SSE     9.46  9.95  9.78  9.27  8.68  9.69 11.01 14.04 12.51 14.44 10.46 10.62
MEAN      7.33  7.31  7.04  7.43  6.83  6.41  6.23  6.48  6.61  7.28  7.07  7.05
STD DEV   2.98  2.68  2.46  2.66  2.64  2.34  2.22  2.33  2.38  2.67  2.48  2.61
SKEW       .74  -.06   .05  -.06   .30   .15   .15   .26   .10   .27   .09   .32
% S      13.40 12.72 10.51  9.12 10.04 11.60 13.29 12.70 12.86 13.54 13.19 15.32
MEAN      5.67  5.84  5.97  6.49  6.12  5.92  5.56  5.68  5.91  5.80  5.78  5.76
STD DEV   2.17  2.26  2.29  2.59  2.58  2.34  2.16  2.17  2.48  2.25  2.16  2.24
SKEW       .47   .48   .40   .66   .60   .39   .37   .49   .52   .46   .38   .43
% SSW     4.94  4.83  3.53  3.07  4.26  5.17  5.06  4.68  5.10  4.89  4.62  4.83
MEAN      4.74  4.80  5.00  5.61  5.78  5.28  4.63  4.89  5.50  5.15  5.20  4.68
STD DEV   1.94  1.91  2.22  2.48  2.87  2.28  2.01  2.20  2.31  2.12  2.01  1.65
SKEW       .46   .69   .84   .90  1.38   .65   .59   .71   .70   .68   .58   .20
% SW      4.31  4.07  3.09  3.35  3.79  4.17  4.38  3.16  4.11  4.70  3.79  3.97
MEAN      4.48  4.27  4.29  5.51  4.95  4.91  4.15  4.32  4.92  4.77  4.38  4.12
STD DEV   1.87  1.56  1.84  2.58  2.35  2.43  1.72  1.91  2.13  1.96  1.77  1.75
SKEW       .60   .33   .95   .84   .81  1.17   .79   .91   .63   .75   .70   .53
% WSW     3.47  3.04  2.59  2.62  3.31  4.66  4.21  3.04  3.75  3.68  3.64  3.27
MEAN      4.29  4.11  4.45  5.37  5.03  5.20  4.21  4.42  4.90  4.97  4.65  4.41
STD DEV   1.70  1.54  1.89  2.18  2.37  2.43  1.84  1.81  2.23  2.10  1.76  1.99
SKEW       .53   .35   .80   .68   .52   .79   .92   .77   .59   .47   .64   .79
% W       5.83  4.89  4.22  4.39  4.09  6.36  5.80  3.47  6.29  4.98  6.33  5.56
MEAN      4.80  4.80  4.72  6.04  5.87  5.65  4.96  4.88  5.83  5.40  5.37  5.11
STD DEV   2.18  2.11  2.07  2.87  3.11  2.73  2.38  2.36  2.68  2.51  2.37  2.47
SKEW      1.01   .68   .72   .72   .85   .75   .88   .98   .71  1.02   .92   .92
% WNW     7.24  6.73  5.33  5.57  4.73  6.07  6.06  4.45  7.94  7.34  8.82  7.56
MEAN      5.69  6.12  5.79  7.04  6.69  6.37  5.61  5.28  6.36  6.56  7.19  6.15
STD DEV   2.73  3.03  2.58  3.44  3.21  3.17  2.72  2.46  2.90  3.09  3.44  3.21
SKEW       .75   .78   .49   .64   .45   .85   .69   .65   .57   .67   .89   .70
% NW      6.67  5.92  7.14  5.89  4.41  4.76  4.88  4.14  5.68  6.68  7.84  7.05
MEAN      6.30  6.09  6.13  7.05  6.72  5.67  5.11  5.14  6.10  6.72  7.26  6.54
STD DEV   3.02  3.03  3.00  3.29  3.06  2.68  2.46  2.25  2.90  3.01  3.36  3.18
SKEW       .57   .69   .57   .44   .36   .50   .78   .43   .58   .53   .38   .56
% NNW    13.58 12.01 11.44 10.46  7.96  6.47  6.61  6.28  7.20  9.22 12.08 11.99
MEAN      7.11  6.48  6.90  7.62  6.75  5.70  5.07  5.31  5.79  6.93  7.61  6.68
STD DEV   3.24  3.12  3.19  3.23  2.93  2.41  2.26  2.41  2.48  2.98  3.59  3.02
SKEW       .28   .60   .56   .54   .44   .43   .57   .54   .33   .35   .69   .38
CALM      1.75  1.84  1.38  1.15  1.27  1.73  2.14  2.07  1.52  1.19  1.45  1.98
 
INTERPOLATED DATA (station & weighting factor)
 
---Wind Stations---
FARGO         ND    1.000  GRAND FORKS   ND     .000  ALEXANDRIA    MN     .000
---Solar Radiation and Max .5 P Stations---
 MN FOSSTON          .346   ND HANNAFORD        .331   MN WHITE ROCK DAM   .324 
---Dewpoint Stations---
ND FARGO HECTOR INT  .971  ND JAMESTOWN MUNI A  .015  MN ALEXANDRIA MUNI   .014 
---Time Peak Stations---
MN FOSSTON           .347  ND HANNAFORD         .333  MN WHITE ROCK DAM    .320 
