 WILLOW CITY ND                          329445 0
 LATT=  48.60 LONG=-100.28 YEARS= 40. TYPE= 3
 ELEVATION = 1470. TP5 = 2.15 TP6= 3.99
 MEAN P    .10   .11   .17   .20   .28   .31   .32   .31   .23   .23   .16   .11
 S DEV P   .11   .14   .18   .23   .47   .43   .45   .50   .31   .33   .22   .13
 SKEW  P  2.78  4.20  1.96  2.25  8.67  3.62  3.24  3.56  2.84  3.81  3.42  3.72
 P(W/W)    .25   .27   .28   .39   .43   .45   .34   .33   .39   .35   .26   .28
 P(W/D)    .15   .10   .11   .14   .22   .31   .25   .22   .17   .12   .11   .13
 TMAX AV 14.22 20.44 32.61 52.71 66.36 74.82 80.89 79.73 69.25 54.39 34.86 19.34
 TMIN AV -6.65 -1.46 11.64 27.95 40.38 50.14 54.68 51.25 40.85 28.59 14.00  -.49
 SD TMAX 15.69 15.01 13.68 14.16 11.64  9.17  7.45  8.55 11.22 12.76 14.07 14.08
 SD TMIN 16.42 16.39 15.44  9.90  8.99  7.02  6.29  6.90  8.04  8.72 12.51 14.90
 SOL.RAD   95.  166.  299.  411.  483.  513.  542.  462.  327.  204.  111.   81.
 SD SOL   18.1  29.2  34.3  53.1  43.8  40.7  38.1  32.2  24.6  24.6  21.6   9.7
 MX .5 P   .20   .24   .25   .28   .49  1.01  1.19   .98   .53   .32   .25  1.98
 DEW PT   3.99  9.49 19.00 28.00 39.00 50.00 55.49 52.49 42.49 31.49 19.49  8.49
Time Pk   .517  .714  .783  .856  .866  .874  .956  .966  .967  .985  .996 1.000
% N       5.57  4.76  5.97  7.67  6.52  5.43  5.31  5.35  5.02  4.13  4.15  3.99
MEAN      5.90  5.48  6.37  6.55  6.60  5.79  4.86  4.93  5.27  5.71  4.96  5.34
STD DEV   2.82  2.74  3.35  2.86  3.00  2.65  2.09  2.07  2.39  2.55  2.33  2.60
SKEW       .50   .80   .94   .37   .60   .71   .66   .43   .52   .29   .64   .86
% NNE     3.44  2.41  4.20  5.37  6.21  4.91  4.65  4.30  4.22  5.11  2.63  3.04
MEAN      5.33  5.12  6.05  5.92  5.96  5.50  4.79  4.99  5.19  5.79  4.73  4.85
STD DEV   2.65  2.46  3.28  2.48  2.57  2.60  1.85  2.09  2.33  2.34  2.05  2.33
SKEW       .73   .80  1.09   .41   .54   .98   .42   .70   .83   .36   .52   .75
% NE      2.17  1.75  2.82  3.60  3.95  3.37  3.37  3.54  3.04  2.01  1.77  1.99
MEAN      4.07  3.80  4.64  5.18  5.05  4.52  4.03  4.19  4.30  4.54  4.01  4.06
STD DEV   2.04  1.28  2.52  2.45  2.12  2.04  1.67  1.95  1.86  2.25  1.86  1.79
SKEW       .86   .44   .81   .55   .80   .63   .74   .80   .69   .65   .79   .59
% ENE     1.84  2.52  2.69  4.02  5.34  3.56  3.47  4.00  2.85  1.74  1.87  2.84
MEAN      4.57  4.67  5.08  5.89  5.16  5.04  4.40  4.51  4.55  4.96  4.42  4.62
STD DEV   2.12  2.04  2.62  2.49  2.03  2.34  1.70  1.92  1.90  2.01  1.93  1.86
SKEW       .37   .36  1.01   .36   .42   .66   .48   .85   .63   .20   .43   .47
% E       2.92  3.77  3.92  4.50  5.36  4.58  3.87  4.44  3.30  2.18  2.60  3.14
MEAN      4.65  4.71  4.92  5.78  5.04  4.86  4.53  4.40  4.43  4.17  4.39  4.72
STD DEV   2.32  2.01  2.23  2.71  2.24  2.26  1.90  1.95  2.07  1.52  2.01  2.14
SKEW       .54   .29   .45   .54   .62   .80   .39   .69   .57   .49   .67   .35
% ESE     3.54  5.32  5.94  6.04  7.98  6.11  5.77  7.60  5.03  3.71  3.94  4.26
MEAN      4.92  5.38  5.42  6.16  5.66  5.48  4.97  4.80  4.85  5.35  4.92  4.77
STD DEV   2.24  2.24  2.20  2.60  2.25  2.23  2.04  1.99  2.11  2.00  1.98  2.19
SKEW       .32   .41   .38   .41   .39   .39   .52   .58   .50   .62   .38   .77
% SE      4.03  5.53  6.14  5.47  7.13  6.24  6.39  7.59  5.79  4.89  3.65  5.01
MEAN      4.39  4.82  5.17  5.47  5.66  5.14  4.41  4.61  4.72  4.99  4.30  4.45
STD DEV   1.92  2.33  2.21  2.41  2.48  2.37  2.04  2.01  2.17  2.71  1.82  2.19
SKEW       .58   .82   .54   .51   .34   .78   .98   .67   .53   .94   .62   .76
% SSE     4.58  6.80  7.02  8.05  7.88  7.07  7.87  9.29  6.92  7.01  5.13  5.82
MEAN      5.26  5.49  5.65  6.09  6.04  5.55  5.16  5.13  5.51  5.72  5.47  5.09
STD DEV   2.26  2.27  2.21  2.48  2.44  2.34  2.06  2.05  2.37  2.48  2.35  2.28
SKEW       .54   .41   .39   .32   .31   .62   .57   .54   .46   .61   .59   .71
% S       5.51  6.07  5.50  5.84  5.33  4.97  6.15  6.61  5.40  6.34  4.52  5.41
MEAN      4.93  4.83  5.18  5.69  5.54  5.06  4.86  4.84  5.08  5.58  5.26  4.74
STD DEV   2.22  2.19  2.64  2.50  2.37  2.29  2.14  2.28  2.33  2.31  2.36  2.10
SKEW       .73   .50  1.44   .57   .51   .78   .56   .59   .48   .40   .41   .61
% SSW     5.80  5.53  5.30  5.25  6.08  6.50  8.28  6.39  6.37  8.26  7.35  6.03
MEAN      4.99  5.24  5.19  5.75  5.54  5.24  4.83  5.13  5.08  5.43  5.16  5.23
STD DEV   2.29  2.11  2.04  2.33  2.22  2.19  2.02  2.58  2.21  2.14  2.09  2.24
SKEW       .63   .32   .49   .44   .38   .59   .52  1.43   .62   .56   .41   .72
% SW      6.80  7.19  5.72  4.31  5.33  6.95  6.43  5.57  6.77  8.20  7.83  7.93
MEAN      4.69  4.44  4.64  4.95  4.75  4.85  4.11  4.00  4.53  4.87  4.65  4.47
STD DEV   2.03  2.03  1.95  2.22  1.89  2.22  1.69  1.70  1.96  2.05  1.82  1.88
SKEW       .61   .72   .54   .76   .56  1.20   .73   .94   .61   .62   .96   .59
% WSW     7.58  7.24  4.99  5.21  4.63  8.20  6.53  5.41  7.51  8.79  7.45  8.28
MEAN      5.32  5.49  4.97  5.88  5.41  5.67  4.57  4.83  5.49  5.25  5.26  5.09
STD DEV   2.44  2.44  2.31  2.61  2.50  2.79  2.04  2.07  2.48  2.40  2.02  2.09
SKEW       .64   .78  1.11  1.01   .84  1.23  1.22   .57   .88  1.25   .42   .62
% W       9.18  8.06  7.04  4.96  4.89  7.18  6.04  5.59  7.79  7.71  8.59  9.11
MEAN      5.98  5.60  5.61  6.38  5.70  6.14  5.18  4.88  5.47  6.10  5.76  5.59
STD DEV   2.69  2.59  2.53  2.98  2.73  2.69  2.21  2.19  2.60  3.15  2.51  2.49
SKEW       .52   .50   .71   .61   .93   .58   .53   .84   .87   .70   .70   .67
% WNW    11.20  9.31  8.56  7.52  6.62  8.69  8.05  7.32 10.37 11.24 13.24 11.84
MEAN      7.21  6.96  6.57  7.42  7.04  6.39  5.87  5.87  6.84  6.92  6.84  6.79
STD DEV   2.78  2.87  2.46  3.64  2.90  2.73  2.45  2.44  2.90  2.88  2.79  2.68
SKEW       .38   .74   .24  1.31   .53   .78   .70   .61   .48   .73   .93   .60
% NW     11.20 11.87 11.84 10.27  7.58  7.03  8.57  7.59  9.85  9.67 13.10 11.70
MEAN      6.99  6.93  6.85  7.26  6.88  6.10  5.72  5.63  6.21  6.75  7.49  7.02
STD DEV   3.09  3.09  2.89  3.33  3.19  2.61  2.51  2.35  2.72  2.76  3.16  3.14
SKEW       .47   .59   .56   .69   .94   .40   .78   .49   .52   .44   .54   .54
% NNW    12.20  9.70 10.23 10.29  7.44  7.04  6.96  7.25  7.34  6.59  9.83  7.37
MEAN      7.23  6.85  6.99  7.40  6.82  6.17  5.54  5.87  5.93  6.86  7.01  6.60
STD DEV   3.04  2.84  3.25  2.87  2.78  2.44  2.21  2.27  2.36  2.84  3.01  2.87
SKEW       .38   .37  1.11   .37   .51   .36   .56   .41   .47   .43   .69   .54
CALM      2.57  2.15  2.05  1.65  1.78  2.10  2.31  2.23  2.34  2.38  2.31  2.27
 
INTERPOLATED DATA (station & weighting factor)
 
---Wind Stations---
MINOT         ND     .588  PEMBINA       ND     .217  WILLISTON     ND     .195
---Solar Radiation and Max .5 P Stations---
 ND ROLETTE 2SE      .614   ND BALFOUR          .276   ND MC GREGOR        .110 
---Dewpoint Stations---
ND MINOT AFB         .506  ND MINOT INTL AP     .494                            
---Time Peak Stations---
ND ROLETTE 2SE       .610  ND BALFOUR           .278  ND MC GREGOR         .112 
