 OMAHA WB AIRPORT NE                     256255 0
 LATT=  41.30 LONG= -95.90 YEARS= 40. TYPE= 3
 ELEVATION = 1000. TP5 = 2.67 TP6= 6.50
 MEAN P    .12   .13   .24   .30   .38   .39   .37   .45   .35   .32   .26   .15
 S DEV P   .17   .19   .33   .39   .51   .50   .51   .66   .45   .41   .39   .22
 SKEW  P  3.97  3.16  2.53  2.39  2.90  2.54  2.56  3.86  2.13  2.45  2.52  3.26
 P(W/W)    .34   .36   .43   .46   .50   .45   .42   .37   .40   .40   .40   .35
 P(W/D)    .16   .18   .20   .28   .31   .29   .25   .24   .21   .17   .15   .16
 TMAX AV 32.43 37.40 50.64 63.59 73.96 83.34 88.04 85.29 77.59 64.81 49.17 35.58
 TMIN AV 12.85 17.76 28.33 40.08 51.13 61.08 66.76 64.13 53.85 41.28 28.78 16.83
 SD TMAX 13.61 14.21 14.55 12.69  9.71  7.86  7.18  7.46  9.65 11.41 12.76 13.03
 SD TMIN 12.26 12.31 11.05  9.58  8.45  7.24  6.00  6.45  9.30  9.38  9.93 11.56
 SOL.RAD  152.  220.  326.  397.  472.  530.  536.  466.  389.  267.  166.  132.
 SD SOL   15.4  27.6  41.0  46.3  50.4  35.3  45.8  21.0  24.2  23.2  27.1  19.2
 MX .5 P   .22   .26   .47   .77  1.10  1.34  1.49  1.34  1.02   .67   .42   .28
 DEW PT  15.00 19.00 28.00 38.00 49.00 60.00 66.00 64.00 54.00 41.00 29.00 19.00
Time Pk   .488  .678  .758  .825  .835  .847  .942  .952  .960  .977  .990 1.000
% N      10.56  9.20  9.98  9.48  7.38  6.31  6.90  5.32  7.93  9.10  8.46  9.88
MEAN      5.26  5.79  5.56  5.31  4.59  3.87  3.94  3.75  4.24  4.40  5.09  4.86
STD DEV   2.43  2.50  2.53  2.67  2.26  1.83  1.83  1.86  2.10  2.14  2.52  2.40
SKEW       .32   .15   .40   .47   .73   .81   .72   .83   .70   .69   .51   .65
% NNE     4.87  4.57  5.78  5.74  5.24  4.04  3.98  4.17  4.47  3.25  3.55  5.22
MEAN      4.58  5.05  5.63  5.17  4.55  3.95  4.11  4.03  4.22  4.20  4.67  4.61
STD DEV   2.13  2.38  2.70  2.10  2.01  1.72  1.80  1.82  1.66  1.93  2.21  2.08
SKEW       .47   .36   .57   .15   .41   .55   .56   .62   .39   .65   .47   .41
% NE      3.26  3.29  5.10  5.03  4.36  3.72  5.27  4.54  4.01  2.66  2.50  2.89
MEAN      4.41  4.04  4.77  4.55  4.51  3.83  4.08  3.79  3.95  3.95  3.82  3.85
STD DEV   1.90  1.75  2.43  2.11  1.94  1.68  1.81  1.63  1.69  1.63  1.75  1.71
SKEW       .40   .63   .74   .56   .42   .59   .79   .79   .64   .57   .73   .61
% ENE     1.77  2.93  4.07  3.91  4.16  3.17  3.69  4.75  3.20  1.59  1.21  1.58
MEAN      3.64  4.13  4.60  4.94  4.52  3.95  4.06  3.80  3.73  3.42  3.25  3.82
STD DEV   1.62  1.81  2.04  2.07  2.00  1.84  1.80  1.47  1.61  1.41  1.43  1.72
SKEW       .27   .48   .52   .41   .59   .60   .78   .50   .58   .27   .75   .48
% E       2.24  4.69  5.89  5.23  6.07  4.92  5.37  7.49  4.39  2.91  1.88  2.38
MEAN      3.39  4.27  4.22  4.72  4.56  4.13  3.93  3.83  3.52  3.28  3.20  3.37
STD DEV   1.60  2.17  1.88  2.01  2.07  1.93  1.85  1.72  1.55  1.40  1.59  1.51
SKEW       .71   .59   .70   .44   .57   .75   .81   .76   .98   .72  1.19   .68
% ESE     3.00  4.57  4.93  4.66  6.12  5.36  5.67  5.74  4.66  4.52  3.44  3.48
MEAN      3.55  3.97  4.68  4.97  4.79  4.42  3.93  3.98  4.02  3.62  3.75  3.86
STD DEV   1.53  1.65  2.12  2.23  2.17  2.02  1.73  1.72  1.73  1.56  2.00  1.69
SKEW       .52   .65   .53   .55   .70   .65   .72   .68   .63   .61  1.45   .53
% SE      6.58  6.08  5.96  7.31  7.49  8.48 10.12  9.70  7.46  7.41  5.19  5.94
MEAN      4.21  4.27  4.84  5.53  5.05  4.56  4.34  4.39  4.31  4.32  3.86  4.21
STD DEV   1.90  1.91  2.22  2.91  2.21  2.08  1.94  1.89  2.00  1.87  1.89  1.87
SKEW       .51   .57   .42   .94   .46   .68   .75   .71   .65   .57   .97   .78
% SSE     5.67  5.84  5.61  7.05  8.79 10.93 10.59 10.68 10.20  8.75  5.68  6.24
MEAN      4.02  4.08  5.03  5.22  5.00  4.79  4.43  4.37  4.97  4.52  4.08  4.27
STD DEV   1.98  1.89  2.44  2.48  2.18  2.05  1.82  1.93  2.40  2.16  2.02  2.24
SKEW       .79   .78   .77   .55   .40   .50   .51   .68   .66   .98   .85   .96
% S       6.76  5.58  5.80  7.52 10.27 13.89 14.14 14.23 13.91 11.33  8.63  7.64
MEAN      4.06  4.20  5.13  5.53  5.37  5.12  4.70  4.51  5.07  4.84  4.18  3.98
STD DEV   2.03  1.94  2.72  2.74  2.54  2.23  1.96  1.98  2.39  2.34  1.91  1.99
SKEW       .81   .47   .66   .56   .71   .50   .50   .63   .68   .85   .70   .85
% SSW     4.68  4.42  3.75  4.18  5.13  5.35  6.72  6.63  5.52  5.80  4.94  4.73
MEAN      3.92  4.17  4.84  5.95  5.87  5.08  4.92  4.84  5.10  5.05  4.57  4.05
STD DEV   1.92  2.02  2.37  2.81  2.57  2.13  2.09  2.06  2.32  2.22  2.18  1.98
SKEW       .84   .73   .65   .29   .48   .35   .45   .45   .50   .54   .51   .76
% SW      4.29  4.57  3.37  3.27  4.05  3.32  4.06  4.01  3.69  3.55  4.24  3.92
MEAN      3.54  3.72  4.51  4.73  4.76  4.03  4.35  4.23  4.46  4.58  4.02  3.78
STD DEV   1.75  1.79  2.31  2.34  2.14  1.95  1.97  1.98  2.17  2.21  1.90  1.68
SKEW       .94   .79   .64   .69   .35   .81   .67   .72   .78   .64   .76   .50
% WSW     2.82  2.24  1.80  2.64  2.61  2.11  1.39  1.73  2.04  1.88  3.02  2.62
MEAN      3.86  3.65  4.47  4.74  4.63  3.57  3.64  3.58  3.90  4.23  3.74  3.38
STD DEV   2.00  1.76  2.58  2.40  2.29  1.59  1.59  1.68  1.97  2.04  1.76  1.57
SKEW      1.35   .92   .86   .64   .43   .70   .73   .87   .78   .52   .87  1.09
% W       3.33  3.48  3.22  3.39  2.86  3.05  1.74  1.65  2.84  2.67  4.59  3.94
MEAN      3.56  3.47  4.23  5.12  4.89  3.85  3.13  3.25  3.54  3.89  3.93  3.77
STD DEV   1.70  1.74  2.52  2.91  2.54  1.92  1.47  1.54  1.62  2.11  1.91  2.22
SKEW      1.11  1.10  1.10   .78   .60  1.11  1.23  1.05   .88   .89   .86  1.68
% WNW     5.37  5.51  5.66  3.70  3.43  3.64  1.88  1.58  2.87  4.36  7.37  5.39
MEAN      4.92  4.47  5.80  5.43  4.76  4.28  3.66  3.62  4.02  4.63  4.97  5.02
STD DEV   2.34  2.19  2.95  2.62  2.23  1.94  1.67  1.66  1.92  2.19  2.44  2.65
SKEW       .62   .86   .73   .47   .28   .74   .81   .87   .83   .42   .68   .90
% NW     10.62 10.55  9.58  8.04  4.93  4.62  3.02  2.70  4.90  7.71 11.94 10.49
MEAN      5.51  5.11  5.87  5.93  4.85  4.32  3.73  3.92  4.16  5.24  5.61  5.61
STD DEV   2.64  2.36  2.88  3.03  2.45  2.16  2.09  2.02  2.10  2.65  2.90  2.81
SKEW       .51   .55   .60   .48   .57   .62  1.20   .89   .76   .57   .64   .96
% NNW    10.02 10.34 10.55  9.98  6.25  4.97  4.26  3.50  5.46  7.85  8.96  8.76
MEAN      5.74  5.84  6.41  6.21  5.12  4.21  4.06  3.93  4.50  5.12  5.82  5.74
STD DEV   2.64  2.46  2.94  2.84  2.46  2.09  2.03  1.97  2.30  2.70  2.98  2.80
SKEW       .42   .22   .43   .37   .45   .55   .85   .80   .59   .68   .68   .84
CALM     14.10 12.21  8.90  8.86 10.90 12.12 11.25 11.68 12.36 14.63 14.33 14.94
 
INTERPOLATED DATA (station & weighting factor)
 
---Wind Stations---
LINCOLN       NB     .371  LINCOLN       NB     .371  SIOUX CITY    IA     .258
---Solar Radiation and Max .5 P Stations---
 IA MISSOURI VALLEY  .551   IA WALLIN 1 NW      .226   NE SYRACUSE         .223 
---Dewpoint Stations---
NE OMAHA EPPLEY AIR 1.000  NE OMAHA FT CROOK    .000  IA SIOUX CITY GATEW  .000 
---Time Peak Stations---
IA MISSOURI VALLEY   .539  IA WOODBINE          .276  NE SYRACUSE          .185 
