 NEBRASKA CITY NE                        255810 0
 LATT=  40.68 LONG= -95.83 YEARS= 40. TYPE= 3
 ELEVATION =  970. TP5 = 2.77 TP6= 6.60
 MEAN P    .17   .21   .31   .42   .47   .48   .55   .47   .44   .40   .31   .25
 S DEV P   .19   .28   .35   .55   .58   .60   .82   .62   .55   .57   .38   .34
 SKEW  P  2.07  3.51  2.15  2.93  2.35  2.58  3.24  2.55  2.12  3.65  2.65  2.63
 P(W/W)    .32   .32   .38   .44   .50   .38   .34   .36   .41   .42   .33   .29
 P(W/D)    .13   .15   .18   .23   .24   .25   .22   .19   .17   .14   .14   .14
 TMAX AV 33.54 38.89 51.19 63.69 74.05 83.07 87.57 85.40 78.23 66.26 50.75 37.34
 TMIN AV 13.77 17.94 28.52 39.70 50.96 60.53 65.74 63.03 53.28 41.54 29.50 18.25
 SD TMAX 13.70 14.71 14.44 12.94  9.88  7.64  7.16  7.53  9.83 11.26 13.19 13.35
 SD TMIN 12.35 12.63 10.92  9.24  7.89  6.82  5.88  6.19  8.79  8.88  9.83 11.61
 SOL.RAD  155.  219.  324.  392.  474.  528.  535.  470.  387.  268.  167.  132.
 SD SOL   17.8  28.5  41.2  46.6  49.1  29.9  40.0  21.2  24.7  24.5  27.8  22.5
 MX .5 P   .24   .26   .51   .69  1.34  1.42  1.48  1.29  1.00   .66   .50   .28
 DEW PT  15.57 19.57 28.57 38.38 49.88 60.38 65.88 63.88 54.07 41.07 29.26 19.57
Time Pk   .478  .668  .748  .827  .837  .853  .945  .957  .962  .980  .990 1.000
% N       8.59  9.35  9.85  7.82  6.74  6.26  6.06  5.27  7.28  7.59  7.45  9.07
MEAN      4.68  4.77  4.91  4.42  3.81  3.52  3.35  3.24  3.44  3.78  4.29  3.97
STD DEV   2.16  2.27  2.27  2.27  1.84  1.71  1.62  1.63  1.67  1.84  2.23  1.87
SKEW       .32   .51   .39   .65   .64   .80   .66   .85   .74   .66   .65   .72
% NNE     4.16  4.41  6.28  5.70  4.63  3.50  3.46  4.20  3.93  2.88  2.76  3.36
MEAN      4.18  4.52  5.00  4.49  4.12  3.86  3.40  3.43  3.83  3.76  3.95  3.65
STD DEV   1.91  1.83  2.32  1.94  1.75  1.67  1.54  1.57  1.55  1.69  1.81  1.62
SKEW       .77   .09   .44   .32   .48   .34   .47   .60   .17   .35   .37   .32
% NE      2.20  2.40  3.99  3.47  3.10  2.71  3.86  3.26  3.13  1.61  1.68  2.04
MEAN      3.59  3.55  4.31  3.98  3.81  3.34  3.04  3.16  3.16  3.11  2.80  3.16
STD DEV   1.63  1.72  2.17  1.70  1.76  1.64  1.46  1.49  1.46  1.63  1.21  1.36
SKEW       .40   .67   .48   .39   .49   .67  1.20   .64   .51   .99   .43   .30
% ENE     1.81  3.29  3.85  4.06  4.38  2.61  3.25  3.95  3.24  1.26  1.20  1.73
MEAN      3.25  3.55  4.32  4.43  3.90  3.62  3.40  3.14  3.08  2.61  2.86  3.36
STD DEV   1.54  1.58  1.97  1.76  1.72  1.79  1.62  1.27  1.44  1.19  1.31  1.48
SKEW       .36   .27   .53   .21   .66   .66   .99   .82   .62   .62   .66   .36
% E       2.20  3.56  4.32  4.47  5.29  4.68  5.07  6.25  4.14  2.30  1.36  2.54
MEAN      3.00  3.73  4.24  4.11  3.99  3.44  3.00  3.23  2.96  2.52  2.72  3.14
STD DEV   1.50  1.79  2.03  1.91  1.96  1.78  1.50  1.51  1.49  1.15  1.50  1.54
SKEW       .62   .37   .45   .53   .52   .78   .86   .64   .84   .65   .99   .51
% ESE     3.43  5.05  4.94  5.71  6.52  6.08  6.63  5.56  4.88  4.58  2.46  3.77
MEAN      3.57  4.18  4.95  5.00  4.75  4.14  3.68  3.40  3.59  3.60  3.32  3.54
STD DEV   1.64  1.98  2.19  2.27  2.32  2.05  1.88  1.60  1.66  1.72  1.84  1.69
SKEW       .34   .69   .35   .45   .63   .69   .79   .74   .53   .47   .97   .43
% SE      6.70  6.48  5.71  6.47  8.51  9.81 10.24  9.37  6.98  8.12  4.95  6.46
MEAN      3.92  3.93  4.55  5.14  4.63  4.23  3.77  3.62  3.81  3.99  3.45  3.80
STD DEV   2.01  1.98  2.43  2.84  2.32  2.12  1.92  1.76  1.93  2.17  1.83  1.90
SKEW       .53   .77   .51   .84   .59   .73   .71  1.00   .64   .79   .92   .77
% SSE     8.04  7.90  7.46 10.23 10.94 14.17 13.50 14.08 12.19 12.92  7.65  9.28
MEAN      4.06  4.19  5.32  5.76  5.23  5.01  4.28  4.00  4.70  4.52  4.05  4.49
STD DEV   2.02  2.03  3.12  2.70  2.52  2.43  2.02  1.87  2.34  2.39  2.11  2.46
SKEW       .53   .73  1.18   .30   .47   .48   .53   .61   .62   .86   .72   .98
% S       8.28  7.09  6.57  7.50  9.27 12.28 13.39 12.93 12.25 10.95  9.16  9.03
MEAN      4.09  4.14  4.80  5.00  4.87  4.55  4.02  3.88  4.41  4.09  3.98  3.84
STD DEV   2.15  2.02  2.90  2.73  2.79  2.18  1.83  1.92  2.29  2.13  1.96  2.07
SKEW       .90   .65   .79   .63   .93   .55   .44   .69   .73   .83   .65   .93
% SSW     5.16  4.43  4.37  4.11  5.45  4.74  6.17  6.36  5.02  5.47  4.52  3.80
MEAN      4.24  4.21  5.42  6.67  5.62  4.68  4.54  4.49  5.12  4.90  4.65  4.26
STD DEV   2.19  2.24  3.18  3.44  2.84  2.12  2.13  1.88  2.43  2.35  2.30  2.13
SKEW       .72  1.09  1.16   .30  1.22   .23   .55   .31   .50   .58   .59   .58
% SW      2.88  2.95  2.28  2.47  2.64  2.25  2.42  2.41  2.34  2.27  2.99  2.69
MEAN      3.49  3.78  4.33  4.22  4.25  3.39  3.40  3.42  3.96  3.83  3.60  3.58
STD DEV   1.80  1.60  2.62  2.25  2.10  1.55  1.74  1.67  1.82  1.87  1.79  2.14
SKEW       .75   .54  1.22   .69   .47   .37   .92   .51   .25   .45   .53  1.39
% WSW     2.39  1.87  2.21  2.12  2.33  2.13  1.24  1.36  1.69  1.99  2.47  2.01
MEAN      3.84  3.19  4.82  4.75  4.22  3.19  3.31  3.14  3.58  4.19  3.76  3.39
STD DEV   2.02  1.65  3.01  2.52  1.89  1.49  1.48  1.41  1.67  1.86  1.78  1.52
SKEW       .92   .86   .96   .70   .28   .50   .35   .45   .24  -.01   .54   .50
% W       2.81  2.43  3.06  2.72  2.35  2.46  1.86  1.30  1.98  2.03  3.97  3.94
MEAN      3.77  3.05  4.31  4.50  4.86  3.55  2.88  2.87  3.36  3.94  3.61  3.65
STD DEV   1.83  1.60  2.36  2.66  2.59  1.60  1.41  1.38  1.51  2.28  1.88  2.18
SKEW       .50  1.09   .58   .73   .55   .38   .67   .81   .51   .84   .67  1.60
% WNW     5.54  4.44  6.15  4.29  3.91  3.27  1.65  1.46  2.45  3.65  8.75  5.31
MEAN      5.23  5.42  6.25  6.31  4.80  4.21  3.66  3.46  3.83  4.77  5.22  5.14
STD DEV   2.48  2.87  3.20  3.06  2.34  1.88  1.80  1.52  1.75  2.21  2.55  2.72
SKEW       .51   .62   .63   .37   .70   .37   .52   .67   .64   .41   .56  1.03
% NW      8.52  9.45  7.91  7.71  4.45  4.06  3.09  2.44  3.94  6.24 10.81  9.05
MEAN      5.31  4.94  5.89  5.43  4.46  3.53  3.17  3.30  3.44  4.46  5.33  5.00
STD DEV   2.78  2.62  3.29  3.17  2.42  1.78  1.71  1.72  1.74  2.37  2.83  2.57
SKEW       .69   .60   .81   .74   .83   .47   .89   .76   .59   .68   .53   .55
% NNW    15.19 13.63 12.54 12.01  7.75  6.80  5.62  5.72  7.56  9.54 13.07 11.17
MEAN      5.72  5.50  6.01  5.77  4.64  4.07  3.60  3.66  3.97  4.76  5.46  5.40
STD DEV   2.60  2.41  2.93  2.73  2.24  1.99  1.83  1.96  2.01  2.45  2.77  2.64
SKEW       .40   .43   .52   .55   .59   .41   .86  1.06   .55   .60   .52   .62
CALM     12.19 11.36  8.47  9.11 11.77 12.15 12.57 14.08 16.92 16.55 14.71 14.75
 
INTERPOLATED DATA (station & weighting factor)
 
---Wind Stations---
TARKIO        MO     .441  OMAHA/OFFUTT  NB     .302  LINCOLN       NB     .257
---Solar Radiation and Max .5 P Stations---
 NE SYRACUSE         .526   NE DAWSON           .261   IA WALLIN 1 NW      .212 
---Dewpoint Stations---
NE OMAHA FT CROOK    .499  NE LINCOLN MUNI AP   .311  MO ST JOSEPH ROSECR  .189 
---Time Peak Stations---
NE SYRACUSE          .530  NE DAWSON            .257  IA WALLIN 1 NW       .213 
