 KEARNEY NE                              254335 0
 LATT=  40.70 LONG= -99.08 YEARS= 40. TYPE= 3
 ELEVATION = 2150. TP5 = 2.50 TP6= 5.43
 MEAN P    .13   .14   .28   .33   .37   .40   .38   .35   .31   .33   .20   .15
 S DEV P   .18   .17   .42   .46   .48   .60   .47   .45   .44   .47   .26   .20
 SKEW  P  3.81  2.42  3.46  2.61  2.58  3.72  2.11  2.28  2.62  2.40  2.12  2.67
 P(W/W)    .22   .30   .39   .44   .47   .46   .42   .38   .36   .42   .44   .23
 P(W/D)    .10   .11   .16   .20   .30   .25   .21   .22   .17   .14   .10   .09
 TMAX AV 35.12 39.81 50.56 62.57 72.34 82.53 87.79 85.29 77.88 65.20 49.53 37.54
 TMIN AV 12.49 16.42 25.47 36.16 47.72 57.82 63.04 60.48 50.12 37.49 24.81 15.45
 SD TMAX 14.77 15.62 15.04 13.46 10.48  9.03  7.50  7.80 10.65 12.29 14.11 14.02
 SD TMIN 11.85 12.18 10.36  9.05  8.14  6.71  5.71  5.97  8.99  8.90  9.57 11.28
 SOL.RAD  176.  248.  361.  440.  521.  585.  595.  520.  416.  296.  188.  161.
 SD SOL   15.0  24.3  33.4  42.9  49.4  42.6  41.1  26.9  24.5  26.8  28.4  20.2
 MX .5 P   .28   .25   .50   .63  1.12  1.42  1.28  1.28   .79   .64   .33   .31
 DEW PT  14.72 18.56 26.45 35.90 47.12 56.95 62.01 61.18 50.34 37.51 26.28 18.23
Time Pk   .445  .631  .714  .799  .815  .831  .935  .948  .951  .962  .984 1.000
% N       8.94  7.53  8.56  8.95  7.00  4.78  4.08  3.65  7.09  6.97  7.49  7.60
MEAN      6.78  6.81  7.71  7.30  5.87  5.19  4.88  4.91  5.72  5.63  6.24  6.54
STD DEV   3.08  3.21  3.81  3.06  2.72  2.42  2.49  2.34  2.61  2.67  3.09  3.19
SKEW       .28   .65   .39   .18   .39   .60   .60   .55   .35   .50   .46   .44
% NNE     6.98  7.52  9.28  8.07  8.44  7.86  7.51  6.14  6.88  8.51  5.38  5.09
MEAN      5.77  6.12  7.15  7.06  6.03  5.79  5.48  4.85  5.21  5.64  6.05  6.18
STD DEV   2.46  2.87  3.14  2.82  2.57  2.52  2.52  2.15  2.42  2.36  2.78  2.73
SKEW       .22   .44   .42   .21   .34   .43   .68   .41   .56   .42   .29   .21
% NE      2.58  3.12  3.99  4.18  5.00  4.54  4.76  4.54  3.78  3.49  2.54  2.15
MEAN      4.16  4.57  5.40  5.40  5.52  4.81  4.57  4.28  4.06  4.10  4.27  4.23
STD DEV   1.93  2.06  2.67  2.31  2.60  2.26  2.17  1.93  1.95  1.77  2.13  1.98
SKEW       .76   .55   .55   .48   .40   .59   .79   .48   .89   .61   .69   .41
% ENE     2.89  3.22  4.63  5.43  5.93  5.70  6.08  6.59  4.47  3.43  2.06  1.63
MEAN      3.96  4.96  5.65  5.69  5.59  5.04  4.74  4.72  4.35  3.97  4.45  3.84
STD DEV   1.57  2.29  2.61  2.28  2.58  2.12  2.04  2.05  1.87  1.61  2.19  1.79
SKEW       .63   .77   .75   .30   .67   .38   .45   .66   .56   .62   .68   .66
% E       2.02  3.10  3.18  4.19  4.28  5.11  5.13  5.57  4.48  2.49  1.80  1.86
MEAN      3.38  4.49  5.40  4.87  5.19  4.86  4.28  4.30  3.94  3.47  3.46  3.78
STD DEV   1.35  2.23  2.45  2.06  2.47  2.12  1.95  1.88  1.70  1.46  1.52  1.76
SKEW       .69   .80   .43   .49   .78   .43   .81   .76   .59   .67   .86   .66
% ESE     2.45  3.70  5.37  5.61  6.44  7.84  7.12  8.19  5.42  3.86  2.12  2.52
MEAN      3.71  4.61  5.33  5.33  5.38  5.42  4.55  4.55  4.20  3.81  4.06  4.15
STD DEV   1.54  2.10  2.35  2.21  2.44  2.11  1.84  1.85  1.61  1.52  1.67  1.79
SKEW       .84   .92   .60   .53   .70   .27   .53   .80   .46   .41   .65   .71
% SE      2.97  3.32  4.59  5.17  5.49  6.52  7.14  7.70  4.93  4.36  2.63  2.71
MEAN      3.76  4.14  4.92  5.16  4.87  5.34  4.39  4.31  4.02  4.19  4.12  3.87
STD DEV   1.66  1.94  1.99  2.06  2.19  2.15  1.91  1.73  1.66  1.78  1.99  1.65
SKEW       .61   .92   .35   .46   .79   .25   .65   .57   .79   .74   .98   .69
% SSE     5.69  6.21  8.16 10.49 11.86 13.33 14.48 13.87 11.14  8.92  6.00  4.68
MEAN      4.84  5.65  5.97  6.67  6.53  6.44  5.42  5.22  5.36  5.28  4.81  4.92
STD DEV   2.03  2.56  2.52  2.71  2.79  2.53  2.10  1.97  2.22  2.31  2.18  2.09
SKEW       .43   .69   .43   .36   .40   .23   .39   .34   .52   .64   .73   .77
% S       8.09  5.66  7.08  7.56  9.77 12.79 15.75 14.90 14.51 11.68  7.70  6.48
MEAN      4.99  5.53  6.49  6.75  6.71  6.91  5.97  6.03  6.22  5.93  5.05  4.99
STD DEV   2.29  2.59  3.10  2.91  2.95  2.82  2.35  2.35  2.65  2.67  2.27  2.33
SKEW       .78   .31   .64   .32   .29   .18   .33   .17   .35   .43   .66   .72
% SSW     6.59  5.46  5.49  5.87  6.25  8.69 10.52  9.87  8.98  8.17  7.17  4.94
MEAN      5.16  5.44  6.43  6.43  6.89  6.85  6.02  5.98  6.13  5.72  5.23  5.31
STD DEV   2.15  2.43  2.85  2.70  3.11  2.86  2.37  2.50  2.60  2.53  2.20  2.41
SKEW       .44   .52   .62   .28   .48   .16   .19   .13   .30   .44   .45   .55
% SW      4.75  4.25  3.35  2.94  2.65  3.37  3.35  2.96  3.53  3.94  4.91  5.05
MEAN      4.27  4.63  5.16  5.57  4.95  5.27  4.68  4.87  4.42  4.40  4.25  4.35
STD DEV   1.92  1.88  2.40  2.62  2.69  2.51  2.25  2.12  2.15  2.17  2.04  1.83
SKEW       .63   .25   .54   .39   .53   .49   .39   .50   .50   .76   .83   .64
% WSW     6.69  6.32  3.79  3.00  2.98  2.89  2.46  2.60  3.44  4.33  6.66  7.59
MEAN      4.32  4.34  4.76  4.61  4.30  4.48  3.91  3.83  4.16  3.69  4.21  4.22
STD DEV   1.82  1.57  2.13  1.96  1.89  2.05  1.57  1.70  1.70  1.43  1.77  1.60
SKEW       .66   .50   .59   .50   .58   .61   .40   .68   .51   .58   .75   .59
% W       5.50  5.38  3.44  2.52  3.00  2.26  1.53  1.84  3.04  4.10  6.20  7.30
MEAN      3.78  4.00  4.16  4.78  3.81  4.00  3.21  3.19  3.66  3.43  3.81  3.94
STD DEV   1.52  1.59  1.84  2.43  1.92  2.03  1.51  1.23  1.81  1.46  1.50  1.42
SKEW       .75   .58  1.02   .81   .99   .90   .84   .83   .93   .97   .71   .52
% WNW     9.00 10.76  5.30  5.00  4.62  3.17  2.06  2.50  4.31  7.09 11.02 12.63
MEAN      4.57  4.78  5.17  5.42  4.87  4.99  3.38  3.77  3.79  4.07  4.59  4.71
STD DEV   2.16  2.15  2.62  2.59  2.47  2.91  1.39  1.71  1.80  1.99  2.03  1.98
SKEW      1.19  1.07   .97   .80   .76   .88   .97  1.02  1.09  1.52   .85   .92
% NW     10.57  9.88  7.70  6.66  5.83  3.82  2.48  2.89  4.73  7.46 11.49 12.64
MEAN      5.42  5.72  6.72  6.24  5.28  4.71  3.35  3.63  3.82  4.76  5.49  5.55
STD DEV   2.73  2.86  3.72  3.16  3.16  2.76  1.47  1.89  1.93  2.49  2.84  2.72
SKEW      1.16   .78   .83  1.04  1.42   .91  1.12  1.20  1.13   .97   .84   .91
% NNW    11.05 12.50 14.36 13.26  8.66  5.82  3.42  3.85  6.70  8.69 12.17 12.86
MEAN      6.71  7.18  8.24  8.33  6.69  5.91  4.58  4.64  5.49  6.11  7.22  7.16
STD DEV   3.16  3.25  3.81  3.75  3.18  2.91  2.10  2.31  2.56  2.96  3.50  3.20
SKEW       .48   .46   .65   .43   .65   .42   .61   .68   .47   .57   .44   .47
CALM      3.19  1.90  1.73  1.18  1.83  1.36  2.18  2.28  2.52  2.59  2.63  2.23
 
INTERPOLATED DATA (station & weighting factor)
 
---Wind Stations---
LEXINGTON     NB     .450  GRAND ISLAND  NB     .381  HILL CITY     KS     .169
---Solar Radiation and Max .5 P Stations---
 NE GIBBON           .607   NE CANADAY STEAM P  .232   NE EDISON           .161 
---Dewpoint Stations---
NE GRAND ISLAND AP   .614  NE NORFOLK KARL STE  .221  KS GOODLAND RENNER   .165 
---Time Peak Stations---
NE GIBBON            .591  NE CANADAY STEAM PL  .243  NE EDISON            .166 
