 RAVENNA NE                              257040 0
 LATT=  41.03 LONG= -98.92 YEARS= 40. TYPE= 3
 ELEVATION = 2000. TP5 = 2.54 TP6= 5.28
 MEAN P    .17   .21   .35   .38   .42   .51   .43   .46   .39   .37   .32   .19
 S DEV P   .32   .66   .41   .47   .49   .71   .50   .55   .45   .46   .47   .20
 SKEW  P  6.60 11.02  2.30  2.46  3.29  3.67  2.48  2.20  2.17  3.01  3.43  1.60
 P(W/W)    .22   .32   .34   .41   .44   .41   .35   .31   .33   .37   .31   .25
 P(W/D)    .09   .10   .13   .20   .24   .23   .20   .19   .14   .13   .10   .08
 TMAX AV 36.31 40.88 52.07 63.84 73.43 82.94 87.84 85.46 77.98 65.61 49.89 38.34
 TMIN AV 11.86 15.97 25.55 36.23 47.59 57.73 63.39 61.09 50.06 37.01 24.09 14.24
 SD TMAX 14.69 15.10 14.70 13.06  9.77  8.34  7.09  7.09 10.08 12.20 13.85 13.90
 SD TMIN 12.23 12.61 10.60  9.92  8.97  7.68  5.87  6.52 10.08  9.73 10.27 11.50
 SOL.RAD  170.  239.  349.  426.  502.  564.  581.  505.  406.  284.  178.  153.
 SD SOL   14.8  30.1  35.5  49.6  59.2  44.1  43.3  31.3  27.7  27.9  28.3  20.6
 MX .5 P   .26   .25   .46   .60  1.09  1.35  1.27  1.19   .91   .62   .34   .26
 DEW PT  15.09 18.92 26.59 36.12 47.30 56.95 61.77 60.77 50.12 37.45 26.45 18.45
Time Pk   .451  .641  .716  .806  .824  .839  .939  .952  .955  .965  .985 1.000
% N       9.28  8.09  9.08  9.11  7.48  5.27  4.74  3.96  7.21  7.21  7.72  7.43
MEAN      6.66  6.86  7.40  7.11  5.95  5.23  4.91  4.96  5.59  5.65  6.35  6.41
STD DEV   2.88  3.06  3.41  2.92  2.68  2.37  2.32  2.26  2.43  2.55  2.85  2.92
SKEW       .33   .53   .36   .19   .32   .52   .52   .47   .30   .44   .33   .42
% NNE     5.39  6.08  7.65  6.91  7.40  6.63  6.26  5.16  6.08  6.75  4.19  4.37
MEAN      5.50  5.90  6.96  6.66  5.88  5.49  5.14  4.69  5.01  5.38  5.81  5.82
STD DEV   2.31  2.65  3.01  2.61  2.52  2.41  2.31  1.99  2.26  2.25  2.61  2.53
SKEW       .28   .36   .42   .14   .32   .41   .61   .43   .54   .46   .29   .27
% NE      2.66  3.18  4.20  4.47  5.20  4.50  4.82  4.35  3.94  2.98  2.27  2.29
MEAN      4.26  4.69  5.63  5.45  5.35  4.74  4.55  4.19  4.10  4.12  4.30  4.39
STD DEV   1.92  2.02  2.65  2.31  2.47  2.17  2.10  1.87  1.88  1.83  2.08  2.05
SKEW       .68   .48   .51   .41   .38   .57   .65   .58   .66   .66   .64   .48
% ENE     2.22  2.73  3.88  4.59  4.81  4.59  4.89  5.60  3.56  2.52  1.63  1.46
MEAN      3.89  4.91  5.58  5.76  5.38  4.84  4.61  4.60  4.23  3.87  4.57  4.01
STD DEV   1.50  2.23  2.57  2.34  2.35  2.05  1.92  1.91  1.77  1.53  2.22  1.90
SKEW       .59   .71   .74   .25   .39   .41   .45   .65   .58   .60   .68   .66
% E       1.79  3.22  3.49  4.37  4.40  4.97  4.92  5.54  4.09  2.03  1.62  1.67
MEAN      3.50  4.71  5.57  5.25  5.18  4.74  4.25  4.22  4.00  3.49  3.66  3.78
STD DEV   1.47  2.29  2.57  2.23  2.38  2.05  1.86  1.77  1.73  1.49  1.57  1.79
SKEW       .74   .73   .54   .37   .59   .50   .73   .71   .64   .70   .82   .80
% ESE     2.28  3.61  4.92  5.01  5.86  6.84  6.13  7.05  4.71  3.39  2.00  2.31
MEAN      3.80  4.72  5.40  5.36  5.36  5.24  4.46  4.46  4.25  3.89  4.08  4.14
STD DEV   1.63  2.15  2.37  2.20  2.28  2.06  1.81  1.73  1.65  1.49  1.72  1.79
SKEW       .81   .88   .54   .39   .53   .36   .51   .69   .50   .46   .69   .76
% SE      3.41  4.01  5.25  5.81  6.11  7.43  8.05  8.85  5.60  5.37  3.01  3.45
MEAN      4.06  4.35  5.06  5.39  5.16  5.34  4.37  4.35  4.14  4.48  4.15  4.14
STD DEV   1.86  2.00  2.06  2.27  2.26  2.12  1.88  1.70  1.71  1.90  1.91  1.75
SKEW       .64   .88   .42   .48   .62   .25   .69   .54   .78   .71   .96   .63
% SSE     5.90  6.30  7.74  9.81 11.34 12.81 13.75 13.98 11.23  9.60  6.05  5.19
MEAN      5.13  5.52  5.94  6.77  6.50  6.29  5.37  5.25  5.46  5.45  5.00  5.08
STD DEV   2.13  2.31  2.44  2.70  2.64  2.39  2.06  1.94  2.18  2.33  2.16  2.10
SKEW       .36   .54   .37   .29   .30   .21   .38   .27   .44   .64   .65   .65
% S       9.18  6.93  8.04  8.97 11.14 14.26 17.03 16.42 16.13 13.35  9.39  8.07
MEAN      5.38  5.62  6.60  7.07  6.88  6.89  6.00  6.05  6.27  6.05  5.38  5.28
STD DEV   2.39  2.47  2.94  2.97  2.81  2.74  2.29  2.29  2.54  2.58  2.26  2.36
SKEW       .66   .31   .56   .38   .21   .18   .32   .19   .30   .46   .59   .75
% SSW     6.67  5.21  5.23  5.50  5.94  7.84  9.52  9.11  7.94  7.77  7.59  5.46
MEAN      5.37  5.65  6.47  6.69  7.03  6.77  6.01  6.06  6.17  5.79  5.55  5.49
STD DEV   2.17  2.47  2.74  2.71  2.98  2.77  2.31  2.43  2.50  2.47  2.28  2.37
SKEW       .40   .51   .51   .23   .29   .13   .17   .05   .18   .41   .34   .41
% SW      5.22  4.61  3.40  3.01  2.99  3.56  3.65  3.13  3.66  4.15  5.51  5.63
MEAN      4.43  4.74  5.20  5.77  5.31  5.14  4.83  4.85  4.50  4.63  4.57  4.54
STD DEV   1.88  1.93  2.34  2.62  2.70  2.42  2.20  2.08  2.20  2.13  2.13  1.87
SKEW       .62   .26   .56   .36   .46   .67   .32   .50   .55   .61   .73   .61
% WSW     6.18  5.50  3.31  2.80  2.60  2.64  2.27  2.22  3.15  3.77  5.91  6.89
MEAN      4.42  4.39  4.68  4.90  4.66  4.50  3.99  3.96  4.33  3.99  4.35  4.40
STD DEV   1.71  1.61  1.93  2.18  2.10  2.05  1.62  1.68  1.82  1.53  1.76  1.65
SKEW       .49   .47   .47   .49   .50   .64   .46   .63   .54   .48   .68   .51
% W       5.60  5.47  3.48  2.82  3.22  2.60  1.86  2.12  3.16  4.24  6.10  6.70
MEAN      4.10  4.19  4.38  5.20  4.33  4.19  3.33  3.34  3.83  3.79  4.14  4.19
STD DEV   1.60  1.67  1.94  2.66  2.22  2.07  1.52  1.27  1.81  1.69  1.61  1.53
SKEW       .65   .56  1.04   .73   .83   .87   .84   .82   .81   .93   .67   .60
% WNW     7.84  9.22  5.11  4.61  4.39  3.21  2.11  2.28  4.15  6.67  9.84 10.67
MEAN      4.70  4.93  5.40  5.70  5.07  4.88  3.58  3.86  3.94  4.39  4.84  4.93
STD DEV   2.09  2.20  2.69  2.72  2.53  2.65  1.59  1.71  1.81  2.15  2.07  2.10
SKEW      1.12  1.08   .95   .76   .79   .79   .98  1.01  1.00  1.41   .80   .93
% NW     11.00 10.25  8.99  7.95  6.36  4.45  3.05  3.16  5.27  8.11 12.37 12.97
MEAN      6.01  5.84  7.13  6.94  5.61  4.88  3.83  3.99  4.37  5.22  6.19  6.15
STD DEV   2.88  2.70  3.68  3.32  2.97  2.64  1.80  2.02  2.15  2.56  3.03  2.88
SKEW      1.00   .65   .85   .76  1.04   .76   .99   .92   .85   .82   .73   .83
% NNW    12.05 12.99 14.23 12.85  8.59  6.18  4.03  4.05  7.07  9.34 12.24 12.71
MEAN      7.08  7.36  8.11  8.35  6.68  5.77  4.74  4.78  5.68  6.28  7.50  7.33
STD DEV   3.13  3.17  3.50  3.62  3.04  2.75  2.06  2.25  2.52  2.89  3.50  3.14
SKEW       .45   .46   .63   .41   .52   .36   .56   .64   .35   .47   .46   .44
CALM      3.30  2.48  2.02  1.47  2.20  2.05  2.96  3.00  2.96  2.84  2.54  2.69
 
INTERPOLATED DATA (station & weighting factor)
 
---Wind Stations---
GRAND ISLAND  NB     .507  LEXINGTON     NB     .334  NORFOLK       NB     .159
---Solar Radiation and Max .5 P Stations---
 NE GIBBON           .517   NE BROKEN BOW #2    .245   NE SPALDING 8S      .239 
---Dewpoint Stations---
NE GRAND ISLAND AP   .677  KS HILL CITY MUNI A  .177  NE VALENTINE MILLER  .146 
---Time Peak Stations---
NE GIBBON            .516  NE BROKEN BOW #2     .247  NE SPALDING 8S       .237 
