 ELY WBO NV                              262631 0
 LATT=  39.28 LONG=-114.85 YEARS= 40. TYPE= 3
 ELEVATION = 6250. TP5 = 1.39 TP6= 2.26
 MEAN P    .10   .11   .12   .13   .15   .13   .12   .14   .17   .18   .13   .10
 S DEV P   .12   .12   .13   .16   .19   .18   .17   .19   .28   .20   .16   .14
 SKEW  P  2.66  1.86  2.28  3.30  1.96  2.99  2.35  2.12  4.55  1.75  2.27  3.83
 P(W/W)    .46   .49   .44   .50   .52   .45   .46   .44   .45   .45   .39   .40
 P(W/D)    .16   .17   .19   .17   .15   .09   .12   .13   .11   .11   .13   .15
 TMAX AV 39.78 43.03 50.25 57.96 67.77 79.71 87.84 85.47 76.42 63.29 49.46 40.61
 TMIN AV 10.56 15.28 22.20 26.71 33.28 40.61 48.19 46.60 37.99 28.06 18.67 10.93
 SD TMAX  9.60  9.42  9.81 10.94 10.87  9.36  5.66  5.69  8.61 10.99 11.26 10.14
 SD TMIN 11.86 11.25  8.19  7.32  6.49  6.45  5.71  6.17  7.44  7.22  9.80 11.37
 SOL.RAD  233.  297.  447.  560.  663.  709.  670.  593.  514.  377.  275.  215.
 SD SOL   27.1  33.7  34.7  25.9  24.4  16.3  34.3  36.2  20.4  28.9  16.4  21.4
 MX .5 P   .31   .31   .32   .31   .30   .47   .67   .66   .65   .36   .26   .26
 DEW PT  14.00 17.00 21.00 22.00 27.00 29.00 34.00 34.00 30.00 24.00 18.00 13.00
Time Pk   .591  .776  .845  .900  .905  .905  .985  .985  .990  .995 1.000 1.000
% N       8.08 11.28 11.81 11.06  9.94  8.86  4.25  4.42  6.90  9.36  8.44  9.09
MEAN      4.76  5.55  5.54  5.66  5.05  4.70  4.48  4.29  4.63  5.29  4.99  4.78
STD DEV   2.36  2.74  2.42  2.40  2.11  1.96  1.94  1.84  1.88  2.49  2.21  2.33
SKEW       .94   .94   .50   .60   .64   .66   .69  1.02   .51   .73   .76   .90
% NNE     3.99  5.30  5.52  6.18  6.07  3.93  3.00  3.16  4.48  7.09  4.93  4.69
MEAN      5.42  5.45  5.52  5.64  5.15  4.45  5.07  4.78  4.87  5.29  5.12  5.33
STD DEV   2.62  2.29  2.30  2.41  2.21  1.77  2.23  1.99  1.92  2.29  2.02  2.51
SKEW       .50   .46   .41   .61   .67   .62   .52   .81   .44   .64   .31   .81
% NE      2.03  2.14  2.24  2.56  2.78  2.60  2.66  2.10  2.76  3.01  1.93  2.13
MEAN      4.09  3.94  3.94  4.24  4.55  4.01  4.07  4.09  4.14  4.22  3.83  4.09
STD DEV   1.82  1.69  1.64  1.71  1.98  1.69  2.05  1.67  1.54  1.66  1.58  1.83
SKEW       .88   .70   .94   .88   .38   .88  1.62   .63   .28   .58   .75   .67
% ENE      .90   .75   .82  1.13  1.24  1.24  1.07  1.00  1.08   .88   .70   .62
MEAN      2.86  3.14  3.26  3.22  3.89  3.54  3.81  3.91  3.47  2.99  2.85  2.86
STD DEV   1.13  1.18  1.27   .95  1.56  1.50  1.47  1.53  1.17   .85   .81   .72
SKEW       .91   .61  1.05   .62   .75   .96   .57   .81   .30   .42   .75   .53
% E        .70   .73   .64   .88  1.05  1.18  1.23  1.04   .90   .86   .94   .73
MEAN      2.54  2.53  2.79  2.72  3.25  3.06  3.35  3.43  3.00  2.33  2.36  2.74
STD DEV    .66   .73   .84  1.04  1.12  1.24  1.50  1.20   .87   .55   .50   .72
SKEW       .11  1.37   .95  1.14   .58  1.69  1.61   .92   .42  2.78  1.38   .87
% ESE      .57   .51   .47   .50   .83   .69   .90   .96   .56   .70   .44   .77
MEAN      2.68  2.45  2.69  3.02  3.26  2.92  3.45  3.18  2.54  2.86  2.90  2.87
STD DEV    .59   .96   .55  1.22  1.00  1.14  1.46  1.11   .53   .96   .85   .75
SKEW       .14   .62  -.24  1.97  1.37   .79   .91   .75   .37  1.15   .44   .33
% SE      1.23  1.04  1.53  1.51  1.66  1.80  1.87  2.14  1.32  1.10  1.16  1.43
MEAN      3.05  3.08  3.20  3.85  3.90  3.66  3.58  3.78  3.24  2.98  2.61  2.76
STD DEV   2.12  1.69  1.44  2.07  1.89  1.69  1.85  1.85  1.29  1.31   .72   .86
SKEW      3.78  2.34  1.41  1.50  1.17  1.31  2.03  1.18  1.40  2.72  1.03   .60
% SSE     4.62  4.38  4.01  5.09  4.82  4.38  4.46  5.18  3.50  2.78  3.18  4.09
MEAN      6.87  6.75  6.12  6.22  5.41  5.12  5.07  4.86  4.79  5.09  6.13  6.40
STD DEV   3.97  3.97  3.52  3.31  2.97  2.77  2.62  2.61  2.77  2.87  3.91  3.98
SKEW       .43   .42   .59   .46  1.25  1.01   .91  1.17  1.31  1.12   .77   .57
% S      35.25 31.01 28.48 26.28 27.59 28.19 32.34 33.02 34.93 34.11 35.37 34.20
MEAN      5.70  5.61  5.70  5.83  5.54  5.33  5.07  5.25  5.26  5.33  5.65  5.65
STD DEV   2.32  2.35  2.63  2.70  2.52  2.41  1.96  2.14  2.00  2.08  2.32  2.26
SKEW       .87  1.05  1.28  1.20  1.21  1.29   .76  1.06  1.24  1.16   .99   .98
% SSW    15.13 12.04 12.07 10.30 12.64 13.85 20.07 18.02 16.16 14.97 13.50 13.28
MEAN      5.50  5.08  5.51  5.67  5.79  5.47  5.46  5.31  5.32  5.02  4.92  5.35
STD DEV   1.88  1.77  2.31  2.43  2.50  2.20  1.98  2.12  2.02  1.66  1.62  1.99
SKEW       .42   .56  1.05   .90  1.03   .88   .74  1.31  1.04   .68   .45   .78
% SW      5.16  5.64  4.81  5.68  6.45  7.71 10.19 10.28  7.48  6.18  6.49  5.41
MEAN      5.23  5.00  5.67  5.70  5.67  5.67  5.51  5.61  5.32  5.11  5.29  5.37
STD DEV   2.16  1.72  2.47  2.48  2.40  2.41  2.15  2.10  2.00  1.90  2.01  2.43
SKEW       .48   .17   .77   .67   .48   .61   .52   .52   .45   .26   .19   .46
% WSW     2.23  2.42  2.43  2.69  2.79  3.62  4.21  4.22  3.66  2.59  3.05  2.30
MEAN      4.65  4.26  4.90  4.94  5.04  5.45  5.28  5.26  5.40  4.39  4.81  4.78
STD DEV   1.91  1.57  1.88  2.36  2.35  2.46  2.19  2.10  2.31  1.65  1.92  1.90
SKEW       .40   .32   .40   .62   .78   .53   .45   .26   .46   .58   .65   .41
% W       1.66  2.06  2.62  3.02  2.99  2.79  2.50  2.94  2.66  1.79  1.85  1.67
MEAN      3.49  4.19  4.28  4.97  4.68  4.76  4.48  4.57  4.77  3.66  3.62  3.81
STD DEV   1.37  1.65  2.00  2.26  2.12  2.13  1.91  2.05  1.92  1.35  1.23  1.62
SKEW      1.14   .71  1.12   .69   .61   .65   .60   .63   .35   .58   .51   .89
% WNW     2.34  2.93  4.35  4.19  3.52  3.64  1.82  1.78  2.82  2.34  2.49  2.24
MEAN      3.61  4.13  4.89  4.50  5.03  4.75  4.75  4.66  4.59  4.32  3.91  3.65
STD DEV   1.16  1.85  2.05  2.07  2.42  2.29  2.37  2.09  2.00  1.65  1.49  1.30
SKEW       .23  2.68   .73  1.24   .79   .83  1.19   .81   .84   .64   .70   .63
% NW      3.53  4.52  5.44  6.95  5.01  5.19  2.20  2.02  3.02  2.96  3.51  4.14
MEAN      4.31  4.83  5.06  5.26  4.91  4.62  3.99  4.33  4.43  4.56  4.21  4.63
STD DEV   1.69  2.46  2.17  2.41  2.23  2.05  1.92  1.89  1.84  1.94  1.74  2.10
SKEW       .59  1.36   .73   .60   .79   .98   .77   .81   .56   .86  1.05  1.00
% NNW     2.51  3.40  4.53  4.92  3.72  3.40  1.98  1.98  2.06  2.02  2.72  2.50
MEAN      4.00  4.88  5.44  5.54  4.70  4.57  3.89  3.86  4.30  4.20  4.22  4.31
STD DEV   1.71  2.22  2.55  2.53  2.25  1.91  1.59  1.54  1.88  1.95  1.76  1.83
SKEW       .87  1.03   .62   .63  1.01   .64   .64   .72   .74  1.68   .86   .98
CALM      9.93  9.90  8.33  7.05  6.90  6.96  5.12  5.74  5.84  7.20  9.30 10.91
 
INTERPOLATED DATA (station & weighting factor)
 
---Wind Stations---
ELY           NV    1.000  WENDOVER      UT     .000  ELKO          NV     .000
---Solar Radiation and Max .5 P Stations---
 UT VEYO POWERHOUSE  .525   UT ST GEORGE        .475                            
---Dewpoint Stations---
NV ELY YELLAND FLD  1.000  UT WENDOVER USAF AU  .000  NV TONOPAH           .000 
---Time Peak Stations---
UT VEYO POWERHOUSE   .526  UT ST GEORGE         .474                            
