 WEST POINT NY                           309292 0
 LATT=  41.38 LONG= -73.97 YEARS= 39. TYPE= 4
 ELEVATION =  320. TP5 = 1.55 TP6= 4.88
 MEAN P    .41   .37   .43   .41   .37   .38   .43   .51   .57   .54   .45   .42
 S DEV P   .52   .46   .56   .56   .48   .47   .55   .67   .78   .84   .61   .58
 SKEW  P  3.34  2.76  2.88  3.32  2.83  2.13  2.36  3.19  3.84  4.78  2.54  2.91
 P(W/W)    .40   .38   .41   .47   .54   .49   .43   .45   .45   .46   .46   .42
 P(W/D)    .28   .24   .26   .27   .28   .31   .28   .24   .23   .23   .23   .27
 TMAX AV 35.65 39.14 48.95 61.49 72.33 80.46 85.48 83.51 75.40 62.95 51.92 40.30
 TMIN AV 20.38 22.17 29.93 40.18 50.32 59.06 64.03 63.28 55.35 44.63 36.13 26.26
 SD TMAX 10.11  9.90 10.85 10.88  9.45  7.70  6.10  6.38  7.60  8.56  9.29  9.65
 SD TMIN 10.65  9.55  9.10  7.53  7.11  6.56  5.87  6.02  7.64  7.87  8.03  8.94
 SOL.RAD  145.  221.  303.  385.  448.  487.  479.  418.  333.  244.  155.  127.
 SD SOL   18.5  32.0  39.1  39.5  38.1  40.9  43.0  30.9  35.5  23.4  20.2  17.3
 MX .5 P   .46   .36   .46   .52   .76   .94  1.20  1.30  1.02   .75   .67   .51
 DEW PT  17.69 18.50 25.50 34.50 46.80 56.50 61.50 60.99 54.19 42.69 32.19 22.69
Time Pk   .589  .724  .777  .831  .848  .857  .929  .941  .951  .971  .988 1.000
% N       6.13  6.35  7.14  6.57  5.74  4.40  3.86  5.62  5.30  7.40  3.30  4.64
MEAN      5.25  4.92  5.15  4.45  4.06  3.54  3.42  3.57  3.55  4.65  3.89  4.26
STD DEV   3.02  2.80  2.98  2.35  2.37  1.91  1.66  2.24  1.77  2.55  2.28  2.15
SKEW       .77   .71   .84   .93  1.53  1.36   .79  2.16   .79   .88  1.29   .64
% NNE     2.88  3.90  4.05  3.79  3.98  2.31  2.04  3.28  3.75  3.88  2.16  2.86
MEAN      4.74  5.45  5.19  4.72  4.71  3.54  3.21  3.55  3.74  4.82  4.47  4.53
STD DEV   2.12  3.35  3.11  2.22  2.70  1.80  1.41  1.70  1.70  2.25  2.40  2.24
SKEW       .76  1.35  1.04   .51  1.02  1.51   .80  1.16   .60   .50   .62  1.00
% NE      3.78  4.05  4.01  3.60  4.33  2.65  2.53  4.56  3.67  3.70  2.78  3.06
MEAN      4.40  4.63  4.22  4.31  4.23  3.18  2.97  3.17  3.49  4.36  4.51  4.28
STD DEV   1.95  2.02  2.29  2.22  2.13  1.66  1.30  1.38  1.43  2.23  1.98  2.17
SKEW       .49   .48  1.19   .94   .87  1.02  1.40   .84   .40   .70   .93   .56
% ENE     2.86  2.46  3.22  3.20  3.36  2.30  1.93  2.60  3.09  3.26  1.94  3.24
MEAN      4.39  4.17  4.23  4.48  3.80  3.47  3.24  3.42  3.52  4.18  4.57  4.36
STD DEV   2.44  2.15  2.14  2.09  1.72  1.39  1.36  1.53  1.68  1.85  1.69  1.93
SKEW      1.62   .85   .60   .52   .47   .50  1.05  1.09   .82   .64   .60   .99
% E       4.57  3.98  5.13  4.83  5.80  3.73  2.70  3.89  3.68  5.22  3.73  2.87
MEAN      4.13  3.98  4.10  4.01  3.84  3.05  2.85  3.04  3.54  4.25  4.08  4.42
STD DEV   2.32  2.00  1.99  2.00  2.00  1.37  1.37  1.59  2.09  2.11  2.49  2.60
SKEW      1.04   .90   .77   .74   .86   .71  1.36  1.60  2.20   .96  1.60  1.20
% ESE     2.17  3.80  3.31  2.75  4.07  2.43  1.64  2.69  2.60  3.26  4.05  2.37
MEAN      3.73  4.55  4.51  4.02  3.92  3.22  3.22  3.22  3.49  4.51  7.10  5.29
STD DEV   1.95  2.71  2.40  2.06  2.00  1.48  1.44  1.44  2.10  2.36  6.15  3.50
SKEW       .98  1.35   .88   .78  1.03   .90   .75   .62  1.64   .78  2.36  1.17
% SE      2.50  2.90  3.40  4.12  4.44  4.22  3.18  3.85  4.00  4.71  3.11  2.65
MEAN      4.10  4.05  4.64  4.87  3.58  3.34  3.26  3.08  3.07  3.69  4.38  4.85
STD DEV   2.25  2.30  2.41  2.55  1.88  1.67  1.51  1.34  1.45  1.62  3.22  3.06
SKEW       .90  1.34   .73   .74  1.02  1.24   .63   .86  1.01   .86  2.07  1.04
% SSE     1.74  2.55  2.91  3.67  4.16  4.04  3.18  4.01  4.16  2.89  2.42  2.41
MEAN      4.16  3.85  5.43  5.26  4.13  4.02  3.64  3.55  3.84  3.73  4.83  6.18
STD DEV   2.09  1.91  2.79  2.77  2.55  1.82  1.76  1.89  2.57  1.52  2.85  4.85
SKEW       .74   .85   .78   .70  1.18   .71   .92  1.23  2.21   .53   .57  1.40
% S       4.09  4.98  7.04  8.39  9.66 10.78  7.36  8.47  8.46  5.74  6.27  3.97
MEAN      4.94  4.70  5.17  5.14  4.07  4.01  3.78  3.66  3.72  3.96  4.53  5.23
STD DEV   2.63  2.26  2.95  2.84  2.10  1.79  1.68  1.76  2.30  1.83  2.29  3.43
SKEW       .85  1.30  1.24   .89   .94   .48   .59   .80  2.43   .69   .85  1.06
% SSW     3.40  3.47  4.15  5.66  5.86  7.87  7.05  6.52  6.21  4.91  5.14  4.67
MEAN      5.10  6.10  6.07  5.39  4.53  4.15  4.12  4.05  4.41  4.10  5.22  5.34
STD DEV   2.80  4.01  3.86  2.44  2.14  1.79  1.64  2.03  2.63  2.04  2.64  3.37
SKEW      1.01  1.24  1.08   .34   .83   .60   .34  1.54  1.30   .89   .80  1.37
% SW      5.31  4.46  5.04  5.09  5.33  7.88  8.37  7.75  6.09  7.39  5.88  6.47
MEAN      5.26  5.83  5.83  4.95  4.30  4.07  4.33  3.70  3.69  4.30  5.80  4.79
STD DEV   2.94  2.96  3.45  2.27  2.11  2.06  1.96  1.67  1.79  2.12  3.90  2.28
SKEW       .96   .96  1.01   .41   .79   .96   .81   .84   .63   .76  1.16   .66
% WSW     6.89  5.51  4.79  5.91  5.56  7.44  8.20  7.46  7.60  7.66  7.95  8.96
MEAN      5.64  6.67  5.87  6.04  6.27  4.36  4.35  4.36  4.25  5.11  5.69  5.49
STD DEV   2.70  4.04  3.28  2.58  3.65  2.01  1.93  1.99  2.02  2.39  2.96  2.58
SKEW       .85   .97  1.22   .38   .76   .95   .90   .63   .61   .48  1.08   .73
% W      11.26  8.86  7.70  7.53  6.44  9.31 11.21  7.25  8.19  9.03 10.40 10.83
MEAN      6.28  6.49  6.36  5.75  5.16  4.36  4.16  4.14  3.99  4.67  5.59  6.05
STD DEV   3.69  3.49  3.67  3.01  2.88  2.26  2.07  2.11  2.23  2.36  2.89  3.29
SKEW      1.08  1.05  1.15   .57   .53  1.11   .91   .88   .71   .54   .79  1.48
% WNW    13.07 12.17 10.40 11.28  8.22  8.67 10.33  7.10  7.50  7.96 13.52 14.55
MEAN      7.49  8.06  7.76  7.46  6.34  5.31  4.85  4.70  4.98  5.86  6.32  7.24
STD DEV   3.99  4.08  4.17  3.63  3.10  2.60  2.55  2.45  2.54  2.58  3.23  3.32
SKEW       .55   .64  1.00   .65   .49   .55  1.50  1.05   .55   .26   .71   .69
% NW     12.90 13.51 12.54 10.83  8.35  7.90 10.65  8.21  9.69  8.70 11.30 12.35
MEAN      7.36  8.38  7.48  7.18  6.15  5.75  4.51  4.04  4.60  5.52  6.29  6.97
STD DEV   3.86  4.47  3.76  3.84  3.24  3.10  2.51  2.16  2.57  2.99  3.33  3.26
SKEW       .47   .54   .53   .92   .70   .83  1.80   .71   .80   .53   .81   .68
% NNW     6.98  8.82  9.54  6.98  6.10  4.95  5.09  5.17  5.79  5.83  8.35  6.08
MEAN      6.55  7.64  6.66  6.06  5.62  5.12  4.28  3.99  4.48  5.30  6.38  5.96
STD DEV   3.90  4.46  3.43  3.16  3.22  2.91  2.49  2.36  2.41  2.52  3.57  3.33
SKEW       .73   .83   .75   .68  1.15  1.05  1.00  1.37   .69   .36   .78   .91
CALM      9.47  8.21  5.71  5.84  8.56  9.21 10.71 11.49 10.10  8.51  7.82  8.04
 
INTERPOLATED DATA (station & weighting factor)
 
---Wind Stations---
BEAR MOUNTAIN NY     .562  NEWBURGH/STEW NY     .329  WHITE PLAINS  NY     .109
---Solar Radiation and Max .5 P Stations---
 NY YORKTOWN HTS 1   .542   NY POUGHKEEPSIE 1   .271   NJ CHARLOTTEBURG R  .187 
---Dewpoint Stations---
NY STEWART FLD       .503  NY POUGHKEEPSIE DUT  .303  NY WESTCHESTER CO A  .195 
---Time Peak Stations---
NY YORKTOWN HTS 1 W  .508  NY POUGHKEEPSIE 1 N  .291  NJ CHARLOTTEBURG RS  .200 
