 COLUMBUS WB AIRPORT OH                  331786 0
 LATT=  39.98 LONG= -82.87 YEARS= 40. TYPE= 3
 ELEVATION =  820. TP5 = 2.07 TP6= 4.33
 MEAN P    .19   .20   .24   .26   .30   .35   .44   .37   .36   .27   .27   .23
 S DEV P   .30   .27   .32   .33   .35   .46   .58   .50   .46   .37   .34   .33
 SKEW  P  3.53  2.89  2.54  2.35  2.28  2.36  2.93  2.53  2.23  2.56  2.19  2.98
 P(W/W)    .55   .50   .48   .52   .54   .53   .46   .42   .41   .46   .48   .51
 P(W/D)    .38   .33   .37   .37   .34   .29   .28   .28   .24   .26   .31   .38
 TMAX AV 35.74 39.70 51.22 63.38 73.26 81.38 85.05 83.64 76.66 64.49 52.37 40.23
 TMIN AV 21.06 23.49 32.15 41.58 51.73 60.57 64.96 63.54 55.80 43.90 35.22 26.21
 SD TMAX 12.34 12.27 13.17 11.38  9.50  7.17  5.74  5.90  8.06  9.94 11.05 11.49
 SD TMIN 12.57 11.32 10.48  9.35  8.65  6.92  5.66  6.00  8.17  8.75  9.41 10.94
 SOL.RAD  132.  203.  289.  381.  449.  495.  499.  445.  363.  257.  150.  112.
 SD SOL   20.6  36.7  40.9  41.2  39.5  36.8  38.5  36.6  27.8  16.1  25.9  14.2
 MX .5 P   .39   .41   .48   .61   .88  1.25  1.46  1.32   .88   .58   .56   .41
 DEW PT  21.00 22.00 29.00 38.00 50.00 59.00 63.00 62.00 55.00 43.00 34.00 26.00
Time Pk   .532  .691  .757  .827  .840  .840  .937  .947  .957  .971  .984 1.000
% N       4.45  6.03  6.63  6.30  6.81  5.89  6.02  7.50  6.70  6.56  4.23  4.01
MEAN      4.21  4.55  4.56  4.44  4.11  3.83  3.23  3.19  3.45  3.63  3.95  4.16
STD DEV   1.89  2.17  2.00  2.03  1.94  1.85  1.57  1.50  1.73  1.79  1.97  1.97
SKEW       .35   .56   .43   .48   .44   .64   .51   .51   .78   .62   .54   .40
% NNE     3.12  3.98  4.72  3.81  5.01  4.59  4.36  5.02  5.16  4.13  2.23  2.53
MEAN      3.82  4.06  4.31  4.01  3.84  3.62  2.99  2.93  3.21  3.05  3.13  3.68
STD DEV   2.05  1.82  1.90  1.84  1.78  1.70  1.42  1.38  1.59  1.51  1.56  1.81
SKEW       .69   .47   .41   .52   .50   .58   .67   .72   .69   .74   .57   .54
% NE      2.62  3.86  4.24  4.09  4.53  4.28  4.46  4.73  5.22  3.55  2.04  2.03
MEAN      3.38  3.63  3.90  3.70  3.22  3.05  2.76  2.66  2.95  2.88  2.62  3.03
STD DEV   1.77  1.76  1.81  1.67  1.52  1.46  1.35  1.26  1.47  1.42  1.25  1.38
SKEW       .62   .47   .38   .36   .57   .51   .63   .52   .58   .85   .75   .44
% ENE     3.07  4.19  4.52  4.39  4.18  3.84  3.79  3.96  4.81  3.59  2.22  2.54
MEAN      3.57  3.89  3.95  3.97  3.14  3.13  2.57  2.49  2.80  2.82  2.78  3.40
STD DEV   1.90  1.81  1.87  1.69  1.43  1.49  1.22  1.20  1.39  1.31  1.30  1.49
SKEW       .67   .44   .49   .24   .63   .64   .59   .74   .76   .45   .62   .41
% E       3.83  4.65  5.33  5.11  4.99  4.53  4.60  4.60  5.05  4.38  3.32  4.21
MEAN      3.32  3.42  3.80  3.75  3.15  2.70  2.53  2.34  2.74  2.59  2.88  3.25
STD DEV   1.64  1.65  1.79  1.79  1.40  1.39  1.25  1.07  1.39  1.19  1.43  1.46
SKEW       .50   .50   .39   .58   .50   .91   .82   .63   .87   .67   .76   .51
% ESE     2.80  3.21  3.45  3.63  3.23  2.90  2.64  2.52  3.62  3.86  2.92  3.29
MEAN      3.10  3.34  3.64  3.53  3.05  2.66  2.53  2.47  2.60  2.71  2.83  3.23
STD DEV   1.39  1.48  1.73  1.59  1.46  1.22  1.22  1.17  1.17  1.28  1.32  1.45
SKEW       .47   .38   .64   .44   .56   .69   .76   .53   .68   .72   .62   .56
% SE      4.19  4.43  4.64  4.68  4.26  4.80  4.39  4.32  5.36  5.45  5.19  5.40
MEAN      3.19  3.28  3.80  3.51  2.81  2.61  2.28  2.17  2.72  2.84  3.07  3.24
STD DEV   1.49  1.59  1.94  1.70  1.41  1.32  1.11  1.11  1.42  1.37  1.57  1.44
SKEW       .48   .43   .65   .44   .71   .75   .65   .84   .83   .64   .58   .28
% SSE     4.90  4.25  3.76  5.21  4.60  5.82  5.07  4.80  5.89  6.27  6.32  5.91
MEAN      3.61  3.59  3.82  3.63  3.31  2.87  2.55  2.53  2.96  3.20  3.79  3.62
STD DEV   1.60  1.64  1.81  1.64  1.61  1.30  1.21  1.13  1.43  1.57  1.81  1.70
SKEW       .42   .50   .66   .40   .74   .66   .78   .59   .86   .82   .53   .75
% S      10.52  8.43  7.44  9.52 10.38 12.06 11.66 10.38 10.57 10.99 12.39 12.05
MEAN      4.28  4.32  4.44  4.28  3.74  3.41  3.01  2.96  3.51  3.72  4.28  4.28
STD DEV   2.07  2.09  2.20  2.05  1.79  1.64  1.44  1.41  1.67  1.82  2.00  1.91
SKEW       .74   .56   .76   .56   .61   .79   .69   .69   .69   .65   .56   .37
% SSW     8.68  7.66  7.02  7.69  8.59 10.09  9.36  7.74  7.51  8.01 10.53 10.31
MEAN      4.82  5.05  5.25  5.14  4.53  4.23  3.88  3.67  3.89  4.22  4.84  4.86
STD DEV   2.26  2.32  2.34  2.36  2.07  1.90  1.77  1.75  1.88  2.00  2.06  2.10
SKEW       .57   .45   .53   .37   .53   .53   .51   .59   .53   .39   .43   .47
% SW      7.44  6.47  6.14  7.44  7.18  7.11  6.78  5.53  4.95  5.30  8.30  7.47
MEAN      5.43  5.34  5.83  5.99  5.14  4.63  4.19  3.90  4.23  4.61  5.43  5.28
STD DEV   2.32  2.39  2.76  2.76  2.39  2.03  1.89  1.85  2.07  2.31  2.25  2.36
SKEW       .42   .31   .67   .36   .43   .28   .36   .41   .53   .59   .20   .40
% WSW     7.32  6.13  6.82  5.61  5.07  4.66  4.61  4.01  3.26  4.22  7.08  6.70
MEAN      5.86  5.86  6.40  6.13  5.27  4.85  4.27  4.44  4.41  4.94  5.79  5.72
STD DEV   2.42  2.38  2.82  2.60  2.20  2.07  1.90  1.94  1.95  2.14  2.43  2.34
SKEW       .34   .20   .47   .31   .28   .21   .51   .18   .36   .30   .47   .31
% W      10.47 10.56  9.45  6.86  6.03  4.49  4.48  4.14  3.70  5.43  8.60  9.46
MEAN      5.91  5.96  6.14  6.20  5.03  4.63  4.09  4.00  4.15  4.84  5.68  5.92
STD DEV   2.44  2.34  2.64  2.78  2.21  2.15  1.88  1.86  1.96  2.09  2.34  2.45
SKEW       .40   .12   .36   .34   .33   .42   .38   .38   .52   .23   .32   .38
% WNW     7.11  7.77  7.78  6.45  4.86  3.58  3.63  3.43  3.66  4.37  6.63  6.81
MEAN      5.32  5.69  5.43  5.78  4.75  4.19  3.92  3.76  3.96  4.56  5.19  5.28
STD DEV   2.17  2.35  2.28  2.63  2.18  1.95  1.88  1.73  1.83  2.07  2.13  2.09
SKEW       .14   .19   .30   .52   .41   .45   .45   .57   .40   .27   .26   .25
% NW      6.48  6.93  6.93  6.59  5.23  4.49  4.98  4.86  4.80  5.45  5.44  5.39
MEAN      4.82  5.18  5.15  5.18  4.13  4.17  3.74  3.55  3.74  4.10  4.68  4.84
STD DEV   2.26  2.33  2.37  2.33  1.90  1.95  1.84  1.82  1.83  2.00  2.25  2.22
SKEW       .30   .17   .33   .22   .27   .53   .70   .56   .44   .49   .52   .31
% NNW     5.53  5.89  5.59  5.74  5.41  4.53  4.88  5.90  5.22  6.18  4.33  4.53
MEAN      4.86  5.02  5.14  4.94  4.24  4.06  3.66  3.57  3.66  4.16  4.51  4.94
STD DEV   2.19  2.32  2.39  2.16  1.86  1.85  1.76  1.71  1.88  1.99  2.22  2.22
SKEW       .29   .35   .33   .22   .28   .44   .46   .57   .55   .49   .32   .29
CALM      7.59  5.64  5.59  6.80  9.63 12.20 14.36 16.56 14.57 12.17  8.17  7.38
 
INTERPOLATED DATA (station & weighting factor)
 
---Wind Stations---
COLUMBUS/LOC. OH     .500  COLUMBUS      OH     .500  SPRINGFIELD   OH     .000
---Solar Radiation and Max .5 P Stations---
 OH LANCASTER        .383   OH NEWARK WTR WKS   .345   OH MARYSVILLE       .272 
---Dewpoint Stations---
OH COLUMBUS PORT CO 1.000  OH ZANESVILLE MUNI   .000  OH DAYTON W PATTERS  .000 
---Time Peak Stations---
OH LANCASTER         .369  OH NEWARK WTR WKS    .348  OH MARYSVILLE        .283 
