 PAWHUSKA OK                             346935 0
 LATT=  36.67 LONG= -96.35 YEARS= 40. TYPE= 3
 ELEVATION =  840. TP5 = 2.82 TP6= 7.24
 MEAN P    .33   .41   .52   .59   .59   .69   .70   .54   .64   .58   .52   .38
 S DEV P   .46   .54   .69   .76   .68   .84   .90   .74   .96   .76   .61   .44
 SKEW  P  2.37  2.45  3.45  4.11  2.36  2.56  2.15  3.25  2.99  3.38  2.19  2.09
 P(W/W)    .31   .35   .39   .37   .42   .44   .30   .33   .39   .40   .46   .38
 P(W/D)    .12   .15   .18   .22   .24   .20   .15   .15   .16   .14   .12   .12
 TMAX AV 47.35 52.84 63.40 72.71 79.30 87.04 92.90 92.89 84.46 73.63 60.58 49.25
 TMIN AV 23.69 28.23 38.02 47.54 56.82 65.80 70.37 68.76 60.03 48.12 37.21 26.76
 SD TMAX 13.11 14.18 12.37  9.84  6.95  5.86  5.95  6.48  8.65  9.26 11.49 12.23
 SD TMIN 11.23 12.09 11.60 10.44  8.83  6.81  5.61  6.14  9.44 10.60 11.00 11.25
 SOL.RAD  185.  246.  332.  415.  462.  513.  563.  499.  388.  295.  195.  167.
 SD SOL   28.9  45.0  29.8  45.4  58.6  60.8  47.4  51.1  51.5  34.6  41.2  29.6
 MX .5 P   .40   .55   .77  1.22  1.64  1.80  1.63  1.73  1.11   .98   .88   .41
 DEW PT  23.27 27.01 35.51 44.25 56.01 64.01 66.51 65.51 58.01 46.75 36.01 27.01
Time Pk   .470  .650  .730  .820  .840  .860  .940  .960  .970  .980  .990 1.000
% N      14.23 12.58  9.37  8.75  6.51  3.86  4.16  4.94  7.19  8.46  9.25 10.68
MEAN      6.31  6.04  6.17  5.78  4.93  4.61  3.98  4.40  4.74  5.13  5.54  5.64
STD DEV   2.60  2.57  2.65  2.60  2.28  2.14  1.85  2.13  2.17  2.28  2.68  2.55
SKEW       .22   .30   .33   .44   .45   .77   .67   .88   .68   .46   .71   .48
% NNE     9.12  8.18  7.38  5.96  5.31  3.56  4.33  5.15  7.09  6.54  5.56  6.09
MEAN      6.02  5.72  6.09  5.79  4.86  5.12  4.42  4.62  5.24  5.42  5.48  5.36
STD DEV   2.49  2.36  2.36  2.36  2.16  2.31  1.91  2.02  2.25  2.47  2.72  2.28
SKEW       .28   .31   .29   .38   .32   .46   .55   .57   .50   .52   .70   .61
% NE      3.59  3.95  4.79  4.62  4.83  3.26  4.42  5.05  6.01  3.68  2.70  2.89
MEAN      4.51  4.98  5.16  5.26  4.85  4.45  4.09  4.30  4.71  4.66  4.41  4.27
STD DEV   1.87  2.03  2.16  2.26  2.21  1.90  1.74  1.88  2.05  2.06  2.14  1.76
SKEW       .57   .31   .29   .49   .42   .52   .47   .39   .58   .43   .65   .35
% ENE     1.95  2.30  3.35  3.86  3.76  3.15  4.83  4.62  5.46  2.83  2.49  2.29
MEAN      3.62  4.31  4.89  4.99  4.61  4.30  4.24  4.21  4.50  4.16  4.38  4.10
STD DEV   1.31  1.73  1.97  1.89  1.91  1.81  1.72  1.67  1.79  1.67  1.85  1.70
SKEW       .16   .59   .47   .54   .41   .81   .73   .52   .51   .59   .47   .23
% E       1.98  2.84  3.85  3.87  4.26  3.85  5.49  5.39  5.35  2.95  2.16  2.13
MEAN      3.48  4.08  4.78  4.59  4.25  4.23  3.98  3.87  4.09  3.64  3.84  3.59
STD DEV   1.29  1.66  2.04  1.71  1.78  1.70  1.63  1.45  1.64  1.48  1.59  1.45
SKEW       .42   .45   .72   .45   .55   .86   .71   .54   .49   .73   .34   .29
% ESE     2.53  3.79  4.60  4.31  5.38  5.47  6.89  7.45  5.94  4.40  3.22  3.01
MEAN      3.84  4.14  4.68  4.72  4.36  4.30  4.10  4.04  3.94  3.86  4.10  4.07
STD DEV   1.44  1.61  1.72  1.69  1.66  1.58  1.57  1.42  1.48  1.43  1.49  1.44
SKEW       .33   .38   .37   .63   .70   .78   .70   .61   .67   .48   .44   .48
% SE      4.90  5.31  5.75  6.38  8.16  8.29  8.92 10.39  7.89  7.31  4.91  4.59
MEAN      4.20  4.72  5.09  5.19  4.54  4.57  4.24  4.17  4.13  4.18  4.31  4.35
STD DEV   1.75  1.88  2.08  2.18  1.87  1.65  1.62  1.52  1.52  1.60  1.58  1.69
SKEW       .51   .33   .61   .52   .51   .53   .54   .57   .67   .66   .40   .48
% SSE     8.83  9.52 10.60 11.98 14.61 15.82 15.08 16.15 14.65 15.23 10.52 10.62
MEAN      5.46  5.90  6.61  6.32  6.03  5.60  5.07  4.90  5.27  5.43  5.55  5.57
STD DEV   2.00  2.13  2.35  2.21  2.28  1.89  1.78  1.61  1.85  2.04  2.05  2.07
SKEW       .33   .26   .44   .25   .37   .41   .39   .32   .43   .54   .30   .39
% S      16.21 13.98 13.51 17.48 19.44 28.50 22.92 20.24 19.22 20.37 18.45 17.55
MEAN      5.95  6.18  6.92  6.82  6.46  6.25  5.55  5.24  5.74  5.79  5.94  5.84
STD DEV   2.33  2.57  2.93  2.69  2.57  2.20  2.00  1.76  2.09  2.31  2.33  2.40
SKEW       .47   .51   .48   .37   .22   .35   .35   .26   .34   .46   .45   .72
% SSW     8.22  7.00  5.99  7.12  6.74 10.69 10.27  8.83  7.10  7.70  7.69  8.19
MEAN      6.49  6.37  7.32  7.22  6.43  6.54  5.73  5.62  6.02  5.90  5.83  5.62
STD DEV   2.95  3.10  3.24  3.15  2.88  2.43  2.20  2.03  2.43  2.56  2.60  2.51
SKEW       .53   .53   .38   .48   .45   .15   .17   .04   .12   .37   .50   .63
% SW      3.31  3.35  3.17  2.32  2.60  2.93  3.18  2.68  2.06  2.32  3.47  3.65
MEAN      4.73  4.51  6.12  5.11  4.63  5.06  4.39  4.87  4.33  4.43  4.55  4.29
STD DEV   2.34  2.32  3.58  2.63  2.54  2.12  2.09  2.19  2.14  2.28  2.17  2.19
SKEW       .63   .75   .82   .74   .92   .37   .37   .28   .35   .73   .55  1.08
% WSW     2.37  2.40  2.51  1.64  1.65  1.08  1.29  1.01   .96  1.41  2.45  2.68
MEAN      4.11  4.17  5.91  4.75  4.27  3.76  3.64  4.27  3.83  3.82  4.14  4.24
STD DEV   1.77  1.97  3.15  2.20  2.18  1.66  1.46  1.90  1.74  1.85  2.07  2.31
SKEW       .53   .72   .77   .35   .86   .64   .37   .48   .30   .55   .76  1.23
% W       2.09  2.23  2.39  1.90  1.68   .83   .91   .74   .78  1.48  2.60  2.67
MEAN      4.28  4.43  5.30  4.96  3.69  3.54  3.46  3.00  3.21  3.59  3.98  4.00
STD DEV   2.26  2.48  2.62  2.58  1.55  1.82  1.36  1.22  1.50  1.67  2.11  1.88
SKEW       .85   .97   .51   .61   .66   .82   .49   .72   .51   .67  1.08   .71
% WNW     3.30  3.70  4.72  3.70  2.83  1.05   .81   .86  1.02  2.18  4.63  4.90
MEAN      4.66  5.14  6.69  5.86  4.35  4.29  3.34  3.73  3.58  4.04  4.97  4.97
STD DEV   2.27  2.62  3.03  2.73  2.11  1.60  1.30  2.25  1.62  1.92  2.56  2.32
SKEW       .84   .69   .43   .50   .82   .83   .32  1.13   .79   .65  1.03   .96
% NW      5.24  5.78  6.81  5.83  3.95  2.11  1.34  1.42  1.87  3.52  7.27  6.25
MEAN      5.33  5.35  6.89  6.12  4.67  4.41  2.97  3.35  3.74  4.51  5.25  5.43
STD DEV   2.48  2.38  3.05  2.83  2.11  2.10  1.59  1.50  1.83  2.22  2.44  2.34
SKEW       .40   .46   .43   .41   .36   .48  1.28   .72   .92   .59   .76   .35
% NNW     9.44 10.45  9.26  8.30  4.72  2.56  2.08  2.36  3.83  6.30  9.61  9.22
MEAN      6.18  6.06  6.80  6.13  5.06  4.82  3.68  4.17  4.34  5.11  5.81  6.05
STD DEV   2.56  2.61  2.69  2.58  2.24  2.01  1.81  1.84  2.04  2.33  2.62  2.84
SKEW       .14   .30   .04   .28   .47   .61   .73   .90   .91   .52   .58   .57
CALM      2.73  2.59  1.96  2.01  3.59  2.99  3.08  2.72  3.61  3.37  2.97  2.59
 
INTERPOLATED DATA (station & weighting factor)
 
---Wind Stations---
TULSA         OK     .401  PONCA CITY    OK     .400  CHANUTE       KS     .199
---Solar Radiation and Max .5 P Stations---
 OK PAWHUSKA        1.000   OK OILTON 2 SE      .000   KS IOLA 1 W         .000 
---Dewpoint Stations---
OK TULSA INTL AP     .503  KS WICHITA MCCONNEL  .258  KS WICHITA DWIGHT D  .239 
---Time Peak Stations---
OK PAWHUSKA         1.000  OK PAWNEE 5 N        .000  KS GRENOLA 1 N       .000 
