 NYSSA OR                                356179 0
 LATT=  43.87 LONG=-117.00 YEARS= 40. TYPE= 3
 ELEVATION = 2190. TP5 =  .70 TP6= 2.07
 MEAN P    .14   .12   .11   .12   .16   .14   .14   .13   .15   .13   .12   .14
 S DEV P   .16   .16   .12   .14   .18   .17   .14   .18   .18   .16   .13   .17
 SKEW  P  2.60  3.71  2.01  2.80  2.31  2.85  2.38  3.93  1.99  2.31  2.02  2.42
 P(W/W)    .46   .48   .47   .41   .49   .36   .31   .37   .44   .45   .47   .51
 P(W/D)    .20   .19   .21   .18   .13   .13   .05   .05   .07   .10   .22   .20
 TMAX AV 34.94 43.96 56.20 64.82 73.05 82.07 91.68 90.13 80.07 65.95 48.22 36.75
 TMIN AV 20.96 25.57 32.47 38.33 45.97 53.31 59.70 57.11 47.24 36.86 28.54 22.04
 SD TMAX  9.69  9.50  8.13  8.91  9.84  9.24  7.35  7.38  8.68  8.95  8.81  9.83
 SD TMIN 10.14  8.44  6.02  6.40  6.78  6.54  5.92  5.76  6.65  6.51  8.00  9.50
 SOL.RAD  131.  220.  336.  454.  563.  635.  662.  579.  451.  295.  152.  116.
 SD SOL   15.2  29.9  38.5  33.6  51.7  45.1  25.7  28.9  21.4  20.6  24.7  13.6
 MX .5 P   .31   .24   .24   .28   .28   .35   .39   .30   .37   .26   .30   .26
 DEW PT  22.28 25.64 28.64 31.64 37.36 41.72 44.08 43.08 38.08 32.36 28.28 22.28
Time Pk   .740  .886  .922  .960  .960  .966  .990  .990  .996  .996  .996 1.000
% N       3.87  4.34  3.58  3.76  5.10  4.95  4.53  3.54  3.27  2.95  3.16  4.74
MEAN      2.51  2.83  3.42  3.77  3.62  3.76  3.51  2.90  3.14  2.83  2.42  2.71
STD DEV   1.28  1.21  1.83  1.97  1.76  1.83  1.62  1.45  1.56  1.60  1.07  1.14
SKEW      1.82  1.59  1.00   .94   .96   .75   .50  1.17   .87  1.44  1.05   .70
% NNE     5.55  6.10  4.53  3.50  5.41  5.89  5.10  4.17  5.12  3.43  4.01  6.60
MEAN      2.60  2.45  2.84  3.17  3.68  3.30  3.15  2.94  3.00  2.50  2.66  2.54
STD DEV   1.31   .99  1.37  1.51  1.74  1.54  1.34  1.16  1.40  1.08  1.10   .93
SKEW      2.30   .75  1.25  1.04   .76   .87   .66   .44   .80   .89   .48   .42
% NE      4.13  4.77  4.17  3.45  4.36  4.33  4.15  4.21  3.54  3.02  4.82  4.88
MEAN      2.25  2.30  2.60  2.77  2.98  3.23  2.86  2.71  2.56  2.28  2.26  2.30
STD DEV    .93   .95  1.06  1.05  1.29  1.48  1.23  1.11  1.01   .91   .96   .96
SKEW       .97   .71   .68   .59   .90  1.13   .76   .88   .70   .78   .59   .74
% ENE     2.89  3.40  3.20  3.49  4.31  4.18  4.49  4.70  4.65  3.42  2.68  3.52
MEAN      2.34  2.27  2.42  2.66  2.87  2.89  2.75  2.82  2.38  2.33  2.32  2.32
STD DEV    .92   .85  1.00  1.09  1.18  1.26  1.04  1.16   .88   .82   .97   .97
SKEW       .89  1.15   .70   .77   .74   .95   .89   .88   .93   .66   .70   .90
% E       2.46  2.48  3.30  3.54  4.19  3.81  4.72  4.87  3.36  3.15  3.02  2.83
MEAN      2.40  2.50  2.70  2.91  2.88  2.62  2.65  2.56  2.51  2.26  2.39  2.55
STD DEV   1.02  1.13  1.24  1.45  1.30  1.16  1.01  1.07   .98   .93  1.17  1.34
SKEW       .64  1.06   .71   .83   .82   .95   .73  1.09  1.02   .97  1.03  1.10
% ESE     5.09  5.69  6.31  5.42  4.09  4.51  5.80  5.87  4.92  4.67  5.33  5.06
MEAN      3.50  3.22  3.44  3.64  3.34  3.01  2.97  2.88  2.90  2.73  3.13  3.45
STD DEV   2.01  1.37  1.63  1.66  1.46  1.22  1.12  1.11  1.21  1.26  1.37  1.78
SKEW      1.69   .70   .70   .65   .99  1.02  1.30   .93  1.25  1.18   .78  1.08
% SE      7.73  6.74  6.95  5.60  4.43  4.56  5.84  6.30  6.91  7.41  7.27  7.27
MEAN      4.10  3.28  3.65  3.51  3.29  3.08  2.98  2.95  2.84  2.70  3.79  4.57
STD DEV   2.45  1.88  1.90  1.67  1.62  1.25  1.12  1.24  1.14  1.05  2.50  2.79
SKEW       .87  1.43   .86   .86   .92   .82   .93   .91   .95  1.13  1.29   .80
% SSE     7.43  6.08  6.75  5.56  4.23  4.45  4.92  5.68  5.39  5.21  6.73  6.25
MEAN      4.96  4.47  4.43  3.86  3.45  3.17  2.90  2.99  2.77  3.07  3.97  4.71
STD DEV   2.82  2.62  2.42  2.07  1.68  1.65  1.13  1.24  1.11  1.60  2.38  2.73
SKEW       .73   .94   .68   .96   .96  1.36  1.02  1.20   .95  1.26  1.09   .71
% S       3.97  3.74  3.92  3.21  3.08  3.11  2.79  3.83  4.21  4.70  4.40  4.08
MEAN      3.66  3.59  3.27  3.08  2.98  3.06  2.72  2.63  2.66  3.08  2.88  3.40
STD DEV   2.02  1.89  1.79  1.67  1.55  1.75  1.19  1.22  1.27  1.71  1.50  2.02
SKEW       .89   .72  1.02  1.26   .83  1.65   .96  1.13  1.23  1.09   .97   .90
% SSW     4.70  3.54  3.29  2.99  2.17  2.25  2.49  3.02  2.84  3.40  3.58  3.40
MEAN      3.42  3.14  3.60  3.11  2.95  3.02  2.70  2.82  2.69  2.89  2.63  2.95
STD DEV   1.75  1.81  2.29  1.71  1.64  1.37  1.06  1.48  1.14  1.54  1.32  1.94
SKEW      1.16  1.24  1.25  1.27  1.13   .96   .82  1.66   .82  1.67   .84  1.74
% SW      4.41  3.45  2.78  3.19  3.03  2.76  3.11  3.49  4.20  4.55  4.42  3.98
MEAN      3.13  2.82  2.83  2.91  2.87  2.86  2.93  2.86  2.76  2.84  2.69  3.13
STD DEV   1.84  1.72  1.54  1.56  1.60  1.33  1.33  1.30  1.22  1.43  1.23  1.56
SKEW      1.51  1.58  1.28  1.12  1.33   .99  1.03   .92   .99  1.59  1.18  1.27
% WSW    11.28  9.61  8.54  8.32  7.87  7.37  6.88  8.58  9.64 11.44 11.96  9.17
MEAN      3.61  3.17  4.01  3.64  3.80  3.80  3.48  3.48  3.36  3.31  3.16  3.41
STD DEV   2.04  1.61  2.14  1.89  2.09  1.89  1.57  1.65  1.63  1.61  1.55  1.69
SKEW      1.86  1.20  1.18  1.26  1.31  1.31   .99   .87  1.21  1.59  1.37  1.17
% W       9.16  7.57  6.80  8.57  7.81  8.04  5.86  6.72  7.00  7.16  7.41  7.08
MEAN      3.25  3.23  3.79  3.78  3.98  3.80  3.74  3.72  3.36  3.07  3.26  3.35
STD DEV   1.61  1.80  2.06  2.20  2.09  1.88  1.77  1.79  1.54  1.45  1.80  1.79
SKEW      1.15  1.22   .95  1.24   .94   .76   .78   .64   .99  1.17  1.61  1.14
% WNW     5.46  6.42  8.59  8.04  8.21  8.47  7.53  7.76  5.85  5.87  5.45  5.49
MEAN      3.54  3.74  5.03  4.89  4.46  4.46  4.39  4.27  3.79  4.07  3.42  3.78
STD DEV   2.18  2.41  2.65  2.55  2.18  2.01  2.12  2.23  2.10  2.47  2.18  2.39
SKEW      1.32  1.09   .51   .66   .56   .61   .95   .71  1.19   .89  1.44  1.11
% NW      5.37  7.94 11.77 11.98 12.33 12.90 12.20 11.35  9.24  8.64  5.87  5.82
MEAN      4.21  5.09  5.94  5.81  5.75  5.41  5.47  5.03  5.34  5.44  4.43  4.27
STD DEV   2.70  3.00  2.83  2.68  2.80  2.33  2.41  2.42  2.53  2.96  2.44  2.59
SKEW       .70   .53   .16   .18   .25   .31   .23   .50   .23   .33   .49   .68
% NNW     5.92  6.68  8.77 13.53 13.97 13.32 12.29  8.49  8.79  7.43  4.53  5.08
MEAN      4.13  4.38  5.77  6.34  5.66  5.46  5.54  5.14  5.00  5.60  3.56  3.80
STD DEV   2.91  2.74  3.05  2.96  2.68  2.59  2.44  2.40  2.50  3.10  2.35  2.80
SKEW      1.01   .73   .30   .08   .42   .44   .28   .39   .47   .44  1.04  1.46
CALM     10.74 11.35  6.78  5.82  5.41  5.05  7.21  7.46 11.01 13.67 15.36 14.87
 
INTERPOLATED DATA (station & weighting factor)
 
---Wind Stations---
ONTARIO       OR     .706  BOISE         ID     .203  ROME          OR     .091
---Solar Radiation and Max .5 P Stations---
 ID CASCADE 1 NW     .606   ID YELLOW PINE 7 S  .394                            
---Dewpoint Stations---
ID BOISE AIR TERMIN  .641  OR BAKER CITY MUNI   .359                            
---Time Peak Stations---
ID CASCADE 1 NW      .605  ID YELLOW PINE 7 S   .395                            
