 WAYNESBURG 1 E PA                       369367 0
 LATT=  39.90 LONG= -80.17 YEARS= 40. TYPE= 3
 ELEVATION =  940. TP5 = 1.89 TP6= 3.74
 MEAN P    .21   .19   .27   .24   .31   .33   .37   .34   .32   .26   .26   .21
 S DEV P   .28   .27   .33   .29   .37   .36   .45   .48   .44   .31   .35   .30
 SKEW  P  2.30  3.09  2.59  2.52  2.35  1.92  2.19  3.02  3.83  2.29  3.19  3.51
 P(W/W)    .57   .54   .51   .55   .57   .53   .50   .48   .49   .51   .54   .53
 P(W/D)    .41   .37   .35   .36   .34   .32   .27   .29   .27   .29   .31   .39
 TMAX AV 38.03 41.32 51.58 63.26 72.46 79.90 83.58 82.46 76.05 64.59 53.85 42.15
 TMIN AV 18.49 19.83 27.14 35.96 45.79 54.74 59.46 58.22 50.30 38.27 30.47 23.17
 SD TMAX 12.89 12.53 13.42 12.34  9.44  6.86  5.60  5.70  7.98 10.34 12.00 12.09
 SD TMIN 12.77 11.55  9.96  8.93  8.72  7.36  6.31  6.53  8.46  9.05  9.32 10.74
 SOL.RAD  144.  225.  291.  412.  475.  536.  532.  469.  375.  260.  164.  125.
 SD SOL   17.3  32.9  29.4  36.6  50.6  55.1  49.4  43.4  29.6  24.6  21.3  17.5
 MX .5 P   .38   .32   .49   .52   .73   .99  1.19  1.20   .70   .42   .47   .28
 DEW PT  21.10 22.10 28.41 36.41 48.72 58.44 63.13 62.13 55.41 43.13 33.41 25.41
Time Pk   .539  .700  .770  .849  .850  .860  .959  .960  .969  .980  .990 1.000
% N       3.04  2.54  2.59  3.64  4.20  3.60  4.44  5.34  3.31  3.69  2.03  1.28
MEAN      3.33  3.25  3.63  3.59  3.07  2.98  2.91  2.74  2.71  2.97  3.40  2.73
STD DEV   1.54  1.39  1.55  1.52  1.44  1.28  1.30  1.21  1.19  1.37  1.53  1.26
SKEW       .52   .31   .46   .55   .95   .66  1.09   .74   .93   .90   .46   .69
% NNE     3.10  3.75  2.90  4.18  4.43  2.84  3.57  5.07  3.72  4.52  1.80  1.99
MEAN      3.48  3.66  3.79  3.80  3.29  2.98  2.93  2.99  2.95  3.19  3.54  3.38
STD DEV   1.44  1.51  1.65  1.60  1.52  1.18  1.30  1.31  1.36  1.36  1.39  1.51
SKEW       .32   .46   .44   .37   .72   .73   .99   .97   .86   .62   .31   .76
% NE      3.55  3.82  3.40  4.93  4.00  3.55  4.59  5.20  4.47  5.45  2.49  2.97
MEAN      3.25  3.00  3.10  3.33  2.92  2.87  2.58  2.56  2.48  2.74  3.48  2.99
STD DEV   1.52  1.32  1.42  1.53  1.33  1.29  1.04  1.12   .99  1.13  1.77  1.46
SKEW       .84   .57   .90   .61  1.01   .87   .76  1.19  1.01  1.00   .67  1.00
% ENE     1.93  2.61  2.68  2.67  2.42  2.15  2.00  2.59  2.81  2.86  1.52  2.05
MEAN      3.61  3.50  3.93  3.64  3.04  2.99  2.91  2.75  2.91  2.93  3.17  2.93
STD DEV   1.61  1.45  1.77  1.67  1.33  1.20  1.16  1.19  1.29  1.18  1.27  1.14
SKEW       .67   .75   .51   .56   .38   .53   .38   .87   .57   .71   .50   .47
% E       2.45  2.74  3.30  2.75  2.73  2.60  2.30  3.12  3.30  3.77  1.76  2.46
MEAN      3.34  3.58  4.14  3.69  3.28  2.77  2.92  2.83  2.82  2.87  3.10  3.76
STD DEV   1.38  1.67  1.83  1.67  1.55  1.21  1.28  1.39  1.17  1.28  1.51  1.93
SKEW       .55   .28   .33   .44   .47   .54   .52   .94   .59   .71   .76   .66
% ESE     2.26  2.64  3.96  3.09  2.95  3.34  2.42  2.71  3.64  3.62  2.27  3.20
MEAN      4.13  4.60  4.59  4.43  3.85  3.62  3.35  3.22  3.62  3.74  4.29  4.74
STD DEV   1.42  1.73  1.72  1.71  1.55  1.38  1.21  1.35  1.40  1.48  1.71  2.17
SKEW      -.04   .50  -.02   .32   .25   .36   .23   .54   .32   .47   .68   .48
% SE      3.81  4.06  5.10  3.94  3.48  4.77  3.60  4.56  4.79  5.35  3.81  4.55
MEAN      4.27  3.96  4.36  3.81  3.33  3.08  2.96  2.87  3.14  3.33  3.81  3.98
STD DEV   1.83  1.89  1.85  1.75  1.65  1.34  1.27  1.32  1.35  1.47  1.71  1.88
SKEW       .24   .46   .30   .43   .77   .80   .72   .99   .70   .75   .54   .55
% SSE     4.86  4.86  5.84  4.45  4.80  5.82  4.72  5.35  6.56  7.29  6.31  5.35
MEAN      4.43  4.21  4.77  4.10  3.28  3.36  3.00  2.84  3.39  3.44  4.64  4.34
STD DEV   2.05  1.86  1.96  1.89  1.45  1.61  1.18  1.09  1.45  1.45  2.26  1.88
SKEW       .51   .46   .42   .63   .51  1.00   .75   .61   .75   .72   .76   .40
% S       8.21  5.31  5.29  4.91  6.35  9.10  9.29  7.45  8.68  7.38  9.50  7.97
MEAN      4.17  4.20  4.22  3.71  3.24  3.09  2.86  2.67  3.04  3.01  4.13  4.00
STD DEV   1.82  2.01  2.06  1.88  1.59  1.34  1.22  1.22  1.47  1.33  2.07  1.84
SKEW       .51   .32   .69   .85   .78   .81   .85  1.09  1.15   .99   .92   .56
% SSW    16.80 11.06  9.91 10.65 10.59 14.65 14.86 10.80 11.05 12.74 15.54 13.10
MEAN      5.15  4.98  5.16  4.87  4.15  3.89  3.65  3.19  3.69  3.82  4.73  4.58
STD DEV   2.16  2.07  2.45  2.18  1.90  1.60  1.52  1.36  1.71  1.62  1.90  2.03
SKEW       .64   .41   .89   .55   .60   .63   .69   .88   .73   .68   .49   .70
% SW     13.43 13.18 10.87 12.38 11.10 12.39 11.59 10.43 10.43 11.23 16.99 16.94
MEAN      5.33  5.06  5.24  4.92  4.10  3.97  3.63  3.19  3.57  3.87  4.82  4.79
STD DEV   2.36  2.21  2.48  2.31  1.96  1.80  1.65  1.45  1.63  1.92  2.18  2.00
SKEW       .51   .43   .49   .46   .56   .62   .68   .87   .76   .83   .48   .30
% WSW     9.80 10.96 10.78  9.70  6.27  5.30  5.19  3.86  4.62  4.86 10.15 11.43
MEAN      5.58  5.79  5.73  5.48  4.71  4.06  3.67  3.47  4.07  4.35  5.30  5.53
STD DEV   2.27  2.31  2.25  2.36  2.00  1.71  1.58  1.59  1.80  1.91  2.06  2.24
SKEW       .57   .36   .25   .39   .18   .32   .53   .69   .47   .44   .28   .41
% W       7.32  9.25 10.35  8.24  6.00  4.46  4.65  4.45  5.04  4.29  7.78  8.61
MEAN      5.03  5.08  5.36  4.90  4.01  3.54  3.33  3.08  3.76  3.82  4.93  4.80
STD DEV   2.20  2.18  2.26  2.24  1.93  1.70  1.56  1.34  1.76  2.00  2.08  2.16
SKEW       .42   .41   .21   .53   .56   .62   .71   .55   .60   .73   .23   .54
% WNW     7.35  9.19  8.75  8.42  6.91  4.53  3.69  3.87  4.36  4.52  6.54  6.75
MEAN      5.05  5.43  5.52  5.07  4.44  4.09  3.55  3.43  3.90  4.21  5.12  4.74
STD DEV   2.11  2.19  2.29  2.12  2.04  1.66  1.53  1.47  1.74  1.89  1.94  1.93
SKEW       .27   .40   .32   .33   .58   .51   .41   .56   .45   .48   .26   .34
% NW      5.25  5.99  6.32  5.83  6.83  5.32  5.00  4.71  4.78  4.50  3.60  4.22
MEAN      4.31  4.46  4.59  4.40  3.87  3.52  3.32  3.05  3.46  3.60  3.96  4.11
STD DEV   1.84  2.10  2.05  1.92  1.82  1.68  1.47  1.33  1.61  1.78  1.69  1.96
SKEW       .31   .59   .50   .31   .72   .81   .58   .55   .69   .66   .36   .56
% NNW     3.62  3.91  3.73  4.34  5.60  3.88  3.28  4.71  3.62  3.47  2.44  1.61
MEAN      4.07  4.05  4.36  4.16  4.02  3.56  3.23  3.48  3.67  3.71  3.93  3.57
STD DEV   1.72  1.54  1.82  1.67  1.82  1.52  1.47  1.47  1.71  1.63  1.60  1.56
SKEW       .75   .25   .35   .28   .42   .52   .76   .46   .65   .44   .54   .24
CALM      3.13  4.23  4.30  5.91 11.31 11.64 14.66 15.65 14.86 10.65  5.44  5.51
 
INTERPOLATED DATA (station & weighting factor)
 
---Wind Stations---
MORGANTOWN    WV     .430  WHEELING      WV     .291  PITTSBURGH/AL PA     .280
---Solar Radiation and Max .5 P Stations---
 PA WAYNESBURG 1 E  1.000   PA CONNELLSVILLE 2  .000   WV TYGART DAM       .000 
---Dewpoint Stations---
WV MORGANTOWN HART   .410  WV WHEELING OHIO CO  .309  PA PITTSBURGH ALLEG  .282 
---Time Peak Stations---
PA WAYNESBURG 1 E    .940  PA CONNELLSVILLE 2   .041  OH SENECAVILLE LAKE  .019 
