 TIONESTA 2 SE DAM PA                    368873 0
 LATT=  41.48 LONG= -79.43 YEARS= 40. TYPE= 3
 ELEVATION = 1200. TP5 = 1.91 TP6= 3.84
 MEAN P    .17   .17   .24   .25   .28   .35   .40   .38   .35   .24   .23   .20
 S DEV P   .24   .23   .29   .29   .35   .44   .50   .48   .46   .30   .30   .32
 SKEW  P  2.83  2.96  2.55  2.04  2.63  2.23  2.70  3.24  3.29  2.57  2.54  4.93
 P(W/W)    .67   .61   .56   .59   .60   .56   .54   .51   .54   .60   .62   .62
 P(W/D)    .41   .35   .33   .34   .29   .31   .26   .26   .30   .32   .39   .43
 TMAX AV 32.81 35.57 45.67 58.72 70.08 77.67 81.52 80.24 72.83 61.10 49.39 37.11
 TMIN AV 15.23 15.35 23.45 33.12 43.66 53.20 57.76 56.95 49.54 38.19 30.34 20.83
 SD TMAX 11.38 11.30 13.16 12.63 10.50  7.82  6.11  6.16  8.14 10.36 11.22 11.02
 SD TMIN 13.06 12.36 11.23  8.73  9.16  7.64  6.59  6.40  8.18  8.32  8.64 11.28
 SOL.RAD  126.  201.  293.  399.  463.  514.  517.  452.  359.  224.  137.  105.
 SD SOL   25.3  33.4  35.4  39.0  39.5  50.0  45.0  37.5  26.7  23.8  19.9  11.1
 MX .5 P   .36   .41   .46   .45   .77  1.18  1.18  1.03   .90   .47   .50   .38
 DEW PT  17.30 18.07 25.00 33.47 44.70 55.00 59.70 58.70 52.00 40.23 31.23 22.30
Time Pk   .578  .729  .799  .850  .860  .870  .950  .960  .970  .970  .990 1.000
% N       2.12  2.29  2.50  3.09  3.62  2.84  3.08  3.39  3.20  3.50  1.93  1.85
MEAN      4.01  3.77  3.67  3.87  3.58  3.37  3.23  3.35  3.29  3.64  3.73  3.98
STD DEV   1.69  1.47  1.43  1.60  1.47  1.33  1.20  1.25  1.19  1.52  1.50  1.49
SKEW       .67   .59   .33   .72   .83   .59   .51   .49   .79   .88   .44   .50
% NNE     1.56  2.04  2.65  2.73  3.01  2.03  2.03  2.70  2.01  2.27  1.25  1.11
MEAN      3.94  3.91  4.11  4.15  3.86  3.26  3.22  3.49  3.21  3.72  3.90  3.46
STD DEV   1.54  1.55  1.51  1.70  1.43  1.27  1.11  1.30  1.27  1.34  1.32  1.24
SKEW       .47   .57   .37   .66   .40   .62   .16   .58   .63   .47   .24   .42
% NE      4.03  5.09  5.16  5.29  6.23  4.35  4.99  5.90  5.87  6.30  3.73  3.32
MEAN      3.79  3.61  3.91  3.75  3.53  3.25  3.17  3.11  3.17  3.47  3.41  3.64
STD DEV   1.72  1.50  1.52  1.58  1.60  1.28  1.20  1.19  1.21  1.40  1.49  1.48
SKEW       .62   .93   .58   .82   .95   .80   .81   .88   .76   .89  1.17   .49
% ENE     3.06  3.66  4.85  4.60  4.96  4.67  4.41  5.28  5.26  4.81  2.80  3.54
MEAN      4.05  3.66  4.09  3.98  3.68  3.28  3.05  3.00  3.12  3.40  3.58  3.92
STD DEV   1.56  1.45  1.65  1.66  1.59  1.23  1.13  1.07  1.24  1.33  1.43  1.59
SKEW       .50   .71   .67   .72   .90   .70   .83   .80   .67  1.03  1.00   .86
% E       4.27  4.61  4.55  4.05  3.60  3.58  3.65  4.09  3.92  4.58  2.78  3.49
MEAN      3.73  3.62  3.99  4.01  3.28  3.22  2.84  2.71  3.03  3.19  3.48  3.62
STD DEV   1.45  1.46  1.64  1.73  1.26  1.37  1.11  1.13  1.26  1.42  1.53  1.40
SKEW       .39   .72   .52   .62   .47   .75   .60  1.13   .89  1.27   .93   .52
% ESE     2.09  2.46  3.50  3.28  2.76  2.32  1.64  1.93  2.54  2.36  2.13  2.26
MEAN      4.12  4.46  4.67  4.66  3.87  3.64  3.26  3.21  3.58  3.78  4.26  4.39
STD DEV   1.50  1.83  1.88  1.71  1.55  1.39  1.18  1.22  1.26  1.35  1.60  1.59
SKEW       .72   .67   .81   .27   .73   .62   .69   .75   .70   .61   .42   .62
% SE      3.69  4.42  5.48  5.14  4.60  4.34  3.51  3.79  5.08  5.25  5.16  4.97
MEAN      4.65  4.96  4.92  4.54  4.15  3.68  3.44  3.24  3.82  3.84  4.51  4.76
STD DEV   2.41  2.31  2.36  1.93  1.78  1.54  1.55  1.44  1.72  1.76  2.02  2.26
SKEW       .64   .58   .62   .33   .63   .59   .79   .84   .72   .91   .56   .79
% SSE     4.28  4.86  5.41  5.11  4.99  4.46  3.26  3.90  5.87  5.75  6.39  5.56
MEAN      4.91  5.30  5.50  5.19  4.53  4.17  3.80  3.52  4.48  4.66  5.27  5.27
STD DEV   2.00  2.02  2.07  1.99  1.84  1.62  1.57  1.36  1.71  1.84  2.04  2.14
SKEW       .29   .29   .26   .44   .63   .45   .55   .08   .45   .44   .35   .57
% S       4.89  4.32  3.98  4.32  5.37  6.01  5.75  6.26  6.92  7.31  6.61  5.77
MEAN      4.16  4.19  4.72  4.22  3.97  3.80  3.29  3.47  3.83  3.89  4.58  4.39
STD DEV   1.71  1.87  2.06  1.83  1.72  1.62  1.35  1.46  1.57  1.63  1.86  1.75
SKEW       .67   .42   .35   .40   .82   .59   .84   .73   .61   .57   .55   .48
% SSW     7.11  5.10  3.82  4.67  4.71  5.82  5.14  4.96  5.87  6.45  8.22  7.86
MEAN      4.91  4.79  5.24  4.94  4.37  4.15  4.07  3.91  4.11  4.56  5.06  4.84
STD DEV   1.98  1.90  2.09  2.02  1.76  1.56  1.59  1.47  1.50  1.65  1.85  1.93
SKEW       .57   .38   .33   .48   .64   .36   .68   .66   .53   .43   .62   .63
% SW     10.62  8.44  6.96  7.62  8.02  9.74  9.44  7.85  8.23  9.27 13.21 14.28
MEAN      4.53  4.51  4.70  4.50  3.97  3.76  3.69  3.47  3.77  4.22  4.76  4.68
STD DEV   2.07  1.95  2.20  2.06  1.75  1.54  1.49  1.44  1.53  1.77  1.95  1.88
SKEW       .76   .59   .83   .80   .82   .75   .75   .76   .63   .54   .54   .54
% WSW    13.22 12.64 11.12 10.99  9.36  9.23  8.69  7.08  7.24  7.34 12.23 13.10
MEAN      5.50  5.43  5.62  5.27  4.84  4.34  4.14  3.74  4.26  4.64  5.35  5.37
STD DEV   2.30  2.20  2.39  2.09  1.98  1.70  1.57  1.44  1.65  1.80  1.93  1.90
SKEW       .69   .55   .61   .52   .59   .71   .50   .63   .57   .50   .37   .45
% W      12.71 11.03 11.08  9.00  7.96  7.31  6.87  6.26  6.53  5.89  9.49 10.21
MEAN      5.48  5.40  5.44  5.16  4.62  4.16  3.94  3.78  4.37  4.49  5.37  5.44
STD DEV   2.40  2.28  2.25  2.15  2.03  1.76  1.61  1.53  1.86  2.04  2.12  2.04
SKEW       .84   .51   .48   .49   .65   .58   .59   .52   .53   .48   .48   .41
% WNW    10.18 11.27 10.93  9.43  7.71  7.18  6.72  6.05  6.05  5.42  7.00  7.53
MEAN      5.39  5.64  5.43  5.22  4.72  4.45  4.14  4.03  4.40  4.74  5.35  5.55
STD DEV   2.08  2.27  2.08  2.04  1.93  1.66  1.54  1.41  1.66  1.85  1.91  1.99
SKEW       .52   .56   .46   .44   .53   .47   .56   .44   .50   .43   .17   .36
% NW      5.85  6.55  6.54  7.06  6.46  5.87  6.05  5.71  4.90  5.19  4.85  4.66
MEAN      4.93  4.65  4.72  4.53  4.04  3.91  3.67  3.61  3.89  4.16  4.72  4.85
STD DEV   2.05  1.98  1.88  1.87  1.72  1.63  1.47  1.51  1.68  1.80  1.91  1.85
SKEW       .39   .63   .38   .56   .68   .58   .64   .68   .74   .58   .42   .51
% NNW     2.61  2.92  3.49  3.61  3.87  3.76  3.71  4.32  3.14  3.76  2.50  2.31
MEAN      4.53  4.53  4.57  4.45  4.17  3.95  3.78  3.82  3.96  4.34  4.57  4.88
STD DEV   1.79  2.00  1.80  1.81  1.62  1.52  1.44  1.35  1.51  1.69  1.79  1.82
SKEW       .26   .62   .52   .46   .50   .67   .41   .46   .53   .34   .50   .39
CALM      7.75  8.26  7.87  9.98 12.73 16.61 21.03 20.56 17.36 14.67  9.71  8.14
 
INTERPOLATED DATA (station & weighting factor)
 
---Wind Stations---
BROOKVILLE    PA     .472  BRADFORD/REG  PA     .291  ERIE          PA     .237
---Solar Radiation and Max .5 P Stations---
 PA TIONESTA 2 SE L 1.000   PA JAMESTOWN 2 NW   .000   PA SLATE RUN FIRE   .000 
---Dewpoint Stations---
PA FRANKLIN          .468  PA DUBOIS JEFFERSON  .300  PA BRADFORD RGNL AP  .233 
---Time Peak Stations---
PA TIONESTA 2 SE LA  .957  PA SLIPPERY ROCK     .030  NY WALES             .014 
