 KINGSTON RI                             374266 0
 LATT=  41.48 LONG= -71.53 YEARS= 40. TYPE= 4
 ELEVATION =  100. TP5 = 1.70 TP6= 4.87
 MEAN P    .42   .40   .50   .44   .33   .40   .36   .47   .46   .41   .48   .44
 S DEV P   .51   .51   .72   .58   .47   .62   .54   .69   .58   .62   .63   .56
 SKEW  P  1.95  2.33  3.26  1.98  3.65  3.28  3.54  2.74  1.97  4.04  2.52  2.56
 P(W/W)    .41   .41   .42   .52   .55   .50   .43   .47   .46   .50   .48   .40
 P(W/D)    .31   .27   .29   .27   .30   .27   .24   .24   .23   .26   .26   .31
 TMAX AV 38.96 41.36 48.85 59.16 68.99 77.28 82.55 81.35 74.42 64.16 54.06 43.77
 TMIN AV 19.31 20.97 27.99 36.46 45.70 54.86 60.62 59.52 51.86 40.79 33.38 24.57
 SD TMAX  9.91  9.02  9.20  8.81  8.24  6.99  5.37  5.40  6.27  7.46  8.32  9.30
 SD TMIN 11.76 10.93  9.03  7.67  7.81  7.26  6.77  7.43  9.40 10.25 10.39 10.63
 SOL.RAD  152.  227.  313.  409.  471.  508.  503.  451.  356.  260.  169.  136.
 SD SOL   11.5  25.9  26.2  31.7  39.3  43.3  31.8  27.7  34.1  23.4  18.9  15.8
 MX .5 P   .55   .50   .55   .60   .62   .93  1.01  1.35  1.07   .73   .63   .50
 DEW PT  19.13 19.38 26.38 34.76 46.76 56.76 62.76 62.38 55.76 44.13 34.38 24.76
Time Pk   .580  .715  .765  .830  .845  .855  .925  .940  .950  .970  .990 1.000
% N      11.28  9.13  8.30  5.75  4.71  5.16  2.96  4.60  6.86  9.97  8.84  9.71
MEAN      6.08  5.73  6.71  5.75  4.95  4.30  2.87  4.36  4.94  5.79  5.09  5.71
STD DEV   3.13  2.80  3.11  2.72  2.24  2.23  1.19  1.48  2.45  2.83  2.65  3.02
SKEW       .86   .85   .69   .65   .67   .76   .55   .48   .91   .81   .76   .78
% NNE     3.13  4.45  5.31  4.50  4.89  3.79  2.50  3.88  5.23  5.66  3.50  3.30
MEAN      4.44  6.41  6.72  6.62  4.26  3.92  3.14  5.08  6.59  8.43  3.85  5.96
STD DEV   2.33  2.19  2.21  2.05  1.96  1.75  1.49  1.48  1.80  3.40  1.88  1.92
SKEW       .57   .53   .64   .41   .40   .72   .50   .36   .47   .38   .63   .47
% NE      5.46  5.76  6.47  5.31  7.45  6.06  3.96  4.87  7.54  8.86  4.33  4.43
MEAN      6.20  6.01  6.10  5.88  5.94  5.12  4.74  5.25  5.66  6.97  6.17  6.04
STD DEV   3.34  3.13  2.97  2.64  2.73  2.23  2.34  2.65  2.28  4.00  2.12  2.62
SKEW       .82   .48   .72   .44   .34   .39   .41   .19   .76   .56   .87   .19
% ENE      .73  1.53  1.93  1.74  1.66  1.37  1.03  1.46  2.15  1.53  1.82  1.29
MEAN      3.19  6.28  5.94  3.74  6.74  3.15  2.49  2.76  4.62  3.75  6.48  7.59
STD DEV   1.62  1.82  2.43  1.65  1.55  1.38  1.28  1.35  1.52  1.83  1.70  1.50
SKEW       .34   .33   .74   .29   .43   .16   .63   .66   .49   .30   .48  -.09
% E       2.85  3.69  3.66  4.41  4.59  3.50  1.79  3.82  3.46  5.20  4.37  3.17
MEAN      4.97  4.78  5.08  4.80  4.43  3.80  3.88  3.75  3.76  5.20  5.60  5.73
STD DEV   2.86  2.81  2.90  2.60  2.28  1.85   .94  1.83  1.71  2.79  2.92  3.16
SKEW       .90   .96   .79   .58   .57   .82   .48   .46   .58  1.09  1.53  1.22
% ESE      .58  1.17  1.42  1.75  1.37   .96  1.15  1.05  1.16  1.02  1.03   .77
MEAN      6.03  3.61  5.77  6.63  2.85  2.34  2.17  2.84  2.54  3.07  3.89  3.96
STD DEV   2.09  1.87  1.77  1.92  1.33  1.02  1.04  1.76  1.20  2.10  2.17  2.10
SKEW       .77   .56   .38   .70   .54   .41   .94  1.55   .77  1.04   .38   .81
% SE      1.90  3.78  3.44  4.76  5.43  4.54  3.37  5.82  4.71  3.35  2.96  2.80
MEAN      6.17  5.23  5.02  4.92  4.04  3.58  3.60  3.84  3.87  4.74  5.88  7.37
STD DEV   3.27  3.04  2.65  2.89  2.21  1.70  1.47  2.02  1.92  2.63  2.89  4.61
SKEW       .49  1.18   .94  1.23  1.25   .77   .62  1.08   .86  1.08   .54   .71
% SSE     1.10  1.61  2.13  2.70  3.72  3.31  2.87  2.41  2.76  1.80  1.68   .86
MEAN      5.57  5.54  5.88  6.80  4.98  4.81  3.07  3.05  3.33  3.40  3.83  4.19
STD DEV   1.96  2.05  1.87  1.67  1.64  1.54  1.27  1.32  1.33  1.58  2.03  2.72
SKEW       .08   .57   .72   .08   .44   .44   .34   .35   .20   .51   .47   .41
% S       3.28  4.47  7.58  9.87 13.17 12.70 12.56 11.48  9.08  5.87  8.68  3.59
MEAN      5.57  5.07  5.13  5.53  5.25  4.56  4.22  4.32  4.36  4.51  5.51  5.73
STD DEV   2.95  2.38  2.34  2.55  2.35  1.84  1.71  1.81  1.74  1.59  2.71  2.92
SKEW       .66   .75   .46   .80   .64   .19   .27   .35   .17   .53   .73   .81
% SSW     3.57  3.32  4.39  6.63  7.96  9.57  9.72  8.20  6.54  5.67  4.42  3.08
MEAN      5.61  4.60  5.91  5.36  5.48  4.07  4.83  5.03  3.40  4.55  3.52  5.31
STD DEV   1.82  1.73  2.05  2.19  2.13  1.39  1.37  1.44  1.51  1.58  1.79  1.88
SKEW       .69   .74   .42   .41   .55   .40   .35   .48   .51   .68   .57   .53
% SW      8.44  9.03 10.80 14.53 14.69 18.71 22.23 15.64 15.31 12.95  9.65  8.33
MEAN      5.36  5.41  5.45  5.71  5.50  4.65  4.89  4.59  4.52  4.87  4.61  5.18
STD DEV   2.49  2.39  2.37  2.41  2.35  1.89  1.91  2.06  1.95  2.19  2.24  2.41
SKEW       .70   .70   .80   .38   .49   .37   .29   .60   .58   .57   .74   .82
% WSW     6.20  5.03  3.66  4.60  4.47  5.96  8.19  5.74  4.75  4.86  5.42  6.57
MEAN      5.41  5.01  6.42  5.94  5.67  4.76  4.82  2.87  2.80  2.88  3.16  5.30
STD DEV   1.60  1.62  1.68  1.90  1.51  1.29  1.68  1.28  1.20  1.22  1.48  1.55
SKEW       .84   .63   .51   .59   .30   .37   .74   .59   .48   .48   .67   .63
% W      12.32 11.13  9.31  8.54  7.25  7.88 11.02 11.06  7.53  9.08 11.36 14.40
MEAN      5.48  5.85  6.06  5.61  4.95  4.30  4.05  4.06  3.92  4.39  4.43  5.26
STD DEV   2.67  2.55  2.89  2.55  2.08  1.92  1.56  1.74  2.01  1.94  2.36  2.59
SKEW       .59   .34   .70   .46   .48   .52   .38   .73   .85   .55   .93   .80
% WNW     9.53  9.37  8.24  6.27  3.82  3.35  3.51  3.54  4.18  4.96  7.66  9.96
MEAN      6.55  7.53  7.36  6.26  3.61  3.24  4.23  2.69  3.71  3.33  7.38  5.76
STD DEV   2.01  2.03  1.83  1.92  1.54  1.43  1.23  1.23  1.25  1.51  1.73  1.87
SKEW       .41   .32   .41   .30   .21   .34   .32   .48   .48   .33   .36   .41
% NW     15.18 14.84 13.78 10.64  6.69  5.73  5.57  6.55  8.47  8.39 13.25 15.82
MEAN      6.47  6.42  6.40  6.16  5.19  4.10  3.63  3.92  3.80  4.52  5.47  6.01
STD DEV   3.05  2.94  2.69  3.00  2.31  1.89  1.53  1.69  1.75  2.07  2.74  2.86
SKEW       .57   .44   .25   .46   .48   .50   .49   .64   .55   .58   .76   .60
% NNW     7.79  5.87  5.60  4.12  3.73  2.54  2.54  3.29  4.66  4.71  5.43  6.38
MEAN      7.48  6.73  6.35  4.15  3.65  2.86  2.57  2.77  5.48  4.64  3.57  6.02
STD DEV   3.23  2.09  1.81  1.89  1.75  1.41  1.31  1.40  1.37  1.61  1.77  2.18
SKEW       .32   .36   .39   .37   .41   .46   .65   .75   .58   .38   .48   .74
CALM      6.59  5.81  3.91  3.84  4.36  4.89  4.97  6.57  5.63  6.11  5.66  5.50
 
INTERPOLATED DATA (station & weighting factor)
 
---Wind Stations---
QUONSET PT    RI     .593  BLOCK IS/WBO  RI     .233  NEW LONDON/GR CT     .174
---Solar Radiation and Max .5 P Stations---
 NY RIVERHEAD RSCH   .535   NY UPTON            .465                            
---Dewpoint Stations---
RI PROVIDENCE T F G  .622  CT GROTON NEW LONDO  .378                            
---Time Peak Stations---
NY RIVERHEAD RSCH F  .536  NY UPTON             .464                            
