 WEBSTER SD                              399004 0
 LATT=  45.33 LONG= -97.53 YEARS= 40. TYPE= 3
 ELEVATION = 1850. TP5 = 2.35 TP6= 4.61
 MEAN P    .18   .15   .23   .31   .33   .35   .40   .39   .36   .34   .17   .17
 S DEV P   .23   .19   .27   .37   .45   .42   .56   .53   .50   .41   .19   .30
 SKEW  P  3.41  3.94  2.03  2.35  3.52  2.32  3.39  3.25  3.31  2.04  1.86  7.21
 P(W/W)    .22   .28   .34   .42   .43   .47   .34   .32   .40   .37   .30   .30
 P(W/D)    .12   .13   .13   .16   .23   .28   .26   .22   .17   .15   .10   .11
 TMAX AV 20.54 26.27 38.21 55.01 68.24 76.95 83.26 80.69 71.35 56.53 38.59 24.60
 TMIN AV  1.92  7.73 19.52 33.25 45.77 55.65 61.17 58.71 48.57 35.79 21.13  7.80
 SD TMAX 13.88 14.15 13.63 13.50 10.65  8.56  7.80  7.74 10.68 11.86 13.35 13.54
 SD TMIN 14.70 14.88 12.90  9.51  8.70  7.15  6.21  6.56  8.91  9.13 11.20 13.63
 SOL.RAD  120.  196.  304.  402.  461.  514.  544.  470.  360.  231.  136.  105.
 SD SOL   21.0  25.7  41.1  61.1  50.0  37.9  36.6  28.0  25.8  23.3  25.5  17.8
 MX .5 P   .24   .24   .27   .45   .70  1.14  1.46  1.11   .78   .42   .23   .25
 DEW PT   6.31 11.70 21.85 31.85 43.85 54.39 60.00 58.00 48.15 35.61 22.61 11.46
Time Pk   .513  .701  .765  .855  .855  .865  .960  .963  .970  .980  .991 1.000
% N       8.42  7.98  9.97 10.56 10.23  5.97  6.28  6.12  5.16  6.63  7.40  7.74
MEAN      5.80  5.60  7.16  6.51  5.38  4.86  3.96  4.23  4.24  4.82  5.28  5.58
STD DEV   3.17  3.30  3.71  3.21  2.67  2.38  1.94  2.05  2.09  2.60  2.81  2.84
SKEW       .67  1.35   .92   .60   .53   .40   .62   .50   .78   .62   .71   .41
% NNE     5.31  6.03  6.83  6.91  7.61  5.60  4.80  4.64  3.85  5.68  4.46  4.97
MEAN      5.44  5.79  6.80  6.81  5.40  5.34  4.14  4.28  4.65  5.27  6.20  5.37
STD DEV   2.58  2.55  3.18  3.16  2.38  2.36  1.93  2.00  2.07  2.35  3.23  2.77
SKEW       .45   .30  1.07   .37   .37   .49   .60   .51   .45   .17   .51   .63
% NE      3.42  3.99  3.59  3.82  5.48  4.53  4.68  4.65  3.98  3.37  2.21  3.37
MEAN      4.50  5.12  5.90  4.87  5.04  4.62  3.81  3.83  3.97  4.37  4.05  3.94
STD DEV   2.10  2.42  3.12  2.44  2.43  2.23  1.80  1.65  1.93  2.19  2.07  2.09
SKEW       .32   .49   .76   .64   .41   .60   .71   .57   .46   .57   .71   .85
% ENE     3.72  5.27  4.07  4.71  4.88  5.46  4.24  5.35  3.42  2.52  2.32  2.96
MEAN      4.76  6.19  6.28  6.07  5.45  4.96  4.26  4.11  4.18  4.61  3.98  4.38
STD DEV   2.17  3.23  3.31  3.00  2.54  2.36  1.91  1.77  2.09  2.25  1.89  2.05
SKEW       .70   .59   .69   .61   .63   .64   .61   .53   .63   .56   .72   .42
% E       3.04  3.29  4.55  5.05  4.36  5.36  4.57  5.33  3.89  2.00  2.34  2.56
MEAN      4.24  5.39  5.57  6.71  5.33  4.69  3.91  3.95  3.91  3.82  3.97  4.11
STD DEV   2.30  3.10  3.02  3.54  2.74  2.22  1.88  1.84  1.85  1.95  2.12  2.24
SKEW       .87   .88   .62   .46   .74   .55   .69   .63   .36   .74  1.09   .81
% ESE     4.41  3.76  7.20  5.73  6.82  7.31  5.82  6.44  5.25  3.27  2.90  3.96
MEAN      4.53  5.01  5.61  6.07  5.61  5.36  4.46  4.11  4.33  4.08  4.32  4.03
STD DEV   2.13  2.67  2.66  3.06  2.66  2.58  1.99  1.87  2.06  1.77  2.08  2.15
SKEW       .49   .89   .55   .48   .59   .54   .72   .51   .70   .48   .55   .96
% SE      5.44  5.05  5.14  5.79  6.80  7.17  7.90  8.60  7.34  7.16  4.39  4.68
MEAN      4.18  4.25  5.73  5.31  5.83  5.14  4.36  4.25  4.33  4.47  4.11  4.51
STD DEV   2.24  2.26  2.66  2.74  2.82  2.64  2.02  1.91  2.25  2.28  2.15  2.63
SKEW       .81   .80   .29   .87   .63   .75   .55   .56   .66   .87   .74   .76
% SSE     9.19  9.59  7.49 10.34  9.65 10.65 12.60 14.64 11.47 12.72  9.75  9.86
MEAN      6.06  5.87  6.58  6.95  6.89  6.23  5.96  5.51  6.17  6.40  5.83  5.49
STD DEV   3.21  2.75  2.92  3.07  3.01  2.72  2.56  2.46  2.75  2.90  2.68  2.78
SKEW       .61   .29   .47   .50   .35   .47   .67   .62   .35   .50   .42   .56
% S       8.42  7.22  6.17  7.64  7.30  7.74 11.95 11.97 11.15 10.06  9.78  9.22
MEAN      5.46  5.12  5.33  6.69  6.57  6.10  6.00  6.07  6.31  6.42  5.44  4.88
STD DEV   2.93  2.55  2.72  3.31  3.28  3.08  2.69  2.80  3.03  3.35  2.79  2.49
SKEW       .55   .38   .50   .53   .35   .69   .41   .39   .30   .73   .60   .70
% SSW     5.20  5.20  3.79  4.57  4.35  4.89  5.38  5.64  5.49  6.02  6.75  6.14
MEAN      4.54  4.79  5.17  6.44  5.26  5.53  5.43  5.30  5.83  5.67  5.23  4.35
STD DEV   2.20  2.30  2.61  2.95  2.53  2.78  2.76  2.69  3.04  2.91  2.69  2.07
SKEW       .77   .64   .67   .44   .46   .72   .58   .63   .71   .76   .71   .85
% SW      4.03  3.82  2.83  1.90  2.55  4.28  2.73  3.00  3.56  3.77  3.74  4.12
MEAN      3.71  3.94  4.18  4.85  4.73  5.03  3.88  4.36  4.29  4.55  3.92  3.73
STD DEV   1.79  1.86  2.19  3.08  2.64  2.52  1.79  2.37  2.06  2.41  1.92  1.85
SKEW       .71   .77   .99   .95   .91   .82   .86  1.04   .61   .84   .92   .86
% WSW     3.98  4.41  3.67  2.07  3.65  5.83  3.55  2.85  3.67  4.22  3.64  4.59
MEAN      4.55  4.87  5.07  4.93  6.29  6.08  4.09  4.87  4.68  5.21  4.33  4.33
STD DEV   2.06  2.22  2.56  2.71  3.58  3.23  1.87  2.86  2.17  2.68  1.79  2.11
SKEW       .46   .54   .74   .66   .78   .96   .66  1.06   .87   .81   .56   .86
% W       4.46  5.56  4.48  2.77  3.84  4.74  3.73  2.48  4.96  4.37  5.37  5.18
MEAN      5.07  5.50  4.89  5.66  6.62  6.45  4.59  4.47  5.67  5.40  4.89  5.32
STD DEV   2.50  2.76  2.59  2.69  3.95  3.54  2.34  2.50  2.80  2.96  2.22  2.65
SKEW       .56   .96   .80   .35   .84   .70   .54  1.10   .47   .71   .48   .67
% WNW     9.23  9.02  7.67  6.95  6.79  6.91  6.15  3.85  9.48  8.70 11.38  9.99
MEAN      6.30  6.04  6.39  7.22  7.11  6.26  5.57  5.31  6.77  6.65  7.09  6.47
STD DEV   3.06  3.09  3.35  3.18  3.55  3.02  2.62  2.35  3.36  3.00  3.34  3.08
SKEW       .80   .89   .79   .33   .69   .65   .51   .50   .97   .41   .56   .46
% NW      9.73  8.77 10.28  8.93  6.29  5.86  5.91  5.02  7.96  8.55 11.16  9.35
MEAN      6.32  5.80  6.69  7.40  6.15  5.58  4.86  4.87  5.76  6.12  6.95  5.94
STD DEV   3.15  2.96  3.38  3.17  3.24  2.68  2.38  2.31  2.72  2.97  3.74  2.87
SKEW       .54   .74   .42   .14   .86   .64   .51   .54   .52   .47   .73   .69
% NNW     9.15  8.01 10.16 10.61  8.00  4.84  5.15  5.12  5.94  8.02  9.56  8.14
MEAN      6.54  6.06  6.70  7.36  5.96  5.27  4.82  4.90  5.32  6.07  6.95  5.84
STD DEV   2.99  2.80  2.83  3.19  2.81  2.38  2.23  2.31  2.44  2.74  3.45  2.70
SKEW       .45   .51   .34   .28   .29   .33   .58   .36   .44   .39   .75   .46
CALM      2.89  3.01  2.10  1.60  1.44  2.86  4.66  4.34  3.37  2.97  2.84  3.17
 
INTERPOLATED DATA (station & weighting factor)
 
---Wind Stations---
WATERTOWN     SD     .482  ABERDEEN      SD     .368  ALEXANDRIA    MN     .150
---Solar Radiation and Max .5 P Stations---
 SD WAUBAY NWR       .734   SD CARPENTER 4 NNE  .177   SD ONAKA 2 N        .089 
---Dewpoint Stations---
SD WATERTOWN RGNL A  .462  SD ABERDEEN RGNL AP  .388  MN ALEXANDRIA MUNI   .150 
---Time Peak Stations---
SD WAUBAY NWR        .726  SD CARPENTER 4 NNE   .181  SD ONAKA 2 N         .092 
