 WOODBURY 1 WNW TN                       409866 0
 LATT=  35.83 LONG= -86.08 YEARS= 40. TYPE= 3
 ELEVATION =  750. TP5 = 2.53 TP6= 5.25
 MEAN P    .43   .41   .49   .43   .48   .44   .50   .46   .53   .45   .47   .48
 S DEV P   .56   .54   .65   .52   .60   .55   .61   .55   .72   .55   .53   .60
 SKEW  P  3.08  2.84  3.97  2.19  2.36  2.26  2.73  2.05  2.41  2.77  2.35  2.44
 P(W/W)    .53   .49   .46   .47   .50   .48   .44   .40   .45   .41   .45   .51
 P(W/D)    .29   .30   .31   .27   .28   .26   .28   .22   .21   .18   .24   .28
 TMAX AV 48.70 53.66 63.13 72.34 79.52 86.85 89.62 89.38 83.34 73.35 62.61 52.16
 TMIN AV 26.34 28.95 36.34 43.33 52.61 60.80 65.27 63.76 56.19 43.48 35.35 28.86
 SD TMAX 12.09 12.31 11.57  9.75  7.51  5.76  5.10  5.45  7.62  8.91 10.56 11.50
 SD TMIN 12.74 11.65 10.85 10.07  8.72  6.33  4.42  5.16  8.49 10.52 11.03 11.91
 SOL.RAD  172.  239.  336.  424.  481.  504.  501.  468.  391.  297.  196.  153.
 SD SOL   25.2  30.2  29.6  32.0  45.0  47.6  40.3  31.4  31.6  34.3  28.7  19.3
 MX .5 P   .68   .70   .87   .96  1.38  1.39  1.58  1.40  1.32   .76   .86   .66
 DEW PT  28.27 30.51 37.51 45.26 56.26 64.26 68.26 67.26 60.51 48.51 39.26 32.01
Time Pk   .483  .660  .730  .805  .823  .835  .930  .948  .958  .970  .990 1.000
% N       8.66  9.11  6.68  7.05  5.89  5.76  6.44  7.51  9.41  8.91  7.03  6.81
MEAN      3.76  3.50  3.44  3.59  3.20  2.75  2.80  2.73  2.88  3.22  3.42  3.42
STD DEV   1.52  1.55  1.47  1.49  1.52  1.27  1.25  1.15  1.35  1.60  1.70  1.59
SKEW       .35   .61   .56   .46   .71   .88   .82   .78   .92   .88   .76   .58
% NNE     4.38  5.50  3.91  3.96  4.42  4.38  5.04  6.17  7.40  5.77  4.07  4.33
MEAN      3.68  3.55  3.57  3.52  3.24  2.95  3.00  3.09  3.49  3.46  3.54  3.48
STD DEV   1.52  1.44  1.41  1.38  1.32  1.25  1.24  1.26  1.63  1.59  1.45  1.61
SKEW       .51   .48   .31   .15   .37   .74   .49   .52   .79   .90   .62   .83
% NE      1.66  2.46  2.20  1.91  2.34  2.78  2.94  3.52  3.54  2.58  1.46  1.58
MEAN      2.58  2.93  2.97  2.84  2.68  2.58  2.68  2.70  2.61  2.67  2.47  2.80
STD DEV    .97  1.16  1.26  1.17  1.11  1.00  1.13  1.25  1.12  1.30  1.07  1.11
SKEW       .67   .79   .60   .83   .48   .47   .76  1.17   .72   .88   .82   .54
% ENE      .95  1.22  1.25  1.23  1.32  1.60  1.84  2.24  2.19  1.20   .78  1.09
MEAN      2.36  2.78  2.64  2.63  2.51  2.45  2.49  2.45  2.49  2.40  2.48  2.35
STD DEV    .79  1.08  1.16  1.04  1.19   .94  1.05   .96  1.08  1.08   .99   .92
SKEW       .26   .67   .57   .38   .96   .41   .70   .70  1.02   .75   .36   .80
% E       1.28  1.91  1.83  1.75  1.81  2.24  2.83  2.50  2.80  1.77   .86  1.68
MEAN      2.27  2.40  2.58  2.46  2.31  2.24  2.19  2.10  2.16  2.14  2.00  2.26
STD DEV    .87   .89  1.11  1.09  1.01   .97   .87   .84   .89   .92   .86   .86
SKEW       .82   .38   .89   .94   .74   .65   .82   .90   .83   .99  1.20   .73
% ESE     2.66  2.57  3.48  2.47  2.84  3.32  3.28  3.40  3.35  2.31  1.83  3.19
MEAN      2.93  3.07  3.33  2.99  2.38  2.53  2.22  2.15  2.39  2.26  2.55  2.94
STD DEV   1.34  1.59  1.58  1.41  1.05  1.03   .93   .86   .93   .92  1.17  1.31
SKEW       .70  1.17   .87   .89   .84   .86  1.10   .93   .86  1.11   .67   .77
% SE      7.74  6.62  7.13  5.93  5.71  6.90  6.95  6.70  8.26  6.95  6.59  8.69
MEAN      3.21  3.54  3.57  3.01  2.50  2.42  2.15  2.24  2.55  2.37  3.07  3.36
STD DEV   1.55  2.01  1.89  1.62  1.18  1.09   .97  1.11  1.14  1.16  1.81  1.74
SKEW       .91  1.12  1.08  1.16  1.16  1.18  1.21  1.79  1.01  1.22  1.45  1.08
% SSE    13.04  8.95  8.88 10.50  9.13  8.27  8.06  7.08  8.73  8.02 10.49 12.38
MEAN      4.41  4.23  3.89  4.00  3.06  2.67  2.47  2.41  2.88  2.74  3.54  4.20
STD DEV   2.10  2.13  2.06  2.09  1.53  1.19  1.08  1.11  1.32  1.42  1.82  2.13
SKEW       .76   .75  1.09   .93   .98   .91  1.21  1.38   .74  1.21  1.04   .66
% S      15.04 11.41 13.53 15.03 12.98 13.37 11.35  9.87  9.05 11.33 14.38 14.27
MEAN      4.36  4.09  4.11  4.07  3.31  2.67  2.52  2.48  2.77  2.66  3.57  3.79
STD DEV   2.03  2.01  2.06  1.99  1.77  1.25  1.14  1.17  1.37  1.36  1.93  1.87
SKEW       .54   .59   .74   .79   .91   .96   .86  1.02   .91  1.09  1.05   .78
% SSW     5.65  5.73  6.73  8.16  7.54  6.85  6.24  5.64  3.79  4.33  5.89  5.24
MEAN      4.68  4.64  4.89  4.94  3.67  3.29  3.07  2.96  3.14  3.34  4.21  4.08
STD DEV   2.09  2.19  2.30  2.18  1.77  1.50  1.40  1.41  1.39  1.73  2.02  2.02
SKEW       .46   .47   .51   .47   .77   .64   .68   .85   .47   .76   .64   .77
% SW      3.33  4.24  4.74  5.10  6.04  5.95  5.17  4.63  2.80  3.08  4.02  3.94
MEAN      3.81  4.10  4.72  4.41  3.45  3.26  3.06  3.00  2.97  3.12  3.61  3.80
STD DEV   1.84  2.14  2.48  2.06  1.65  1.49  1.42  1.35  1.39  1.66  1.91  2.01
SKEW       .70   .53   .83   .43   .70   .47   .56   .73   .39   .84   .66   .94
% WSW     2.43  3.30  4.65  3.71  3.96  4.20  3.70  2.91  1.74  1.84  3.00  3.77
MEAN      4.52  4.36  4.98  4.86  3.81  3.55  3.23  3.48  2.79  3.11  3.97  4.32
STD DEV   2.23  1.91  2.42  2.41  1.68  1.58  1.41  1.43  1.41  1.40  1.85  1.90
SKEW       .68   .43   .65   .50   .52   .43   .67   .54   .75   .71   .50   .63
% W       4.64  5.33  6.64  5.15  5.55  4.73  4.47  4.02  2.91  3.13  5.13  5.05
MEAN      4.10  3.98  4.27  4.23  3.54  3.12  2.78  2.70  2.60  2.80  3.59  3.61
STD DEV   1.91  2.20  2.00  2.06  1.75  1.45  1.24  1.21  1.18  1.32  1.78  1.70
SKEW       .45   .83   .43   .50  1.18   .86   .68   .84   .69   .68   .63   .57
% WNW     5.25  6.30  6.61  5.74  3.86  2.80  2.95  2.68  2.69  3.63  7.17  5.14
MEAN      4.14  4.36  4.56  4.40  3.77  3.00  2.78  2.64  2.70  3.39  4.34  4.07
STD DEV   1.73  1.99  1.91  1.77  1.73  1.38  1.18  1.09  1.28  1.62  1.95  1.76
SKEW       .38   .42   .31   .44   .59   .63   .41   .70   .96   .78   .42   .56
% NW      6.73  7.86  6.86  6.41  5.01  3.72  3.83  4.50  5.77  6.51  7.10  6.26
MEAN      4.06  3.77  4.07  3.82  3.13  2.74  2.61  2.57  2.59  3.10  3.67  3.52
STD DEV   1.79  1.86  1.92  1.77  1.45  1.28  1.17  1.12  1.23  1.50  1.75  1.60
SKEW       .38   .69   .54   .67   .70  1.07   .80   .85  1.12   .78   .59   .57
% NNW     7.11  6.91  5.33  5.74  3.73  3.75  3.61  5.23  5.18  6.39  6.15  5.71
MEAN      3.92  3.74  3.91  3.86  3.06  2.89  2.81  2.91  2.76  3.38  3.70  3.79
STD DEV   1.59  1.68  1.64  1.67  1.35  1.23  1.23  1.23  1.14  1.44  1.61  1.70
SKEW       .38   .60   .36   .41   .77   .70   .67   .68   .86   .49   .50   .68
CALM      9.41 10.54  9.52 10.07 17.86 19.49 21.21 21.49 20.15 22.20 14.12 10.93
 
INTERPOLATED DATA (station & weighting factor)
 
---Wind Stations---
SMITHVILLE    TN     .424  SMYRNA/SEWART TN     .329  TULLAHOMA     TN     .247
---Solar Radiation and Max .5 P Stations---
 TN MURFREESBORO     .435   TN ROCK ISLAND 2 N  .284   TN LEBANON 2 SE     .281 
---Dewpoint Stations---
TN NASHVILLE INTL A  .498  TN CHATTANOOGA LOVE  .257  KY BOWLING GREEN WA  .244 
---Time Peak Stations---
TN MURFREESBORO      .376  TN MURFREESBORO 5 N  .375  TN ROCK ISLAND 2 NW  .249 
