 JACKSON AIRPORT TN                      404556 0
 LATT=  35.60 LONG= -88.92 YEARS= 40. TYPE= 3
 ELEVATION =  410. TP5 = 2.35 TP6= 5.39
 MEAN P    .41   .41   .46   .50   .55   .52   .53   .42   .48   .47   .50   .51
 S DEV P   .54   .55   .62   .62   .78   .60   .69   .50   .72   .60   .65   .68
 SKEW  P  2.61  2.82  3.03  2.10  3.43  1.81  2.20  1.77  4.61  1.94  2.29  2.58
 P(W/W)    .49   .47   .45   .49   .54   .47   .44   .42   .45   .45   .49   .50
 P(W/D)    .24   .26   .29   .26   .25   .22   .21   .17   .18   .18   .24   .24
 TMAX AV 47.63 52.64 62.69 72.39 79.97 87.48 90.73 90.29 83.64 73.04 61.40 50.98
 TMIN AV 28.79 32.16 40.46 48.85 57.98 65.71 69.47 67.66 59.84 47.90 39.21 31.71
 SD TMAX 12.36 12.64 11.71  9.64  7.35  5.63  5.06  5.54  7.61  8.77 10.64 11.64
 SD TMIN 11.92 11.16 10.76  9.88  7.94  5.68  4.30  5.08  8.34  9.88 10.84 11.67
 SOL.RAD  173.  239.  328.  422.  494.  524.  530.  493.  410.  301.  198.  156.
 SD SOL   28.8  34.9  33.6  34.8  43.2  37.4  41.1  34.0  24.0  35.0  28.5  22.8
 MX .5 P   .66   .75   .89  1.07  1.33  1.59  1.43  1.31  1.28   .95   .95   .77
 DEW PT  29.95 31.99 39.01 47.97 57.97 65.97 69.97 68.97 61.01 49.93 39.99 32.98
Time Pk   .485  .632  .704  .786  .804  .819  .922  .939  .950  .970  .988 1.000
% N       8.51  7.64  5.91  5.01  4.76  3.81  4.30  6.41  7.57  7.52  6.27  6.56
MEAN      5.50  4.95  5.10  4.75  4.37  3.73  3.40  3.61  3.87  4.30  4.64  5.09
STD DEV   2.34  2.31  2.17  2.11  2.09  1.73  1.53  1.59  1.89  2.15  2.35  2.54
SKEW       .35   .58   .23   .43   .50   .52   .47   .53   .55   .54   .42   .66
% NNE     8.15  8.63  5.72  5.82  6.09  4.69  6.28  8.30  9.65  7.45  6.29  6.14
MEAN      5.07  4.83  4.74  4.89  4.72  3.95  3.83  3.85  4.01  4.55  4.58  4.47
STD DEV   2.05  2.04  1.83  1.90  1.98  1.58  1.57  1.61  1.73  2.13  2.16  2.00
SKEW       .25   .42   .30   .33   .46   .40   .35   .51   .48   .68   .52   .57
% NE      5.27  5.95  5.61  4.74  5.90  4.48  5.69  6.74  8.44  6.24  5.03  4.73
MEAN      3.88  4.01  4.26  4.30  3.87  3.49  3.31  3.47  3.52  3.58  3.62  3.86
STD DEV   1.76  1.77  1.80  1.86  1.70  1.54  1.45  1.51  1.70  1.86  1.84  1.77
SKEW       .67   .53   .40   .37   .53   .67   .64   .54   .70   .94   .66   .49
% ENE     3.42  4.17  4.65  3.64  4.53  4.04  5.03  5.20  5.43  3.46  3.35  3.16
MEAN      3.52  3.77  4.08  4.00  3.55  3.30  3.10  3.28  3.09  3.21  3.22  3.46
STD DEV   1.51  1.62  1.68  1.59  1.50  1.38  1.30  1.44  1.27  1.74  1.56  1.44
SKEW       .70   .52   .47   .44   .57   .62   .61   .61   .51  1.05   .75   .46
% E       3.93  4.61  5.21  4.22  5.53  5.33  5.95  6.47  7.45  5.16  4.22  4.15
MEAN      3.04  3.35  3.42  3.48  3.12  2.96  2.94  2.75  2.77  2.38  2.77  3.14
STD DEV   1.26  1.57  1.71  1.52  1.43  1.42  1.34  1.25  1.37  1.07  1.50  1.38
SKEW       .64   .73  1.04   .65   .90   .92  1.04   .90   .97  1.02  1.34   .73
% ESE     2.76  3.66  3.75  3.08  4.06  4.43  3.74  3.79  4.52  3.57  2.64  3.15
MEAN      3.21  3.60  3.74  3.67  3.17  3.13  3.06  2.86  2.98  2.72  3.05  3.66
STD DEV   1.48  1.68  1.76  1.68  1.35  1.41  1.37  1.26  1.33  1.25  1.67  1.70
SKEW      1.12   .81   .90   .74   .63   .80   .89   .87   .83  1.09  1.04   .72
% SE      3.92  4.23  4.72  4.79  5.42  6.60  4.93  5.16  5.96  5.99  4.48  5.03
MEAN      3.39  3.75  3.89  3.60  3.24  3.17  2.85  2.75  3.20  3.10  3.44  3.60
STD DEV   1.61  1.78  2.01  1.72  1.47  1.54  1.25  1.35  1.51  1.49  1.74  1.77
SKEW       .66   .55  1.02   .88   .96   .88   .64   .97   .75   .92   .94   .79
% SSE     7.24  6.02  7.85  7.99  7.94  7.89  6.14  5.77  6.71  7.13  7.16  7.69
MEAN      4.26  4.44  4.66  4.47  3.98  3.40  3.15  2.99  3.47  3.57  4.36  4.42
STD DEV   1.99  1.95  2.20  2.09  1.82  1.51  1.33  1.31  1.72  1.65  2.19  1.95
SKEW       .69   .59   .77   .77   .77   .80   .69   .88  1.23   .76   .81   .49
% S      12.10  9.86 11.54 14.17 11.91 11.80 10.31  8.73  7.93  9.91 11.73 12.62
MEAN      4.97  5.04  5.32  4.94  4.37  3.64  3.43  3.28  3.66  3.73  4.58  4.54
STD DEV   2.23  2.24  2.38  2.26  2.02  1.60  1.45  1.47  1.69  1.73  2.24  2.08
SKEW       .55   .51   .50   .72   .67   .83   .60   .69   .80   .66   .78   .53
% SSW    10.32  9.11  9.19 12.62  9.99 10.86 10.63  8.80  6.22  6.94  8.38  9.75
MEAN      5.63  5.41  5.96  5.86  4.98  4.38  3.94  3.74  4.16  4.26  4.94  5.03
STD DEV   2.47  2.50  2.59  2.44  2.29  1.86  1.64  1.53  1.75  2.04  2.31  2.33
SKEW       .49   .66   .33   .33   .56   .65   .53   .46   .43   .58   .55   .67
% SW      4.39  5.00  4.58  5.75  6.52  8.78  9.24  6.70  4.24  4.22  4.87  5.07
MEAN      4.44  4.77  5.04  5.35  4.48  4.41  3.89  3.80  3.78  3.71  4.20  4.04
STD DEV   2.37  2.48  2.46  2.57  2.08  1.94  1.72  1.68  1.83  1.84  2.25  2.08
SKEW       .95   .76   .39   .36   .63   .38   .53   .53   .60   .74   .77   .84
% WSW     3.63  4.72  4.72  4.41  5.20  7.14  6.54  4.68  2.51  3.12  3.84  4.65
MEAN      4.33  4.83  5.68  5.28  4.35  4.37  4.01  3.73  3.74  3.73  4.33  4.55
STD DEV   2.33  2.37  2.63  2.66  1.98  1.98  1.73  1.66  1.75  1.83  2.34  2.31
SKEW       .88   .57   .39   .52   .64   .46   .43   .50   .43   .69   .97   .81
% W       3.38  3.52  4.20  3.83  3.69  4.08  4.29  3.62  1.64  3.20  4.17  4.32
MEAN      4.34  4.52  5.17  4.75  3.98  3.67  3.47  3.23  2.97  3.52  4.06  4.53
STD DEV   2.20  2.55  2.59  2.55  2.03  1.87  1.59  1.49  1.39  1.81  2.18  2.35
SKEW       .58   .83   .33   .67   .91   .74   .63   .70   .54   .81   .75   .84
% WNW     4.62  4.65  6.03  5.08  3.64  2.41  2.74  2.47  2.32  3.28  4.96  4.58
MEAN      5.01  5.04  5.54  5.19  4.29  3.73  3.14  3.12  3.19  3.93  4.79  4.85
STD DEV   2.33  2.29  2.35  2.46  2.18  1.88  1.39  1.37  1.65  1.96  2.28  2.21
SKEW       .55   .43   .21   .40   .73   .67   .80   .59   .99   .56   .58   .42
% NW      5.43  5.77  5.90  4.74  3.25  1.94  2.25  2.55  3.02  4.00  6.15  5.66
MEAN      5.10  5.12  5.28  5.06  4.18  3.34  3.14  2.97  3.28  4.04  4.75  5.15
STD DEV   2.28  2.33  2.35  2.37  2.15  1.73  1.56  1.47  1.74  2.37  2.36  2.52
SKEW       .41   .27   .37   .33   .78   .78  1.08  1.00   .93   .97   .48   .50
% NNW     6.81  6.63  5.90  5.09  4.12  2.75  2.73  4.08  4.60  5.19  5.75  5.67
MEAN      5.75  5.52  5.44  5.32  4.61  3.95  3.36  3.56  3.95  4.28  5.29  5.44
STD DEV   2.40  2.43  2.10  2.15  2.16  1.86  1.51  1.68  1.93  2.02  2.32  2.37
SKEW       .43   .32   .03   .26   .37   .65   .69   .75   .47   .42   .36   .19
CALM      6.07  5.88  4.51  5.07  7.48  8.90  9.21 10.62 11.81 13.65 10.81  7.08
 
INTERPOLATED DATA (station & weighting factor)
 
---Wind Stations---
MEMPHIS/INT.  TN     .360  MEMPHIS       TN     .360  MALDEN        MO     .281
---Solar Radiation and Max .5 P Stations---
 TN BROWNSVILLE SEW  .424   TN BOLIVAR WTR WKS  .353   TN GREENFIELD 3 SE  .223 
---Dewpoint Stations---
TN JACKSON MCKELLAR  .953  TN DYERSBURG MUNI A  .034  AL MUSCLE SHOALS RG  .014 
---Time Peak Stations---
TN BROWNSVILLE 5 NE  .465  TN BOLIVAR WTR WKS   .321  TN GREENFIELD 3 SE   .213 
