 WACO WB AP TX                           419419 0
 LATT=  31.62 LONG= -97.22 YEARS= 40. TYPE= 4
 ELEVATION =  500. TP5 = 2.67 TP6= 5.61
 MEAN P    .30   .37   .37   .43   .53   .44   .39   .40   .51   .57   .36   .39
 S DEV P   .52   .55   .55   .60   .72   .59   .65   .62   .76   .79   .49   .70
 SKEW  P  3.71  3.04  2.78  3.16  2.40  2.46  3.38  2.69  2.40  2.58  2.50  5.83
 P(W/W)    .45   .39   .42   .38   .42   .46   .41   .39   .45   .45   .48   .47
 P(W/D)    .17   .19   .20   .18   .21   .16   .11   .12   .14   .15   .16   .15
 TMAX AV 57.79 62.30 70.08 78.13 85.25 92.59 96.88 97.42 90.37 80.44 68.69 59.64
 TMIN AV 35.73 39.67 47.40 55.11 64.00 71.22 74.58 74.29 66.95 56.52 46.22 37.52
 SD TMAX 12.50 12.74 10.08  7.95  6.60  5.26  4.82  5.25  7.48  8.81 10.72 11.66
 SD TMIN  9.86 10.01 10.32  9.20  7.38  4.96  3.37  3.99  7.83  9.58 10.68 10.44
 SOL.RAD  215.  285.  363.  460.  497.  548.  587.  525.  433.  333.  234.  208.
 SD SOL   30.1  39.0  29.7  37.9  38.2  47.0  30.0  27.4  35.5  40.6  36.6  28.7
 MX .5 P   .62   .63   .94  1.22  1.85  1.53  1.38  1.26  1.20  1.41   .78   .57
 DEW PT  36.00 40.00 46.00 54.00 63.00 68.00 69.00 68.00 64.00 55.00 46.00 38.00
Time Pk   .448  .597  .668  .754  .774  .794  .919  .935  .949  .965  .985 1.000
% N      12.82 11.26 10.22  7.24  5.33  2.83  1.71  2.63  6.82  9.19 11.65 11.65
MEAN      6.14  6.03  6.27  5.89  4.99  4.43  3.95  4.01  4.59  5.14  5.70  5.96
STD DEV   2.73  2.64  2.64  2.60  2.36  1.93  1.80  1.92  2.01  2.26  2.62  2.69
SKEW       .44   .46   .36   .36   .48   .38   .62   .75   .47   .38   .38   .43
% NNE     6.87  6.25  6.43  5.45  4.02  2.24  1.58  2.85  5.80  5.38  5.86  5.59
MEAN      5.43  5.24  5.53  5.65  4.64  4.11  4.02  4.18  4.61  4.81  5.05  5.01
STD DEV   2.37  2.11  2.38  2.35  2.18  1.62  1.84  1.93  2.10  2.35  2.31  2.14
SKEW       .38   .48   .38   .43   .61   .18   .67   .51   .55   .69   .58   .25
% NE      4.29  4.99  4.78  4.57  4.11  2.97  2.30  3.91  7.83  5.20  4.34  4.22
MEAN      4.06  4.22  4.17  4.93  4.22  3.95  4.13  3.86  4.22  4.05  4.03  4.19
STD DEV   1.82  1.81  1.92  2.13  1.78  1.72  1.84  1.66  1.99  1.90  1.85  1.80
SKEW       .64   .51   .82   .51   .42   .37   .59   .45   .80   .82   .58   .48
% ENE     1.83  2.43  2.47  2.36  2.86  2.05  2.08  2.99  5.15  2.74  2.08  1.75
MEAN      3.42  3.57  3.71  4.11  3.85  3.95  4.19  3.70  3.80  3.61  3.37  3.61
STD DEV   1.33  1.47  1.47  1.82  1.69  1.83  1.83  1.49  1.69  1.71  1.34  1.52
SKEW       .60   .59   .47   .64   .83  1.01   .55   .51   .92  1.43   .62   .66
% E       1.74  2.51  2.49  2.64  3.15  3.24  2.95  4.61  5.39  3.04  1.97  1.66
MEAN      3.09  3.47  3.55  3.80  3.50  3.43  3.68  3.62  3.40  3.30  3.20  3.30
STD DEV   1.26  1.44  1.49  1.62  1.57  1.40  1.53  1.53  1.55  1.36  1.37  1.47
SKEW       .57   .62   .60   .70   .87   .80   .56   .80  1.13   .67   .75   .67
% ESE     1.55  2.17  2.22  2.47  3.12  3.50  2.82  4.13  4.53  2.68  1.78  1.40
MEAN      3.45  3.83  3.72  4.32  3.61  3.62  3.88  3.77  3.49  3.38  3.61  3.20
STD DEV   1.41  1.45  1.60  1.74  1.54  1.40  1.65  1.48  1.33  1.41  1.44  1.44
SKEW       .57   .35  1.09   .56   .74   .66   .54   .44   .60   .68   .53  1.10
% SE      3.59  4.36  4.68  6.55  8.00  9.38  7.77  8.75  8.51  7.34  4.55  3.77
MEAN      3.85  4.30  4.64  4.84  4.43  4.14  4.03  4.03  3.72  3.84  3.88  3.63
STD DEV   1.65  1.84  2.04  2.01  1.87  1.68  1.64  1.53  1.53  1.58  1.69  1.50
SKEW       .64   .63   .42   .55   .69   .50   .56   .47   .67   .79   .62   .64
% SSE     8.19  8.40 11.90 18.01 20.30 20.81 17.44 16.09 12.35 12.65  9.95  8.68
MEAN      4.45  5.10  5.47  5.84  5.72  5.11  4.65  4.43  4.32  4.55  4.64  4.41
STD DEV   1.78  2.11  2.16  2.03  2.05  1.87  1.74  1.60  1.65  1.83  1.92  1.73
SKEW       .50   .47   .33   .22   .18   .32   .50   .36   .48   .60   .58   .42
% S      18.13 16.11 19.44 23.67 25.70 32.08 35.24 27.95 18.96 18.69 18.38 17.27
MEAN      4.99  5.49  5.96  6.11  5.93  5.53  4.97  4.72  4.78  4.81  5.10  4.93
STD DEV   2.10  2.37  2.36  2.26  2.13  2.03  1.81  1.79  1.98  2.00  2.17  2.07
SKEW       .63   .44   .06   .18   .08   .19   .35   .46   .47   .51   .55   .68
% SSW     8.85  7.57  7.71  6.95  6.56  8.43 12.82 10.60  5.61  6.64  7.60  7.90
MEAN      5.19  5.28  5.80  5.47  5.24  5.28  4.99  4.68  4.44  4.56  5.11  4.90
STD DEV   2.26  2.27  2.40  2.18  2.02  2.01  1.71  1.76  1.88  1.88  2.18  2.18
SKEW       .49   .51   .24   .25   .35   .22   .22   .39   .76   .52   .58   .68
% SW      3.11  3.57  2.87  2.24  1.86  2.02  3.51  3.32  2.22  2.82  2.99  3.39
MEAN      4.59  4.68  5.09  4.77  4.01  4.24  4.27  4.11  3.78  3.95  4.30  4.26
STD DEV   2.06  2.02  2.37  2.09  1.77  2.00  1.58  1.57  1.78  1.73  1.94  1.87
SKEW       .44   .52   .65   .69   .46   .77   .29   .36   .77   .66   .63   .63
% WSW     1.82  2.40  1.97  1.32   .89   .63  1.00  1.11   .79  1.23  1.84  2.13
MEAN      4.17  4.63  4.65  4.50  3.68  3.64  3.58  3.79  3.06  3.21  3.60  3.92
STD DEV   1.94  2.05  2.32  2.06  1.60  1.25  1.25  1.45  1.11  1.40  1.61  1.69
SKEW       .66   .71   .56   .48   .27  -.05   .06   .31   .53   .87   .75   .69
% W       2.09  2.44  2.27  1.38  1.00   .51   .74   .91   .78  1.38  2.03  2.37
MEAN      4.31  4.89  5.47  5.15  3.33  3.11  3.10  3.01  2.78  3.12  3.55  4.05
STD DEV   2.24  2.72  2.65  2.62  1.43  1.15  1.61  1.17  1.17  1.53  1.62  1.92
SKEW       .96   .81   .56   .47   .73   .71   .89   .50   .40  1.31   .99   .89
% WNW     2.56  2.95  2.77  1.85  1.27   .63   .39   .67   .87  1.26  2.38  2.84
MEAN      5.02  5.47  6.02  5.00  4.18  3.66  2.81  3.23  2.84  4.04  4.26  4.56
STD DEV   2.68  2.74  3.16  2.28  1.74  1.79  1.06  1.20   .99  2.24  2.18  2.11
SKEW       .69   .63   .43   .60   .42  1.15   .25   .34   .54  1.25  1.16   .61
% NW      5.90  5.61  4.36  3.11  1.97  1.00   .59   .88  1.85  3.31  5.36  6.68
MEAN      5.82  5.84  5.98  5.27  4.58  3.95  3.85  3.41  3.52  4.40  4.98  5.26
STD DEV   2.89  2.51  2.86  2.53  2.18  1.90  1.95  1.51  1.71  2.22  2.39  2.54
SKEW       .54   .21   .45   .56   .54   .58   .68   .37   .89   .81   .79   .73
% NNW     8.77  9.20  7.10  4.52  2.90  1.39   .86  1.49  2.84  5.65  7.89  9.57
MEAN      6.41  6.49  6.87  6.16  5.20  4.39  4.05  4.10  4.49  5.02  5.77  5.97
STD DEV   2.74  2.71  2.97  2.85  2.26  1.94  1.79  1.67  2.29  2.40  2.62  2.78
SKEW       .29   .37   .36   .47   .26   .27   .69   .54   .97   .67   .37   .51
CALM      8.02  7.86  6.39  5.70  7.07  6.39  6.15  7.07  9.67 10.70  9.36  9.20
 
INTERPOLATED DATA (station & weighting factor)
 
---Wind Stations---
WACO/CONNALLY TX     .500  WACO          TX     .500  FT HOOD       TX     .000
---Solar Radiation and Max .5 P Stations---
 TX FT WORTH WSFO    .547   TX JUSTIN           .453                            
---Dewpoint Stations---
TX WACO RGNL AP     1.000  TX FT WORTH NAS      .000  TX FT WORTH GTR SW   .000 
---Time Peak Stations---
TX FT WORTH WSFO     .544  TX JUSTIN            .456                            
