 JACKSONVILLE TX                         414525 0
 LATT=  31.97 LONG= -95.27 YEARS= 40. TYPE= 4
 ELEVATION =  570. TP5 = 2.53 TP6= 6.71
 MEAN P    .50   .55   .52   .57   .64   .63   .57   .47   .64   .74   .60   .50
 S DEV P   .68   .65   .57   .68   .67   .77   .69   .61   .81   .96   .74   .61
 SKEW  P  3.23  1.84  1.93  2.25  1.60  2.76  2.11  2.64  2.35  3.27  2.11  2.30
 P(W/W)    .42   .40   .34   .34   .36   .37   .33   .28   .37   .38   .40   .41
 P(W/D)    .17   .16   .17   .14   .17   .16   .12   .11   .12   .12   .16   .15
 TMAX AV 57.95 62.95 70.41 77.65 83.96 90.52 94.31 95.12 88.44 79.69 68.74 60.02
 TMIN AV 36.34 40.06 46.88 53.94 62.83 69.47 72.52 72.23 65.78 55.44 46.07 38.68
 SD TMAX 12.00 11.83  9.49  7.28  5.84  4.69  4.66  5.01  6.83  7.93 10.16 11.34
 SD TMIN 10.69 10.33 10.29  8.81  6.83  4.96  3.19  3.99  7.02  9.13 10.55 11.35
 SOL.RAD  207.  272.  358.  455.  494.  537.  575.  520.  430.  333.  232.  199.
 SD SOL   28.2  36.2  27.7  33.1  39.4  40.9  27.9  30.4  26.6  40.3  35.4  30.4
 MX .5 P   .72   .99  1.11  1.28  1.70  1.60  1.45  1.41  1.46  1.57  1.03   .86
 DEW PT  37.39 40.62 46.93 54.16 63.46 69.23 71.00 70.00 65.23 55.93 47.69 39.69
Time Pk   .422  .596  .671  .762  .788  .801  .918  .935  .951  .970  .985 1.000
% N       7.18  5.55  5.21  5.57  4.08  1.93  1.44  2.66  6.65  7.50  6.61  5.81
MEAN      4.82  4.52  4.41  4.64  3.94  3.25  3.05  3.23  3.52  3.68  4.16  4.25
STD DEV   1.80  1.95  1.82  1.99  2.02  1.77  1.47  1.44  1.62  1.86  2.00  1.86
SKEW       .31   .35   .13   .38   .76   .59   .50   .45   .68   .82   .57   .64
% NNE     3.49  3.74  3.66  3.22  3.08  1.46  1.95  3.52  6.37  4.76  3.08  3.81
MEAN      4.14  4.03  4.33  4.22  3.76  3.24  3.53  3.82  3.87  3.93  4.25  3.99
STD DEV   1.63  1.62  1.74  1.66  1.84  1.42  1.46  1.54  1.71  2.07  1.94  1.66
SKEW       .37   .39   .21   .21   .89   .41   .79   .39   .40  1.02   .71   .45
% NE      3.55  4.78  4.19  3.66  4.12  2.30  4.00  5.59 10.85  7.03  4.70  5.41
MEAN      3.62  3.66  3.56  3.64  3.73  2.92  3.41  3.49  3.50  3.34  3.44  3.66
STD DEV   1.66  1.57  1.60  1.65  1.83  1.66  1.73  1.46  1.52  1.58  1.54  1.66
SKEW       .42   .28   .72   .46   .60  1.02   .85   .49   .48   .94   .41   .48
% ENE     2.25  3.24  3.05  2.87  3.12  2.10  3.91  5.03  8.54  3.97  2.94  3.32
MEAN      3.95  3.86  3.98  4.32  3.98  3.25  3.71  3.79  3.85  3.56  3.85  3.65
STD DEV   1.70  1.54  1.56  1.46  1.62  1.43  1.64  1.47  1.55  1.63  1.54  1.51
SKEW       .25   .29   .17  -.01   .54   .59   .75   .33   .41   .90   .60   .32
% E       3.57  4.97  5.15  4.38  4.24  4.13  5.77  6.35  9.82  5.76  5.04  4.03
MEAN      3.98  3.95  4.10  3.94  3.56  3.21  3.29  3.34  3.51  3.35  3.65  3.50
STD DEV   1.69  1.69  1.63  1.58  1.72  1.60  1.54  1.44  1.55  1.45  1.59  1.47
SKEW       .16   .65   .21   .23   .56   .70   .74   .69   .85   .50   .44   .47
% ESE     3.15  5.01  4.73  5.40  5.34  4.62  5.47  6.61  7.46  5.66  3.55  3.72
MEAN      4.04  4.46  4.54  4.52  4.10  3.59  3.58  3.70  3.86  3.69  3.59  3.98
STD DEV   1.59  1.83  1.65  1.66  1.54  1.48  1.53  1.50  1.51  1.37  1.35  1.48
SKEW       .33   .56   .25   .42   .24   .62   .64   .60   .53   .25   .48   .27
% SE      5.46  6.94  7.83  8.27  9.24 10.79  9.36  9.53  8.85 10.95  6.97  6.20
MEAN      4.33  4.48  4.60  4.59  4.01  3.66  3.54  3.51  3.77  3.82  3.76  4.34
STD DEV   1.77  2.07  1.86  1.94  1.77  1.55  1.57  1.47  1.53  1.51  1.62  1.73
SKEW       .26   .66   .42   .56   .62   .85   .70   .70   .41   .56   .65   .43
% SSE     8.66  9.33 12.37 14.68 16.22 16.73 14.11 12.12  8.51 10.67 10.68 10.84
MEAN      5.23  5.43  5.68  5.53  4.68  4.08  4.00  3.81  4.13  4.21  4.58  5.08
STD DEV   1.83  2.08  2.10  2.10  1.81  1.60  1.58  1.48  1.65  1.61  1.90  1.79
SKEW       .36   .39   .64   .31   .42   .32   .36   .44   .53   .48   .45   .51
% S      16.64 13.45 15.46 17.99 18.59 27.16 19.73 17.19  9.29 12.39 14.33 13.48
MEAN      6.18  5.76  6.11  5.76  4.95  4.60  4.36  3.91  4.21  4.30  5.09  5.50
STD DEV   2.19  2.25  2.35  2.09  1.97  1.92  1.73  1.54  1.85  1.78  2.16  2.28
SKEW       .31   .45   .29   .16   .18   .42   .41   .47   .58   .58   .34   .49
% SSW     8.89  6.64  6.27  6.25  7.18  8.90  9.08  7.77  3.10  4.93  6.93  6.39
MEAN      6.47  5.66  6.25  5.66  4.62  4.50  4.25  4.18  4.34  4.37  5.32  5.58
STD DEV   2.36  2.25  2.27  2.11  1.89  1.79  1.71  1.59  1.96  1.88  2.29  2.30
SKEW       .23   .21   .27   .29   .36   .51   .45   .31   .48   .34   .45   .50
% SW      3.13  5.11  3.32  2.82  3.20  4.81  7.18  5.67  2.05  2.44  3.37  3.72
MEAN      4.86  4.71  4.70  4.43  3.78  3.57  3.80  3.76  3.42  3.57  3.59  4.24
STD DEV   2.40  2.18  1.99  1.98  1.78  1.56  1.50  1.47  1.49  1.57  1.83  1.96
SKEW       .63   .54   .38   .67   .53   .40   .20   .23   .25   .43   .89   .55
% WSW     1.67  2.18  2.16  1.32  1.65  1.72  3.02  2.12   .85   .97  1.65  1.61
MEAN      4.63  5.40  5.76  4.77  3.95  3.23  3.80  3.46  3.26  3.32  4.21  4.16
STD DEV   1.72  2.68  2.84  2.14  1.87  1.35  1.36  1.33  1.18  1.38  2.13  1.78
SKEW       .34   .49   .68   .53   .29   .00  -.19   .36   .12   .44   .79   .04
% W       2.23  2.30  2.03  1.75  1.51  1.07  1.52  1.60   .92   .78  2.02  1.95
MEAN      4.50  4.51  5.73  4.18  3.30  3.17  3.14  3.21  3.13  2.75  4.53  3.80
STD DEV   2.58  2.84  2.73  1.94  1.65  1.33  1.38  1.42  1.44  1.28  2.76  1.84
SKEW      1.05   .75   .26   .58   .84   .90   .39   .60   .71  1.23   .93   .68
% WNW     3.46  3.54  3.68  2.97  1.58   .72   .95   .85   .90  1.28  3.49  4.13
MEAN      5.19  5.05  6.02  5.10  3.74  3.14  2.88  3.36  3.39  3.73  4.91  4.99
STD DEV   2.37  2.21  2.74  2.55  1.95  1.42  1.08  1.10  1.35  1.93  2.28  2.33
SKEW       .60   .84   .55   .81   .76   .00   .52   .15   .43   .66   .54   .51
% NW      8.80  8.51  6.96  5.81  3.74  1.24  1.13  1.58  2.80  4.31  6.95  8.90
MEAN      5.04  5.38  5.70  5.32  3.62  3.42  2.86  3.29  3.19  4.06  4.67  4.80
STD DEV   2.16  2.29  2.61  2.46  1.90  1.78  1.28  1.65  1.72  2.02  2.42  2.54
SKEW       .45   .25   .26   .50   .78   .38   .44  1.04  1.12   .62   .62   .67
% NNW    11.53  7.84  8.41  6.64  3.80  1.35  1.16  1.85  3.48  6.26  7.98  8.02
MEAN      5.48  5.30  5.84  5.27  4.34  3.78  3.29  3.75  3.64  4.26  5.29  5.62
STD DEV   1.92  2.19  2.31  2.19  2.30  1.71  1.30  1.59  1.75  2.05  2.40  2.60
SKEW       .18   .24   .28   .30   .67   .60   .45   .18   .85   .66   .34   .44
CALM      6.41  6.90  5.56  6.39  9.14  8.85 10.22  9.90  9.54 10.34  9.69  8.61
 
INTERPOLATED DATA (station & weighting factor)
 
---Wind Stations---
TYLER         TX     .583  LUFKIN        TX     .272  DALLAS        TX     .145
---Solar Radiation and Max .5 P Stations---
 TX SWAN             .521   TX NACOGDOCHES      .360   TX FT WORTH WSFO    .119 
---Dewpoint Stations---
TX LUFKIN ANGELINA   .463  LA SHREVEPORT        .303  TX WACO RGNL AP      .234 
---Time Peak Stations---
TX SWAN              .532  TX NACOGDOCHES       .344  TX GRAPEVINE DAM     .124 
