 POINT COMFORT TX                        417140 0
 LATT=  28.67 LONG= -96.55 YEARS= 40. TYPE= 4
 ELEVATION =   20. TP5 = 2.52 TP6= 6.70
 MEAN P    .38   .34   .49   .53   .75   .64   .65   .45   .62   .69   .58   .37
 S DEV P   .59   .63   .81   .86   .94   .84   .95   .63  1.02  1.02   .96   .62
 SKEW  P  3.39  4.16  3.54  2.86  2.04  2.82  2.58  2.86  4.56  2.50  3.64  4.66
 P(W/W)    .41   .35   .31   .29   .35   .44   .42   .38   .49   .41   .36   .39
 P(W/D)    .20   .19   .15   .13   .14   .15   .13   .16   .18   .14   .17   .17
 TMAX AV 64.21 67.32 73.20 78.57 84.09 89.11 91.03 91.88 88.86 82.25 73.75 66.39
 TMIN AV 45.89 48.99 55.86 62.08 69.84 75.32 77.53 77.24 71.66 63.89 55.13 47.59
 SD TMAX  9.84  9.44  6.76  5.05  3.94  3.37  3.18  3.16  4.46  6.21  8.48  9.77
 SD TMIN 10.04  9.92  9.25  8.42  6.46  5.13  4.19  3.70  7.01  9.11 10.22 10.52
 SOL.RAD  231.  286.  362.  440.  491.  544.  570.  520.  446.  362.  266.  217.
 SD SOL   37.0  38.2  33.1  44.6  39.4  35.6  33.5  31.3  36.5  28.0  31.8  34.0
 MX .5 P   .87   .82  1.26  1.39  1.64  1.60  1.59  1.43  1.54  1.45  1.13   .80
 DEW PT  46.49 49.49 55.38 61.49 68.75 73.26 74.26 74.26 70.75 63.49 55.49 48.49
Time Pk   .376  .548  .610  .728  .748  .760  .900  .930  .948  .968  .990 1.000
% N      11.41 10.11  8.13  5.03  4.19  1.77  1.01  2.68  6.74 10.21 11.74 12.08
MEAN      6.13  5.97  6.45  5.83  4.81  3.85  2.99  3.09  3.85  4.92  5.92  5.92
STD DEV   2.60  2.81  2.85  2.91  2.54  1.55  1.16  1.36  1.99  2.41  2.82  2.78
SKEW       .29   .76   .38   .47   .80   .63   .37   .87  1.07   .82   .58   .45
% NNE    10.39  8.37  7.88  5.62  4.45  3.12  1.64  4.24 10.96 10.53 10.23  8.91
MEAN      5.74  5.63  5.73  5.32  4.53  3.65  3.10  3.19  4.04  4.62  5.28  5.02
STD DEV   2.54  2.34  2.65  2.45  2.35  1.62  1.48  1.51  1.95  2.23  2.53  2.42
SKEW       .35   .40   .52   .45   .72   .64   .87   .85   .83   .74   .56   .74
% NE      5.97  5.93  5.18  4.09  4.05  3.17  1.57  3.99 10.08  8.03  6.53  5.45
MEAN      4.40  4.55  4.46  4.44  4.16  3.29  2.94  3.02  3.94  3.89  4.85  4.46
STD DEV   2.03  2.16  1.99  2.04  2.15  1.37  1.29  1.41  1.94  1.91  2.28  2.01
SKEW       .74   .73   .48   .49   .83   .82   .58   .87  1.08   .85   .40   .67
% ENE     6.84  7.20  6.61  5.55  4.08  3.68  2.55  4.91 11.45  8.77  7.79  6.99
MEAN      4.48  4.85  4.19  4.39  3.91  3.41  2.93  3.39  3.92  3.51  4.04  3.90
STD DEV   2.04  2.23  1.91  1.86  1.83  1.69  1.38  1.65  1.84  1.62  1.93  1.70
SKEW       .53   .43   .70   .49   .66   .97  1.03  1.38   .78   .87   .85   .59
% E       4.64  6.04  6.37  6.17  4.22  4.09  2.58  4.45  6.87  6.63  5.32  5.41
MEAN      4.14  4.52  4.28  4.23  4.26  3.57  3.29  3.63  3.62  3.61  3.58  3.75
STD DEV   1.87  2.06  1.92  1.87  2.11  1.76  1.58  1.81  1.77  1.63  1.64  1.77
SKEW       .66   .63   .64   .63   .74   .91   .85   .80  1.02   .91   .69   .86
% ESE     4.47  5.89  8.83 11.07  9.16  8.74  5.61  6.70  8.40  8.64  5.29  4.54
MEAN      4.15  4.83  4.84  5.47  5.39  4.88  4.22  4.45  4.17  4.28  4.15  3.77
STD DEV   1.79  2.05  2.04  2.16  2.18  1.96  1.82  1.87  1.81  1.83  1.84  1.61
SKEW       .60   .46   .41   .39   .22   .42   .49   .39   .49   .66   .66   .56
% SE      6.54  8.17 10.00 16.59 17.59 16.22 12.17 10.78  9.72  9.34  6.44  5.93
MEAN      4.42  4.97  5.24  6.12  5.78  5.31  4.81  4.51  4.23  4.36  4.41  4.18
STD DEV   1.72  2.15  2.13  2.19  2.29  1.93  1.82  1.86  1.82  2.02  1.93  1.74
SKEW       .58   .60   .42   .09   .28   .27   .29   .38   .57   .96   .64   .35
% SSE    11.33 11.26 15.34 20.62 25.84 28.37 26.31 19.95 10.67  9.28  8.37  8.19
MEAN      5.07  5.69  5.90  6.36  6.09  5.64  5.23  5.09  4.69  4.54  5.07  4.82
STD DEV   1.94  2.19  2.22  2.34  2.16  1.85  1.83  1.83  1.83  1.92  2.12  1.96
SKEW       .33   .37   .47   .21   .19   .19   .23   .21   .47   .61   .37   .34
% S       8.81  8.87 10.18  9.36 11.76 16.23 21.94 16.93  7.13  6.10  8.74  8.52
MEAN      4.92  5.08  5.38  5.71  5.43  5.31  5.13  5.00  4.48  4.50  4.92  4.86
STD DEV   2.01  2.09  2.13  2.14  2.08  1.96  1.88  1.84  1.82  1.81  2.17  1.98
SKEW       .35   .35   .50   .31   .32   .15   .20   .21   .27   .28   .44   .41
% SSW     5.76  6.16  5.72  3.82  4.57  5.79 12.47 10.78  3.59  4.05  5.77  5.77
MEAN      4.90  5.10  5.22  5.44  4.81  4.86  5.03  4.82  4.17  4.35  4.75  4.57
STD DEV   1.92  2.06  1.87  2.22  1.93  1.63  1.84  1.71  1.55  1.66  1.96  1.90
SKEW       .27   .44   .21   .36   .38   .26   .30   .28   .39   .33   .50   .48
% SW      2.30  2.25  1.91  1.04   .97  1.35  2.60  2.68   .99  1.20  1.98  2.75
MEAN      4.09  4.38  4.55  3.42  3.65  4.03  3.98  3.75  3.31  3.49  3.90  3.98
STD DEV   1.89  1.96  1.82  1.62  1.56  1.69  1.43  1.55  1.52  1.49  1.86  1.85
SKEW       .55   .36   .27   .83   .24   .49   .43   .48  1.03   .59   .73   .59
% WSW     1.66  1.72  1.06   .75   .52   .90  1.77  1.69   .76   .93  1.63  2.19
MEAN      3.26  3.99  3.82  3.03  3.16  3.26  3.32  3.17  2.84  2.93  3.43  3.52
STD DEV   1.40  1.70  1.65  1.43  1.17  1.48  1.37  1.29  1.07  1.32  1.40  1.48
SKEW      1.07   .70   .48   .48   .41   .42   .41   .23  1.00   .49   .43   .40
% W       1.66  1.54  1.10   .77   .59   .69  1.07  1.19   .78   .99  1.34  1.98
MEAN      3.33  3.33  4.28  2.90  3.02  2.84  2.97  2.77  2.74  2.82  3.45  3.31
STD DEV   1.56  1.65  2.23  1.23  1.38  1.24  1.40  1.19  1.17  1.34  1.49  1.50
SKEW      1.02   .90   .93   .54   .38   .39   .93   .62   .64   .71   .38   .50
% WNW     2.84  2.13  1.64  1.44   .96   .69   .88  1.11   .95  1.45  2.07  2.81
MEAN      4.32  4.25  5.30  4.36  3.85  3.23  2.60  2.52  2.83  2.95  3.54  3.62
STD DEV   2.37  2.34  2.46  2.46  1.77  1.71   .99  1.00  1.21  1.34  1.88  1.79
SKEW      1.05   .89   .57   .81   .15  1.10   .79   .79   .72   .78  1.27   .83
% NW      2.99  3.13  1.95  1.70  1.49   .94   .54   .91  1.29  2.17  2.99  3.63
MEAN      4.54  5.00  4.62  4.70  3.63  3.29  2.40  2.47  3.16  3.39  3.83  4.30
STD DEV   2.39  2.53  2.29  2.35  1.74  1.26   .98   .93  1.32  1.61  1.85  2.28
SKEW       .96   .54   .81   .50   .86   .63   .62   .48   .94  1.00   .79   .88
% NNW     7.74  7.84  5.30  3.77  2.71  1.23   .95  1.78  4.15  6.40  8.37  8.92
MEAN      5.93  5.89  6.43  5.68  4.66  3.41  2.76  2.76  3.75  4.49  5.35  6.02
STD DEV   2.72  2.74  3.27  2.86  2.67  1.68  1.20  1.20  1.96  2.29  2.78  2.90
SKEW       .54   .38   .56   .44   .81   .80   .69  1.01  1.22   .88   .75   .40
CALM      4.68  3.33  2.75  2.73  2.96  3.00  4.25  5.33  5.33  5.18  5.35  5.92
 
INTERPOLATED DATA (station & weighting factor)
 
---Wind Stations---
PALACIOS      TX     .528  VICTORIA      TX     .322  BEEVILLE      TX     .150
---Solar Radiation and Max .5 P Stations---
 TX BEEVILLE 5 NE    .782   LA JENNINGS         .218                            
---Dewpoint Stations---
TX PALACIOS MUNI AP  .512  TX VICTORIA RGNL AP  .370  TX CORPUS CHRISTI N  .117 
---Time Peak Stations---
TX BEEVILLE 5 NE     .783  LA JENNINGS          .217                            
