 SONORA TX                               418449 0
 LATT=  30.57 LONG=-100.65 YEARS= 40. TYPE= 3
 ELEVATION = 2240. TP5 = 1.80 TP6= 6.00
 MEAN P    .26   .32   .40   .49   .53   .56   .46   .64   .72   .51   .40   .28
 S DEV P   .35   .42   .46   .57   .56   .66   .65  1.12  1.14   .68   .53   .43
 SKEW  P  3.11  2.41  2.17  1.89  1.82  2.73  2.86  5.86  3.54  2.66  2.51  2.89
 P(W/W)    .25   .30   .24   .29   .25   .29   .32   .29   .36   .35   .34   .29
 P(W/D)    .09   .10   .09   .10   .13   .12   .10   .11   .10   .12   .06   .06
 TMAX AV 60.01 65.21 72.76 80.91 87.75 92.76 95.02 94.98 88.67 79.68 69.01 61.21
 TMIN AV 29.85 33.74 41.80 49.87 59.76 67.06 68.71 68.16 61.26 50.99 40.33 30.98
 SD TMAX 12.12 11.94 10.26  9.09  7.21  5.49  5.36  5.25  7.31  8.56  9.94 10.84
 SD TMIN 10.02 10.25 10.85 10.32  8.23  5.35  4.43  4.53  8.02 10.59 10.95 10.05
 SOL.RAD  259.  323.  426.  524.  553.  597.  603.  545.  468.  362.  279.  244.
 SD SOL   33.4  42.6  39.7  53.7  51.0  45.1  34.8  35.5  34.9  51.0  28.1  26.4
 MX .5 P   .39   .50   .78   .96  1.32  1.28  1.06  1.19  1.16  1.11   .62   .38
 DEW PT  33.84 35.84 41.84 48.55 58.84 63.99 64.42 64.42 61.27 53.27 43.27 34.84
Time Pk   .405  .590  .677  .777  .792  .810  .945  .955  .965  .978  .990 1.000
% N       4.27  4.84  4.20  3.80  2.46  1.14   .94  1.15  2.38  2.92  5.16  4.61
MEAN      4.92  5.44  5.65  5.27  5.03  4.48  3.98  4.00  4.20  4.84  5.23  5.29
STD DEV   2.28  2.30  2.51  2.37  2.08  2.19  1.81  1.73  1.95  2.21  2.40  2.44
SKEW       .56   .35   .51   .71   .32   .93   .82  1.00   .77   .64   .62   .70
% NNE     4.97  4.74  4.48  5.14  3.10  1.82  1.48  2.17  4.38  4.33  5.78  4.69
MEAN      5.23  5.32  5.75  5.69  5.24  4.85  4.36  4.01  4.85  4.97  5.61  5.07
STD DEV   2.42  2.17  2.36  2.38  2.45  2.04  1.83  1.70  2.19  2.14  2.28  2.12
SKEW       .63   .42   .48   .52   .67   .55   .68   .89   .41   .62   .47   .82
% NE      6.12  6.08  5.71  5.90  3.73  2.70  2.26  3.59  5.86  5.56  5.49  4.54
MEAN      4.88  4.92  5.38  5.21  4.88  5.11  4.11  3.94  4.47  4.49  5.02  4.49
STD DEV   1.92  2.06  2.30  2.24  2.05  2.09  1.79  1.61  2.03  1.98  2.11  1.67
SKEW       .58   .71   .61   .69   .78   .64   .79   .78   .78   .83   .86   .45
% ENE     4.68  6.22  5.28  5.51  4.73  3.08  2.76  3.18  6.38  4.97  4.05  3.40
MEAN      4.34  4.34  4.79  4.76  4.61  4.79  4.15  4.18  4.18  4.29  4.28  4.11
STD DEV   1.51  1.55  1.86  1.95  1.86  2.01  1.70  1.66  1.65  1.64  1.66  1.52
SKEW       .64   .44   .72   .77   .68   .78   .83   .89   .89  1.04   .88   .87
% E       4.39  6.26  6.26  6.62  6.98  5.66  6.40  7.69  9.29  6.25  4.61  3.74
MEAN      3.96  4.17  4.67  4.73  4.68  4.71  4.36  4.34  4.33  4.08  4.18  3.99
STD DEV   1.47  1.55  1.74  1.96  1.92  1.77  1.69  1.68  1.62  1.52  1.48  1.47
SKEW       .61   .64   .48   .90   .84   .58   .75   .71   .68   .59   .80   .46
% ESE     3.66  4.64  6.15  7.94  9.07  9.80  9.34  9.63  8.68  5.51  4.00  2.86
MEAN      4.03  4.30  4.82  5.12  5.06  4.95  4.74  4.66  4.46  4.38  4.29  3.77
STD DEV   1.34  1.48  1.81  2.02  2.00  1.71  1.66  1.64  1.53  1.71  1.56  1.37
SKEW       .22   .45   .38   .60   .63   .44   .40   .44   .50   .62   .54   .34
% SE      5.64  6.92  8.87 11.08 14.69 17.65 16.55 15.26 11.68  9.41  5.49  4.84
MEAN      4.03  4.57  4.80  5.32  5.46  5.22  4.85  4.57  4.49  4.34  3.99  3.88
STD DEV   1.50  1.96  1.79  2.06  2.20  1.90  1.67  1.52  1.53  1.56  1.49  1.55
SKEW       .36   .83   .46   .48   .75   .51   .42   .42   .38   .56   .49  1.17
% SSE     3.05  4.50  6.47  8.10 13.51 17.04 18.01 12.60  9.04  8.28  3.43  2.83
MEAN      4.57  5.40  5.71  6.13  6.13  5.87  5.33  4.82  4.66  4.91  4.61  4.44
STD DEV   1.94  2.34  2.40  2.36  2.35  1.97  1.79  1.58  1.70  1.83  2.00  1.93
SKEW       .55   .72   .81   .24   .37   .24   .37   .31   .47   .45   .96   .59
% S       4.76  5.71  8.03  9.79 13.23 18.35 17.73 14.85 11.54 10.76  5.81  5.09
MEAN      4.73  5.12  5.69  5.85  5.54  5.73  5.13  4.67  4.67  4.85  4.86  4.83
STD DEV   2.03  2.24  2.30  2.36  2.00  2.02  1.78  1.67  1.77  1.89  2.08  2.08
SKEW       .69   .78   .47   .55   .44   .30   .36   .41   .57   .71   .97   .85
% SSW     9.06  7.94  8.80  8.85  9.44 11.55 10.97 11.64  8.74 10.39  9.26  8.99
MEAN      4.87  5.15  5.21  5.39  5.16  5.22  4.37  4.31  4.51  4.57  4.90  4.83
STD DEV   1.79  2.02  1.95  2.04  1.98  1.72  1.46  1.49  1.69  1.70  1.71  1.83
SKEW       .35   .54   .47   .61   .71   .23   .22   .34   .56   .38   .44   .52
% SW      8.70  6.73  5.76  4.58  3.68  2.56  3.26  4.89  3.49  5.23  8.85  8.41
MEAN      4.58  4.70  4.82  4.59  4.39  4.26  3.73  3.81  3.96  3.95  4.37  4.38
STD DEV   1.78  1.88  1.86  1.77  1.84  1.55  1.54  1.44  1.61  1.66  1.72  1.67
SKEW       .53   .82   .59   .48   .59   .05   .51   .65   .52   .65   .63   .63
% WSW     8.32  6.33  4.86  3.79  1.95   .98  1.65  2.20  1.75  3.77  7.47  9.25
MEAN      4.15  4.25  4.48  4.31  4.12  4.36  3.19  3.60  3.40  3.40  3.89  4.00
STD DEV   1.60  1.62  1.88  1.78  1.57  1.66  1.07  1.32  1.25  1.43  1.46  1.58
SKEW       .76   .60   .66   .87   .22   .41   .76   .41   .69   .84   .67   .89
% W       6.66  5.39  4.60  3.23  1.68   .67   .80   .99  1.04  2.81  5.31  7.50
MEAN      4.39  4.75  5.47  5.08  4.43  3.57  3.20  3.15  3.16  3.39  3.95  4.19
STD DEV   2.05  2.42  2.95  2.62  2.12  1.42  1.13  1.25  1.38  1.30  1.79  2.12
SKEW      1.42  1.46  1.14   .90  1.08   .44   .30  1.12  1.11   .86  1.50  2.28
% WNW     4.96  4.14  4.80  2.91  1.55   .56   .47   .63   .81  1.76  3.76  5.20
MEAN      5.07  5.64  6.42  5.46  4.70  3.37  3.40  3.23  3.84  3.98  4.85  4.80
STD DEV   2.56  2.99  3.15  2.67  2.02  1.13  1.42  1.22  1.60  1.90  2.27  2.45
SKEW      1.10   .94   .68   .74   .45   .30  1.05   .51   .31  1.02   .98  1.46
% NW      5.20  5.54  4.47  3.36  1.64   .67   .50   .53  1.17  2.30  4.41  5.70
MEAN      5.14  5.17  6.42  5.23  4.69  3.47  3.19  3.24  3.47  3.88  4.76  4.73
STD DEV   2.56  2.40  3.21  2.43  2.06  1.47  1.35  1.21  1.63  1.72  2.16  2.21
SKEW       .70   .67   .89  1.09   .65  1.23   .89   .57   .92   .74   .64   .83
% NNW     3.66  3.89  3.63  3.12  1.63   .78   .62   .68  1.20  1.95  3.80  4.15
MEAN      5.69  5.87  6.27  5.53  4.72  3.67  3.17  3.43  4.10  4.61  5.03  5.22
STD DEV   2.46  2.35  2.72  2.45  2.02  1.43  1.20  1.27  1.97  2.01  2.31  2.29
SKEW       .45   .37   .36   .73   .45   .66   .30   .05   .92   .65   .89   .55
CALM     12.01 10.15  7.60  6.17  6.99  5.00  6.32  8.30 12.52 13.75 13.34 14.18
 
INTERPOLATED DATA (station & weighting factor)
 
---Wind Stations---
SAN ANGELO    TX     .374  SAN ANGELO    TX     .374  DEL RIO       TX     .251
---Solar Radiation and Max .5 P Stations---
 TX FT MC KAVETT     .504   TX LANGTRY          .250   TX WATER VALLEY     .247 
---Dewpoint Stations---
TX SAN ANGELO MATHI  .432  TX DEL RIO LAUGHLIN  .286  TX DEL RIO INTL AP   .282 
---Time Peak Stations---
TX FT MC KAVETT      .500  TX LANGTRY           .251  TX WATER VALLEY      .249 
