 CARTHAGE TX                             411500 0
 LATT=  32.15 LONG= -94.33 YEARS= 40. TYPE= 4
 ELEVATION =  300. TP5 = 2.56 TP6= 7.20
 MEAN P    .50   .53   .52   .63   .59   .59   .52   .53   .67   .70   .65   .57
 S DEV P   .69   .62   .62   .90   .71   .90   .71   .81   .92   .92   .80   .72
 SKEW  P  3.43  1.67  2.84  4.56  2.07  3.41  2.75  3.18  2.63  2.63  3.03  2.18
 P(W/W)    .48   .45   .40   .38   .40   .46   .37   .37   .42   .44   .42   .47
 P(W/D)    .22   .21   .20   .16   .19   .17   .15   .13   .14   .14   .19   .20
 TMAX AV 56.62 61.88 70.22 76.96 83.62 90.30 93.90 94.36 88.16 78.61 67.48 59.14
 TMIN AV 34.85 38.33 45.69 52.47 61.34 68.45 71.32 70.52 63.70 52.77 43.75 36.30
 SD TMAX 11.94 12.29 10.03  7.86  5.95  4.94  4.62  5.23  6.79  8.25 10.10 11.50
 SD TMIN 10.65 10.36 10.21  9.31  7.22  5.22  3.40  4.27  7.54  9.42 10.51 10.90
 SOL.RAD  206.  268.  355.  452.  494.  529.  565.  514.  429.  334.  235.  197.
 SD SOL   26.8  34.9  27.7  34.0  40.8  39.8  26.8  29.7  26.1  41.1  34.4  30.6
 MX .5 P   .82  1.11  1.17  1.33  1.70  1.73  1.53  1.50  1.48  1.44  1.12   .91
 DEW PT  36.42 39.42 45.94 53.14 63.07 69.07 71.07 70.07 64.87 55.14 47.14 38.94
Time Pk   .414  .589  .664  .754  .777  .794  .913  .935  .950  .970  .985 1.000
% N       6.87  7.02  6.43  5.42  4.92  2.26  1.95  2.71  6.71  7.51  7.80  6.13
MEAN      4.34  4.37  4.26  4.22  3.92  3.05  3.21  3.36  3.58  3.73  4.14  4.15
STD DEV   1.81  1.84  1.82  1.81  1.78  1.27  1.57  1.37  1.57  1.73  1.85  1.82
SKEW       .49   .62   .46   .45   .55   .65   .73   .55   .60   .77   .59   .39
% NNE     3.53  3.68  3.01  2.63  2.57  1.53  1.32  2.48  5.23  4.30  3.17  3.53
MEAN      4.10  4.45  4.51  4.25  4.21  3.65  3.78  3.61  4.07  4.15  4.27  4.25
STD DEV   1.67  1.68  1.75  1.88  1.56  1.68  1.49  1.53  1.68  1.68  1.76  1.59
SKEW       .29   .16   .29   .45   .48   .73   .63   .38   .44   .36   .61   .24
% NE      4.87  4.78  4.67  3.51  5.45  2.88  4.25  5.00 11.29  6.89  5.57  5.37
MEAN      4.03  3.87  3.91  4.12  3.96  3.62  3.64  3.64  3.60  3.78  3.98  3.96
STD DEV   1.66  1.59  1.60  1.85  1.77  1.66  1.67  1.42  1.58  1.76  1.74  1.65
SKEW       .46   .58   .45   .54   .59   .55   .55   .40   .71   .83   .62   .64
% ENE     2.44  2.90  3.03  2.64  2.77  2.36  3.27  3.80  6.61  3.34  3.02  2.97
MEAN      3.62  4.06  3.95  4.23  4.05  4.43  3.99  3.84  3.89  3.62  3.79  3.72
STD DEV   1.32  1.51  1.34  1.69  1.58  1.58  1.51  1.50  1.57  1.48  1.45  1.37
SKEW       .34   .32   .16   .25   .41  -.04   .47   .49   .67   .68   .30   .23
% E       3.65  4.47  4.87  3.93  4.50  4.11  5.39  6.23  8.55  4.98  4.23  4.38
MEAN      3.68  3.84  3.67  3.73  3.42  3.51  3.36  3.08  3.29  3.03  3.44  3.38
STD DEV   1.48  1.63  1.43  1.44  1.46  1.55  1.46  1.30  1.40  1.26  1.43  1.39
SKEW       .41   .94   .33   .58   .51   .50   .71   .66   .75   .57   .55   .62
% ESE     3.62  4.07  4.11  4.32  4.54  4.24  4.64  5.11  5.71  4.79  3.32  3.87
MEAN      3.84  4.16  4.36  4.09  3.97  3.95  3.78  3.51  3.64  3.54  3.68  3.79
STD DEV   1.42  1.61  1.65  1.57  1.71  1.61  1.39  1.38  1.42  1.43  1.50  1.44
SKEW       .26   .36   .56   .46   .49   .46   .60   .67   .73   .74   .30   .44
% SE      7.53  8.04  9.03 10.17 10.57 10.02 10.05  9.70 10.93 11.05  9.48  8.23
MEAN      4.00  4.10  4.17  4.24  3.90  3.75  3.51  3.34  3.31  3.26  3.59  3.74
STD DEV   1.49  1.69  1.75  1.72  1.63  1.51  1.55  1.39  1.40  1.40  1.57  1.45
SKEW       .37   .46   .56   .75   .52   .52   .73   .66   .79   .75   .81   .59
% SSE     7.74  6.90  8.43 10.87  9.38  8.91  7.69  7.07  5.56  6.99  7.46  7.54
MEAN      4.37  4.81  4.68  5.11  4.56  4.17  3.71  3.66  3.60  3.63  4.39  4.35
STD DEV   1.71  1.91  1.93  1.94  1.79  1.60  1.47  1.32  1.50  1.48  1.85  1.71
SKEW       .69   .66   .56   .59   .28   .52   .73   .37   .68   .59   .50   .57
% S      13.47 11.69 14.31 19.55 17.71 20.99 16.64 15.65  9.01 11.82 12.38 12.26
MEAN      4.89  4.88  5.15  5.10  4.67  4.21  3.62  3.64  3.74  3.74  4.44  4.39
STD DEV   1.85  2.07  2.10  2.02  1.83  1.64  1.44  1.44  1.61  1.51  1.93  1.83
SKEW       .59   .54   .50   .34   .51   .48   .66   .61   .57   .61   .47   .62
% SSW     8.04  6.77  8.64  7.99  8.60 12.90 10.85  9.59  3.77  4.78  5.44  5.47
MEAN      5.43  5.41  5.52  5.19  4.83  4.52  4.04  3.90  4.09  3.90  4.77  4.94
STD DEV   1.93  2.07  2.09  1.97  1.70  1.57  1.42  1.36  1.63  1.48  1.97  2.17
SKEW       .41   .42   .35   .40   .21   .43   .22   .44   .49   .48   .47   .53
% SW      6.01  7.70  5.40  4.35  6.49 10.94 12.29 11.13  3.62  4.50  5.20  5.34
MEAN      4.93  4.64  4.70  4.54  3.93  3.89  3.79  3.70  3.49  3.38  4.12  4.12
STD DEV   2.16  1.93  1.93  1.96  1.59  1.47  1.53  1.41  1.49  1.48  2.10  1.98
SKEW       .60   .46   .39   .39   .50   .34   .47   .36   .46   .56   .80   .68
% WSW     1.60  2.36  1.97  1.96  1.47  2.13  4.07  2.81  1.01  1.25  1.69  2.07
MEAN      4.38  4.48  4.76  4.39  4.33  3.57  4.01  3.89  3.52  3.17  3.85  4.34
STD DEV   1.81  2.20  2.10  1.94  1.64  1.11  1.62  1.38  1.39  1.22  1.64  1.89
SKEW       .55   .73   .56   .55   .49  -.08   .31   .27   .51   .37   .48   .52
% W       2.74  3.63  2.72  2.23  2.10  1.72  2.52  2.05  1.37  1.70  2.71  3.88
MEAN      4.19  4.62  4.81  4.20  3.79  3.17  3.21  3.26  2.89  3.06  3.40  3.63
STD DEV   2.08  2.59  2.31  1.95  1.79  1.40  1.29  1.21  1.22  1.42  1.49  1.64
SKEW       .83  1.24   .55   .59   .69   .56   .38   .29   .84   .93   .72   .96
% WNW     4.01  3.93  3.98  2.47  1.91  1.09  1.22  1.09  1.21  1.89  3.48  4.67
MEAN      4.84  5.16  5.35  5.19  4.12  3.91  3.61  3.27  3.09  3.63  4.07  4.68
STD DEV   2.04  2.36  2.34  2.38  1.73  1.17  1.41  1.16  1.46  1.64  1.77  2.11
SKEW       .30   .71   .34   .74   .30   .34   .36   .18  1.27   .84   .77   .60
% NW     10.31  9.11  7.96  6.93  5.01  1.93  1.82  1.97  3.77  5.96  8.60 10.34
MEAN      4.90  5.04  5.37  4.93  3.85  3.14  3.20  3.18  3.09  3.71  4.44  4.77
STD DEV   2.07  2.14  2.41  2.16  1.72  1.39  1.41  1.25  1.42  1.71  2.03  2.20
SKEW       .45   .46   .33   .39   .61   .73   .68   .43  1.06   .82   .59   .72
% NNW     6.64  6.05  5.63  4.62  2.83  1.47   .98  1.38  2.53  4.57  6.13  5.82
MEAN      4.94  5.36  5.30  5.00  4.36  3.78  3.07  3.47  3.43  4.02  4.74  5.07
STD DEV   1.82  2.13  2.15  2.11  1.84  1.76  1.31  1.05  1.42  1.75  1.99  2.18
SKEW       .33   .45   .32   .53   .35   .81   .69   .01   .68   .33   .28   .43
CALM      6.86  6.75  5.89  6.45  9.14 10.45 11.10 12.28 13.11 13.66 10.32  8.14
 
INTERPOLATED DATA (station & weighting factor)
 
---Wind Stations---
LONGVIEW      TX     .457  SHREVEPORT    LA     .332  LUFKIN        TX     .211
---Solar Radiation and Max .5 P Stations---
 TX NACOGDOCHES      .483   TX SWAN             .318   LA WINNFIELD 3 N    .199 
---Dewpoint Stations---
LA SHREVEPORT        .522  TX LUFKIN ANGELINA   .275  AR TEXARKANA WEBB F  .203 
---Time Peak Stations---
TX NACOGDOCHES       .474  TX SWAN              .327  LA WINNFIELD 3 N     .199 
