 LAMESA TX                               415013 0
 LATT=  32.70 LONG=-101.93 YEARS= 40. TYPE= 3
 ELEVATION = 2970. TP5 = 1.98 TP6= 6.49
 MEAN P    .19   .21   .28   .28   .43   .49   .40   .32   .61   .42   .28   .25
 S DEV P   .22   .27   .38   .37   .50   .56   .45   .41   .77   .70   .40   .30
 SKEW  P  2.14  2.28  1.99  2.90  1.73  1.89  1.52  2.06  1.80  4.79  2.72  2.04
 P(W/W)    .33   .41   .30   .34   .35   .38   .37   .35   .47   .36   .37   .29
 P(W/D)    .07   .09   .08   .08   .13   .14   .11   .13   .12   .09   .07   .08
 TMAX AV 54.77 60.14 68.79 77.72 85.59 92.44 93.86 92.76 85.63 76.87 65.23 55.94
 TMIN AV 26.13 29.66 36.41 44.75 55.05 63.45 66.23 65.19 58.60 47.42 35.45 27.43
 SD TMAX 13.09 13.76 12.40 11.15 10.18  7.81  6.58  6.45  9.31 10.27 12.25 13.09
 SD TMIN  7.23  7.98  8.18  7.79  6.66  4.48  2.90  3.14  6.29  7.87  8.41  7.73
 SOL.RAD  257.  334.  440.  543.  587.  629.  621.  549.  466.  373.  281.  242.
 SD SOL   33.1  36.3  32.8  46.2  50.9  32.6  29.6  22.9  42.6  38.9  32.0  29.0
 MX .5 P   .35   .38   .68   .89  1.14  1.21  1.14  1.09  1.00   .83   .45   .32
 DEW PT  25.87 27.87 32.62 38.37 49.18 58.41 60.58 60.58 56.21 46.67 34.69 26.87
Time Pk   .403  .594  .668  .763  .776  .791  .929  .947  .952  .969  .979 1.000
% N       5.18  5.84  4.57  4.01  2.58  2.12  1.22  1.46  2.41  3.71  5.14  5.43
MEAN      5.38  5.88  6.19  5.72  5.25  5.42  3.96  3.80  4.73  4.86  5.21  5.43
STD DEV   2.74  2.76  2.89  2.60  2.55  2.74  1.99  1.90  2.64  2.58  2.76  2.76
SKEW       .63   .41   .42   .47   .68   .62   .64   .87   .92   .73   .77   .70
% NNE     4.61  5.14  4.38  4.43  3.08  1.86  1.50  2.18  3.64  4.21  5.36  4.66
MEAN      5.72  6.38  6.67  6.40  5.74  4.99  4.83  4.56  5.30  5.59  5.98  5.72
STD DEV   2.78  2.88  2.94  2.65  2.63  2.27  2.14  2.03  2.48  2.52  2.69  2.48
SKEW       .54   .39   .30   .39   .50   .58   .39   .50   .62   .46   .38   .43
% NE      6.23  6.20  5.67  5.42  4.25  2.71  2.99  3.71  6.50  6.36  6.05  5.97
MEAN      5.71  6.20  6.52  6.39  5.88  5.51  4.84  4.55  5.07  5.69  5.70  5.67
STD DEV   2.65  2.74  2.64  2.76  2.74  2.33  2.17  2.06  2.27  2.58  2.62  2.54
SKEW       .53   .39   .22   .54   .50   .41   .62   .63   .46   .32   .38   .44
% ENE     4.88  5.79  5.40  6.16  4.85  4.01  4.27  4.49  6.44  5.47  4.36  3.90
MEAN      5.25  5.51  5.98  6.03  5.86  5.50  4.97  4.93  4.93  5.18  5.30  5.17
STD DEV   2.23  2.32  2.36  2.33  2.49  2.23  2.10  1.97  1.98  2.17  2.23  2.29
SKEW       .68   .67   .44   .47   .67   .49   .58   .53   .46   .50   .51   .54
% E       3.74  5.22  5.32  6.01  6.15  5.43  5.52  5.74  6.88  4.62  3.61  3.00
MEAN      4.48  4.69  5.26  5.48  5.17  4.97  4.64  4.40  4.22  4.29  4.10  4.06
STD DEV   1.91  1.97  2.13  2.20  2.14  2.00  1.97  1.92  1.76  1.86  1.83  1.77
SKEW       .48   .46   .59   .40   .52   .52   .70   .78   .52   .55   .59   .66
% ESE     2.07  3.20  3.66  4.41  5.31  5.84  5.82  6.31  5.48  3.70  2.24  1.54
MEAN      4.09  4.56  4.95  5.25  5.13  4.99  4.56  4.31  4.17  4.02  4.06  3.56
STD DEV   1.52  1.88  1.92  1.98  1.99  1.92  1.69  1.66  1.55  1.52  1.54  1.38
SKEW       .51   .58   .42   .40   .54   .58   .44   .63   .37   .48   .47   .24
% SE      2.89  4.03  4.61  5.19  8.00 10.51 11.24 11.07  9.09  5.88  3.20  2.50
MEAN      3.93  4.37  4.97  5.48  5.35  5.21  4.67  4.31  4.18  4.33  3.98  3.69
STD DEV   1.60  1.85  1.99  2.34  2.26  2.05  1.79  1.68  1.61  1.80  1.79  1.58
SKEW       .58   .55   .45   .47   .68   .48   .44   .56   .47   .66   .92   .72
% SSE     5.09  6.03  7.50  8.77 14.07 18.56 19.65 15.98 13.36  9.93  6.16  4.93
MEAN      4.36  4.72  5.58  6.11  6.17  6.07  5.20  4.58  4.78  4.87  4.55  4.33
STD DEV   1.88  2.09  2.47  2.62  2.44  2.22  1.91  1.74  1.88  2.05  2.10  1.93
SKEW       .70   .93   .67   .63   .46   .33   .34   .57   .46   .66  1.03   .92
% S      13.44 12.38 14.61 15.65 19.28 24.90 25.96 23.02 19.83 19.12 15.51 14.01
MEAN      4.93  5.57  6.36  6.52  6.48  6.60  5.57  5.00  5.27  5.41  5.10  5.13
STD DEV   2.11  2.45  2.54  2.61  2.41  2.28  2.05  1.95  2.08  2.23  2.20  2.24
SKEW       .65   .59   .46   .27   .23   .11   .26   .38   .36   .54   .71   .65
% SSW     9.70  8.01  8.07  7.51  7.81  8.44  8.01  8.40  7.48  8.60  9.32  9.73
MEAN      5.27  5.58  6.03  6.15  6.05  6.25  5.29  4.92  5.11  5.21  5.07  5.35
STD DEV   2.16  2.28  2.44  2.48  2.28  2.20  1.96  1.88  2.07  2.15  2.18  2.21
SKEW       .48   .37   .42   .34   .33   .10   .27   .26   .37   .46   .59   .45
% SW      8.70  7.76  6.94  6.03  5.28  3.79  2.83  3.85  3.89  5.98  8.70  9.15
MEAN      5.26  5.37  5.91  6.00  5.72  5.55  4.54  4.46  4.68  4.77  5.07  5.08
STD DEV   2.44  2.35  2.55  2.62  2.45  2.19  2.10  1.87  2.10  2.11  2.23  2.27
SKEW       .64   .45   .62   .46   .44   .22   .62   .46   .51   .47   .60   .61
% WSW     6.60  6.42  6.65  6.52  4.29  1.91   .95  1.41  1.74  3.63  6.29  7.38
MEAN      5.76  6.17  6.95  7.04  6.30  5.27  3.79  3.89  4.53  4.81  5.52  5.59
STD DEV   2.67  2.95  3.30  3.13  2.74  2.33  1.53  1.84  2.16  2.26  2.68  2.85
SKEW       .50   .60   .61   .46   .61   .48   .40   .66   .60   .69   .82   .87
% W       6.18  5.96  6.59  6.14  3.90  1.55   .97  1.03  1.33  3.07  5.52  6.17
MEAN      5.90  6.43  7.24  7.06  5.99  5.08  3.32  3.41  3.89  4.26  5.46  5.52
STD DEV   3.41  3.58  3.71  3.49  2.79  2.33  1.50  1.70  2.01  2.22  2.89  3.14
SKEW       .87   .75   .64   .58   .50   .51   .84  1.21   .62   .79   .76  1.02
% WNW     3.67  3.65  4.09  3.48  2.05   .95   .54   .69   .82  1.67  3.17  4.51
MEAN      5.65  6.24  7.18  7.21  5.27  4.21  3.16  3.75  3.35  4.18  5.35  5.51
STD DEV   3.03  3.45  3.48  3.48  2.43  1.94  1.23  1.71  1.76  2.17  2.97  3.02
SKEW       .60   .82   .42   .66   .51   .82   .41   .45   .65   .76   .85   .84
% NW      3.61  3.41  3.15  2.54  1.75   .85   .63   .63   .80  1.76  2.89  3.62
MEAN      4.64  5.18  6.28  5.32  4.70  4.04  3.26  2.85  3.17  3.77  4.49  4.57
STD DEV   2.45  2.96  3.21  2.65  2.17  1.90  1.48  1.24  1.34  2.04  2.51  2.52
SKEW       .73   .98   .60   .81   .76   .81  1.01   .61   .32  1.14  1.01   .91
% NNW     3.37  3.14  2.73  2.12  1.53   .87   .53   .63   .85  1.84  2.83  3.20
MEAN      5.05  5.28  6.12  5.51  4.58  4.33  3.54  3.21  3.70  4.10  4.51  4.76
STD DEV   2.55  2.85  2.88  2.63  1.94  2.18  1.62  1.51  1.91  2.34  2.51  2.40
SKEW       .83   .77   .50   .53   .75  1.54   .80   .55   .85  1.27  1.03   .76
CALM     10.04  7.86  6.10  5.65  5.77  5.70  7.44  9.43  9.54 10.51  9.61 10.28
 
INTERPOLATED DATA (station & weighting factor)
 
---Wind Stations---
BIG SPRINGS   TX     .420  MIDLAND       TX     .318  LUBBOCK/REESE TX     .261
---Solar Radiation and Max .5 P Stations---
 TX O DONNELL        .549   TX BIG SPRING FLD   .276   TX PLAINS           .175 
---Dewpoint Stations---
TX MIDLAND ODESSA    .440  TX LUBBOCK INTL AP   .367  TX SAN ANGELO        .193 
---Time Peak Stations---
TX O DONNELL         .551  TX BIG SPRING FLD S  .272  TX PLAINS            .177 
