 BENBROOK DAM  TX                        41 691 0
 LATT=  32.65 LONG= -97.45 YEARS= 40. TYPE= 3
 ELEVATION =  770. TP5 = 2.64 TP6= 5.74
 MEAN P    .30   .34   .42   .47   .49   .52   .40   .43   .53   .56   .38   .34
 S DEV P   .45   .49   .63   .61   .65   .68   .55   .71   .71   .81   .51   .51
 SKEW  P  2.91  3.05  2.94  2.15  2.40  3.10  3.93  3.30  2.48  3.02  2.38  3.32
 P(W/W)    .45   .44   .43   .35   .44   .48   .42   .40   .47   .47   .45   .48
 P(W/D)    .15   .17   .17   .17   .23   .15   .11   .12   .12   .14   .13   .14
 TMAX AV 55.90 60.46 68.10 76.12 83.21 90.96 95.86 96.22 88.52 78.64 67.23 57.67
 TMIN AV 32.56 37.03 44.63 53.12 61.87 69.32 72.64 72.43 64.95 54.32 44.27 35.13
 SD TMAX 13.23 13.52 11.00  8.48  7.15  5.83  5.47  6.02  8.24  9.63 11.32 12.67
 SD TMIN  9.93 10.48  9.99  8.54  7.09  4.89  3.81  4.12  7.59  8.91  9.99 10.06
 SOL.RAD  218.  286.  368.  468.  500.  556.  584.  520.  430.  332.  235.  208.
 SD SOL   29.8  38.3  31.8  40.6  41.4  42.2  29.0  32.5  35.5  40.8  36.0  30.3
 MX .5 P   .59   .67   .94  1.26  1.77  1.59  1.49  1.24  1.12  1.34   .74   .54
 DEW PT  32.15 35.22 42.92 50.92 61.00 66.15 67.00 66.15 62.00 53.00 43.07 34.15
Time Pk   .439  .588  .668  .763  .778  .794  .924  .939  .949  .969  .985 1.000
% N      10.54  9.43  8.09  6.79  4.89  2.66  2.12  3.08  6.46  7.75  9.03  9.18
MEAN      5.75  5.74  5.82  5.29  4.46  4.01  3.67  3.97  4.42  4.65  5.38  5.49
STD DEV   2.45  2.46  2.38  2.18  2.09  2.01  1.61  1.85  1.97  2.05  2.60  2.32
SKEW       .55   .49   .22   .43   .63   .77   .59   .50   .52   .64   .59   .38
% NNE     4.78  6.36  5.79  5.48  4.10  2.51  2.51  3.65  6.82  5.11  4.31  5.14
MEAN      4.76  4.95  5.33  5.10  4.29  4.04  4.01  4.18  4.37  4.89  4.75  4.80
STD DEV   2.00  2.15  2.33  2.08  1.89  1.74  1.73  1.61  1.82  2.11  2.27  1.95
SKEW       .58   .59   .55   .52   .66   .59   .55   .22   .63   .50   .68   .47
% NE      2.54  3.12  3.26  3.27  2.73  2.19  3.16  3.50  5.09  3.00  2.13  2.96
MEAN      3.85  3.94  4.17  4.18  4.12  3.35  3.59  3.59  3.84  4.08  3.62  4.10
STD DEV   1.56  1.66  1.64  1.71  1.72  1.49  1.48  1.58  1.62  1.79  1.53  1.66
SKEW       .71   .35   .61   .38   .57   .72   .61   .47   .50   .58   .54   .26
% ENE     1.85  2.31  2.88  3.07  2.83  2.59  3.34  3.86  5.14  2.52  1.76  1.90
MEAN      3.57  3.75  3.99  4.14  4.02  3.58  3.96  3.71  3.94  3.71  3.30  3.50
STD DEV   1.44  1.51  1.68  1.69  1.63  1.42  1.62  1.53  1.76  1.55  1.31  1.53
SKEW       .22   .21   .73   .40   .46   .56   .46   .35  1.09   .31   .38   .54
% E       2.27  2.96  3.16  3.59  3.76  4.07  5.35  6.30  7.25  3.89  2.14  2.43
MEAN      3.54  3.93  3.94  4.22  4.01  3.70  3.74  3.63  3.82  3.66  3.55  3.12
STD DEV   1.31  1.58  1.55  1.73  1.61  1.54  1.54  1.51  1.52  1.53  1.38  1.23
SKEW       .41   .38   .60   .39   .43   .42   .72   .46   .75   .43   .32   .57
% ESE     2.41  4.25  4.32  4.63  6.54  6.04  5.96  8.59  8.59  5.65  2.66  2.72
MEAN      3.82  4.57  4.58  4.76  4.51  4.38  3.99  3.98  4.08  4.18  3.89  3.75
STD DEV   1.38  1.83  1.75  1.98  1.85  1.63  1.50  1.49  1.48  1.57  1.49  1.41
SKEW       .52   .44   .40   .67   .56   .47   .27   .38   .43   .50   .53   .49
% SE      4.92  5.69  6.35  6.82  9.18 11.54  9.92 11.57  8.95  7.81  4.36  5.07
MEAN      4.30  4.70  5.06  5.16  4.94  4.63  4.28  4.13  4.42  4.52  4.37  4.14
STD DEV   1.76  2.02  2.02  2.09  1.98  1.68  1.62  1.58  1.77  1.77  1.71  1.70
SKEW       .52   .46   .34   .44   .32   .36   .25   .42   .43   .51   .39   .50
% SSE     7.88  8.11  9.86 14.00 17.19 19.84 16.17 14.73 11.39 12.26  9.76  9.94
MEAN      5.14  5.53  6.17  6.29  5.69  5.46  4.92  4.55  4.85  5.14  5.04  5.32
STD DEV   2.03  2.33  2.37  2.35  2.12  2.09  1.90  1.77  1.90  2.09  2.16  2.06
SKEW       .53   .37   .27   .11   .32   .38   .43   .35   .38   .39   .53   .42
% S      16.21 13.85 16.38 20.33 21.69 25.88 24.26 18.73 13.61 16.15 15.98 15.24
MEAN      6.30  5.97  6.90  7.02  6.24  6.00  5.18  4.69  5.19  5.29  5.65  5.92
STD DEV   2.52  2.59  2.73  2.50  2.35  2.40  2.01  1.84  2.22  2.16  2.39  2.50
SKEW       .29   .35   .05  -.04   .04   .27   .37   .44   .37   .40   .22   .37
% SSW     8.03  7.27  7.22  6.23  6.09  7.34 10.26  7.88  4.89  7.14  9.08  7.45
MEAN      5.85  5.97  6.82  6.37  5.42  5.47  4.81  4.58  5.09  5.00  5.32  5.29
STD DEV   2.55  2.64  2.77  2.47  2.36  2.27  1.90  1.69  2.36  2.14  2.59  2.41
SKEW       .39   .40   .10   .11   .29   .40   .34   .25   .50   .35   .48   .65
% SW      3.00  3.17  2.43  1.95  1.73  2.12  3.57  2.95  1.55  1.86  2.74  3.02
MEAN      4.78  5.16  5.16  5.22  4.32  4.04  3.98  4.10  3.86  3.93  4.37  4.73
STD DEV   2.20  2.57  2.45  2.15  1.83  1.82  1.54  1.53  1.53  1.71  2.25  2.21
SKEW       .59   .67   .39   .33   .21   .40   .17   .16   .15   .23   .79   .60
% WSW     2.15  2.24  2.53  1.68  1.10  1.00  1.69  1.43   .87  1.44  2.22  2.46
MEAN      4.16  5.10  5.79  5.17  3.69  3.50  3.64  3.55  3.32  3.43  3.80  3.98
STD DEV   1.87  2.44  2.84  2.31  1.51  1.56  1.44  1.45  1.29  1.24  1.64  1.84
SKEW      1.00   .52   .42   .48   .13   .36  -.01   .54   .37   .46   .69   .58
% W       2.45  2.51  2.78  1.97  1.27   .94   .92   .94   .92  1.39  2.44  2.76
MEAN      4.51  4.51  6.50  5.21  3.26  3.77  3.01  3.63  3.29  2.97  3.98  4.25
STD DEV   2.44  2.57  3.37  2.56  1.59  1.85  1.26  1.51  1.67  1.32  2.07  2.37
SKEW       .96   .67   .43   .61   .68   .87   .53   .11   .90   .61   .90  1.26
% WNW     3.04  3.57  3.34  3.20  1.62   .82   .58   .66  1.27  2.20  3.08  4.02
MEAN      5.09  5.54  5.86  5.84  3.92  3.11  3.07  3.23  3.32  4.08  4.92  5.23
STD DEV   2.50  2.63  2.67  2.73  2.08  1.31  1.20  1.13  1.61  2.36  2.67  2.69
SKEW       .78   .54   .57   .52   .77   .43   .60   .39   .63  1.33   .89   .69
% NW      6.43  6.44  5.71  4.00  2.56  1.08   .73   .99  2.16  3.67  5.85  6.96
MEAN      5.75  5.86  6.41  5.68  4.59  3.51  3.25  3.18  4.06  4.78  5.13  5.69
STD DEV   2.66  2.53  2.94  2.54  2.22  1.46  1.45  1.40  1.88  2.35  2.49  2.63
SKEW       .49   .31   .44   .42   .96   .20   .19   .44   .50   .71   .63   .48
% NNW    12.05  9.13  9.04  6.01  3.94  2.25  1.06  1.96  4.24  6.84  9.27  9.52
MEAN      6.40  6.29  6.64  6.21  4.81  4.56  3.78  3.91  4.52  5.13  6.19  6.09
STD DEV   2.46  2.63  2.72  2.60  2.05  2.02  1.56  1.75  2.11  2.25  2.89  2.69
SKEW       .25   .29   .35   .37   .37   .56   .47   .58   .71   .39   .50   .63
CALM      9.43  9.62  6.86  7.01  8.71  7.10  8.31  9.25 10.80 11.28 13.26  9.24
 
INTERPOLATED DATA (station & weighting factor)
 
---Wind Stations---
FT. WORTH     TX     .370  FT. WORTH     TX     .370  DALLAS        TX     .261
---Solar Radiation and Max .5 P Stations---
 TX FT WORTH WSFO    .567   TX WEATHERFORD      .433                            
---Dewpoint Stations---
TX FT WORTH NAS      .775  TX MINERAL WELLS AP  .151  TX WACO RGNL AP      .074 
---Time Peak Stations---
TX FT WORTH WSFO     .547  TX WEATHERFORD       .453                            
