 CORPUS CHRISTI WBAP TX                  412015 0
 LATT=  27.77 LONG= -97.43 YEARS= 40. TYPE= 4
 ELEVATION =   40. TP5 = 2.26 TP6= 5.61
 MEAN P    .22   .27   .32   .37   .50   .51   .50   .45   .58   .54   .31   .24
 S DEV P   .37   .52   .54   .73   .69   .88   .94   .84   .90   .90   .58   .58
 SKEW  P  3.39  3.97  3.03  4.19  2.10  4.76  5.39  4.41  3.49  4.07  4.01  7.09
 P(W/W)    .48   .41   .36   .34   .35   .46   .50   .43   .53   .38   .37   .40
 P(W/D)    .17   .17   .13   .14   .16   .14   .11   .15   .20   .16   .16   .16
 TMAX AV 66.79 70.49 76.53 82.07 86.78 91.35 93.37 94.51 90.37 84.36 75.83 68.63
 TMIN AV 46.97 50.13 56.67 63.33 70.12 73.97 74.96 75.22 72.16 64.49 55.76 48.54
 SD TMAX 11.12 10.85  7.84  6.17  4.32  3.34  3.38  3.54  4.88  6.51  9.30 11.15
 SD TMIN  9.91  9.89  9.63  8.17  5.67  3.58  2.41  2.38  4.96  8.17  9.78 10.66
 SOL.RAD  239.  294.  372.  452.  498.  558.  584.  529.  453.  364.  270.  223.
 SD SOL   38.7  39.4  34.1  46.0  41.5  36.1  32.5  31.4  36.0  29.7  32.0  34.2
 MX .5 P   .72   .72  1.18  1.31  1.59  1.45  1.49  1.18  1.36  1.33   .93   .66
 DEW PT  48.06 51.06 56.07 63.06 69.97 73.97 74.09 74.09 71.09 64.18 56.18 49.18
Time Pk   .384  .559  .624  .737  .757  .767  .905  .934  .952  .970  .990 1.000
% N      11.22  9.89  8.14  4.47  3.74   .93   .59  1.92  7.32  9.41 11.80 11.76
MEAN      6.01  6.61  6.59  6.85  5.36  3.51  2.87  3.43  4.68  5.10  5.95  5.94
STD DEV   2.61  2.74  2.84  2.76  2.30  1.30  1.27  1.75  2.03  2.18  2.82  2.49
SKEW       .28   .29   .31   .02   .30   .34   .10  1.01   .50   .37   .46   .35
% NNE    10.93  9.34  7.76  5.53  3.14  1.25   .59  1.93  8.50  9.56 10.73 10.73
MEAN      5.74  5.89  6.20  6.61  5.76  4.23  3.30  4.17  5.09  5.34  6.06  5.84
STD DEV   2.56  2.31  2.49  2.38  2.43  1.62  1.14  1.66  1.96  2.08  2.68  2.49
SKEW       .52   .54   .35   .05   .40   .05   .13   .38   .34   .47   .47   .40
% NE      8.11  6.49  5.77  4.88  2.51  1.66   .73  1.93  7.14  6.76  8.01  6.94
MEAN      5.01  5.27  5.52  5.35  4.77  4.47  3.65  3.84  4.93  5.06  5.36  4.66
STD DEV   2.22  2.05  2.39  2.24  1.99  1.86  1.63  1.63  2.09  2.11  2.33  2.19
SKEW       .56   .20   .42   .11   .28   .16   .65   .24   .48   .49   .53   .75
% ENE     4.39  5.32  6.34  5.01  3.52  1.94   .99  2.85  8.04  5.39  4.86  4.12
MEAN      4.81  5.10  5.65  5.73  5.61  4.96  4.22  4.82  5.17  5.14  4.64  4.36
STD DEV   2.07  2.10  2.27  2.15  2.18  1.81  1.93  1.94  1.91  2.02  1.78  1.80
SKEW       .63   .61   .14   .12   .43   .06   .22   .16   .19   .25   .21   .36
% E       4.17  6.05  8.48  8.07  6.37  6.01  4.30  7.35 11.84  9.04  4.27  5.19
MEAN      3.98  4.58  5.29  5.44  5.19  5.14  4.99  5.43  5.03  4.63  4.11  3.85
STD DEV   1.57  1.92  2.20  2.01  2.03  2.04  2.12  2.09  2.01  1.89  1.72  1.59
SKEW       .35   .39   .25   .06   .25   .21   .02   .05   .11   .34   .34   .51
% ESE     2.91  6.28  8.80 12.49 13.01 13.90 10.14 12.65 10.90 10.59  3.83  3.91
MEAN      4.16  4.72  5.19  5.79  5.74  5.73  5.84  5.46  4.84  4.57  4.03  3.80
STD DEV   1.60  1.94  2.11  2.10  2.12  2.18  2.09  2.10  1.89  1.82  1.52  1.59
SKEW       .43   .45   .43   .19   .14   .09  -.25  -.06   .18   .32   .34   .83
% SE      9.30 12.52 16.66 24.42 33.14 32.03 29.36 24.06 15.69 15.23  9.08  7.44
MEAN      5.71  6.34  6.53  7.13  6.60  6.29  6.31  5.78  5.06  4.80  5.02  4.60
STD DEV   2.43  2.66  2.67  2.56  2.49  2.43  2.43  2.49  2.27  2.19  2.21  2.17
SKEW       .30   .23   .19  -.02   .05   .02   .01   .19   .51   .61   .38   .66
% SSE    18.13 16.45 19.72 20.24 20.86 26.47 30.00 21.60  9.56 10.43 14.82 14.20
MEAN      7.11  7.29  7.94  8.00  7.10  6.55  6.14  5.90  5.39  5.68  6.60  6.66
STD DEV   2.66  2.83  2.76  2.74  2.59  2.53  2.51  2.61  2.38  2.46  2.58  2.68
SKEW       .18   .13   .02   .01   .02   .00   .31   .31   .37   .50   .14   .20
% S       9.33  7.16  6.05  5.07  5.34  7.41 13.64 11.73  5.98  5.11  9.74  9.47
MEAN      6.45  5.95  6.68  6.38  5.89  5.07  4.62  4.84  4.53  4.95  6.07  6.02
STD DEV   2.77  2.47  2.90  2.87  2.65  2.38  2.10  2.21  2.18  2.29  2.69  2.69
SKEW       .41   .35   .20   .25   .38   .61   .64   .52   .65   .66   .44   .34
% SSW     2.93  2.75  1.56  1.19   .96  1.75  3.29  4.16  2.40  1.96  3.26  3.78
MEAN      5.23  5.44  5.26  4.53  4.49  4.35  3.92  4.14  3.98  3.86  4.94  5.40
STD DEV   2.33  2.36  2.61  1.68  2.06  2.05  1.62  2.03  1.87  1.73  2.34  2.66
SKEW       .72   .32   .31   .42   .46   .82   .53   .64   .75   .95   .50   .59
% SW      1.51  1.64   .83   .89   .70   .85  1.60  1.50  1.22  1.23  1.78  2.18
MEAN      3.89  4.26  3.67  3.88  2.96  3.07  3.04  2.88  2.89  3.16  3.24  3.59
STD DEV   1.78  1.94  1.78  1.64  1.22  1.36  1.25  1.37  1.32  1.33  1.35  1.72
SKEW       .99   .58   .28   .63   .69   .89   .59   .53   .71   .52   .71   .50
% WSW      .97   .96   .50   .54   .36   .34   .50   .71   .56   .64  1.08  1.12
MEAN      3.30  3.35  3.74  3.43  3.22  2.39  2.85  3.14  2.45  3.09  3.08  3.17
STD DEV   1.22  1.43  1.35  1.39  1.08   .61  1.07  1.30   .92  1.05  1.13  1.38
SKEW       .39   .25  -.03   .28   .04   .55   .38   .50   .67   .63   .25   .43
% W       1.32  1.29   .69   .62   .55   .58   .43   .60  1.04  1.06  1.37  1.70
MEAN      3.53  3.80  3.79  2.87  2.86  2.22  2.55  2.66  2.59  2.88  2.92  2.99
STD DEV   1.50  1.75  1.82  1.38   .68   .82   .61  1.13  1.31  1.07  1.18  1.24
SKEW       .51   .96   .85   .47 -1.07   .31   .61   .47  1.50   .41   .74   .63
% WNW     1.92  1.66   .96   .69   .62   .54   .31   .47   .80  1.44  1.69  1.97
MEAN      4.66  4.51  5.57  4.15  3.14  2.49  2.16  2.56  2.95  3.26  3.68  4.49
STD DEV   2.66  2.26  3.07  1.98  1.43   .69   .56   .73  1.14  1.38  1.54  2.60
SKEW      1.20   .89   .52   .44   .83   .52  -.07   .23   .42   .65   .50   .79
% NW      3.66  3.51  1.97  1.83  1.09   .89   .39  1.06  1.85  2.85  3.89  4.72
MEAN      5.52  5.89  5.14  4.99  3.63  2.99  2.17  2.41  3.17  3.76  4.30  4.80
STD DEV   3.14  3.05  2.97  2.55  1.70  1.13   .83  1.08  1.36  1.90  2.08  2.39
SKEW       .94   .46   .59   .54   .62   .57   .41   .69   .84   .91   .64   .67
% NNW     7.16  6.84  4.12  2.79  1.98   .87   .30  1.26  2.88  5.24  6.87  7.81
MEAN      5.80  6.18  6.93  6.35  5.63  3.33  2.72  2.74  3.91  5.26  5.74  5.94
STD DEV   2.39  2.78  3.29  2.77  2.64  1.27  1.16  1.05  1.69  2.68  2.52  2.69
SKEW       .34   .37   .33   .06   .43   .47   .29   .50  1.04   .64   .53   .35
CALM      2.00  1.79  1.70  1.20  2.13  2.70  2.84  4.16  4.32  4.04  2.91  2.83
 
INTERPOLATED DATA (station & weighting factor)
 
---Wind Stations---
CORPUS CHRISTITX     .500  CORPUS CHRISTITX     .500  CORPUS CHRISTITX     .000
---Solar Radiation and Max .5 P Stations---
 TX BEEVILLE 5 NE    .822   TX JUNCTION 4 SSW   .178                            
---Dewpoint Stations---
TX CORPUS CHRISTI M  .882  TX CORPUS CHRISTI N  .103  TX VICTORIA RGNL AP  .015 
---Time Peak Stations---
TX BEEVILLE 5 NE     .824  TX JUNCTION 4 SSW    .176                            
