 MORONI UT                               425837 0
 LATT=  39.53 LONG=-111.58 YEARS= 40. TYPE= 3
 ELEVATION = 5530. TP5 = 1.36 TP6= 2.04
 MEAN P    .16   .15   .15   .15   .16   .16   .19   .16   .22   .22   .17   .20
 S DEV P   .17   .16   .18   .15   .19   .22   .21   .18   .20   .23   .19   .30
 SKEW  P  1.91  2.22  5.13  2.20  3.27  3.84  2.40  2.41  1.52  2.36  2.17  4.47
 P(W/W)    .27   .33   .35   .35   .37   .29   .30   .29   .35   .33   .29   .22
 P(W/D)    .12   .16   .14   .11   .12   .08   .10   .11   .10   .10   .11   .12
 TMAX AV 36.22 41.53 52.33 60.96 70.46 81.60 88.89 86.67 78.67 65.48 49.99 37.65
 TMIN AV 11.63 16.59 24.47 29.67 36.79 43.13 50.59 49.03 41.18 31.41 21.90 12.96
 SD TMAX  8.92  8.96  9.88 10.66 10.16  9.12  5.74  5.58  8.24 10.67 10.99  9.77
 SD TMIN 11.39 10.34  7.08  6.96  6.66  5.99  5.80  6.01  7.36  7.10  8.29 10.94
 SOL.RAD  186.  257.  384.  489.  584.  639.  649.  554.  460.  325.  204.  158.
 SD SOL   21.0  27.0  27.1  36.7  35.4  32.6  25.1  29.3  27.2  31.0  17.9  24.8
 MX .5 P   .22   .24   .24   .28   .34   .42   .60   .59   .43   .29   .23   .22
 DEW PT  17.06 19.48 23.66 26.79 32.51 36.11 42.52 41.79 36.62 29.78 23.36 18.06
Time Pk   .591  .784  .846  .908  .916  .916  .984  .986  .986  .990  .996 1.000
% N      11.78 14.08 11.06 13.53 12.13 10.31 10.34 10.22 10.59 12.71  9.81 12.04
MEAN      3.81  3.76  3.96  4.55  4.08  3.96  3.56  3.14  3.43  3.50  3.30  3.81
STD DEV   2.58  2.48  2.46  2.81  2.33  2.49  1.89  1.57  1.98  1.89  1.97  2.56
SKEW      1.09  1.23   .96  1.38   .94  1.51  1.03   .87  1.02   .84  1.08  1.08
% NNE     4.16  4.76  5.03  5.63  6.04  5.61  4.76  4.35  5.41  4.24  5.10  3.59
MEAN      3.66  3.69  4.18  4.26  4.15  4.30  4.15  3.33  3.50  3.60  3.69  3.32
STD DEV   2.25  1.87  2.27  2.00  2.29  2.20  2.08  1.48  1.72  2.27  2.20  1.95
SKEW      1.31  1.07   .99   .68   .96   .90   .53   .82   .61  1.06   .98   .97
% NE      8.28  9.37  8.16  9.08  8.76  6.93  8.20  6.54  8.03  7.54 10.06  8.66
MEAN      2.56  2.36  2.81  3.22  3.38  3.02  3.08  2.74  2.83  2.58  2.65  2.41
STD DEV   1.64  1.23  1.44  1.86  1.93  1.50  1.62  1.49  1.31  1.35  1.50  1.32
SKEW      1.84  1.61   .98  1.18  1.20   .97  1.06  1.13   .80   .97  1.31  1.39
% ENE     2.55  3.02  2.88  2.76  2.84  3.48  3.61  3.46  3.89  3.48  3.13  2.78
MEAN      2.63  2.56  2.96  3.13  3.56  2.96  3.32  3.22  3.23  2.68  2.78  2.39
STD DEV   1.12  1.03  1.33  1.45  1.69  1.48  1.63  1.53  1.21  1.16  1.11   .95
SKEW       .99   .75   .99   .99   .95   .93  1.04  1.02   .56  1.01   .55   .70
% E       3.61  3.53  3.45  3.21  3.78  3.78  4.02  3.35  3.43  3.25  3.36  3.50
MEAN      1.98  1.93  2.27  2.29  2.36  2.33  2.44  2.35  2.42  2.03  2.07  2.08
STD DEV    .96   .85  1.02  1.17  1.17  1.06  1.23  1.20  1.63   .90   .96  1.01
SKEW      1.25  1.27  1.27  1.28  1.10  1.39  1.18  1.01  1.93  1.06   .86   .91
% ESE     1.67  1.59  1.79  1.77  2.09  2.01  2.27  2.24  2.32  1.62  1.88  1.78
MEAN      2.61  1.98  2.66  2.59  3.04  2.72  3.01  2.66  3.25  2.76  2.33  2.39
STD DEV   1.25   .56  1.17  1.10  1.60  1.17  1.47   .85  1.73   .89  1.12  1.09
SKEW       .80  -.38   .81   .58   .89   .77   .71  -.62  1.28   .52   .73   .91
% SE      4.50  4.04  4.45  3.89  4.53  3.87  4.63  5.06  5.23  4.00  4.33  4.94
MEAN      2.60  2.17  2.85  2.74  3.33  2.85  3.07  3.19  2.85  2.75  2.56  2.45
STD DEV   1.60  1.05  1.58  1.47  1.92  1.44  1.56  1.71  1.40  1.51  1.46  1.47
SKEW      1.44  1.02  1.36  1.18  1.06  1.07   .72  1.00  1.24   .94  1.72  1.36
% SSE     7.36  4.77  6.29  5.39  5.73  6.29  7.32  9.84  6.68  4.58  4.71  5.03
MEAN      4.74  4.22  4.26  3.96  4.40  4.93  4.08  4.33  3.79  3.79  3.65  4.02
STD DEV   2.41  2.41  2.22  2.04  2.55  2.74  1.97  2.00  1.79  2.02  1.90  2.02
SKEW       .62  1.07   .84   .71  1.05   .60   .81   .65   .70   .92   .72   .68
% S      11.91  8.40  8.50  7.82  8.34 10.11 11.55 10.55  9.54  9.49  7.14  8.94
MEAN      4.58  3.51  4.54  4.84  4.59  5.62  4.15  3.97  3.93  3.91  3.50  4.11
STD DEV   2.95  2.15  3.03  3.05  2.79  3.33  2.31  2.15  2.26  2.62  2.27  2.59
SKEW       .88  1.16  1.08   .65   .97   .63   .87   .82  1.06  1.09  1.43  1.07
% SSW     9.05  5.37  8.65  7.18  7.40 10.24  7.43  9.74  7.37  6.99  5.56  5.72
MEAN      6.70  4.98  6.65  6.12  6.03  6.82  4.57  5.21  5.08  5.67  5.18  6.28
STD DEV   3.71  3.23  3.67  3.49  3.58  3.56  2.33  2.73  3.07  3.39  3.22  3.65
SKEW       .27   .69   .37   .49   .82   .42   .64   .67   .76   .78   .27   .52
% SW      4.09  3.85  6.48  4.76  5.98  6.60  5.94  7.28  4.62  3.27  3.82  4.25
MEAN      4.01  3.76  4.89  4.79  5.13  5.32  3.76  3.74  3.34  2.97  3.20  3.50
STD DEV   3.29  3.12  3.38  3.37  3.31  2.97  1.88  2.17  2.23  1.86  2.25  2.64
SKEW      1.14  1.30  1.07   .72   .69   .60   .74   .75  1.24   .63  1.39  1.27
% WSW      .96   .94  1.83  2.49  2.66  3.09  2.95  3.40  2.67  1.45  1.36  1.21
MEAN      3.30  3.95  3.98  4.48  4.30  5.16  4.21  3.83  4.47  4.93  2.64  2.47
STD DEV   1.72  2.98  2.45  2.61  2.19  2.72  2.38  1.99  1.98  1.49  1.48  1.19
SKEW       .46  1.09   .86   .56   .67   .66   .82   .87   .25   .87   .95  1.08
% W       2.29  2.97  2.67  3.11  3.49  3.08  3.46  2.96  2.93  2.09  2.52  2.76
MEAN      2.24  2.36  3.17  3.02  2.89  3.10  3.00  3.03  3.00  2.45  2.21  2.00
STD DEV   1.56  1.18  2.16  1.87  1.69  1.71  1.65  1.82  1.90  1.43  1.12   .99
SKEW      2.36  1.65  1.19  1.16  1.42  1.24  1.22  1.39  1.16  1.54  1.08   .90
% WNW     1.57  1.91  2.93  3.18  2.80  2.87  2.77  2.13  2.64  2.49  2.18  2.53
MEAN      3.18  2.63  5.49  4.11  3.89  3.70  3.17  3.64  3.18  2.57  3.53  3.60
STD DEV   1.59  1.25  3.55  2.62  1.82  1.87  1.56  1.11  1.54  1.52  2.53  2.36
SKEW       .96   .68   .86   .93   .31   .58   .50   .46   .86  1.69   .88   .88
% NW      5.68  6.26  7.72  6.77  6.26  5.45  4.86  4.18  5.01  4.64  6.19  6.60
MEAN      3.01  3.17  4.20  4.10  3.95  3.84  3.34  3.03  3.29  3.21  3.26  3.43
STD DEV   1.92  2.17  2.62  2.57  2.32  2.30  1.80  1.71  1.89  2.00  2.48  2.40
SKEW      1.22  1.48  1.40   .92   .97   .82   .84  1.12   .70  1.49  1.64  1.34
% NNW     4.41  6.49  7.42  8.70  7.53  7.35  5.54  5.04  6.11  6.52  6.43  4.64
MEAN      4.46  4.70  5.62  5.23  5.08  5.09  4.17  3.95  3.98  4.33  4.36  5.24
STD DEV   2.64  2.76  3.10  2.85  2.80  2.81  1.97  1.97  2.18  2.01  2.46  3.02
SKEW      1.00  1.37   .95   .82   .81   .86   .63   .63  1.12   .83  1.12   .74
CALM     16.11 18.63 10.72 10.79  9.59  8.95 10.44  9.73 13.71 21.67 22.32 21.04
 
INTERPOLATED DATA (station & weighting factor)
 
---Wind Stations---
DELTA         UT     .417  FAIRFIELD     UT     .350  HANKSVILLE    UT     .233
---Solar Radiation and Max .5 P Stations---
 UT FAIRVIEW 8N      .444   UT NEPHI            .428   UT RICHFIELD RADIO  .128 
---Dewpoint Stations---
UT SALT LAKE CITY I  .420  WY EVANSTON BURNS F  .298  UT BRYCE CANYON AP   .283 
---Time Peak Stations---
UT FAIRVIEW 8N       .439  UT NEPHI             .437  UT RICHFIELD RADIO   .124 
