 CEDAR POINT UT                          421308 0
 LATT=  37.72 LONG=-109.08 YEARS= 40. TYPE= 3
 ELEVATION = 6790. TP5 = 1.32 TP6= 2.41
 MEAN P    .25   .24   .20   .20   .19   .17   .17   .18   .25   .31   .27   .24
 S DEV P   .27   .27   .21   .23   .21   .20   .22   .22   .34   .33   .30   .29
 SKEW  P  1.90  2.63  1.97  3.05  2.17  2.35  2.75  2.24  3.10  1.90  2.04  2.98
 P(W/W)    .43   .39   .44   .41   .47   .30   .39   .35   .47   .48   .41   .41
 P(W/D)    .13   .16   .14   .13   .10   .06   .18   .18   .15   .12   .12   .10
 TMAX AV 37.16 41.20 48.89 58.55 68.93 81.28 86.84 83.51 75.11 62.36 48.15 38.63
 TMIN AV 14.95 18.30 25.19 31.15 38.90 47.35 54.23 52.75 45.63 35.25 24.94 16.93
 SD TMAX  8.34  8.28  9.58 10.00  9.55  7.99  5.74  6.04  7.95  9.75  9.94  8.51
 SD TMIN  9.34  8.73  7.01  6.54  6.63  6.04  4.13  4.11  5.75  6.60  7.89  8.93
 SOL.RAD  220.  290.  413.  493.  594.  657.  600.  508.  452.  347.  247.  194.
 SD SOL   23.9  35.3  42.4  60.7  73.5  59.0  71.0  60.7  40.1  33.0  25.1  28.4
 MX .5 P   .24   .23   .27   .29   .35   .33   .64   .52   .63   .39   .26   .24
 DEW PT  18.00 20.35 22.27 23.84 29.62 31.92 43.57 44.65 38.22 29.14 23.14 17.79
Time Pk   .579  .760  .829  .899  .899  .900  .970  .970  .980  .980  .990 1.000
% N       5.29  5.70  4.54  4.38  4.41  4.18  3.92  4.26  4.05  3.99  4.77  5.08
MEAN      2.71  3.06  3.14  3.36  3.52  3.31  3.49  3.14  3.10  2.92  2.78  2.61
STD DEV   1.36  1.75  1.51  1.80  1.88  1.71  1.85  1.70  1.56  1.37  1.42  1.24
SKEW       .95  1.21  1.08  1.37  1.02  1.25   .89  1.33  1.13   .83   .99   .63
% NNE     3.31  3.66  3.03  2.91  2.91  2.91  2.77  2.64  2.77  2.64  3.15  3.09
MEAN      2.65  3.07  3.18  3.16  3.40  3.50  3.66  3.15  2.99  2.89  3.01  2.84
STD DEV   1.44  1.58  1.61  1.51  1.83  1.86  1.95  1.53  1.36  1.41  1.61  1.48
SKEW       .85   .83   .61   .78  1.28  1.14   .78  1.04   .58   .61   .75   .96
% NE      5.63  5.49  4.62  4.41  4.42  4.39  4.99  4.98  5.41  5.46  5.35  5.61
MEAN      2.64  2.80  2.97  3.37  3.46  3.24  3.61  3.17  2.89  2.94  2.90  2.44
STD DEV   1.46  1.33  1.44  1.84  1.84  1.57  1.81  1.65  1.36  1.52  1.61  1.17
SKEW      1.22   .85   .71  1.02  1.03  1.04   .89  1.33  1.01  1.00  1.22   .94
% ENE     7.04  5.88  4.94  4.52  4.83  5.02  6.16  5.70  5.73  5.96  6.07  6.53
MEAN      2.54  2.54  2.95  3.12  3.40  3.41  3.59  3.34  3.15  2.87  2.65  2.42
STD DEV   1.06  1.05  1.43  1.43  1.69  1.71  1.68  1.63  1.44  1.32  1.12   .90
SKEW      1.03   .75  1.19   .72  1.16  1.36   .98  1.35   .69   .77   .99   .43
% E       9.53  8.01  6.66  5.89  6.76  6.79  8.43  8.61  8.41  8.14  8.28  8.64
MEAN      2.71  2.84  3.16  3.25  3.40  3.41  3.51  3.40  3.27  3.21  2.88  2.68
STD DEV   1.12  1.22  1.33  1.37  1.47  1.45  1.49  1.43  1.39  1.38  1.20  1.08
SKEW       .70   .77   .83   .70   .74   .81   .76   .78   .81   .86   .64   .59
% ESE     9.06  8.72  8.68  7.99  8.59  9.09 10.82 10.68 11.16 10.84  9.74  9.33
MEAN      3.14  3.28  3.62  3.76  3.84  3.93  3.80  3.69  3.74  3.56  3.21  3.03
STD DEV   1.35  1.41  1.49  1.60  1.61  1.61  1.55  1.47  1.53  1.43  1.36  1.27
SKEW       .77   .90   .52   .66   .71   .62   .86   .60   .70   .60   .95   .89
% SE      5.35  5.49  5.32  5.40  6.19  6.85  8.47  8.05  7.82  6.64  5.61  5.23
MEAN      2.95  3.27  3.58  3.66  3.92  3.76  3.65  3.52  3.45  3.39  3.14  2.88
STD DEV   1.43  1.53  1.78  1.70  1.82  1.71  1.68  1.55  1.50  1.69  1.61  1.37
SKEW       .92   .95  1.03   .76   .83   .91   .89  1.02   .98  1.12  1.14  1.16
% SSE     3.38  3.43  3.84  4.26  4.91  5.20  6.01  5.69  4.98  4.38  3.27  3.05
MEAN      3.18  3.50  3.93  4.47  4.47  4.62  3.94  3.79  3.70  3.81  3.55  2.89
STD DEV   1.83  2.05  2.24  2.29  2.42  2.42  2.12  1.96  1.89  2.13  2.00  1.56
SKEW      1.10  1.10   .88   .63   .82   .73  1.03  1.13  1.13   .99  1.22   .97
% S       2.63  3.26  3.90  4.35  5.41  5.50  5.34  4.93  4.82  3.85  3.04  2.55
MEAN      3.22  3.41  4.06  4.70  4.99  4.77  3.67  3.61  3.82  3.85  3.15  3.01
STD DEV   2.17  2.16  2.54  2.76  2.90  2.57  2.07  2.00  2.34  2.34  1.88  2.00
SKEW      1.60  1.27   .99   .65   .68   .51  1.19  1.13  1.05  1.16  1.52  1.60
% SSW     2.25  2.34  4.48  4.97  6.20  7.53  3.79  4.48  3.89  3.28  2.38  1.98
MEAN      4.09  4.17  5.46  5.88  6.19  5.65  3.91  3.89  4.53  4.22  3.88  3.49
STD DEV   2.36  2.92  2.97  3.17  3.13  2.61  2.04  2.08  2.60  2.50  2.44  2.07
SKEW      1.00  1.10   .31   .39   .35   .21   .92  1.09   .79   .87  1.08   .84
% SW      2.80  2.74  4.66  4.77  5.93  6.68  4.69  5.29  4.42  3.54  3.14  2.60
MEAN      3.14  3.13  4.93  5.01  4.94  5.08  3.69  3.75  3.61  3.42  2.99  3.02
STD DEV   1.91  2.16  2.96  3.00  2.78  2.48  1.82  1.96  2.16  2.14  1.99  1.92
SKEW       .97  1.45   .78   .73   .67   .61   .81  1.13  1.11  1.60  1.62  1.07
% WSW     3.57  3.66  4.93  5.30  5.14  5.21  4.45  4.04  3.61  3.36  4.20  3.50
MEAN      3.07  3.08  4.39  5.01  4.56  4.39  3.88  3.75  3.78  3.28  2.86  3.05
STD DEV   1.80  1.70  2.40  2.75  2.44  2.12  1.71  1.79  1.94  1.96  1.44  1.76
SKEW      1.48  1.73   .73   .62   .82   .63   .48   .73   .79  1.42  1.19  1.50
% W       5.63  7.11  7.48  7.33  6.85  5.78  5.39  5.33  5.07  5.43  6.02  5.46
MEAN      3.33  3.72  4.50  4.84  4.40  4.52  3.93  3.71  3.72  3.57  3.47  3.31
STD DEV   1.98  2.19  2.41  2.57  2.33  2.21  1.80  1.77  1.84  1.98  1.91  1.95
SKEW      1.06  1.17   .70   .60   .92   .79   .75   .78   .80  1.06  1.20  1.33
% WNW     5.93  7.32  8.92  8.83  7.09  6.78  5.68  5.06  5.33  5.48  6.30  5.88
MEAN      3.59  4.43  5.49  5.48  5.08  4.77  4.30  4.13  4.03  4.01  4.43  3.96
STD DEV   1.98  2.43  2.86  2.68  2.50  2.40  2.03  2.06  1.97  2.09  2.49  2.42
SKEW       .91   .88   .53   .44   .58   .73   .71   .76   .81   .93   .82  1.05
% NW      6.50  7.41  7.80  7.56  6.59  5.38  4.74  4.08  5.22  5.87  5.61  6.00
MEAN      3.34  4.37  5.18  5.18  4.64  4.66  3.96  3.60  3.95  3.85  4.22  3.45
STD DEV   2.05  2.66  2.91  2.76  2.47  2.54  2.04  1.88  2.14  2.17  2.75  2.31
SKEW      1.09  1.02   .70   .59   .69   .83   .84  1.11   .94  1.13  1.30  1.30
% NNW     4.54  4.28  4.72  4.61  4.01  3.75  3.43  3.11  3.27  3.46  4.14  3.94
MEAN      2.80  3.49  4.16  4.59  4.19  4.10  4.02  3.52  3.51  3.31  3.30  2.88
STD DEV   1.50  2.10  2.50  2.65  2.47  2.24  2.24  1.88  1.89  1.68  1.90  1.65
SKEW      1.36  1.25  1.14   .74  1.12  1.03  1.01  1.11  1.28  1.30  1.54  1.20
CALM     17.53 15.51 11.57 12.47  9.71  8.97 11.00 12.97 14.12 17.76 18.90 21.45
 
INTERPOLATED DATA (station & weighting factor)
 
---Wind Stations---
FARMINGTON    NM     .375  HANKSVILLE    UT     .315  GRAND JUNCT.  CO     .310
---Solar Radiation and Max .5 P Stations---
 UT CEDAR POINT     1.000   AZ KEAMS CANYON     .000   UT PRICE BLM        .000 
---Dewpoint Stations---
NM FARMINGTON RGNL   .433  CO GRAND JUNCTION W  .351  UT BRYCE CANYON AP   .216 
---Time Peak Stations---
UT CEDAR POINT       .982  AZ KEAMS CANYON      .009  UT PRICE BLM         .008 
