 LAKETOWN UT                             424856 0
 LATT=  41.82 LONG=-111.32 YEARS= 40. TYPE= 3
 ELEVATION = 5980. TP5 = 1.19 TP6= 2.21
 MEAN P    .16   .15   .16   .21   .22   .20   .19   .24   .24   .23   .19   .17
 S DEV P   .19   .17   .17   .24   .22   .26   .20   .29   .26   .26   .22   .16
 SKEW  P  4.75  2.31  2.84  2.91  2.27  3.88  2.00  3.76  1.91  2.52  2.90  1.88
 P(W/W)    .33   .37   .29   .33   .39   .34   .26   .29   .37   .40   .36   .32
 P(W/D)    .17   .18   .19   .18   .19   .11   .10   .10   .11   .13   .15   .17
 TMAX AV 31.28 33.68 42.95 53.72 63.14 73.87 82.36 80.74 71.31 58.45 43.12 33.25
 TMIN AV 11.97 12.00 21.14 28.72 35.98 42.55 49.51 47.83 40.30 31.49 22.69 14.81
 SD TMAX  8.96  9.25  8.70 10.30  9.91  9.06  5.48  5.73  8.72 10.07  9.76  8.64
 SD TMIN 11.71 12.21  9.00  6.83  6.40  6.06  5.70  6.09  7.10  6.71  8.87 10.17
 SOL.RAD  144.  221.  349.  418.  530.  619.  637.  549.  431.  289.  177.  126.
 SD SOL   20.2  28.5  49.1  60.5  68.4  47.2  31.1  32.4  35.2  34.7  22.2  18.7
 MX .5 P   .24   .24   .30   .27   .40   .38   .54   .54   .36   .33   .26   .24
 DEW PT  15.80 17.96 23.25 26.25 32.77 37.74 42.39 40.58 34.93 29.12 22.96 16.80
Time Pk   .569  .753  .805  .853  .853  .862  .984  .984  .987  .989  .992 1.000
% N       7.95  8.22  8.07  8.44  8.46  9.01  8.19  8.26  9.65 10.61  8.90  7.41
MEAN      3.24  3.74  3.76  3.83  3.80  3.47  3.31  3.26  3.20  3.23  3.15  2.92
STD DEV   1.76  1.99  1.97  1.99  1.93  1.71  1.56  1.46  1.53  1.67  1.72  1.54
SKEW      1.44  1.01  1.06  1.18   .97  1.07   .88   .82  1.21  1.19  1.20  1.04
% NNE     2.90  3.59  3.49  3.68  3.58  3.40  2.87  2.54  2.99  2.97  2.22  1.86
MEAN      3.54  3.80  3.61  3.50  3.58  3.32  3.23  3.25  3.21  3.37  3.08  2.70
STD DEV   2.04  1.85  1.82  1.69  1.91  1.49  1.43  1.52  1.39  1.79  1.40  1.07
SKEW      1.22   .98   .89   .91   .95   .84   .74   .84   .94   .99   .81   .49
% NE      5.04  5.09  4.31  3.74  4.86  4.30  4.06  4.03  4.20  4.35  4.12  3.98
MEAN      3.79  3.75  3.61  3.65  4.21  3.67  3.54  3.45  3.31  3.39  2.96  2.45
STD DEV   2.48  2.50  2.14  1.91  2.61  2.10  1.83  1.79  1.76  2.21  1.81  1.24
SKEW      1.42  1.23  1.62   .76  1.42  1.29  1.09  1.09   .93  1.53  1.67  1.29
% ENE     3.21  3.25  3.02  3.29  3.42  3.99  4.64  4.41  4.25  4.09  2.81  2.46
MEAN      3.25  4.41  4.60  4.36  4.48  3.64  3.67  3.77  3.84  4.54  3.25  3.23
STD DEV   1.59  2.53  3.11  2.24  2.21  1.61  1.59  1.54  1.66  2.54  1.42  1.53
SKEW       .35   .96  1.08   .83   .71   .68   .63   .54   .61  1.04   .35   .91
% E       5.86  5.69  5.69  5.18  6.46  7.35  7.81  7.26  6.87  6.03  6.36  5.69
MEAN      3.59  3.31  3.64  3.60  4.30  3.55  3.50  3.64  3.38  3.31  3.02  3.17
STD DEV   2.35  1.70  1.87  1.75  2.25  1.62  1.52  1.72  1.46  1.58  1.46  1.63
SKEW      1.35  1.19  1.16  1.12   .93   .66   .93   .87   .67  1.00   .81   .93
% ESE     4.90  5.40  4.98  4.19  5.32  5.80  7.12  6.68  6.53  6.66  6.24  4.90
MEAN      3.09  3.58  3.38  3.53  4.11  3.44  3.72  3.60  3.55  3.67  2.94  3.19
STD DEV   1.40  1.78  1.41  1.58  1.88  1.50  1.58  1.65  1.57  1.56  1.18  1.59
SKEW      1.00  1.09   .42   .56   .62   .75   .61   .80   .75   .71   .58  1.01
% SE      7.80  7.33  6.83  6.94  7.46  7.07  8.17  8.75  7.66  7.51  8.19  8.44
MEAN      3.26  3.24  3.41  3.46  3.58  3.37  3.57  3.58  3.40  3.12  2.89  3.14
STD DEV   1.83  1.68  1.77  1.68  1.79  1.56  1.78  1.85  1.60  1.55  1.54  1.70
SKEW      1.68  1.36  1.80   .82  1.05   .71  1.04  1.07   .82  1.27  1.39  1.16
% SSE    10.29  8.73  9.51  7.83  7.78  8.13  9.14 10.96  8.86  9.02  8.90  9.31
MEAN      4.64  4.32  4.62  4.40  4.50  4.56  4.30  4.84  4.11  4.07  3.60  4.26
STD DEV   2.75  2.39  2.53  2.30  2.27  2.33  2.01  2.32  1.95  1.98  1.91  2.37
SKEW      1.12  1.22  1.20  1.20  1.01  1.05   .74   .77   .90   .86  1.24  1.07
% S      14.15 12.71 12.70 11.79 10.28 10.84 11.97 13.77 12.94 11.75 13.32 12.91
MEAN      4.07  3.86  4.40  4.47  4.26  4.22  4.08  4.53  4.09  3.90  3.74  3.85
STD DEV   2.17  1.91  2.33  2.26  2.13  1.97  1.90  2.05  1.88  1.82  1.84  2.06
SKEW      1.13  1.13  1.22  1.08  1.08   .77   .90   .63   .77   .76  1.09  1.09
% SSW     3.18  3.29  3.88  4.55  4.15  4.03  3.91  4.96  4.28  3.25  3.16  3.14
MEAN      3.46  3.33  4.10  4.64  4.20  4.54  4.06  4.49  4.04  3.59  3.29  3.37
STD DEV   1.77  1.48  2.23  2.67  2.20  2.47  1.97  2.14  2.02  1.84  1.58  1.63
SKEW      1.14   .93  1.27  1.00  1.10   .95   .84   .77   .68   .91   .93   .81
% SW      3.47  3.90  4.52  5.55  4.99  4.98  4.67  4.83  4.76  3.55  3.70  3.26
MEAN      2.85  3.02  3.64  4.20  4.11  3.94  3.63  4.09  3.74  3.05  2.96  2.75
STD DEV   1.50  1.58  1.85  2.13  2.23  2.19  1.80  2.09  1.94  1.53  1.56  1.40
SKEW      1.45  1.24  1.02   .93  1.10  1.37   .88   .86   .85   .83  1.15  1.15
% WSW     1.42  1.66  2.36  2.93  2.60  2.57  2.10  2.22  2.13  1.91  1.66  1.71
MEAN      3.71  3.27  3.98  4.15  4.28  4.05  3.50  3.59  4.07  3.53  3.21  3.18
STD DEV   2.25  1.63  1.95  1.91  2.15  1.92  1.50  1.52  1.98  1.89  1.52  1.61
SKEW       .93   .83   .53   .46   .91   .80   .43   .49   .66  1.25  1.15   .92
% W       4.17  4.28  4.95  5.44  5.32  4.62  4.14  3.68  4.14  3.77  3.54  5.04
MEAN      3.24  3.12  4.20  4.45  3.80  3.77  3.56  3.64  3.48  3.12  3.24  2.93
STD DEV   1.82  1.78  2.37  2.32  1.86  1.91  1.74  1.79  1.75  1.62  1.92  1.66
SKEW      1.13  1.36   .95   .79   .78  1.02   .73   .83  1.12   .98  1.67  1.25
% WNW     2.26  2.31  3.06  3.56  3.21  2.52  2.53  2.16  2.18  2.42  1.87  2.33
MEAN      3.43  3.31  4.54  4.72  4.09  4.05  3.68  3.67  3.54  3.40  3.36  3.34
STD DEV   1.92  1.72  2.77  2.31  2.25  1.93  1.77  1.71  1.73  1.94  2.05  1.73
SKEW      1.00  1.10   .92   .74  1.77  1.03   .77   .65   .86   .98  1.08   .83
% NW      7.25  8.75  8.02  8.66  8.99  7.90  6.96  5.64  6.81  7.32  7.90  7.94
MEAN      3.49  3.69  4.57  4.94  4.52  3.99  3.75  3.62  3.60  3.54  3.48  3.33
STD DEV   1.90  2.12  2.73  2.60  2.47  2.12  1.79  1.66  1.87  2.07  1.95  2.09
SKEW      1.18  1.57  1.84   .86  1.16  1.12   .78  1.15  1.22  1.30  1.16  1.65
% NNW     3.91  5.29  6.08  7.09  6.29  6.57  4.90  3.81  4.32  5.32  4.46  3.79
MEAN      3.90  4.21  4.79  5.07  4.63  4.46  3.71  3.77  3.81  3.84  3.80  4.00
STD DEV   2.27  2.10  2.73  2.75  2.45  2.46  1.68  1.71  1.98  2.12  2.18  2.37
SKEW      1.19   .84  1.15  1.05  1.00  1.12   .85  1.04  1.17  1.04  1.05  1.04
CALM     12.29 10.56  8.54  7.19  6.93  6.98  6.74  6.04  7.40  9.49 12.72 15.80
 
INTERPOLATED DATA (station & weighting factor)
 
---Wind Stations---
OGDEN/HILL    UT     .335  OGDEN         UT     .335  MALAD CITY    ID     .330
---Solar Radiation and Max .5 P Stations---
 UT LOGAN UT STATE   .630   UT PLYMOUTH         .370                            
---Dewpoint Stations---
WY EVANSTON BURNS F  .484  UT OGDEN HINKLEY AP  .353  ID IDAHO FALLS FANN  .162 
---Time Peak Stations---
UT LOGAN UT STATE U  .521  WY EVANSTON 1 E      .306  ID HENRY             .172 
