 FORT DUCHESNE UT                        422996 0
 LATT=  40.28 LONG=-109.87 YEARS= 40. TYPE= 3
 ELEVATION = 4990. TP5 = 1.38 TP6= 2.13
 MEAN P    .08   .08   .12   .12   .12   .15   .11   .14   .17   .19   .10   .08
 S DEV P   .10   .12   .18   .14   .14   .18   .18   .27   .22   .21   .12   .10
 SKEW  P  2.68  5.13  2.92  1.80  2.20  2.35  3.26  7.37  2.57  1.56  1.99  2.83
 P(W/W)    .42   .34   .29   .39   .45   .32   .34   .37   .39   .46   .26   .35
 P(W/D)    .08   .09   .08   .09   .11   .06   .09   .12   .08   .09   .07   .08
 TMAX AV 28.70 36.39 52.25 63.59 73.35 84.91 91.88 89.16 79.31 65.02 47.10 32.28
 TMIN AV  4.52 10.92 24.45 31.78 40.54 47.28 54.88 52.77 43.73 32.54 21.90  8.65
 SD TMAX 11.35 11.23 10.25  9.90  9.88  9.03  5.86  6.17  9.04 10.30 10.78 11.10
 SD TMIN 12.34 12.64  8.08  7.84  7.16  7.35  6.74  6.17  7.44  7.63  7.96 11.59
 SOL.RAD  168.  253.  382.  460.  548.  625.  621.  527.  432.  312.  196.  149.
 SD SOL   24.6  34.6  41.3  54.5  60.7  43.1  44.2  42.0  42.3  34.7  26.7  25.8
 MX .5 P   .23   .22   .22   .25   .37   .51   .59   .56   .46   .29   .23   .20
 DEW PT  17.30 19.92 24.06 27.03 33.03 36.14 43.08 42.03 36.62 29.98 23.68 17.98
Time Pk   .563  .743  .824  .896  .899  .899  .982  .990  .990  .990  .992 1.000
% N       8.72 10.07  8.25  9.42  8.56  7.27  7.59  8.32  8.04  9.43  6.87  8.59
MEAN      3.33  3.30  3.36  4.05  3.65  3.56  3.48  3.37  3.54  3.30  3.14  3.22
STD DEV   2.00  1.79  1.85  2.15  1.75  2.02  1.69  1.58  1.86  1.62  1.70  2.00
SKEW       .85   .76   .72   .72   .49   .73   .82   .90   .64   .66   .79   .85
% NNE     1.97  2.28  2.74  3.11  3.18  2.75  2.55  2.91  3.17  2.23  2.70  1.71
MEAN      3.62  3.68  3.99  3.84  4.01  3.75  4.26  3.39  3.63  3.65  3.79  3.46
STD DEV   1.70  1.43  1.97  1.58  1.94  1.67  1.72  1.31  1.62  2.25  1.87  1.96
SKEW       .66   .48   .36   .48   .41   .48  -.20   .36   .33   .82   .35   .47
% NE      4.72  5.32  5.82  5.49  5.25  4.22  4.70  4.60  4.71  4.15  5.96  5.03
MEAN      2.81  2.97  3.10  3.37  3.80  3.22  3.85  3.13  3.07  2.75  2.91  2.51
STD DEV   1.41  1.55  1.50  1.63  1.99  1.56  1.94  1.43  1.38  1.32  1.50  1.30
SKEW       .65  1.24   .59   .75   .88   .63   .58   .58   .42   .79  1.05   .97
% ENE     2.45  2.18  2.73  2.79  3.37  3.30  2.79  2.91  2.74  2.75  2.68  2.04
MEAN      3.48  3.17  4.01  3.70  4.38  4.06  3.88  3.81  3.84  3.35  3.31  2.98
STD DEV   1.38  1.39  1.94  1.62  1.96  2.07  1.89  1.66  1.52  1.49  1.44  1.22
SKEW       .46   .59   .69   .64   .80   .83   .72   .34   .59   .65   .30   .37
% E       4.80  4.31  4.19  3.90  4.52  4.58  4.63  4.63  4.00  4.73  4.32  4.26
MEAN      3.00  3.62  3.36  3.85  3.81  3.55  3.45  3.43  3.66  3.87  3.32  2.97
STD DEV   1.51  2.54  1.71  1.93  1.78  1.63  1.55  1.58  2.09  2.02  1.70  1.42
SKEW       .90  1.21   .77   .78   .79   .96   .47   .25  1.48   .47   .75   .65
% ESE     5.94  6.15  6.31  6.50  7.37  6.74  7.31  7.50  8.57  8.33  7.46  6.76
MEAN      3.69  3.70  3.81  4.09  4.43  4.30  3.97  3.72  4.18  4.42  3.55  3.74
STD DEV   1.78  1.61  1.70  1.60  1.92  1.73  1.52  1.20  1.96  1.82  1.76  2.10
SKEW       .40  -.45   .55   .03   .40   .46   .31  -.66   .94   .39   .41   .66
% SE      5.27  5.08  5.57  4.42  5.87  6.25  7.02  7.43  7.32  5.74  5.12  6.13
MEAN      3.23  3.29  3.24  3.40  3.97  3.66  3.68  3.60  3.83  3.27  3.08  3.06
STD DEV   1.62  1.72  1.70  1.60  2.04  1.71  1.65  1.67  1.86  1.48  1.55  1.61
SKEW       .75   .85   .91   .90   .59   .98   .71   .73  1.16   .83  1.29   .75
% SSE     2.63  2.21  2.76  2.57  3.87  3.67  4.24  5.46  4.05  3.04  2.54  2.77
MEAN      4.03  4.06  4.38  4.20  4.96  5.28  4.39  4.76  4.76  3.73  3.77  3.63
STD DEV   1.72  2.03  2.32  1.98  2.71  2.78  1.99  2.14  2.41  1.81  2.02  1.69
SKEW       .29   .93   .58   .19   .91   .73   .66   .55  1.00   .90   .75   .49
% S       5.52  3.42  4.43  5.21  5.54  7.26  6.74  5.64  5.14  4.73  3.53  4.79
MEAN      3.43  3.11  3.87  5.04  5.05  5.84  4.05  4.09  4.31  3.77  3.22  3.17
STD DEV   1.98  1.88  2.53  3.01  3.10  3.11  2.15  2.15  2.42  2.26  1.87  1.80
SKEW       .98   .72   .92   .47   .97   .42   .81   .93  1.21   .88   .93   .98
% SSW     1.44  1.09  2.00  2.35  3.01  3.75  3.00  4.29  3.10  2.19  1.22  1.30
MEAN      3.86  4.32  4.83  5.61  5.66  6.03  4.62  4.50  4.71  4.50  3.99  4.45
STD DEV   1.85  2.57  2.57  2.91  2.94  2.90  2.27  2.09  2.54  2.31  1.81  1.93
SKEW       .74   .67   .51   .48   .52   .45   .83   .81   .69  1.00   .43   .53
% SW      2.66  2.46  3.51  3.08  3.46  3.63  3.50  4.10  2.87  2.65  2.40  3.12
MEAN      4.25  4.73  4.23  4.74  4.90  4.80  4.09  3.70  3.90  3.92  3.57  3.59
STD DEV   2.79  2.96  2.78  2.67  2.73  2.30  2.01  1.70  2.07  2.13  1.96  2.22
SKEW       .86  1.14  1.23   .47   .70   .55   .91   .80  1.20  1.03   .86   .77
% WSW    13.78 13.62 13.32 11.54  9.78 10.42  9.60  9.38 10.66 11.14 12.40 11.84
MEAN      5.73  6.30  5.84  6.19  5.25  6.03  5.14  4.49  5.07  5.88  4.64  4.89
STD DEV   2.56  3.41  3.17  2.91  2.34  2.66  2.43  1.95  2.04  1.78  2.08  1.90
SKEW      1.05   .77   .87   .38   .82   .50   .54   .64   .77  1.03   .95  1.05
% W      14.59 15.07 12.13 11.22  9.87  9.51 10.43  9.31  9.78 10.11 13.76 15.51
MEAN      4.56  4.83  5.32  5.27  4.80  4.95  4.40  4.34  4.52  4.05  4.43  4.51
STD DEV   2.21  2.19  2.91  2.80  2.44  2.41  2.21  2.29  2.37  2.12  2.08  1.94
SKEW      1.58  1.20   .94   .93  1.03   .88  1.00  1.14   .94  1.49  1.19  1.10
% WNW     6.61  6.45  7.56 10.31  9.41  9.47  8.97  7.72  9.00  8.79  8.27  7.31
MEAN      4.96  4.42  6.35  5.69  5.19  5.35  4.80  4.97  5.02  4.56  5.34  4.97
STD DEV   2.31  1.74  3.42  2.94  2.18  2.21  2.20  1.66  2.41  2.27  3.04  2.60
SKEW       .43   .46   .44   .90   .29   .16   .51   .38   .95  1.25   .88   .75
% NW      6.25  6.64  7.45  7.71  6.99  6.46  6.86  6.55  6.93  6.04  6.56  6.43
MEAN      3.16  3.52  3.96  4.63  4.39  4.26  4.09  3.94  4.14  3.62  3.79  3.24
STD DEV   1.65  1.83  2.40  2.48  2.24  2.15  2.10  2.12  2.13  1.97  2.29  2.05
SKEW      1.03   .94  1.30   .75   .70   .62   .83  1.12   .73  1.34  1.29  1.28
% NNW     2.81  3.39  4.56  4.74  4.18  4.47  3.76  3.69  3.60  3.95  3.36  2.37
MEAN      3.98  4.04  4.33  4.84  4.57  4.67  4.47  4.08  4.14  4.23  4.00  4.04
STD DEV   2.12  2.06  1.99  2.28  2.07  2.12  1.96  1.81  1.84  1.68  1.83  2.11
SKEW       .47   .95   .40   .85   .51   .59   .48   .31   .33   .19   .35   .40
CALM      9.86 10.25  6.79  5.64  5.88  6.28  6.31  5.64  6.38 10.13 10.85 10.13
 
INTERPOLATED DATA (station & weighting factor)
 
---Wind Stations---
FORT BRIDGER  WY     .403  GRAND JUNCT.  CO     .309  FAIRFIELD     UT     .288
---Solar Radiation and Max .5 P Stations---
 UT NEOLA 8 N        .780   WY MOUNTAIN VIEW    .220                            
---Dewpoint Stations---
WY EVANSTON BURNS F  .379  CO GRAND JUNCTION W  .323  UT SALT LAKE CITY I  .298 
---Time Peak Stations---
UT NEOLA 8 N         .784  WY MOUNTAIN VIEW     .216                            
