 BURKES GARDEN VA                        441209 0
 LATT=  37.10 LONG= -81.33 YEARS= 40. TYPE= 3
 ELEVATION = 3250. TP5 = 1.93 TP6= 3.90
 MEAN P    .27   .26   .32   .31   .31   .31   .32   .31   .35   .30   .30   .29
 S DEV P   .39   .35   .37   .36   .34   .36   .44   .40   .44   .39   .39   .36
 SKEW  P  3.87  2.77  2.29  2.18  2.05  1.99  3.21  2.54  2.18  2.30  3.48  2.29
 P(W/W)    .54   .53   .52   .54   .63   .63   .57   .55   .55   .53   .53   .51
 P(W/D)    .41   .36   .36   .30   .33   .31   .36   .30   .24   .22   .26   .34
 TMAX AV 38.86 42.06 51.14 61.09 68.65 75.29 78.52 77.67 71.93 61.79 52.09 42.30
 TMIN AV 20.20 22.06 29.18 36.35 44.84 52.72 56.63 54.88 47.98 36.73 29.33 22.79
 SD TMAX 11.97 11.85 12.13 10.78  7.99  5.65  4.86  5.06  7.10  9.06 10.75 11.46
 SD TMIN 12.62 11.27 10.41  9.65  8.85  6.93  5.92  5.83  8.52 10.08 10.51 11.94
 SOL.RAD  161.  224.  309.  399.  451.  463.  467.  428.  361.  277.  186.  144.
 SD SOL   21.6  28.6  37.6  34.0  46.7  41.1  27.0  35.4  32.7  33.3  32.0  20.5
 MX .5 P   .39   .39   .48   .57   .90  1.14  1.25  1.01   .79   .47   .49   .38
 DEW PT  24.47 25.71 31.92 39.36 51.41 60.20 64.00 63.20 56.96 44.36 34.92 27.71
Time Pk   .546  .716  .780  .859  .864  .879  .949  .954  .970  .986  .990 1.000
% N       2.20  2.69  2.60  3.21  3.43  3.05  2.73  3.67  3.67  3.57  2.08  2.23
MEAN      3.05  3.35  3.26  3.48  3.41  3.28  3.01  3.05  2.97  3.01  3.41  2.85
STD DEV   1.33  1.40  1.31  1.47  1.46  1.35  1.23  1.29  1.17  1.29  1.34  1.26
SKEW       .66   .27   .31   .50   .44   .31   .40   .58   .37   .64   .60   .70
% NNE     2.27  2.25  2.11  2.25  2.87  2.75  2.77  3.27  3.36  2.96  1.98  1.79
MEAN      2.94  2.90  3.10  3.21  3.05  2.87  3.02  3.07  3.01  2.94  3.07  2.63
STD DEV   1.11  1.18  1.21  1.34  1.21  1.14  1.20  1.42  1.23  1.22  1.38   .99
SKEW       .38   .70   .42   .37   .37   .44   .57   .68   .61   .63   .80   .64
% NE      3.08  3.38  3.22  2.65  3.57  3.34  3.45  4.72  4.80  4.31  2.89  2.53
MEAN      2.79  2.87  3.14  3.13  3.16  2.92  2.80  2.69  3.00  2.78  2.73  2.63
STD DEV   1.34  1.12  1.11  1.24  1.25  1.17  1.14  1.10  1.21  1.16  1.04   .91
SKEW       .75   .33   .14   .44   .50   .59   .78   .73   .53   .85   .63   .49
% ENE     3.41  4.12  4.47  3.39  3.92  4.06  3.85  4.60  5.31  5.75  3.30  3.39
MEAN      2.94  2.91  3.20  3.17  3.30  2.86  3.14  2.85  3.00  2.90  3.03  3.12
STD DEV   1.21  1.22  1.21  1.16  1.29  1.03  1.35  1.14  1.17  1.15  1.14  1.31
SKEW       .53   .94   .47   .34   .73   .46   .86   .69   .80   .62   .59   .83
% E       3.70  3.16  3.55  3.36  4.13  4.40  4.68  4.12  5.05  5.37  3.39  3.63
MEAN      2.95  2.87  3.20  3.35  3.06  3.10  3.07  3.04  2.92  3.07  2.92  2.87
STD DEV   1.19  1.06  1.38  1.42  1.16  1.29  1.27  1.40  1.29  1.29  1.24  1.23
SKEW       .31   .47   .49   .36   .37   .30   .63   .73   .72   .55  1.04   .82
% ESE     2.49  2.65  2.49  2.14  2.92  3.25  2.95  3.49  3.91  4.04  2.44  2.52
MEAN      3.17  3.40  3.96  3.67  3.21  3.26  3.26  3.00  3.24  3.47  3.42  3.43
STD DEV   1.51  1.66  2.02  1.87  1.49  1.53  1.45  1.40  1.40  1.48  1.68  1.61
SKEW       .80   .86   .63   .79   .40   .58   .53   .80   .44   .24   .59   .62
% SE      4.05  4.25  4.73  4.13  4.71  4.68  3.91  4.60  5.87  6.21  4.90  4.68
MEAN      3.87  4.25  4.46  4.68  3.79  3.31  3.11  3.18  3.58  3.80  3.90  4.11
STD DEV   1.82  1.87  2.06  1.87  1.65  1.43  1.45  1.41  1.53  1.63  1.68  1.77
SKEW       .39   .44   .51   .24   .44   .35   .49   .49   .33   .26   .39   .32
% SSE     4.99  4.07  5.52  5.46  4.46  4.91  4.03  4.03  5.61  5.28  4.78  5.36
MEAN      4.25  4.27  4.95  4.94  4.01  3.45  3.27  3.02  3.66  3.87  4.28  4.34
STD DEV   1.78  1.95  2.02  1.90  1.58  1.37  1.36  1.22  1.42  1.52  1.82  1.81
SKEW       .38   .31   .45   .15   .38   .50   .60   .41   .35   .35   .30   .37
% S       6.80  5.07  5.73  6.83  6.15  6.48  6.35  6.54  5.97  5.00  5.81  6.75
MEAN      4.39  4.21  4.45  4.47  3.55  3.33  3.03  3.07  3.36  3.36  3.89  4.27
STD DEV   2.07  1.97  1.80  1.83  1.59  1.29  1.27  1.28  1.36  1.42  1.91  1.82
SKEW       .72   .59   .64   .28   .72   .57   .50   .63   .36   .52   .97   .44
% SSW     8.79  6.88  5.73  7.13  6.41  7.00  8.72  6.60  5.44  5.35  7.67  6.78
MEAN      4.30  4.24  4.61  4.16  3.66  3.30  3.21  3.23  3.22  3.42  3.96  4.19
STD DEV   1.98  1.88  2.10  1.73  1.66  1.28  1.26  1.28  1.29  1.40  1.75  1.87
SKEW       .98   .72   .72   .79   .74   .55   .58   .65   .73   .67   .90  1.05
% SW      7.42  6.44  5.90  6.90  7.23  6.36  7.76  6.24  4.99  5.27  7.41  7.92
MEAN      4.30  4.62  4.85  4.61  3.77  3.42  3.34  3.27  3.43  3.66  4.15  4.03
STD DEV   1.98  2.15  2.51  2.22  1.82  1.36  1.41  1.35  1.52  1.75  1.82  1.71
SKEW       .62   .70   .80   .89   .91   .52   .63   .45   .61   .90   .88   .60
% WSW    11.56 11.02 10.97 11.60 10.38 10.55  9.66  8.07  7.69  7.35 12.14 11.18
MEAN      5.19  5.41  5.65  5.54  4.52  3.97  3.78  3.64  3.72  4.04  4.89  5.32
STD DEV   2.37  2.52  2.52  2.44  2.12  1.71  1.76  1.67  1.79  1.97  2.08  2.40
SKEW       .50   .45   .50   .23   .70   .51   .68   .62   .86   .73   .40   .66
% W      11.77 13.79 13.83 12.15 11.80 12.33 10.91 10.52  9.73 10.75 12.28 13.18
MEAN      5.70  5.66  6.08  5.46  4.59  4.15  3.65  3.42  3.55  4.13  5.10  5.37
STD DEV   2.60  2.42  2.67  2.37  2.02  1.82  1.61  1.52  1.52  2.00  2.37  2.40
SKEW       .46   .18   .37   .33   .48   .56   .68   .58   .51   .70   .47   .43
% WNW    13.45 15.71 16.31 13.42 11.75  9.90  8.78  8.67  9.52 10.83 14.13 14.20
MEAN      5.55  5.68  5.84  5.66  4.76  4.20  3.82  3.72  3.74  4.42  5.31  5.14
STD DEV   2.35  2.41  2.45  2.27  1.98  1.88  1.80  1.58  1.65  1.99  2.17  2.26
SKEW       .37   .28   .28   .17   .55   .47   .55   .54   .61   .42   .48   .45
% NW      4.89  5.01  5.13  5.52  4.69  4.32  3.62  3.70  3.83  4.70  4.37  4.53
MEAN      3.97  4.29  4.63  4.57  4.08  3.63  3.51  3.19  3.57  3.80  4.19  3.81
STD DEV   1.85  2.07  2.00  1.91  1.76  1.68  1.55  1.34  1.49  1.72  1.80  1.72
SKEW       .69   .52   .50   .31   .38   .57   .48   .53   .59   .63   .50   .83
% NNW     2.54  2.93  2.90  3.84  3.18  3.02  2.77  3.14  3.22  3.26  2.27  2.55
MEAN      3.12  3.52  3.77  4.52  3.90  3.49  3.01  3.09  3.34  3.59  3.41  3.33
STD DEV   1.37  1.50  1.67  2.09  1.69  1.51  1.12  1.29  1.47  1.69  1.57  1.52
SKEW       .56   .18   .40   .51   .57   .51   .31   .54   .60   .71   .91   .62
CALM      6.50  6.49  4.85  5.97  8.43  9.61 13.11 13.96 11.98  9.92  8.05  6.81
 
INTERPOLATED DATA (station & weighting factor)
 
---Wind Stations---
PULASKI       VA     .490  BECKLEY       WV     .306  BRISTOL       TN     .204
---Solar Radiation and Max .5 P Stations---
 VA TROUT DALE 3 SS  .537   WV FLAT TOP         .463                            
---Dewpoint Stations---
WV BECKLEY RALEIGH   .551  WV HUNTINGTON TRI S  .246  NC CHARLOTTE DOUGLA  .203 
---Time Peak Stations---
VA TROUT DALE        .562  WV FLAT TOP          .438                            
