 CENTRALIA WA                            451276 0
 LATT=  46.72 LONG=-122.95 YEARS= 40. TYPE= 2
 ELEVATION =  190. TP5 = 1.89 TP6= 2.23
 MEAN P    .31   .27   .25   .20   .20   .19   .14   .20   .22   .27   .35   .32
 S DEV P   .39   .32   .26   .24   .20   .22   .19   .26   .30   .36   .45   .40
 SKEW  P  3.18  2.91  1.80  3.77  1.64  1.86  3.89  2.63  2.57  3.13  3.28  2.28
 P(W/W)    .81   .80   .78   .72   .64   .60   .43   .49   .62   .66   .81   .80
 P(W/D)    .37   .31   .35   .35   .25   .19   .11   .11   .14   .29   .40   .43
 TMAX AV 46.71 50.37 55.22 60.86 67.04 72.16 77.98 78.63 73.62 62.17 51.47 45.67
 TMIN AV 35.04 35.66 37.60 40.37 45.43 50.19 53.72 53.80 49.52 43.61 38.88 34.98
 SD TMAX  6.31  6.54  6.75  8.25  8.63  8.47  8.31  7.74  7.82  6.91  6.08  6.24
 SD TMIN  8.02  7.29  6.11  5.65  5.64  4.65  4.44  4.41  5.48  6.43  7.53  7.72
 SOL.RAD   86.  151.  235.  335.  416.  458.  486.  434.  333.  174.   95.   67.
 SD SOL   11.6  30.1  23.3  49.4  62.0  49.8  55.2  32.8  31.4  20.7  13.8   8.2
 MX .5 P   .36   .31   .37   .35   .33   .33   .36   .55   .47   .42   .47   .36
 DEW PT  36.26 36.41 38.55 40.69 44.69 49.35 52.69 53.55 50.69 45.90 40.55 36.26
Time Pk   .732  .881  .920  .951  .951  .951  .980  .989  .989  .990  .999 1.000
% N       3.08  3.36  3.54  4.14  5.39  6.01  7.55  6.23  6.76  4.81  3.36  2.48
MEAN      2.42  2.59  2.82  2.68  2.83  2.81  2.74  2.56  2.69  2.44  2.31  2.30
STD DEV   1.05  1.14  1.29  1.18  1.25  1.20  1.23  1.19  1.21  1.01  1.05  1.03
SKEW       .84   .43   .98  1.02   .74   .73   .89  1.02   .93   .79   .71   .65
% NNE     3.17  2.99  3.27  3.94  4.10  4.04  4.75  3.96  5.16  3.50  3.11  2.07
MEAN      2.54  2.49  2.50  2.46  2.63  2.66  2.42  2.40  2.37  2.42  2.28  2.40
STD DEV   1.32  1.14  1.03  1.06  1.16  1.09  1.12   .94  1.09  1.00  1.06   .97
SKEW      1.27  1.07   .96   .99   .97   .65  1.10   .91  1.09  1.10  1.20   .50
% NE      3.92  3.35  3.87  3.40  3.72  3.37  3.84  3.77  4.94  4.38  3.67  3.17
MEAN      2.52  2.37  2.56  2.54  2.40  2.37  2.28  2.24  2.31  2.21  2.25  2.39
STD DEV   1.23  1.15  1.14  1.25  1.06  1.01   .85   .94   .96   .99  1.03  1.11
SKEW      1.48  1.29   .99  1.00   .90   .85  1.00   .82   .44   .75   .60   .80
% ENE     4.21  3.05  3.33  2.90  2.40  2.17  2.24  2.42  3.55  3.71  3.64  3.57
MEAN      2.82  2.53  2.80  2.65  2.47  2.41  2.43  2.33  2.51  2.36  2.57  2.65
STD DEV   1.63  1.01  1.47  1.28  1.16  1.08  1.08  1.05  1.11   .98  1.22  1.28
SKEW      1.54   .69  1.44  1.33  1.23   .63  1.30   .82   .86   .86  1.30  1.10
% E       6.15  4.82  4.45  3.57  2.69  1.91  1.90  2.64  4.17  5.79  6.61  5.20
MEAN      2.42  2.44  2.67  2.31  2.26  2.13  2.10  2.17  2.10  2.25  2.45  2.57
STD DEV   1.04  1.11  1.28   .99   .90   .77   .87   .86   .86   .95  1.04  1.16
SKEW       .80  1.01  1.31   .99   .84   .31   .57   .97   .98  1.23  1.23   .90
% ESE     6.14  5.56  4.79  3.28  2.27  1.98  1.71  2.06  3.57  5.38  6.66  5.54
MEAN      2.51  2.50  2.63  2.39  2.28  2.26  2.13  2.08  2.27  2.32  2.45  2.60
STD DEV    .90   .94  1.07   .98   .79   .84   .65   .74   .75   .82   .90   .95
SKEW       .57   .78  1.25  1.15   .33   .79   .11   .38   .36   .58   .91   .81
% SE      3.56  3.17  3.40  2.92  2.64  2.41  2.17  2.83  2.99  3.91  4.10  3.77
MEAN      2.33  2.28  2.56  2.24  2.46  2.20  2.10  2.19  2.25  2.32  2.29  2.56
STD DEV   1.02   .87  1.08   .92   .96   .84   .74   .84   .84   .96   .98  1.23
SKEW       .92   .64   .98   .69   .86   .87   .42   .77   .70  1.01  1.13  1.51
% SSE     8.65  7.56  7.82  5.88  5.07  3.71  3.60  4.08  3.97  6.23  8.73  9.40
MEAN      4.04  3.86  3.98  3.73  2.91  2.37  2.46  2.61  2.93  3.40  4.38  4.49
STD DEV   2.45  2.22  2.03  2.06  1.30   .92  1.05  1.08  1.43  1.91  2.52  2.50
SKEW      1.29   .97   .61   .97   .91   .79   .85   .90  1.03   .95   .67   .64
% S      14.50 12.78 13.77  9.45  8.02  7.47  5.79  7.14  7.29  9.91 12.25 15.57
MEAN      4.93  4.53  4.61  4.00  3.51  3.17  3.04  3.12  3.53  4.09  4.64  4.91
STD DEV   2.52  2.24  2.24  1.99  1.69  1.43  1.37  1.45  1.86  2.04  2.66  2.54
SKEW       .68   .76   .65   .62   .87   .75   .68   .85   .89   .63   .98   .86
% SSW    14.58 15.32 13.39 11.33  9.50  9.84  7.70  8.42  7.37  9.90 12.48 14.75
MEAN      5.12  5.09  4.87  4.36  3.80  3.72  3.55  3.52  3.74  4.18  4.83  4.85
STD DEV   2.44  2.39  2.18  2.03  1.60  1.54  1.53  1.60  1.67  1.93  2.38  2.25
SKEW       .69   .58   .55   .57   .54   .40   .62   .65   .64   .52   .71   .65
% SW      9.32 10.38 10.09  9.98  9.85 10.59  8.12  8.63  7.79  8.42  8.77 10.44
MEAN      4.02  4.12  4.28  4.13  3.92  3.65  3.48  3.41  3.34  3.59  4.20  4.11
STD DEV   2.06  2.23  2.22  1.98  1.76  1.59  1.55  1.55  1.58  1.82  2.15  2.04
SKEW       .84   .82   .78   .68   .60   .61   .70   .62   .71   .83   .73   .83
% WSW     4.31  5.03  6.08  8.34  7.36  7.77  6.54  6.95  4.70  4.33  4.01  4.95
MEAN      3.92  4.26  4.75  4.71  4.24  4.02  3.67  3.68  3.44  3.58  3.89  4.09
STD DEV   2.01  2.37  2.36  2.32  1.85  1.71  1.68  1.64  1.62  1.78  2.11  2.13
SKEW      1.02   .94   .51   .57   .36   .48   .63   .47   .66   .64  1.02   .99
% W       2.07  2.55  4.22  5.88  7.14  7.55  6.72  6.84  4.53  3.26  2.03  2.56
MEAN      3.16  3.39  4.07  3.91  3.78  3.71  3.40  3.34  3.09  3.04  3.44  3.26
STD DEV   1.76  1.87  2.22  1.95  1.69  1.68  1.58  1.55  1.58  1.63  1.98  1.99
SKEW       .99   .77   .80   .66   .54   .45   .64   .69   .88   .87   .91  1.22
% WNW     1.66  1.96  2.59  4.37  5.76  6.11  6.10  5.48  4.00  2.75  1.72  1.93
MEAN      2.80  3.32  3.36  3.80  3.79  3.72  3.42  3.23  3.01  3.07  3.18  3.06
STD DEV   1.29  1.67  1.63  1.83  1.73  1.62  1.47  1.45  1.45  1.61  1.69  1.58
SKEW       .97  1.15   .79   .48   .53   .48   .40   .59   .93  1.02   .85   .88
% NW      1.96  2.88  2.67  4.18  6.43  7.52  8.99  7.52  5.51  3.82  2.17  1.97
MEAN      2.51  2.76  2.93  3.18  3.31  3.38  3.36  3.21  2.88  2.70  2.50  2.62
STD DEV   1.15  1.17  1.21  1.42  1.49  1.45  1.43  1.39  1.20  1.19  1.09  1.26
SKEW       .57   .32   .42   .56   .61   .40   .34   .41   .58   .54   .63  1.06
% NNW     3.11  3.36  3.29  6.33  8.63  9.46 12.36  8.99 10.34  5.51  2.99  2.50
MEAN      2.62  2.98  2.98  2.99  3.27  3.34  3.31  3.13  3.08  2.93  2.56  2.36
STD DEV    .99  1.32  1.35  1.27  1.30  1.41  1.35  1.32  1.27  1.21  1.09   .96
SKEW       .30   .78   .50   .57   .45   .45   .39   .35   .48   .62   .57   .47
CALM      9.69 11.86  9.37 10.06  9.02  8.06  9.87 11.98 13.36 14.42 13.73 10.23
 
INTERPOLATED DATA (station & weighting factor)
 
---Wind Stations---
OLYMPIA       WA     .427  TOLEDO        WA     .423  HOQUIAM       WA     .150
---Solar Radiation and Max .5 P Stations---
 WA CENTRALIA 1 W    .910   WA CINEBAR 2 E      .055   WA MONTESANO 1 S    .035 
---Dewpoint Stations---
WA OLYMPIA AP        .654  OR ASTORIA           .203  OR PORTLAND INTL AP  .143 
---Time Peak Stations---
WA CENTRALIA 1 W     .912  WA CINEBAR 2 E       .053  WA MONTESANO 1 S     .035 
