 LACCROSSE 3 ESE WA                      454338 0
 LATT=  46.80 LONG=-117.82 YEARS= 40. TYPE= 3
 ELEVATION = 1550. TP5 =  .91 TP6= 1.69
 MEAN P    .13   .12   .13   .14   .14   .14   .12   .12   .13   .13   .14   .15
 S DEV P   .16   .15   .15   .18   .19   .16   .15   .15   .14   .18   .16   .17
 SKEW  P  2.09  3.48  1.68  2.83  2.66  2.46  2.34  1.73  1.92  2.99  2.58  2.05
 P(W/W)    .61   .61   .57   .44   .42   .43   .30   .33   .48   .50   .59   .62
 P(W/D)    .30   .26   .26   .25   .22   .17   .09   .08   .08   .16   .33   .32
 TMAX AV 38.20 45.23 54.12 62.45 71.12 79.67 89.50 88.31 78.75 63.74 47.21 37.57
 TMIN AV 24.56 27.49 31.33 35.91 41.26 47.34 52.25 51.45 43.70 34.99 29.83 24.16
 SD TMAX 10.26  8.96  7.44  8.54  9.17  9.05  8.21  8.32  9.63  9.33  9.18  9.73
 SD TMIN 11.37  9.24  7.21  7.39  7.12  6.56  6.74  6.88  7.34  8.60  9.66 10.52
 SOL.RAD   93.  178.  282.  395.  491.  562.  599.  515.  377.  228.  110.   74.
 SD SOL   14.5  33.6  30.9  60.0  45.6  59.4  50.3  36.9  32.0  25.9  17.6   9.4
 MX .5 P   .24   .22   .27   .29   .31   .30   .39   .40   .30   .27   .26   .25
 DEW PT  26.36 28.72 32.03 35.39 40.72 45.02 46.00 44.65 41.34 37.03 32.03 26.72
Time Pk   .691  .886  .937  .971  .971  .971  .994  .994  .994  .994  .997 1.000
% N       1.89  2.20  2.35  2.70  3.19  3.70  4.43  3.32  3.38  2.24  2.19  1.87
MEAN      2.67  2.61  3.07  3.20  3.11  3.19  3.18  3.00  3.07  2.58  2.72  2.35
STD DEV   1.37  1.20  1.45  1.39  1.31  1.32  1.33  1.28  1.36  1.12  1.20   .94
SKEW      1.75  1.48   .84   .88   .80   .85   .75   .64   .83   .94   .77   .80
% NNE     2.83  2.47  2.13  2.51  2.55  2.86  3.53  2.86  3.08  2.07  2.44  2.53
MEAN      2.74  3.04  3.38  3.78  3.56  3.62  3.56  3.01  3.52  2.59  2.53  2.77
STD DEV   1.35  1.26  1.82  1.83  1.47  1.56  1.45  1.19  1.61  1.11   .99  1.13
SKEW      1.29   .53  1.18   .98   .66   .53   .60   .80   .85   .65   .54  1.08
% NE      5.61  5.49  5.10  5.15  5.70  5.87  6.06  5.19  5.51  4.65  5.17  4.86
MEAN      2.87  3.08  3.34  3.59  3.41  3.27  3.13  2.90  3.18  2.83  2.76  2.69
STD DEV   1.38  1.49  1.71  1.67  1.49  1.34  1.36  1.19  1.46  1.18  1.10  1.19
SKEW      1.72  1.23  1.21   .80   .94   .78   .79   .65  1.08   .69   .57   .90
% ENE     4.82  4.77  5.37  4.32  4.32  4.48  4.67  3.96  5.18  5.48  5.42  5.10
MEAN      3.09  3.27  3.53  3.49  3.36  3.39  3.22  3.07  3.28  3.14  3.08  3.13
STD DEV   1.31  1.31  1.45  1.30  1.26  1.36  1.13  1.10  1.15  1.29  1.22  1.24
SKEW       .53   .80  1.00   .48   .66   .68   .61   .54   .53   .49   .45   .36
% E       7.85  8.11  8.74  8.30  7.87  7.68  8.66  8.02 10.66 10.58  9.09  7.83
MEAN      2.95  3.01  3.18  3.18  3.10  2.99  2.93  2.84  2.89  2.90  2.94  2.96
STD DEV   1.20  1.22  1.26  1.27  1.23  1.21  1.10  1.07  1.12  1.19  1.20  1.23
SKEW       .69   .60   .55   .76   .77   .94   .53   .65   .83   .69   .62   .58
% ESE     3.15  3.22  3.47  2.94  2.63  2.66  2.82  2.90  3.49  3.83  3.40  3.31
MEAN      3.00  3.05  3.14  2.79  2.93  2.76  2.70  2.64  2.67  2.72  2.78  3.01
STD DEV   1.27  1.43  1.36  1.03  1.15  1.06   .96   .88   .93  1.06  1.10  1.31
SKEW       .75  1.01  1.17   .68   .76   .60   .51   .63   .44   .74   .74   .85
% SE      6.74  6.09  5.90  4.68  4.59  4.13  3.83  4.65  5.14  6.10  6.24  5.59
MEAN      3.72  3.46  3.40  2.91  2.80  2.75  2.65  2.62  2.68  2.77  3.23  3.57
STD DEV   2.31  2.06  1.66  1.33  1.13  1.03   .99  1.01  1.10  1.21  1.87  2.09
SKEW      1.28  1.37  1.10  1.03  1.00   .56   .56   .76  1.19  1.40  1.48  1.32
% SSE     7.46  6.60  5.66  4.66  4.77  4.32  3.78  4.66  4.29  5.05  6.17  6.95
MEAN      4.45  4.12  3.81  3.42  3.23  3.17  2.98  3.01  2.93  3.16  3.91  4.39
STD DEV   2.58  2.25  1.87  1.53  1.31  1.30  1.13  1.19  1.11  1.49  2.22  2.46
SKEW      1.24  1.13   .99  1.17   .89   .86   .98   .96   .99  1.15  1.39  1.00
% S      12.82 12.13 10.98 10.63 11.18 11.34  9.53 10.48  8.95 10.61 11.19 12.18
MEAN      4.49  4.32  4.20  3.84  3.75  3.63  3.45  3.34  3.35  3.64  4.12  4.54
STD DEV   2.53  2.33  2.09  1.66  1.66  1.53  1.53  1.41  1.42  1.77  2.27  2.55
SKEW      1.01   .82   .97   .80  1.03   .87  1.01   .87   .93  1.17  1.01   .94
% SSW     8.34  9.04  9.27  8.90  8.99  9.61  8.00  8.31  6.76  7.59  7.60  8.88
MEAN      5.43  5.52  5.18  4.65  4.31  4.15  3.93  3.87  3.89  4.51  5.29  5.82
STD DEV   2.80  2.67  2.53  1.94  1.76  1.63  1.64  1.71  1.55  2.28  2.79  3.01
SKEW       .57   .51   .70   .54   .48   .63   .72   .85   .49   .75   .54   .71
% SW      7.01  8.35 10.11 10.77  9.77 10.56  9.98  9.94  8.07  7.41  7.11  7.52
MEAN      4.89  5.04  5.29  4.94  4.46  4.19  3.83  3.76  4.04  4.42  4.97  5.12
STD DEV   2.86  2.75  2.78  2.38  2.12  1.81  1.57  1.65  1.95  2.30  2.73  3.01
SKEW       .83   .75   .88   .72   .85   .67   .56   .85   .96   .94   .80   .98
% WSW     2.95  3.70  5.15  6.07  4.84  5.48  6.15  5.60  4.94  3.47  3.35  3.27
MEAN      4.64  5.10  6.16  5.97  4.62  4.88  4.19  4.01  4.53  4.60  5.01  5.06
STD DEV   2.92  2.93  3.37  2.92  2.30  2.51  1.97  1.75  2.45  2.54  3.05  2.99
SKEW      1.10   .72   .65   .57   .82   .96  1.30   .66  1.13   .89   .97   .78
% W       4.42  5.45  6.44  7.13  6.37  5.39  5.47  5.96  5.85  4.82  4.82  4.35
MEAN      3.73  4.13  4.79  4.89  4.12  4.16  3.96  3.77  3.97  3.87  3.90  3.85
STD DEV   2.30  2.56  2.77  2.82  2.28  2.22  2.03  1.99  2.18  2.30  2.46  2.25
SKEW      1.47  1.23   .86   .88  1.09  1.13  1.06  1.11  1.11  1.39  1.15  1.08
% WNW     1.97  2.60  2.94  4.06  3.78  3.15  3.34  4.22  3.55  2.48  2.27  1.82
MEAN      3.68  3.77  4.52  4.36  4.13  4.01  4.27  3.90  4.08  3.67  3.72  3.44
STD DEV   1.89  1.96  2.21  2.00  2.09  1.95  1.96  1.83  2.04  1.84  2.02  1.81
SKEW       .80   .85   .69   .45   .99  1.02   .62  1.06  1.11  1.02   .75  1.25
% NW      2.01  2.48  2.73  3.67  4.33  4.15  4.85  5.04  4.03  2.61  2.01  1.87
MEAN      2.78  3.34  3.63  3.65  3.45  3.45  3.65  3.54  3.53  2.90  3.20  2.78
STD DEV   1.56  1.83  1.82  1.80  1.65  1.65  1.61  1.58  1.71  1.29  1.90  1.42
SKEW      1.41  1.20   .92   .99  1.09  1.06   .62   .62   .94   .80  1.54  1.09
% NNW      .94  1.11  1.37  1.59  1.94  2.03  2.33  2.19  1.82  1.24  1.09   .83
MEAN      2.62  2.76  3.76  3.50  3.31  3.44  3.58  3.42  3.37  2.68  2.65  2.66
STD DEV   1.07  1.28  2.12  1.79  1.49  1.32  1.47  1.49  1.49  1.02  1.14  1.04
SKEW       .82  1.93  1.18  1.07   .86   .62   .62   .66   .79  1.25  1.16  1.10
CALM     19.13 16.24 12.31 11.95 13.19 12.55 12.49 12.65 15.36 19.71 20.41 21.27
 
INTERPOLATED DATA (station & weighting factor)
 
---Wind Stations---
LEWISTON      ID     .368  WALLA WALLA   WA     .330  SPOKANE       WA     .302
---Solar Radiation and Max .5 P Stations---
 WA DAYTON 1 WSW     .369   WA LIND 3 NE        .332   ID MOSCOW 5 NE      .299 
---Dewpoint Stations---
ID LEWISTON NEZ PER  .362  WA WALLA WALLA RGNL  .327  WA FAIRCHILD AFB     .311 
---Time Peak Stations---
WA DAYTON 1 WSW      .360  WA LIND 3 NE         .344  ID MOSCOW 5 NE       .296 
