 MOXEE CITY 10 E WA                      455688 0
 LATT=  46.52 LONG=-120.17 YEARS= 40. TYPE= 3
 ELEVATION = 1550. TP5 =  .89 TP6= 1.70
 MEAN P    .14   .10   .11   .15   .15   .17   .13   .22   .13   .14   .13   .15
 S DEV P   .13   .10   .12   .19   .19   .23   .19   .43   .16   .15   .15   .17
 SKEW  P  1.94  1.69  2.22  3.48  3.19  3.89  3.88  4.54  2.48  2.91  2.67  2.79
 P(W/W)    .41   .43   .39   .31   .30   .29   .23   .17   .28   .35   .34   .42
 P(W/D)    .14   .12   .12   .12   .13   .09   .04   .05   .06   .09   .18   .16
 TMAX AV 36.80 44.53 54.13 62.07 70.40 78.19 86.62 85.19 76.99 62.63 46.43 35.96
 TMIN AV 23.57 27.13 31.07 35.42 41.47 47.83 53.01 52.37 46.04 36.89 29.26 22.94
 SD TMAX  9.85  8.64  7.13  7.46  8.49  8.07  7.64  7.28  8.30  8.26  9.40  9.38
 SD TMIN  8.82  7.27  6.19  6.66  7.22  6.52  6.19  5.89  6.48  7.21  8.61  8.75
 SOL.RAD   98.  193.  307.  427.  522.  594.  624.  536.  400.  244.  119.   76.
 SD SOL   16.2  31.9  28.2  40.3  36.0  40.7  36.5  27.2  22.7  16.3  13.3  10.2
 MX .5 P   .28   .24   .27   .27   .28   .30   .40   .42   .31   .27   .27   .31
 DEW PT  25.43 27.99 30.99 33.81 38.81 43.81 47.64 48.26 43.46 36.81 31.19 24.81
Time Pk   .696  .878  .923  .949  .949  .949  .985  .988  .988  .993  .998 1.000
% N       4.66  4.39  4.69  5.29  6.53  6.11  5.69  5.69  4.71  4.00  3.46  3.91
MEAN      2.54  2.83  2.83  3.33  3.40  3.36  3.17  3.04  2.86  2.58  2.45  2.47
STD DEV   1.13  1.36  1.39  1.68  1.52  1.54  1.49  1.30  1.32  1.28  1.17  1.08
SKEW       .71   .93   .96  1.00   .63   .83   .88   .75   .79  1.26   .76   .71
% NNE     1.57  1.59  1.78  2.01  2.13  1.76  1.55  1.52  1.81  1.92  1.66  1.50
MEAN      3.02  3.19  3.26  3.32  3.49  3.05  2.80  2.54  2.83  2.49  2.66  2.50
STD DEV   1.27  1.28  1.56  1.68  1.58  1.49  1.10  1.01  1.22  1.05  1.03  1.05
SKEW      1.29  1.31   .85   .84   .69   .83   .30   .72   .74  1.14   .84   .98
% NE      3.69  3.29  3.43  3.09  3.64  2.71  2.68  2.69  3.64  3.44  3.12  3.52
MEAN      2.41  2.53  2.80  2.91  3.13  2.76  2.50  2.50  2.52  2.35  2.21  2.29
STD DEV   1.21  1.46  1.40  1.34  1.60  1.16   .89   .98  1.26   .98   .91  1.08
SKEW      1.55  1.56   .95   .85  1.46   .89   .53  1.14  1.49  1.00   .37  1.22
% ENE     2.09  1.93  1.92  2.43  1.85  1.62  1.85  1.80  2.16  2.13  2.11  2.14
MEAN      2.41  2.23  3.21  2.76  2.90  2.83  2.52  2.68  2.70  2.36  2.35  2.01
STD DEV    .89   .88  1.19  1.22  1.26  1.15   .97  1.04  1.07   .93   .75   .77
SKEW      1.02   .78  1.02  1.26   .87   .98   .89   .72   .65  1.07   .63   .61
% E       6.29  5.70  4.67  3.99  3.40  3.00  3.40  3.39  4.31  4.42  5.22  5.53
MEAN      2.42  2.46  2.73  2.69  2.73  2.71  2.60  2.60  2.58  2.35  2.35  2.36
STD DEV   1.08  1.00  1.16  1.20  1.15  1.14   .90   .98  1.00   .88   .97   .95
SKEW      1.13   .90   .81   .93   .95  1.18   .51   .64   .62   .73   .81   .75
% ESE     2.03  1.91  1.91  2.03  1.79  1.89  1.80  2.33  2.17  2.21  2.95  2.28
MEAN      2.54  2.44  2.91  2.77  3.05  2.95  2.65  2.65  2.50  2.48  2.59  2.59
STD DEV   1.06   .87  1.05  1.12  1.23  1.15   .81   .96   .87   .88  1.13  1.14
SKEW       .74   .75   .47   .68   .47   .39   .42   .73   .73   .59  1.06   .83
% SE      3.93  3.88  3.86  3.56  2.63  2.50  2.81  3.16  3.20  3.49  3.96  3.95
MEAN      2.22  2.53  2.84  2.83  2.83  2.76  2.62  2.70  2.58  2.35  2.44  2.26
STD DEV   1.12  1.15  1.25  1.19  1.17  1.11  1.09  1.09   .94   .95  1.05  1.02
SKEW      1.09   .92   .72   .73   .63   .77  1.07  1.24   .64   .56   .81  1.16
% SSE     1.95  1.97  2.50  2.54  2.43  2.02  1.94  2.12  2.46  2.98  2.89  2.03
MEAN      2.51  3.13  3.14  3.13  2.92  2.76  2.72  2.72  2.62  2.75  2.75  2.62
STD DEV   1.39  1.52  1.38  1.36  1.29  1.11  1.05  1.07   .96  1.23  1.45  1.41
SKEW      1.12   .88  1.01   .91   .90   .75   .86  1.16   .61  1.11  1.34  1.04
% S       4.49  4.47  5.58  4.97  4.41  4.02  3.68  3.46  4.01  4.14  4.67  3.67
MEAN      3.08  3.03  3.86  3.58  3.19  3.11  3.06  2.90  2.88  3.00  3.36  2.70
STD DEV   2.30  2.07  2.58  2.10  1.87  1.57  1.60  1.33  1.45  1.96  2.50  2.02
SKEW      1.48  1.95  1.58  1.36  1.64  1.56  1.41  1.08  1.37  1.52  1.66  2.02
% SSW     2.52  2.44  3.60  3.80  3.38  3.11  3.22  3.43  2.99  3.05  3.95  2.30
MEAN      4.47  4.12  5.08  4.73  3.95  3.47  3.52  3.20  3.76  4.05  3.87  3.84
STD DEV   2.91  2.95  3.10  2.84  2.20  1.78  1.75  1.64  2.22  2.42  2.50  2.65
SKEW       .85  1.06   .91  1.10   .89  1.24   .94  1.37  1.00   .55  1.11   .93
% SW      7.18  7.82  9.78  7.72  5.99  5.96  5.54  5.00  4.90  4.87  5.43  5.46
MEAN      3.45  3.63  4.23  4.36  3.61  3.40  3.13  3.29  3.31  3.81  3.79  3.11
STD DEV   2.39  2.54  2.52  2.75  1.91  1.77  1.52  1.61  1.76  2.34  2.35  2.02
SKEW      1.55  1.51  1.05  1.17  1.38  1.48  1.25  1.68  1.49  1.10  1.14  1.59
% WSW     4.93  5.14  4.37  4.88  4.11  4.91  4.01  4.22  4.00  3.45  5.26  4.78
MEAN      3.57  4.00  3.99  4.33  3.69  3.45  3.49  3.21  3.54  3.08  3.42  3.53
STD DEV   1.66  1.92  1.93  2.56  1.85  1.49  1.51  1.30  1.64  1.58  1.56  1.97
SKEW      1.19  1.39  1.30  1.53  1.37   .97   .99   .77  1.42  1.05  1.40  1.23
% W      15.02 15.65 13.82 12.62 10.64 10.41 11.56 11.20 12.69 12.17 11.48 13.71
MEAN      2.89  3.08  3.66  4.01  3.94  3.99  3.79  3.31  3.89  3.22  2.92  2.83
STD DEV   1.67  1.94  2.18  2.47  2.26  2.17  1.94  1.48  2.13  1.76  1.63  1.64
SKEW      1.82  2.28  1.62  1.61  1.72  1.62   .98  1.13  1.56  1.71  1.63  2.00
% WNW     9.42 11.09 13.43 14.11 15.41 15.25 15.44 16.24 17.15 15.32 11.44  9.86
MEAN      3.58  4.00  5.48  5.90  5.50  5.58  5.34  4.89  5.04  4.26  4.01  3.64
STD DEV   2.19  2.56  2.59  3.06  2.80  2.48  2.20  2.03  2.41  2.13  2.26  1.91
SKEW      1.81  1.42  1.03  1.00  1.02   .84  1.09   .90  1.23  1.17  1.64  1.44
% NW      9.34 11.54 13.40 15.25 18.69 20.47 20.51 18.76 13.53 11.54  9.54  9.79
MEAN      3.41  4.15  4.79  5.32  5.41  5.56  5.32  4.80  4.64  4.10  3.71  3.57
STD DEV   2.20  2.37  2.78  2.86  2.51  2.67  2.42  2.01  2.24  2.11  2.21  1.93
SKEW      2.04  1.19  1.16  1.01   .84   .80   .69   .80   .98  1.40  1.66  1.13
% NNW     2.86  3.71  4.19  6.30  7.77  9.37  8.85  8.88  5.44  4.45  3.54  3.52
MEAN      2.56  3.89  4.00  4.81  4.50  4.50  4.72  4.45  3.98  3.49  3.22  3.00
STD DEV   1.28  2.30  2.12  2.62  2.32  2.36  2.19  2.15  2.07  1.93  1.89  1.80
SKEW      1.04   .87   .68   .68   .67   .76   .49   .86   .82  1.01  1.28  1.29
CALM     18.13 13.51  7.16  5.38  5.16  4.86  5.45  6.17 10.69 16.44 19.41 21.94
 
INTERPOLATED DATA (station & weighting factor)
 
---Wind Stations---
YAKIMA        WA     .563  ELLENSBURG    WA     .254  PASCO         WA     .182
---Solar Radiation and Max .5 P Stations---
 WA ELLENSBURG       .522   WA MT ADAMS RS      .251   WA LIND 3 NE        .227 
---Dewpoint Stations---
WA YAKIMA AIR TERMI  .619  WA PASCO TRI CITIES  .203  WA MOSES LAKE GRANT  .177 
---Time Peak Stations---
WA ELLENSBURG        .526  WA MT ADAMS RS       .250  WA LIND 3 NE         .224 
