 KENOSHA WI                              474174 0
 LATT=  42.58 LONG= -87.83 YEARS= 40. TYPE= 3
 ELEVATION =  620. TP5 = 2.26 TP6= 5.12
 MEAN P    .17   .19   .26   .33   .33   .36   .40   .41   .39   .29   .25   .22
 S DEV P   .24   .26   .34   .41   .42   .50   .47   .57   .52   .39   .34   .32
 SKEW  P  2.72  2.35  2.73  2.01  2.40  3.32  2.10  3.16  2.64  2.93  2.52  3.30
 P(W/W)    .43   .40   .46   .49   .46   .44   .38   .42   .42   .44   .48   .45
 P(W/D)    .27   .23   .25   .32   .30   .27   .26   .26   .23   .24   .27   .25
 TMAX AV 29.76 33.34 42.63 52.55 62.76 73.14 79.48 78.15 71.14 59.56 47.05 34.47
 TMIN AV 14.74 18.65 27.57 36.74 45.84 55.67 62.68 62.11 54.22 42.84 31.76 19.93
 SD TMAX 11.28 10.44 11.29 11.30 10.82  9.74  7.84  6.46  8.17  9.16 10.03 10.81
 SD TMIN 13.21 11.66  9.57  6.74  6.54  6.69  5.96  5.89  7.76  7.99  9.61 12.07
 SOL.RAD  118.  196.  295.  382.  454.  518.  510.  435.  351.  223.  129.   98.
 SD SOL   17.4  27.8  40.0  47.7  48.2  46.2  41.5  35.2  31.2  20.9  21.2  17.6
 MX .5 P   .30   .36   .42   .61   .85  1.23  1.42  1.23   .92   .57   .47   .33
 DEW PT  15.39 18.80 25.97 34.50 44.65 55.32 61.32 61.32 53.32 41.47 30.94 20.77
Time Pk   .520  .696  .766  .840  .854  .864  .946  .956  .959  .976  .987 1.000
% N       4.65  6.58  6.98  5.52  4.91  4.83  4.16  4.28  5.33  4.23  5.32  5.09
MEAN      5.13  5.29  5.68  5.94  4.92  4.44  4.24  4.22  4.63  5.31  5.32  5.10
STD DEV   2.18  2.27  2.66  2.72  2.32  2.37  2.10  1.91  2.01  2.19  2.20  2.24
SKEW       .57   .60   .54   .35   .49   .86   .70   .67   .60   .44   .34   .46
% NNE     2.30  4.05  7.11  8.32 11.01  8.15  6.00  5.82  4.79  3.84  2.79  1.83
MEAN      5.13  5.62  6.22  6.37  5.66  4.98  4.77  4.61  4.80  5.10  5.34  5.26
STD DEV   2.11  2.47  2.47  2.49  2.39  2.14  1.95  1.85  2.07  2.25  2.45  2.32
SKEW       .39   .56   .27   .07   .25   .39   .36   .42   .52   .60   .25   .74
% NE      2.20  3.28  6.01  8.07  8.92  7.47  6.91  6.03  4.31  3.66  2.89  2.10
MEAN      5.48  5.10  5.44  5.36  4.59  4.51  4.26  4.49  4.53  4.74  4.82  5.59
STD DEV   2.32  2.34  2.14  2.37  1.94  1.84  1.69  1.90  1.75  1.97  2.37  2.57
SKEW       .12   .36   .31   .51   .42   .41   .45   .68   .57   .38   .90   .06
% ENE     1.62  3.87  4.50  5.03  5.38  4.83  4.13  4.27  3.76  2.21  2.00  1.97
MEAN      4.67  5.40  5.29  5.00  4.26  3.86  3.88  4.09  4.42  4.26  5.00  5.71
STD DEV   1.84  2.19  2.11  2.06  1.58  1.53  1.41  1.38  1.69  1.80  2.12  2.35
SKEW       .62   .51   .44   .41   .63   .72   .49   .45   .27   .40   .55   .00
% E       1.79  3.41  3.86  6.39  5.85  4.74  4.59  4.69  3.78  2.94  2.02  2.78
MEAN      4.99  5.24  5.24  4.84  3.96  3.73  3.72  3.63  3.97  3.92  4.75  5.25
STD DEV   2.10  2.14  2.09  2.11  1.48  1.31  1.33  1.33  1.45  1.58  2.07  2.08
SKEW       .30   .56   .33   .58   .55   .02   .52   .33   .02   .39   .35   .06
% ESE     2.32  2.34  3.32  5.39  4.66  4.04  4.29  3.49  3.43  3.11  1.60  1.78
MEAN      5.19  5.14  4.96  4.94  4.31  3.86  4.05  3.98  4.17  4.40  4.60  4.99
STD DEV   2.24  2.08  2.21  2.11  1.69  1.55  1.42  1.37  1.53  1.61  1.96  1.83
SKEW       .31   .69   .62   .57   .49   .64  -.04   .10   .46   .28   .16  -.04
% SE      3.09  2.86  4.33  5.52  6.49  5.94  5.03  5.12  5.01  4.65  2.71  3.05
MEAN      5.18  4.63  4.94  4.95  4.71  4.04  3.86  3.86  4.37  4.62  4.81  5.63
STD DEV   2.31  1.80  1.90  2.11  1.90  1.75  1.61  1.38  1.68  1.80  2.07  2.22
SKEW       .27   .51   .41   .25   .27   .63   .56   .06   .24   .45   .35   .11
% SSE     3.36  2.38  3.26  4.30  4.34  4.20  3.71  3.25  4.88  5.64  3.25  3.60
MEAN      5.27  5.27  5.13  4.98  4.34  4.00  3.81  3.63  4.55  4.93  4.83  5.09
STD DEV   2.35  2.31  2.12  2.17  1.95  2.02  1.69  1.46  2.15  2.10  2.00  2.09
SKEW       .55   .27   .20   .42   .58   .94   .58   .42   .32   .46   .26   .15
% S       7.34  5.59  6.56  6.96  6.38  8.77  7.87  7.01 10.48 11.42  9.56  8.21
MEAN      5.12  5.05  5.05  4.92  4.64  4.05  4.01  3.70  4.54  4.82  4.95  5.14
STD DEV   2.36  2.18  2.42  2.32  2.20  1.94  1.83  1.68  1.92  2.16  2.12  2.24
SKEW       .57   .28   .62   .58   .56   .80   .74   .79   .69   .63   .48   .64
% SSW     6.93  5.64  4.58  6.07  6.37  7.62  7.49  8.50  8.64  9.68  8.36  7.55
MEAN      5.66  5.57  5.52  5.92  5.35  4.54  4.36  4.14  4.76  5.20  5.40  5.31
STD DEV   2.42  2.30  2.45  2.52  2.18  1.92  1.93  1.84  2.16  2.19  2.43  2.27
SKEW       .22   .15   .36   .28   .35   .46   .61   .70   .66   .25  1.03   .28
% SW      8.00  6.02  4.58  5.57  6.87  8.42  9.81 11.13  8.57  9.46  9.00  7.94
MEAN      5.13  4.92  5.53  5.74  5.30  4.73  4.26  4.30  4.40  4.86  4.94  5.17
STD DEV   2.23  2.24  2.46  2.67  2.53  2.02  1.87  1.85  2.00  2.16  2.40  2.41
SKEW       .60   .70   .59   .36   .65   .57   .54   .70   .44   .42  1.29   .65
% WSW     9.12  7.64  5.70  5.42  6.41  7.24  8.48  8.85  7.03  7.54  8.77  9.06
MEAN      5.36  5.79  5.78  5.84  5.69  5.01  4.43  4.27  4.52  4.76  5.35  5.44
STD DEV   2.39  2.96  2.86  2.66  2.64  2.23  1.96  1.98  2.14  2.14  2.49  2.57
SKEW       .81   .99   .73   .32   .74   .58   .59   .53   .50   .43   .64   .96
% W      15.23 11.55  9.48  8.34  6.56  8.30  8.97  8.01  7.82  9.01 13.06 12.83
MEAN      5.36  5.20  5.11  5.94  5.36  4.65  4.26  3.84  4.23  4.79  5.42  5.13
STD DEV   2.36  2.54  2.45  2.66  2.50  2.07  2.00  1.94  2.07  2.22  2.50  2.44
SKEW       .52   .80   .63   .32   .38   .46   .76   .79   .73   .59   .72   .80
% WNW    14.44 12.66 10.66  7.15  5.49  5.75  6.70  5.66  7.37  7.52 11.51 13.56
MEAN      5.64  5.38  5.32  5.69  5.13  4.79  4.41  3.91  4.46  5.10  5.52  5.42
STD DEV   2.31  2.33  2.39  2.45  2.20  2.12  2.01  1.86  2.02  2.29  2.49  2.30
SKEW       .26   .42   .58   .28   .43   .39   .62   .94   .61   .46   .53   .35
% NW      8.88 10.89  8.76  4.82  3.76  3.03  4.07  4.22  5.70  5.79  7.77  8.88
MEAN      5.25  5.40  5.59  5.45  4.64  4.37  4.09  3.79  4.42  5.00  5.42  5.28
STD DEV   2.26  2.19  2.29  2.30  2.17  2.02  1.91  1.72  1.91  2.19  2.17  2.20
SKEW       .52   .20   .23   .20   .53   .56   .53   .69   .43   .33   .31   .24
% NNW     6.61  8.66  7.47  4.28  3.11  2.71  2.76  3.56  4.25  5.33  6.29  6.81
MEAN      5.12  5.17  5.20  5.70  4.53  3.80  3.55  4.10  4.61  5.05  5.33  5.03
STD DEV   2.06  2.09  2.29  2.32  1.96  1.64  1.79  1.68  1.80  1.89  2.09  2.15
SKEW       .31   .48   .51   .07   .39   .39   .95   .43   .39   .24   .27   .53
CALM      2.02  2.56  2.80  2.85  3.51  3.91  5.07  6.09  4.80  4.03  3.13  2.99
 
INTERPOLATED DATA (station & weighting factor)
 
---Wind Stations---
MILWAUKEE     WI     .371  MILWAUKEE     WI     .371  GLENVIEW      IL     .257
---Solar Radiation and Max .5 P Stations---
 IL BELVIDERE        .411   WI HORICON          .327   MI GRAND HAVEN WWT  .263 
---Dewpoint Stations---
WI MILWAUKEE MITCHE  .528  IL CHICAGO OHARE IN  .323  MI MUSKEGON CO AP    .149 
---Time Peak Stations---
IL BELVIDERE         .410  WI HORICON           .328  MI GRAND HAVEN WWTP  .262 
