 PARK FALLS WI                           476398 0
 LATT=  45.93 LONG= -90.45 YEARS= 40. TYPE= 3
 ELEVATION = 1520. TP5 = 2.24 TP6= 4.90
 MEAN P    .10   .11   .18   .25   .28   .35   .39   .37   .32   .28   .21   .12
 S DEV P   .15   .15   .25   .28   .33   .40   .51   .53   .47   .40   .31   .15
 SKEW  P  4.86  3.45  2.81  2.09  1.75  2.07  2.76  2.93  3.06  3.06  4.28  2.89
 P(W/W)    .40   .35   .40   .51   .48   .50   .34   .38   .53   .49   .49   .41
 P(W/D)    .26   .22   .26   .26   .26   .27   .28   .27   .27   .29   .20   .23
 TMAX AV 20.20 26.30 37.72 52.24 66.12 73.50 78.35 75.43 66.68 53.41 37.73 23.85
 TMIN AV  1.68  5.72 17.20 30.33 42.73 51.51 56.81 54.09 45.63 34.36 22.58  7.94
 SD TMAX 11.44 11.57 12.17 12.62 10.66  8.20  6.87  7.08  9.73 10.98 11.15 11.14
 SD TMIN 14.70 14.99 13.34  9.34  9.43  7.66  6.62  7.12  8.89  8.54 10.49 14.08
 SOL.RAD  111.  182.  273.  383.  468.  514.  522.  437.  325.  196.  109.   86.
 SD SOL   15.8  24.3  42.1  55.9  44.1  42.3  26.9  31.8  26.7  20.4  17.0  16.4
 MX .5 P   .29   .27   .33   .45   .72  1.03  1.17  1.05   .81   .52   .32   .25
 DEW PT   7.49 10.66 19.49 28.49 39.60 51.33 57.55 56.83 48.72 35.99 24.27 12.76
Time Pk   .525  .708  .778  .847  .854  .860  .946  .957  .967  .974  .990 1.000
% N       3.75  4.76  4.39  4.21  4.13  2.50  2.45  3.30  2.80  3.34  3.57  3.59
MEAN      4.11  4.33  4.47  4.69  4.64  4.07  3.51  3.63  3.71  4.13  4.61  3.98
STD DEV   2.10  1.88  2.01  2.00  1.98  1.85  1.73  1.65  1.76  2.03  2.31  1.71
SKEW      1.02   .51   .53   .54   .25   .45   .63   .47   .76   .71   .78   .47
% NNE     2.11  2.53  3.28  3.23  2.99  2.12  1.66  2.33  2.00  2.48  2.60  2.25
MEAN      3.75  4.33  4.60  4.95  4.53  4.25  3.71  3.76  3.92  4.15  4.63  3.79
STD DEV   1.61  1.91  2.04  2.11  1.85  1.77  1.49  1.59  1.72  1.66  2.05  1.50
SKEW       .44   .42   .60   .32   .29   .38   .23   .30   .55   .34   .70   .45
% NE      2.21  2.62  3.24  2.70  2.74  1.82  1.61  2.28  1.99  2.30  2.02  2.09
MEAN      3.79  4.51  4.89  5.00  4.37  3.81  3.53  3.52  3.62  3.91  4.20  4.11
STD DEV   1.80  2.29  2.31  2.55  2.14  1.82  1.66  1.72  1.69  1.65  1.94  2.09
SKEW       .47   .62   .48   .68   .56   .54   .46   .60   .66   .41   .54   .60
% ENE     2.39  4.40  6.68  7.02  7.27  4.70  4.15  4.83  4.22  3.75  3.01  2.87
MEAN      4.50  5.58  5.64  6.30  5.47  4.52  4.30  4.22  4.76  4.46  5.80  5.46
STD DEV   2.19  2.55  2.41  2.83  2.34  1.85  1.76  1.81  1.98  1.73  2.62  2.77
SKEW       .79   .56   .54   .68   .51   .35   .19   .55   .47   .21   .42   .62
% E       3.92  5.28  9.14 11.78 12.50 10.84  8.39  8.53  7.11  6.57  4.22  3.79
MEAN      4.52  4.96  5.42  5.86  5.09  4.44  4.03  4.06  4.43  4.40  5.07  5.13
STD DEV   2.46  2.41  2.69  2.61  2.22  1.89  1.76  1.76  1.90  1.89  2.48  2.60
SKEW      1.05   .69   .80   .63   .81   .55   .50   .47   .70   .55   .75   .70
% ESE     5.86  5.86  8.44  9.26 10.58  9.76  8.05  8.75  8.24  8.09  5.57  5.69
MEAN      5.11  5.02  5.33  5.49  5.21  4.43  4.06  4.10  4.41  4.52  5.11  5.36
STD DEV   2.34  2.35  2.54  2.32  2.11  1.73  1.62  1.59  1.88  1.87  2.43  2.39
SKEW       .65   .57   .84   .36   .43   .52   .46   .47   .72   .63   .86   .54
% SE      3.98  4.02  3.65  3.52  4.79  4.97  4.32  4.69  5.11  4.90  3.91  4.29
MEAN      4.15  4.33  4.27  4.39  4.41  3.94  3.55  3.69  3.88  4.04  4.36  4.49
STD DEV   1.89  1.94  1.96  1.89  1.96  1.57  1.53  1.55  1.60  1.76  1.89  1.97
SKEW       .39   .39   .45   .38   .62   .50   .48   .57   .52   .61   .42   .41
% SSE     3.55  3.39  2.94  3.00  3.85  4.39  4.54  4.56  5.18  5.53  4.49  3.83
MEAN      4.22  4.52  4.42  5.05  4.96  4.52  4.16  4.19  4.74  4.82  4.84  4.57
STD DEV   1.84  1.97  1.86  2.13  2.04  1.82  1.70  1.66  2.01  2.01  2.04  1.90
SKEW       .52   .31   .38   .40   .49   .43   .52   .40   .48   .47   .51   .44
% S       3.86  3.53  3.02  3.15  3.76  4.83  5.04  5.06  5.70  5.79  5.23  4.32
MEAN      4.13  4.31  4.18  4.90  4.84  4.41  4.16  4.11  4.68  4.80  4.67  4.30
STD DEV   1.87  2.06  1.95  2.33  2.16  1.89  1.72  1.74  1.92  2.06  1.99  1.89
SKEW       .61   .56   .40   .86   .45   .44   .31   .45   .33   .41   .47   .51
% SSW     4.53  3.64  2.60  2.97  4.44  5.59  6.25  6.39  6.50  5.86  6.25  4.66
MEAN      4.41  4.59  4.63  5.08  5.43  4.73  4.58  4.56  4.95  4.91  5.04  4.52
STD DEV   1.93  1.93  2.03  2.04  2.45  1.89  1.80  1.77  1.88  1.88  2.15  1.89
SKEW       .60   .32   .41   .27  1.18   .40   .45   .36   .36   .25   .58   .62
% SW      4.54  3.75  2.78  3.49  3.72  5.20  5.57  5.63  5.20  4.87  5.17  5.24
MEAN      4.20  4.46  4.70  5.30  5.08  4.60  4.24  4.35  4.58  4.80  4.50  4.51
STD DEV   1.83  2.10  2.25  2.26  2.21  2.03  1.75  1.73  1.88  2.06  1.97  2.01
SKEW       .38   .48   .50   .56   .32   .52   .41   .44   .32   .51   .53   .56
% WSW     6.28  4.72  3.56  4.43  4.52  6.45  5.93  5.26  6.13  5.16  6.31  6.19
MEAN      5.08  5.22  5.35  6.10  6.03  5.58  4.87  4.81  5.32  5.61  5.59  5.42
STD DEV   2.09  2.16  2.28  2.43  2.59  2.37  1.95  1.84  2.16  2.17  2.40  2.44
SKEW       .43   .48   .61   .51   .55   .47   .40   .29   .42   .24   .63   .99
% W       8.78  8.50  7.32  7.58  6.41  7.13  8.56  7.19  7.80  7.16  8.69  8.02
MEAN      5.40  5.12  5.36  6.16  6.04  5.52  4.64  4.56  5.15  5.64  5.78  5.30
STD DEV   2.58  2.33  2.53  2.63  2.71  2.49  2.05  2.02  2.40  2.56  2.46  2.28
SKEW       .97   .58   .63   .31   .51   .52   .53   .55   .81   .55   .41   .34
% WNW    16.63 15.28 13.61 12.59  9.58 11.14 12.65 10.01 12.29 11.90 15.29 15.98
MEAN      5.53  5.30  5.47  6.02  5.74  5.34  4.72  4.52  5.20  5.70  6.26  5.57
STD DEV   2.34  2.38  2.42  2.48  2.36  2.19  2.03  1.78  2.17  2.45  2.50  2.25
SKEW       .61   .72   .62   .37   .44   .49   .59   .52   .54   .52   .35   .43
% NW     13.51 12.85 10.62  9.53  8.08  8.02  8.93  8.78  7.93  8.80 10.35 13.46
MEAN      5.04  4.78  4.93  5.33  4.91  4.38  4.02  3.96  4.24  4.82  5.48  4.85
STD DEV   2.14  2.14  2.35  2.51  2.18  1.94  1.80  1.83  1.96  2.21  2.51  2.01
SKEW       .46   .43   .63   .65   .49   .59   .66   .90   .63   .64   .48   .49
% NNW     8.14  8.58  8.43  7.64  6.76  5.04  5.16  5.85  5.46  6.72  7.77  7.74
MEAN      5.11  5.03  5.51  5.67  5.27  4.48  4.00  4.13  4.46  5.10  5.82  5.02
STD DEV   2.24  2.07  2.40  2.42  2.15  2.01  1.71  1.85  1.95  2.34  2.72  2.03
SKEW       .52   .26   .55   .33   .32   .59   .66   .59   .47   .50   .74   .32
CALM      6.00  6.34  6.26  3.86  3.88  5.55  6.79  6.57  6.33  6.78  5.53  5.94
 
INTERPOLATED DATA (station & weighting factor)
 
---Wind Stations---
WAUSAU        WI     .412  DULUTH        MN     .323  HOUGHTON      MI     .265
---Solar Radiation and Max .5 P Stations---
 WI MERCER RS        .370   WI PRENTICE         .329   WI WINTER           .302 
---Dewpoint Stations---
WI EAU CLAIRE RGNL   .388  MN DULUTH            .336  MI HANCOCK HOUGHTON  .276 
---Time Peak Stations---
WI MERCER RS         .375  WI PRENTICE          .319  WI WINTER            .306 
