 ROMNEY WV                               467730 0
 LATT=  39.35 LONG= -78.75 YEARS= 40. TYPE= 3
 ELEVATION =  820. TP5 = 1.90 TP6= 3.93
 MEAN P    .27   .28   .33   .27   .29   .29   .37   .32   .35   .31   .29   .30
 S DEV P   .30   .36   .37   .31   .35   .35   .43   .40   .57   .42   .36   .36
 SKEW  P  1.98  2.96  2.11  2.01  2.19  2.20  2.08  2.45  4.48  2.80  2.37  2.38
 P(W/W)    .39   .38   .40   .52   .52   .49   .45   .45   .49   .50   .44   .38
 P(W/D)    .23   .20   .26   .28   .33   .30   .29   .27   .23   .20   .21   .21
 TMAX AV 39.86 44.19 54.04 66.02 75.13 82.86 86.67 85.08 78.31 66.84 55.60 43.84
 TMIN AV 20.13 21.40 29.26 38.02 47.68 56.50 61.00 59.51 51.92 39.76 31.16 23.81
 SD TMAX 11.54 11.90 13.26 12.64 10.10  7.55  6.20  6.67  8.35 10.26 11.24 10.91
 SD TMIN 10.97  9.82  9.26  8.48  8.39  6.95  6.03  6.34  8.30  9.05  8.97  9.42
 SOL.RAD  156.  229.  310.  406.  461.  496.  485.  443.  349.  269.  176.  140.
 SD SOL   19.1  38.1  28.6  32.4  50.8  41.4  25.6  23.7  31.2  29.5  25.9  17.6
 MX .5 P   .28   .28   .38   .42   .63   .90  1.25   .80   .75   .47   .43   .29
 DEW PT  20.84 22.56 29.00 37.44 49.62 59.17 63.46 62.73 55.73 43.46 33.46 25.28
Time Pk   .580  .740  .790  .870  .880  .880  .960  .970  .970  .980  .990 1.000
% N       5.65  6.40  5.96  5.88  7.29  5.75  5.29  5.20  5.43  6.18  3.93  5.29
MEAN      3.13  3.17  3.47  3.49  3.08  2.99  2.59  2.65  2.68  2.96  3.16  2.81
STD DEV   1.62  1.76  1.75  1.66  1.59  1.46  1.16  1.24  1.24  1.42  1.74  1.52
SKEW       .84  1.08   .74   .67  1.00   .92  1.01   .99   .94   .76   .87  1.12
% NNE     3.30  3.40  3.95  4.08  4.57  3.04  2.42  3.72  3.55  4.17  2.26  2.34
MEAN      3.36  3.45  3.71  3.51  3.29  3.02  2.92  2.89  3.10  3.51  3.53  3.17
STD DEV   1.61  1.57  1.69  1.67  1.42  1.37  1.38  1.34  1.42  1.63  1.69  1.53
SKEW       .63   .36   .47   .58   .54   .57  1.11   .95   .80   .64   .51   .64
% NE      3.37  3.63  3.86  3.34  4.25  3.75  4.24  4.05  3.66  4.31  2.46  2.97
MEAN      2.39  2.54  2.71  2.54  2.26  2.36  2.18  2.27  2.27  2.50  2.40  2.42
STD DEV   1.13  1.17  1.29  1.06  1.00  1.08   .85   .96   .89  1.16  1.04  1.27
SKEW      1.09  1.01  1.09   .55   .83  1.05   .45   .89   .74  1.14   .86  1.39
% ENE     1.14  1.23  1.21  1.63  2.17  2.19  1.92  2.97  2.27  1.87   .89   .72
MEAN      2.56  2.40  2.64  2.79  2.56  2.39  2.39  2.34  2.37  2.44  2.12  1.90
STD DEV   1.10   .96  1.31  1.23  1.06  1.03  1.01  1.01   .98   .99   .88   .68
SKEW       .56   .58   .95   .80   .81   .88   .98  1.04   .64   .65   .52   .62
% E       2.22  2.21  2.61  2.68  3.84  3.85  3.35  3.22  3.04  2.91  1.66  1.94
MEAN      2.27  2.41  2.79  2.65  2.46  2.18  2.30  2.21  2.17  2.28  2.21  2.29
STD DEV    .89  1.01  1.35  1.19  1.08   .92  1.12  1.00   .96   .97  1.07   .99
SKEW       .46   .31   .92   .67   .42   .84  1.21   .79   .66   .52  1.04   .39
% ESE     1.70  2.13  2.83  2.90  2.66  2.80  2.22  3.10  3.09  2.49  1.85  2.35
MEAN      2.91  3.03  3.24  3.15  2.79  2.74  2.58  2.44  2.71  2.78  3.00  2.98
STD DEV   1.09  1.13  1.35  1.32  1.09  1.07  1.00   .93  1.25  1.11  1.25  1.18
SKEW       .54   .77   .53   .74   .34   .59   .49   .25   .89   .59   .85   .47
% SE      5.34  4.89  5.28  5.30  6.29  7.54  7.32  5.61  6.45  6.58  6.08  5.26
MEAN      2.79  2.97  3.22  2.99  2.66  2.44  2.37  2.37  2.49  2.56  2.76  2.61
STD DEV   1.20  1.33  1.45  1.46  1.17  1.05   .93  1.05  1.07  1.09  1.19  1.12
SKEW       .42   .96   .92  1.41   .92  1.09   .60   .93   .82  1.12   .89   .94
% SSE     3.26  3.57  4.07  4.14  4.13  5.11  5.09  6.03  6.23  4.14  4.30  3.22
MEAN      3.17  3.65  3.72  3.71  3.23  3.16  2.69  2.63  2.96  2.96  3.41  3.09
STD DEV   1.54  1.68  1.79  1.82  1.49  1.56  1.15  1.14  1.41  1.45  1.63  1.43
SKEW       .79   .61   .66   .66   .61   .81   .81   .86   .87   .88   .66   .86
% S       5.12  4.40  3.77  4.79  4.85  6.41  6.28  5.32  5.47  4.47  5.40  4.35
MEAN      3.02  3.25  3.67  3.24  2.75  2.68  2.42  2.31  2.75  2.47  3.27  2.75
STD DEV   1.61  1.60  1.94  1.75  1.37  1.37  1.14  1.09  1.39  1.26  1.85  1.37
SKEW      1.04   .63   .65   .77   .86  1.00  1.13  1.18  1.00  1.20   .90   .95
% SSW     8.30  6.70  5.90  7.15  5.59  6.38  6.75  5.78  5.97  5.35  7.74  7.24
MEAN      4.10  4.08  4.28  4.50  3.19  2.99  2.94  2.78  3.18  3.10  3.95  3.92
STD DEV   1.91  1.84  2.10  2.09  1.60  1.30  1.29  1.30  1.73  1.50  1.85  1.88
SKEW       .43   .44   .48   .59   .97   .60   .61   .72   .96   .87   .48   .64
% SW      7.48  6.93  6.38  7.51  6.49  7.14  7.55  5.91  6.25  6.74  9.14  8.88
MEAN      3.36  3.47  3.63  3.76  2.93  2.72  2.70  2.68  2.65  2.69  3.24  3.11
STD DEV   1.72  1.86  1.99  1.98  1.56  1.25  1.25  1.30  1.34  1.40  1.75  1.58
SKEW       .96   .74   .75   .72   .95   .72   .85   .81   .95  1.03   .91  1.10
% WSW     4.98  5.00  6.06  5.45  3.53  3.88  3.33  2.81  2.85  3.03  5.05  5.71
MEAN      4.77  5.06  4.72  4.47  3.73  3.31  3.24  2.87  3.31  3.83  4.23  4.49
STD DEV   2.43  2.46  2.04  2.15  1.66  1.42  1.43  1.31  1.56  1.80  1.99  2.13
SKEW       .80   .49   .42   .70   .28   .62   .70   .59   .62   .38   .49   .65
% W       8.15  8.02  9.32  8.62  6.00  5.22  5.43  4.07  4.22  4.40  8.13  8.78
MEAN      4.69  4.93  5.20  4.73  3.91  3.31  3.10  2.74  3.15  3.46  4.44  4.47
STD DEV   2.48  2.41  2.37  2.14  1.93  1.60  1.44  1.23  1.60  1.89  2.20  2.20
SKEW       .67   .56   .46   .52   .52   .82   .70   .62   .70   .71   .54   .89
% WNW    10.13 11.01 11.53 10.24  6.02  4.54  4.52  3.85  4.43  5.22  9.01  9.40
MEAN      5.33  5.66  5.76  5.46  4.44  3.98  3.76  3.25  3.97  4.36  4.95  5.04
STD DEV   2.34  2.36  2.35  2.12  1.92  1.65  1.61  1.48  1.74  1.97  2.02  2.20
SKEW       .29   .50   .45   .24   .41   .19   .54   .83   .22   .22   .46   .53
% NW      9.95 11.63 10.86  9.72  9.62  7.18  6.69  5.98  6.71  8.45  9.98  9.81
MEAN      4.16  4.33  4.54  4.47  3.92  3.35  2.95  2.93  3.26  3.48  3.80  3.85
STD DEV   2.20  2.32  2.24  2.06  1.92  1.75  1.37  1.44  1.67  1.90  1.83  2.11
SKEW       .85   .74   .48   .43   .50   .92   .73   .92   .71   .81   .59   .95
% NNW     4.80  5.47  6.09  5.68  5.77  4.40  3.48  4.72  4.74  5.39  3.94  3.98
MEAN      4.16  4.55  4.47  4.49  4.16  3.96  3.38  3.36  3.39  3.90  3.79  3.78
STD DEV   2.02  2.06  2.01  1.86  1.98  1.79  1.54  1.50  1.58  1.83  1.79  1.97
SKEW       .78   .30   .42   .32   .45   .31   .66   .48   .52   .52   .48   .57
CALM     15.18 13.35 10.28 10.97 17.03 20.79 24.20 27.63 25.63 24.36 18.08 17.83
 
INTERPOLATED DATA (station & weighting factor)
 
---Wind Stations---
PETERSBURG    WV     .448  MARTINSBURG   WV     .339  MORGANTOWN    WV     .213
---Solar Radiation and Max .5 P Stations---
 WV ROMNEY          1.000   WV MOOREFIELD 1 SS  .000   VA STAR TANNERY     .000 
---Dewpoint Stations---
WV MARTINSBURG E WV  .444  WV MORGANTOWN HART   .284  WV ELKINS RANDOLPH   .272 
---Time Peak Stations---
WV ROMNEY           1.000  WV ROMNEY 3 NNE      .000  WV MOOREFIELD        .000 
