 CLARKSBURG 1 WV                         461677 0
 LATT=  39.27 LONG= -80.35 YEARS= 40. TYPE= 3
 ELEVATION =  980. TP5 = 1.89 TP6= 3.87
 MEAN P    .21   .22   .28   .25   .32   .35   .38   .39   .31   .29   .28   .24
 S DEV P   .27   .30   .34   .30   .40   .42   .42   .51   .40   .33   .41   .34
 SKEW  P  2.37  3.56  2.00  2.10  2.51  2.34  1.69  2.93  2.30  1.85  4.56  2.91
 P(W/W)    .58   .58   .57   .58   .58   .54   .51   .50   .52   .53   .57   .59
 P(W/D)    .46   .38   .36   .38   .36   .32   .31   .27   .26   .27   .32   .38
 TMAX AV 39.05 42.56 52.92 64.96 73.93 81.60 84.39 83.16 76.42 64.78 53.90 42.94
 TMIN AV 21.46 22.74 29.97 38.76 48.47 57.51 62.22 61.35 53.82 41.10 32.65 25.49
 SD TMAX 12.75 12.61 13.27 12.31  9.39  6.91  5.41  5.50  7.98  9.98 11.75 12.19
 SD TMIN 12.17 11.13 10.00  8.79  8.52  6.99  5.51  5.57  7.83  9.06  9.05 10.27
 SOL.RAD  138.  209.  287.  399.  452.  488.  484.  437.  350.  257.  156.  120.
 SD SOL   21.2  40.5  35.7  32.8  53.4  53.3  34.8  41.9  41.3  27.3  27.9  18.9
 MX .5 P   .41   .36   .45   .50   .78  1.11  1.36  1.18   .82   .48   .47   .33
 DEW PT  22.10 23.50 29.50 37.50 49.10 58.93 63.53 62.93 55.93 43.53 33.36 25.93
Time Pk   .545  .700  .773  .845  .853  .855  .951  .960  .970  .980  .990 1.000
% N       3.09  3.24  3.17  3.90  4.19  3.44  3.36  3.73  2.99  4.08  2.21  1.84
MEAN      3.04  3.08  3.47  3.39  3.10  2.87  2.73  2.70  2.64  2.93  3.03  2.80
STD DEV   1.43  1.33  1.40  1.44  1.46  1.28  1.19  1.16  1.12  1.30  1.38  1.32
SKEW       .57   .42   .27   .56   .67   .82  1.04   .59   .90   .80   .71  1.01
% NNE     2.33  2.42  2.22  2.67  3.12  2.07  2.21  2.73  2.42  3.22  1.75  1.50
MEAN      2.98  3.00  3.16  3.32  2.93  2.60  2.60  2.57  2.79  2.89  3.24  3.06
STD DEV   1.19  1.31  1.36  1.43  1.32  1.12  1.13  1.13  1.32  1.27  1.26  1.38
SKEW       .15   .60   .46   .42   .52   .69   .63  1.02   .79   .61   .36   .75
% NE      3.14  3.51  3.09  3.81  3.31  2.72  2.98  3.78  3.27  3.84  2.01  2.14
MEAN      2.48  2.29  2.51  2.71  2.31  2.32  2.27  2.27  2.20  2.41  2.65  2.37
STD DEV   1.16   .98  1.15  1.27  1.15  1.04  1.02  1.01   .90  1.12  1.27  1.23
SKEW       .85   .79   .80   .71  1.03   .91   .89  1.24   .95  1.36   .98  1.17
% ENE     1.32  1.44  1.57  1.72  2.03  1.53  1.53  1.99  1.81  1.79   .81  1.06
MEAN      2.72  2.52  2.71  2.69  2.53  2.32  2.35  2.35  2.46  2.38  2.33  2.17
STD DEV   1.29  1.08  1.21  1.36  1.18  1.06  1.09  1.15  1.20  1.08   .97   .86
SKEW       .90   .91   .62  1.18   .65   .62   .76  1.08   .96  1.30  1.09   .92
% E       2.37  2.68  2.91  2.47  3.07  2.85  2.42  3.34  3.67  3.76  1.75  2.51
MEAN      2.52  2.73  2.93  2.80  2.61  2.46  2.54  2.36  2.24  2.56  2.15  2.74
STD DEV   1.29  1.29  1.46  1.28  1.36  1.27  1.28  1.22  1.01  1.26  1.05  1.47
SKEW      2.00   .67  1.22   .67   .97   .95  1.10  1.24  1.21  1.31  1.36  1.32
% ESE     1.57  1.84  2.50  2.25  2.16  3.23  2.11  2.68  2.98  3.22  2.12  2.66
MEAN      3.14  3.41  3.47  3.57  3.05  3.01  2.66  2.51  2.88  3.19  3.16  3.26
STD DEV   1.36  1.33  1.49  1.63  1.37  1.35  1.17  1.07  1.40  1.50  1.35  1.30
SKEW      1.13   .85   .53   .60   .65  1.05   .86   .80  1.09   .79  1.16   .62
% SE      3.72  3.73  4.72  3.87  3.39  3.87  3.26  3.64  4.21  3.94  3.05  3.43
MEAN      3.21  3.23  3.60  3.28  2.68  2.52  2.34  2.32  2.55  2.78  3.00  3.08
STD DEV   1.56  1.69  1.84  1.64  1.37  1.24  1.01  1.08  1.16  1.33  1.45  1.48
SKEW       .95   .95   .56   .68  1.09   .99   .86  1.04  1.19  1.03   .93  1.04
% SSE     3.97  5.01  5.86  4.21  3.91  3.80  3.66  3.64  4.54  4.32  4.95  4.74
MEAN      4.01  4.15  4.49  3.72  3.12  2.98  2.61  2.47  2.96  3.24  4.19  4.03
STD DEV   2.04  1.80  1.95  1.80  1.48  1.58  1.11  1.06  1.36  1.62  2.16  1.92
SKEW       .64   .25   .31   .69   .61  1.12   .78   .67   .84   .90   .62   .55
% S       6.20  5.78  5.90  5.16  4.85  5.72  5.76  4.52  5.65  4.66  6.12  6.06
MEAN      3.54  3.94  3.95  3.36  2.93  2.61  2.41  2.30  2.68  2.89  3.71  3.59
STD DEV   1.77  1.95  1.94  1.61  1.41  1.20  1.07  1.11  1.33  1.42  1.97  1.76
SKEW       .61   .53   .58   .75   .69   .86   .78  1.07  1.05  1.09   .88   .71
% SSW    12.63  8.86  7.78  9.20  8.56 10.35 10.58  8.03  8.99  8.71 12.16  9.78
MEAN      4.15  4.08  4.35  4.14  3.40  3.07  2.95  2.62  2.98  3.10  4.09  3.86
STD DEV   1.83  1.81  2.12  1.84  1.65  1.36  1.35  1.18  1.50  1.41  1.88  1.74
SKEW       .50   .51   .69   .44   .62   .57   .70   .85   .92   .81   .60   .56
% SW     12.93 12.24 10.04 11.22  9.85 10.37  9.46  9.22  9.69 10.57 14.84 15.35
MEAN      4.39  4.31  4.21  4.13  3.33  3.17  2.97  2.73  2.92  3.45  4.03  4.11
STD DEV   2.08  2.09  2.04  1.96  1.73  1.57  1.47  1.37  1.45  1.79  1.97  1.90
SKEW       .43   .49   .37   .35   .71   .74   .77  1.01   .87   .66   .64   .42
% WSW     8.81  8.79  9.79  8.80  6.50  5.94  5.22  4.39  4.63  5.05  9.91 11.52
MEAN      5.13  5.14  5.18  5.09  4.28  3.88  3.53  3.26  3.74  4.04  4.85  5.06
STD DEV   2.09  2.07  1.98  2.02  1.85  1.67  1.58  1.58  1.73  1.80  2.00  2.06
SKEW       .29   .17   .15   .04   .08   .21   .42   .70   .41   .23   .16   .29
% W       8.33  9.06  9.88  8.04  6.71  4.90  4.64  4.53  4.45  4.63  7.33  8.22
MEAN      4.80  4.81  5.20  4.70  4.03  3.51  3.28  2.98  3.48  3.67  4.59  4.78
STD DEV   2.19  2.18  2.22  2.14  1.90  1.76  1.52  1.48  1.76  1.83  2.00  2.19
SKEW       .27   .21   .29   .35   .33   .48   .44   .77   .52   .43   .17   .41
% WNW     7.28  8.28  8.98  8.28  6.26  5.29  4.21  4.64  4.09  4.55  7.20  6.89
MEAN      4.90  5.13  5.31  4.92  4.20  3.80  3.48  3.32  3.81  4.15  4.89  4.71
STD DEV   2.02  2.13  2.09  1.88  1.89  1.65  1.58  1.47  1.69  1.77  1.88  1.93
SKEW       .17   .25   .09   .04   .35   .43   .79   .56   .26   .22   .18   .29
% NW      7.31  7.36  7.56  7.55  7.15  5.63  4.94  5.28  5.04  5.87  4.72  5.14
MEAN      3.89  4.16  4.31  4.15  3.69  3.29  3.11  2.94  3.14  3.44  3.70  3.81
STD DEV   1.79  1.99  1.86  1.83  1.70  1.58  1.32  1.31  1.45  1.64  1.64  1.81
SKEW       .46   .60   .31   .31   .63   .79   .56   .76   .74   .66   .46   .63
% NNW     3.17  3.61  3.56  4.05  5.20  3.73  3.63  4.01  3.54  4.15  2.84  2.24
MEAN      3.92  3.81  4.06  4.07  3.69  3.36  2.97  3.16  3.33  3.61  3.55  3.35
STD DEV   1.64  1.50  1.72  1.58  1.67  1.53  1.28  1.23  1.38  1.56  1.46  1.48
SKEW       .48   .20   .34   .29   .46   .63   .65   .42   .43   .56   .49   .42
CALM     11.83 12.29 10.54 12.88 19.74 24.47 29.95 29.79 28.06 23.72 16.21 14.84
 
INTERPOLATED DATA (station & weighting factor)
 
---Wind Stations---
MORGANTOWN    WV     .394  ELKINS        WV     .368  PARKERSBURG   WV     .238
---Solar Radiation and Max .5 P Stations---
 WV FREEMANSBURG     .461   WV TYGART DAM       .388   PA WAYNESBURG 1 E   .151 
---Dewpoint Stations---
WV MORGANTOWN HART   .433  WV ELKINS RANDOLPH   .401  WV CHARLESTON YEAGE  .166 
---Time Peak Stations---
WV FREEMANSBURG 5 N  .522  WV TYGART DAM        .339  PA WAYNESBURG 1 E    .139 
