 DILLINGER WY                            482580 0
 LATT=  44.12 LONG=-105.12 YEARS= 40. TYPE= 3
 ELEVATION = 4300. TP5 = 1.70 TP6= 2.98
 MEAN P    .10   .12   .16   .20   .29   .26   .25   .23   .21   .21   .13   .10
 S DEV P   .09   .14   .18   .26   .34   .28   .32   .26   .25   .26   .13   .09
 SKEW  P  2.87  4.44  3.16  3.38  2.54  1.99  2.57  2.01  2.64  2.84  2.85  2.21
 P(W/W)    .18   .26   .28   .46   .46   .42   .34   .25   .34   .33   .28   .20
 P(W/D)    .12   .13   .16   .21   .24   .22   .17   .15   .12   .15   .12   .14
 TMAX AV 34.25 37.70 47.03 56.90 66.55 78.27 87.85 86.21 75.30 59.96 45.10 35.03
 TMIN AV  8.86 12.64 20.80 29.17 38.82 47.55 54.49 52.28 41.74 30.28 18.16  9.22
 SD TMAX 12.81 13.32 13.27 13.10 11.35 11.01  8.60  8.35 12.24 13.02 14.26 13.34
 SD TMIN 14.30 13.87 10.68  8.33  7.78  7.12  5.97  6.68  8.61  8.51 11.86 13.68
 SOL.RAD  149.  226.  324.  405.  500.  557.  591.  514.  382.  250.  154.  125.
 SD SOL   14.7  22.1  45.4  68.0  76.2  42.4  51.1  33.8  28.6  22.2  23.7  19.3
 MX .5 P   .23   .20   .24   .28   .57   .75   .98   .80   .39   .28   .23   .20
 DEW PT  12.66 15.34 21.68 28.05 38.10 45.80 48.78 46.44 38.41 30.05 20.36 14.00
Time Pk   .540  .744  .788  .866  .869  .869  .980  .980  .987  .990  .990 1.000
% N       5.46  8.73  9.24 12.98 11.94 12.04  8.90  9.66 11.61 10.61  8.20  7.53
MEAN      3.79  4.21  4.91  5.60  5.47  4.76  4.05  4.23  4.64  4.77  5.47  5.20
STD DEV   2.41  2.62  2.90  3.05  2.92  2.58  2.29  2.17  2.80  2.57  3.45  2.68
SKEW       .79   .84   .71   .68   .73   .58  1.00   .77   .98  1.10  1.12   .31
% NNE     1.20  2.59  2.99  3.28  4.13  3.52  3.47  3.14  4.04  3.20  1.95  1.27
MEAN      2.77  3.37  3.97  4.66  4.56  4.72  5.14  4.31  4.93  4.18  4.45  3.97
STD DEV   1.30  1.71  2.15  2.60  1.99  2.15  3.23  2.07  2.40  2.33  2.71  2.59
SKEW       .96  1.42   .49  1.37   .26   .37  1.02   .33   .73  1.13   .60   .32
% NE      1.44  1.83  2.78  3.23  6.68  6.98  6.71  7.30  4.45  4.12  1.85  1.34
MEAN      2.14  2.01  2.77  3.81  4.35  3.77  3.38  3.68  3.63  2.97  2.57  2.00
STD DEV   1.02   .92  1.40  1.92  2.15  1.79  2.06  2.04  1.81  1.43  1.47   .81
SKEW       .64   .55   .34  1.07   .69   .60  1.17  1.50  1.08   .76  1.55   .25
% ENE      .35   .61   .55  1.07  2.02  1.21  1.55  2.46  1.37  1.25   .31   .32
MEAN      1.31  3.24  2.30  3.85  4.40  4.14  3.62  4.08  4.32  3.06   .55  2.89
STD DEV    .23  1.42   .33  1.69  2.09  1.19  1.57  3.13  1.70  1.47   .26   .29
SKEW       .06   .41   .03   .12   .45  -.96   .82  1.44   .19   .24   .12   .14
% E       1.46  2.46  2.42  4.17  4.98  3.88  5.38  6.02  4.25  3.06  1.80  1.71
MEAN      2.25  2.49  2.59  3.65  3.80  3.45  3.66  3.32  3.18  2.87  2.55  2.44
STD DEV   1.08  1.26  1.10  1.95  1.88  1.85  2.42  1.97  1.67  1.40  1.30  1.15
SKEW       .55   .68   .41   .62   .64   .75  1.00  1.41   .89   .74   .64  1.38
% ESE     1.27  1.63  2.77  3.35  3.76  2.79  2.94  2.18  2.07  1.75  1.09  1.00
MEAN      3.40  3.11  4.06  3.88  4.48  4.03  4.05  5.42  4.65  4.10  2.82  3.03
STD DEV   2.60  1.43  1.95  1.76  1.72  1.60  2.23  2.46  2.98  1.72  1.61  1.50
SKEW       .97   .42   .81   .11   .08   .40   .84   .05  1.01   .16   .77  1.08
% SE      5.34  5.52  4.56  5.48  5.68  5.00  7.09  5.59  4.93  3.89  4.15  4.18
MEAN      2.97  2.76  3.39  3.87  3.63  3.59  3.52  3.06  3.39  3.58  3.24  3.04
STD DEV   1.76  1.51  1.90  2.16  1.89  1.88  2.37  1.61  1.94  2.24  1.75  1.63
SKEW       .87   .80   .77   .68   .60   .88  2.37   .71   .73   .92   .84   .98
% SSE    11.82 12.46 12.20 15.26 11.68 12.73 15.07 12.49 13.60 12.73 11.98 11.31
MEAN      3.83  3.81  4.38  5.50  5.42  5.62  4.57  4.94  5.30  4.78  4.09  4.01
STD DEV   1.84  2.18  2.43  3.01  3.22  3.01  3.39  3.31  2.61  2.90  1.89  2.25
SKEW       .51  1.05   .79   .89  1.20   .53  2.10  1.04   .54  1.04   .76  1.01
% S       7.67  6.49  7.74  7.09  6.94  6.81  8.97  8.88  9.36 11.15  9.91  8.44
MEAN      2.77  2.44  2.78  3.73  4.07  4.33  3.50  4.22  4.06  3.83  3.21  2.66
STD DEV   1.52  1.51  1.70  2.42  2.38  2.60  2.51  2.62  2.33  2.59  2.17  1.57
SKEW       .91  1.23   .88  1.04  1.01   .70  1.62  1.13   .71   .93  1.27  1.50
% SSW    15.15 12.00  8.78  6.75  8.01  7.75  8.19  8.50  6.94 13.84 13.64 11.14
MEAN      5.00  3.44  3.51  3.87  4.54  4.83  4.53  4.85  3.77  5.33  5.03  4.71
STD DEV   3.47  2.12  2.32  2.32  2.61  2.98  2.98  3.59  2.40  3.81  3.69  3.66
SKEW      1.01  1.26  1.38   .93   .65   .75  1.19  1.09  1.07  1.61  1.36  1.43
% SW      8.17  6.29  4.17  2.68  3.07  3.84  2.50  3.21  3.15  3.62  5.04  4.72
MEAN      4.88  3.04  2.73  2.98  3.36  3.16  2.64  2.96  3.04  4.25  3.94  3.70
STD DEV   3.66  1.99  1.67  2.00  1.92  2.24  1.81  1.87  2.42  4.75  3.58  3.67
SKEW      1.59  1.49   .92  1.53  1.02  2.22  1.71  1.31  1.90  2.61  2.07  2.17
% WSW     8.95  7.28  4.19  3.41  3.79  5.07  3.15  3.99  3.59  5.68  5.97  6.40
MEAN      4.73  4.62  3.66  4.05  3.99  5.08  3.66  3.72  3.40  5.32  5.28  3.90
STD DEV   3.26  2.69  2.08  1.92  2.44  3.85  2.15  2.71  2.09  4.25  4.32  2.40
SKEW      1.45  1.01   .64   .59  1.90  2.14   .96  1.59  1.58  1.54  1.60  2.16
% W       4.44  4.11  3.82  3.37  4.58  3.64  3.72  4.84  4.41  3.35  5.42  6.75
MEAN      3.60  3.00  3.40  2.98  3.57  2.76  3.11  2.93  3.48  3.22  3.76  3.60
STD DEV   1.91  1.60  1.96  1.56  2.14  1.47  1.62  1.68  1.93  2.01  2.01  1.92
SKEW       .42   .80   .92   .74   .96   .79  1.02  1.50   .51  1.64  1.16   .73
% WNW     5.70  6.57  6.56  5.55  6.61  6.51  4.79  5.38  6.64  5.06  7.38 10.09
MEAN      4.43  3.95  5.06  5.25  5.16  4.64  4.24  4.16  5.29  5.73  5.31  5.31
STD DEV   2.25  2.03  2.76  4.29  2.83  2.40  2.51  2.23  2.95  4.22  3.06  2.85
SKEW       .53   .98   .68  2.23  1.20   .69  1.20   .85   .46  1.31   .89  1.00
% NW      5.50  6.06  8.33  8.29  7.08  8.08  7.33  6.97  8.49  7.00  8.11  8.98
MEAN      4.19  4.05  4.57  4.88  5.26  4.40  4.87  4.15  5.22  4.99  5.84  5.63
STD DEV   2.79  2.57  2.78  3.02  3.10  2.44  3.20  2.65  2.86  4.01  3.51  3.36
SKEW      1.33  1.28   .83  1.02   .61   .64  1.01  1.24   .86  1.62   .60   .56
% NNW    10.29 10.69 14.55 10.91  6.28  6.48  7.18  4.84  7.43  6.10  8.17  8.81
MEAN      5.12  4.14  5.73  6.40  5.33  5.16  5.31  5.02  5.65  5.64  6.41  6.30
STD DEV   2.91  2.26  3.28  3.39  3.04  2.75  2.67  3.20  3.14  3.98  3.31  3.06
SKEW       .86  1.00  1.03   .66   .62   .48   .76  1.47   .54  1.56   .49   .46
CALM      5.67  4.60  4.29  3.18  2.75  3.53  3.16  4.38  3.83  3.66  4.95  6.05
 
INTERPOLATED DATA (station & weighting factor)
 
---Wind Stations---
MOORCRAFT     WY     .781  DOUGLAS       WY     .113  SHERIDAN      WY     .106
---Solar Radiation and Max .5 P Stations---
 WY MOORCROFT        .695   WY NEWCASTLE        .188   WY BUFFALO          .117 
---Dewpoint Stations---
SD ELLSWORTH AFB     .343  WY SHERIDAN CO AP    .340  WY CASPER NATRONA C  .318 
---Time Peak Stations---
WY MOORCROFT 3 S     .718  WY NEWCASTLE         .172  WY BUFFALO           .109 
