 BONDURANT 3 NW WY                       48 865 0
 LATT=  43.23 LONG=-110.43 YEARS= 40. TYPE= 3
 ELEVATION = 6500. TP5 = 1.43 TP6= 1.80
 MEAN P    .19   .18   .15   .15   .15   .22   .16   .15   .17   .18   .18   .20
 S DEV P   .21   .18   .18   .17   .18  1.12   .19   .17   .22   .21   .20   .21
 SKEW  P  2.27  1.64  2.86  2.55  3.27 17.12  2.45  2.91  2.96  2.30  2.20  1.89
 P(W/W)    .58   .57   .46   .37   .53   .58   .42   .46   .52   .49   .49   .57
 P(W/D)    .21   .20   .24   .19   .23   .16   .18   .17   .15   .14   .22   .21
 TMAX AV 23.19 28.29 38.05 48.52 60.55 70.38 79.18 77.88 68.86 55.20 36.88 22.50
 TMIN AV -4.51 -2.85  7.65 19.30 28.00 31.96 35.87 33.66 26.39 18.55  8.73 -3.44
 SD TMAX 10.51  9.41  7.82  9.77  9.89  9.32  6.50  6.59  9.46 11.21 10.55 11.12
 SD TMIN 16.58 16.40 13.86  9.11  6.75  6.06  6.57  7.29  8.27  8.75 13.38 16.62
 SOL.RAD  140.  214.  335.  442.  536.  599.  630.  530.  406.  273.  154.  112.
 SD SOL   17.6  34.1  31.8  49.8  63.6  37.5  31.6  32.5  25.7  26.8  25.3  12.8
 MX .5 P   .22   .25   .22   .25   .36   .40   .46   .41   .37   .25   .23   .22
 DEW PT  12.69 15.48 21.27 25.86 33.45 39.69 43.90 41.28 35.45 28.45 19.90 13.69
Time Pk   .652  .827  .886  .940  .941  .941  .990  .990  .990  .993  .999 1.000
% N      15.53 13.60 11.48  9.70 10.30  9.36  9.92  9.63 10.69 13.91 11.74 13.38
MEAN      3.54  3.60  4.30  4.55  4.17  3.68  3.53  3.12  3.33  3.29  2.80  2.88
STD DEV   2.38  2.43  2.90  2.61  2.34  1.84  1.82  1.82  1.81  1.96  1.48  1.62
SKEW      1.53  1.78  1.15   .83   .99  1.11  1.23  1.32  1.23  1.64  1.74  1.75
% NNE     7.94  7.91  9.19  9.44  8.36  8.11  9.46  9.13 11.36 10.53  9.21  8.68
MEAN      3.54  3.14  3.67  4.18  3.94  3.67  3.46  3.29  3.52  3.17  2.79  2.70
STD DEV   2.31  1.96  2.00  2.50  2.23  1.84  1.70  1.59  2.15  1.94  1.40  1.47
SKEW      1.52  1.43  1.01  1.11  1.21   .93  1.28  1.22  1.68  1.79   .79  1.22
% NE      8.53 10.23  9.72  8.28  8.07  8.02  8.98  9.62 10.20  7.74  8.66  7.82
MEAN      2.57  2.71  3.17  3.43  3.48  3.21  3.25  3.10  3.41  2.66  2.62  2.41
STD DEV   1.35  1.40  1.71  1.72  1.75  1.63  1.50  1.50  2.01  1.33  1.30  1.03
SKEW      1.84  1.22  1.35  1.01   .97  1.17   .85   .98  1.29  1.05  1.02   .67
% ENE     3.44  4.58  4.91  2.95  3.03  4.81  4.50  4.09  4.26  3.14  2.96  2.96
MEAN      2.23  2.48  2.76  2.92  3.14  3.00  2.99  3.09  2.82  2.40  2.25  2.02
STD DEV    .99  1.04  1.33  1.37  1.66  1.57  1.48  1.66  1.34  1.14  1.06   .89
SKEW      1.02   .72   .96  1.24   .79   .87   .99  1.24  1.11  1.23   .92   .83
% E       5.17  6.44  6.01  3.84  3.65  4.01  4.41  4.62  3.99  3.03  3.71  3.70
MEAN      1.96  2.22  2.67  2.74  2.72  2.90  2.81  2.74  2.56  2.14  1.94  1.90
STD DEV    .77   .97  1.28  1.54  1.40  1.41  1.24  1.31  1.40   .79   .84   .77
SKEW       .45   .85   .76  1.25   .82   .94  1.12   .97  1.34   .13  1.22  1.00
% ESE     1.73  1.55  2.52  1.98  2.31  2.33  3.33  2.57  2.10  1.75  1.47  1.73
MEAN      1.82  2.15  2.59  2.83  2.93  2.86  2.88  2.82  2.50  2.38  2.27  1.87
STD DEV    .73   .84  1.22  1.24  1.45  1.41  1.42  1.42  1.19   .65   .74   .72
SKEW      1.28   .32   .88   .16   .52   .81  1.29  1.13   .91   .37   .74   .63
% SE      2.55  2.66  3.10  3.06  3.20  2.90  3.55  4.21  2.90  3.39  2.66  2.71
MEAN      2.16  1.95  2.55  3.00  3.21  2.84  2.89  2.93  2.83  2.23  2.23  1.96
STD DEV    .93   .74  1.28  1.34  1.53  1.33  1.36  1.48  1.48  1.01   .95   .67
SKEW       .61   .58   .77   .56   .87   .63   .68  1.24   .99  1.00   .74  -.45
% SSE     2.52  2.39  2.91  3.89  3.82  4.57  4.76  4.60  3.81  3.59  3.58  2.45
MEAN      4.43  3.29  3.45  3.62  3.45  3.76  3.72  3.48  2.91  3.14  3.34  3.99
STD DEV   2.73  1.68  1.53  1.64  1.86  1.81  1.76  1.64  1.51  1.69  1.91  1.42
SKEW       .63   .57  -.18   .63  1.31   .89  1.00  1.02  1.22  1.13  1.29   .39
% S       6.37  5.56  7.55  9.16  8.77  9.14  9.23  9.55  9.86  8.01  8.23  6.18
MEAN      5.41  5.08  4.23  4.63  4.67  4.30  4.85  4.08  3.78  4.06  4.44  4.78
STD DEV   3.45  3.53  2.17  2.30  3.01  2.10  2.65  2.04  2.17  2.36  2.63  3.03
SKEW       .61   .91  1.39   .69  1.02   .91   .82  1.42  1.54  1.30   .96   .82
% SSW     9.79  9.24 10.40 14.05 13.84 14.20 11.37 13.01 12.71 11.23 11.99  9.44
MEAN      6.73  5.30  5.89  6.04  6.04  6.07  5.92  5.26  5.03  5.35  5.88  6.06
STD DEV   3.62  2.96  3.34  3.02  2.81  2.99  2.87  2.39  2.53  3.03  3.22  3.42
SKEW       .43   .89   .60   .60   .48   .53   .52   .54   .70   .78   .61   .53
% SW      6.69  8.17 10.06 13.01 13.18 11.91 10.63 10.52  9.24  9.01  8.77  7.23
MEAN      5.44  4.80  6.84  6.49  6.38  5.94  6.16  5.81  5.59  4.94  5.46  4.93
STD DEV   3.51  3.18  4.28  3.58  3.61  3.17  3.18  3.15  3.31  3.28  3.55  3.40
SKEW       .88  1.12   .77   .62   .58   .68   .44   .79   .73  1.11   .89  1.20
% WSW     2.20  2.41  3.07  3.62  4.28  5.23  4.94  3.59  2.82  2.13  2.38  1.99
MEAN      4.53  3.03  4.91  5.95  6.03  5.74  5.19  4.89  4.62  3.52  3.27  3.29
STD DEV   2.73  1.70  2.96  3.53  3.20  3.08  2.83  2.63  3.22  2.09  1.93  2.03
SKEW      1.30  1.38   .87   .85   .87   .63   .63   .56  1.26   .89   .79  -.43
% W       1.83  1.49  2.07  2.91  2.45  2.49  3.36  1.95  2.20  2.30  2.14  2.07
MEAN      2.09  2.66  3.48  3.78  3.68  3.81  3.34  3.46  2.35  2.82  2.37  2.45
STD DEV    .99  1.28  2.22  2.20  2.26  2.37  2.03  1.88  1.31  2.01  1.29  1.47
SKEW       .93   .76  1.19   .81   .95   .88  1.55   .86  1.47  1.77  1.41  1.60
% WNW     1.53  1.42  1.88  2.01  1.49  1.99  1.35   .94  1.34  1.66  1.60  2.17
MEAN      2.47  2.66  3.07  3.53  3.59  3.48  3.11  2.88  2.86  3.17  2.41  2.43
STD DEV   1.47  1.41  1.92  1.78  1.31  1.90  1.79  1.06  1.74  2.13  1.18  1.49
SKEW      1.09   .80  1.38   .22   .42   .54   .66   .72  1.39  1.14   .76  1.08
% NW      2.93  3.37  2.47  2.50  2.39  2.39  2.03  2.12  2.20  2.54  2.38  2.95
MEAN      2.70  2.93  3.31  3.76  3.68  3.67  3.29  2.87  2.66  3.29  2.91  2.34
STD DEV   1.66  2.17  1.78  2.10  2.12  2.69  1.87  1.30  1.46  2.16  1.85  1.21
SKEW      1.15  1.46   .79   .66   .86  1.39   .76   .38  1.12  1.25  1.30   .82
% NNW     7.82  9.06  7.21  5.51  6.49  4.04  3.77  4.25  4.49  6.54  6.00  8.90
MEAN      3.56  4.64  4.77  5.16  5.11  4.64  3.82  3.86  4.44  4.10  3.35  3.53
STD DEV   2.37  3.12  2.85  3.27  2.54  2.75  2.26  1.88  2.57  2.48  2.20  2.17
SKEW      1.15  1.00   .90   .87   .62   .89   .92   .71   .75  1.12  1.67  1.01
CALM     13.48  9.95  5.44  4.11  4.23  4.40  4.28  5.58  5.76  9.54 12.45 15.65
 
INTERPOLATED DATA (station & weighting factor)
 
---Wind Stations---
IDAHO FALLS   ID     .361  IDAHO FALLS   ID     .361  DUBOIS        ID     .277
---Solar Radiation and Max .5 P Stations---
 WY JACKSON          .598   ID HENRY            .264   WY RIVERTON         .138 
---Dewpoint Stations---
ID IDAHO FALLS FANN  .413  WY LANDER HUNT FLD   .379  MT LIVINGSTON MUNI   .208 
---Time Peak Stations---
WY JACKSON           .605  ID HENRY             .260  WY RIVERTON          .135 
