 Australia    Richmond - Uws Hawkesbury                                         
 LATT= -33.62 LONG= 150.75 YEARS= 30. TYPE= 4
 ELEVATION =   66. TP5 = 2.80 TP6= 6.90
 MEAN P    .35   .44   .35   .32   .25   .26   .23   .35   .24   .26   .31   .27
 S DEV P   .50   .79   .55   .47   .40   .47   .45  1.00   .33   .41   .42   .36
 SKEW  P  2.46  4.47  3.33  3.26  3.52  3.51  4.72  6.01  3.60  3.84  2.43  3.00
 P(W/W)    .54   .53   .60   .48   .54   .49   .46   .39   .43   .50   .51   .48
 P(W/D)    .25   .26   .21   .16   .16   .16   .15   .12   .17   .19   .25   .21
 TMAX AV 79.63 77.65 74.05 68.62 62.79 57.31 56.86 59.84 65.79 70.62 73.87 77.58
 TMIN AV 59.38 59.06 55.65 49.94 44.76 41.86 39.82 40.56 44.54 49.00 52.91 56.56
 SD TMAX  9.36  8.61  7.24  6.30  5.20  4.30  4.46  5.71  7.35  8.41  9.29  8.87
 SD TMIN  5.19  4.94  5.12  5.32  5.73  5.55  5.50  5.74  6.26  6.22  6.24  5.55
 SOL.RAD  517.  454.  392.  312.  246.  199.  229.  303.  394.  461.  500.  541.
 SD SOL  130.7 118.7 103.8  80.0  61.4  55.2  54.6  67.8  90.9 113.2 129.4 134.4
 MX .5 P  1.03   .93   .70   .35   .27   .28   .18   .16   .31   .41   .75   .69
 DEW PT  58.36 58.77 55.89 50.18 44.87 41.50 38.42 37.72 41.37 45.79 51.08 54.78
Time Pk   .200  .310  .400  .480  .560  .650  .720  .780  .840  .900  .960 1.000
% N       3.15  4.04  7.35  8.82  7.54  6.94  6.69  7.22  5.02  4.39  4.11  3.84
MEAN      2.81  2.84  3.40  3.56  3.67  3.47  3.58  3.71  3.70  3.65  3.36  3.22
STD DEV   1.08  1.23  1.44  1.62  1.83  1.47  1.49  1.65  1.60  1.51  1.45  1.50
SKEW      0.95  0.95  0.84  0.85  1.07  0.70  0.64  0.70  0.56  0.60  0.73  0.98
% NNE     3.08  5.11  8.49  8.53  5.23  5.29  4.59  6.08  4.05  3.34  4.32  4.46
MEAN      3.06  3.29  3.59  3.75  3.67  3.58  3.51  3.73  3.67  3.45  3.56  3.58
STD DEV   1.21  1.46  1.50  1.60  1.68  1.49  1.40  1.57  1.51  1.42  1.56  1.67
SKEW      0.74  0.74  0.65  0.63  0.79  0.66  0.62  0.73  0.53  0.64  0.68  1.04
% NE      5.37  6.75 11.47 11.09  5.28  5.99  5.73  6.68  4.72  3.95  6.57  6.49
MEAN      3.12  3.22  3.55  3.75  3.30  3.48  3.85  3.69  3.53  3.62  3.70  3.34
STD DEV   1.33  1.43  1.51  1.58  1.35  1.50  1.65  1.55  1.56  1.60  1.61  1.42
SKEW      0.71  0.96  0.69  0.59  0.69  0.67  0.63  0.67  0.65  0.62  0.72  0.78
% ENE     3.86  5.19  6.85  5.48  3.51  3.54  4.56  4.74  4.95  4.22  5.46  4.93
MEAN      3.35  3.37  3.63  3.60  3.41  3.39  3.58  3.65  3.73  3.61  3.69  3.62
STD DEV   1.37  1.49  1.63  1.55  1.54  1.44  1.59  1.43  1.60  1.58  1.56  1.50
SKEW      0.47  0.62  0.69  0.52  0.84  0.45  0.61  0.47  0.42  0.50  0.58  0.45
% E       4.51  5.33  5.70  4.71  2.88  2.83  2.52  3.19  4.92  3.98  4.66  5.34
MEAN      3.30  3.20  3.37  3.47  3.17  3.13  3.03  3.35  3.72  3.47  3.51  3.46
STD DEV   1.44  1.40  1.46  1.53  1.33  1.35  1.27  1.46  1.59  1.45  1.55  1.48
SKEW      0.54  0.65  0.87  0.54  0.74  0.63  0.72  0.55  0.41  0.43  0.65  0.62
% ESE     2.35  3.11  2.66  1.85  1.60  1.31  1.37  1.72  2.63  2.77  2.55  3.22
MEAN      2.76  3.19  3.13  3.37  3.18  2.82  2.57  3.17  3.51  3.30  3.06  3.49
STD DEV   1.06  1.40  1.32  1.36  1.45  1.13  0.91  1.37  1.70  1.42  1.24  1.41
SKEW      0.62  0.71  0.65  0.27  0.91  0.67  0.05  0.52  0.56  0.65  0.55  0.32
% SE      2.98  3.07  2.67  1.60  1.72  1.61  1.52  1.93  2.64  2.73  2.81  3.56
MEAN      3.11  3.06  3.11  3.15  3.18  2.96  3.11  3.50  3.59  3.34  3.29  3.33
STD DEV   1.39  1.28  1.33  1.13  1.36  1.16  1.33  1.59  1.53  1.53  1.35  1.38
SKEW      0.71  0.74  0.87  0.49  0.60  0.52  0.49  0.52  0.43  0.62  0.46  0.61
% SSE     3.53  3.30  2.28  1.36  1.60  1.64  1.98  1.84  2.87  4.16  3.18  3.45
MEAN      3.26  3.22  3.35  3.26  3.57  3.41  3.55  4.04  3.82  3.77  3.38  3.57
STD DEV   1.46  1.44  1.49  1.31  1.60  1.48  1.69  1.94  1.64  1.54  1.43  1.54
SKEW      0.66  0.79  0.72  0.35  0.58  0.54  0.50  0.46  0.53  0.37  0.40  0.61
% S       8.81  7.51  4.63  2.64  3.43  3.80  4.36  4.06  5.80  8.08  5.90  8.61
MEAN      3.35  3.22  3.02  3.27  3.69  3.70  3.66  4.04  4.05  3.92  3.59  3.49
STD DEV   1.37  1.40  1.20  1.42  1.65  1.51  1.69  1.94  1.96  1.69  1.43  1.46
SKEW      0.59  0.92  0.55  0.55  0.53  0.45  0.64  0.57  0.94  0.52  0.44  0.68
% SSW     9.54  7.37  3.64  2.36  4.25  4.35  6.08  5.54  7.04  9.00  7.12  7.59
MEAN      3.77  3.61  3.36  3.76  4.12  4.48  4.32  4.60  4.80  4.61  4.17  3.85
STD DEV   1.54  1.52  1.45  1.54  1.83  2.04  1.92  1.98  2.00  1.85  1.63  1.52
SKEW      0.61  0.78  0.75  0.54  0.50  0.41  0.69  0.47  0.30  0.30  0.56  0.51
% SW     14.02  9.24  5.47  4.51  7.99  7.30 10.94  8.96  9.25 11.32 11.06  9.78
MEAN      3.68  3.39  3.30  3.53  4.12  4.07  4.29  4.34  4.62  4.67  4.22  3.80
STD DEV   1.52  1.28  1.46  1.55  2.11  1.97  2.04  1.97  2.17  1.99  1.78  1.52
SKEW      0.58  0.54  0.85  0.78  0.81  0.85  0.76  0.64  0.59  0.60  0.56  0.44
% WSW     7.65  5.78  3.82  4.34  6.55  7.11  8.41  7.28  7.19  9.71  8.12  6.95
MEAN      3.61  3.47  3.35  3.87  4.17  4.25  4.38  4.82  4.88  5.00  4.11  3.79
STD DEV   1.42  1.32  1.44  1.76  2.03  2.16  2.06  2.46  2.38  2.31  1.60  1.59
SKEW      0.40  0.32  0.68  0.70  0.73  0.70  0.55  0.93  0.68  0.65  0.45  0.64
% W       6.06  5.16  3.48  3.95  7.27  7.57  7.32  7.92  7.96  7.08  6.97  5.94
MEAN      3.31  3.23  3.01  3.43  3.95  3.92  4.30  4.39  4.74  4.60  3.83  3.55
STD DEV   1.40  1.37  1.23  1.64  1.99  1.96  2.14  2.05  2.30  2.32  1.69  1.55
SKEW      0.58  0.56  0.78  0.87  0.77  0.77  0.61  0.55  0.57  0.68  0.65  0.83
% WNW     2.25  1.86  1.69  2.58  4.25  4.73  4.06  5.29  5.74  4.39  3.81  2.50
MEAN      3.10  2.86  3.08  3.41  3.99  4.00  4.32  4.48  4.79  4.26  3.55  3.46
STD DEV   1.27  1.16  1.67  1.59  1.98  1.95  2.22  2.10  2.28  2.02  1.52  1.49
SKEW      0.86  0.57  1.44  0.75  0.78  0.80  0.68  0.54  0.43  0.55  0.43  0.55
% NW      1.58  1.36  1.84  3.34  4.28  4.72  4.33  5.02  4.62  3.84  2.80  1.68
MEAN      2.73  2.75  2.82  3.27  3.56  3.74  3.72  4.09  4.17  3.92  3.43  3.15
STD DEV   1.08  1.25  1.17  1.31  1.70  1.67  1.79  1.86  1.90  1.78  1.46  1.48
SKEW      1.15  1.13  1.12  0.77  1.05  0.73  0.88  0.58  0.71  0.59  0.78  1.09
% NNW     1.57  1.72  2.45  3.67  4.11  4.39  4.85  4.81  4.25  3.44  2.55  1.79
MEAN      2.83  2.86  3.34  3.45  3.85  3.88  3.95  3.88  4.01  3.97  3.47  3.12
STD DEV   1.15  1.09  1.41  1.39  1.79  1.70  1.77  1.60  1.84  1.82  1.43  1.39
SKEW      0.98  0.67  0.94  0.63  0.94  0.51  0.70  0.54  0.65  0.69  0.63  0.67
CALM     19.64 24.05 25.52 29.20 28.59 26.86 20.62 17.69 16.39 13.58 18.07 19.90
                                                                                
INTERPOLATED DATA (station & weighting factor)                                  
                                                                                
---Wind Stations---                                                             
LUMBERTON     NC     .408  FAYETTEVILLE  NC     .346  WILMINGTON    NC     .246 
