 Australia    Oberon (Sweet Wattle)                                             
 LATT= -33.72 LONG= 149.78 YEARS= 30. TYPE= 3
 ELEVATION = 3445. TP5 = 2.23 TP6= 4.66
 MEAN P    .42   .37   .39   .31   .24   .22   .23   .26   .26   .31   .32   .34
 S DEV P   .51   .45   .44   .42   .30   .27   .27   .40   .30   .37   .38   .36
 SKEW  P  2.11  2.59  2.03  2.70  2.38  2.33  2.47  5.69  2.83  2.48  2.22  1.55
 P(W/W)    .46   .44   .52   .49   .57   .59   .60   .57   .53   .50   .51   .44
 P(W/D)    .18   .18   .13   .13   .19   .22   .27   .24   .25   .21   .22   .18
 TMAX AV 78.97 76.96 72.51 65.81 58.18 51.74 50.29 52.92 59.16 65.34 70.57 75.58
 TMIN AV 56.83 56.24 52.08 45.67 39.75 36.76 34.51 34.88 38.94 44.09 49.15 53.27
 SD TMAX  7.89  7.44  6.52  6.22  5.43  4.71  4.62  5.84  6.97  7.51  8.33  7.57
 SD TMIN  5.77  5.54  5.85  6.27  6.65  6.22  5.80  5.93  6.49  6.75  6.93  6.12
 SOL.RAD  558.  490.  417.  323.  248.  192.  219.  292.  391.  472.  523.  568.
 SD SOL  124.2 118.3 102.2  83.4  67.2  62.3  63.6  76.2  98.8 115.1 130.2 130.1
 MX .5 P  1.06   .69   .51   .34   .30   .30   .28   .29   .34   .50   .68   .70
 DEW PT  53.53 54.07 50.78 45.46 40.99 38.36 35.82 35.50 38.87 42.55 47.01 49.91
Time Pk   .070  .150  .240  .320  .400  .510  .600  .690  .780  .860  .940 1.000
% N       2.26  2.22  3.44  5.69  7.90  8.09  9.20  8.68  7.88  7.35  4.99  3.05
MEAN      4.44  4.04  5.30  6.15  6.73  6.80  6.57  7.70  7.47  7.24  6.38  4.77
STD DEV   2.25  2.38  2.96  3.06  3.26  2.95  2.99  3.56  3.61  3.24  2.93  2.20
SKEW      0.76  0.88  0.82  0.38  0.51  0.40  0.52  0.21  0.65  0.38  0.34  0.50
% NNE     2.53  3.08  5.31  6.52  6.58  5.97  8.05  7.00  6.32  7.11  5.49  3.58
MEAN      4.78  5.09  5.90  6.39  6.51  6.76  6.70  6.84  7.04  7.14  6.36  5.87
STD DEV   2.78  2.41  2.76  3.08  2.92  3.01  2.95  3.15  2.89  3.33  2.87  2.47
SKEW      1.35  0.73  0.50  0.43  0.53  0.42  0.30  0.34  0.21  0.28  0.46  0.21
% NE      3.40  3.72  5.02  4.30  3.90  3.33  3.88  4.08  4.63  5.27  4.51  2.51
MEAN      4.25  4.85  5.01  5.11  5.23  5.10  4.85  5.76  5.87  6.14  5.74  5.18
STD DEV   2.06  2.22  2.23  2.45  2.50  2.28  2.45  2.53  2.60  2.79  2.61  2.23
SKEW      0.84  0.65  0.81  0.41  0.58  0.55  0.74  0.43  0.75  0.49  0.51  0.11
% ENE     2.74  3.50  4.58  2.49  1.80  2.38  2.73  3.12  3.35  3.85  3.97  3.24
MEAN      4.90  4.42  4.75  4.45  4.12  4.61  4.23  4.96  5.26  5.57  5.42  4.92
STD DEV   2.38  1.88  1.79  1.86  1.80  1.88  1.73  2.13  2.28  2.54  2.31  2.26
SKEW      0.61  0.36  0.38  0.56  0.32  0.49  0.58  0.80  0.41  0.49  0.63  0.40
% E       3.19  3.59  3.61  2.03  1.56  1.92  1.50  2.62  2.78  3.35  3.40  3.09
MEAN      4.67  4.32  4.29  3.99  3.81  4.14  4.09  4.53  5.18  4.95  5.29  5.02
STD DEV   1.88  1.84  1.52  1.68  1.60  1.85  1.75  1.79  2.19  2.06  2.42  2.19
SKEW      0.59  0.41  0.23  0.51  0.24  0.54  0.50  0.62  0.51  0.30  0.61  0.48
% ESE     5.59  5.52  4.87  2.53  1.93  2.21  2.38  3.56  3.44  4.20  5.39  4.57
MEAN      4.76  4.51  4.56  4.35  4.19  4.23  4.14  4.92  5.05  5.37  5.55  5.16
STD DEV   2.08  1.77  1.75  1.86  1.73  1.77  1.68  1.89  2.15  2.41  2.47  2.14
SKEW      0.80  0.37  0.31  0.92  0.31  0.71  0.17  0.68  0.85  0.84  0.76  0.49
% SE      8.32  9.65  7.51  5.68  2.63  2.30  3.45  4.84  5.23  7.63  7.49  8.94
MEAN      5.03  4.73  4.82  5.10  5.08  4.47  4.57  5.27  5.87  6.14  6.02  5.76
STD DEV   2.16  1.82  1.73  1.91  2.21  1.76  1.93  2.01  2.41  2.55  2.66  2.22
SKEW      0.97  0.50  0.36  0.38  0.79  0.57  0.41  0.44  0.26  0.44  0.57  0.48
% SSE    16.03 15.05 13.86 11.35  6.19  5.46  5.30  7.41  9.11 10.05 13.14 17.46
MEAN      5.60  5.13  5.68  5.86  5.92  5.65  5.49  5.90  6.88  6.80  6.92  6.55
STD DEV   2.03  1.81  1.88  2.31  2.48  2.14  2.12  2.30  2.43  2.40  2.75  2.23
SKEW      0.52  0.43  0.36  0.57  1.03  0.45  0.33  0.36  0.16  0.46  0.60  0.25
% S      20.17 18.90 17.38 14.11  8.68  9.80  8.29  8.59 10.02  9.73 13.80 18.00
MEAN      6.03  5.38  5.94  6.25  6.31  6.23  5.98  6.22  7.25  7.03  7.08  6.70
STD DEV   2.20  2.12  2.13  2.33  2.37  2.42  2.23  2.42  2.57  2.89  2.91  2.46
SKEW      0.25  0.93  0.24  0.26  0.35  0.43  0.30  0.42  0.10  0.39  0.38  0.22
% SSW    16.04 14.32 14.33 15.11 11.70 12.74 12.72 12.36 10.22  8.77 11.89 14.98
MEAN      6.22  5.61  6.09  6.20  6.25  6.37  6.24  6.33  6.92  7.01  6.65  6.40
STD DEV   2.23  2.13  2.25  2.38  2.41  2.55  2.69  2.51  2.64  2.70  2.73  2.21
SKEW      0.09  0.37  0.27  0.45  0.59  0.53  0.59  0.48  0.39  0.27  0.38  0.11
% SW      8.94  9.55  8.87 11.35 12.30 13.03 12.93 10.73  8.63  9.36  8.74  8.49
MEAN      5.66  5.37  5.33  5.42  5.86  6.00  6.36  6.33  7.08  6.49  6.13  5.67
STD DEV   2.17  2.18  2.12  2.28  2.37  2.56  2.85  2.64  2.94  2.63  2.69  2.33
SKEW      0.20  0.27  0.23  0.58  0.72  0.73  0.53  0.67  0.50  0.45  0.54  0.06
% WSW     3.12  3.51  3.18  5.09  7.36  8.61  7.81  5.92  6.31  5.46  4.41  3.48
MEAN      4.70  4.54  5.04  5.28  5.81  6.49  6.20  6.24  7.98  6.56  6.14  5.29
STD DEV   2.09  2.16  2.35  2.75  2.84  3.10  3.01  2.91  3.95  3.07  3.25  2.30
SKEW      0.26  0.66  0.60  0.80  0.75  0.69  0.60  0.49  0.50  0.66  0.74  0.42
% W       1.48  1.63  1.41  2.98  4.31  5.45  4.82  4.58  4.72  4.22  3.12  1.72
MEAN      3.73  3.64  3.49  4.86  4.73  6.16  6.29  5.96  7.26  6.31  6.68  3.77
STD DEV   1.62  1.71  1.73  2.80  2.79  3.45  3.32  3.19  3.89  3.24  4.05  1.58
SKEW      0.48  0.52  0.62  0.87  1.00  0.63  0.52  0.79  0.50  0.61  0.60  0.42
% WNW     1.49  1.39  1.22  2.87  4.85  4.91  4.21  4.39  3.68  3.46  2.48  1.49
MEAN      3.79  3.31  3.87  4.17  4.93  5.43  5.01  5.38  6.11  5.70  5.41  4.35
STD DEV   1.89  1.52  1.59  2.09  2.66  2.98  2.66  2.73  3.17  3.08  3.43  2.09
SKEW      0.88  0.67  0.43  0.70  0.92  1.15  1.10  0.95  0.55  0.85  1.02  0.89
% NW      1.49  1.44  1.68  2.99  7.06  5.74  5.35  5.29  4.65  4.05  3.31  1.87
MEAN      3.90  3.24  3.50  4.25  5.59  4.98  4.42  5.27  5.90  5.38  4.72  3.88
STD DEV   2.12  1.79  1.61  2.05  3.21  2.51  2.11  2.58  3.03  2.81  2.45  1.84
SKEW      1.14  0.69  0.54  0.60  1.22  1.25  0.63  1.02  0.99  0.99  0.82  0.77
% NNW     1.59  1.47  2.09  3.39  9.74  6.38  5.79  5.37  7.67  5.08  2.83  2.30
MEAN      3.75  3.80  4.16  4.98  6.82  6.50  5.81  6.33  7.80  7.31  5.36  4.71
STD DEV   2.06  2.16  2.11  2.79  3.99  3.28  2.90  3.26  4.31  3.75  2.51  2.21
SKEW      0.86  1.41  0.90  0.95  1.02  0.68  0.70  0.96  0.89  0.45  0.45  1.24
CALM      1.64  1.45  1.58  1.58  1.56  1.62  1.60  1.50  1.20  0.94  1.10  1.17
                                                                                
INTERPOLATED DATA (station & weighting factor)                                  
                                                                                
---Wind Stations---                                                             
AMARILLO      TX     .591  CLARENDON     TX     .308  GAGE          OK     .101 
