 Australia    Bendoc                                                            
 LATT= -37.22 LONG= 148.82 YEARS= 30. TYPE= 3
 ELEVATION = 2936. TP5 = 2.15 TP6= 4.67
 MEAN P    .30   .28   .31   .35   .28   .36   .28   .30   .30   .29   .31   .36
 S DEV P   .40   .42   .43   .57   .46   .64   .43   .45   .41   .32   .41   .52
 SKEW  P  2.64  5.09  3.06  3.85  3.90  5.49  3.93  3.48  3.07  2.26  4.92  4.19
 P(W/W)    .48   .44   .49   .54   .55   .64   .55   .57   .58   .57   .61   .54
 P(W/D)    .25   .22   .26   .25   .28   .30   .32   .35   .39   .37   .31   .25
 TMAX AV 76.81 75.10 70.67 63.59 56.57 50.78 49.92 52.52 58.06 63.72 68.40 72.78
 TMIN AV 53.75 53.13 49.47 43.42 38.41 35.37 33.69 34.32 37.76 41.89 46.53 50.24
 SD TMAX  9.34  8.69  8.12  6.85  5.52  4.14  4.15  5.47  6.98  8.33  9.02  8.81
 SD TMIN  6.13  5.60  5.75  5.55  5.61  5.22  4.70  4.84  5.70  5.99  6.32  6.18
 SOL.RAD  531.  461.  386.  281.  202.  158.  183.  249.  341.  433.  489.  537.
 SD SOL  128.9 117.2  99.6  74.8  63.1  52.6  55.7  73.1  92.8 110.6 122.8 125.6
 MX .5 P   .93   .62   .62   .54   .39   .49   .31   .45   .43   .48   .65   .82
 DEW PT  51.95 52.24 49.14 44.47 39.96 36.77 34.54 34.53 37.80 41.39 45.85 48.70
Time Pk   .070  .150  .240  .320  .400  .510  .600  .690  .780  .860  .940 1.000
% N       2.96  3.23  3.69  3.42  2.28  2.48  2.19  2.71  2.55  3.11  3.01  3.38
MEAN      2.77  2.95  2.91  2.97  3.19  3.04  2.89  3.22  3.03  3.40  3.25  3.21
STD DEV   1.22  1.30  1.28  1.35  1.43  1.40  1.22  1.41  1.35  1.46  1.64  1.49
SKEW      0.60  0.56  0.58  0.77  0.85  0.62  0.67  0.39  0.48  0.53  0.83  0.64
% NNE     3.19  3.81  4.25  4.01  2.45  2.48  2.88  2.95  2.73  2.67  3.01  2.81
MEAN      3.09  3.10  3.16  3.07  2.99  2.82  2.88  2.86  3.04  3.18  3.11  2.95
STD DEV   1.31  1.48  1.44  1.36  1.32  1.22  1.17  1.20  1.35  1.37  1.45  1.24
SKEW      0.61  0.96  0.66  0.72  0.74  0.71  0.47  0.89  0.65  0.48  0.81  0.55
% NE      5.98  6.81  7.64  7.69  4.88  4.49  4.68  4.82  4.66  3.57  5.40  5.27
MEAN      2.83  2.71  3.05  2.88  2.78  2.86  2.85  2.84  3.08  3.02  3.19  2.81
STD DEV   1.28  1.22  1.40  1.31  1.22  1.34  1.51  1.22  1.23  1.33  1.43  1.17
SKEW      0.94  1.12  0.87  0.96  0.95  0.75  1.00  0.67  0.37  0.78  0.80  0.79
% ENE     4.15  5.08  6.38  6.85  3.74  4.21  4.75  5.59  5.01  3.80  4.84  4.68
MEAN      3.06  2.84  3.18  2.97  2.79  3.02  3.05  3.05  3.16  3.00  3.22  2.89
STD DEV   1.39  1.18  1.42  1.28  1.11  1.41  1.46  1.44  1.28  1.17  1.39  1.19
SKEW      0.97  0.75  1.01  0.56  0.57  0.92  0.80  0.89  0.49  0.42  0.85  0.54
% E       4.59  4.44  5.27  5.69  4.01  4.19  4.32  4.00  4.04  3.52  4.41  4.63
MEAN      2.80  2.73  2.75  2.75  2.68  2.50  2.77  2.66  2.95  2.95  2.82  2.81
STD DEV   1.14  1.21  1.23  1.25  1.14  1.05  1.16  1.04  1.29  1.22  1.19  1.24
SKEW      0.73  0.74  0.84  0.72  1.26  0.60  0.55  0.80  0.72  0.44  0.75  0.64
% ESE     2.27  2.74  2.89  3.02  2.02  2.03  2.01  2.15  2.42  2.29  2.70  2.73
MEAN      2.58  2.61  2.74  2.72  2.59  2.69  2.34  2.61  2.98  2.96  2.56  2.85
STD DEV   1.00  1.20  1.13  1.13  1.22  1.16  0.89  1.14  1.35  1.45  1.10  1.29
SKEW      0.52  0.79  0.83  0.47  0.67  1.01  0.44  0.92  0.63  0.92  0.85  0.67
% SE      3.03  3.61  3.31  3.02  2.75  2.55  2.51  2.61  3.30  2.99  3.15  3.51
MEAN      2.66  2.49  2.85  2.90  2.72  2.97  2.75  3.06  3.26  3.62  2.87  2.75
STD DEV   1.27  1.09  1.30  1.41  1.17  1.53  1.36  1.54  1.64  1.63  1.35  1.24
SKEW      0.92  0.84  0.80  0.72  0.83  0.73  0.84  0.73  1.08  0.66  0.87  0.71
% SSE     2.83  2.65  2.78  2.42  2.53  2.68  2.95  2.82  4.04  3.89  2.81  3.21
MEAN      2.72  2.67  2.95  2.88  3.45  3.22  3.16  3.37  4.09  3.98  3.07  2.90
STD DEV   1.16  1.17  1.17  1.27  1.71  1.49  1.47  1.69  1.90  1.73  1.32  1.24
SKEW      0.75  0.67  0.55  0.76  0.86  0.64  0.66  0.75  0.74  0.49  0.75  1.05
% S       5.43  4.64  5.13  4.16  5.35  5.87  6.96  5.28  5.60  6.92  6.18  5.51
MEAN      2.84  2.85  3.03  2.89  3.48  3.79  3.84  3.86  3.97  4.07  3.21  2.94
STD DEV   1.24  1.23  1.31  1.23  1.81  1.90  1.99  1.95  1.72  1.87  1.50  1.24
SKEW      0.81  0.66  0.55  0.82  0.91  0.86  0.82  0.65  0.56  0.47  0.96  0.84
% SSW     7.35  4.85  4.34  4.08  6.38  5.79  9.44  7.10  6.61  8.37  6.28  5.66
MEAN      3.23  3.16  3.15  3.18  3.90  4.00  4.22  4.21  4.60  4.25  3.50  3.33
STD DEV   1.37  1.31  1.30  1.35  1.93  1.88  1.97  1.98  2.26  1.91  1.55  1.40
SKEW      0.47  0.61  0.64  0.62  0.74  0.68  0.91  0.80  0.83  0.79  0.66  0.57
% SW      6.27  4.40  4.24  3.79  5.59  5.93  6.29  5.49  5.63  6.50  6.22  5.72
MEAN      3.12  2.93  3.06  3.33  3.69  3.42  3.85  3.95  4.07  4.27  3.44  3.20
STD DEV   1.41  1.34  1.39  1.74  1.79  1.68  2.04  2.10  2.14  2.24  1.67  1.46
SKEW      0.72  0.75  0.62  0.98  0.89  0.79  0.73  0.92  0.80  0.96  0.81  0.78
% WSW     6.04  4.89  4.71  4.70  8.35  7.75  7.90  7.98  8.32  8.42  7.35  6.90
MEAN      3.27  3.16  3.17  3.48  4.05  4.21  4.40  4.51  4.83  4.72  3.98  3.47
STD DEV   1.50  1.39  1.43  1.58  1.74  1.90  2.12  2.26  2.29  2.32  1.94  1.54
SKEW      0.83  0.67  0.71  0.61  0.44  0.62  0.57  0.78  0.57  0.67  0.82  0.53
% W       7.54  6.84  6.26  7.08  8.62  9.21  7.52  9.72  9.32  8.68  8.24  8.70
MEAN      3.03  2.85  3.06  3.45  4.31  4.60  4.59  4.53  5.21  4.66  3.81  3.41
STD DEV   1.37  1.29  1.25  1.68  2.16  2.31  2.32  2.05  2.36  2.11  1.85  1.59
SKEW      0.88  0.84  0.68  0.57  0.68  0.58  0.80  0.51  0.41  0.40  0.76  1.00
% WNW     7.04  7.35  7.17  7.83 10.46 10.02  9.27 11.01 12.47 10.56  9.36  8.40
MEAN      3.35  3.11  3.19  3.75  4.61  4.35  4.78  4.80  5.34  5.20  4.00  3.54
STD DEV   1.66  1.40  1.40  1.87  2.13  2.21  2.22  2.34  2.53  2.32  1.82  1.62
SKEW      0.84  0.91  0.83  0.90  0.59  0.58  0.38  0.60  0.34  0.26  0.68  0.75
% NW      7.70  8.92  8.54 10.04 10.20  8.94  7.35  8.63  8.11  8.44  8.21  8.57
MEAN      2.96  2.84  3.05  3.31  3.79  3.39  3.74  4.04  4.36  4.34  3.53  3.21
STD DEV   1.34  1.34  1.42  1.65  1.98  1.81  2.04  2.36  2.23  2.17  1.72  1.60
SKEW      1.11  1.07  1.18  1.08  0.87  1.03  0.70  0.88  0.62  0.44  0.75  1.04
% NNW     2.46  3.08  2.94  3.52  3.13  3.23  3.34  4.00  4.13  4.31  4.04  3.33
MEAN      2.76  2.84  3.05  3.26  3.30  3.18  3.18  3.36  3.87  4.22  3.63  3.26
STD DEV   1.13  1.33  1.50  1.55  1.73  1.58  1.58  1.68  2.00  2.13  1.71  1.60
SKEW      0.54  0.82  0.99  0.73  0.95  0.72  0.63  0.49  0.55  0.60  0.65  1.00
CALM     21.15 22.57 20.48 18.64 17.18 18.23 15.54 13.13 11.07 11.92 14.79 16.97
                                                                                
INTERPOLATED DATA (station & weighting factor)                                  
                                                                                
---Wind Stations---                                                             
HICKORY       NC     .368  BRISTOL       TN     .342  PULASKI       VA     .291 
