 Australia    Goroke (Kangawall)                                                
 LATT= -36.83 LONG= 141.47 YEARS= 30. TYPE= 4
 ELEVATION =  531. TP5 = 2.27 TP6= 5.41
 MEAN P    .25   .39   .24   .23   .26   .23   .22   .20   .21   .24   .25   .25
 S DEV P   .31   .54   .26   .28   .26   .23   .22   .18   .20   .27   .29   .32
 SKEW  P  4.02  2.85  2.94  2.59  3.26  3.39  2.33  2.18  2.27  2.95  2.34  3.31
 P(W/W)    .35   .25   .24   .44   .42   .47   .55   .60   .46   .45   .43   .31
 P(W/D)    .09   .06   .08   .14   .19   .24   .29   .29   .25   .20   .13   .10
 TMAX AV 82.13 81.75 76.22 68.67 61.33 56.14 54.98 56.87 61.02 66.56 72.68 77.74
 TMIN AV 57.08 57.32 54.18 49.24 46.08 42.98 42.12 42.28 44.29 46.78 50.45 53.78
 SD TMAX 10.42  9.75  9.29  7.74  5.37  3.48  3.48  4.79  6.30  8.57  9.95 10.11
 SD TMIN  7.97  7.60  7.24  6.32  5.65  5.08  4.75  4.98  5.61  6.77  7.50  7.52
 SOL.RAD  569.  514.  404.  284.  193.  153.  167.  234.  325.  426.  509.  553.
 SD SOL  111.8 102.4  94.9  74.4  53.5  42.1  48.4  62.0  82.6 101.6 113.0 122.4
 MX .5 P   .36   .36   .24   .23   .23   .19   .23   .25   .24   .33   .39   .37
 DEW PT  48.98 49.91 48.41 46.24 45.53 43.74 42.63 42.22 43.93 44.60 46.56 47.23
Time Pk   .120  .220  .320  .400  .480  .570  .650  .740  .820  .890  .960 1.000
% N       2.16  3.11  6.80  8.89 10.49 10.80 11.86 11.41  9.75  7.60  5.52  3.17
MEAN      4.11  4.27  4.74  5.14  5.77  5.80  5.99  6.16  6.15  5.74  4.76  4.34
STD DEV   1.84  2.03  2.14  2.22  2.64  2.43  2.61  2.63  2.46  2.33  2.04  1.96
SKEW      0.46  0.56  0.63  0.49  0.48  0.31  0.59  0.42  0.18  0.27  0.54  0.69
% NNE     2.10  3.31  6.11  5.12  4.99  4.77  5.30  6.63  5.76  5.30  3.88  2.47
MEAN      4.28  4.39  4.61  5.09  5.08  5.09  4.92  5.33  5.51  5.35  4.68  4.23
STD DEV   1.92  1.72  1.88  2.15  2.26  2.12  2.08  2.29  2.34  2.16  1.96  1.77
SKEW      0.58  0.29  0.43  0.46  0.71  0.41  0.56  0.56  0.56  0.55  0.47  0.58
% NE      2.47  3.15  4.76  2.82  2.54  2.52  2.97  3.38  3.60  3.76  3.06  2.65
MEAN      3.76  3.85  4.01  4.19  4.03  4.07  3.93  4.18  4.41  4.53  4.31  3.78
STD DEV   1.50  1.69  1.65  1.90  1.77  1.64  1.57  1.64  1.73  1.82  1.85  1.56
SKEW      0.42  0.43  0.47  0.69  0.66  0.16  0.79  0.31  0.60  0.43  0.81  0.54
% ENE     3.25  3.77  4.80  2.41  2.07  1.87  2.19  2.66  3.01  3.16  2.85  2.94
MEAN      4.03  3.76  3.98  3.48  3.40  3.51  3.53  3.86  4.04  4.24  4.01  3.68
STD DEV   1.67  1.58  1.88  1.46  1.40  1.45  1.41  1.49  1.64  1.75  1.61  1.49
SKEW      0.33  0.38  1.22  0.33  0.25  0.32  0.37  0.26  0.63  0.55  0.49  0.62
% E       5.09  6.22  6.81  3.64  2.40  2.38  2.65  3.23  3.43  3.63  3.92  4.34
MEAN      3.76  3.63  3.77  3.42  3.50  3.19  3.47  3.85  3.96  4.08  3.85  3.82
STD DEV   1.59  1.50  1.55  1.40  1.55  1.33  1.36  1.53  1.58  1.66  1.50  1.52
SKEW      0.67  0.47  0.69  0.37  0.45  0.50  0.49  0.31  0.88  0.50  0.42  0.52
% ESE     5.94  8.98  7.39  4.65  2.67  2.76  2.66  4.02  3.83  4.14  5.32  5.88
MEAN      3.98  3.97  3.97  3.85  3.76  3.70  3.64  4.37  4.48  4.75  4.31  4.26
STD DEV   1.44  1.45  1.44  1.47  1.58  1.42  1.37  1.69  1.68  1.89  1.80  1.59
SKEW      0.17  0.31  0.33  0.54  0.34  0.43  0.41  0.49  0.38  0.40  0.63  0.30
% SE      9.15 11.52  8.82  7.64  4.66  5.03  4.82  5.22  5.59  6.97  9.35 10.50
MEAN      4.20  4.11  4.05  4.18  4.02  4.11  4.07  4.56  5.02  5.12  4.91  4.55
STD DEV   1.58  1.51  1.49  1.67  1.52  1.68  1.61  1.84  1.99  1.93  1.93  1.64
SKEW      0.27  0.26  0.34  0.50  0.22  0.50  0.42  0.31  0.32  0.26  0.35  0.32
% SSE    14.90 13.12 10.86 10.93  8.02  8.11  7.59  7.44  9.17 13.40 15.92 17.06
MEAN      4.74  4.46  4.61  4.80  4.81  4.80  4.86  5.28  5.99  6.15  5.78  5.51
STD DEV   1.80  1.66  1.80  1.99  2.05  1.90  1.98  2.28  2.32  2.28  2.15  2.07
SKEW      0.49  0.26  0.47  0.47  0.57  0.36  0.56  0.42  0.28  0.13  0.30  0.38
% S      26.47 20.12 16.26 18.25 17.20 16.07 16.29 14.26 17.90 23.35 24.68 27.53
MEAN      5.01  4.77  5.30  5.24  5.51  5.47  5.81  5.84  6.90  6.99  6.37  6.14
STD DEV   1.95  1.86  2.17  2.24  2.30  2.35  2.40  2.57  2.68  2.45  2.38  2.41
SKEW      0.42  0.40  0.32  0.42  0.36  0.44  0.37  0.41  0.05  0.00  0.05  0.30
% SSW    12.09  8.65  6.01  7.01  8.15  7.44  6.84  6.66  6.97  6.20  6.69  8.56
MEAN      4.88  4.81  5.23  4.99  5.46  5.31  5.70  5.93  6.62  6.49  5.74  5.81
STD DEV   1.75  1.79  2.20  2.11  2.40  2.37  2.39  2.57  2.58  2.45  2.34  2.36
SKEW      0.26  0.19  0.29  0.31  0.43  0.49  0.34  0.45  0.05  0.11  0.30  0.31
% SW      4.26  3.21  1.96  2.10  3.14  3.24  3.13  3.33  2.40  2.21  2.05  2.49
MEAN      4.31  4.30  4.28  4.07  4.82  4.85  5.05  5.50  5.52  5.28  4.47  4.34
STD DEV   1.62  1.63  1.88  1.78  2.36  2.30  2.35  2.62  2.52  2.18  1.89  1.88
SKEW      0.21  0.16  0.45  0.31  0.66  0.53  0.40  0.46  0.22  0.30  0.27  0.50
% WSW     2.01  1.69  1.07  1.81  2.65  2.94  2.38  2.57  2.44  1.91  1.16  1.22
MEAN      3.64  3.74  3.61  3.41  3.93  4.10  4.07  4.88  5.26  4.81  3.66  3.79
STD DEV   1.40  1.60  1.54  1.48  1.89  2.04  1.86  2.19  2.62  2.40  1.54  1.63
SKEW      0.07  0.38  0.50  0.63  0.86  1.04  0.78  0.53  0.44  0.56  0.11  0.62
% W       1.10  1.09  1.07  1.74  2.91  3.34  2.67  3.12  3.19  2.17  1.37  1.06
MEAN      3.25  3.41  3.24  3.13  3.69  4.14  4.42  4.69  6.01  5.28  3.36  3.55
STD DEV   1.52  1.56  1.70  1.58  2.00  2.28  2.47  2.75  3.22  2.73  1.69  1.75
SKEW      0.47  0.56  0.96  0.83  0.96  1.38  0.97  0.90  0.63  0.64  0.81  0.94
% WNW     0.61  0.72  1.30  2.16  3.07  4.07  2.95  3.18  3.04  2.46  1.59  0.89
MEAN      3.03  3.03  3.33  3.63  4.75  5.02  4.91  5.06  5.55  5.62  3.95  3.28
STD DEV   1.35  1.25  1.78  2.11  2.82  2.62  2.55  2.66  2.68  2.63  2.13  1.40
SKEW      0.93  0.41  1.06  1.46  1.07  0.69  0.81  0.73  0.73  0.50  0.95  0.68
% NW      0.67  0.85  1.83  3.56  5.56  6.91  5.95  6.10  5.79  3.92  2.40  1.15
MEAN      3.51  3.24  4.22  4.84  5.34  5.74  5.85  5.77  6.51  5.98  4.99  4.05
STD DEV   1.59  1.50  1.94  2.40  2.46  2.58  2.78  2.51  2.99  2.70  2.37  1.76
SKEW      0.26  0.60  0.40  0.80  0.60  0.42  0.50  0.41  0.53  0.35  1.05  0.27
% NNW     1.01  1.56  2.81  6.22  8.76  9.53 10.80  9.17  8.35  5.05  3.99  2.02
MEAN      4.14  4.05  4.77  5.49  6.28  6.39  6.57  6.49  6.84  6.51  5.20  4.76
STD DEV   1.84  1.81  2.28  2.36  2.91  2.64  2.58  2.65  2.81  2.71  2.22  2.13
SKEW      0.46  0.58  0.62  0.31  0.58  0.53  0.20  0.32  0.33  0.31  0.38  0.63
CALM      6.65  9.05 11.29 10.96 10.74  8.31  8.88  7.61  5.75  4.76  6.22  6.03
                                                                                
INTERPOLATED DATA (station & weighting factor)                                  
                                                                                
---Wind Stations---                                                             
FT. WORTH     TX     .500  FT. WORTH     TX     .500  DALLAS        TX     .000 
