 Australia    Ourimbah (Dog Trap Road)                                          
 LATT= -33.37 LONG= 151.33 YEARS= 30. TYPE= 3
 ELEVATION =  640. TP5 = 2.70 TP6= 6.21
 MEAN P    .43   .63   .50   .54   .41   .55   .29   .54   .40   .34   .37   .41
 S DEV P   .75  1.17   .73   .78   .58   .97   .45   .99   .65   .49   .47   .62
 SKEW  P  5.21  5.51  3.07  2.63  2.61  5.45  3.27  3.37  3.44  2.59  3.42  3.67
 P(W/W)    .54   .60   .59   .58   .57   .60   .54   .49   .45   .50   .53   .50
 P(W/D)    .26   .28   .26   .22   .18   .19   .17   .14   .15   .19   .26   .25
 TMAX AV 81.57 80.06 77.09 72.30 67.05 62.01 61.69 64.74 69.72 73.77 76.07 79.40
 TMIN AV 65.17 64.96 62.04 56.41 51.19 47.75 45.48 46.31 50.46 55.10 58.92 62.40
 SD TMAX  8.62  7.56  6.25  5.66  4.77  3.85  4.32  5.51  7.36  8.51  8.85  8.48
 SD TMIN  4.26  4.11  4.37  4.74  5.12  5.02  4.89  5.02  5.56  5.38  5.28  4.62
 SOL.RAD  496.  444.  381.  306.  241.  198.  227.  302.  392.  451.  488.  518.
 SD SOL  122.2 113.8  98.7  75.7  58.9  53.6  56.8  68.1  86.5 110.1 122.5 126.4
 MX .5 P  1.24  1.20   .94   .79   .46   .55   .27   .49   .42   .53   .75   .97
 DEW PT  62.51 63.20 60.80 55.47 50.03 46.25 42.89 42.19 46.10 50.85 55.91 59.43
Time Pk   .200  .310  .400  .480  .560  .650  .720  .780  .840  .900  .960 1.000
% N       3.83  5.33  5.89  6.53  4.25  3.76  3.39  3.52  3.10  2.99  3.59  4.22
MEAN      2.78  2.85  2.79  2.94  2.86  2.92  3.07  3.16  3.05  3.27  2.98  2.96
STD DEV   1.09  1.26  1.06  1.21  1.20  1.20  1.45  1.32  1.30  1.45  1.27  1.15
SKEW      0.84  1.51  0.86  1.12  1.26  1.08  1.38  1.06  0.96  1.13  0.94  0.87
% NNE     2.27  3.64  5.30  5.15  3.05  3.20  2.49  2.69  2.11  1.91  2.49  3.08
MEAN      3.21  3.24  3.51  3.61  3.39  3.52  3.70  3.63  3.66  4.05  3.34  3.35
STD DEV   1.30  1.32  1.51  1.54  1.33  1.46  1.67  1.27  1.55  1.81  1.33  1.40
SKEW      1.05  1.20  1.17  0.91  0.85  0.68  0.93  0.34  0.56  0.98  0.61  0.93
% NE      7.89 12.20 17.50 17.87 10.21 10.83  8.60 10.81  8.79  6.68  8.73  9.80
MEAN      3.61  3.63  4.16  4.22  3.81  3.94  3.95  4.09  4.15  4.08  3.84  3.78
STD DEV   1.50  1.51  1.89  1.83  1.57  1.71  1.74  1.69  1.69  1.81  1.66  1.57
SKEW      0.77  0.73  1.01  0.63  0.58  0.78  0.87  0.58  0.47  0.72  0.82  0.64
% ENE     4.97  6.10 10.95  9.23  5.58  6.76  6.45  7.07  6.48  4.64  5.92  5.70
MEAN      3.79  3.86  4.47  4.44  4.01  4.42  4.36  4.61  4.45  4.27  4.20  3.99
STD DEV   1.47  1.58  1.78  1.75  1.58  1.74  1.78  1.74  1.73  1.77  1.70  1.56
SKEW      0.61  0.87  0.66  0.46  0.58  0.47  0.67  0.49  0.56  0.66  0.63  0.53
% E       5.76  6.06  8.42  6.14  4.35  4.57  4.92  4.76  5.06  4.72  6.06  6.63
MEAN      3.39  3.29  3.56  3.47  3.26  3.30  3.42  3.67  3.80  3.65  3.55  3.42
STD DEV   1.42  1.40  1.56  1.49  1.34  1.45  1.52  1.58  1.55  1.53  1.52  1.45
SKEW      0.71  0.88  0.81  0.73  0.73  0.76  0.96  0.84  0.61  0.76  0.78  0.82
% ESE     3.58  3.58  3.79  2.80  2.06  1.85  1.92  2.64  3.06  3.80  4.15  4.27
MEAN      3.43  3.26  3.56  3.33  3.17  3.13  3.18  3.52  3.72  3.74  3.61  3.70
STD DEV   1.34  1.20  1.54  1.37  1.23  1.19  1.24  1.38  1.47  1.48  1.38  1.39
SKEW      0.74  0.78  0.91  0.76  0.62  0.59  0.76  0.73  0.69  0.67  0.46  0.58
% SE      6.59  5.80  4.74  3.54  3.56  3.47  3.40  3.77  4.78  6.36  6.63  6.45
MEAN      3.15  3.06  3.06  2.91  2.95  2.95  2.98  3.19  3.38  3.58  3.24  3.22
STD DEV   1.28  1.23  1.21  1.14  1.23  1.32  1.25  1.34  1.50  1.56  1.27  1.33
SKEW      0.89  0.92  0.87  0.89  1.00  1.42  0.93  0.97  0.90  0.80  0.69  0.94
% SSE     3.90  3.31  2.45  1.68  2.25  1.96  1.99  2.47  2.83  4.14  3.40  3.45
MEAN      3.26  3.17  3.27  3.26  3.19  3.41  3.36  3.51  3.74  3.93  3.36  3.41
STD DEV   1.31  1.22  1.29  1.28  1.35  1.42  1.66  1.58  1.67  1.77  1.44  1.41
SKEW      0.95  0.91  0.77  0.59  0.94  0.59  1.10  0.90  0.92  1.05  0.80  0.98
% S       7.60  5.89  4.66  3.39  5.23  5.20  5.72  5.27  6.05  8.66  7.22  6.32
MEAN      3.18  3.07  3.04  3.32  3.38  3.62  3.76  3.84  3.91  3.94  3.38  3.29
STD DEV   1.36  1.30  1.26  1.64  1.57  1.83  1.97  1.81  1.81  1.72  1.38  1.44
SKEW      1.14  0.95  0.86  1.03  1.21  1.18  1.20  1.06  0.87  0.91  0.89  1.00
% SSW     5.65  3.62  2.36  1.69  3.63  3.67  4.10  4.30  4.67  5.82  4.24  4.07
MEAN      3.70  3.31  3.40  3.33  3.90  3.91  4.26  4.48  4.61  4.44  3.80  3.68
STD DEV   1.49  1.41  1.30  1.41  1.73  1.71  1.98  1.99  2.17  1.91  1.49  1.48
SKEW      0.80  1.10  0.55  0.69  0.89  0.85  0.84  0.71  0.84  0.79  0.74  0.74
% SW     10.08  7.73  4.16  3.94  7.73  8.15  7.90  8.28  8.02  9.79  8.28  8.09
MEAN      3.62  3.28  3.27  3.18  3.72  3.82  4.04  4.30  4.39  4.50  3.69  3.63
STD DEV   1.51  1.34  1.45  1.47  1.74  1.72  1.86  2.02  2.06  2.10  1.59  1.53
SKEW      0.78  0.86  1.01  0.95  0.78  0.79  0.78  0.78  0.85  0.74  0.80  0.85
% WSW     7.88  5.30  3.25  4.07  7.24  8.62  8.14  8.12  8.62  8.69  7.12  6.89
MEAN      3.87  3.55  3.56  3.76  4.34  4.48  4.48  4.92  5.05  5.32  4.29  4.05
STD DEV   1.46  1.43  1.54  1.70  1.94  1.86  1.89  2.01  2.28  2.31  1.73  1.57
SKEW      0.64  0.94  0.79  0.83  0.75  0.68  0.59  0.49  0.71  0.60  0.67  0.68
% W       7.92  6.16  4.25  5.68 10.20 10.78 12.15 10.17 10.79  9.59  8.34  7.79
MEAN      3.46  3.19  3.11  3.52  4.30  4.47  4.75  5.10  5.21  4.87  4.00  3.80
STD DEV   1.47  1.39  1.50  1.80  2.10  2.06  2.14  2.40  2.39  2.38  1.92  1.74
SKEW      0.71  0.84  1.02  1.00  0.62  0.61  0.46  0.62  0.48  0.62  0.72  0.73
% WNW     4.69  4.07  3.31  5.43  8.39  8.10  9.89  9.54  9.41  7.65  6.22  5.46
MEAN      3.64  3.28  3.47  3.96  4.99  5.08  5.19  5.65  5.89  5.67  4.42  4.24
STD DEV   1.54  1.37  1.52  1.83  2.38  2.27  2.20  2.36  2.58  2.51  1.95  1.84
SKEW      0.83  0.80  0.84  0.78  0.55  0.40  0.30  0.26  0.44  0.52  0.55  0.64
% NW      5.42  6.30  5.29  7.91  8.60  6.84  7.47  7.46  7.09  5.96  6.32  6.28
MEAN      3.10  3.05  3.01  3.24  3.71  3.72  4.00  4.19  4.48  4.10  3.43  3.48
STD DEV   1.34  1.28  1.35  1.48  1.86  1.78  1.82  1.90  2.30  2.02  1.67  1.58
SKEW      1.01  1.06  1.12  1.44  1.26  1.31  1.01  0.93  0.91  0.91  1.27  1.02
% NNW     2.18  3.09  3.24  4.07  3.18  2.75  2.73  2.51  2.71  2.33  2.69  2.72
MEAN      2.98  3.05  2.97  3.21  3.26  3.19  3.56  3.81  3.66  4.19  3.22  3.43
STD DEV   1.16  1.33  1.38  1.29  1.46  1.34  1.54  1.77  1.78  1.86  1.22  1.52
SKEW      0.89  1.00  1.16  0.99  1.29  1.21  0.75  0.71  1.10  0.56  0.93  0.85
CALM      9.82 11.86 10.40 10.82 10.43  9.48  8.63  6.54  6.36  6.26  8.58  8.73
                                                                                
INTERPOLATED DATA (station & weighting factor)                                  
                                                                                
---Wind Stations---                                                             
ATHENS        GA     .412  AUGUSTA/BUSH  GA     .297  ANDERSON      SC     .291 
