 Australia    Beagle Bay                                                        
 LATT= -16.98 LONG= 122.67 YEARS= 30. TYPE= 4
 ELEVATION =   30. TP5 = 2.60 TP6= 8.71
 MEAN P    .75   .71   .52   .40   .54   .67   .95   .15   .32   .25   .59   .64
 S DEV P  1.06  1.06   .73   .56   .86  1.20  1.81   .26   .52   .28   .80   .99
 SKEW  P  3.33  2.94  3.58  3.73  2.67  2.00  3.16  1.84  1.67  1.58  2.38  3.59
 P(W/W)    .63   .63   .54   .33   .40   .32   .48   .33   .22   .34   .24   .42
 P(W/D)    .26   .30   .24   .10   .05   .02   .01   .01   .01   .02   .06   .15
 TMAX AV 84.51 84.42 85.62 86.46 83.60 79.59 78.09 78.28 80.20 82.17 83.92 84.78
 TMIN AV 82.12 81.90 82.37 81.46 76.52 71.80 69.93 71.34 75.37 79.15 81.43 82.38
 SD TMAX  1.56  1.77  2.32  2.30  2.71  2.64  2.25  2.35  2.87  2.79  2.39  2.11
 SD TMIN  1.80  2.03  2.23  2.38  3.14  3.35  3.44  2.61  2.24  2.12  1.77  1.75
 SOL.RAD  541.  532.  532.  515.  455.  427.  450.  523.  596.  641.  662.  599.
 SD SOL  130.7 122.1 105.2  78.3  73.5  59.8  62.3  52.5  56.1  80.7  87.4 125.8
 MX .5 P  1.45  1.28   .97   .41   .27   .26   .19   .12   .22   .32   .50   .83
 DEW PT  77.30 77.25 77.15 73.43 65.88 61.09 59.96 62.09 68.15 73.19 75.36 76.88
Time Pk   .160  .270  .360  .460  .540  .640  .710  .770  .830  .890  .950 1.000
% N       0.58  1.87  7.31  9.96 12.68 13.36 12.78 10.65  8.36  4.60  3.94  1.06
MEAN      3.36  3.57  4.99  5.32  6.23  6.04  6.16  6.62  6.80  6.94  5.78  4.05
STD DEV   1.34  1.65  2.10  2.28  2.84  2.59  2.73  2.79  2.87  2.79  2.42  1.49
SKEW      0.14  0.82  0.57  0.34  0.37  0.33  0.33  0.32  0.30  0.03  0.27  0.28
% NNE     0.62  1.88  8.04  9.66 10.93 10.83 10.83  9.46  7.45  5.34  3.11  1.26
MEAN      3.41  4.25  5.29  5.47  6.09  5.81  5.80  6.03  6.43  6.70  5.92  4.46
STD DEV   1.40  1.71  2.05  2.18  2.70  2.48  2.54  2.39  2.56  2.43  2.46  1.70
SKEW      0.18  0.42  0.43  0.47  0.43  0.39  0.43  0.44  0.32  0.01  0.32  0.11
% NE      0.73  1.89  6.86  6.67  7.74  6.86  7.78  6.79  5.56  4.48  2.51  1.62
MEAN      4.00  4.05  5.08  5.11  5.27  4.69  5.00  5.34  5.66  5.61  4.97  4.65
STD DEV   1.73  1.60  2.07  2.13  2.29  2.17  2.19  2.12  2.33  2.24  2.01  1.81
SKEW      0.69  0.32  0.45  0.45  0.53  0.71  0.49  0.23  0.34  0.12  0.28  0.13
% ENE     1.05  2.82  7.52  5.23  4.51  3.93  4.34  5.47  6.36  4.87  3.42  2.09
MEAN      4.62  4.96  5.22  4.98  4.57  4.30  4.74  5.17  5.69  5.81  5.61  5.06
STD DEV   2.00  1.87  1.94  1.97  1.83  1.83  2.03  2.15  2.17  2.13  2.11  1.75
SKEW      0.17  0.09  0.31  0.26  0.23  0.40  0.56  0.53  0.14  0.17  0.45 -0.01
% E       4.13  7.78 12.13  9.21  4.46  4.82  4.00  6.07  8.59  8.42  6.94  6.02
MEAN      5.09  5.33  5.02  4.52  4.06  3.82  3.91  4.60  5.19  5.50  5.32  5.13
STD DEV   2.02  1.99  2.12  1.81  1.70  1.58  1.57  1.97  2.11  1.99  1.96  1.97
SKEW      0.00 -0.02  1.13  0.28  0.42  0.47  0.36  0.48  0.24  0.09  0.17  0.20
% ESE     9.77 12.32 11.42 10.27  4.21  4.17  3.25  6.40  9.26 13.27 13.47 13.43
MEAN      5.93  5.52  4.94  4.68  4.32  4.02  4.39  4.82  5.33  5.96  5.91  5.89
STD DEV   2.01  2.00  1.86  1.87  1.66  1.73  1.71  1.96  2.06  2.12  2.07  2.12
SKEW     -0.20 -0.08  0.18  0.31  0.35  0.66  0.36  0.41  0.36  0.15  0.08  0.06
% SE     28.62 24.12 16.08 15.44  9.85  8.20  9.70 12.85 17.53 25.13 32.29 32.23
MEAN      6.41  5.92  5.26  5.01  5.25  4.84  5.66  6.28  6.54  7.16  6.76  6.51
STD DEV   2.29  2.33  2.18  2.18  2.19  2.19  2.32  2.56  2.53  2.43  2.37  2.30
SKEW      0.01  0.10  0.38  0.51  0.28  0.55  0.28  0.20  0.17 -0.01 -0.01 -0.07
% SSE    30.41 21.66 10.20 10.91 14.15 13.17 16.38 15.34 18.66 19.96 21.23 26.50
MEAN      6.26  5.94  5.53  5.69  6.44  6.39  6.84  7.06  7.68  7.84  7.15  6.58
STD DEV   2.40  2.49  2.34  2.39  2.50  2.53  2.51  2.67  2.70  2.65  2.52  2.38
SKEW      0.25  0.26  0.34  0.40  0.17  0.17  0.16  0.13  0.05  0.01 -0.02 -0.03
% S      14.98 12.51  6.04  5.03  9.51  9.31  9.27  7.31  6.04  5.04  5.40  7.96
MEAN      4.85  4.90  4.73  4.91  5.95  5.85  6.25  5.97  6.63  6.40  5.98  5.28
STD DEV   2.10  2.17  2.21  2.22  2.62  2.56  2.66  2.45  2.86  2.75  2.59  2.32
SKEW      0.54  0.45  0.54  0.54  0.43  0.31  0.39  0.29  0.21  0.17  0.27  0.45
% SSW     3.16  3.70  2.11  1.72  3.06  3.28  2.53  2.31  1.40  1.07  0.88  1.62
MEAN      4.02  3.93  4.03  3.77  4.81  4.90  4.88  5.20  5.09  4.64  4.27  4.33
STD DEV   1.78  1.89  1.91  1.73  2.26  2.39  2.17  2.25  2.42  1.75  2.05  1.96
SKEW      0.68  0.66  0.73  0.80  0.43  0.56  0.57  0.39  0.34  0.34  0.72  0.71
% SW      1.55  1.58  1.28  1.29  1.68  1.99  1.40  1.49  0.79  0.75  0.68  0.88
MEAN      3.04  2.92  3.01  3.04  3.31  3.60  3.73  4.04  3.68  3.91  2.97  3.13
STD DEV   1.29  1.29  1.31  1.28  1.38  1.66  1.63  1.85  1.73  1.64  1.16  1.33
SKEW      0.67  0.41  0.69  0.48  0.63  0.47  0.65  0.53  0.33  0.61  0.73  0.75
% WSW     0.56  0.79  0.70  0.70  1.04  1.21  0.91  0.96  0.51  0.54  0.41  0.41
MEAN      2.80  3.04  2.59  2.96  3.10  3.25  3.18  3.53  3.75  3.64  3.01  2.57
STD DEV   1.06  1.25  1.01  1.13  1.19  1.40  1.25  1.52  1.49  1.41  1.04  0.87
SKEW      0.31  0.53  0.66  0.80  0.28  0.38  0.53  0.42  0.14  0.24  0.24  0.79
% W       0.49  0.80  1.26  1.21  1.52  1.87  1.53  1.37  0.76  0.63  0.65  0.64
MEAN      2.55  2.65  2.93  2.77  2.96  3.14  3.64  3.86  3.84  3.04  2.83  2.47
STD DEV   0.78  1.16  1.98  1.08  1.24  1.43  1.63  1.91  1.87  1.42  0.83  0.94
SKEW      0.78  0.56  1.92  0.47  0.71  0.72  0.60  1.10  0.85  0.51 -0.42  0.40
% WNW     0.26  0.48  0.79  1.23  1.55  1.86  1.81  1.57  0.89  0.58  0.54  0.48
MEAN      2.21  2.54  3.58  3.31  3.90  4.66  4.64  4.92  5.59  3.97  3.33  2.44
STD DEV   0.60  0.75  2.74  1.79  1.80  2.68  2.61  2.60  3.05  2.12  1.34  0.72
SKEW     -0.05  0.23  1.24  1.33  0.53  0.92  1.11  0.76  0.51  1.12  0.66  0.40
% NW      0.32  0.89  1.60  2.52  3.51  4.46  3.65  3.50  2.07  1.57  0.94  0.77
MEAN      2.05  2.63  3.92  3.90  4.58  5.06  5.68  6.35  5.95  5.32  4.03  3.50
STD DEV   0.79  1.14  2.60  2.01  2.30  2.60  3.12  3.15  3.12  2.56  1.79  1.39
SKEW      0.34  0.63  1.53  0.91  0.65  0.66  0.84  0.40  0.45  0.48  0.41  0.57
% NNW     0.27  1.08  2.70  4.86  6.52  7.51  7.35  6.56  4.03  2.59  1.76  0.77
MEAN      2.86  3.12  4.34  5.33  5.87  5.91  6.01  6.49  7.06  6.37  5.55  3.77
STD DEV   1.17  1.18  1.90  2.61  2.64  2.79  2.56  2.89  3.18  2.69  2.57  1.44
SKEW      0.11  0.58  0.91  0.60  0.52  0.42  0.33  0.41  0.29  0.12  0.41  0.33
CALM      2.44  3.78  4.01  4.06  3.05  3.05  2.49  1.90  1.71  1.12  1.86  2.28
                                                                                
INTERPOLATED DATA (station & weighting factor)                                  
                                                                                
---Wind Stations---                                                             
CORPUS CHRISTITX     .337  CORPUS CHRISTITX     .337  CORPUS CHRISTITX     .325 
