 Australia    Lancefield                                                        
 LATT= -37.27 LONG= 144.72 YEARS= 30. TYPE= 3
 ELEVATION = 1519. TP5 = 2.43 TP6= 4.94
 MEAN P    .25   .29   .23   .24   .22   .22   .18   .19   .22   .20   .26   .29
 S DEV P   .33   .44   .39   .35   .29   .31   .27   .24   .27   .29   .34   .41
 SKEW  P  2.23  3.59  3.31  2.85  2.66  2.86  3.43  2.59  2.23  3.72  2.23  3.94
 P(W/W)    .38   .38   .40   .48   .51   .61   .63   .65   .58   .48   .49   .46
 P(W/D)    .14   .15   .15   .17   .28   .34   .39   .35   .34   .31   .22   .17
 TMAX AV 76.93 76.39 71.48 63.87 56.42 50.88 49.59 51.76 56.59 62.49 68.21 72.97
 TMIN AV 54.14 54.58 51.51 46.63 42.91 39.82 38.50 38.76 40.92 43.83 47.68 50.70
 SD TMAX  9.81  9.23  8.71  7.01  4.88  3.49  3.26  4.51  5.87  8.01  9.28  9.56
 SD TMIN  7.46  6.82  6.44  5.69  4.81  4.31  4.04  4.32  5.31  6.22  7.09  7.27
 SOL.RAD  544.  489.  394.  273.  186.  142.  158.  227.  319.  416.  487.  543.
 SD SOL  123.4 110.7  94.7  76.4  57.1  47.1  54.5  67.4  87.8 108.7 120.9 129.4
 MX .5 P   .69   .55   .44   .35   .31   .29   .20   .29   .30   .39   .60   .56
 DEW PT  49.64 50.51 48.17 45.11 43.29 41.15 39.72 39.31 40.87 42.48 45.51 46.91
Time Pk   .070  .150  .240  .320  .400  .510  .600  .690  .780  .860  .940 1.000
% N       4.31  4.89  6.76  5.50  4.39  3.87  4.75  5.13  4.25  4.25  3.51  3.96
MEAN      2.51  2.59  2.64  2.86  3.00  2.80  3.23  2.90  2.91  3.20  2.70  2.74
STD DEV   1.20  1.18  1.31  1.50  1.67  1.45  1.52  1.47  1.40  1.46  1.41  1.44
SKEW      1.06  0.84  0.98  1.00  0.84  0.83  0.51  1.04  0.81  0.53  0.99  1.21
% NNE     4.79  5.74  6.53  6.22  4.28  4.25  5.89  5.68  4.54  3.82  4.64  4.30
MEAN      2.91  2.79  3.09  3.31  3.12  2.84  3.55  3.31  3.37  3.40  2.91  2.73
STD DEV   1.39  1.26  1.55  1.72  1.42  1.48  1.46  1.52  1.49  1.45  1.39  1.31
SKEW      0.71  0.82  0.85  0.91  0.72  1.14  0.37  0.84  0.61  0.47  0.66  1.31
% NE      6.76  8.96  9.86 11.11  7.64  8.00  8.22  9.76  8.00  6.87  7.38  7.50
MEAN      2.33  2.25  2.30  2.41  2.36  2.22  2.38  2.40  2.79  2.53  2.47  2.31
STD DEV   1.20  1.14  1.07  1.34  1.14  0.91  1.02  1.02  1.32  1.26  1.16  1.01
SKEW      1.34  1.48  1.31  1.64  0.96  0.53  0.95  0.98  0.76  1.36  0.97  0.92
% ENE     3.36  4.38  4.87  4.16  2.64  2.89  2.95  2.73  3.03  2.67  3.28  3.16
MEAN      2.41  2.15  2.43  2.38  2.23  2.20  2.25  2.40  2.82  2.46  2.65  2.18
STD DEV   1.14  0.91  1.18  1.25  0.83  0.94  1.00  0.88  1.35  1.10  1.37  0.90
SKEW      0.99  0.57  1.82  1.35 -0.43  0.62  0.73  0.00  0.85  0.89  0.81  0.51
% E       2.75  3.49  3.76  2.58  2.04  2.31  2.10  2.27  2.15  1.95  2.67  2.59
MEAN      2.13  1.98  1.95  2.03  1.98  1.98  2.06  2.15  2.33  2.23  2.17  2.10
STD DEV   1.00  0.84  0.83  0.96  0.81  0.86  0.94  0.92  1.01  1.00  1.10  0.94
SKEW      1.29  0.70  0.74  1.36  0.23  1.16  1.02  0.73  0.75  0.93  1.06  0.78
% ESE     2.38  2.92  2.46  1.97  1.68  2.27  1.91  1.92  2.86  2.01  2.34  2.46
MEAN      2.21  2.13  2.14  2.16  2.38  2.41  2.42  2.60  2.90  2.81  2.26  2.37
STD DEV   0.97  0.99  0.93  0.96  1.19  1.20  1.03  1.25  1.49  1.25  0.99  1.01
SKEW      1.16  1.07  1.37  0.89  0.96  1.06  0.75  0.83  0.95  0.80  0.72  0.84
% SE      4.67  4.95  5.28  5.00  4.04  5.92  5.12  4.52  5.26  4.19  3.76  4.50
MEAN      2.15  1.99  2.20  2.13  2.64  2.78  2.60  2.76  2.99  2.80  2.14  2.20
STD DEV   0.96  1.03  0.99  1.13  1.62  1.42  1.31  1.41  1.62  1.54  0.94  1.00
SKEW      0.96  1.62  1.11  1.44  1.48  0.92  1.10  1.24  1.23  1.11  1.00  1.15
% SSE     4.10  3.93  4.58  4.23  5.86  7.63  8.84  6.42  6.07  6.03  4.83  4.52
MEAN      2.21  2.16  2.66  2.66  3.53  3.55  3.56  3.88  3.74  3.80  2.66  2.56
STD DEV   1.01  0.95  1.19  1.47  2.07  1.85  1.73  1.83  2.20  2.08  1.25  1.24
SKEW      0.95  1.26  0.72  0.78  1.44  0.63  0.77  0.51  1.05  0.83  0.91  0.86
% S       7.22  6.20  6.28  6.70  9.53  9.51 11.30  8.24  7.67  9.33  7.96  8.21
MEAN      2.64  2.25  2.54  2.41  3.27  3.31  3.77  3.66  3.70  3.76  2.86  2.41
STD DEV   1.30  1.19  1.37  1.35  2.03  2.05  2.01  2.02  2.13  2.14  1.58  1.25
SKEW      1.14  1.15  1.19  1.13  1.33  1.28  0.72  0.90  1.12  0.83  1.10  1.42
% SSW     7.42  4.90  4.03  4.14  7.39  7.47  8.43  6.80  7.33  9.37  7.92  7.62
MEAN      3.34  2.88  3.21  3.35  3.78  3.67  4.57  4.16  4.18  4.66  3.41  3.09
STD DEV   1.65  1.51  1.47  1.77  2.12  2.05  2.38  2.09  2.11  2.41  1.72  1.56
SKEW      0.79  0.93  0.28  0.71  0.87  0.97  0.75  0.66  0.73  0.57  0.75  1.18
% SW      8.39  5.66  4.69  4.76  7.20  7.15  6.28  7.09  7.85  8.11  9.35  9.21
MEAN      3.06  2.65  2.79  2.89  3.63  3.75  3.90  3.97  4.45  4.17  3.37  3.00
STD DEV   1.50  1.31  1.36  1.67  2.11  2.24  2.01  2.35  2.57  2.20  1.65  1.45
SKEW      0.75  0.88  0.84  1.02  0.97  1.25  0.91  1.03  0.85  0.61  0.84  1.03
% WSW     6.02  5.05  4.11  4.24  7.04  7.71  6.91  7.45  8.73  8.54  7.92  6.85
MEAN      3.35  3.24  3.03  3.36  4.03  4.35  4.60  4.57  4.92  4.78  3.87  3.52
STD DEV   1.48  1.56  1.53  1.63  1.91  2.08  2.26  2.21  2.48  2.32  1.95  1.68
SKEW      0.83  0.91  0.71  0.66  0.67  0.67  0.93  0.95  0.64  0.57  0.96  0.88
% W       4.87  5.02  3.86  4.49  6.71  6.89  6.33  7.33  7.76  6.94  6.52  5.89
MEAN      2.90  2.63  2.79  2.90  3.72  3.77  4.35  4.25  4.34  4.30  3.69  3.08
STD DEV   1.48  1.27  1.40  1.55  1.82  1.94  2.10  2.19  2.19  2.14  2.09  1.46
SKEW      0.93  1.01  0.83  0.99  0.60  0.88  0.58  0.73  0.52  0.58  1.46  0.74
% WNW     2.74  2.75  2.58  3.38  6.42  5.28  5.10  5.52  6.69  6.08  3.93  2.74
MEAN      3.09  2.92  3.18  3.56  4.35  4.35  4.50  4.87  4.87  4.77  3.75  3.34
STD DEV   1.46  1.31  1.59  1.77  2.12  2.13  1.82  2.19  2.12  2.08  1.76  1.45
SKEW      0.71  0.55  0.87  0.57  0.68  0.57  0.22  0.28  0.20  0.32  0.50  0.51
% NW      3.97  4.07  4.64  4.82  5.23  4.39  4.72  5.01  5.68  5.45  4.73  3.59
MEAN      2.76  2.78  2.60  2.99  3.65  3.28  3.82  3.55  4.05  3.70  3.17  2.92
STD DEV   1.40  1.45  1.29  1.55  1.94  1.59  1.76  1.92  1.94  1.94  1.58  1.45
SKEW      1.05  0.99  1.02  0.82  0.72  0.59  0.43  0.78  0.59  0.96  0.74  0.97
% NNW     2.48  2.90  2.94  2.99  3.35  2.75  3.07  2.79  3.15  3.96  2.91  2.70
MEAN      2.76  2.74  2.90  3.17  3.35  3.33  3.47  3.26  3.68  3.58  3.14  2.80
STD DEV   1.12  1.22  1.27  1.51  1.57  1.67  1.56  1.42  1.57  1.63  1.43  1.36
SKEW      0.63  0.54  0.72  0.57  0.57  0.93  0.62  0.48  0.37  0.58  0.64  0.95
CALM     23.84 24.25 22.77 23.73 14.54 11.74  8.15 11.26  9.19 10.28 16.29 20.27
                                                                                
INTERPOLATED DATA (station & weighting factor)                                  
                                                                                
---Wind Stations---                                                             
CORBIN        KY     .433  KNOXVILLE     TN     .345  SMITHVILLE    TN     .222 
