 Australia    Miandetta (Tyrone)                                                
 LATT= -31.60 LONG= 146.94 YEARS= 30. TYPE= 3
 ELEVATION =  623. TP5 = 2.62 TP6= 7.42
 MEAN P    .51   .48   .42   .43   .45   .26   .26   .25   .26   .26   .36   .42
 S DEV P   .71   .70   .50   .58   .59   .33   .31   .28   .31   .26   .46   .57
 SKEW  P  3.27  4.88  1.90  2.36  2.23  2.25  1.65  2.61  2.65  1.69  2.70  2.53
 P(W/W)    .34   .38   .32   .39   .41   .35   .38   .29   .30   .36   .34   .30
 P(W/D)    .10   .09   .07   .08   .09   .10   .11   .10   .11   .12   .11   .08
 TMAX AV 93.59 90.95 85.60 77.72 68.58 61.69 60.84 64.74 72.29 79.38 85.12 90.17
 TMIN AV 69.67 68.10 62.36 53.96 46.73 42.70 40.38 41.38 46.88 54.04 60.59 65.48
 SD TMAX  7.87  8.10  7.01  6.90  5.93  5.02  5.12  6.39  8.02  8.53  8.77  8.21
 SD TMIN  6.44  5.99  6.32  6.52  6.39  6.01  6.20  6.28  6.85  7.09  7.34  6.77
 SOL.RAD  623.  555.  481.  377.  282.  230.  256.  339.  445.  539.  591.  633.
 SD SOL  119.9 117.9  97.1  76.1  63.2  59.9  58.8  71.8  90.2 104.1 127.0 128.9
 MX .5 P   .75   .52   .38   .28   .31   .24   .26   .20   .25   .38   .46   .47
 DEW PT  52.98 54.02 51.06 46.76 44.44 42.69 39.76 38.24 40.07 42.87 46.34 48.34
Time Pk   .160  .270  .360  .460  .540  .640  .710  .770  .830  .890  .950 1.000
% N       0.46  1.83  6.45  7.79  9.63  9.03  8.38  7.13  7.32  4.58  4.27  1.26
MEAN      3.12  3.22  3.55  4.33  4.90  4.61  4.82  5.02  5.64  5.19  4.78  3.73
STD DEV   0.95  1.54  2.02  2.25  2.61  2.84  2.39  2.67  2.85  2.75  2.41  1.74
SKEW      0.15  0.61  1.39  0.46  0.45  0.51  0.59  0.53  0.43  0.66  0.47  0.45
% NNE     0.32  2.55  4.80  6.16  8.38  5.88  6.86  5.96  5.51  4.39  4.10  1.58
MEAN      1.90  4.10  4.04  4.59  5.10  4.55  5.18  5.15  5.69  5.82  5.24  4.46
STD DEV   0.30  1.51  1.82  2.27  2.33  2.20  2.41  2.33  2.37  2.53  2.63  2.15
SKEW      0.09  0.83  0.76  0.79  0.41  0.39  0.45  0.45  0.22  0.18  0.42  0.69
% NE      1.32  4.11  9.07  8.07  7.75  7.17  7.95  7.89  6.89  7.18  4.67  2.68
MEAN      3.19  3.31  3.57  3.46  3.87  3.59  4.05  4.26  4.03  4.58  3.83  4.05
STD DEV   1.41  1.69  1.62  1.63  2.10  1.52  2.00  1.88  2.06  2.30  1.98  1.84
SKEW      0.39  1.07  0.67  0.66  0.74  0.35  1.20  0.64  0.54  0.45  0.87  0.58
% ENE     1.67  4.11  7.99  4.19  4.55  3.21  4.97  6.64  5.92  5.56  4.51  2.64
MEAN      3.52  3.83  3.91  3.67  3.80  3.49  4.02  4.47  4.76  4.63  4.07  3.90
STD DEV   1.78  1.88  1.77  1.57  1.72  1.29  1.71  2.09  2.02  2.08  1.81  1.55
SKEW      1.17  0.62  0.73  0.72  0.57  0.23  0.69  0.72  0.46  0.37  0.65  0.55
% E       6.27  8.88 10.43  6.68  6.13  4.99  6.29  7.79  8.30  8.23  6.93  6.30
MEAN      3.36  3.22  3.27  3.18  3.36  3.18  3.69  3.70  3.89  4.21  3.68  4.22
STD DEV   1.66  1.51  1.60  1.47  1.56  1.47  1.59  1.73  1.69  1.78  1.55  1.94
SKEW      1.03  1.02  0.70  0.88  0.63  0.62  0.74  0.86  0.41  0.67  0.58  0.69
% ESE    10.91 11.40  9.66  7.30  4.91  5.20  5.75  6.91  9.51 12.96 13.58 12.85
MEAN      4.57  4.31  4.15  3.61  3.42  3.37  3.73  4.20  4.79  5.11  5.21  4.97
STD DEV   2.12  1.88  1.91  1.53  1.56  1.50  1.68  1.96  2.05  2.08  2.20  2.00
SKEW      0.68  0.71  0.93  0.56  0.51  0.63  1.02  0.77  0.41  0.47  0.53  0.64
% SE     43.39 34.48 22.27 19.24 11.91 11.38 11.95 14.46 17.23 24.27 32.29 41.04
MEAN      5.04  4.59  4.25  4.00  3.75  3.43  4.24  4.52  4.99  5.23  5.57  5.45
STD DEV   2.16  1.99  1.91  1.82  1.74  1.61  1.94  2.12  2.15  2.16  2.11  2.06
SKEW      0.51  0.68  0.61  0.54  0.53  0.87  0.53  0.79  0.46  0.48  0.15  0.30
% SSE    16.61 12.21  8.14  7.71  7.48  6.39  5.63  6.92  8.48  8.54 11.35 16.10
MEAN      5.03  4.45  4.30  4.56  4.33  3.98  4.54  4.79  5.27  5.32  5.53  5.50
STD DEV   1.93  1.59  1.69  1.83  1.80  1.67  2.17  2.28  1.99  2.08  2.02  1.87
SKEW      0.26  0.46  0.33  0.13  0.06  0.22  0.29  0.46  0.17  0.19  0.24  0.21
% S       5.70  4.68  4.06  5.74  5.26  5.27  4.06  4.87  5.00  3.86  4.01  5.04
MEAN      3.88  3.61  3.39  3.28  3.53  3.53  3.79  3.73  4.18  4.13  4.07  4.43
STD DEV   1.58  1.51  1.62  1.44  1.66  1.76  2.11  1.87  1.83  1.74  1.77  1.78
SKEW      0.52  0.50  0.65  0.41  0.76  0.30  0.63  0.52  0.60 -0.05  0.22  0.50
% SSW     0.82  1.16  0.70  2.31  2.44  3.06  2.62  1.71  2.00  1.84  0.94  0.82
MEAN      2.46  3.12  3.53  3.25  3.45  3.17  3.61  3.53  3.89  4.33  3.50  3.65
STD DEV   0.68  1.24  0.76  1.27  1.64  1.35  1.58  1.62  1.83  1.84  1.59  1.29
SKEW      0.19  0.25  0.20  0.58  0.60  0.22  0.36  0.42  0.40  0.26  0.48  0.42
% SW      0.57  0.50  0.76  1.41  2.83  2.75  2.87  2.13  1.55  1.59  0.95  0.53
MEAN      2.36  2.97  2.57  2.43  3.03  2.96  3.51  3.42  3.32  3.68  3.23  2.87
STD DEV   0.69  0.67  0.79  0.97  1.41  1.27  1.70  1.82  1.62  1.89  1.38  0.72
SKEW      0.41  0.14  0.35  0.20  0.38  0.39  0.50  0.64  0.87  0.59  0.35  0.03
% WSW     0.17  0.16  0.30  0.58  1.08  1.46  1.25  0.91  0.57  0.97  0.51  0.11
MEAN      2.24  2.93  3.29  2.43  2.66  3.24  3.53  4.86  4.26  3.41  2.08  2.01
STD DEV   0.19  0.23  0.43  1.08  1.36  1.11  1.47  1.83  1.21  0.90  0.96  0.12
SKEW      0.02  0.11  0.21  0.82  0.32  0.67  0.39  0.36  0.61 -0.13 -0.11  0.00
% W       0.17  0.27  0.32  1.01  1.82  2.79  2.20  1.76  1.47  1.29  0.51  0.22
MEAN      1.32  6.48  1.42  2.36  2.74  3.17  3.47  3.88  4.71  3.91  2.67  1.25
STD DEV   0.21  0.60  0.42  0.90  1.13  1.51  2.02  1.98  2.04  1.97  1.24  0.32
SKEW      0.15  0.12  0.70 -0.26  0.97  0.42  1.41  0.62  0.24  0.80  0.46  0.08
% WNW     0.09  0.15  0.23  1.09  1.32  1.66  2.54  2.87  1.86  1.80  0.85  0.27
MEAN      0.49  3.00  1.61  3.25  2.99  3.37  5.60  5.26  5.97  5.85  3.67  1.87
STD DEV   0.19  0.27  0.83  1.26  1.14  1.13  3.22  2.79  3.44  2.65  1.75  0.38
SKEW     -0.04  0.19  0.35  0.30 -0.04  0.51  0.69  0.52  0.30  0.32  0.28 -0.04
% NW      0.17  0.97  1.37  3.33  5.16  6.44  6.22  6.60  3.55  2.58  1.51  0.43
MEAN      1.48  2.69  2.17  3.20  3.62  3.72  4.73  4.76  4.75  4.28  4.40  3.32
STD DEV   0.72  1.25  0.69  1.67  2.06  2.26  2.92  2.94  3.31  2.34  2.77  1.25
SKEW      0.10  0.06  0.54  1.08  0.91  1.22  1.03  1.02  1.11  0.47  1.22  0.80
% NNW     0.15  0.70  1.54  3.01  6.32  6.82  6.41  5.78  4.78  3.21  1.86  1.47
MEAN      1.30  3.30  3.52  4.45  5.18  4.88  4.98  5.75  5.92  5.05  4.23  1.98
STD DEV   0.21  1.27  1.89  2.04  2.37  2.64  2.52  2.63  3.23  2.62  2.40  0.95
SKEW      0.17  0.82  0.81  0.77  0.62  0.46  0.65  0.43  0.82  0.57  0.56  0.42
CALM     11.35 11.80 11.92 14.46 12.99 16.51 14.03  9.69  9.88  7.09  6.96  6.63
                                                                                
INTERPOLATED DATA (station & weighting factor)                                  
                                                                                
---Wind Stations---                                                             
COTULLA       TX     .399  HONDO         TX     .393  SAN ANTONIO   TX     .208 
