 Australia    Tickera                                                           
 LATT= -33.79 LONG= 137.71 YEARS= 30. TYPE= 1
 ELEVATION =   85. TP5 = 1.32 TP6= 2.20
 MEAN P    .28   .27   .22   .18   .17   .19   .14   .12   .15   .15   .16   .21
 S DEV P   .46   .43   .42   .25   .23   .30   .17   .14   .19   .23   .20   .38
 SKEW  P  3.42  3.18  4.61  3.15  3.73  5.64  3.14  2.35  2.75  5.84  2.06  5.81
 P(W/W)    .22   .35   .30   .37   .50   .53   .52   .51   .42   .37   .35   .29
 P(W/D)    .08   .07   .09   .11   .19   .24   .26   .26   .21   .14   .14   .13
 TMAX AV 74.34 74.55 71.82 67.73 62.98 58.49 56.71 57.18 60.28 64.04 67.98 71.19
 TMIN AV 67.62 68.14 65.77 62.25 58.20 54.09 52.13 52.44 54.83 57.74 61.62 64.81
 SD TMAX  5.46  5.05  4.71  4.03  3.24  2.50  2.36  3.05  4.38  5.17  5.61  5.49
 SD TMIN  4.51  4.67  4.37  3.58  2.86  2.43  2.52  2.11  2.60  3.39  4.32  4.31
 SOL.RAD  599.  540.  443.  329.  236.  199.  214.  288.  388.  484.  553.  591.
 SD SOL  110.3 105.7  93.2  75.4  58.3  44.3  51.9  66.6  85.3 102.9 107.8 118.2
 MX .5 P   .35   .27   .22   .17   .24   .13   .20   .22   .25   .15   .37   .27
 DEW PT  59.52 60.22 57.76 54.43 51.60 48.59 47.12 46.81 48.59 50.31 53.83 56.68
Time Pk   .120  .220  .320  .400  .480  .570  .650  .740  .820  .890  .960 1.000
% N       7.11  6.68  8.24  6.15  3.69  3.75  4.28  4.66  6.09  7.89  5.97  6.75
MEAN      3.18  3.44  3.84  4.01  3.24  3.75  3.80  4.04  4.43  4.12  3.69  4.18
STD DEV   1.18  1.33  1.89  2.26  1.99  2.34  2.15  2.14  2.60  2.48  1.80  1.87
SKEW      0.45  0.35  0.97  1.09  1.36  1.21  0.95  1.07  0.96  1.18  1.06  0.66
% NNE     1.22  1.49  2.70  1.75  1.02  1.75  2.14  1.83  1.76  2.05  1.17  1.47
MEAN      2.52  2.98  3.00  2.81  2.71  2.86  3.21  3.08  2.87  3.39  3.09  3.43
STD DEV   0.79  0.94  1.38  1.22  1.12  1.53  1.51  1.59  1.32  1.92  0.78  1.27
SKEW      0.18  0.53  0.78  1.21  1.01  1.68  0.75  1.10  1.36  1.07  0.78  0.46
% NE      1.09  1.23  2.80  2.71  2.52  3.17  3.07  2.41  1.88  1.98  0.89  0.86
MEAN      2.46  2.09  2.73  2.40  2.41  2.64  2.57  2.50  2.48  2.76  2.25  2.49
STD DEV   0.62  0.85  1.02  0.92  0.91  1.07  1.11  1.01  1.08  1.20  0.71  1.01
SKEW      0.82  1.16  0.31  1.12  0.91  0.98  1.32  1.02  1.09  0.64  0.61  0.46
% ENE     0.53  0.44  0.77  1.26  1.73  3.26  3.35  1.78  1.33  0.93  0.58  0.37
MEAN      2.28  2.83  2.11  2.54  2.38  2.76  2.79  2.62  2.76  2.58  1.96  2.77
STD DEV   0.53  0.36  0.59  0.93  1.00  1.11  1.11  1.06  1.12  1.29  0.67  0.58
SKEW      0.71 -0.39  0.45  0.64  1.08  0.61  0.50  0.61  0.72  0.91  0.69  0.37
% E       0.35  0.51  1.25  2.39  3.46  4.36  3.32  3.31  2.39  2.17  0.77  0.33
MEAN      2.00  1.92  2.05  2.26  2.38  2.61  2.53  2.43  2.54  2.59  2.34  2.19
STD DEV   0.62  0.31  0.68  0.92  1.04  1.16  1.09  0.93  1.00  1.22  0.74  0.73
SKEW      0.85 -0.19  1.65  1.57  1.00  1.39  1.09  0.91  0.91  1.63  0.87  0.81
% ESE     0.06  0.18  0.75  2.10  4.17  6.06  5.30  4.75  2.94  1.60  0.51  0.25
MEAN      1.74  1.85  2.58  3.04  3.00  3.31  3.06  3.38  3.47  2.89  2.32  3.03
STD DEV   0.43  0.47  0.88  1.83  1.55  1.62  1.57  1.57  1.68  1.35  0.81  0.99
SKEW      0.00  0.18  0.46  1.74  1.30  1.04  1.46  0.98  1.06  1.24  0.27  0.46
% SE      0.14  0.33  1.70  3.50  8.52 12.92 13.45  8.93  6.30  3.16  0.91  0.54
MEAN      2.60  2.17  2.90  3.11  3.60  3.71  3.87  3.56  4.12  3.54  3.05  2.79
STD DEV   0.29  0.65  1.38  1.63  1.99  2.09  2.17  1.89  2.37  1.89  1.40  1.31
SKEW      0.26  0.72  0.83  1.37  1.24  1.49  2.00  1.26  1.25  1.13  1.35  0.98
% SSE     0.10  0.42  1.45  2.94  6.06  8.78  9.59  6.12  4.52  2.60  0.67  0.61
MEAN      1.86  2.79  2.89  3.68  3.77  4.01  4.09  4.06  4.41  4.14  2.64  2.92
STD DEV   0.16  1.15  1.44  2.18  2.11  2.27  2.29  2.86  2.56  2.16  1.04  1.15
SKEW      0.00  0.80  1.42  1.35  1.03  1.10  1.11  1.79  1.16  0.94  1.11  0.59
% S       0.78  0.58  1.41  2.47  4.85  5.03  4.93  4.50  4.05  2.87  1.34  0.98
MEAN      2.55  2.43  2.55  2.78  2.82  3.08  2.79  2.87  3.44  2.99  2.53  2.70
STD DEV   1.10  0.95  1.10  1.60  1.47  1.72  1.43  1.67  2.06  1.51  1.04  1.27
SKEW      0.91  0.98  1.25  1.63  1.61  1.59  1.75  1.88  1.39  1.31  1.14  1.10
% SSW     2.79  2.67  3.15  3.70  4.32  3.76  3.46  3.89  4.81  2.55  3.45  3.30
MEAN      2.71  2.85  2.77  2.83  2.82  3.18  2.97  3.36  3.34  3.24  3.39  3.22
STD DEV   0.94  1.02  1.09  1.18  1.21  1.39  1.42  1.73  1.46  1.56  1.29  1.37
SKEW      0.73  0.79  0.57  1.12  1.18  0.81  1.05  1.51  0.82  0.88  0.57  0.82
% SW      8.78  6.47  5.41  4.42  4.09  3.55  3.10  4.18  6.44  6.66 10.50  8.46
MEAN      2.73  3.06  2.79  2.57  2.77  2.97  2.67  2.97  3.33  3.36  3.77  3.83
STD DEV   1.20  1.36  1.15  1.15  1.41  1.51  1.25  1.55  1.51  1.57  1.68  1.72
SKEW      0.88  0.79  0.96  1.29  1.47  1.34  1.03  1.72  0.95  0.94  0.72  0.82
% WSW     5.87  6.86  5.83  3.98  4.06  2.71  2.96  3.56  5.60  5.09  8.05  6.75
MEAN      3.79  3.89  3.38  3.04  3.09  2.81  2.98  3.10  3.57  3.93  4.28  4.36
STD DEV   1.50  1.68  1.49  1.46  1.37  1.44  1.48  1.47  1.64  1.78  1.83  1.79
SKEW      0.50  0.65  0.74  1.22  1.08  1.30  1.44  1.31  0.86  0.71  0.62  0.50
% W      17.11 17.76 12.91 11.16  7.00  4.17  5.48  7.21 10.06 13.17 19.18 19.20
MEAN      3.90  3.78  3.46  3.03  2.65  2.47  2.97  3.09  3.59  3.83  4.37  4.42
STD DEV   1.53  1.56  1.45  1.34  1.16  1.02  1.39  1.46  1.68  1.82  1.82  1.76
SKEW      0.40  0.83  0.58  0.98  1.15  1.30  1.02  1.07  0.98  0.88  0.55  0.38
% WNW    15.87 14.62 11.85  8.68  4.68  3.30  3.90  4.95  7.24  9.88 12.18 13.37
MEAN      4.17  3.97  3.65  3.50  3.31  3.03  3.31  3.32  4.19  3.85  4.40  4.49
STD DEV   1.53  1.49  1.33  1.59  1.61  1.16  1.54  1.49  2.00  1.60  1.60  1.67
SKEW      0.50  0.33  0.27  1.18  0.94  0.71  0.94  0.96  0.83  0.64  0.36  0.55
% NW     20.38 18.65 16.72 14.11  7.15  5.25  5.83  7.76  9.70 12.75 16.07 18.29
MEAN      3.82  3.62  3.51  3.70  3.42  3.48  3.61  3.82  4.08  4.05  4.13  4.33
STD DEV   1.45  1.44  1.32  1.90  1.65  1.73  1.81  2.21  2.06  1.96  1.71  1.82
SKEW      0.38  0.63  0.68  1.46  0.99  1.06  1.46  1.52  1.16  1.06  0.52  0.63
% NNW    12.06 11.22 10.76  8.79  4.41  3.66  4.26  5.93  7.84 10.61 10.83 12.07
MEAN      3.64  3.62  4.01  4.07  3.81  4.15  4.58  5.42  5.61  5.44  4.04  4.99
STD DEV   1.43  1.30  1.80  1.99  1.85  2.41  2.58  3.05  3.06  2.74  1.65  2.07
SKEW      0.58  0.47  0.78  1.17  1.16  1.33  1.00  0.87  0.62  0.81  0.50  0.69
CALM      5.70  9.84 12.24 19.83 28.24 24.50 21.61 24.24 17.09 14.01  6.91  6.33
                                                                                
INTERPOLATED DATA (station & weighting factor)                                  
                                                                                
---Wind Stations---                                                             
STOCKTON      CA     .473  MERCED/CASTLE CA     .279  LIVERMORE     CA     .248 
