 Australia    Culcairn Bowling Club                                             
 LATT= -35.67 LONG= 147.04 YEARS= 30. TYPE= 3
 ELEVATION =  689. TP5 = 2.71 TP6= 6.22
 MEAN P    .36   .40   .41   .32   .28   .23   .21   .20   .24   .29   .33   .35
 S DEV P   .45   .53   .50   .51   .30   .27   .24   .24   .32   .35   .37   .45
 SKEW  P  2.02  3.25  2.37  4.47  1.76  2.74  2.61  2.69  3.10  3.64  1.76  3.12
 P(W/W)    .38   .45   .35   .43   .45   .55   .53   .50   .44   .38   .42   .35
 P(W/D)    .10   .12   .09   .10   .14   .23   .25   .23   .22   .15   .15   .13
 TMAX AV 88.55 86.71 80.68 72.29 63.38 56.88 54.97 57.18 62.83 70.13 77.60 83.58
 TMIN AV 63.24 62.65 57.26 49.74 43.71 40.17 38.81 39.13 42.63 47.71 53.96 58.69
 SD TMAX  8.71  8.17  7.73  6.89  5.49  4.42  3.99  5.19  6.39  8.03  9.09  8.66
 SD TMIN  7.40  6.67  7.01  6.72  6.71  6.35  5.89  5.91  6.53  7.20  7.76  7.44
 SOL.RAD  609.  533.  448.  326.  227.  172.  186.  257.  360.  478.  555.  601.
 SD SOL  123.9 114.5  98.9  78.4  60.7  53.0  59.5  78.5  97.2 113.6 124.0 128.6
 MX .5 P   .66   .51   .36   .24   .25   .25   .26   .28   .30   .33   .55   .56
 DEW PT  51.03 52.16 49.39 46.39 43.90 41.75 40.54 40.71 43.37 45.35 47.70 48.15
Time Pk   .200  .310  .400  .480  .560  .650  .720  .780  .840  .900  .960 1.000
% N       3.39  4.60  5.93  6.80  4.58  3.93  3.57  3.53  3.37  2.85  3.71  4.08
MEAN      2.89  2.94  2.93  3.08  3.03  3.04  3.28  3.38  3.20  3.49  3.17  3.13
STD DEV   1.05  1.18  1.07  1.19  1.21  1.21  1.51  1.44  1.24  1.43  1.25  1.20
SKEW      0.81  1.28  0.93  0.94  1.09  0.85  1.49  1.13  0.87  1.13  0.80  1.05
% NNE     2.98  4.49  6.94  6.92  3.89  3.67  3.14  3.45  2.62  2.18  3.27  3.96
MEAN      3.15  3.24  3.50  3.50  3.29  3.45  3.60  3.63  3.57  3.49  3.35  3.32
STD DEV   1.13  1.30  1.46  1.35  1.18  1.39  1.59  1.27  1.45  1.47  1.32  1.29
SKEW      0.95  1.30  1.30  0.98  0.72  0.68  1.07  0.53  0.55  1.14  0.70  1.02
% NE      5.99  9.19 14.37 13.58  7.48  7.71  6.52  7.62  6.13  4.31  6.85  7.54
MEAN      3.47  3.46  4.00  4.07  3.68  3.83  3.87  4.07  3.97  3.97  3.75  3.67
STD DEV   1.35  1.34  1.69  1.64  1.44  1.54  1.60  1.59  1.57  1.72  1.53  1.44
SKEW      0.77  0.74  1.02  0.63  0.64  0.59  0.80  0.54  0.44  0.70  0.81  0.78
% ENE     5.43  6.96 12.08  9.81  6.01  7.37  6.16  6.69  6.26  4.47  6.28  6.50
MEAN      3.56  3.61  4.14  4.20  3.85  4.15  4.05  4.41  4.33  4.03  3.98  3.78
STD DEV   1.39  1.50  1.69  1.61  1.50  1.59  1.66  1.66  1.67  1.69  1.58  1.45
SKEW      0.80  0.99  0.75  0.55  0.66  0.49  0.71  0.50  0.53  0.72  0.69  0.68
% E       5.49  6.02  8.42  5.95  4.38  4.38  4.62  4.50  4.90  4.69  6.10  6.71
MEAN      3.34  3.24  3.65  3.60  3.45  3.43  3.57  3.73  4.01  3.70  3.61  3.46
STD DEV   1.36  1.26  1.54  1.48  1.36  1.45  1.49  1.50  1.56  1.42  1.47  1.39
SKEW      0.82  0.75  0.90  0.78  0.68  0.73  0.85  0.72  0.60  0.74  0.73  0.96
% ESE     4.13  3.97  4.60  3.26  2.64  2.38  2.24  2.90  3.61  4.67  4.78  4.85
MEAN      3.18  3.17  3.39  3.25  3.27  3.12  3.19  3.52  3.77  3.66  3.52  3.43
STD DEV   1.15  1.18  1.36  1.26  1.28  1.16  1.28  1.44  1.51  1.43  1.31  1.26
SKEW      0.74  0.92  0.92  0.84  0.73  0.75  0.86  0.86  0.82  0.76  0.55  0.67
% SE      6.25  5.54  4.52  3.55  3.75  3.43  3.24  3.63  4.39  6.01  6.48  5.75
MEAN      3.20  3.04  3.18  3.02  3.13  3.12  3.06  3.34  3.54  3.68  3.45  3.28
STD DEV   1.28  1.10  1.24  1.15  1.27  1.35  1.16  1.33  1.45  1.50  1.27  1.26
SKEW      1.09  0.84  0.87  0.84  0.86  1.19  0.78  0.92  0.75  0.77  0.61  0.90
% SSE     4.50  4.03  2.94  2.00  2.93  2.78  2.65  3.01  3.47  5.17  3.96  3.99
MEAN      3.26  3.02  3.19  3.33  3.37  3.37  3.32  3.56  3.78  3.83  3.47  3.31
STD DEV   1.32  1.13  1.32  1.41  1.55  1.31  1.51  1.53  1.64  1.74  1.41  1.35
SKEW      1.27  0.97  0.90  0.79  1.08  0.67  1.14  0.92  0.94  1.22  0.75  1.03
% S       7.27  5.65  3.98  2.84  4.86  5.22  5.14  5.32  6.57  8.34  6.75  5.86
MEAN      3.34  3.19  3.23  3.54  3.67  4.01  4.23  4.24  4.38  4.23  3.62  3.49
STD DEV   1.34  1.27  1.34  1.66  1.66  1.96  2.16  1.94  1.97  1.79  1.43  1.51
SKEW      1.06  0.89  0.75  1.00  1.03  0.86  1.12  0.89  0.85  0.89  0.75  1.16
% SSW     6.16  4.17  2.56  1.69  3.73  3.80  4.80  4.84  5.66  6.69  4.79  4.57
MEAN      3.70  3.38  3.38  3.43  4.15  4.25  4.49  4.74  4.69  4.55  3.85  3.71
STD DEV   1.49  1.45  1.35  1.45  1.83  1.82  2.07  2.07  2.20  1.98  1.55  1.53
SKEW      0.85  1.26  0.65  0.67  0.76  0.61  0.77  0.73  0.79  0.83  0.87  0.84
% SW      9.19  7.15  3.36  3.10  5.47  6.34  6.22  6.70  6.78  8.56  6.74  7.08
MEAN      3.63  3.36  3.28  3.25  3.72  3.90  4.25  4.46  4.40  4.66  3.77  3.64
STD DEV   1.47  1.31  1.41  1.45  1.71  1.71  1.92  2.02  2.05  2.10  1.58  1.49
SKEW      0.81  0.82  1.05  0.83  0.78  0.75  0.73  0.86  0.87  0.74  0.79  0.92
% WSW     8.25  5.55  3.01  3.64  6.10  7.46  6.69  6.99  6.77  7.96  6.57  6.92
MEAN      3.64  3.40  3.27  3.47  4.05  4.17  4.20  4.65  4.68  4.80  3.98  3.79
STD DEV   1.34  1.33  1.38  1.49  1.84  1.74  1.80  2.01  2.13  2.10  1.61  1.43
SKEW      0.80  1.15  0.82  0.84  0.85  0.77  0.74  0.74  0.72  0.67  0.80  0.78
% W       7.35  5.54  3.63  5.08  9.05 10.27 10.89  9.42  9.42  8.43  7.54  6.99
MEAN      3.44  3.10  3.00  3.36  4.11  4.32  4.58  4.99  5.06  4.75  3.88  3.67
STD DEV   1.39  1.27  1.35  1.63  1.86  1.87  2.00  2.22  2.24  2.23  1.76  1.55
SKEW      0.81  0.86  1.02  1.08  0.63  0.65  0.55  0.70  0.59  0.67  0.88  0.74
% WNW     6.16  5.00  4.21  7.06 10.42 10.28 12.28 11.86 11.34  9.24  7.70  6.85
MEAN      3.57  3.07  3.22  3.80  4.64  4.89  5.01  5.41  5.46  5.18  4.08  3.95
STD DEV   1.41  1.17  1.36  1.75  2.09  2.12  2.07  2.19  2.35  2.32  1.74  1.69
SKEW      0.78  0.88  0.92  0.91  0.64  0.44  0.39  0.33  0.47  0.62  0.69  0.76
% NW      5.44  6.46  5.74  9.13 10.54  8.99 10.03  9.55  9.18  7.19  7.03  6.64
MEAN      3.25  3.16  3.25  3.51  4.21  4.30  4.59  4.81  4.87  4.42  3.65  3.59
STD DEV   1.34  1.28  1.45  1.49  1.98  1.99  1.98  2.09  2.30  2.03  1.57  1.53
SKEW      1.03  1.05  1.17  1.20  0.93  0.83  0.63  0.58  0.77  0.72  0.96  0.95
% NNW     2.67  3.78  4.13  5.58  4.77  4.02  4.21  3.95  4.06  3.48  3.84  3.49
MEAN      3.18  3.15  3.28  3.50  3.58  3.72  4.02  4.10  4.14  4.38  3.58  3.47
STD DEV   1.18  1.23  1.46  1.45  1.55  1.70  1.79  1.86  1.97  1.95  1.37  1.50
SKEW      0.88  0.95  1.19  1.14  1.26  1.12  0.89  0.71  1.09  0.75  1.03  1.20
CALM      9.37 11.95  9.57  9.96  9.37  7.97  7.52  5.96  5.43  5.70  7.65  8.18
                                                                                
INTERPOLATED DATA (station & weighting factor)                                  
                                                                                
---Wind Stations---                                                             
ATHENS        GA     .513  MACON         GA     .245  AUGUSTA/BUSH  GA     .243 
