 Australia    Delegate (Wallendibby East)                                       
 LATT= -36.90 LONG= 148.74 YEARS= 30. TYPE= 2
 ELEVATION = 2723. TP5 = 0.82 TP6= 2.51
 MEAN P    .35   .32   .33   .25   .21   .21   .22   .17   .22   .25   .29   .33
 S DEV P   .41   .36   .47   .30   .31   .34   .31   .19   .21   .25   .34   .32
 SKEW  P  2.43  1.94  4.56  3.17  3.82  4.16  3.52  3.06  2.31  3.17  2.50  1.51
 P(W/W)    .39   .35   .35   .37   .39   .46   .44   .38   .39   .42   .44   .46
 P(W/D)    .14   .13   .17   .13   .17   .20   .19   .22   .25   .24   .26   .15
 TMAX AV 76.11 74.29 69.71 62.21 54.69 48.43 47.18 49.81 55.88 62.01 67.23 71.91
 TMIN AV 52.39 51.74 47.77 41.65 36.89 33.94 32.32 32.81 36.15 40.13 44.96 48.71
 SD TMAX  8.54  8.14  7.67  6.75  5.54  4.23  3.98  5.47  6.83  8.01  8.60  8.24
 SD TMIN  6.19  5.68  5.81  5.55  5.27  4.79  4.35  4.51  5.41  5.97  6.40  6.18
 SOL.RAD  565.  490.  409.  297.  213.  164.  188.  254.  350.  450.  516.  568.
 SD SOL  131.2 119.4 102.9  76.2  63.6  52.3  56.2  73.8  99.0 114.0 123.5 126.5
 MX .5 P   .73   .45   .47   .23   .25   .16   .17   .20   .26   .34   .54   .55
 DEW PT  50.50 50.60 47.18 42.40 38.09 34.95 32.93 32.89 36.19 39.66 44.10 46.98
Time Pk   .070  .150  .240  .320  .400  .510  .600  .690  .780  .860  .940 1.000
% N      12.27 11.71  9.42  8.71  5.83  6.27  5.50  6.55  7.40  8.42 11.72 12.72
MEAN      3.93  3.51  3.60  3.41  3.04  3.25  3.33  3.80  3.90  4.63  4.42  4.14
STD DEV   1.89  1.64  1.93  1.96  1.73  1.70  2.09  2.40  2.02  2.44  2.12  2.10
SKEW      0.63  0.88  0.79  0.93  1.34  0.87  1.45  1.17  0.77  0.60  0.57  0.62
% NNE    10.32  8.80  7.93  6.66  5.59  5.18  6.17  7.88  7.68  8.02  9.54  9.38
MEAN      3.39  3.06  3.00  2.80  2.79  2.68  2.85  2.90  3.40  3.67  3.72  3.65
STD DEV   1.79  1.50  1.69  1.68  1.43  1.28  1.43  1.70  1.91  1.92  1.78  1.96
SKEW      1.18  1.11  1.69  1.68  1.16  1.24  1.26  1.71  1.15  0.89  0.84  1.09
% NE      6.00  6.74  7.15  7.26  6.00  5.15  6.02  5.91  4.97  5.81  5.29  6.07
MEAN      2.33  2.31  2.27  2.20  2.36  2.44  2.48  2.36  2.64  2.73  2.61  2.50
STD DEV   1.04  1.04  1.02  0.93  1.00  1.04  1.06  1.06  1.35  1.50  1.28  1.09
SKEW      0.79  1.02  1.10  1.15  0.86  0.86  1.17  0.99  1.58  1.75  1.56  0.95
% ENE     3.63  4.08  3.70  3.46  3.66  3.72  3.61  4.07  3.31  3.36  3.21  2.44
MEAN      2.23  2.26  2.22  2.18  2.32  2.29  2.27  2.31  2.36  2.37  2.44  2.28
STD DEV   0.87  0.87  0.89  0.90  1.00  0.94  0.87  0.95  1.01  1.06  1.14  0.82
SKEW      0.64  0.80  0.86  0.80  0.76  0.84  0.98  1.06  1.34  0.97  1.53  0.69
% E       1.70  1.98  2.31  2.19  2.15  2.74  2.03  2.04  2.38  2.09  1.75  1.67
MEAN      2.21  2.11  2.12  2.11  2.23  2.43  2.46  2.38  2.64  2.21  2.25  2.26
STD DEV   0.92  0.91  0.86  0.90  1.00  1.17  1.16  1.00  1.35  0.99  0.93  1.02
SKEW      0.76  0.94  0.86  0.80  0.68  0.69  0.77  0.62  1.55  1.04  0.56  0.74
% ESE     1.68  1.94  2.30  1.89  2.90  3.10  3.71  3.64  3.20  2.69  1.81  1.53
MEAN      2.49  2.54  2.38  2.74  2.90  3.02  2.98  2.94  2.79  3.05  2.84  2.84
STD DEV   1.13  1.11  0.95  1.09  1.14  1.29  1.23  1.27  1.10  1.51  1.59  1.14
SKEW      0.80  0.75  0.83  0.99  0.40  0.62  0.77  0.91  0.77  1.04  1.53  0.54
% SE      5.35  5.45  5.68  6.98  8.55  8.19 11.06  9.41  7.93  6.21  4.62  4.80
MEAN      3.68  2.95  2.80  2.91  4.47  3.59  3.73  3.64  3.55  3.48  3.22  3.02
STD DEV   2.16  1.56  1.30  1.30  3.52  1.78  1.68  2.05  1.64  1.64  1.51  1.58
SKEW      1.03  1.19  1.18  0.86  1.16  1.70  1.72  1.68  1.25  0.71  0.70  1.43
% SSE     8.70  9.35  8.51  9.00  9.62  9.89 11.13  9.98  9.73  8.72  7.42  6.50
MEAN      4.11  4.36  3.89  4.99  6.10  5.90  5.81  4.30  6.51  5.80  4.79  3.68
STD DEV   2.22  2.20  2.24  3.20  3.53  3.85  3.59  2.89  3.86  3.45  2.66  1.83
SKEW      0.64  0.46  0.84  0.85  0.38  0.74  0.62  1.34  0.28  0.54  0.53  0.80
% S       4.83  5.12  4.91  5.30  7.76  7.02  8.05  5.64  6.25  5.93  4.43  4.67
MEAN      4.64  4.83  3.89  4.95  6.13  5.67  6.21  5.63  6.00  5.42  4.45  3.98
STD DEV   2.56  2.60  2.33  3.38  3.45  3.50  3.16  3.38  3.22  3.00  2.47  2.42
SKEW      0.60  0.33  0.58  0.78  0.62  0.69  0.38  0.44  0.36  0.42  0.55  0.76
% SSW     2.65  2.80  2.78  4.27  5.06  4.77  7.50  4.16  5.02  5.08  3.21  2.24
MEAN      3.21  3.25  2.89  4.02  4.49  4.42  5.14  4.26  4.98  4.78  3.51  3.49
STD DEV   1.48  1.52  1.57  2.93  2.73  2.71  3.08  2.63  2.98  2.83  1.99  1.95
SKEW      0.64  0.80  0.98  1.91  0.65  0.90  1.12  1.05  0.76  0.69  1.05  0.81
% SW      2.59  2.57  2.76  2.82  3.77  4.08  4.36  3.46  3.32  3.31  2.58  1.73
MEAN      2.66  2.66  2.58  2.31  2.86  2.84  3.82  2.65  3.47  3.00  2.73  2.61
STD DEV   1.23  1.11  1.25  1.30  1.67  1.49  2.12  1.55  2.16  1.68  1.20  1.16
SKEW      0.50  0.44  1.45  1.57  1.67  1.50  0.78  1.37  1.15  1.22  0.55  0.62
% WSW     2.12  2.33  1.96  1.89  2.43  2.60  3.30  2.71  3.65  2.13  2.57  1.85
MEAN      2.90  2.73  2.41  2.43  2.71  2.96  3.04  2.83  3.61  2.85  3.23  2.91
STD DEV   1.51  1.33  1.33  1.29  1.40  1.51  1.57  1.47  2.07  1.62  1.89  1.28
SKEW      0.79  1.02  1.57  1.37  1.16  1.03  1.09  0.79  0.92  1.48  0.94  0.82
% W       1.94  1.86  1.74  1.74  1.70  1.74  1.56  1.77  2.05  1.90  2.21  2.59
MEAN      3.31  2.85  2.52  2.65  2.67  3.22  2.92  2.89  3.44  3.22  3.45  3.15
STD DEV   1.51  1.52  1.25  1.53  1.46  1.70  1.36  1.72  1.81  1.85  1.91  1.66
SKEW      0.51  0.73  1.14  1.17  0.91  0.77  0.84  1.19  0.80  0.82  0.72  0.77
% WNW     4.50  4.34  3.95  3.58  1.96  1.87  2.43  3.22  5.44  5.78  5.04  5.38
MEAN      3.74  3.66  3.40  3.37  3.19  3.56  3.90  3.63  4.66  4.57  4.57  4.17
STD DEV   1.74  1.84  1.82  1.80  1.70  1.92  2.09  2.26  2.46  2.30  2.29  2.04
SKEW      0.47  0.78  1.00  1.11  0.93  0.95  0.81  1.23  0.69  0.78  0.52  0.82
% NW     10.41  9.91 10.22  9.19  8.07  7.80  6.95  7.67  8.86 11.04 14.15 14.02
MEAN      4.47  4.07  4.05  3.74  3.37  3.86  3.51  4.28  4.75  4.78  5.03  4.45
STD DEV   2.21  2.07  2.16  2.23  1.73  2.29  1.66  2.08  2.25  2.47  2.31  2.16
SKEW      0.49  0.70  0.79  1.27  1.34  1.12  0.70  0.67  0.69  0.73  0.35  0.67
% NNW    13.16 10.46  9.07  6.89  4.63  4.54  4.11  6.44  8.36 10.17 12.57 14.98
MEAN      4.80  4.50  4.24  3.85  4.07  3.69  3.94  4.62  4.91  5.09  5.35  5.30
STD DEV   2.13  2.14  2.06  2.06  2.19  2.06  1.92  2.45  2.32  2.42  2.15  2.23
SKEW      0.45  0.56  0.44  1.46  0.61  1.11  0.63  0.73  0.57  0.58  0.21  0.41
CALM      8.12 10.57 15.62 18.13 20.39 21.37 12.64 15.44 10.56  9.36  7.93  7.32
                                                                                
INTERPOLATED DATA (station & weighting factor)                                  
                                                                                
---Wind Stations---                                                             
MONTAGUE      CA     .496  MOUNT SHASTA  CA     .344  CRESCENT CITY CA     .161 
