 Australia    Toomba Stud                                                       
 LATT= -19.97 LONG= 145.59 YEARS= 30. TYPE= 3
 ELEVATION = 1247. TP5 = 1.60 TP6= 5.30
 MEAN P    .73   .71   .53   .50   .54   .60   .59   .49   .39   .42   .56   .63
 S DEV P   .89   .80   .68   .58   .63  1.29   .62   .57   .39   .36   .58   .64
 SKEW  P  4.18  2.47  3.29  2.03  1.83  4.93  1.60  2.89  1.36  1.40  2.69  2.11
 P(W/W)    .56   .55   .45   .49   .36   .40   .48   .31   .28   .33   .41   .44
 P(W/D)    .14   .14   .10   .05   .04   .03   .02   .02   .02   .05   .08   .11
 TMAX AV 90.66 88.85 87.25 83.95 79.15 74.97 74.89 78.63 85.26 89.75 91.55 92.30
 TMIN AV 71.32 70.80 68.18 63.51 58.08 52.73 50.84 52.50 58.07 63.86 68.13 70.67
 SD TMAX  5.88  5.73  4.73  4.62  4.50  4.99  4.47  4.99  4.98  5.01  5.41  5.79
 SD TMIN  3.05  2.91  3.49  4.53  5.93  6.61  6.84  5.95  5.17  4.25  3.48  3.28
 SOL.RAD  537.  514.  489.  437.  374.  346.  381.  457.  543.  583.  596.  576.
 SD SOL  138.3 126.3 103.7  96.9  84.8  89.3  85.5  76.0  80.3  97.6 107.0 121.8
 MX .5 P  1.26  1.01   .67   .47   .43   .33   .28   .32   .39   .49   .64   .91
 DEW PT  66.74 67.38 65.17 59.95 54.57 49.39 47.11 46.55 50.37 55.79 60.45 63.97
Time Pk   .160  .270  .360  .460  .540  .640  .710  .770  .830  .890  .950 1.000
% N       0.86  1.22  2.95  3.95  5.96  5.88  5.45  5.91  5.31  4.40  2.72  1.14
MEAN      3.46  3.59  3.82  3.92  4.34  4.33  4.36  4.56  4.86  4.65  4.46  3.82
STD DEV   1.66  1.88  2.08  1.96  2.40  2.35  2.29  2.37  2.34  2.25  2.40  1.77
SKEW      0.68  1.14  0.80  0.61  0.78  0.82  0.98  0.75  0.62  0.48  0.66  0.60
% NNE     1.21  1.38  2.53  3.23  3.92  3.12  3.09  3.60  3.19  3.06  2.74  1.33
MEAN      3.83  3.42  4.20  4.23  4.34  3.84  3.90  4.50  4.54  4.66  4.54  4.15
STD DEV   1.90  1.60  2.18  2.23  2.41  2.06  2.11  2.47  2.33  2.49  2.34  2.10
SKEW      0.81  0.81  0.55  0.70  0.97  1.01  1.20  0.76  1.00  1.03  0.66  0.58
% NE      2.55  3.36  5.96  5.87  5.99  5.28  5.14  5.27  4.95  4.64  3.65  2.22
MEAN      3.67  3.45  3.86  3.71  3.70  3.37  3.75  3.88  4.17  4.16  4.23  4.30
STD DEV   2.05  1.68  2.16  2.01  2.09  1.65  1.86  2.15  2.31  2.23  2.42  2.22
SKEW      0.91  0.73  0.96  0.96  1.40  0.88  0.82  1.09  1.05  0.75  0.86  0.88
% ENE     3.91  4.90  6.94  5.66  4.68  4.12  4.54  5.12  4.50  5.54  5.02  3.56
MEAN      3.64  3.64  3.63  3.57  3.43  3.34  3.49  3.65  4.08  4.28  4.27  4.29
STD DEV   1.81  1.64  1.73  1.56  1.60  1.45  1.51  1.54  1.88  2.01  2.08  2.18
SKEW      0.91  0.71  0.94  1.04  0.82  0.50  0.63  0.50  0.74  0.87  0.76  1.05
% E      11.58 13.98 12.78  9.84  7.20  6.52  6.65  7.52  7.97  8.65  9.28  9.32
MEAN      3.98  3.82  3.68  3.42  3.10  2.91  3.18  3.49  3.84  4.12  4.19  4.29
STD DEV   1.69  1.61  1.60  1.48  1.23  1.19  1.33  1.54  1.69  1.96  1.97  1.88
SKEW      0.63  0.70  0.67  0.81  0.54  0.57  0.86  0.83  0.55  0.77  0.77  0.67
% ESE    18.26 17.14 12.99  9.74  6.72  5.73  6.58  7.04  9.34 12.36 14.89 18.38
MEAN      4.83  4.51  4.33  4.16  3.60  3.41  3.66  4.27  4.61  5.04  5.27  5.25
STD DEV   1.78  1.71  1.67  1.69  1.45  1.35  1.43  1.77  1.85  2.03  2.12  1.99
SKEW      0.35  0.34  0.46  0.53  0.46  0.42  0.49  0.54  0.47  0.30  0.52  0.35
% SE     26.12 22.64 17.60 16.26 11.23 10.03 11.17 11.87 14.83 17.82 22.12 27.02
MEAN      4.62  4.26  4.14  4.08  3.71  3.60  3.55  4.08  4.49  4.87  5.10  4.93
STD DEV   1.73  1.63  1.65  1.66  1.59  1.55  1.49  1.78  1.85  2.08  2.00  1.86
SKEW      0.40  0.37  0.37  0.40  0.46  0.61  0.53  0.64  0.32  0.46  0.39  0.31
% SSE    13.50 10.51  8.08  8.10  5.97  4.46  4.95  5.96  7.01  8.92 10.68 13.81
MEAN      4.98  4.53  4.40  4.64  4.22  4.06  4.24  4.67  5.19  5.60  5.47  5.44
STD DEV   1.84  1.74  1.80  1.92  1.89  1.88  1.88  2.02  2.30  2.34  2.21  1.97
SKEW      0.25  0.27  0.33  0.36  0.42  0.58  0.51  0.48  0.36  0.30  0.26  0.18
% S       7.79  7.37  6.72  6.25  4.82  4.21  4.72  4.56  5.57  5.71  6.36  7.92
MEAN      4.28  3.99  3.78  3.99  3.64  3.47  3.61  3.88  4.52  4.58  4.33  4.77
STD DEV   1.77  1.77  1.82  1.98  1.77  1.69  1.75  1.93  2.18  2.20  1.98  2.04
SKEW      0.30  0.53  0.69  0.80  0.74  0.76  0.80  0.90  0.60  0.49  0.56  0.29
% SSW     3.15  3.08  2.68  3.26  3.53  3.36  3.97  3.54  3.85  3.63  3.54  3.22
MEAN      3.20  3.34  3.24  3.15  3.32  3.22  3.48  3.77  3.66  3.98  3.93  3.84
STD DEV   1.24  1.38  1.67  1.28  1.39  1.43  1.44  1.73  1.65  2.02  1.99  1.53
SKEW      0.16  0.38  1.02  0.32  0.42  0.52  0.52  0.66  0.56  0.93  1.27  0.59
% SW      1.60  1.85  1.83  2.44  2.91  3.62  3.97  3.05  3.05  2.29  2.19  1.50
MEAN      3.12  3.17  2.59  2.88  2.92  2.97  3.11  2.98  3.51  3.42  3.45  2.89
STD DEV   1.45  1.28  1.12  1.34  1.36  1.40  1.53  1.49  1.57  1.66  1.91  1.18
SKEW      0.37  0.46  0.31  0.57  0.73  0.71  0.72  1.52  0.61  0.71  0.94  0.23
% WSW     0.61  0.78  0.86  1.36  2.35  3.17  2.92  2.71  2.39  1.82  1.57  0.83
MEAN      2.72  2.97  2.75  2.60  3.12  2.89  3.35  3.22  3.62  3.48  3.46  3.25
STD DEV   0.73  1.18  1.05  1.15  1.42  1.29  1.54  1.49  1.59  1.75  1.46  1.24
SKEW      0.50 -0.02  0.66  0.58  0.52  0.49  0.79  0.38  0.45  0.80  0.13  0.46
% W       0.64  0.87  1.32  2.18  3.92  5.20  5.01  4.45  3.76  2.58  1.66  0.90
MEAN      3.18  2.83  2.80  2.81  3.33  3.52  3.66  3.99  4.66  4.03  3.49  3.29
STD DEV   1.54  1.39  1.64  1.39  1.70  2.18  1.93  2.49  2.89  2.40  1.97  1.43
SKEW      0.26  0.55  1.28  0.84  1.12  2.74  1.35  1.60  1.55  0.99  1.40  0.67
% WNW     0.54  0.67  1.19  1.75  4.05  5.67  5.18  5.18  5.21  3.62  2.23  0.88
MEAN      3.49  2.76  3.86  3.51  4.30  4.45  4.47  4.92  5.84  5.17  4.44  3.54
STD DEV   1.54  1.18  1.93  1.78  2.26  2.50  2.39  2.86  3.28  3.07  2.22  1.49
SKEW      0.80  0.36  0.54  1.00  1.05  1.37  0.95  0.99  0.86  1.08  0.56  0.11
% NW      0.52  0.68  1.86  3.61  6.02  8.42  7.74  8.16  5.58  3.89  2.32  0.78
MEAN      2.79  3.04  3.66  3.78  4.23  4.23  4.54  4.88  5.36  4.78  4.49  3.58
STD DEV   1.44  1.49  2.02  2.02  2.39  2.37  2.41  2.85  2.87  2.44  2.35  1.61
SKEW      1.02  0.65  1.09  1.05  0.97  0.82  0.77  0.96  0.64  0.67  0.77  0.55
% NNW     0.59  0.72  1.68  2.55  4.55  5.30  5.00  4.86  4.64  3.59  2.31  1.10
MEAN      3.27  3.40  3.92  4.49  4.90  5.13  5.32  5.61  5.79  5.18  5.13  4.27
STD DEV   1.55  1.48  1.83  2.11  2.35  2.50  2.55  2.76  2.74  2.41  2.42  1.89
SKEW      0.51  0.74  0.52  0.68  0.57  0.48  0.58  0.51  0.37  0.46  0.39  0.54
CALM      6.53  8.89 11.91 13.97 16.11 16.02 13.92 11.28  8.87  7.37  6.71  6.07
                                                                                
INTERPOLATED DATA (station & weighting factor)                                  
                                                                                
---Wind Stations---                                                             
DEL RIO       TX     .544  JUNCTION      TX     .249  MARFA         TX     .207 
