 Australia    Poowong (Post Office)                                             
 LATT= -38.34 LONG= 145.77 YEARS= 30. TYPE= 3
 ELEVATION =  623. TP5 = 1.90 TP6= 3.82
 MEAN P    .24   .26   .24   .24   .23   .25   .24   .23   .27   .28   .25   .28
 S DEV P   .30   .39   .33   .33   .28   .29   .29   .23   .29   .30   .29   .38
 SKEW  P  2.39  3.30  2.85  2.52  2.56  2.34  2.88  1.71  1.89  2.03  1.73  3.13
 P(W/W)    .55   .45   .58   .60   .70   .71   .75   .74   .72   .64   .65   .55
 P(W/D)    .23   .19   .25   .33   .37   .41   .45   .44   .39   .36   .31   .27
 TMAX AV 76.59 76.74 72.68 66.13 59.79 55.25 54.15 55.74 59.59 64.03 68.41 72.65
 TMIN AV 57.49 57.85 55.12 50.74 47.38 44.17 43.40 43.94 45.87 48.18 51.30 54.16
 SD TMAX 10.26  9.55  8.96  6.87  4.98  3.57  3.60  4.78  6.31  8.13  9.24  9.79
 SD TMIN  6.24  5.50  5.50  5.41  5.02  4.90  4.67  4.69  5.44  5.53  5.90  6.04
 SOL.RAD  553.  485.  381.  264.  179.  140.  159.  231.  320.  429.  511.  555.
 SD SOL  121.1 112.6  97.7  75.2  58.0  42.8  52.4  65.1  86.5 105.8 120.1 127.2
 MX .5 P   .78   .54   .53   .41   .27   .21   .19   .20   .27   .44   .59   .70
 DEW PT  54.06 54.86 52.64 49.61 47.05 44.37 42.98 42.81 44.70 46.90 49.88 51.65
Time Pk   .070  .150  .240  .320  .400  .510  .600  .690  .780  .860  .940 1.000
% N       4.11  5.13  4.54  4.70  2.66  2.61  3.04  4.52  3.84  4.61  5.15  4.19
MEAN      2.87  2.82  2.82  2.94  2.93  2.94  3.02  3.11  3.35  3.35  3.25  2.98
STD DEV   1.02  1.01  1.02  1.12  1.10  1.12  1.20  1.15  1.23  1.31  1.31  1.10
SKEW      0.92  0.90  1.08  1.33  1.03  0.89  1.07  0.78  0.91  0.76  0.97  0.88
% NNE     3.33  3.68  3.86  3.36  2.07  2.00  2.28  2.84  2.94  2.78  3.31  3.12
MEAN      2.87  2.86  2.96  2.83  2.75  2.71  2.99  2.88  3.16  3.22  3.06  2.95
STD DEV   1.00  0.99  1.16  1.04  1.11  0.97  1.00  1.05  1.13  1.21  1.13  1.01
SKEW      0.90  0.85  0.96  0.92  1.21  1.13  0.51  1.01  0.61  0.77  0.74  0.70
% NE      4.65  4.81  6.04  4.49  3.30  4.05  4.32  4.99  5.05  4.21  4.02  4.76
MEAN      2.49  2.50  2.54  2.55  2.52  2.52  2.64  2.73  2.93  2.81  2.75  2.59
STD DEV   0.86  0.86  0.90  0.95  0.81  0.82  0.86  0.95  1.00  0.99  1.02  0.91
SKEW      1.13  1.17  1.22  1.45  0.89  1.06  0.82  0.84  0.63  0.89  0.95  1.20
% ENE     2.72  2.96  3.54  2.57  2.12  2.24  2.23  2.60  2.49  2.25  2.34  2.41
MEAN      2.52  2.25  2.29  2.29  2.31  2.36  2.47  2.41  2.53  2.68  2.45  2.32
STD DEV   0.88  0.69  0.76  0.72  0.61  0.77  0.77  0.74  0.86  0.95  0.84  0.69
SKEW      1.23  1.18  1.52  1.96  1.40  1.15  0.86  1.19  1.05  1.38  1.11  0.88
% E       3.54  3.81  4.58  4.00  2.61  2.83  2.48  2.39  2.79  2.50  2.94  3.51
MEAN      2.32  2.42  2.36  2.44  2.38  2.40  2.51  2.44  2.59  2.71  2.49  2.56
STD DEV   0.77  0.87  0.79  0.82  0.79  0.73  0.89  0.75  0.90  1.09  0.79  0.98
SKEW      1.42  1.45  1.68  1.60  1.13  1.17  1.34  1.11  1.13  1.20  0.99  1.61
% ESE     3.13  3.42  4.37  4.31  2.99  3.08  2.39  2.54  2.80  2.41  3.01  3.54
MEAN      2.78  2.56  2.89  3.06  2.99  3.13  3.06  3.22  3.59  3.41  3.06  2.88
STD DEV   1.17  0.84  1.07  1.21  1.25  1.20  1.24  1.39  1.67  1.53  1.26  1.19
SKEW      1.58  1.11  1.13  1.23  1.01  1.01  1.40  1.00  0.95  1.06  1.17  1.43
% SE      4.19  4.85  6.49  6.63  5.32  5.20  4.74  4.97  5.96  4.88  5.70  4.91
MEAN      2.83  2.80  3.13  3.51  3.69  3.94  3.84  4.13  4.34  4.26  3.67  3.16
STD DEV   1.04  1.04  1.24  1.41  1.52  1.62  1.61  1.73  1.80  1.83  1.46  1.27
SKEW      1.29  1.35  1.17  0.89  0.82  0.95  0.89  0.75  0.77  0.76  0.86  0.96
% SSE     4.80  4.45  6.00  5.70  5.99  6.06  4.82  5.15  5.77  5.57  5.11  4.72
MEAN      3.13  2.89  3.46  3.63  4.19  4.22  4.27  4.47  4.74  4.30  3.80  3.25
STD DEV   1.13  1.07  1.41  1.47  1.76  1.75  1.77  1.80  1.85  1.70  1.54  1.28
SKEW      1.09  0.99  0.86  0.84  0.48  0.72  0.64  0.37  0.32  0.58  0.69  0.81
% S       9.37  8.80  8.30  7.38  7.88  7.77  7.32  6.36  8.02  8.04  7.96  9.23
MEAN      2.81  2.77  3.02  3.12  3.54  3.77  3.83  3.88  4.17  3.82  3.26  2.98
STD DEV   1.07  1.04  1.23  1.31  1.60  1.50  1.57  1.62  1.82  1.54  1.36  1.10
SKEW      1.18  1.24  0.98  1.07  0.94  0.62  0.69  0.73  0.85  0.80  1.00  1.12
% SSW     7.40  6.36  5.59  5.50  6.79  6.47  6.56  5.71  5.55  6.43  6.28  7.12
MEAN      3.22  3.03  3.34  3.30  3.99  4.22  4.33  4.27  4.52  4.16  3.56  3.34
STD DEV   1.29  1.16  1.39  1.36  1.73  1.84  1.89  1.75  1.89  1.79  1.56  1.40
SKEW      1.00  1.01  0.96  0.91  0.82  1.09  0.72  0.55  0.55  0.73  0.92  1.11
% SW     10.43  8.27  6.80  8.33 11.19 11.33 10.75  9.92  9.00  9.90 10.50 10.54
MEAN      3.56  3.43  3.53  3.81  4.28  4.42  4.67  4.61  4.79  4.61  3.98  3.75
STD DEV   1.39  1.28  1.39  1.63  1.70  1.76  1.85  1.89  2.15  2.02  1.68  1.42
SKEW      0.76  0.63  0.74  0.85  0.65  0.64  0.57  0.60  0.84  0.71  0.83  0.68
% WSW     7.50  6.29  5.50  6.59 10.59 11.28 11.22 10.14 10.17 10.06  8.25  8.37
MEAN      3.82  3.72  3.96  4.08  4.85  5.02  5.05  5.10  5.35  5.23  4.44  4.10
STD DEV   1.42  1.42  1.58  1.67  1.88  1.98  1.97  1.95  2.08  2.10  1.81  1.54
SKEW      0.58  0.60  0.76  0.65  0.42  0.66  0.49  0.40  0.45  0.45  0.81  0.43
% W       4.83  4.50  4.01  5.67  7.90  8.51  9.71  9.65  9.81  8.42  7.15  5.54
MEAN      3.56  3.33  3.55  4.00  4.79  4.83  5.00  5.03  5.28  4.94  4.28  3.81
STD DEV   1.31  1.26  1.42  1.69  1.96  1.86  2.02  2.01  2.24  2.05  1.79  1.53
SKEW      0.56  0.73  0.77  0.82  0.50  0.47  0.51  0.44  0.67  0.50  0.65  0.64
% WNW     3.71  3.49  3.46  5.10  7.64  8.10  8.47  9.65  8.97  7.52  5.96  4.06
MEAN      3.65  3.50  3.73  4.01  4.64  4.76  4.79  5.04  5.22  4.88  4.23  3.85
STD DEV   1.50  1.30  1.55  1.59  1.86  1.86  1.91  1.84  2.12  1.92  1.71  1.59
SKEW      0.87  0.80  0.86  0.54  0.62  0.59  0.64  0.29  0.68  0.51  0.73  0.73
% NW      3.18  3.78  3.49  4.46  4.92  5.46  6.36  6.13  6.37  6.80  5.13  3.72
MEAN      3.14  3.03  3.24  3.58  3.90  4.04  4.08  4.08  4.26  4.23  3.72  3.37
STD DEV   1.22  1.14  1.24  1.52  1.63  1.58  1.62  1.59  1.71  1.64  1.47  1.40
SKEW      0.82  1.04  0.84  0.80  0.67  0.71  0.77  0.58  0.80  0.54  0.68  1.05
% NNW     3.57  3.69  3.87  4.04  3.32  2.99  3.46  4.06  4.19  4.67  4.65  3.50
MEAN      3.09  2.99  3.18  3.40  3.49  3.43  3.72  3.79  3.85  3.89  3.57  3.25
STD DEV   1.13  1.02  1.19  1.36  1.41  1.27  1.53  1.46  1.48  1.54  1.41  1.23
SKEW      0.66  0.67  0.98  0.77  0.86  0.73  0.75  0.51  0.61  0.60  0.91  0.88
CALM     19.56 21.79 19.54 17.22 12.49  9.93  9.82  8.35  6.38  9.01 12.63 16.77
                                                                                
INTERPOLATED DATA (station & weighting factor)                                  
                                                                                
---Wind Stations---                                                             
CHARLESTON    WV     .570  BECKLEY       WV     .307  PARKERSBURG   WV     .123 
