 Australia    Beech Forest                                                      
 LATT= -38.60 LONG= 143.60 YEARS= 30. TYPE= 3
 ELEVATION =  797. TP5 = 2.01 TP6= 4.46
 MEAN P    .27   .28   .29   .36   .37   .35   .36   .40   .37   .33   .32   .29
 S DEV P   .34   .42   .48   .47   .43   .42   .38   .42   .43   .35   .40   .39
 SKEW  P  2.06  3.95  3.92  2.63  2.37  2.93  2.05  2.01  4.13  1.75  2.34  3.01
 P(W/W)    .44   .49   .53   .69   .70   .75   .76   .78   .67   .65   .57   .58
 P(W/D)    .22   .26   .33   .42   .42   .44   .50   .52   .50   .41   .39   .26
 TMAX AV 71.61 71.87 68.62 63.03 57.75 53.63 52.41 53.52 56.67 60.63 64.37 68.15
 TMIN AV 55.63 56.62 54.59 50.68 47.58 44.53 43.26 43.33 44.94 46.90 49.87 52.52
 SD TMAX  9.16  8.78  8.19  6.41  4.40  3.06  2.93  3.95  5.13  7.09  8.25  8.87
 SD TMIN  5.50  5.18  5.00  4.65  4.16  3.83  3.58  3.77  4.55  4.91  5.34  5.28
 SOL.RAD  528.  466.  363.  253.  170.  133.  150.  217.  313.  415.  488.  527.
 SD SOL  113.7 109.0  94.7  74.2  55.2  42.3  48.9  63.4  85.8 106.9 114.9 118.6
 MX .5 P   .64   .56   .45   .32   .24   .21   .14   .22   .29   .30   .48   .55
 DEW PT  52.68 53.82 51.96 49.12 47.06 44.76 43.28 42.90 44.18 45.66 48.40 50.24
Time Pk   .070  .150  .240  .320  .400  .510  .600  .690  .780  .860  .940 1.000
% N      10.83 10.79  7.42  5.73  2.74  2.82  4.18  5.86  6.96  8.07 10.13  9.48
MEAN      4.35  4.42  4.39  4.69  4.78  4.98  4.59  4.59  4.77  4.74  4.49  4.39
STD DEV   1.47  1.54  1.65  1.72  2.01  2.05  1.92  2.05  1.85  1.74  1.71  1.52
SKEW      0.00  0.20  0.22  0.28  0.51  0.40  0.47  0.45  0.37  0.22  0.26  0.24
% NNE     6.26  6.71  4.86  4.15  2.02  1.81  3.43  5.73  7.57  6.97  9.34  6.56
MEAN      4.64  4.54  4.51  4.71  4.71  4.98  4.77  5.15  5.32  4.95  4.95  4.66
STD DEV   1.59  1.56  1.71  1.69  2.15  1.70  1.90  1.94  2.00  1.91  1.81  1.72
SKEW      0.33  0.21  0.35  0.31  0.80  0.30  0.41  0.25  0.35  0.52  0.22  0.37
% NE      3.90  3.33  3.43  3.01  1.49  1.82  2.75  3.75  5.52  4.51  5.10  3.29
MEAN      3.82  3.82  3.95  3.79  3.95  4.64  4.66  4.63  5.06  4.62  4.30  3.99
STD DEV   1.62  1.59  1.66  1.70  1.81  2.05  2.10  1.86  2.11  2.20  1.93  1.75
SKEW      0.50  0.36  0.37  0.69  0.45  0.67  0.44  0.36  0.43  0.75  0.61  0.66
% ENE     1.95  2.07  2.15  1.82  1.42  1.60  1.88  1.97  2.65  2.29  2.36  1.72
MEAN      3.41  3.23  3.49  3.79  4.49  4.42  4.44  4.09  4.49  4.13  3.65  3.39
STD DEV   1.24  1.23  1.21  1.29  1.71  1.56  1.92  1.72  1.85  1.55  1.41  1.18
SKEW      0.51  0.27  0.43  0.22  0.17  0.41  0.53  0.50  0.52  0.39  0.36 -0.02
% E       2.22  2.20  3.61  2.65  1.58  1.83  1.83  1.96  2.49  2.75  2.44  2.09
MEAN      3.05  2.98  3.53  3.52  4.29  4.10  3.97  3.97  4.25  4.57  3.69  3.26
STD DEV   1.37  1.23  1.41  1.47  1.59  1.48  1.55  1.82  1.66  1.89  1.55  1.49
SKEW      0.74  0.46  0.64  0.48  0.05 -0.01  0.22  0.49  0.23  0.62  0.17  0.55
% ESE     2.19  2.67  3.23  3.23  2.31  2.83  2.17  2.95  3.60  3.45  2.85  2.90
MEAN      3.25  3.21  3.40  3.59  4.08  4.44  4.15  4.22  4.67  4.72  3.65  3.47
STD DEV   1.45  1.37  1.35  1.38  1.67  1.58  1.54  1.68  1.86  1.91  1.63  1.53
SKEW      0.61  0.34  0.59  0.40  0.26 -0.05  0.65  0.41  0.21  0.58  0.47  0.52
% SE      4.36  4.69  5.49  5.71  4.01  4.52  3.04  4.05  4.68  4.30  4.27  4.48
MEAN      2.77  2.72  2.95  3.47  4.15  3.99  4.02  4.43  4.51  4.24  3.47  3.02
STD DEV   1.16  1.11  1.23  1.54  1.86  1.79  1.72  2.07  2.01  1.81  1.50  1.38
SKEW      0.54  0.75  0.73  0.82  0.60  0.98  0.67  0.52  0.38  0.60  0.64  0.79
% SSE     6.77  6.27  8.66  9.27  8.17  7.20  5.66  5.55  5.59  6.31  6.33  7.24
MEAN      3.17  3.27  3.60  4.02  4.93  4.84  4.61  4.67  5.16  4.71  4.16  3.47
STD DEV   1.25  1.37  1.45  1.57  2.14  2.15  2.02  2.05  2.12  2.13  1.89  1.49
SKEW      1.16  0.97  0.69  0.59  0.65  0.69  0.52  0.49  0.40  0.70  0.72  0.81
% S      14.12 15.09 16.68 17.64 17.41 16.25 14.31 11.41  9.62 11.67 12.65 15.53
MEAN      3.87  3.70  4.30  4.63  5.45  5.72  5.68  5.41  5.45  5.43  4.78  4.35
STD DEV   1.59  1.66  1.79  1.92  2.12  2.16  2.18  2.24  2.27  2.28  2.05  1.87
SKEW      0.60  0.83  0.54  0.59  0.44  0.38  0.25  0.35  0.35  0.54  0.46  0.68
% SSW    11.13 10.00  9.96 11.78 11.64 11.57 11.08  8.79  7.21  8.02  7.94 11.17
MEAN      4.46  4.01  4.51  4.89  5.46  5.83  5.77  5.67  5.98  5.60  5.30  4.72
STD DEV   1.84  1.60  1.94  1.88  2.08  2.10  2.21  2.12  2.58  2.35  2.25  1.86
SKEW      0.70  0.49  0.61  0.46  0.46  0.31  0.44  0.35  0.48  0.57  0.56  0.43
% SW     10.85  9.98  9.30 10.05 13.76 12.78 12.29  9.94  7.53  8.33  7.75  9.70
MEAN      4.49  4.16  4.56  5.07  5.88  5.83  6.08  5.81  6.23  5.72  5.25  4.77
STD DEV   1.81  1.66  1.92  1.97  2.24  2.24  2.40  2.31  2.88  2.51  2.42  1.93
SKEW      0.44  0.49  0.62  0.41  0.59  0.53  0.68  0.35  1.03  0.58  0.85  0.32
% WSW     5.60  5.34  5.51  6.52 13.65 13.34 12.03  9.06  8.52  7.31  6.63  5.89
MEAN      4.92  4.49  4.94  5.44  6.71  6.41  6.94  6.52  7.06  6.78  5.59  5.19
STD DEV   2.07  1.71  2.05  2.34  2.47  2.37  2.63  2.54  3.01  3.07  2.40  2.08
SKEW      0.47  0.39  0.60  0.30  0.42  0.46  0.55  0.29  0.55  0.71  0.23  0.38
% W       4.05  3.79  3.89  3.71  6.12  7.11  7.50  7.51  8.18  5.92  4.62  4.03
MEAN      4.86  4.60  5.29  5.64  6.47  6.39  6.74  6.79  6.89  6.42  5.64  5.36
STD DEV   1.90  1.99  2.36  2.45  2.34  2.09  2.44  2.68  2.72  2.52  2.24  2.22
SKEW      0.26  0.49  0.49  0.46  0.06 -0.01  0.25  0.16  0.29  0.21  0.16  0.27
% WNW     4.21  4.11  4.69  4.39  6.12  7.10  8.18  8.70  8.04  7.56  5.25  4.04
MEAN      5.20  4.75  5.52  5.71  6.03  6.44  6.27  6.74  6.64  6.34  5.83  5.12
STD DEV   2.05  1.78  1.97  2.06  2.16  2.03  2.30  2.49  2.51  2.21  2.14  2.06
SKEW      0.24  0.07  0.28  0.22  0.25  0.12  0.34  0.15  0.19  0.07  0.28  0.20
% NW      3.71  4.00  3.74  4.14  3.98  3.93  5.06  6.21  5.86  5.22  4.13  4.07
MEAN      4.53  4.40  5.05  5.54  5.69  5.80  5.79  5.48  5.74  5.38  4.67  4.59
STD DEV   1.95  1.58  1.87  2.07  2.31  2.17  2.22  2.39  2.28  2.15  1.91  1.85
SKEW      0.60 -0.02  0.09  0.14 -0.07  0.11  0.03  0.32  0.08  0.17  0.33  0.51
% NNW     5.07  4.80  4.20  3.76  2.53  2.49  3.19  4.64  4.41  4.89  5.39  5.05
MEAN      4.21  4.31  4.84  5.33  5.47  6.10  5.51  5.28  5.40  5.03  4.65  4.70
STD DEV   1.53  1.49  1.66  2.00  2.22  2.21  2.21  2.18  2.28  1.90  1.78  1.77
SKEW      0.07  0.09 -0.07  0.31  0.36  0.16  0.16  0.34  0.23  0.11  0.49  0.59
CALM      2.81  4.09  3.10  2.29  0.92  1.00  1.42  1.88  1.50  2.41  2.85  2.91
                                                                                
INTERPOLATED DATA (station & weighting factor)                                  
                                                                                
---Wind Stations---                                                             
CLEVELAND     OH    1.000  AKRON         OH     .000  MANSFIELD     OH     .000 
