 Australia    Cuballing                                                         
 LATT= -32.82 LONG= 117.18 YEARS= 30. TYPE= 3
 ELEVATION = 1122. TP5 = 1.88 TP6= 3.00
 MEAN P    .38   .31   .25   .26   .28   .24   .26   .23   .18   .19   .21   .31
 S DEV P   .79   .50   .27   .28   .29   .27   .32   .27   .19   .24   .23   .47
 SKEW  P  3.74  2.68  1.53  1.29  1.69  2.32  3.65  3.57  2.13  3.07  1.84  3.02
 P(W/W)    .28   .19   .33   .32   .46   .54   .51   .42   .43   .37   .32   .20
 P(W/D)    .04   .06   .06   .11   .19   .27   .31   .30   .22   .15   .10   .04
 TMAX AV 87.01 86.15 81.46 74.34 66.58 60.78 58.57 59.96 63.37 70.49 78.17 83.41
 TMIN AV 60.47 61.14 58.67 54.13 48.67 44.77 43.01 43.47 44.85 48.26 53.24 57.11
 SD TMAX  8.53  8.19  8.20  7.13  5.66  4.28  3.97  4.66  6.08  7.85  8.66  8.32
 SD TMIN  5.85  5.64  5.98  5.74  5.43  5.02  5.30  5.17  5.31  5.79  5.75  5.68
 SOL.RAD  617.  544.  442.  324.  247.  209.  219.  281.  362.  481.  566.  628.
 SD SOL  107.5 105.0  99.3  77.6  57.4  52.9  60.3  74.1  93.2 102.5 109.0 110.2
 MX .5 P   .37   .35   .27   .23   .33   .30   .32   .29   .31   .30   .37   .30
 DEW PT  50.92 51.92 51.01 49.27 46.62 44.58 43.97 44.27 45.05 45.73 46.70 48.23
Time Pk   .070  .170  .260  .360  .450  .540  .620  .700  .780  .860  .940 1.000
% N       4.53  6.19  8.23 10.80 12.01 12.14 12.43 12.66 10.09  7.74  5.73  4.90
MEAN      3.16  3.09  2.84  2.74  2.84  2.59  2.70  2.95  2.98  2.76  2.80  2.74
STD DEV   1.67  1.77  1.23  1.27  1.67  1.23  1.42  1.73  1.57  1.25  1.19  1.26
SKEW      1.56  1.95  1.05  1.22  1.95  1.12  1.97  2.12  1.74  1.24  0.83  1.33
% NNE     2.27  2.62  3.02  3.53  4.00  3.63  4.22  3.81  3.24  2.95  2.30  2.08
MEAN      3.39  2.99  2.82  2.84  3.30  2.99  3.34  3.09  3.15  2.80  2.66  2.80
STD DEV   1.99  1.78  1.54  1.62  2.04  1.73  2.31  1.99  1.88  1.42  1.30  1.46
SKEW      1.27  1.84  1.78  1.60  1.38  1.29  1.57  1.62  1.50  1.04  1.44  1.69
% NE      3.62  4.05  3.84  4.18  4.60  4.61  4.89  4.18  3.59  3.76  3.34  3.06
MEAN      2.72  2.74  2.63  2.70  3.01  2.88  2.88  2.87  2.44  2.68  2.63  2.33
STD DEV   1.49  1.42  1.32  1.45  1.79  1.65  1.72  1.71  1.12  1.32  1.36  1.00
SKEW      1.82  1.75  1.68  1.46  1.39  1.38  1.49  1.51  1.13  1.41  1.85  1.19
% ENE     2.45  2.93  3.52  3.21  3.70  3.64  3.62  3.38  2.80  2.75  2.73  2.55
MEAN      3.08  2.96  3.11  3.10  3.32  2.95  2.92  3.18  2.86  2.81  2.90  2.66
STD DEV   1.57  1.49  1.68  1.65  1.94  1.54  1.51  1.84  1.40  1.38  1.38  1.21
SKEW      1.48  1.63  1.47  1.26  1.35  1.00  1.06  1.71  1.36  1.13  1.26  1.16
% E       7.63  9.34 11.66 12.07 11.14 10.24 10.92 10.38  9.48  9.13  8.82  8.31
MEAN      3.28  3.24  3.12  3.10  2.99  2.84  2.82  2.95  2.87  2.89  3.04  2.87
STD DEV   1.58  1.53  1.46  1.49  1.42  1.36  1.41  1.43  1.28  1.36  1.41  1.30
SKEW      1.13  1.11  1.04  1.00  1.00  0.94  1.21  0.93  0.88  0.98  0.86  0.88
% ESE     5.38  6.54  7.97  8.08  6.97  6.86  6.89  6.84  6.76  5.80  5.67  4.99
MEAN      3.68  3.62  3.62  3.24  2.85  2.70  2.79  2.94  2.95  3.16  3.36  3.14
STD DEV   1.73  1.70  1.61  1.45  1.20  1.19  1.23  1.29  1.16  1.40  1.48  1.30
SKEW      1.00  1.10  0.81  0.93  0.72  0.82  0.70  0.87  0.59  0.74  0.74  0.55
% SE      6.72  8.15  8.34  7.49  6.20  5.73  6.28  6.43  6.78  5.89  5.60  5.61
MEAN      3.80  3.51  3.32  3.02  2.66  2.51  2.44  2.63  2.80  2.84  3.13  3.07
STD DEV   2.03  1.87  1.64  1.43  1.26  1.05  1.06  1.17  1.20  1.26  1.49  1.35
SKEW      1.33  1.39  0.98  0.96  1.19  0.63  0.77  0.99  0.72  1.09  1.00  0.81
% SSE     2.86  3.45  2.84  2.42  2.05  2.11  2.01  2.37  2.53  2.37  2.31  2.43
MEAN      3.77  3.49  3.47  2.98  2.57  2.36  2.26  2.74  2.95  2.91  3.34  3.44
STD DEV   1.88  1.63  1.57  1.40  1.34  1.04  1.03  1.43  1.37  1.36  1.64  1.65
SKEW      1.06  1.36  0.60  0.62  1.28  1.06  1.09  1.07  0.71  0.75  0.77  0.68
% S       6.67  6.29  4.59  4.37  3.84  3.49  3.74  5.28  6.11  5.92  6.09  6.29
MEAN      3.64  3.50  3.10  3.00  2.68  2.55  2.35  2.70  3.28  3.59  3.55  3.61
STD DEV   1.83  1.93  1.48  1.63  1.56  1.43  1.23  1.40  1.77  1.90  1.83  1.88
SKEW      1.00  1.38  0.95  1.10  1.57  1.84  1.60  1.50  1.14  0.95  0.93  0.96
% SSW     7.92  5.63  3.88  3.06  2.59  2.59  2.18  3.47  4.99  6.97  7.91  8.34
MEAN      4.07  3.80  3.69  3.43  3.01  2.88  2.82  3.20  3.79  4.29  4.14  4.18
STD DEV   1.71  1.65  1.76  1.77  1.45  1.40  1.47  1.65  1.97  2.12  2.03  1.90
SKEW      0.75  0.87  0.98  1.24  1.37  0.76  1.19  1.37  1.29  0.93  0.85  0.66
% SW     10.22  8.53  6.02  4.35  3.50  3.41  3.20  4.43  6.82  9.88 11.48 11.52
MEAN      3.91  3.82  3.59  3.37  3.11  3.10  2.77  3.41  4.07  4.61  4.36  4.20
STD DEV   1.79  1.69  1.70  1.72  1.61  1.73  1.42  1.81  2.05  2.50  2.10  1.98
SKEW      0.72  0.91  1.11  1.31  1.09  1.04  1.09  1.08  0.92  0.89  0.80  0.81
% WSW     6.61  4.49  3.50  3.02  2.52  2.52  2.84  3.73  5.15  7.09  7.59  7.53
MEAN      4.23  3.82  3.97  3.66  3.29  3.52  2.99  3.93  4.57  4.95  4.86  4.59
STD DEV   1.82  1.71  1.96  2.02  1.69  2.04  1.64  2.17  2.45  2.54  2.26  1.99
SKEW      0.46  0.57  0.77  1.06  0.91  0.88  1.20  1.03  0.87  0.64  0.63  0.73
% W       9.91  7.50  5.53  4.68  4.47  4.26  4.34  5.40  6.64  8.26  9.22  9.54
MEAN      3.73  3.47  3.40  3.25  3.24  3.22  3.36  3.99  4.39  4.31  4.11  3.93
STD DEV   1.69  1.59  1.53  1.70  1.85  1.91  1.93  2.51  2.41  2.33  1.99  1.79
SKEW      0.70  0.69  0.87  1.08  1.20  1.22  1.08  1.17  0.89  0.77  0.96  0.70
% WNW     4.03  3.11  2.40  2.14  2.14  2.45  2.41  2.80  3.40  3.71  3.95  4.12
MEAN      3.39  3.56  3.11  3.25  3.11  3.18  3.04  3.95  4.44  4.18  3.78  3.52
STD DEV   1.40  1.62  1.25  1.79  1.91  1.92  1.80  2.42  2.47  2.20  1.80  1.51
SKEW      0.54  0.96  0.26  1.46  1.51  1.47  1.40  1.02  0.77  0.81  0.92  0.49
% NW      5.01  4.57  4.20  3.54  3.57  3.48  3.28  3.68  4.14  4.28  4.27  4.95
MEAN      3.19  3.28  2.95  2.77  2.63  2.71  2.80  3.26  3.33  3.30  3.20  3.03
STD DEV   1.45  1.69  1.27  1.46  1.31  1.47  1.77  2.03  1.85  1.60  1.39  1.28
SKEW      0.65  1.22  0.71  1.63  1.20  1.52  2.22  1.50  1.20  0.86  0.75  0.56
% NNW     2.78  3.05  3.33  3.78  4.47  4.64  4.26  4.36  4.14  3.38  2.60  2.83
MEAN      3.16  3.16  2.95  2.86  2.93  2.79  2.83  2.92  3.34  3.01  2.97  2.88
STD DEV   1.58  1.45  1.17  1.32  1.46  1.26  1.37  1.31  1.69  1.20  1.30  1.22
SKEW      1.33  1.05  0.30  1.10  1.13  1.18  1.25  1.20  1.27  0.39  0.62  1.00
CALM     11.37 13.54 17.10 19.31 22.33 24.19 22.49 16.82 13.32 10.07 10.47 10.94
                                                                                
INTERPOLATED DATA (station & weighting factor)                                  
                                                                                
---Wind Stations---                                                             
PHOENIX/LUKE  AZ     .500  PHOENIX/SKY   AZ     .500  CHANDLER      AZ     .000 
