 Australia    Netherton (The Glen)                                              
 LATT= -35.52 LONG= 139.95 YEARS= 30. TYPE= 1
 ELEVATION =   66. TP5 = 1.01 TP6= 4.08
 MEAN P    .20   .18   .20   .19   .16   .17   .15   .16   .18   .19   .20   .22
 S DEV P   .26   .21   .26   .26   .18   .20   .15   .17   .20   .30   .24   .33
 SKEW  P  4.15  2.06  2.81  2.97  3.89  3.29  2.10  1.98  2.74  4.45  2.64  3.52
 P(W/W)    .27   .27   .25   .35   .46   .54   .55   .54   .49   .43   .31   .37
 P(W/D)    .09   .07   .09   .13   .23   .28   .29   .27   .26   .23   .13   .11
 TMAX AV 83.71 83.47 78.53 71.94 64.62 59.19 58.22 60.16 64.79 70.68 76.33 79.98
 TMIN AV 59.45 59.35 56.03 51.37 48.08 44.88 44.07 44.36 46.84 49.67 53.68 56.59
 SD TMAX 11.26 10.52  9.68  7.93  5.65  3.69  3.85  5.28  7.27  9.54 10.93 10.87
 SD TMIN  7.57  7.35  7.27  6.40  5.79  5.32  4.88  5.05  5.62  6.83  7.49  7.41
 SOL.RAD  587.  524.  420.  299.  206.  170.  184.  256.  355.  457.  537.  575.
 SD SOL  112.3 104.7  95.4  74.0  55.4  42.4  48.5  63.7  84.7 105.2 115.5 121.1
 MX .5 P   .30   .28   .23   .18   .23   .18   .24   .23   .26   .31   .33   .36
 DEW PT  50.23 50.95 49.49 47.00 46.41 44.67 43.56 42.97 44.39 44.41 46.42 48.06
Time Pk   .120  .220  .320  .400  .480  .570  .650  .740  .820  .890  .960 1.000
% N       0.62  0.90  3.80  6.27  7.22  7.66  7.69  7.46  6.54  5.26  3.21  2.24
MEAN      3.11  3.20  4.57  4.70  3.97  3.98  4.29  4.89  5.05  4.72  4.60  4.43
STD DEV   1.44  1.36  2.76  2.85  2.37  2.34  2.75  2.89  2.90  2.57  2.29  2.32
SKEW      0.54  0.39  1.17  0.94  1.25  1.30  1.30  0.83  1.11  0.92  0.62  1.32
% NNE     0.21  0.35  1.11  2.36  3.45  3.93  3.24  3.01  2.15  1.41  0.88  0.63
MEAN      2.72  2.95  3.13  3.62  3.13  3.12  3.01  3.60  3.60  3.26  3.30  3.84
STD DEV   0.63  1.30  1.48  2.00  1.66  1.50  1.67  2.21  1.95  1.77  1.49  2.08
SKEW      0.20  0.62  0.95  0.95  1.57  1.13  1.87  1.42  1.02  1.22  0.55  0.67
% NE      0.16  0.22  0.61  1.44  2.45  3.19  2.45  2.01  1.16  0.92  0.51  0.28
MEAN      2.66  2.32  2.67  2.57  2.59  2.70  2.50  2.70  2.81  2.68  2.83  3.36
STD DEV   0.66  0.86  1.14  1.18  1.04  1.16  1.00  1.24  1.27  1.28  1.23  1.62
SKEW     -0.04 -0.05  1.00  1.14  1.01  0.81  0.70  1.23  0.78  1.79  0.32  0.59
% ENE     0.08  0.11  0.34  0.78  1.39  1.84  1.47  1.33  0.73  0.59  0.29  0.13
MEAN      1.17  2.33  2.48  2.26  2.39  2.68  2.45  2.49  2.64  2.49  2.36  2.39
STD DEV   0.34  0.22  0.88  0.86  0.90  1.21  0.99  0.99  1.44  0.86  0.72  0.75
SKEW      0.13 -0.17  0.45  0.47  0.72  0.88  0.58  0.67  1.36  0.45 -0.15  0.73
% E       0.31  0.50  1.05  1.93  2.72  3.21  2.81  3.28  1.86  1.28  0.80  0.44
MEAN      1.74  2.68  2.25  2.34  2.41  2.50  2.50  2.52  2.48  2.28  2.60  1.86
STD DEV   0.32  0.86  0.82  0.89  0.91  0.99  1.00  0.98  0.99  0.86  1.11  0.71
SKEW     -1.04  0.34  0.48  0.55  0.55  0.68  0.62  0.66  0.49  0.47  0.65  0.26
% ESE     1.75  2.42  3.06  3.74  3.94  3.55  3.52  3.89  3.60  3.36  2.46  1.76
MEAN      2.12  2.26  2.45  2.50  2.64  2.85  2.83  2.84  2.88  2.90  2.60  2.17
STD DEV   0.77  0.88  0.93  0.96  1.06  1.31  1.20  1.27  1.36  1.27  1.01  0.82
SKEW      0.41  0.36  0.63  0.48  0.80  1.62  0.87  1.14  1.00  1.24  0.41  0.41
% SE      7.57  8.57  8.94  7.40  7.99  8.49  9.10  8.83  9.05  9.21  8.56  7.97
MEAN      2.66  2.69  3.07  3.31  4.07  4.37  4.40  4.07  4.25  3.85  3.37  3.46
STD DEV   0.93  0.94  1.18  1.63  2.38  2.62  2.53  2.43  2.52  1.82  1.43  1.25
SKEW      0.29  0.26  0.49  2.02  1.69  1.53  1.54  1.77  2.01  1.36  0.70  0.33
% SSE    15.40 13.95 11.32  7.62  8.96 10.60 13.09 10.61 11.12 10.51 10.91 12.85
MEAN      2.94  3.28  3.31  3.82  4.87  5.48  5.95  5.25  4.84  4.14  3.73  3.63
STD DEV   0.99  0.99  1.27  2.03  2.94  3.31  3.50  3.15  2.85  2.08  1.92  1.26
SKEW      0.18  0.25  1.51  1.94  1.22  1.09  0.94  1.15  1.36  1.33  0.90  0.58
% S      17.85 16.05 11.19  7.55  6.82  7.67  9.46  9.00 11.33 10.70 13.28 15.30
MEAN      3.77  3.75  3.56  3.73  4.22  4.64  5.04  4.59  4.34  4.04  4.06  4.14
STD DEV   1.27  1.53  1.47  2.07  2.45  2.85  3.19  2.76  2.43  1.95  1.78  1.75
SKEW      0.38  0.70  0.47  2.32  1.25  1.20  1.32  1.23  1.58  0.95  0.71  0.68
% SSW    11.54 11.34  8.60  5.60  3.49  3.28  3.17  4.01  6.98  7.53  9.69 10.40
MEAN      4.46  4.75  4.27  4.06  3.85  4.75  4.16  3.99  4.13  4.17  4.71  4.78
STD DEV   1.95  1.96  1.88  2.12  2.30  3.15  2.44  2.09  2.00  2.06  2.18  2.16
SKEW      0.56  0.53  0.52  0.89  1.07  1.33  1.08  0.92  0.76  0.92  0.68  0.50
% SW     18.06 16.64 12.57  7.90  3.98  2.82  3.01  4.62  8.55 11.82 15.16 16.84
MEAN      5.10  4.78  4.31  3.95  3.43  4.04  3.89  3.95  4.39  4.49  4.98  5.15
STD DEV   1.85  1.79  1.80  1.96  1.79  2.61  2.20  2.12  2.19  2.19  2.15  2.12
SKEW      0.41  0.38  0.55  0.92  1.03  1.32  1.23  0.94  0.75  0.94  0.61  0.62
% WSW    12.74 11.83  9.89  5.80  2.60  1.53  1.61  2.87  5.49  7.47  9.88 11.27
MEAN      4.52  4.41  4.02  3.46  3.26  3.18  3.25  3.52  4.16  4.14  4.69  4.48
STD DEV   1.52  1.72  1.72  1.69  1.90  1.56  1.72  2.02  2.07  1.98  2.13  1.82
SKEW      0.25  0.59  0.58  0.90  1.61  1.47  0.91  1.79  0.83  0.66  0.73  0.58
% W       3.04  3.44  3.13  2.51  1.76  1.45  1.52  2.19  2.89  3.46  3.71  3.54
MEAN      3.88  3.65  3.26  2.73  2.61  2.58  2.72  2.83  3.33  3.48  3.90  3.87
STD DEV   1.55  1.56  1.50  1.29  1.25  1.38  1.32  1.30  1.73  1.68  1.83  1.66
SKEW      0.40  0.51  0.96  1.28  1.53  1.41  1.18  0.90  1.02  0.86  0.91  0.65
% WNW     1.64  2.00  2.35  2.06  1.33  1.20  1.24  1.49  1.53  1.87  2.39  2.44
MEAN      3.19  2.69  2.66  2.70  2.44  2.49  2.51  2.70  3.03  2.96  3.45  3.28
STD DEV   1.12  1.03  1.07  1.40  1.06  1.02  1.08  1.37  1.51  1.28  1.64  1.33
SKEW      0.45  0.36  0.69  1.37  0.79  0.57  0.79  1.38  1.00  0.72  0.80  0.54
% NW      1.57  1.71  3.05  4.01  3.61  3.35  3.26  3.62  3.55  3.87  3.70  3.03
MEAN      3.16  2.97  3.14  3.46  3.06  3.17  3.24  3.56  3.96  3.68  4.29  3.81
STD DEV   1.07  1.16  1.38  1.97  1.57  1.80  1.76  2.08  2.24  2.03  2.25  2.06
SKEW      0.36  0.43  0.91  1.37  1.45  1.59  1.48  1.51  1.16  1.44  1.17  1.32
% NNW     0.95  1.23  3.57  5.87  6.16  5.69  6.34  6.72  6.21  5.27  4.21  2.89
MEAN      3.57  3.30  4.03  4.71  4.43  4.22  4.99  5.43  5.33  4.60  5.07  4.85
STD DEV   1.23  1.35  2.28  3.01  2.80  2.45  3.07  3.25  2.88  2.47  2.46  2.50
SKEW      0.48  0.81  1.35  1.05  1.15  1.20  1.09  0.91  0.70  1.03  0.65  1.02
CALM      6.48  8.79 15.46 27.16 32.11 30.56 26.97 25.12 17.25 15.38 10.25  8.03
                                                                                
INTERPOLATED DATA (station & weighting factor)                                  
                                                                                
---Wind Stations---                                                             
SACRAMENTO/MA.CA     .392  SACRAMENTO/MC.CA     .392  FAIRFIELD/TRV.CA     .215 
