 Australia    Blinman (Angorichina)                                             
 LATT= -31.09 LONG= 138.74 YEARS= 30. TYPE= 1
 ELEVATION = 1870. TP5 = 1.55 TP6= 6.46
 MEAN P    .36   .42   .42   .30   .28   .21   .23   .26   .29   .30   .27   .36
 S DEV P   .50   .41   .64   .39   .31   .26   .20   .26   .42   .33   .29   .51
 SKEW  P  3.17  2.27  3.35  2.25  1.58  2.93  1.00  2.47  4.89  2.07  3.25  4.88
 P(W/W)    .31   .33   .39   .32   .28   .46   .47   .31   .30   .26   .23   .32
 P(W/D)    .06   .05   .04   .05   .09   .11   .10   .09   .09   .07   .08   .07
 TMAX AV 93.57 91.52 85.35 76.97 67.46 60.37 60.02 63.72 71.68 78.24 84.31 88.84
 TMIN AV 70.46 69.29 63.62 56.04 48.78 43.62 42.20 44.03 49.58 55.64 61.91 66.26
 SD TMAX  8.86  8.89  8.50  7.79  6.74  5.16  5.71  6.97  9.06  9.56  9.74  9.12
 SD TMIN  7.95  7.57  7.24  6.49  6.00  5.83  5.37  6.05  7.19  7.96  8.32  8.12
 SOL.RAD  607.  551.  470.  360.  272.  227.  248.  326.  432.  517.  572.  608.
 SD SOL  111.3 104.6  88.2  73.9  55.8  47.0  56.3  65.4  81.6 105.8 116.3 120.8
 MX .5 P   .51   .44   .40   .26   .32   .27   .29   .24   .28   .34   .41   .45
 DEW PT  44.99 46.13 44.05 41.51 41.02 39.89 37.38 35.41 36.19 36.53 39.83 41.91
Time Pk   .120  .220  .320  .400  .480  .570  .650  .740  .820  .890  .960 1.000
% N       2.17  2.13  1.63  1.27  1.09  1.42  1.29  1.71  1.74  1.62  1.63  1.63
MEAN      3.27  3.38  3.10  3.49  3.19  3.58  3.70  4.11  4.12  3.99  3.79  3.78
STD DEV   1.11  1.17  1.34  1.81  1.56  2.08  2.00  2.23  2.10  1.84  1.48  1.21
SKEW      0.07  0.23  0.87  1.52  0.89  0.95  1.17  1.04  0.92  1.00  0.54  0.45
% NNE     1.43  1.43  1.63  1.50  1.23  1.28  1.25  2.09  1.92  1.45  1.73  1.30
MEAN      3.29  3.38  3.55  4.22  4.79  4.91  4.77  4.79  4.60  4.25  4.31  3.63
STD DEV   1.14  1.25  1.53  1.99  2.75  2.69  2.64  2.33  2.01  1.91  2.02  1.37
SKEW      0.65  0.13  0.98  0.95  0.79  0.60  0.44  0.56  0.54  0.87  0.60  1.30
% NE      1.77  1.80  2.30  2.80  2.05  1.52  2.03  2.64  2.30  2.06  1.97  1.50
MEAN      3.17  3.36  3.37  3.48  3.68  3.43  3.48  3.83  3.81  3.65  3.81  3.53
STD DEV   1.17  1.37  1.25  1.20  1.52  1.25  1.41  1.56  1.40  1.31  1.28  1.09
SKEW      0.39  1.04  0.50  0.19  0.34  0.16  0.80  0.60  0.59  0.12  0.40  0.44
% ENE     2.27  2.00  2.70  3.10  2.74  2.44  2.66  3.03  2.27  2.23  1.93  1.40
MEAN      3.99  3.88  4.07  3.98  3.85  3.32  3.63  4.01  4.00  4.06  4.19  3.92
STD DEV   1.43  1.41  1.51  1.26  1.50  1.36  1.45  1.52  1.42  1.25  1.45  1.55
SKEW      0.80  0.23  0.57  0.41  0.65  0.38  0.67  0.56  0.17  0.25  0.05  0.53
% E       3.50  3.47  4.40  5.20  5.72  5.53  5.74  4.87  3.98  3.12  2.73  2.10
MEAN      4.65  4.27  4.03  3.96  3.70  3.53  3.58  3.77  4.01  3.90  4.32  4.22
STD DEV   2.24  1.99  1.59  1.57  1.70  1.47  1.37  1.66  1.46  1.60  1.84  1.83
SKEW      0.74  0.62  0.70  0.77  0.94  1.17  0.67  0.80  0.43  0.75  0.81  0.58
% ESE     2.03  2.03  1.93  2.50  2.69  2.62  2.91  2.80  1.93  1.58  1.27  1.03
MEAN      5.38  4.87  4.17  3.87  3.36  3.15  3.37  3.90  4.05  4.27  4.33  4.57
STD DEV   2.45  2.36  1.90  1.70  1.28  1.02  1.20  1.84  1.74  1.97  1.69  1.92
SKEW      0.61  0.71  0.86  1.20  0.60  0.27  0.36  1.13  1.00  1.13  0.65  0.20
% SE      1.13  1.13  1.67  1.80  2.27  2.57  2.42  1.84  1.43  0.98  1.00  0.73
MEAN      4.02  3.71  3.49  2.85  2.63  2.84  2.79  2.76  2.86  3.31  4.33  3.58
STD DEV   2.03  1.17  1.74  1.09  0.95  0.89  1.05  1.22  0.98  1.15  1.94  1.38
SKEW      0.62  0.10  1.31  0.25  0.16  0.25  0.60  1.80  0.09  0.32  0.58  0.62
% SSE     0.57  0.57  0.70  0.63  1.08  1.28  1.25  1.00  0.84  0.47  0.60  0.30
MEAN      3.16  3.46  3.00  2.91  2.71  2.52  2.66  2.87  2.71  3.17  3.81  3.11
STD DEV   1.56  2.04  1.11  0.95  0.94  0.88  0.90  1.23  1.03  0.91  2.51  1.09
SKEW      0.14  1.14  0.57  0.88  0.13 -0.09  0.27  0.80  0.24  0.21  0.76  0.36
% S       0.63  0.70  0.63  1.07  0.99  1.09  1.09  1.04  0.68  0.36  0.40  0.33
MEAN      4.56  4.24  3.09  2.82  2.46  2.49  2.45  2.96  3.07  2.83  2.99  2.31
STD DEV   1.97  2.37  1.08  1.04  0.86  0.79  0.78  1.62  1.22  1.13  1.07  0.67
SKEW      0.54  1.41  0.76  0.26  0.74  0.09  0.19  3.05  2.32  1.37  0.58  0.71
% SSW     0.93  0.87  1.37  0.93  1.00  0.79  1.01  0.96  0.84  0.62  0.40  0.40
MEAN      5.21  5.18  4.20  3.52  3.10  2.64  3.09  4.40  5.24  6.58  5.84  5.50
STD DEV   2.27  2.60  2.18  2.08  1.25  0.86  1.43  3.14  2.86  2.80  2.91  3.31
SKEW      0.32  0.02  0.99  1.76  1.57  0.73  2.06  1.50  0.51  0.34  0.83  0.70
% SW      3.30  3.67  3.17  2.63  2.36  2.35  2.86  3.07  3.49  3.86  3.57  3.17
MEAN      6.89  7.09  6.76  5.51  4.91  4.51  5.04  6.00  7.02  8.08  8.88  8.37
STD DEV   2.72  2.76  2.82  3.02  3.16  3.16  3.17  3.63  3.66  3.21  3.00  2.59
SKEW     -0.22  0.00  0.05  0.56  0.98  1.29  0.69  0.61  0.13 -0.27 -0.33 -0.70
% WSW    15.20 13.07 10.23  7.13  7.62  7.07  7.60  8.96 12.94 16.32 17.77 18.20
MEAN      7.43  7.05  6.72  6.60  7.04  7.21  6.86  7.24  8.73  8.95  9.21  8.87
STD DEV   2.40  2.32  2.50  3.36  4.13  4.39  4.30  3.77  3.67  3.31  2.78  2.59
SKEW     -0.25  0.04  0.19  0.59  0.81  0.77  0.90  0.42  0.27  0.43 -0.06  0.04
% W      24.30 24.20 25.14 23.72 21.43 22.01 20.90 22.95 26.04 25.15 25.83 24.90
MEAN      5.98  5.63  5.35  5.50  5.40  5.29  5.35  6.04  7.31  7.17  7.54  7.19
STD DEV   2.07  1.90  1.96  2.43  2.87  2.98  3.24  3.47  3.65  3.23  3.07  2.57
SKEW      0.68  1.00  1.04  1.50  1.49  1.74  1.86  1.52  0.93  0.98  0.82  0.55
% WNW    24.03 25.60 24.30 25.18 25.54 22.36 20.79 21.04 23.08 25.40 25.00 27.03
MEAN      5.56  5.31  5.16  5.13  4.82  4.75  4.87  5.09  6.29  6.18  6.44  6.31
STD DEV   1.73  1.61  1.75  2.13  2.02  2.21  2.49  2.29  3.08  2.49  2.59  2.09
SKEW      0.67  0.61  0.88  1.79  1.36  1.82  2.24  1.15  1.45  1.46  1.53  0.83
% NW     10.20  9.60  8.67  8.17  6.37  6.25  6.57  6.82  7.20  8.06  8.70 10.40
MEAN      4.83  4.63  4.42  4.28  3.92  3.75  3.94  4.13  4.68  5.06  5.33  5.34
STD DEV   1.53  1.58  1.60  1.60  1.55  1.51  1.68  1.69  1.81  1.80  1.81  1.69
SKEW      0.22  0.42  0.33  0.60  0.72  0.74  0.72  0.74  0.39  0.50  0.54  0.38
% NNW     3.23  3.20  2.47  1.73  1.36  1.37  1.67  1.78  1.88  2.01  2.47  2.90
MEAN      4.22  3.95  3.80  3.79  3.60  3.46  3.79  3.95  4.11  4.47  4.46  4.60
STD DEV   1.50  1.39  1.40  1.72  1.62  1.56  1.85  1.65  1.67  1.69  1.49  1.47
SKEW      0.51  0.24  0.31  1.34  0.48  1.03  0.69  0.47  0.75  0.49  0.09  0.43
CALM      3.43  4.67  7.03 10.53 14.46 18.09 18.19 13.34  7.47  4.67  2.87  2.63
                                                                                
INTERPOLATED DATA (station & weighting factor)                                  
                                                                                
---Wind Stations---                                                             
DAGGETT       CA    1.000  VICTORVILLE/G.CA     .000  SILVER LAKE   CA     .000 
