 Australia    Frogmoor                                                          
 LATT= -27.08 LONG= 149.11 YEARS= 30. TYPE= 4
 ELEVATION =  771. TP5 = 2.34 TP6= 5.76
 MEAN P    .55   .65   .68   .56   .53   .40   .44   .41   .33   .41   .50   .44
 S DEV P   .58   .97  1.01   .56   .46   .43   .40   .33   .29   .45   .56   .46
 SKEW  P  1.86  3.54  3.99  1.79  1.02  2.36  1.30  1.17  1.35  3.11  3.02  2.22
 P(W/W)    .35   .37   .44   .42   .34   .31   .35   .15   .29   .30   .36   .32
 P(W/D)    .12   .11   .05   .06   .08   .08   .07   .07   .06   .12   .14   .14
 TMAX AV 93.18 90.52 88.00 81.24 73.70 67.31 67.11 71.10 78.50 84.16 88.45 91.23
 TMIN AV 71.69 69.63 65.50 57.49 49.42 44.20 41.87 43.65 51.26 59.10 65.77 69.37
 SD TMAX  6.57  6.84  5.79  5.50  5.53  5.59  5.87  6.60  7.84  7.45  7.31  7.18
 SD TMIN  4.36  4.63  5.24  6.47  7.73  7.56  7.85  7.88  7.80  6.83  6.01  5.10
 SOL.RAD  596.  548.  492.  405.  329.  283.  312.  396.  491.  555.  592.  603.
 SD SOL  122.7 116.4  93.5  79.4  65.5  64.9  64.6  71.7  87.1 100.7 117.9 119.7
 MX .5 P   .98   .83   .57   .45   .45   .37   .34   .33   .39   .53   .77   .76
 DEW PT  59.24 60.34 56.96 51.20 46.88 43.88 40.60 38.84 42.52 47.87 52.57 57.07
Time Pk   .160  .270  .360  .460  .540  .640  .710  .770  .830  .890  .950 1.000
% N       1.45  2.23  6.71 10.47 11.52 11.75 13.57 11.43 10.41  7.27  5.10  2.52
MEAN      3.77  3.69  4.23  4.86  5.19  5.33  5.62  5.72  5.67  5.48  4.58  3.83
STD DEV   1.97  1.83  2.30  2.23  2.54  2.51  2.63  2.70  2.60  2.54  2.19  1.93
SKEW      0.69  0.90  0.96  0.41  0.57  0.53  0.50  0.56  0.38  0.40  0.52  0.53
% NNE     1.37  2.03  5.93  5.19  4.62  4.24  5.23  5.69  4.96  4.82  3.34  1.96
MEAN      4.04  3.75  4.54  4.43  4.75  4.89  4.62  4.90  5.01  5.30  4.57  3.74
STD DEV   2.11  1.77  2.37  2.15  2.24  2.21  2.13  2.30  2.28  2.26  1.98  1.67
SKEW      0.49  0.74  1.06  0.65  0.44  0.23  0.71  0.68  0.38  0.27  0.51  0.33
% NE      1.79  2.67  5.46  3.64  2.82  2.88  2.83  3.99  3.37  3.21  2.86  2.39
MEAN      4.09  3.73  4.10  3.95  3.77  3.94  3.83  4.48  4.07  4.82  4.12  3.71
STD DEV   2.04  1.74  2.04  1.87  1.80  1.94  1.80  2.07  2.08  2.08  2.02  1.83
SKEW      0.68  0.58  0.88  0.73  0.76  0.77  0.74  0.60  0.62  0.37  0.71  0.89
% ENE     1.77  2.62  4.49  2.17  1.69  1.29  1.56  2.10  1.80  2.38  2.21  2.08
MEAN      3.86  3.75  3.73  3.82  3.34  3.29  3.58  3.71  3.96  4.37  3.65  3.88
STD DEV   1.94  1.66  1.70  1.88  1.54  1.52  1.96  1.89  2.01  2.01  1.80  1.94
SKEW      0.83  0.67  0.75  0.87  0.46  1.06  0.78  1.05  0.80  0.83  0.69  0.72
% E       2.83  5.65  6.63  3.25  1.82  1.88  2.33  3.47  3.24  2.98  3.84  4.17
MEAN      3.57  3.49  3.38  3.11  3.12  3.15  3.32  3.47  3.49  3.68  3.50  3.46
STD DEV   1.50  1.59  1.62  1.50  1.42  1.65  1.85  1.62  1.56  1.64  1.65  1.59
SKEW      0.71  0.75  0.96  1.00  0.65  1.07  0.94  1.31  0.44  0.39  0.60  0.77
% ESE     3.32  5.60  4.61  3.27  1.49  1.61  1.71  3.07  2.98  3.62  4.47  4.12
MEAN      3.60  3.54  3.37  3.58  3.27  3.32  3.26  3.84  3.80  4.28  4.07  3.52
STD DEV   1.66  1.48  1.47  1.76  1.56  1.52  1.44  1.79  1.75  1.81  1.83  1.59
SKEW      0.68  0.62  0.75  0.75  0.68  0.96  0.34  1.01  0.72  0.35  0.63  0.62
% SE      9.53  9.59  8.47  7.27  4.26  4.51  4.32  6.08  6.49  7.52  9.44  9.99
MEAN      4.17  3.78  3.65  3.84  3.67  3.63  3.79  4.24  4.47  4.88  4.72  4.40
STD DEV   1.91  1.60  1.69  1.73  1.79  1.60  1.80  1.96  2.03  2.20  2.09  2.03
SKEW      0.71  0.69  0.70  0.48  1.13  0.54  0.88  0.68  0.41  0.49  0.55  0.57
% SSE    17.37 13.75 10.77 10.92  8.02  7.51  8.15  7.91 11.61 16.64 18.30 19.03
MEAN      4.36  3.95  4.08  4.17  4.21  4.19  4.41  4.82  5.29  5.56  5.39  4.97
STD DEV   1.86  1.64  1.80  1.79  1.85  1.93  2.08  2.27  2.30  2.16  2.13  2.14
SKEW      0.46  0.59  0.61  0.44  0.60  0.63  0.74  0.63  0.33  0.19  0.17  0.43
% S      29.72 23.79 16.26 17.20 17.90 16.06 16.15 13.02 16.73 21.32 24.18 28.78
MEAN      4.48  4.08  4.19  4.59  4.56  4.48  4.83  4.85  5.70  5.88  5.58  5.24
STD DEV   1.91  1.72  1.93  2.14  2.17  2.13  2.22  2.29  2.50  2.39  2.28  2.17
SKEW      0.45  0.46  0.56  0.43  0.50  0.57  0.60  0.60  0.25  0.18  0.23  0.30
% SSW    12.86 10.80  5.72  6.08  6.49  6.24  7.40  6.28  6.74  6.18  5.98  8.52
MEAN      4.50  4.20  4.26  4.78  4.79  4.69  5.09  5.17  5.85  5.72  5.01  5.11
STD DEV   1.88  1.77  1.81  2.12  2.12  2.09  2.34  2.38  2.46  2.52  2.11  2.04
SKEW      0.31  0.38  0.36  0.26  0.36  0.55  0.46  0.59  0.15  0.25  0.40  0.30
% SW      4.43  4.58  2.68  2.65  3.01  3.24  3.05  2.78  2.34  2.27  1.82  2.26
MEAN      3.98  3.93  3.86  4.21  4.30  3.97  4.71  4.67  5.09  4.98  4.05  4.06
STD DEV   1.70  1.71  1.82  1.83  2.05  2.03  2.11  2.33  2.50  2.31  1.84  1.93
SKEW      0.56  0.46  0.75  0.32  0.39  1.04  0.50  0.67  0.42  0.48  0.50  0.71
% WSW     2.13  1.82  1.15  1.18  2.02  2.07  2.23  2.18  2.10  1.36  0.90  0.73
MEAN      3.50  3.78  3.68  3.59  3.97  4.24  4.39  4.61  4.52  3.88  3.31  3.55
STD DEV   1.40  1.51  1.75  1.69  1.80  2.09  1.94  2.05  1.87  1.75  1.45  1.55
SKEW      0.40  0.16  0.61  0.76  0.41  0.93  0.56  0.53  0.46  0.46  0.65  0.53
% W       0.98  1.65  1.00  1.66  3.45  4.12  2.94  3.36  3.30  1.91  0.93  0.72
MEAN      2.99  3.41  3.25  3.77  4.06  4.14  4.71  5.05  5.38  4.45  3.00  3.35
STD DEV   1.28  1.46  1.63  2.05  2.18  2.13  2.57  2.54  2.71  2.32  1.42  1.66
SKEW      0.41  0.34  1.10  0.95  1.07  0.86  0.75  0.67  0.73  0.73  0.83  0.73
% WNW     0.42  0.74  1.11  1.54  2.83  3.61  3.02  3.12  3.44  2.02  1.21  0.47
MEAN      2.91  3.49  2.93  3.65  3.89  4.13  5.06  5.03  5.65  4.66  3.84  3.68
STD DEV   1.62  1.64  1.52  2.19  2.11  2.27  2.74  2.68  2.84  2.60  1.90  2.15
SKEW      0.87  0.29  1.08  1.46  0.97  0.91  0.75  0.75  0.57  0.62  0.58  0.93
% NW      0.53  1.03  1.93  3.62  5.33  7.05  5.36  6.12  4.52  3.32  1.77  1.05
MEAN      3.23  3.19  3.31  3.86  4.20  4.65  5.20  5.26  5.52  4.72  3.72  4.20
STD DEV   1.70  1.62  1.89  2.32  2.32  2.52  2.73  2.37  2.99  2.53  2.13  2.23
SKEW      0.62  0.73  1.14  1.17  1.04  0.73  0.59  0.38  0.68  0.67  0.84  1.26
% NNW     0.76  1.15  3.22  6.23  7.82  9.03  8.75  9.20  7.14  4.64  2.80  1.23
MEAN      3.61  3.50  3.77  4.62  4.99  5.27  5.94  5.91  6.29  5.51  4.40  4.21
STD DEV   2.17  2.01  1.99  2.38  2.58  2.65  2.86  2.58  3.09  2.73  2.17  2.13
SKEW      0.97  1.52  0.92  0.74  0.71  0.47  0.40  0.44  0.48  0.40  0.56  0.49
CALM      8.76 10.37 13.76 13.64 14.93 12.99 11.35 10.19  8.91  8.53 10.84  9.94
                                                                                
INTERPOLATED DATA (station & weighting factor)                                  
                                                                                
---Wind Stations---                                                             
FT HOOD       TX     .382  FT. HOOD      TX     .382  WACO/CONNALLY TX     .235 
