 Australia    Murwillumbah (Taleswood)                                          
 LATT= -28.29 LONG= 153.37 YEARS= 30. TYPE= 3
 ELEVATION =   66. TP5 = 3.08 TP6= 7.32
 MEAN P    .71   .60   .60   .47   .49   .59   .38   .38   .26   .52   .46   .67
 S DEV P  1.15  1.04  1.09   .91  1.18  1.13   .65   .56   .44   .86   .64   .96
 SKEW  P  4.99  4.56  5.06  5.81  9.17  3.58  5.06  2.30  5.63  4.47  2.74  4.00
 P(W/W)    .66   .70   .71   .66   .57   .60   .49   .52   .39   .52   .60   .59
 P(W/D)    .22   .30   .32   .24   .18   .16   .13   .13   .17   .20   .22   .26
 TMAX AV 81.00 80.02 77.93 74.00 69.59 65.51 65.25 67.58 71.79 74.62 77.24 79.65
 TMIN AV 66.82 66.30 63.75 58.31 52.86 48.74 46.14 46.65 51.58 57.18 61.43 64.57
 SD TMAX  4.58  4.83  4.24  3.93  3.66  3.66  3.79  4.30  4.86  5.31  5.32  5.02
 SD TMIN  3.46  3.27  3.61  4.27  5.26  5.49  5.79  5.36  5.24  4.66  4.16  3.88
 SOL.RAD  511.  464.  405.  342.  282.  245.  276.  349.  431.  477.  512.  523.
 SD SOL  117.4 114.2  97.5  80.6  72.5  66.2  68.1  76.7  90.3 109.5 117.0 123.4
 MX .5 P  1.40  1.21  1.12   .76   .60   .69   .30   .33   .41   .79   .86  1.21
 DEW PT  65.55 65.57 63.54 58.78 53.50 49.03 45.98 45.74 50.62 55.69 59.87 63.01
Time Pk   .200  .310  .400  .480  .560  .650  .720  .780  .840  .900  .960 1.000
% N       2.16  3.61  6.18 12.89 13.68 12.64 11.38  8.54  6.45  4.44  3.97  3.35
MEAN      2.58  2.89  3.07  3.80  4.21  4.16  4.10  4.36  4.38  4.12  4.06  3.59
STD DEV   1.22  1.38  1.51  1.64  1.75  1.87  1.81  1.84  1.84  1.89  1.80  1.90
SKEW      0.56  0.76  0.63  0.57  0.34  0.46  0.39  0.38  0.30  0.62  0.61  1.16
% NNE     1.77  3.62  7.17 11.54  9.58  8.77  7.74  6.47  4.92  4.28  4.78  3.66
MEAN      3.06  3.27  3.51  3.99  4.08  4.01  3.99  4.18  4.25  4.14  3.97  3.57
STD DEV   1.35  1.53  1.63  1.85  1.79  1.87  1.82  1.88  1.76  1.82  1.78  1.84
SKEW      0.22  0.61  0.57  1.21  0.43  0.78  0.60  0.48  0.37  0.54  0.76  0.91
% NE      2.96  5.60 11.30 12.66  8.23  7.27  5.29  5.45  4.96  6.02  6.37  5.45
MEAN      2.93  3.44  3.79  4.19  3.76  3.81  3.65  3.93  4.03  3.83  4.06  3.77
STD DEV   1.42  1.71  1.91  1.88  1.64  1.78  1.64  1.77  1.79  1.72  1.77  1.81
SKEW      0.96  1.11  1.34  0.62  0.53  0.88  0.62  0.66  0.71  0.58  0.64  0.43
% ENE     3.52  6.17 11.45 11.25  6.68  5.65  4.10  4.15  4.59  6.49  8.86  6.09
MEAN      3.10  3.43  4.07  4.46  3.96  4.13  3.93  4.02  4.29  4.25  4.34  3.84
STD DEV   1.32  1.58  1.81  1.99  1.79  1.86  1.87  1.78  1.91  1.76  1.87  1.66
SKEW      0.44  0.70  0.78  0.60  0.52  0.53  0.67  0.43  0.69  0.48  0.47  0.45
% E       9.38  9.10 13.20  7.70  6.03  5.76  5.13  5.93  5.86 11.54 11.88  9.87
MEAN      3.41  3.41  3.88  4.10  3.74  3.77  3.80  3.90  4.16  4.37  4.35  4.00
STD DEV   1.59  1.56  1.74  1.94  1.88  1.78  1.85  1.85  1.87  1.81  1.85  1.79
SKEW      0.56  0.63  0.56  0.74  0.80  0.56  0.80  0.88  0.63  0.22  0.24  0.45
% ESE     8.45  6.14  6.53  3.42  3.41  3.35  3.64  4.63  4.97  9.32  8.23  7.37
MEAN      3.67  3.34  3.79  3.76  3.83  4.00  3.95  4.27  4.22  4.75  4.35  3.89
STD DEV   1.64  1.48  1.68  1.87  1.61  1.74  1.73  1.76  1.70  1.87  1.74  1.75
SKEW      0.46  0.62  0.44  0.98  0.55  0.66  0.36  0.28  0.25  0.37  0.30  0.57
% SE      8.21  6.14  5.50  3.18  3.33  4.15  4.58  4.88  5.70  6.99  7.14  6.80
MEAN      3.19  3.10  3.52  3.41  3.52  3.87  3.80  4.04  4.17  4.32  3.94  3.58
STD DEV   1.52  1.44  1.58  1.56  1.55  1.61  1.61  1.82  1.70  1.80  1.69  1.60
SKEW      0.81  0.82  0.73  0.68  0.57  0.36  0.62  0.59  0.39  0.37  0.44  0.51
% SSE     6.31  4.84  3.31  2.48  2.45  3.02  3.46  4.49  4.93  5.13  4.67  5.24
MEAN      2.79  3.08  3.50  3.30  3.40  4.03  4.07  4.06  4.14  4.16  3.65  3.19
STD DEV   1.32  1.67  1.63  1.48  1.49  2.01  1.79  1.91  1.86  1.76  1.56  1.53
SKEW      0.71  1.16  0.54  0.55  0.54  0.67  0.40  0.43  0.62  0.54  0.56  0.74
% S      10.53  8.34  4.82  3.02  4.18  5.16  6.15  7.41  8.33  5.89  6.54  8.37
MEAN      2.86  2.72  3.55  3.49  3.54  4.32  4.22  4.51  4.40  4.19  3.22  3.25
STD DEV   1.45  1.35  1.94  1.69  1.70  2.10  1.99  2.33  2.22  1.98  1.44  1.56
SKEW      1.17  1.19  0.91  0.72  0.62  0.53  0.51  0.67  0.73  1.00  0.69  1.03
% SSW     6.76  5.85  2.98  2.26  3.11  3.76  4.10  5.30  6.04  3.82  4.13  5.87
MEAN      2.94  3.03  3.84  3.26  4.09  4.22  4.52  4.78  4.56  4.46  3.41  3.57
STD DEV   1.37  1.34  2.36  1.56  1.75  1.96  1.91  2.10  1.87  1.92  1.49  1.86
SKEW      1.08  0.65  1.29  0.57  0.42  0.50  0.42  0.40  0.31  0.37  0.39  1.25
% SW      7.12  6.25  3.07  1.90  2.93  2.95  4.22  4.29  5.43  4.45  4.76  6.33
MEAN      2.89  2.86  3.06  3.15  3.71  3.67  4.26  4.61  4.32  4.08  3.33  3.27
STD DEV   1.33  1.31  1.55  1.48  1.74  1.61  2.00  2.36  2.02  1.86  1.57  1.61
SKEW      0.93  0.87  0.86  0.74  0.65  0.66  0.68  1.00  0.64  0.66  0.71  1.29
% WSW     4.88  4.16  2.06  1.68  2.05  2.05  3.00  3.89  4.55  4.49  3.95  5.00
MEAN      3.23  3.30  3.21  3.30  3.78  4.10  4.32  4.15  4.42  4.17  3.81  3.61
STD DEV   1.58  1.58  1.76  1.66  1.90  1.84  2.05  2.22  2.02  1.96  1.85  1.78
SKEW      0.82  0.82  1.18  0.57  0.59  0.73  0.41  0.94  0.77  0.62  0.78  1.00
% W       5.77  4.99  2.80  3.56  4.13  4.55  6.04  7.55  8.19  6.71  5.46  6.22
MEAN      3.17  3.11  3.44  3.42  3.67  3.60  4.06  4.45  4.37  4.05  3.63  3.42
STD DEV   1.54  1.61  2.07  1.77  2.18  1.79  1.97  2.63  2.17  1.97  1.88  1.67
SKEW      0.70  0.88  1.53  0.82  1.24  0.76  0.80  1.10  0.63  0.71  0.81  0.84
% WNW     2.69  3.32  1.84  3.55  5.50  5.39  7.65  7.10  7.07  5.83  3.45  3.61
MEAN      3.24  3.17  3.40  3.53  3.91  4.61  4.82  4.88  4.77  4.39  3.74  3.37
STD DEV   1.52  1.52  1.80  1.61  1.85  2.15  2.17  2.33  2.23  1.88  1.67  1.49
SKEW      0.53  0.68  0.69  0.94  0.76  0.39  0.70  0.79  0.67  0.49  0.58  0.52
% NW      2.34  2.94  1.99  4.53  6.84  6.89  7.16  6.55  5.25  4.06  2.92  2.46
MEAN      2.98  2.89  3.07  3.64  4.13  4.34  4.45  4.61  4.63  4.28  3.36  3.12
STD DEV   1.43  1.37  1.37  1.62  1.86  1.96  2.07  2.19  2.01  1.86  1.43  1.45
SKEW      0.73  0.87  0.71  0.62  0.55  0.61  0.49  0.73  0.81  0.53  0.46  0.62
% NNW     1.28  1.78  2.04  5.02  6.47  6.35  6.24  4.47  3.94  2.78  2.11  1.85
MEAN      2.87  2.80  3.22  3.90  4.35  4.33  4.27  4.50  4.72  4.46  3.59  3.41
STD DEV   1.60  1.31  1.59  1.65  1.81  1.94  1.86  1.83  1.82  1.96  1.49  1.70
SKEW      0.97  0.71  0.51  0.54  0.45  0.70  0.45  0.14  0.17  0.47  0.29  1.21
CALM     15.77 17.12 13.81  9.37 11.31 12.29 10.09  8.88  8.82  7.77 10.77 12.45
                                                                                
INTERPOLATED DATA (station & weighting factor)                                  
                                                                                
---Wind Stations---                                                             
ORLANDO/MCCOY FL     .667  BARTOW        FL     .172  MELBOURNE     FL     .161 
