 Australia    Benalla                                                           
 LATT= -34.15 LONG= 117.40 YEARS= 30. TYPE= 1
 ELEVATION =  919. TP5 = 1.65 TP6= 5.66
 MEAN P    .38   .22   .23   .16   .21   .23   .22   .21   .18   .18   .20   .21
 S DEV P   .85   .28   .33   .19   .20   .24   .20   .21   .19   .20   .24   .27
 SKEW  P  3.81  2.80  3.04  2.26  1.67  2.27  1.32  2.03  2.70  2.81  2.44  2.46
 P(W/W)    .20   .28   .40   .33   .54   .49   .50   .52   .44   .44   .28   .25
 P(W/D)    .04   .06   .08   .13   .20   .30   .28   .32   .23   .19   .12   .06
 TMAX AV 82.26 81.70 77.51 71.40 64.54 59.26 57.19 58.27 60.92 66.56 73.74 78.73
 TMIN AV 56.98 57.94 56.02 52.49 48.13 44.73 43.09 43.47 44.55 46.83 50.85 53.94
 SD TMAX  9.04  8.50  8.40  7.23  5.43  4.20  3.89  4.53  5.72  7.37  8.85  8.76
 SD TMIN  5.22  5.12  5.64  5.62  5.14  4.52  4.78  4.76  4.99  5.40  5.44  5.10
 SOL.RAD  592.  519.  416.  304.  230.  193.  206.  264.  340.  445.  532.  595.
 SD SOL  119.4 111.0 101.8  79.3  59.2  52.3  56.2  70.8  87.7 102.8 110.6 116.2
 MX .5 P   .32   .32   .28   .22   .34   .29   .30   .33   .30   .35   .38   .30
 DEW PT  51.68 52.64 51.74 49.91 47.11 44.93 43.99 44.31 45.16 46.40 47.86 49.38
Time Pk   .070  .170  .250  .340  .430  .520  .610  .690  .770  .850  .940 1.000
% N       3.07  2.11  2.32  3.49  3.76  4.95  4.22  4.68  3.20  3.08  2.61  2.95
MEAN      2.98  2.93  3.11  4.07  3.96  4.18  3.86  5.30  4.07  3.43  3.40  2.92
STD DEV   1.67  1.54  1.56  2.77  2.70  2.88  2.46  3.37  2.68  1.67  2.06  1.44
SKEW      0.73  0.79  0.62  1.12  1.53  1.47  1.24  0.63  1.12  0.81  1.52  0.69
% NNE     0.56  0.44  0.82  1.55  2.24  3.55  3.44  1.82  1.58  1.14  0.96  0.56
MEAN      2.07  2.04  2.44  2.74  3.19  3.30  3.48  3.38  3.63  2.63  2.46  2.29
STD DEV   0.77  0.84  1.05  1.31  1.59  1.77  1.83  1.99  2.17  1.44  1.13  1.09
SKEW      0.32  0.39  0.52  0.57  0.68  0.88  1.06  1.26  1.14  1.39  0.45  0.45
% NE      0.38  0.46  0.93  1.29  3.11  4.60  4.24  2.00  1.64  0.90  0.75  0.40
MEAN      1.57  1.76  2.69  3.30  3.78  4.12  4.18  3.39  3.25  2.57  1.89  1.60
STD DEV   0.50  0.57  1.36  1.68  1.93  2.17  2.16  1.79  1.62  1.09  0.85  0.82
SKEW      0.48 -0.05  1.00  0.63  0.75  0.84  0.70  0.83  0.53  0.53  1.42  2.19
% ENE     0.28  0.34  0.61  1.15  3.62  4.12  4.16  1.94  1.72  0.64  0.57  0.32
MEAN      1.89  2.28  4.34  3.67  4.44  5.00  4.95  3.70  3.72  2.68  2.41  2.18
STD DEV   0.53  1.41  2.58  2.25  2.47  2.45  2.45  1.90  1.96  1.46  1.30  1.22
SKEW     -0.68  0.82  0.61  1.06  0.80  0.68  0.58  0.49  0.42  1.16  0.61  1.43
% E       0.48  0.72  1.34  2.12  3.67  3.27  4.18  2.76  2.24  1.23  0.87  0.44
MEAN      1.72  2.61  4.65  4.71  4.45  4.12  4.69  3.91  3.52  2.60  3.34  1.84
STD DEV   0.53  1.56  2.93  2.76  2.25  2.08  2.53  2.05  2.17  1.54  2.07  0.60
SKEW     -0.05  0.83  0.52  0.54  0.46  0.41  0.38  0.57  0.91  1.38  0.94 -0.14
% ESE     0.48  0.56  1.21  1.32  1.91  1.48  1.66  1.76  1.62  1.65  0.67  0.67
MEAN      2.07  2.02  3.22  3.08  3.32  2.58  2.96  2.86  2.85  2.76  2.43  1.94
STD DEV   0.84  0.81  2.21  1.86  2.22  1.31  1.51  1.53  1.59  1.26  1.06  0.83
SKEW      0.31  0.48  1.37  0.73  1.12  0.83  0.88  1.02  0.98  0.53  0.73  1.10
% SE      0.91  1.26  1.91  2.30  3.27  3.06  3.76  4.90  4.04  3.49  2.57  1.77
MEAN      2.38  2.35  2.69  2.73  3.11  2.51  3.37  3.06  2.79  2.98  2.61  2.50
STD DEV   1.07  0.99  1.29  1.43  1.69  1.14  1.74  1.48  1.31  1.35  1.16  1.03
SKEW      0.55  0.67  0.58  1.06  0.91  0.74  0.95  0.99  0.88  0.73  0.76  0.48
% SSE     0.89  1.21  2.53  2.29  3.19  2.85  3.22  3.68  3.94  4.40  4.06  3.52
MEAN      2.74  2.51  2.97  2.49  3.09  2.79  3.22  3.22  3.00  2.99  3.02  3.12
STD DEV   1.61  0.99  1.34  1.14  1.73  1.44  1.73  1.58  1.48  1.45  1.35  1.32
SKEW      1.29  0.26  0.85  0.94  1.05  0.90  0.98  0.95  0.92  0.83  0.72  0.59
% S       0.99  1.36  2.28  2.05  3.04  2.80  2.66  3.84  3.60  4.52  4.46  2.50
MEAN      2.43  2.42  2.94  2.77  2.88  2.59  2.94  3.36  2.93  3.60  3.16  2.98
STD DEV   1.06  0.95  1.42  1.73  1.53  1.21  1.69  2.07  1.49  1.97  1.39  1.42
SKEW      0.36  0.43  0.84  1.95  0.75  0.69  1.25  1.08  0.62  0.78  0.48  0.80
% SSW     0.28  0.46  0.56  0.56  1.00  0.89  0.88  1.08  1.18  1.69  1.22  0.63
MEAN      2.24  1.67  2.25  1.92  2.47  2.24  2.37  2.23  2.59  3.49  3.34  2.42
STD DEV   0.92  0.58  1.17  0.82  1.32  1.06  1.36  1.06  1.41  2.00  1.84  1.20
SKEW      0.11  0.05  2.27  0.60  0.64  0.74  1.20  0.71  0.85  0.64  0.47  0.60
% SW      0.16  0.32  0.38  0.46  0.52  0.82  0.66  0.78  0.82  1.13  0.67  0.39
MEAN      1.71  1.73  1.88  2.07  2.08  1.86  2.40  2.34  2.47  3.15  2.30  2.40
STD DEV   0.59  0.58  0.51  0.84  1.16  0.80  1.16  1.04  1.08  1.66  1.06  0.99
SKEW      0.00  0.00 -0.65  0.31  2.04  0.67  0.65  0.77  0.54  0.37  1.05  0.29
% WSW     0.51  0.32  0.51  0.54  0.68  0.70  0.78  0.90  1.02  1.09  0.70  1.01
MEAN      3.65  2.27  2.25  1.84  2.42  2.55  2.08  2.27  3.26  3.81  2.93  3.32
STD DEV   1.18  0.90  0.93  0.64  1.15  1.74  0.99  0.97  1.82  1.69  1.65  1.59
SKEW      0.10  0.02  0.47  0.54  0.61  1.63  1.18  0.69  0.65  0.19  0.52  0.45
% W       3.74  2.71  3.06  2.58  2.21  2.31  3.28  4.58  4.68  4.07  3.85  4.14
MEAN      3.59  3.28  3.65  2.84  3.16  3.24  2.70  3.31  3.68  4.15  3.45  3.73
STD DEV   1.59  1.52  1.81  1.35  2.10  2.06  1.29  1.65  1.95  2.10  1.78  1.55
SKEW      0.29  0.42  0.48  0.57  2.19  1.27  0.74  0.81  1.14  0.54  0.85  0.21
% WNW    13.02 12.90 11.70  9.15  5.66  3.97  4.70  6.86  8.22  9.58 10.74 12.92
MEAN      4.31  4.48  4.34  3.86  3.45  2.96  2.84  3.54  3.92  4.55  4.32  4.22
STD DEV   1.92  2.03  1.86  1.72  1.44  1.36  1.29  1.56  1.74  1.90  1.96  1.87
SKEW      0.25  0.27  0.19  0.48  0.25  0.67  0.70  0.45  0.45  0.22  0.46  0.19
% NW     25.09 24.68 17.48 14.27  9.15  6.61  7.06  8.20 12.10 16.26 24.43 24.25
MEAN      4.78  4.91  4.47  3.95  3.49  3.24  3.50  3.64  3.91  4.35  4.44  4.58
STD DEV   2.04  2.04  1.95  1.73  1.60  1.58  1.71  1.64  1.63  1.84  1.97  1.98
SKEW      0.07  0.03  0.24  0.35  0.66  1.08  1.02  0.64  0.47  0.31  0.29  0.19
% NNW     8.54  6.80  5.86  5.17  3.92  3.79  3.96  4.46  4.10  5.78  7.54  8.51
MEAN      4.01  4.06  3.81  3.85  3.36  3.26  3.59  4.32  3.92  3.87  3.83  3.81
STD DEV   1.94  2.03  1.84  2.31  2.01  1.79  2.11  2.73  2.22  1.85  1.83  1.84
SKEW      0.45  0.51  0.56  1.34  1.69  1.20  1.19  0.89  1.15  0.49  0.54  0.53
CALM     40.59 43.40 46.41 49.88 49.21 50.07 47.18 45.62 44.22 39.42 33.38 34.99
                                                                                
INTERPOLATED DATA (station & weighting factor)                                  
                                                                                
---Wind Stations---                                                             
RIVERSIDE/MAR.CA    1.000  SAN BERNARDINOCA     .000  EL TORO       CA     .000 
