 Australia    Lake Echo Power Station                                           
 LATT= -42.25 LONG= 146.62 YEARS= 30. TYPE= 3
 ELEVATION = 2182. TP5 = 1.12 TP6= 1.69
 MEAN P    .25   .22   .23   .23   .23   .20   .23   .23   .23   .23   .25   .26
 S DEV P   .37   .26   .34   .30   .36   .27   .38   .29   .29   .26   .38   .38
 SKEW  P  3.58  2.36  3.34  2.81  4.03  2.74  8.40  2.44  2.60  2.14  5.64  3.15
 P(W/W)    .54   .46   .51   .59   .60   .66   .67   .69   .67   .68   .65   .60
 P(W/D)    .22   .22   .24   .29   .32   .32   .36   .44   .37   .32   .31   .25
 TMAX AV 65.12 64.99 61.09 55.23 50.10 46.15 45.04 46.26 49.64 53.98 58.23 61.53
 TMIN AV 47.97 48.31 46.16 42.30 39.42 36.67 35.80 35.88 37.60 39.77 42.55 45.29
 SD TMAX  8.83  8.23  8.04  6.25  4.77  3.86  3.67  4.78  5.55  7.16  8.11  8.24
 SD TMIN  6.34  6.15  6.06  5.50  5.10  4.65  4.40  4.71  5.20  5.77  5.90  6.03
 SOL.RAD  482.  419.  314.  212.  135.  105.  119.  179.  261.  363.  440.  473.
 SD SOL  124.0 111.2  99.2  68.7  52.2  37.4  44.1  63.3  82.7 105.1 115.2 115.6
 MX .5 P   .81   .48   .41   .31   .21   .17   .15   .17   .17   .22   .51   .60
 DEW PT  45.93 46.76 45.16 42.31 39.81 37.39 36.24 35.82 37.02 38.73 41.51 43.70
Time Pk   .070  .150  .240  .320  .400  .510  .600  .690  .780  .860  .940 1.000
% N       4.08  3.64  4.18  2.89  3.15  2.92  2.99  3.11  2.86  3.24  3.76  3.83
MEAN      3.49  3.31  3.30  2.87  2.85  2.65  2.86  2.98  3.41  3.37  3.39  3.28
STD DEV   1.63  1.58  1.62  1.51  1.26  1.27  1.44  1.48  1.84  1.59  1.59  1.57
SKEW      0.97  0.97  0.83  1.17  0.91  1.09  1.60  0.91  1.09  0.91  0.82  0.80
% NNE     3.75  3.53  4.53  3.84  4.84  4.98  5.28  4.39  2.94  3.23  3.57  3.33
MEAN      3.40  3.37  3.50  2.93  2.92  2.85  3.14  3.37  3.52  3.64  3.58  3.60
STD DEV   1.58  1.59  1.85  1.44  1.48  1.36  1.73  1.92  1.85  1.96  1.72  1.78
SKEW      0.70  0.79  1.03  0.97  1.68  1.42  1.75  1.25  0.97  1.06  0.90  0.93
% NE      6.06  5.92  8.39  8.47 10.11  9.42 10.29  8.69  6.74  5.52  5.98  5.48
MEAN      2.95  3.05  3.08  2.86  2.89  2.75  2.91  3.07  3.29  3.52  3.36  3.26
STD DEV   1.34  1.51  1.52  1.27  1.24  1.20  1.38  1.54  1.60  1.74  1.63  1.59
SKEW      0.98  1.05  1.22  1.00  1.02  1.02  1.40  1.24  1.22  1.04  0.98  1.10
% ENE     5.75  5.23  7.29  8.73  7.87  7.57  7.06  7.21  7.14  5.89  5.41  4.54
MEAN      3.15  3.12  3.34  3.09  2.92  2.96  2.92  3.37  3.63  3.63  3.63  3.39
STD DEV   1.37  1.38  1.54  1.37  1.21  1.30  1.33  1.79  1.91  1.78  1.78  1.77
SKEW      0.91  0.90  0.92  1.24  0.89  1.01  1.18  1.02  1.34  0.90  0.95  1.19
% E       4.21  4.17  4.88  4.69  4.77  4.78  4.88  4.82  4.92  4.49  3.99  3.83
MEAN      2.91  2.88  2.96  2.81  2.87  2.77  2.93  3.03  3.19  3.21  3.27  3.01
STD DEV   1.38  1.33  1.41  1.35  1.39  1.33  1.52  1.54  1.58  1.53  1.66  1.46
SKEW      0.98  0.89  1.00  1.13  1.14  0.92  1.12  0.89  0.90  0.98  1.13  1.18
% ESE     3.14  3.12  3.08  3.14  3.61  3.61  3.79  3.68  3.85  3.08  3.05  2.76
MEAN      2.84  2.75  2.79  2.98  2.87  3.07  3.08  3.23  3.51  3.13  3.15  2.96
STD DEV   1.21  1.18  1.17  1.46  1.27  1.44  1.49  1.63  1.66  1.40  1.44  1.31
SKEW      0.60  0.79  0.60  0.91  0.76  0.95  0.67  0.71  0.71  0.63  0.80  0.86
% SE      4.34  4.68  4.59  4.70  5.22  5.28  5.17  4.79  5.08  4.39  4.38  4.37
MEAN      2.93  2.93  2.95  2.99  3.24  3.45  3.56  3.39  3.39  2.99  3.07  3.01
STD DEV   1.19  1.28  1.20  1.31  1.49  1.75  1.96  1.87  1.59  1.25  1.35  1.25
SKEW      0.70  0.82  0.68  0.93  0.84  1.00  1.05  1.14  0.87  0.58  0.81  0.66
% SSE     5.18  5.41  4.81  5.51  5.85  5.52  5.82  4.97  5.21  4.69  4.74  5.03
MEAN      3.23  3.29  3.17  3.35  3.92  3.87  4.26  3.89  3.73  3.34  3.36  3.35
STD DEV   1.23  1.36  1.25  1.47  1.94  1.91  2.27  2.09  1.65  1.44  1.39  1.37
SKEW      0.55  0.78  0.72  0.93  0.95  0.90  1.02  1.30  0.71  1.15  0.65  0.75
% S       9.10  9.88  7.84  8.68  8.28  8.20  8.51  8.23  8.56  7.94  8.85  9.77
MEAN      3.66  3.59  3.53  3.60  3.90  3.90  4.17  3.95  4.07  3.79  3.71  3.75
STD DEV   1.57  1.56  1.57  1.62  1.97  1.94  2.22  2.02  1.91  1.65  1.67  1.58
SKEW      0.77  0.79  0.90  0.84  0.99  1.00  1.03  0.87  0.94  0.74  1.00  0.69
% SSW    11.62 11.94  9.97 10.98  9.84 10.07 10.29 11.01 11.55 12.49 12.37 13.91
MEAN      4.27  4.14  4.33  4.62  4.97  5.13  5.13  5.25  5.00  4.85  4.46  4.43
STD DEV   1.73  1.76  1.94  2.13  2.34  2.59  2.45  2.51  2.29  2.01  1.84  1.71
SKEW      0.62  0.65  0.76  0.65  0.56  0.95  0.63  0.72  0.84  0.60  0.46  0.41
% SW     11.83 12.12 10.36  9.06  8.40  9.07  8.34 10.18 11.73 13.59 12.58 12.62
MEAN      4.24  4.14  4.47  4.77  5.09  5.38  5.06  5.27  5.36  5.49  4.78  4.57
STD DEV   1.92  1.90  2.13  2.33  2.43  2.79  2.68  2.76  2.65  2.56  2.26  1.98
SKEW      0.98  1.03  0.93  0.75  0.63  0.80  0.70  0.76  0.87  0.59  0.89  0.63
% WSW     7.00  6.71  6.33  4.63  4.47  4.29  4.11  5.00  6.86  7.92  6.99  7.00
MEAN      4.30  4.13  4.59  4.61  4.76  4.67  4.14  4.61  5.10  5.64  4.92  4.76
STD DEV   2.10  1.96  2.46  2.46  2.62  2.60  2.40  2.68  2.60  2.82  2.52  2.43
SKEW      0.91  0.89  0.85  0.82  0.73  0.82  1.16  0.95  0.71  0.53  0.69  0.82
% W       4.59  4.32  4.19  3.80  3.73  3.32  3.39  4.40  5.51  5.71  5.43  4.63
MEAN      3.74  3.66  3.71  3.99  3.86  3.43  3.24  3.74  4.43  4.86  4.31  4.16
STD DEV   1.95  1.96  2.09  2.43  2.45  1.98  1.95  2.31  2.51  2.77  2.50  2.20
SKEW      0.97  1.06  1.15  1.14  1.12  1.22  1.46  1.25  0.87  0.92  1.00  1.05
% WNW     3.16  3.41  3.08  2.67  2.68  2.38  2.44  2.82  3.40  3.78  3.37  3.49
MEAN      3.61  3.64  3.78  3.20  3.39  3.11  3.13  3.26  3.87  4.07  3.80  3.76
STD DEV   1.71  1.88  1.99  1.71  2.02  1.66  1.71  1.69  1.95  2.00  1.97  1.94
SKEW      0.82  0.95  0.91  1.09  1.39  1.18  1.44  1.09  0.79  0.69  0.90  1.01
% NW      3.78  3.82  3.61  3.08  2.96  2.67  2.54  3.08  3.13  3.93  4.09  4.02
MEAN      3.46  3.43  3.39  2.92  3.14  2.87  2.68  3.37  3.63  3.50  3.17  3.32
STD DEV   1.63  1.58  1.67  1.29  1.68  1.46  1.27  1.74  1.72  1.67  1.45  1.49
SKEW      1.02  0.75  0.96  0.75  1.51  0.88  1.06  0.96  0.72  0.94  0.81  0.68
% NNW     2.75  2.61  2.74  1.99  2.20  1.70  1.80  2.14  2.22  2.68  2.84  2.79
MEAN      3.75  3.31  3.47  3.15  2.98  2.81  2.86  3.42  3.68  3.63  3.21  3.33
STD DEV   1.79  1.56  1.68  1.53  1.33  1.36  1.39  1.56  1.75  1.72  1.43  1.54
SKEW      0.87  1.02  0.89  1.05  1.15  1.03  1.40  0.62  0.79  0.91  0.77  1.45
CALM      9.63  9.52 10.16 13.10 12.06 14.24 13.41 11.51  8.22  7.44  8.62  8.60
                                                                                
INTERPOLATED DATA (station & weighting factor)                                  
                                                                                
---Wind Stations---                                                             
SPOKANE       WA     .384  SPOKANE       WA     .384  MISSOULA      MT     .233 
