 Australia    Pindral Outcamp                                                   
 LATT= -21.34 LONG= 115.94 YEARS= 30. TYPE= 1
 ELEVATION =   36. TP5 = 1.63 TP6= 4.72
 MEAN P    .61  1.05   .70   .52   .73   .97   .36   .38   .20   .00   .11  1.01
 S DEV P   .83  1.81  1.28   .78   .72  1.22   .36   .39   .00   .00   .14  1.65
 SKEW  P  2.18  3.03  4.83  2.22  1.23  1.78  1.30  1.49   .00   .00  1.19  2.90
 P(W/W)    .10   .22   .08   .20   .06   .12   .00   .07   .00   .00   .00   .00
 P(W/D)    .05   .07   .05   .02   .03   .04   .02   .01   .00   .00   .01   .02
 TMAX AV 92.54 92.28 93.04 90.34 83.84 77.74 76.98 79.33 82.50 87.48 89.09 91.21
 TMIN AV 80.71 81.26 80.64 76.25 69.18 63.67 61.15 62.18 65.36 70.60 74.05 77.96
 SD TMAX  5.59  5.21  4.54  4.44  4.38  3.59  3.05  3.33  4.19  5.29  5.67  5.49
 SD TMIN  3.02  2.73  2.92  3.44  3.94  4.14  4.02  3.15  2.96  4.00  3.71  3.72
 SOL.RAD  624.  583.  544.  460.  387.  346.  382.  467.  562.  640.  680.  675.
 SD SOL  114.5 113.5  97.3  86.5  76.2  75.1  72.0  64.6  62.1  66.7  74.8  84.6
 MX .5 P   .65   .80   .44   .29   .35   .38   .22   .24   .14   .19   .26   .42
 DEW PT  71.11 72.97 70.78 65.90 59.02 54.21 51.76 52.03 53.96 57.48 61.43 66.71
Time Pk   .160  .260  .350  .430  .520  .610  .690  .760  .840  .900  .950 1.000
% N       1.70  2.40  3.90  4.10  6.20  7.20  6.60  6.80  5.20  3.00  2.80  2.70
MEAN      2.57  2.43  2.90  3.30  4.64  4.15  3.53  4.60  4.45  3.47  3.41  2.72
STD DEV   1.30  1.18  1.82  1.69  2.89  2.75  2.14  2.86  2.61  1.87  2.18  1.24
SKEW      0.64  0.73  1.59  0.91  0.96  1.09  1.10  0.78  0.65  0.69  1.20  0.28
% NNE     1.30  1.40  1.60  2.40  2.80  3.10  2.90  3.50  3.20  2.20  1.80  1.20
MEAN      2.44  2.72  2.77  3.23  3.76  3.24  2.66  3.93  4.86  3.01  2.97  2.97
STD DEV   1.15  1.25  1.27  1.58  2.00  2.05  1.44  2.82  2.91  1.41  1.66  1.30
SKEW      0.14  0.47  0.42  1.28  1.05  1.29  1.31  1.28  0.66  0.56  0.86  0.27
% NE      2.90  2.50  2.80  2.70  2.80  2.90  3.10  3.40  3.50  3.00  1.80  2.20
MEAN      2.66  2.53  2.52  2.55  3.05  2.72  2.41  2.85  2.85  2.56  2.40  2.51
STD DEV   1.22  1.20  1.00  1.16  1.48  1.64  1.15  1.33  1.39  1.19  0.99  1.22
SKEW      0.29  0.60  0.28  0.56  1.10  2.09  0.67  0.54  0.57  0.62  0.46  0.79
% ENE     3.20  2.50  1.70  1.40  1.10  1.40  1.30  1.90  1.70  3.00  1.70  2.30
MEAN      2.92  2.61  2.44  2.53  2.14  2.48  1.97  2.82  2.88  2.78  2.82  2.76
STD DEV   1.36  1.01  0.90  1.04  0.81  1.02  0.82  1.38  1.60  1.14  1.25  1.04
SKEW      0.63  0.06 -0.13  0.14  0.02  0.26  0.36  0.63  1.23  0.29  0.32  0.09
% E      10.00  7.20  4.10  3.00  2.90  2.50  3.20  3.70  3.50  4.30  4.40  5.40
MEAN      3.09  2.94  2.65  2.60  2.43  2.30  2.25  2.52  2.54  2.89  2.62  2.98
STD DEV   1.42  1.33  1.12  1.07  0.88  0.95  1.06  1.12  1.06  1.18  1.02  1.21
SKEW      0.89  0.78  0.29  0.14  0.44  0.40  0.47  0.59  0.61  0.23  0.23  0.61
% ESE    10.90  8.40  4.40  2.60  1.80  1.90  1.90  2.00  3.00  2.90  3.60  5.40
MEAN      3.69  3.41  3.24  2.69  2.96  2.15  2.32  2.81  2.87  3.17  3.24  3.38
STD DEV   1.68  1.58  1.44  1.17  1.25  0.99  1.02  1.18  1.31  1.39  1.30  1.45
SKEW      0.60  0.65  0.56  0.40  0.87  0.71  0.46  0.36  0.65  0.39  0.34  0.54
% SE     21.90 18.10  9.90  6.40  3.80  3.20  5.20  3.20  4.50  5.80  7.70 10.60
MEAN      3.75  3.60  3.15  2.81  2.70  2.42  2.86  2.55  3.02  3.14  3.11  3.29
STD DEV   1.63  1.69  1.43  1.20  1.07  1.16  1.45  1.25  1.41  1.58  1.30  1.38
SKEW      0.59  0.97  0.90  0.46  0.25  0.64  0.76  0.48  0.47  1.10  0.48  0.49
% SSE     8.80  9.80  6.60  3.90  2.20  2.10  3.00  2.30  3.50  3.90  4.70  5.80
MEAN      3.69  3.62  3.22  3.05  2.68  2.64  2.60  2.65  3.02  3.29  3.06  3.21
STD DEV   1.72  1.53  1.26  1.34  1.18  1.22  1.38  1.41  1.37  1.47  1.30  1.44
SKEW      0.74  0.78  0.23  0.85  0.44  0.50  0.45  0.67  0.44  0.61  0.84  0.66
% S       6.60  7.80  7.40  5.10  3.10  3.10  4.90  2.90  3.90  4.10  4.40  5.40
MEAN      3.13  3.00  3.03  2.60  2.43  2.22  2.74  2.38  2.72  2.61  2.66  2.69
STD DEV   1.51  1.41  1.40  1.09  1.09  0.92  1.51  1.20  1.30  1.19  1.17  1.03
SKEW      0.90  1.01  0.88  0.40  0.64  0.51  0.92  0.72  0.58  0.62  0.64  0.37
% SSW     2.70  3.30  3.90  3.00  2.50  2.40  2.10  2.50  2.50  2.70  2.80  2.30
MEAN      2.72  2.69  2.67  2.57  2.61  2.25  2.63  2.33  2.47  2.86  2.85  2.51
STD DEV   1.21  1.15  1.27  1.13  1.09  1.04  1.68  1.17  1.14  1.35  1.62  1.13
SKEW      0.39  0.34  0.77  0.53  0.67  0.76  1.81  0.85  0.66  0.65  1.97  0.72
% SW      4.10  4.90  6.20  5.20  5.30  7.30  6.20  5.80  6.80  7.00  6.00  5.20
MEAN      3.19  2.89  3.28  3.04  2.93  3.38  3.34  3.09  3.48  4.27  4.60  4.30
STD DEV   1.72  1.61  2.03  1.79  1.35  2.53  2.51  2.14  2.46  2.62  2.97  2.59
SKEW      0.94  0.97  1.27  1.41  0.95  1.69  1.70  1.45  1.57  1.00  0.83  0.93
% WSW     7.30  7.80 10.40 11.60 11.90  9.60 10.50 11.40 13.90 19.10 22.00 17.70
MEAN      5.39  5.27  5.07  5.01  4.75  4.16  5.17  5.47  6.40  7.42  7.27  7.22
STD DEV   2.52  2.67  2.64  2.74  2.84  2.91  3.36  3.23  3.28  3.52  3.08  2.90
SKEW      0.29  0.50  0.62  0.67  0.82  1.37  0.68  0.56  0.22  0.45  0.04 -0.10
% W       8.80 10.00 16.20 22.00 25.90 23.10 20.50 22.00 23.70 22.70 20.40 19.90
MEAN      4.83  4.88  4.20  4.41  4.10  3.68  3.91  4.29  5.46  5.63  5.90  6.39
STD DEV   2.34  2.48  2.20  2.38  2.24  1.92  2.21  2.44  3.00  2.84  2.93  2.86
SKEW      0.44  0.56  0.81  1.13  2.07  2.07  1.43  1.37  0.68  0.83  0.40  0.14
% WNW     2.80  4.90  8.40 11.00 11.70 11.00 10.80 11.40  9.80  7.90  7.30  6.50
MEAN      3.56  3.45  3.80  3.74  3.53  3.68  3.52  3.65  4.02  4.42  4.50  4.46
STD DEV   1.77  1.71  2.08  1.88  1.41  1.69  1.92  1.75  2.15  2.17  2.45  2.16
SKEW      0.77  0.99  1.25  1.41  0.86  0.96  1.86  1.10  0.99  0.85  0.89  0.61
% NW      2.90  4.00  5.90  7.90  7.80  7.90  9.00  8.80  5.60  4.30  3.90  4.10
MEAN      2.78  2.70  2.67  3.20  3.27  3.09  3.25  3.08  3.24  3.63  3.26  3.12
STD DEV   1.24  1.31  1.27  1.50  1.51  1.44  1.78  1.58  1.55  2.03  1.63  1.35
SKEW      0.51  0.56  0.65  0.85  1.02  0.78  1.30  1.04  0.48  1.08  1.08  0.97
% NNW     1.10  1.70  2.60  3.90  4.20  4.70  4.90  5.00  3.40  2.40  3.00  1.90
MEAN      2.47  2.72  2.93  3.10  4.02  4.00  3.55  5.16  4.32  3.63  3.96  3.45
STD DEV   1.11  1.25  1.52  1.51  2.09  2.50  2.11  3.02  2.60  1.94  2.11  1.99
SKEW      0.23  0.55  0.97  0.72  0.88  1.11  1.05  0.42  0.95  0.79  0.74  1.24
CALM      3.10  3.20  3.90  3.90  4.00  6.60  4.00  3.40  2.30  1.70  1.80  1.70
                                                                                
INTERPOLATED DATA (station & weighting factor)                                  
                                                                                
---Wind Stations---                                                             
EL CENTRO     CA    1.000  IMPERIAL BEACHCA     .000  MOUNT LAGUNA  CA     .000 
