 Australia    Pioneer (Main Road)                                               
 LATT= -41.08 LONG= 147.94 YEARS= 30. TYPE= 3
 ELEVATION =  394. TP5 = 2.38 TP6= 5.59
 MEAN P    .36   .22   .28   .31   .31   .28   .30   .29   .26   .26   .26   .28
 S DEV P   .56   .31   .51   .44   .41   .36   .36   .34   .33   .32   .35   .48
 SKEW  P  3.24  3.12  6.10  2.84  3.83  4.43  2.91  2.64  2.40  3.40  3.28  5.42
 P(W/W)    .40   .37   .41   .49   .60   .59   .58   .61   .56   .54   .50   .49
 P(W/D)    .20   .19   .20   .26   .24   .31   .35   .32   .32   .29   .26   .21
 TMAX AV 67.19 67.38 65.77 61.67 57.64 54.19 52.91 53.21 55.16 57.77 60.90 64.11
 TMIN AV 57.40 58.07 56.39 53.01 49.71 46.92 45.58 45.45 46.87 48.95 51.82 54.70
 SD TMAX  4.13  3.82  3.84  3.39  2.90  2.62  2.25  2.39  2.81  3.16  3.83  3.88
 SD TMIN  3.95  3.99  4.16  4.21  4.26  3.92  3.86  3.83  3.73  3.90  3.92  3.94
 SOL.RAD  530.  456.  364.  248.  171.  128.  144.  214.  312.  416.  495.  539.
 SD SOL  121.6 108.9  89.3  66.5  48.9  39.8  44.6  62.2  82.7 102.7 121.4 122.0
 MX .5 P   .80   .40   .34   .33   .23   .12   .20   .24   .21   .26   .45   .50
 DEW PT  53.16 54.01 52.35 49.46 46.90 44.50 43.40 42.92 44.08 45.62 48.36 50.48
Time Pk   .070  .150  .240  .320  .400  .510  .600  .690  .780  .860  .940 1.000
% N       4.30  6.41  7.55  7.51  6.25  6.54  8.49  7.61  5.88  5.00  4.75  3.81
MEAN      3.40  3.61  3.87  4.30  4.65  5.09  5.50  4.94  5.10  4.76  4.37  3.73
STD DEV   1.52  1.59  1.89  2.16  2.36  2.55  2.34  2.31  2.17  2.11  2.09  1.73
SKEW      0.47  0.53  0.55  0.54  0.42  0.66  0.35  0.58  0.23  0.43  0.50  0.52
% NNE     6.33  8.34  9.69  7.49  6.30  6.16  8.21  8.68  5.75  5.85  6.12  4.71
MEAN      3.82  3.85  4.01  4.56  4.59  4.47  5.08  4.84  4.74  4.89  4.73  3.95
STD DEV   1.57  1.62  1.73  2.13  2.16  2.00  2.06  2.04  1.83  1.90  1.98  1.58
SKEW      0.36  0.51  0.48  0.68  0.52  0.58  0.25  0.42  0.30  0.33  0.46  0.40
% NE      5.69  6.74  8.43  6.23  5.03  4.73  5.26  5.95  5.62  4.73  5.90  4.46
MEAN      3.31  3.47  3.53  3.58  3.62  3.86  3.88  4.01  4.27  4.31  3.87  3.49
STD DEV   1.45  1.51  1.70  1.87  1.84  1.77  1.76  1.77  1.80  1.86  1.70  1.54
SKEW      0.64  0.54  0.70  0.94  0.66  0.49  0.67  0.53  0.40  0.37  0.53  0.67
% ENE     5.05  5.20  5.43  3.45  3.34  3.15  3.42  4.17  4.65  3.64  4.54  4.03
MEAN      3.10  3.29  3.09  3.22  3.23  3.47  3.53  3.77  4.08  4.00  3.55  3.29
STD DEV   1.31  1.44  1.27  1.74  1.56  1.44  1.51  1.62  1.68  1.59  1.50  1.38
SKEW      0.61  0.61  0.52  1.05  0.75  0.46  0.70  0.52  0.47  0.45  0.57  0.62
% E       5.93  6.45  7.41  5.13  4.19  4.13  3.91  4.60  5.20  4.20  5.51  5.30
MEAN      2.94  2.75  2.77  2.37  2.78  3.14  3.04  3.35  3.42  3.49  3.12  2.97
STD DEV   1.34  1.25  1.37  1.07  1.51  1.38  1.26  1.57  1.71  1.51  1.43  1.42
SKEW      1.04  0.90  0.97  1.03  1.34  0.73  0.64  0.73  1.04  0.65  0.90  0.91
% ESE     3.74  3.79  4.50  3.55  2.62  3.14  2.75  3.65  3.75  3.07  4.05  4.42
MEAN      3.07  2.86  2.98  2.73  3.06  3.67  3.21  3.60  3.74  3.68  3.17  3.13
STD DEV   1.37  1.26  1.33  1.24  1.68  1.70  1.48  1.68  1.76  1.68  1.35  1.41
SKEW      0.89  0.87  0.83  1.09  1.04  0.71  1.12  0.82  0.90  0.73  0.63  0.80
% SE      4.90  5.14  5.93  5.96  4.46  5.01  3.90  4.21  4.70  4.76  5.39  6.57
MEAN      2.85  2.75  3.21  3.10  3.44  3.59  3.39  3.75  3.89  3.59  3.24  3.16
STD DEV   1.25  1.35  1.52  1.49  1.74  1.77  1.60  1.77  2.01  1.72  1.47  1.54
SKEW      0.64  0.98  0.75  0.93  0.94  0.79  0.65  0.55  1.02  0.88  0.96  0.88
% SSE     6.13  5.77  6.71  7.13  7.15  7.70  7.25  6.03  7.87  7.98  7.92  7.87
MEAN      3.15  2.99  3.47  3.57  4.36  4.42  4.25  4.44  4.66  4.46  3.98  3.40
STD DEV   1.33  1.31  1.72  1.64  2.19  1.95  1.99  1.95  2.20  2.09  1.82  1.51
SKEW      0.69  0.88  1.22  0.76  0.82  0.49  0.69  0.59  0.77  0.76  0.76  0.80
% S      10.29  8.72  7.93  9.94 11.73 12.63 12.11  9.87 11.52 14.16 11.87 11.78
MEAN      3.43  3.28  3.66  3.73  4.58  4.54  4.97  5.04  5.32  4.93  4.36  3.63
STD DEV   1.45  1.47  1.69  1.73  2.24  2.08  2.23  2.23  2.38  2.26  2.02  1.60
SKEW      0.60  0.69  0.80  0.66  0.79  0.53  0.55  0.51  0.50  0.72  0.68  0.83
% SSW    10.65  8.83  6.25  6.97  8.42  9.78 10.38  9.16  9.22 12.66 10.01 10.90
MEAN      3.95  3.74  4.16  4.27  4.93  5.03  5.64  5.41  5.96  5.87  4.99  4.38
STD DEV   1.64  1.54  1.75  2.04  2.31  2.34  2.47  2.50  2.59  2.44  2.29  1.86
SKEW      0.53  0.47  0.43  0.59  0.55  0.68  0.49  0.66  0.33  0.33  0.56  0.65
% SW      9.23  6.67  4.24  4.21  4.87  5.07  4.37  4.98  4.57  5.73  6.51  8.79
MEAN      3.90  3.80  3.78  3.70  4.20  4.04  4.45  4.77  5.04  5.36  4.48  4.41
STD DEV   1.72  1.68  1.83  1.84  2.25  2.08  2.37  2.48  2.46  2.58  2.08  1.93
SKEW      0.53  0.53  0.60  0.75  0.77  0.84  0.94  0.76  0.39  0.37  0.63  0.38
% WSW     6.56  4.69  2.52  3.14  3.86  4.66  3.63  4.75  4.75  4.44  5.23  7.19
MEAN      4.01  3.74  3.74  3.73  4.33  4.56  4.33  4.84  5.69  5.29  4.35  4.37
STD DEV   1.73  1.66  1.75  1.82  2.34  2.31  2.33  2.37  2.63  2.66  1.98  1.98
SKEW      0.43  0.51  0.43  0.69  0.98  0.81  0.89  0.57  0.39  0.53  0.65  0.46
% W       4.28  3.61  1.63  3.20  4.17  4.33  3.37  3.51  4.20  3.84  3.70  4.08
MEAN      3.47  3.23  2.97  3.52  4.07  4.54  4.34  4.52  5.17  4.74  3.99  3.67
STD DEV   1.59  1.49  1.39  1.81  2.19  2.36  2.20  2.55  2.59  2.55  2.03  1.87
SKEW      0.62  0.70  0.54  0.81  0.75  0.84  0.58  0.83  0.33  0.68  0.91  0.74
% WNW     2.75  2.47  2.34  3.30  4.98  4.58  4.63  4.66  6.04  5.10  3.66  2.42
MEAN      3.14  3.12  3.19  3.93  4.79  4.85  5.01  5.04  5.54  5.19  4.29  3.73
STD DEV   1.39  1.37  1.65  1.96  2.29  2.21  2.33  2.29  2.35  2.46  2.18  1.88
SKEW      0.81  0.60  1.00  0.56  0.58  0.42  0.56  0.43  0.21  0.40  0.73  0.68
% NW      2.25  2.55  3.03  4.01  6.16  5.66  5.41  5.74  5.87  4.73  3.25  1.94
MEAN      3.13  2.97  3.28  4.04  4.74  5.15  5.10  5.12  5.27  5.06  4.17  3.34
STD DEV   1.56  1.47  1.74  2.38  2.36  2.52  2.28  2.33  2.35  2.37  2.15  1.73
SKEW      1.08  1.01  0.94  0.98  0.49  0.50  0.41  0.27  0.37  0.33  0.79  0.78
% NNW     2.74  4.11  4.62  5.20  5.76  5.67  6.81  6.63  5.92  5.10  4.14  2.77
MEAN      3.36  3.56  3.95  4.28  5.29  5.44  5.75  5.52  5.45  5.33  4.61  3.95
STD DEV   1.51  1.68  1.94  2.02  2.33  2.37  2.40  2.43  2.10  2.15  2.17  1.86
SKEW      0.69  0.76  0.47  0.42  0.36  0.19  0.43  0.33  0.03  0.26  0.37  0.65
CALM      9.18 10.58 11.77 13.61 10.81  7.06  6.05  5.85  4.49  5.04  7.46  8.88
                                                                                
INTERPOLATED DATA (station & weighting factor)                                  
                                                                                
---Wind Stations---                                                             
MEMPHIS/INT.  TN     .356  MEMPHIS       TN     .356  MALDEN        MO     .288 
