 Australia    Gladstone (Old Post Office)                                       
 LATT= -40.96 LONG= 148.01 YEARS= 30. TYPE= 4
 ELEVATION =  200. TP5 = 2.10 TP6= 3.17
 MEAN P    .35   .22   .29   .25   .28   .26   .22   .26   .23   .24   .28   .29
 S DEV P   .65   .33   .52   .33   .37   .33   .28   .30   .27   .26   .36   .53
 SKEW  P  4.00  3.08  6.50  2.84  3.42  3.09  3.00  2.40  2.74  2.07  2.75  5.96
 P(W/W)    .43   .42   .37   .48   .59   .61   .62   .59   .55   .51   .51   .46
 P(W/D)    .20   .20   .21   .26   .25   .30   .41   .33   .35   .27   .24   .22
 TMAX AV 66.90 67.40 66.05 62.44 58.76 55.53 54.07 54.02 55.64 57.81 60.62 63.84
 TMIN AV 59.83 60.76 59.28 56.17 52.98 50.19 48.69 48.40 49.68 51.56 54.28 57.13
 SD TMAX  3.97  3.70  3.66  3.31  2.81  2.51  2.18  2.32  2.79  3.06  3.58  3.80
 SD TMIN  3.44  3.55  3.68  3.68  3.58  3.30  3.27  3.12  3.06  3.28  3.37  3.45
 SOL.RAD  567.  487.  391.  268.  184.  140.  161.  237.  338.  452.  532.  587.
 SD SOL  125.2 111.1  91.4  67.7  48.8  39.8  45.9  63.8  84.4 106.9 124.9 125.9
 MX .5 P   .84   .42   .37   .30   .20   .13   .13   .19   .17   .25   .49   .52
 DEW PT  54.08 54.97 53.37 50.51 48.04 45.61 44.56 44.02 45.13 46.61 49.23 51.40
Time Pk   .070  .150  .240  .320  .400  .510  .600  .690  .780  .860  .940 1.000
% N       4.56  5.03  6.57  7.64 10.68 11.59 10.81 11.29 11.05 10.50  7.59  5.90
MEAN      4.19  3.95  3.79  4.41  4.44  4.50  4.47  4.80  4.62  4.82  4.82  4.19
STD DEV   1.96  1.73  1.86  2.47  2.24  2.51  2.46  2.58  2.21  2.16  2.20  1.92
SKEW      0.63  0.63  0.81  1.52  0.91  0.96  1.21  0.67  0.51  0.51  0.39  0.61
% NNE     1.76  2.43  3.54  3.71  5.40  5.42  6.14  4.67  5.58  4.90  3.38  3.08
MEAN      3.57  3.99  3.90  4.18  4.24  4.61  4.96  5.05  4.73  4.88  4.80  4.15
STD DEV   1.59  1.87  1.88  1.93  2.00  2.15  2.24  2.68  2.34  2.21  2.29  1.80
SKEW      0.68  0.66  0.80  0.58  0.73  0.63  0.24  1.57  0.70  0.60  0.60  0.51
% NE      1.39  1.98  2.32  2.67  3.19  2.57  3.28  3.16  4.11  3.24  3.58  2.79
MEAN      2.98  3.20  3.36  3.71  3.47  3.97  4.34  4.39  4.30  4.11  4.05  3.81
STD DEV   1.24  1.43  1.62  1.63  1.57  1.93  2.14  2.56  2.04  1.77  1.82  1.63
SKEW      0.67  0.67  0.73  0.69  0.77  0.81  0.59  1.89  0.51  0.59  0.70  0.53
% ENE     0.61  0.89  0.89  1.43  1.61  1.51  1.14  1.22  1.79  1.72  1.89  1.46
MEAN      2.88  2.94  3.04  3.27  3.60  4.20  3.67  4.13  4.00  3.88  3.26  3.47
STD DEV   1.11  1.04  1.30  1.33  1.81  1.97  1.95  1.97  1.67  1.79  1.30  1.54
SKEW      0.23  0.59  0.33  0.24  0.88  0.59  0.74  0.86  0.28  0.80  0.68  0.55
% E       0.83  1.14  1.00  1.34  1.64  1.15  1.02  1.54  1.98  1.87  2.38  1.65
MEAN      2.70  3.05  2.93  3.65  3.39  3.85  3.36  4.50  3.91  3.84  3.27  3.27
STD DEV   1.02  1.22  1.20  1.79  1.63  1.88  1.64  2.08  1.62  1.64  1.45  1.55
SKEW      0.31  0.52  0.52  0.62  0.84  0.75  0.52  0.38  0.42  0.30  0.58  2.55
% ESE     1.10  1.05  1.14  1.16  1.33  0.82  0.92  1.26  1.58  2.14  2.12  1.79
MEAN      3.01  3.21  3.29  3.82  3.61  4.01  4.24  4.19  4.75  4.39  3.39  3.87
STD DEV   1.25  1.49  1.58  1.97  1.99  1.96  2.47  2.20  2.57  2.37  1.38  1.88
SKEW      0.43  0.98  0.75  0.59  0.76  0.35  0.65  0.55  0.50  0.79  0.56  0.79
% SE      2.67  2.66  2.58  2.88  2.46  1.70  1.53  2.14  2.52  3.13  3.57  3.51
MEAN      3.17  3.18  3.45  4.05  3.83  4.30  3.86  3.25  4.09  3.97  3.57  3.33
STD DEV   1.30  1.59  1.66  2.35  2.14  2.71  2.09  1.90  2.25  1.95  1.70  1.49
SKEW      0.58  1.93  1.69  1.07  0.93  1.02  1.11  1.65  0.73  0.60  0.71  0.96
% SSE     8.59  7.18  5.90  4.89  4.08  2.44  1.93  2.86  3.39  4.85  6.91  7.31
MEAN      3.84  3.94  3.88  3.73  3.71  3.77  4.05  4.05  3.89  4.34  4.16  4.00
STD DEV   1.83  1.88  1.98  2.07  1.90  2.24  2.29  2.20  1.86  2.23  2.08  1.88
SKEW      0.55  0.72  0.82  1.10  0.65  1.10  0.88  0.97  0.48  0.59  0.77  0.69
% S      21.18 18.19 15.72 13.26  8.67  5.22  4.59  6.48  7.46 12.11 17.93 22.35
MEAN      3.98  3.84  4.12  3.86  4.29  4.04  4.11  4.23  4.31  4.57  4.51  4.20
STD DEV   1.86  1.76  1.98  1.96  2.36  2.30  2.40  2.37  2.15  2.13  2.05  1.93
SKEW      0.63  0.52  0.85  0.82  1.31  1.36  1.17  1.89  1.02  0.46  0.47  0.56
% SSW     7.19  6.49  7.29  6.45  3.99  2.94  2.48  2.59  2.19  3.75  4.97  5.81
MEAN      3.65  3.71  3.98  3.93  4.26  3.86  4.10  3.82  3.91  4.34  4.18  3.82
STD DEV   1.72  1.86  1.86  2.08  2.20  1.95  2.22  1.87  1.90  2.07  2.13  1.87
SKEW      0.66  1.17  0.75  1.21  0.96  1.02  1.01  0.97  0.72  0.40  1.03  0.68
% SW      6.21  5.00  3.90  4.32  3.67  3.57  2.53  2.47  2.65  2.97  3.48  4.47
MEAN      3.51  3.28  3.36  3.49  3.82  3.68  3.61  3.44  3.78  3.91  3.82  3.58
STD DEV   1.71  1.60  1.67  1.73  2.07  1.94  1.81  1.68  1.87  1.90  1.89  1.76
SKEW      0.85  0.86  0.80  0.89  0.96  0.99  0.74  0.88  0.76  0.58  0.79  0.76
% WSW     4.23  4.63  3.95  3.94  3.51  3.55  3.30  3.03  3.38  2.99  3.26  3.87
MEAN      3.76  3.57  3.61  4.06  4.22  4.43  3.90  4.11  4.46  4.20  4.26  3.91
STD DEV   1.78  1.63  1.73  1.91  2.20  2.30  2.13  2.21  2.16  2.32  1.98  1.78
SKEW      0.77  0.57  0.62  0.88  0.70  0.95  1.20  0.83  0.77  1.42  0.44  0.63
% W       6.74  6.97  6.51  6.51  6.64  6.83  7.51  7.64  6.93  6.05  5.65  5.02
MEAN      4.00  4.21  4.05  4.54  4.62  4.83  5.16  5.16  5.32  4.77  4.76  4.13
STD DEV   1.89  2.11  1.92  2.15  2.30  2.40  2.62  2.58  2.66  2.31  2.33  1.87
SKEW      0.85  1.07  0.84  0.72  0.79  0.82  0.69  0.71  0.73  0.63  0.62  0.82
% WNW     5.99  6.24  6.86  8.67  8.94 10.78 10.92 10.94 10.67  8.65  6.25  5.30
MEAN      4.59  4.75  4.70  5.47  5.68  5.57  6.06  5.94  6.32  5.89  5.48  4.85
STD DEV   2.10  2.38  2.30  2.58  2.89  2.69  3.03  2.80  2.96  2.86  2.79  2.36
SKEW      0.50  0.73  0.63  0.54  0.67  0.55  0.62  0.60  0.39  0.55  0.69  0.55
% NW      5.65  6.03  6.45  7.18  8.43 11.69 13.05 11.18 12.22  9.51  7.65  5.26
MEAN      4.92  4.68  5.08  5.89  5.54  6.04  6.25  6.13  6.46  6.23  5.77  5.28
STD DEV   2.41  2.34  2.66  2.80  2.68  2.98  2.86  3.05  2.87  2.87  2.74  2.47
SKEW      0.53  0.79  1.06  0.53  0.43  0.53  0.34  0.55  0.41  0.57  0.47  0.56
% NNW     3.95  4.73  4.72  5.21  6.17  6.64  8.13  6.40  6.83  5.90  5.49  4.23
MEAN      4.66  4.60  4.19  5.15  5.05  5.15  5.45  5.53  5.51  5.26  5.31  5.03
STD DEV   2.11  2.28  2.04  2.49  2.62  2.84  2.78  3.01  2.61  2.40  2.48  2.44
SKEW      0.57  0.51  0.60  0.47  0.68  0.76  0.59  0.82  0.62  0.44  0.36  0.61
CALM     17.36 19.45 20.66 18.80 19.46 21.60 20.71 21.07 15.87 15.75 13.89 16.01
                                                                                
INTERPOLATED DATA (station & weighting factor)                                  
                                                                                
---Wind Stations---                                                             
BANGOR/INT    ME    1.000  OLD TOWN/DEWI ME     .000  AUGUSTA/STATE ME     .000 
