 Australia    Milang (Navarino)                                                 
 LATT= -35.35 LONG= 138.98 YEARS= 30. TYPE= 1
 ELEVATION =   46. TP5 = 1.31 TP6= 6.10
 MEAN P    .15   .16   .11   .14   .14   .15   .15   .13   .15   .14   .15   .18
 S DEV P   .20   .28   .17   .19   .19   .20   .19   .13   .20   .21   .22   .28
 SKEW  P  2.03  4.01  3.14  2.88  2.95  3.44  3.64  1.96  3.09  4.87  3.76  2.94
 P(W/W)    .39   .37   .37   .50   .56   .63   .62   .65   .52   .48   .44   .43
 P(W/D)    .10   .12   .14   .18   .26   .33   .32   .30   .33   .21   .16   .15
 TMAX AV 79.84 79.45 75.32 69.33 62.51 57.37 56.27 57.94 62.44 67.67 72.71 76.40
 TMIN AV 57.75 57.90 55.12 51.33 48.29 45.36 44.40 44.41 46.49 48.90 52.42 54.99
 SD TMAX 10.93 10.47  9.48  7.84  5.51  3.67  3.64  5.18  6.99  8.91 10.30 10.33
 SD TMIN  7.08  6.97  6.86  6.28  5.68  5.26  4.93  5.09  5.67  6.66  7.18  6.99
 SOL.RAD  600.  536.  428.  310.  219.  181.  199.  272.  374.  477.  560.  595.
 SD SOL  116.0 110.2  99.2  78.2  62.5  46.3  52.9  68.7  88.5 107.6 117.1 124.9
 MX .5 P   .39   .32   .26   .24   .23   .16   .21   .21   .23   .24   .35   .44
 DEW PT  51.32 51.97 50.30 47.65 46.69 44.82 43.60 43.00 44.46 44.88 47.28 49.18
Time Pk   .120  .220  .320  .400  .480  .570  .650  .740  .820  .890  .960 1.000
% N       7.60  6.90  5.77  5.67  4.15  5.70  4.39  4.42  4.73  3.89  5.27  6.15
MEAN      3.11  3.10  2.93  3.65  2.75  3.50  2.83  3.23  3.69  2.49  3.35  4.12
STD DEV   1.52  1.09  1.13  2.10  1.49  2.09  1.63  1.81  1.71  1.24  1.79  1.83
SKEW      0.68  0.44  0.55  0.86  0.94  1.20  1.27  0.87  0.35  0.51  1.23  0.37
% NNE     2.39  1.93  1.50  2.27  2.05  2.68  3.03  2.00  1.89  1.25  1.54  2.16
MEAN      2.23  1.89  2.54  3.45  3.54  3.49  3.26  3.05  3.30  2.87  2.82  3.53
STD DEV   0.68  0.55  0.78  2.06  1.98  1.81  1.69  1.79  1.69  1.27  0.93  1.37
SKEW      0.54  0.59  0.86  0.68  0.69  0.95  0.75  0.65  0.42  1.14  1.01  1.09
% NE      1.12  1.10  0.98  1.07  2.86  4.83  3.57  2.62  1.95  0.85  0.88  1.10
MEAN      1.66  1.32  1.41  2.06  3.06  2.93  2.84  3.09  3.00  2.07  1.93  3.42
STD DEV   0.43  0.50  0.70  0.92  1.81  1.48  1.52  1.80  1.43  0.71  0.49  1.22
SKEW      0.96  0.44  1.04  0.92  1.43  0.87  0.71  1.24  0.72  1.29  0.34  0.18
% ENE     0.50  0.53  0.50  0.81  2.03  3.87  2.62  2.07  1.02  0.76  0.56  0.58
MEAN      1.32  1.24  1.26  1.23  2.52  2.69  2.59  2.62  3.25  1.35  1.22  1.29
STD DEV   0.38  0.43  0.44  0.45  1.40  1.00  1.30  1.17  0.62  0.44  0.42  0.44
SKEW      0.42  0.14  0.22  0.81  0.97  0.75  0.42  0.56  0.55  0.27  0.25  0.17
% E       0.75  0.88  0.89  1.71  2.66  5.27  3.93  2.84  1.75  1.43  0.96  0.96
MEAN      1.24  1.57  1.30  2.03  2.31  2.47  2.36  2.33  2.49  2.21  1.78  1.68
STD DEV   0.47  0.49  0.49  0.98  1.03  1.07  1.22  1.09  0.65  0.64  0.58  0.57
SKEW      0.23  0.56  0.49  1.12  0.83  0.49  1.02  0.84  0.70  0.81  0.92  0.72
% ESE     0.59  0.76  1.09  1.52  2.95  3.17  2.88  3.28  2.19  1.48  1.12  0.95
MEAN      1.38  1.48  2.13  2.39  2.83  2.73  2.64  3.16  2.48  2.68  2.62  2.16
STD DEV   0.49  0.53  0.61  0.89  1.42  1.36  1.52  1.80  1.17  0.80  0.63  0.67
SKEW      0.81  0.74  0.60  0.67  0.78  1.03  1.15  0.70  0.63  0.55  0.52  0.54
% SE      1.30  1.60  2.08  4.18  6.61  8.87 10.68  7.77  5.26  3.42  3.22  1.90
MEAN      1.57  2.52  2.51  3.66  3.41  3.50  3.98  3.83  3.90  4.10  2.64  2.29
STD DEV   0.58  0.70  0.84  1.97  2.01  2.06  2.05  2.19  2.08  1.26  1.32  0.76
SKEW      0.52  0.52  0.81  0.75  1.06  1.09  0.62  0.73  0.99  0.62  1.03  0.56
% SSE     1.09  1.45  1.96  4.38  6.55  6.72  9.52  6.53  4.66  3.70  2.68  2.02
MEAN      3.40  2.63  2.40  4.50  4.27  4.04  4.65  4.35  4.73  3.40  3.64  2.67
STD DEV   0.64  0.80  1.03  2.63  2.64  2.41  2.74  2.54  2.29  1.47  2.06  0.92
SKEW      0.87  0.47  1.06  0.99  0.71  0.81  0.80  0.66  0.62  0.45  0.56  0.92
% S       1.03  2.08  2.64  4.13  4.86  5.64  5.94  5.94  4.80  3.62  3.25  2.35
MEAN      2.03  2.27  2.42  3.01  2.87  3.14  3.40  3.24  3.48  3.43  3.29  2.61
STD DEV   0.73  1.04  1.22  2.12  1.73  2.20  2.16  2.16  2.02  1.95  1.97  1.26
SKEW      1.02  0.76  1.41  1.85  1.13  1.49  1.32  1.34  1.18  1.16  1.30  1.08
% SSW     0.89  1.38  1.66  2.52  2.87  2.85  2.95  2.83  3.10  2.41  2.74  1.86
MEAN      2.27  2.42  2.49  2.77  2.73  2.99  3.01  3.28  3.31  3.17  2.95  2.71
STD DEV   0.65  1.13  1.17  1.84  1.60  2.00  1.88  1.82  1.91  1.98  1.54  1.36
SKEW      0.38  0.74  1.42  2.19  1.14  1.52  1.68  1.17  0.76  1.32  1.02  1.26
% SW      3.38  3.44  3.97  3.43  4.50  3.60  3.76  4.60  5.04  5.48  5.31  4.89
MEAN      2.91  2.77  2.56  3.04  3.07  2.22  2.75  2.56  3.05  3.47  3.59  3.32
STD DEV   1.38  1.17  1.12  1.56  1.86  1.27  1.45  1.32  1.43  1.82  1.77  1.67
SKEW      0.84  0.67  0.84  0.98  1.11  1.85  1.06  1.23  0.76  0.92  0.60  0.87
% WSW     5.86  7.64  6.95  4.96  4.13  3.27  3.40  4.47  5.86  9.34  8.19  9.65
MEAN      3.51  3.85  3.40  2.87  2.63  2.92  2.99  3.15  3.67  4.03  4.40  4.33
STD DEV   1.76  1.60  1.42  1.41  1.52  1.44  1.61  1.44  1.75  1.77  2.01  1.83
SKEW      2.07  0.29  0.75  0.90  1.19  0.88  1.04  1.16  0.70  0.54  0.38  0.42
% W      17.51 19.26 16.40 12.84 11.32  7.34  7.46 11.92 17.87 22.68 22.49 19.99
MEAN      3.89  3.97  3.83  3.37  2.90  2.91  3.28  3.45  4.34  4.45  4.73  4.64
STD DEV   1.62  1.63  1.60  1.64  1.45  1.37  1.76  1.71  1.91  1.90  2.05  1.98
SKEW      0.87  0.67  0.57  0.89  1.10  1.03  1.10  1.08  0.48  0.46  0.34  0.41
% WNW    24.39 22.15 22.51 16.65  8.90  5.36  7.61  9.83 14.79 17.56 18.25 20.24
MEAN      4.10  4.12  3.80  3.74  3.13  3.35  3.35  3.58  4.57  4.70  4.83  4.76
STD DEV   1.59  1.60  1.55  1.70  1.57  1.73  1.73  1.75  2.09  2.08  2.07  1.88
SKEW      0.44  0.41  0.43  0.83  1.21  0.97  0.97  0.91  0.53  0.75  0.33  0.39
% NW     12.49  9.21  9.55  9.23  6.15  6.57  6.52  6.97  7.27  7.09  8.66  9.37
MEAN      4.20  3.85  3.73  3.49  2.89  3.10  3.19  3.41  4.11  4.07  4.30  4.46
STD DEV   1.87  1.81  1.76  1.66  1.50  1.86  1.59  1.60  1.77  1.62  1.88  2.00
SKEW      0.30  0.44  0.48  0.63  0.98  1.24  0.91  0.58  0.34  0.43  0.21  0.34
% NNW    11.63 10.18  9.09  7.20  4.52  4.24  3.67  4.99  5.78  6.20  7.32  8.84
MEAN      4.08  3.71  3.49  3.67  3.34  3.66  2.69  3.32  4.28  4.09  4.12  4.11
STD DEV   1.70  1.57  1.54  1.69  1.23  1.83  1.40  1.63  1.95  1.23  1.77  1.90
SKEW      0.43  0.55  0.71  0.59  0.27  0.87  1.01  0.64  0.36  0.32  0.20  0.30
CALM      7.45  9.49 12.56 17.34 22.90 20.04 18.03 16.96 12.05  8.82  7.62  7.01
                                                                                
INTERPOLATED DATA (station & weighting factor)                                  
                                                                                
---Wind Stations---                                                             
OAKLAND       CA     .335  OAKLAND       CA     .335  SUNNYVALE/MOF.CA     .330 
