 Australia    Glenorie (Old Northern Rd)                                        
 LATT= -33.59 LONG= 151.01 YEARS= 30. TYPE= 3
 ELEVATION =  558. TP5 = 2.74 TP6= 6.48
 MEAN P    .39   .53   .43   .44   .37   .37   .25   .45   .36   .37   .37   .37
 S DEV P   .58   .85   .61   .75   .52   .54   .40   .85   .50   .45   .44   .50
 SKEW  P  3.86  4.26  3.50  4.34  3.99  4.00  4.63  3.56  3.08  2.32  2.60  2.93
 P(W/W)    .50   .46   .51   .52   .49   .47   .44   .45   .41   .45   .50   .39
 P(W/D)    .21   .26   .22   .18   .18   .17   .14   .12   .15   .17   .22   .19
 TMAX AV 82.63 80.98 78.01 73.25 67.87 62.77 62.45 65.46 70.48 74.59 76.98 80.43
 TMIN AV 65.23 64.90 61.60 55.52 49.89 46.58 44.24 45.36 49.77 54.74 58.77 62.36
 SD TMAX  8.83  7.74  6.43  5.86  4.90  3.99  4.41  5.61  7.39  8.57  8.98  8.62
 SD TMIN  4.51  4.37  4.80  5.22  5.70  5.67  5.53  5.59  6.04  5.74  5.62  4.90
 SOL.RAD  497.  441.  380.  304.  240.  195.  225.  299.  389.  451.  486.  518.
 SD SOL  124.9 114.5  99.8  75.8  58.6  54.0  56.3  68.4  87.2 110.7 124.1 130.1
 MX .5 P  1.06  1.04   .68   .51   .35   .31   .15   .30   .31   .46   .69   .73
 DEW PT  61.82 62.54 59.97 54.41 48.78 45.05 41.72 41.17 45.24 50.02 55.02 58.58
Time Pk   .200  .310  .400  .480  .560  .650  .720  .780  .840  .900  .960 1.000
% N       4.27  6.72  9.84  9.81  9.68  9.66 10.90  9.47  7.57  6.45  6.36  4.98
MEAN      3.17  2.99  3.26  3.63  3.80  3.97  4.33  4.33  4.11  3.82  3.47  3.05
STD DEV   1.43  1.30  1.49  1.75  1.70  1.79  1.99  2.02  1.87  1.62  1.57  1.34
SKEW      0.86  0.91  0.89  0.83  0.68  0.75  0.74  0.60  0.62  0.69  0.69  0.70
% NNE     2.96  4.04  6.18  5.24  4.33  4.92  5.47  5.66  4.68  3.63  3.67  3.28
MEAN      3.08  2.95  3.26  3.43  3.48  3.49  3.70  3.71  3.71  3.62  3.55  3.06
STD DEV   1.32  1.26  1.36  1.56  1.46  1.46  1.56  1.59  1.66  1.52  1.50  1.28
SKEW      0.80  0.78  0.70  0.78  0.76  0.53  0.60  0.55  0.85  0.53  0.48  0.70
% NE      3.53  4.84  7.32  5.28  3.48  4.02  3.98  4.55  4.52  3.03  3.32  3.33
MEAN      3.00  2.78  3.17  3.01  3.15  3.05  3.12  3.44  3.35  3.34  3.09  2.94
STD DEV   1.30  1.16  1.32  1.27  1.31  1.30  1.30  1.46  1.41  1.37  1.30  1.23
SKEW      0.65  0.82  0.69  0.65  0.62  0.59  0.72  0.56  0.66  0.51  0.54  0.65
% ENE     2.54  3.49  5.29  3.57  1.97  2.35  2.22  2.90  2.79  1.96  2.50  3.10
MEAN      2.98  2.86  3.17  2.94  2.78  2.83  2.94  3.10  3.19  2.96  3.11  2.93
STD DEV   1.32  1.23  1.32  1.31  1.09  1.11  1.13  1.20  1.27  1.17  1.28  1.23
SKEW      0.79  0.88  0.74  0.90  0.53  0.63  0.61  0.43  0.56  0.47  0.71  0.88
% E       4.63  5.31  8.59  6.44  3.67  4.41  3.56  4.17  4.39  3.63  4.36  5.26
MEAN      2.80  2.74  3.11  2.88  2.89  2.94  2.74  3.21  3.11  2.97  2.88  2.85
STD DEV   1.26  1.19  1.36  1.25  1.18  1.30  1.20  1.48  1.38  1.29  1.25  1.27
SKEW      0.92  0.89  0.76  0.69  0.63  0.82  0.77  0.85  0.89  0.80  0.69  1.33
% ESE     2.86  3.14  4.69  3.71  3.17  3.75  3.28  2.92  3.25  3.32  3.33  3.50
MEAN      2.82  2.78  3.19  3.09  3.00  3.14  2.88  3.20  3.38  3.20  3.08  2.85
STD DEV   1.24  1.18  1.39  1.29  1.23  1.35  1.23  1.45  1.53  1.41  1.34  1.30
SKEW      0.88  0.90  0.71  0.63  0.55  0.46  0.70  0.76  0.63  0.67  0.68  0.96
% SE      4.56  4.53  5.62  5.01  5.11  5.65  5.14  4.33  5.24  5.58  4.74  4.50
MEAN      2.71  2.58  3.12  3.06  3.36  3.50  3.35  3.62  3.88  3.57  3.15  2.87
STD DEV   1.22  1.14  1.50  1.40  1.59  1.63  1.51  1.74  1.92  1.63  1.47  1.30
SKEW      0.92  0.92  1.19  0.76  1.01  0.68  0.64  0.89  0.92  0.78  0.76  0.97
% SSE     4.50  4.04  3.74  3.59  6.19  6.56  7.36  5.87  6.76  7.89  6.45  5.04
MEAN      2.64  2.64  3.04  3.16  3.97  4.15  4.00  4.14  4.48  4.04  3.38  2.93
STD DEV   1.14  1.18  1.41  1.48  1.91  1.83  1.70  1.87  1.95  1.73  1.47  1.27
SKEW      1.06  1.11  0.96  0.81  0.77  0.51  0.49  0.60  0.54  0.59  0.64  0.80
% S       8.35  6.90  4.97  4.71  7.98  8.66 10.08  9.50 11.47 14.75 10.76  8.39
MEAN      2.65  2.60  2.89  3.01  3.75  3.88  4.01  4.25  4.59  4.14  3.52  2.95
STD DEV   1.22  1.17  1.35  1.38  1.84  1.81  1.79  2.09  2.13  1.96  1.66  1.31
SKEW      1.31  1.01  1.02  0.83  0.74  0.70  0.60  0.69  0.71  0.86  0.69  0.80
% SSW     6.46  4.51  2.50  2.30  4.52  4.90  5.60  5.61  6.59  8.67  6.83  6.42
MEAN      2.80  2.82  2.99  2.93  3.85  4.05  4.16  4.27  4.65  4.26  3.62  3.00
STD DEV   1.23  1.28  1.35  1.30  1.84  1.99  1.82  2.02  2.11  1.91  1.72  1.35
SKEW      1.03  0.87  1.04  0.89  0.64  0.73  0.48  0.77  0.44  0.62  0.74  0.88
% SW      7.57  5.13  2.52  2.40  3.25  3.57  3.62  4.75  3.99  5.43  5.99  6.31
MEAN      2.98  2.67  2.80  2.93  3.54  3.76  4.01  4.28  4.15  4.02  3.37  3.11
STD DEV   1.42  1.20  1.31  1.39  1.75  1.94  2.02  2.15  2.01  1.94  1.63  1.41
SKEW      1.01  0.86  0.70  0.78  0.61  0.85  0.68  0.80  0.56  0.60  0.79  0.71
% WSW     5.19  3.10  1.29  1.47  1.96  2.22  2.05  2.95  2.76  2.80  2.96  3.91
MEAN      3.25  2.84  2.81  3.18  3.48  3.88  4.12  4.56  4.74  4.22  3.50  3.25
STD DEV   1.43  1.24  1.24  1.41  1.58  1.88  1.98  2.15  2.26  2.07  1.54  1.45
SKEW      0.65  0.65  0.80  0.53  0.51  0.50  0.47  0.53  0.44  0.59  0.40  0.65
% W       7.05  4.72  2.34  3.18  4.00  4.29  3.68  5.57  5.86  4.29  4.72  4.93
MEAN      3.19  2.84  2.65  3.03  3.33  3.81  4.04  4.26  4.73  4.13  3.33  3.18
STD DEV   1.44  1.26  1.19  1.57  1.72  1.96  2.14  2.19  2.38  2.14  1.69  1.44
SKEW      0.69  0.74  0.72  1.04  0.89  0.56  0.84  0.65  0.55  0.72  0.95  0.71
% WNW     3.39  2.78  1.86  2.49  3.96  3.84  3.77  4.55  4.70  3.03  2.82  3.13
MEAN      3.24  2.98  2.82  3.29  4.13  4.22  4.39  4.60  4.92  4.39  3.63  3.15
STD DEV   1.46  1.44  1.22  1.61  1.98  1.97  2.21  2.25  2.22  2.16  1.84  1.42
SKEW      0.99  1.40  0.69  0.98  0.58  0.33  0.67  0.51  0.37  0.62  0.72  0.71
% NW      3.53  4.24  3.75  5.56  6.65  5.89  5.91  5.68  5.77  4.24  3.52  3.43
MEAN      3.09  2.84  2.79  3.15  3.98  4.09  4.61  4.34  4.64  4.11  3.38  2.98
STD DEV   1.35  1.36  1.43  1.64  2.00  2.10  2.19  2.14  2.28  2.05  1.84  1.43
SKEW      0.61  0.95  1.18  1.10  0.62  0.52  0.48  0.54  0.48  0.60  1.08  1.07
% NNW     2.70  3.54  4.19  5.92  6.34  6.10  6.83  6.30  5.08  4.37  3.27  3.09
MEAN      3.02  2.83  3.27  3.60  4.06  4.25  4.71  4.61  4.39  4.20  3.51  3.10
STD DEV   1.31  1.22  1.61  1.67  1.97  1.99  2.22  2.17  2.03  1.92  1.68  1.41
SKEW      0.78  0.75  1.00  0.66  0.71  0.49  0.67  0.43  0.52  0.49  0.76  0.94
CALM     25.85 28.88 25.32 29.33 23.76 19.10 16.54 15.21 14.60 16.91 24.44 27.38
                                                                                
INTERPOLATED DATA (station & weighting factor)                                  
                                                                                
---Wind Stations---                                                             
MERIDIAN      MS     .377  MERIDIAN      MS     .377  JACKSON       MS     .247 
