 Australia    Dungowan (Ravencroft)                                             
 LATT= -31.25 LONG= 151.12 YEARS= 30. TYPE= 3
 ELEVATION = 1526. TP5 = 2.59 TP6= 7.68
 MEAN P    .42   .43   .37   .29   .29   .27   .31   .29   .34   .33   .41   .42
 S DEV P   .53   .54   .45   .38   .34   .39   .41   .31   .37   .36   .52   .48
 SKEW  P  2.34  2.22  2.83  2.85  1.80  3.06  3.13  1.59  2.00  2.20  4.09  2.61
 P(W/W)    .44   .46   .40   .46   .43   .54   .51   .48   .38   .39   .46   .47
 P(W/D)    .17   .16   .12   .10   .13   .17   .17   .14   .16   .19   .22   .23
 TMAX AV 85.82 83.95 80.18 73.38 65.78 58.91 57.65 61.05 67.41 73.53 78.20 82.40
 TMIN AV 61.25 60.44 56.35 49.20 42.78 38.96 35.97 36.53 42.07 48.58 54.02 57.93
 SD TMAX  6.80  6.57  5.75  5.57  5.35  5.16  5.14  6.15  7.14  7.35  7.82  7.07
 SD TMIN  5.36  5.04  5.59  6.18  7.00  7.05  6.99  7.16  7.09  6.66  6.60  5.74
 SOL.RAD  587.  529.  451.  359.  277.  222.  251.  335.  439.  516.  557.  600.
 SD SOL  139.0 125.4 111.6  93.5  81.0  71.6  75.9  85.4 106.3 121.7 137.1 137.1
 MX .5 P  1.04   .82   .65   .46   .44   .37   .36   .42   .50   .61   .85   .98
 DEW PT  56.64 56.94 53.73 47.99 43.20 40.72 37.70 36.70 40.74 45.46 50.54 54.01
Time Pk   .200  .310  .400  .480  .560  .650  .720  .780  .840  .900  .960 1.000
% N       1.87  2.44  6.62  9.32 10.67  9.97 12.14 11.86  9.86  6.43  4.73  2.88
MEAN      4.14  4.19  4.45  4.89  5.58  5.34  5.62  5.99  6.40  5.63  5.46  4.34
STD DEV   1.92  1.95  2.11  2.29  2.56  2.39  2.56  2.79  2.84  2.48  2.47  2.04
SKEW      0.50  0.43  0.47  0.38  0.44  0.46  0.36  0.35  0.34  0.34  0.41  0.68
% NNE     1.76  2.17  4.68  5.10  4.55  4.22  4.56  4.63  4.82  4.40  2.86  1.70
MEAN      4.51  4.22  4.63  4.82  4.99  4.71  4.74  5.08  5.47  5.37  4.98  4.09
STD DEV   2.14  1.71  2.00  2.13  2.42  2.05  2.19  2.50  2.44  2.22  2.14  1.66
SKEW      0.73  0.14  0.38  0.48  0.46  0.30  0.43  0.49  0.28  0.39  0.27  0.16
% NE      2.09  2.52  4.68  3.50  2.05  2.28  3.09  3.17  3.55  3.81  2.61  2.36
MEAN      4.11  3.92  4.02  3.88  4.51  3.58  3.98  3.94  4.46  4.62  4.52  4.02
STD DEV   1.91  1.68  1.86  1.81  1.63  1.43  1.97  1.88  2.02  1.87  1.92  1.65
SKEW      0.76  0.29  0.53  0.61  0.45  0.09  0.71  0.82  0.37  0.17  0.25  0.20
% ENE     1.96  2.58  3.43  2.27  1.39  1.11  2.13  2.38  2.35  3.07  2.19  2.19
MEAN      4.01  3.94  3.62  3.22  3.81  2.91  3.64  3.47  4.04  4.31  4.11  3.96
STD DEV   1.67  1.58  1.62  1.44  1.19  1.13  1.86  1.43  1.64  1.74  1.83  1.74
SKEW      0.35  0.72  0.57  0.80  0.38  0.86  0.54  0.44  0.48  0.28  0.42  0.94
% E       3.81  4.45  4.62  3.16  1.23  1.61  2.39  3.65  3.24  3.89  3.95  4.19
MEAN      3.64  3.62  3.20  3.24  3.12  2.92  3.47  3.50  3.54  3.89  3.83  3.78
STD DEV   1.44  1.55  1.40  1.36  0.95  1.20  1.59  1.44  1.44  1.70  1.69  1.67
SKEW      0.36  0.55  0.64  0.64  0.12  0.33  0.58  0.54  0.36  0.47  0.68  0.76
% ESE     4.40  5.94  5.06  2.73  1.56  1.92  3.04  2.96  4.06  2.96  4.30  4.74
MEAN      3.92  3.73  3.24  3.25  3.47  3.48  3.70  3.93  4.11  4.18  4.15  3.97
STD DEV   1.52  1.50  1.33  1.32  1.41  1.49  1.64  1.66  1.62  1.66  1.79  1.50
SKEW      0.38  0.57  0.52  0.40  0.32  0.77  1.06  0.38  0.73  0.41  0.54  0.39
% SE     10.84 10.81  8.57  5.57  3.71  4.70  4.09  4.81  6.15  6.56  9.31 10.00
MEAN      4.31  3.98  3.60  4.00  3.62  3.82  3.83  4.36  4.87  4.79  4.79  4.52
STD DEV   1.62  1.51  1.39  1.92  1.51  1.58  1.66  2.03  2.04  1.93  1.99  1.72
SKEW      0.24  0.64  0.49  0.71  0.45  0.61  0.30  0.77  0.47  0.24  0.39  0.29
% SSE    18.76 16.27 13.12 11.15  7.18  7.46  7.03  7.09  9.15 13.37 19.06 21.39
MEAN      4.48  4.19  4.19  4.67  4.32  4.63  4.55  4.77  5.91  5.88  5.76  5.41
STD DEV   1.57  1.58  1.62  2.05  2.06  1.94  2.00  2.04  2.53  2.32  2.28  2.03
SKEW      0.18  0.39  0.33  0.57  0.89  0.23  0.45  0.62  0.41  0.05  0.39  0.24
% S      29.74 25.98 21.63 21.78 17.53 14.68 14.25 14.58 15.17 20.09 25.83 29.83
MEAN      4.87  4.46  4.80  5.13  5.08  5.30  5.31  5.57  6.26  6.38  6.04  5.89
STD DEV   1.82  1.74  1.99  2.22  2.34  2.41  2.55  2.70  2.73  2.56  2.39  2.13
SKEW      0.23  0.33  0.38  0.27  0.40  0.51  0.63  0.68  0.43  0.06  0.24  0.15
% SSW    11.78 10.70  7.94 10.51 12.79 12.36 11.42  9.17  9.94  9.07  8.29  7.93
MEAN      4.93  4.58  5.21  5.23  5.30  5.76  5.65  5.73  6.34  6.26  5.81  5.57
STD DEV   1.88  1.76  2.10  2.20  2.38  2.63  2.60  2.65  2.55  2.59  2.33  2.05
SKEW      0.10  0.01  0.06  0.17  0.36  0.35  0.43  0.39  0.11  0.00  0.17 -0.03
% SW      4.41  4.61  3.21  4.65  6.44  7.38  6.04  5.43  5.63  4.94  3.81  2.55
MEAN      4.42  4.06  4.26  4.39  4.86  4.78  4.88  5.13  5.63  5.33  4.91  4.58
STD DEV   1.67  1.68  2.00  2.08  2.29  2.18  1.90  2.44  2.61  2.40  2.09  1.91
SKEW      0.03  0.23  0.11  0.25  0.47  0.40  0.23  0.26  0.21  0.19  0.23  0.17
% WSW     1.26  1.42  1.32  1.71  2.97  3.61  2.91  3.11  2.94  2.96  1.79  0.99
MEAN      3.77  3.68  3.56  3.58  4.29  4.84  4.23  4.90  5.60  5.06  4.17  3.78
STD DEV   1.36  1.57  1.87  1.73  2.34  2.71  2.09  2.76  2.59  2.45  1.85  1.68
SKEW      0.09  0.33  0.58  0.77  0.57  0.49  0.39  0.89  0.30  0.39  0.39  0.26
% W       1.09  1.29  1.37  2.20  4.19  5.52  4.73  5.11  4.22  4.01  1.73  0.90
MEAN      3.03  2.87  3.12  3.71  4.15  4.59  4.58  4.96  6.03  5.35  4.19  3.45
STD DEV   1.30  1.24  1.54  2.05  2.59  2.75  2.70  2.71  3.17  2.66  2.00  1.74
SKEW      0.59  0.64  0.58  0.83  1.31  1.18  1.03  0.77  0.76  0.51  0.46  1.66
% WNW     0.53  0.67  1.28  1.56  3.83  4.23  3.68  3.69  3.60  2.85  1.17  0.81
MEAN      2.93  3.23  2.78  3.70  4.22  4.31  4.48  4.79  5.72  5.33  4.26  3.90
STD DEV   0.87  1.21  1.32  2.10  2.36  2.22  2.49  2.62  3.05  2.75  2.09  1.69
SKEW      0.20  0.07  0.85  0.78  0.95  0.92  1.00  0.99  0.78  0.44  0.17  0.65
% NW      0.78  0.99  1.87  2.66  5.28  4.92  4.79  5.20  4.79  3.40  1.49  1.34
MEAN      2.90  3.08  3.03  4.25  4.38  4.64  4.95  4.85  5.74  5.29  4.35  3.91
STD DEV   1.37  1.41  1.45  2.31  2.39  2.32  2.63  2.59  3.02  2.62  2.18  1.64
SKEW      0.98  0.41  0.62  1.00  0.67  0.61  0.71  0.83  0.47  0.45  0.75  0.07
% NNW     0.67  1.07  2.17  4.20  6.42  5.50  5.94  6.94  5.97  3.88  2.19  1.91
MEAN      3.83  3.65  3.73  4.59  5.09  5.01  5.40  5.65  6.41  5.28  4.12  4.97
STD DEV   1.59  1.57  1.91  2.32  2.47  2.49  2.62  2.61  3.10  2.55  2.00  2.47
SKEW      0.28  0.37  0.95  0.64  0.50  0.59  0.44  0.53  0.42  0.39  0.51  0.71
CALM      4.28  6.01  8.37  7.82  8.24  8.44  7.71  6.25  4.60  4.24  4.70  4.33
                                                                                
INTERPOLATED DATA (station & weighting factor)                                  
                                                                                
---Wind Stations---                                                             
ABILENE/DYESS TX     .386  ABILENE       TX     .386  PALO PINTO    TX     .227 
