 Australia    Carrow Brook                                                      
 LATT= -32.27 LONG= 151.31 YEARS= 30. TYPE= 3
 ELEVATION =  702. TP5 = 2.63 TP6= 5.96
 MEAN P    .41   .53   .50   .38   .34   .29   .26   .34   .37   .38   .40   .47
 S DEV P   .48   .75   .66   .52   .41   .44   .30   .45   .55   .57   .55   .59
 SKEW  P  1.92  3.08  3.04  3.34  2.59  4.92  2.25  2.84  4.09  5.77  3.28  2.62
 P(W/W)    .50   .56   .53   .57   .56   .52   .47   .49   .45   .45   .53   .51
 P(W/D)    .21   .20   .20   .16   .15   .22   .16   .15   .15   .16   .21   .18
 TMAX AV 82.58 80.60 76.71 70.86 64.68 58.93 58.34 61.61 67.70 72.84 76.39 80.14
 TMIN AV 62.26 61.66 58.28 52.28 46.89 43.37 41.07 41.87 46.62 51.75 55.86 59.53
 SD TMAX  8.67  8.16  6.88  5.92  5.06  4.40  4.65  5.84  7.32  8.11  9.09  8.58
 SD TMIN  5.18  4.83  4.83  5.10  5.61  5.44  5.39  5.77  6.10  6.06  6.12  5.51
 SOL.RAD  528.  472.  404.  324.  255.  210.  241.  321.  412.  476.  513.  549.
 SD SOL  130.4 119.3 104.4  82.0  68.4  61.3  62.8  72.1  95.4 114.9 129.7 132.5
 MX .5 P  1.10   .98   .85   .42   .33   .35   .27   .36   .42   .42   .82   .89
 DEW PT  59.54 59.97 57.38 51.72 46.46 43.16 40.05 39.31 42.91 47.53 52.69 56.30
Time Pk   .200  .310  .400  .480  .560  .650  .720  .780  .840  .900  .960 1.000
% N       4.16  6.57  8.09  9.49  6.65  6.02  5.48  5.57  5.06  4.63  5.45  5.28
MEAN      3.11  3.16  3.23  3.45  3.26  3.18  3.33  3.46  3.51  3.91  3.39  3.27
STD DEV   1.32  1.43  1.40  1.43  1.44  1.40  1.51  1.54  1.59  1.79  1.53  1.38
SKEW      1.08  1.07  1.22  0.83  0.99  0.82  0.88  0.87  0.86  0.80  0.96  0.77
% NNE     4.05  6.48  9.98 10.51  6.31  5.97  5.20  6.16  4.95  3.61  4.77  5.13
MEAN      3.33  3.38  3.77  3.93  3.75  3.63  3.72  3.74  3.82  3.94  3.65  3.52
STD DEV   1.43  1.52  1.63  1.70  1.70  1.75  1.67  1.63  1.63  1.82  1.58  1.54
SKEW      0.79  0.80  0.71  0.60  0.66  1.01  0.71  0.55  0.55  0.84  0.70  0.78
% NE      6.02  7.85 13.29 11.58  6.79  8.42  7.14  8.71  6.88  4.90  6.88  7.00
MEAN      3.31  3.26  3.87  3.87  3.41  3.46  3.64  3.72  3.76  3.70  3.61  3.48
STD DEV   1.48  1.46  1.75  1.74  1.57  1.54  1.68  1.64  1.66  1.69  1.59  1.52
SKEW      0.68  0.87  0.68  0.63  0.78  0.70  0.66  0.53  0.59  0.73  0.71  0.70
% ENE     4.47  5.53  7.85  5.90  3.69  4.45  4.29  5.05  4.72  3.84  5.13  5.55
MEAN      3.38  3.33  3.70  3.65  3.31  3.35  3.55  3.68  3.87  3.68  3.64  3.49
STD DEV   1.47  1.50  1.56  1.60  1.52  1.50  1.55  1.62  1.66  1.63  1.60  1.49
SKEW      0.62  0.87  0.64  0.71  0.81  0.71  0.65  0.59  0.46  0.52  0.77  0.64
% E       4.90  5.74  6.32  4.18  3.16  3.33  3.26  4.04  4.23  4.18  5.35  5.65
MEAN      3.18  3.06  3.16  3.20  2.90  2.71  2.85  3.06  3.30  3.31  3.31  3.28
STD DEV   1.41  1.39  1.33  1.37  1.29  1.17  1.24  1.31  1.46  1.53  1.42  1.41
SKEW      0.76  1.00  0.70  0.74  0.89  0.83  0.70  0.77  0.61  0.77  0.65  0.69
% ESE     4.31  4.45  3.92  2.68  2.19  1.87  1.70  2.29  2.72  3.68  4.01  4.73
MEAN      3.24  3.14  3.28  2.95  2.83  2.61  2.57  2.87  3.28  3.48  3.43  3.39
STD DEV   1.32  1.28  1.36  1.18  1.11  1.04  1.02  1.20  1.43  1.40  1.33  1.39
SKEW      0.70  0.67  0.79  0.43  0.59  0.71  0.56  0.71  0.72  0.62  0.31  0.59
% SE      5.38  5.38  4.03  2.64  2.62  2.53  2.31  2.82  3.35  4.68  4.91  5.53
MEAN      3.19  3.00  2.97  2.69  2.72  2.66  2.44  2.82  3.32  3.50  3.10  3.24
STD DEV   1.33  1.37  1.31  1.12  1.33  1.27  0.95  1.33  1.60  1.71  1.30  1.37
SKEW      0.96  1.16  1.10  0.76  1.08  1.28  0.77  0.77  0.98  0.94  0.77  0.76
% SSE     4.26  3.73  2.50  1.62  2.24  2.01  1.89  2.43  2.81  3.89  3.24  3.79
MEAN      3.12  2.97  2.83  2.82  3.21  3.07  2.99  3.56  3.95  3.87  3.24  3.08
STD DEV   1.36  1.39  1.23  1.24  1.70  1.51  1.61  1.95  2.11  1.88  1.47  1.34
SKEW      0.81  1.38  0.84  0.68  1.08  0.83  1.24  1.03  0.85  0.55  0.78  0.86
% S       7.66  6.16  4.02  3.02  4.16  4.33  4.45  4.18  5.68  7.02  5.55  5.71
MEAN      3.28  3.03  2.90  2.98  3.63  3.61  3.58  3.93  4.29  4.04  3.37  3.29
STD DEV   1.49  1.38  1.28  1.47  1.96  1.94  1.90  2.06  2.15  1.86  1.50  1.54
SKEW      0.85  0.98  0.91  0.83  0.88  0.94  0.83  0.92  0.78  0.56  0.73  0.97
% SSW     8.42  6.31  3.75  3.15  4.81  5.00  6.06  5.77  6.56  8.13  6.21  6.36
MEAN      3.57  3.27  3.26  3.05  3.74  3.71  4.21  4.25  4.63  4.49  3.87  3.50
STD DEV   1.51  1.42  1.47  1.49  1.90  1.87  2.15  2.07  2.31  2.05  1.74  1.51
SKEW      0.72  0.81  0.91  1.05  0.75  0.77  0.70  0.60  0.74  0.71  0.66  0.61
% SW     13.49  8.96  5.70  5.79  9.44  9.99 10.90  9.85 10.04 12.30 10.20 10.13
MEAN      3.64  3.23  3.05  3.11  3.77  3.89  4.08  4.33  4.65  4.62  3.83  3.73
STD DEV   1.55  1.36  1.48  1.60  1.99  1.94  2.05  2.16  2.36  2.22  1.78  1.67
SKEW      0.79  0.84  1.08  1.02  0.87  0.83  0.68  0.63  0.66  0.63  0.83  0.74
% WSW     7.88  5.27  3.40  4.47  7.63  8.25  9.06  7.92  7.90  8.70  7.53  7.13
MEAN      3.62  3.23  3.17  3.37  4.04  4.11  4.37  4.67  4.94  5.03  4.04  3.80
STD DEV   1.55  1.47  1.45  1.82  2.11  2.04  2.15  2.39  2.58  2.51  1.84  1.72
SKEW      0.71  1.09  0.93  1.06  0.74  0.74  0.61  0.65  0.73  0.64  0.65  0.65
% W       5.57  4.60  3.33  4.71  7.66  8.02  8.30  7.91  8.15  7.17  6.36  6.24
MEAN      3.36  3.01  2.91  3.22  3.97  4.12  4.32  4.40  4.80  4.89  3.85  3.59
STD DEV   1.62  1.41  1.45  1.81  2.19  2.17  2.27  2.28  2.54  2.62  2.05  1.83
SKEW      0.86  0.92  1.05  0.97  0.84  0.72  0.65  0.74  0.74  0.61  0.88  0.90
% WNW     3.41  3.12  2.51  3.68  5.64  5.55  5.86  6.12  6.96  5.44  4.54  4.12
MEAN      3.48  2.97  2.96  3.66  4.39  4.54  4.58  4.73  5.20  5.16  4.07  3.80
STD DEV   1.61  1.40  1.37  1.91  2.31  2.46  2.30  2.30  2.51  2.54  1.98  1.81
SKEW      0.72  0.90  0.87  0.99  0.64  0.71  0.56  0.56  0.36  0.52  0.63  0.70
% NW      3.29  3.89  4.06  5.19  6.31  5.54  6.51  5.89  6.16  4.76  5.22  4.45
MEAN      3.03  2.96  2.98  3.27  3.84  3.86  3.98  4.14  4.41  4.20  3.57  3.33
STD DEV   1.41  1.39  1.45  1.57  2.01  1.96  1.96  2.06  2.13  2.03  1.69  1.59
SKEW      0.98  1.07  0.98  1.02  0.90  0.99  0.68  0.68  0.64  0.62  0.81  0.99
% NNW     2.60  3.62  4.05  5.66  5.31  4.49  4.71  4.53  4.90  3.83  3.72  3.36
MEAN      3.16  3.21  3.31  3.56  3.72  3.56  3.90  3.92  4.06  4.28  3.45  3.32
STD DEV   1.33  1.58  1.56  1.54  1.73  1.60  1.83  1.81  1.88  1.90  1.50  1.39
SKEW      0.89  1.13  1.01  0.93  0.89  0.81  0.74  0.66  0.67  0.63  0.72  0.79
CALM     10.23 12.30 13.32 15.70 15.32 14.24 12.88 10.82  9.02  9.15 10.96  9.98
                                                                                
INTERPOLATED DATA (station & weighting factor)                                  
                                                                                
---Wind Stations---                                                             
COLUMBIA      SC     .550  SPARTANBURG   SC     .239  AUGUSTA/BUSH  GA     .211 
