 Australia    Promised Land (Bellingen (Cr                                      
 LATT= -30.35 LONG= 152.90 YEARS= 30. TYPE= 3
 ELEVATION =  344. TP5 = 2.77 TP6= 6.26
 MEAN P    .76   .87   .96   .88   .89   .86   .58   .45   .52   .66   .67   .77
 S DEV P   .94  1.15  1.40  1.41  1.47  1.64  1.29   .77   .98  1.22   .97  1.19
 SKEW  P  2.44  2.91  2.92  3.86  3.87  4.80  5.73  4.50  5.83  4.33  6.08  4.69
 P(W/W)    .57   .61   .66   .59   .58   .52   .50   .51   .41   .41   .55   .51
 P(W/D)    .21   .26   .24   .20   .14   .14   .08   .08   .11   .18   .25   .26
 TMAX AV 78.28 76.80 74.18 69.90 65.32 61.20 61.48 64.77 69.85 72.85 74.63 77.05
 TMIN AV 61.49 61.19 58.35 52.64 46.99 43.24 40.66 41.35 46.22 51.43 55.70 58.97
 SD TMAX  7.23  6.81  5.94  5.04  4.50  4.27  4.83  5.93  7.20  7.90  8.20  7.51
 SD TMIN  4.22  3.86  4.11  4.80  5.89  5.98  6.12  5.88  5.84  5.37  5.16  4.72
 SOL.RAD  523.  473.  414.  342.  275.  235.  265.  341.  429.  477.  503.  528.
 SD SOL  130.6 117.0 100.6  80.8  72.3  65.2  63.6  74.6  93.7 114.5 125.8 118.6
 MX .5 P  1.36  1.23  1.12   .85   .72   .69   .27   .21   .39   .84  1.04  1.17
 DEW PT  62.22 62.19 59.78 54.33 48.53 44.11 40.68 39.85 44.92 50.58 55.80 59.49
Time Pk   .200  .310  .400  .480  .560  .650  .720  .780  .840  .900  .960 1.000
% N       2.15  3.26  4.76  7.45  6.26  5.32  4.61  4.71  4.93  3.51  3.84  2.84
MEAN      2.88  3.16  3.42  3.47  3.47  3.54  3.64  3.79  3.77  3.73  3.57  3.29
STD DEV   1.17  1.43  1.69  1.51  1.46  1.51  1.50  1.61  1.50  1.57  1.53  1.44
SKEW      0.70  0.98  1.26  0.65  0.47  0.59  0.48  0.42  0.46  0.37  0.63  0.84
% NNE     2.48  3.60  7.49  8.25  5.10  4.51  3.19  3.22  3.10  2.11  2.75  2.83
MEAN      3.21  3.28  3.97  3.82  3.64  3.56  3.46  3.76  3.58  3.57  3.78  3.60
STD DEV   1.35  1.40  1.66  1.55  1.49  1.51  1.34  1.54  1.35  1.35  1.52  1.37
SKEW      0.59  0.85  0.85  0.58  0.67  0.65  0.46  0.61  0.43  0.35  0.45  0.29
% NE      4.72  7.44 14.86 16.47  8.11  7.23  4.79  4.45  3.58  3.41  4.59  4.56
MEAN      3.21  3.56  3.94  4.01  3.45  3.54  3.39  3.46  3.34  3.41  3.55  3.53
STD DEV   1.40  1.69  1.67  1.75  1.46  1.42  1.28  1.37  1.30  1.41  1.42  1.45
SKEW      0.80  1.06  0.63  0.76  0.69  0.52  0.31  0.49  0.56  0.59  0.65  0.56
% ENE     3.76  5.13  9.81  9.96  5.83  5.08  4.43  4.40  3.02  3.02  3.49  4.61
MEAN      3.48  3.51  3.95  4.06  3.39  3.42  3.48  3.95  3.64  3.68  3.86  3.73
STD DEV   1.50  1.44  1.64  1.67  1.37  1.32  1.43  1.46  1.40  1.42  1.60  1.45
SKEW      0.67  0.63  0.52  0.56  0.49  0.51  0.56  0.31  0.34  0.67  0.49  0.50
% E       5.93  6.60  9.23  7.71  5.49  5.48  4.57  5.17  4.73  5.44  5.94  6.72
MEAN      3.25  3.13  3.40  3.50  3.09  3.19  3.16  3.60  3.69  3.49  3.62  3.45
STD DEV   1.45  1.40  1.48  1.47  1.31  1.29  1.28  1.44  1.48  1.43  1.46  1.53
SKEW      0.90  0.81  0.70  0.50  0.74  0.62  0.62  0.43  0.56  0.48  0.53  0.98
% ESE     4.05  3.92  4.82  3.22  3.01  3.36  3.10  3.40  3.93  5.13  4.76  5.12
MEAN      3.22  3.08  3.38  3.34  3.12  3.06  3.00  3.47  3.85  3.88  3.61  3.50
STD DEV   1.33  1.28  1.49  1.40  1.20  1.19  1.33  1.23  1.56  1.55  1.43  1.41
SKEW      0.75  0.73  0.94  0.52  0.26  0.41  1.07  0.23  0.36  0.51  0.74  0.60
% SE      6.11  5.24  4.56  2.45  3.03  3.58  4.20  3.89  3.69  6.55  5.60  5.41
MEAN      2.95  2.94  3.14  2.99  3.14  3.14  3.10  3.64  3.72  3.58  3.20  3.28
STD DEV   1.27  1.30  1.30  1.19  1.28  1.37  1.34  1.57  1.64  1.50  1.29  1.38
SKEW      0.92  0.91  0.83  0.58  0.56  0.86  0.73  0.69  0.68  0.81  0.70  0.84
% SSE     4.54  3.93  2.90  1.48  2.37  3.25  3.90  3.26  3.34  5.41  3.63  3.57
MEAN      3.21  3.20  3.32  3.35  3.47  3.74  3.70  3.96  4.16  3.91  3.62  3.62
STD DEV   1.44  1.50  1.53  1.42  1.45  1.64  1.74  1.69  1.90  1.74  1.63  1.86
SKEW      0.90  0.92  0.97  0.58  0.56  0.72  0.63  0.45  0.82  0.66  0.79  1.42
% S       8.50  7.00  3.74  2.13  4.24  5.80  7.08  6.08  6.81  6.49  5.59  6.13
MEAN      3.13  3.06  3.18  3.51  3.71  4.27  3.97  4.26  4.47  4.12  3.50  3.19
STD DEV   1.44  1.46  1.63  1.65  1.62  1.92  1.85  1.93  2.07  1.97  1.61  1.50
SKEW      1.09  1.06  1.20  0.63  0.54  0.62  0.57  0.63  0.78  0.72  0.87  1.07
% SSW     6.26  4.66  2.49  1.17  3.66  3.94  6.52  6.24  7.65  6.86  4.92  5.13
MEAN      3.35  3.40  3.22  3.42  4.31  4.41  4.50  4.64  4.86  4.68  3.91  3.50
STD DEV   1.39  1.59  1.53  1.41  1.87  2.04  1.85  1.80  1.99  2.20  1.67  1.42
SKEW      0.81  0.92  1.31  0.52  0.54  0.52  0.35  0.30  0.58  0.66  0.60  0.78
% SW     10.44  7.99  4.08  2.19  4.08  4.23  6.95  8.20  9.20  8.76  9.03  9.82
MEAN      3.42  3.14  3.23  3.28  3.63  3.70  4.00  4.29  4.45  4.22  3.84  3.40
STD DEV   1.45  1.35  1.47  1.42  1.81  1.75  1.81  1.87  1.96  1.90  1.68  1.44
SKEW      0.90  0.74  0.82  0.47  1.00  0.96  0.63  0.79  0.72  0.65  0.66  0.82
% WSW     7.61  5.69  2.11  1.92  3.20  3.47  4.18  5.54  5.22  5.43  6.50  7.38
MEAN      3.62  3.36  3.14  3.66  3.99  3.98  4.18  4.42  4.47  4.39  3.93  3.70
STD DEV   1.43  1.34  1.29  1.80  1.91  1.81  1.92  1.97  2.03  1.86  1.57  1.48
SKEW      0.76  0.64  0.89  0.98  0.70  0.86  0.74  0.64  0.81  0.53  0.56  0.88
% W       6.69  5.57  2.74  2.93  5.22  5.41  5.02  6.18  5.90  5.43  6.72  7.71
MEAN      3.51  3.34  3.16  3.72  4.01  3.94  4.57  4.51  4.46  4.10  3.63  3.59
STD DEV   1.37  1.37  1.35  1.85  1.81  1.82  2.05  2.11  2.06  1.82  1.64  1.53
SKEW      0.49  0.54  0.53  0.79  0.66  0.76  0.62  0.71  0.61  0.66  0.92  0.84
% WNW     3.40  3.72  1.91  3.46  5.66  6.52  6.43  7.14  7.07  5.64  4.62  4.87
MEAN      3.56  3.37  3.23  3.79  4.57  4.36  4.81  4.77  5.11  4.53  3.97  3.60
STD DEV   1.38  1.42  1.28  1.63  1.96  1.93  2.19  2.06  2.20  1.99  1.64  1.36
SKEW      0.44  0.79  0.24  0.57  0.38  0.52  0.80  0.50  0.30  0.55  0.70  0.44
% NW      2.46  3.26  2.64  4.76  6.59  6.79  6.44  6.86  7.36  6.41  5.18  4.10
MEAN      3.10  3.06  3.12  3.47  4.01  3.83  4.49  4.49  4.47  4.30  3.62  3.31
STD DEV   1.28  1.24  1.33  1.57  1.77  1.72  1.91  1.90  1.99  1.88  1.56  1.31
SKEW      0.57  0.64  0.63  0.78  0.53  0.63  0.51  0.50  0.45  0.42  0.53  0.41
% NNW     1.33  2.12  2.14  3.68  4.74  4.53  4.45  4.24  4.88  3.58  3.56  2.27
MEAN      3.04  3.12  3.29  3.52  3.87  3.95  4.19  4.18  4.26  3.97  3.65  3.39
STD DEV   1.14  1.14  1.44  1.57  1.74  1.69  1.72  1.71  1.82  1.73  1.56  1.30
SKEW      0.48  0.33  0.89  0.81  0.59  0.43  0.55  0.23  0.45  0.42  0.65  0.64
CALM     19.59 20.91 19.64 20.68 23.43 21.55 20.23 17.04 15.67 16.78 19.25 16.92
                                                                                
INTERPOLATED DATA (station & weighting factor)                                  
                                                                                
---Wind Stations---                                                             
VALDOSTA/MOODYGA     .399  VALDOSTA      GA     .399  ALMA          GA     .202 
