 Australia    Connorville (Lake River)                                          
 LATT= -41.81 LONG= 147.09 YEARS= 30. TYPE= 3
 ELEVATION =  541. TP5 = 2.37 TP6= 5.10
 MEAN P    .27   .23   .26   .23   .20   .24   .21   .20   .21   .17   .23   .25
 S DEV P   .37   .28   .40   .27   .22   .33   .24   .24   .30   .21   .28   .30
 SKEW  P  2.57  2.02  3.47  2.16  1.97  3.96  2.69  4.11  5.38  2.62  2.16  2.34
 P(W/W)    .32   .36   .32   .37   .45   .49   .56   .54   .51   .48   .45   .36
 P(W/D)    .16   .15   .15   .19   .19   .25   .27   .28   .28   .24   .22   .20
 TMAX AV 69.35 68.57 65.20 58.88 53.45 49.10 48.18 49.74 53.06 57.49 61.94 65.73
 TMIN AV 50.21 50.47 47.75 43.35 39.83 36.95 36.29 36.66 38.56 41.18 44.70 47.51
 SD TMAX  6.86  6.01  6.00  4.88  3.72  3.35  2.95  3.53  4.23  5.16  6.22  6.11
 SD TMIN  5.76  5.69  5.99  5.68  5.56  4.99  4.75  4.81  5.08  5.42  5.66  5.67
 SOL.RAD  516.  446.  345.  230.  151.  116.  127.  195.  286.  397.  474.  519.
 SD SOL  117.9 110.2  91.0  65.4  49.1  36.3  42.8  58.9  80.2  99.8 116.6 113.9
 MX .5 P   .57   .40   .26   .20   .16   .11   .13   .11   .11   .23   .40   .45
 DEW PT  47.96 48.98 46.85 43.76 40.80 38.32 37.42 37.30 38.79 40.74 43.82 45.49
Time Pk   .070  .150  .240  .320  .400  .510  .600  .690  .780  .860  .940 1.000
% N       6.54  7.81  7.27  6.07  5.28  4.76  8.27  7.90  6.71  6.01  6.92  5.33
MEAN      3.60  3.29  3.87  3.93  4.15  4.47  5.42  5.01  4.76  4.80  4.29  3.87
STD DEV   1.64  1.66  1.87  2.06  1.70  1.87  2.18  2.46  2.25  2.06  1.83  1.84
SKEW      0.64  0.84  0.61  0.73  0.41  0.36  0.23  0.43  0.50  0.34  0.49  0.67
% NNE     4.93  7.74  4.93  6.51  3.50  2.97  3.79  5.52  5.74  5.53  6.13  4.39
MEAN      3.59  3.48  3.73  4.20  4.25  4.76  5.48  4.73  4.92  5.11  4.49  3.85
STD DEV   1.47  1.57  1.67  1.81  1.85  1.98  2.09  1.98  1.80  2.05  1.79  1.68
SKEW      0.43  0.63  0.58  0.31  0.53  0.45  0.17  0.44  0.37  0.37  0.39  0.49
% NE      6.61  7.95  4.87  4.56  2.77  2.73  2.85  3.90  4.81  4.23  4.65  5.40
MEAN      3.37  3.20  3.09  3.64  3.53  4.38  3.49  3.84  4.46  4.30  3.91  3.33
STD DEV   1.44  1.42  1.43  1.73  1.62  2.28  1.40  1.60  2.17  1.99  1.81  1.47
SKEW      0.66  0.86  0.70  0.58  0.79  0.45  0.47  0.42  0.40  0.49  0.57  0.70
% ENE     3.73  3.73  3.10  2.15  1.89  2.30  2.19  3.47  4.51  3.40  3.13  3.63
MEAN      3.39  3.21  3.02  3.42  3.89  3.78  3.60  4.42  5.38  4.37  4.20  3.81
STD DEV   1.41  1.46  1.42  1.62  1.71  1.48  1.36  1.69  2.54  1.84  1.50  1.58
SKEW      0.43  1.07  1.11  0.49  0.69  0.42  0.22  0.42  0.53  0.54  0.27  0.42
% E       4.32  4.21  3.34  2.42  2.59  2.57  2.96  4.00  4.76  3.75  3.64  4.11
MEAN      2.97  2.83  2.71  3.54  3.08  3.50  3.57  3.77  4.59  3.85  3.39  3.17
STD DEV   1.23  1.26  1.21  1.63  1.30  1.50  1.43  1.62  2.23  1.74  1.52  1.34
SKEW      0.64  0.78  0.71  0.52  0.51  0.53  0.28  0.59  0.60  0.80  0.54  0.71
% ESE     3.40  3.35  2.70  2.23  1.95  3.01  3.35  3.87  3.85  4.09  2.91  3.58
MEAN      3.27  3.01  3.02  3.34  3.67  4.14  4.04  4.06  4.58  4.67  3.74  3.81
STD DEV   1.26  1.28  1.28  1.29  1.66  1.69  1.60  1.94  1.83  2.21  1.53  1.58
SKEW      0.37  0.89  0.64  0.51  0.71  0.44  0.28  0.75  0.42  0.71  0.46  0.42
% SE      4.77  5.04  4.08  3.45  3.28  4.43  4.41  4.52  5.23  4.72  3.83  5.46
MEAN      3.27  3.14  3.14  3.14  3.67  4.04  3.91  4.13  4.56  4.32  3.68  3.44
STD DEV   1.41  1.28  1.50  1.42  1.78  1.87  1.79  1.74  1.89  1.89  1.64  1.55
SKEW      0.51  0.58  0.74  0.50  1.22  0.76  0.37  0.53  0.56  0.60  0.56  0.61
% SSE     7.79  4.75  7.96  7.43  7.37  8.30  9.04  6.62  8.04  9.01  8.06  8.66
MEAN      3.54  3.16  3.80  3.77  4.87  4.85  4.90  5.13  5.68  5.31  4.62  4.15
STD DEV   1.44  1.39  1.68  1.72  2.41  2.11  2.04  2.03  2.47  2.22  2.12  1.78
SKEW      0.51  0.58  0.67  0.81  0.88  0.66  0.36  0.33  0.77  0.44  0.70  0.61
% S      11.15  9.66 12.27 11.53 13.00 13.53 12.08  8.19  8.70 10.86 10.46 12.57
MEAN      3.77  3.41  3.98  3.92  4.82  5.02  5.30  5.06  5.54  5.45  4.89  4.29
STD DEV   1.63  1.51  1.97  1.79  2.55  2.19  2.27  2.68  2.66  2.43  2.50  1.88
SKEW      0.49  0.78  0.77  0.81  0.84  0.76  0.46  0.74  0.85  0.46  0.75  0.56
% SSW     8.78  5.81  7.76  8.27  8.48  9.10  8.29  8.26  5.20  8.83  8.49 10.02
MEAN      4.43  3.88  4.72  4.94  4.92  5.63  5.95  6.09  5.74  6.22  5.23  5.01
STD DEV   1.84  1.62  2.37  2.13  2.44  2.32  2.36  2.85  2.44  2.78  2.46  2.23
SKEW      0.50  0.36  0.72  0.46  0.80  0.39  0.24  0.46  0.27  0.57  0.61  0.51
% SW      6.09  5.42  4.45  4.78  5.20  5.68  4.09  4.46  3.59  4.08  5.65  7.22
MEAN      4.09  3.85  3.76  3.92  4.23  4.50  4.26  4.71  4.34  4.83  4.24  4.59
STD DEV   1.86  1.65  1.80  1.82  1.92  2.16  1.86  2.33  2.44  2.59  2.05  2.17
SKEW      0.55  0.41  0.57  0.87  0.63  0.99  0.35  0.40  0.97  0.85  0.50  0.67
% WSW     3.45  3.05  2.89  2.76  3.67  4.76  2.96  4.70  4.15  3.60  4.41  4.03
MEAN      4.67  3.79  4.14  3.89  5.34  5.22  4.72  5.47  6.65  5.56  4.71  4.81
STD DEV   1.82  1.72  2.05  1.54  2.83  2.57  2.02  2.53  2.94  3.27  2.30  1.99
SKEW      0.26  0.59  0.72  0.46  0.99  0.83  0.53  0.63  0.23  1.32  0.72  0.40
% W       3.04  3.07  2.55  3.30  5.54  5.60  4.18  5.57  5.17  5.76  4.73  3.87
MEAN      3.78  3.41  3.88  3.75  4.94  5.15  5.72  5.26  6.28  5.64  4.38  4.59
STD DEV   1.61  1.49  2.00  1.80  2.19  2.21  2.97  2.55  2.90  2.95  1.98  2.00
SKEW      0.27  0.64  0.68  0.77  0.59  0.55  0.60  0.86  0.26  0.93  0.63  0.63
% WNW     2.46  2.72  3.46  4.33  8.00  7.75  6.45  7.59  8.59  7.39  5.86  2.80
MEAN      4.02  4.04  3.96  4.80  5.85  5.98  6.02  5.96  6.79  6.86  5.57  4.57
STD DEV   1.62  1.55  1.98  2.01  2.36  2.35  2.51  2.34  2.54  2.69  2.48  2.30
SKEW      0.42  0.32  0.75  0.08  0.27  0.46  0.23  0.21  0.02  0.15  0.39  0.74
% NW      3.70  4.12  5.41  6.89  8.70  8.71  8.21  7.45  8.19  6.64  5.16  3.70
MEAN      3.43  3.78  4.10  4.99  5.65  6.02  6.00  5.42  6.20  6.04  4.77  4.50
STD DEV   1.57  1.48  2.26  2.13  2.50  2.51  2.46  2.32  2.97  2.58  2.24  2.10
SKEW      0.89  0.37  0.85  0.30  0.47  0.32  0.13  0.26  0.40  0.13  0.42  0.61
% NNW     4.48  4.92  7.19  7.20  6.85  6.51 11.87  8.66  7.01  6.71  5.58  4.39
MEAN      3.85  3.64  4.38  4.90  5.50  5.55  6.16  6.33  6.05  5.65  4.76  4.19
STD DEV   1.81  1.61  2.14  2.19  2.38  2.48  2.36  2.57  2.58  2.55  1.99  1.82
SKEW      0.73  0.45  0.70  0.25  0.43  0.75  0.28  0.24  0.43  0.27  0.44  0.36
CALM     14.82 16.63 15.82 16.22 11.85  7.39  5.02  5.27  5.82  5.40 10.26 10.76
                                                                                
INTERPOLATED DATA (station & weighting factor)                                  
                                                                                
---Wind Stations---                                                             
VANDALIA      IL     .539  BELLEVILLE    IL     .295  EVANSVILLE    IN     .167 
