 Australia    Reefton (Upper Yarra Dam)                                         
 LATT= -37.67 LONG= 145.89 YEARS= 30. TYPE= 3
 ELEVATION = 1053. TP5 = 1.88 TP6= 3.85
 MEAN P    .26   .29   .23   .27   .24   .26   .23   .27   .30   .26   .30   .29
 S DEV P   .32   .43   .27   .33   .28   .31   .26   .27   .31   .29   .36   .35
 SKEW  P  2.11  3.49  1.72  2.33  2.14  2.90  2.32  2.49  1.67  2.08  2.78  1.98
 P(W/W)    .49   .47   .50   .55   .65   .71   .71   .73   .67   .60   .60   .55
 P(W/D)    .20   .19   .20   .23   .28   .35   .39   .38   .34   .32   .27   .27
 TMAX AV 75.14 74.62 69.48 61.59 54.07 48.59 47.01 49.12 54.26 60.38 66.25 70.67
 TMIN AV 52.85 52.94 49.51 44.44 40.78 37.82 36.82 36.86 39.32 42.35 46.22 49.38
 SD TMAX  9.51  8.86  8.67  7.04  5.33  4.07  3.73  5.19  6.39  8.10  9.06  9.28
 SD TMIN  7.68  6.86  6.73  6.06  5.33  4.85  4.31  4.61  5.62  6.60  7.28  7.45
 SOL.RAD  539.  481.  383.  266.  178.  133.  148.  215.  304.  405.  480.  533.
 SD SOL  123.8 112.9  98.8  79.2  60.8  49.4  55.2  71.5  88.7 112.1 121.5 126.6
 MX .5 P   .77   .60   .46   .39   .29   .30   .21   .26   .32   .43   .65   .74
 DEW PT  50.76 51.27 48.55 45.04 42.32 39.63 38.43 38.14 40.17 42.46 45.89 47.95
Time Pk   .070  .150  .240  .320  .400  .510  .600  .690  .780  .860  .940 1.000
% N       3.55  4.90  2.93  3.94  1.83  1.30  2.72  2.18  2.43  3.00  3.56  3.08
MEAN      2.87  2.73  2.92  3.19  3.52  3.05  3.25  3.22  3.84  3.65  3.18  2.99
STD DEV   1.28  1.17  1.28  1.43  2.02  1.62  1.55  1.44  1.45  1.60  1.48  1.30
SKEW      1.19  0.67  0.80  0.84  0.44  0.74  0.64  0.35  0.21  0.69  0.52  0.61
% NNE     2.56  3.71  3.09  3.54  1.61  1.92  2.73  2.94  2.44  3.67  3.54  2.22
MEAN      2.82  2.77  3.12  3.06  3.63  3.49  3.37  3.37  3.54  3.69  3.32  2.92
STD DEV   1.05  1.19  1.37  1.20  1.40  1.63  1.30  1.18  1.55  1.52  1.53  1.19
SKEW      0.59  0.83  0.69  0.00  0.46  0.84  0.18  0.35  0.79  0.34  0.49  0.71
% NE      3.35  4.21  3.76  4.56  2.28  2.52  2.91  3.00  3.03  3.80  3.35  2.91
MEAN      2.66  2.56  2.69  2.80  3.43  2.89  3.07  2.73  3.15  3.00  3.08  2.72
STD DEV   1.13  1.07  1.03  1.22  1.55  1.43  1.28  0.98  1.54  1.33  1.37  1.23
SKEW      0.91  1.34  0.85  1.04  0.56  0.52  0.72  0.39  0.98  0.40  0.76  0.89
% ENE     2.70  2.31  2.74  2.45  1.25  1.38  1.55  1.95  2.02  1.92  2.22  1.85
MEAN      2.95  2.72  3.04  3.03  2.59  2.61  3.56  3.11  3.69  3.62  3.24  2.90
STD DEV   1.32  1.16  1.37  1.25  1.07  0.95  1.76  1.16  2.08  1.38  1.44  1.18
SKEW      0.50  0.80  0.53  0.56  0.44  0.87  1.04  0.66  0.93  0.49  0.39  0.68
% E       3.00  3.28  3.96  4.40  1.94  2.22  2.30  2.63  2.76  2.72  2.96  2.78
MEAN      2.95  2.71  2.82  2.97  3.28  3.39  3.41  3.37  4.04  3.93  3.36  2.99
STD DEV   1.39  1.37  1.18  1.37  1.40  1.61  1.56  1.51  2.11  1.76  1.64  1.48
SKEW      0.72  1.22  0.72  0.88  0.63  0.60  0.77  0.55  0.51  0.23  0.59  0.67
% ESE     2.74  2.42  4.18  3.12  2.15  2.63  1.89  2.43  3.84  2.93  2.97  3.56
MEAN      3.39  3.01  3.53  3.71  4.37  5.02  4.16  4.52  4.69  4.50  4.08  3.81
STD DEV   1.38  1.21  1.55  1.49  1.75  2.82  1.35  1.73  1.98  1.69  1.64  1.52
SKEW      0.38  0.72  0.59  0.57  0.57  0.50  0.12  0.45  0.05  0.17  0.10  0.46
% SE      3.32  4.29  4.41  5.08  3.82  3.29  3.15  3.97  4.10  3.60  3.14  4.28
MEAN      2.85  3.07  3.34  3.52  4.26  4.00  4.58  4.21  4.52  4.19  3.51  3.37
STD DEV   1.26  1.46  1.42  1.53  1.84  1.97  2.01  1.95  2.03  1.89  1.71  1.54
SKEW      0.77  0.79  0.76  0.59  0.58  0.41  0.27  0.39  0.23  0.32  0.51  0.65
% SSE     4.84  5.31  7.95  7.71  5.04  4.70  4.65  5.80  6.73  4.78  5.15  5.70
MEAN      3.21  2.95  3.45  3.54  4.56  4.55  4.75  4.35  4.90  4.25  3.48  3.51
STD DEV   1.31  1.17  1.39  1.46  2.18  2.02  2.02  1.78  1.96  1.76  1.45  1.66
SKEW      0.64  0.61  0.63  0.66  0.62  0.47  0.48  0.40  0.40  0.52  0.40  0.90
% S       7.58  6.56  7.18  7.10  7.82  7.05  6.97  5.27  5.48  4.73  5.44  7.99
MEAN      2.95  2.65  3.02  3.14  4.19  3.90  4.09  4.20  4.21  3.84  3.20  3.12
STD DEV   1.39  1.24  1.35  1.39  2.12  1.74  1.83  1.94  1.92  1.82  1.50  1.33
SKEW      0.73  1.12  0.95  0.92  0.75  0.41  0.49  0.33  0.45  0.67  0.52  0.72
% SSW    13.07 10.39 10.64 10.97 13.38 12.11 14.76 10.42  9.13 10.09 10.22 13.07
MEAN      3.44  2.97  3.35  3.52  4.62  4.55  4.71  4.51  4.78  4.62  3.82  3.70
STD DEV   1.43  1.23  1.48  1.47  1.88  1.90  1.89  1.88  2.19  1.98  1.81  1.52
SKEW      0.72  1.00  0.75  0.63  0.30  0.52  0.49  0.41  0.76  0.46  0.65  0.61
% SW     10.46 10.27 11.03 12.40 17.36 16.89 15.35 13.32 10.87 11.81 10.74 11.24
MEAN      3.44  3.00  3.46  3.90  4.49  4.59  5.25  4.71  5.07  4.81  3.68  3.76
STD DEV   1.56  1.32  1.54  1.93  2.06  2.05  2.23  2.14  2.35  2.10  1.81  1.73
SKEW      0.73  1.06  0.74  0.75  0.43  0.36  0.32  0.46  0.41  0.36  0.81  0.66
% WSW     6.94  5.21  4.53  5.20  9.76 11.29 10.09 10.01  9.78  9.00  6.65  5.95
MEAN      3.65  3.34  4.02  4.15  5.13  5.45  5.43  5.64  5.46  5.31  4.32  4.16
STD DEV   1.52  1.48  1.74  1.80  2.11  2.38  2.22  2.26  2.14  2.29  1.89  1.77
SKEW      0.45  0.84  0.41  0.47  0.31  0.54  0.40  0.16  0.16  0.34  0.33  0.30
% W       7.52  6.73  6.16  6.25 11.06 11.29  9.67 10.13 11.06  8.81  7.04  5.99
MEAN      3.52  3.07  3.90  4.07  5.06  5.03  5.45  5.35  5.62  5.14  4.22  3.74
STD DEV   1.63  1.38  1.85  2.12  2.19  2.32  2.42  2.35  2.20  2.30  1.98  1.85
SKEW      0.62  0.73  0.56  0.70  0.28  0.55  0.37  0.30  0.12  0.46  0.37  0.57
% WNW     5.55  5.29  5.50  4.36  8.57  8.89  9.22 11.14 11.67 11.58  8.46  6.60
MEAN      3.85  3.74  4.35  4.45  5.41  5.05  5.49  5.87  5.93  5.40  4.59  4.36
STD DEV   1.62  1.64  1.79  1.79  1.98  1.98  2.21  2.31  2.42  2.12  2.06  1.79
SKEW      0.38  0.50  0.24  0.25  0.26  0.28  0.29  0.41  0.26  0.22  0.42  0.38
% NW      5.05  6.23  6.26  5.65  4.28  5.16  5.70  6.60  7.03  7.04  7.91  6.39
MEAN      3.34  3.12  3.76  3.69  4.23  4.39  4.41  5.02  5.01  4.67  4.14  3.78
STD DEV   1.41  1.39  1.75  1.84  1.84  2.33  2.00  2.13  2.19  2.08  1.86  1.79
SKEW      0.50  0.65  0.64  0.70  0.20  0.69  0.37  0.49  0.46  0.24  0.55  0.73
% NNW     3.08  4.48  3.32  3.28  1.86  1.86  2.80  3.61  3.56  4.56  5.32  3.83
MEAN      3.28  3.38  3.79  3.89  3.90  3.92  3.93  4.48  4.35  4.32  4.20  3.59
STD DEV   1.44  1.32  1.71  1.69  1.93  1.67  1.58  1.76  1.81  1.75  1.91  1.66
SKEW      0.66  0.38  0.51  0.31  0.85  0.14  0.57  0.09  0.29  0.38  0.33  0.61
CALM     14.58 14.23 12.42 10.14  5.96  5.45  3.47  4.75  4.18  6.01 11.30 12.44
                                                                                
INTERPOLATED DATA (station & weighting factor)                                  
                                                                                
---Wind Stations---                                                             
MORGANTOWN    WV     .505  PITTSBURGH/AL PA     .305  JOHNSTOWN/CAM PA     .190 
