 Australia    Kulnura North (Wilcher)                                           
 LATT= -33.17 LONG= 151.21 YEARS= 30. TYPE= 3
 ELEVATION = 1148. TP5 = 2.34 TP6= 5.49
 MEAN P    .37   .49   .42   .40   .38   .33   .26   .32   .29   .30   .38   .33
 S DEV P   .53   .76   .70   .56   .58   .44   .49   .69   .44   .45   .48   .43
 SKEW  P  3.96  3.93  4.42  2.96  4.18  3.25  5.18  4.91  4.09  3.07  3.35  2.61
 P(W/W)    .51   .56   .53   .52   .56   .48   .42   .43   .41   .44   .47   .45
 P(W/D)    .28   .26   .22   .16   .18   .18   .16   .15   .18   .21   .25   .21
 TMAX AV 84.53 82.36 78.62 73.04 67.07 61.56 61.32 64.84 70.77 75.53 78.68 82.17
 TMIN AV 63.28 62.77 59.30 53.12 47.52 44.17 41.86 42.88 47.43 52.57 56.69 60.33
 SD TMAX  9.87  8.93  7.32  6.26  5.08  4.12  4.48  5.75  7.62  8.89  9.85  9.44
 SD TMIN  5.10  4.88  5.14  5.53  6.10  6.04  5.92  5.97  6.38  6.16  6.16  5.43
 SOL.RAD  499.  444.  383.  306.  243.  198.  228.  303.  393.  452.  488.  520.
 SD SOL  123.3 115.0 101.4  77.6  61.1  56.3  58.2  68.4  87.9 111.5 126.2 128.2
 MX .5 P  1.08  1.02   .78   .43   .42   .26   .16   .26   .34   .46   .72   .78
 DEW PT  60.52 61.28 58.68 53.03 47.64 44.16 40.82 40.01 43.72 48.43 53.68 57.28
Time Pk   .200  .310  .400  .480  .560  .650  .720  .780  .840  .900  .960 1.000
% N       4.60  4.00  4.60  4.30  2.80  2.80  2.00  3.40  3.10  3.50  3.50  5.00
MEAN      2.64  2.87  2.87  2.88  2.85  3.31  2.52  2.84  2.76  3.25  3.11  3.04
STD DEV   1.08  1.16  1.33  1.30  1.41  1.51  0.94  1.29  1.23  1.40  1.82  1.58
SKEW      1.06  0.75  1.10  1.27  1.33  0.72  1.07  0.80  0.99  0.70  1.57  1.27
% NNE     2.90  3.40  4.20  4.50  1.80  2.30  2.20  2.90  3.10  2.70  2.20  2.20
MEAN      3.39  3.29  3.47  3.43  2.88  2.95  2.86  2.66  3.00  3.08  3.18  3.28
STD DEV   1.43  1.43  1.70  1.48  1.14  1.24  1.06  1.06  1.35  1.17  1.56  1.28
SKEW      0.85  1.12  0.79  0.74  0.48  0.64  0.50  1.45  0.92  0.61  1.58  0.55
% NE      7.80  6.70  8.30  9.30  5.00  4.40  4.00  4.00  4.70  3.20  5.60  5.80
MEAN      3.15  3.06  3.32  3.30  3.02  3.34  3.07  2.85  3.14  3.06  3.67  3.08
STD DEV   1.40  1.31  1.52  1.46  1.26  1.85  1.48  1.20  1.29  1.32  1.70  1.16
SKEW      0.81  0.88  0.89  0.78  0.81  0.97  0.90  0.99  0.56  0.94  0.83  0.69
% ENE     2.20  2.50  3.90  4.50  1.30  1.60  3.70  3.80  2.90  2.50  3.50  3.00
MEAN      3.31  2.96  3.44  3.33  2.58  2.93  3.16  3.00  3.06  2.95  3.25  3.00
STD DEV   1.46  1.04  1.43  1.43  0.87  1.40  1.45  1.38  1.11  1.10  1.36  1.19
SKEW      0.93  0.72  0.81  0.54  0.13  0.87  0.80  1.12  0.32  0.46  0.76  0.36
% E       2.30  2.40  2.30  2.30  1.90  1.30  2.20  1.90  2.10  1.70  2.20  2.40
MEAN      2.65  2.79  2.69  2.56  2.58  2.00  2.75  2.37  2.71  2.82  2.82  2.79
STD DEV   1.01  1.16  1.08  1.14  0.94  0.61  1.18  0.88  1.03  1.21  1.21  1.29
SKEW      0.99  0.74  0.83  0.73  0.93  0.00  0.86  1.60  0.85  0.34  1.09  1.09
% ESE     1.10  1.20  1.10  1.30  0.70  0.80  1.20  1.40  1.60  1.60  1.70  1.80
MEAN      2.30  2.61  2.72  2.46  2.00  2.28  2.09  2.23  2.31  2.64  2.47  3.11
STD DEV   0.79  1.08  0.97  0.85  0.54  0.46  0.52  0.70  0.85  1.05  0.92  1.33
SKEW      0.68  0.81  1.18  0.51  0.00  0.95  0.13  1.02  0.60  0.75  1.24  0.85
% SE      2.80  3.90  2.90  2.20  2.30  2.60  2.70  2.60  3.80  3.10  3.50  3.80
MEAN      2.89  2.45  2.63  2.59  2.21  2.57  2.37  2.50  2.62  3.00  2.66  2.86
STD DEV   1.24  0.92  1.10  1.16  0.59  1.25  0.87  0.96  1.15  1.23  1.08  1.18
SKEW      1.34  1.30  1.11  1.02  1.21  1.20  1.25  0.85  1.96  0.89  1.35  0.94
% SSE     3.40  3.20  2.80  2.20  2.40  2.40  3.20  3.20  3.90  4.60  3.20  3.40
MEAN      2.73  2.87  2.70  2.45  3.00  2.56  2.59  3.03  3.69  3.34  2.81  2.87
STD DEV   1.04  1.29  1.01  1.04  1.53  1.06  1.00  1.36  1.73  1.52  1.17  1.25
SKEW      0.70  0.96  0.83  1.24  1.54  0.94  0.88  1.18  0.90  1.07  1.04  1.35
% S       7.40  5.90  7.60  5.60  7.70  7.30 10.20  7.80  8.30 10.70  9.80  7.60
MEAN      2.98  3.03  2.92  2.78  3.07  3.36  3.17  3.61  3.73  3.97  3.33  2.76
STD DEV   1.31  1.30  1.20  1.11  1.46  1.86  1.52  1.68  1.74  1.79  1.54  1.18
SKEW      1.13  0.95  0.78  0.97  0.81  1.48  0.97  0.63  0.66  0.45  1.12  1.09
% SSW     7.20  4.30  4.20  3.40  6.40  6.40 12.10  9.20  9.10 12.10  7.80  5.40
MEAN      3.66  3.46  3.45  3.32  4.27  4.38  4.63  4.72  4.91  5.00  3.86  3.79
STD DEV   1.69  1.56  1.47  1.37  2.03  2.01  1.97  2.08  2.11  2.21  1.77  1.74
SKEW      0.67  0.82  0.41  0.65  0.35  0.42  0.37  0.63  0.45  0.41  0.92  0.73
% SW      4.90  3.10  3.40  1.90  3.30  3.40  4.00  4.00  4.60  4.60  5.00  5.10
MEAN      3.12  2.77  2.88  3.31  3.53  3.14  3.78  3.64  3.41  4.12  3.35  3.26
STD DEV   1.42  1.24  1.18  1.85  1.75  1.72  2.18  2.13  1.80  2.31  1.52  1.56
SKEW      0.78  0.95  0.55  1.11  0.74  1.10  0.76  0.98  0.98  0.88  0.70  1.11
% WSW     1.00  1.00  0.70  0.50  1.30  1.30  1.10  1.70  1.60  2.10  2.20  2.00
MEAN      2.80  2.90  2.83  2.75  2.75  2.63  3.09  3.06  3.40  3.45  3.40  2.94
STD DEV   1.09  1.05  0.91  0.85  1.10  1.08  1.58  1.66  1.68  2.07  1.63  1.20
SKEW      0.88  0.73  0.33  0.49  0.51  0.76  0.56  1.14  0.65  1.40  1.23  0.48
% W       2.30  1.60  1.10  1.50  2.30  2.80  1.90  3.20  2.80  2.30  3.30  3.10
MEAN      2.45  2.28  2.55  2.64  3.27  3.60  3.15  2.90  4.07  3.69  3.03  2.62
STD DEV   1.08  0.96  0.84  1.18  1.94  2.12  1.91  1.45  1.95  1.71  1.70  1.34
SKEW      1.21  1.35  0.98  0.45  1.12  0.87  1.34  1.13  0.63  0.53  1.29  1.80
% WNW     4.40  5.10  3.50  4.20  6.80  6.10  5.70  7.00  8.90  7.20  6.60  5.50
MEAN      3.06  2.71  2.54  3.09  3.79  3.70  4.03  3.70  4.90  4.81  3.40  3.03
STD DEV   1.53  1.26  0.93  1.65  2.06  2.00  2.09  2.04  2.66  2.33  1.80  1.45
SKEW      1.37  1.76  1.25  1.54  0.88  0.79  0.55  1.03  0.60  0.37  1.20  1.42
% NW     15.20 18.30 17.40 21.00 22.70 19.50 13.70 17.90 15.70 15.80 15.50 16.50
MEAN      2.44  2.63  2.52  2.96  3.37  3.26  3.84  3.99  4.33  4.31  3.14  2.94
STD DEV   0.98  1.28  1.12  1.56  2.09  1.94  2.35  2.51  2.52  2.50  1.69  1.50
SKEW      2.15  2.16  2.21  1.72  1.43  1.41  0.89  1.09  0.85  0.69  1.40  1.74
% NNW     3.10  4.10  3.80  5.30  5.60  5.20  5.80  7.40  7.60  7.00  6.90  4.90
MEAN      2.66  2.88  2.81  3.11  3.67  3.25  3.50  3.52  4.28  3.89  3.38  3.14
STD DEV   1.08  1.37  1.37  1.38  2.08  1.56  1.80  2.00  2.41  2.17  1.71  1.65
SKEW      0.85  1.34  1.85  0.90  1.17  1.07  0.86  1.02  0.79  0.97  1.12  1.76
CALM     27.30 29.10 28.20 26.00 25.60 29.90 24.10 18.60 16.20 15.40 17.50 22.40
                                                                                
INTERPOLATED DATA (station & weighting factor)                                  
                                                                                
---Wind Stations---                                                             
HICKORY       NC    1.000  CHARLOTTE     NC     .000  SPARTANBURG   SC     .000 
