 Australia    Pokolbin (Bellevue)                                               
 LATT= -32.81 LONG= 151.28 YEARS= 30. TYPE= 4
 ELEVATION =  459. TP5 = 2.44 TP6= 6.06
 MEAN P    .47   .45   .38   .37   .31   .38   .26   .27   .31   .34   .43   .41
 S DEV P   .62   .52   .43   .61   .33   .72   .35   .40   .35   .40   .45   .47
 SKEW  P  3.33  1.96  1.87  4.98  2.34  6.89  3.03  3.98  2.69  2.63  1.73  3.21
 P(W/W)    .46   .50   .54   .53   .51   .46   .34   .47   .38   .45   .49   .42
 P(W/D)    .15   .17   .16   .13   .11   .16   .14   .11   .14   .16   .18   .18
 TMAX AV 85.49 83.55 79.90 74.40 68.47 62.97 62.56 65.95 71.78 76.41 79.65 83.13
 TMIN AV 64.80 64.30 60.82 54.61 49.11 45.66 43.25 44.21 48.78 54.02 58.20 61.88
 SD TMAX  9.32  8.42  6.91  5.81  4.74  3.86  4.20  5.39  7.23  8.42  9.38  9.00
 SD TMIN  5.01  4.76  5.05  5.39  5.85  5.72  5.64  5.77  6.07  6.05  5.96  5.29
 SOL.RAD  518.  462.  395.  320.  250.  206.  237.  314.  405.  465.  504.  539.
 SD SOL  127.7 119.9 105.1  81.5  66.0  59.4  59.8  71.3  92.9 114.9 128.6 129.7
 MX .5 P   .91   .85   .62   .32   .21   .30   .18   .17   .32   .41   .70   .73
 DEW PT  61.62 62.28 59.78 54.14 48.71 45.14 41.84 41.17 44.94 49.76 54.88 58.46
Time Pk   .200  .310  .400  .480  .560  .650  .720  .780  .840  .900  .960 1.000
% N       1.18  2.45  6.75 10.71 13.49 14.10 14.98 12.81 10.93  7.56  5.27  2.23
MEAN      3.41  3.27  3.69  4.59  5.39  5.21  5.49  5.40  5.62  5.43  4.74  3.75
STD DEV   1.52  1.50  1.73  2.28  2.79  2.55  2.55  2.51  2.71  2.60  2.20  1.66
SKEW      0.64  0.50  0.83  0.62  0.70  0.62  0.58  0.51  0.51  0.55  0.66  0.44
% NNE     1.33  2.73  7.47  7.34  7.76  6.20  8.29  7.77  7.42  5.11  4.38  1.74
MEAN      3.91  3.69  4.19  4.72  4.96  4.56  4.92  4.95  4.83  4.90  4.41  4.11
STD DEV   1.82  1.58  1.86  2.17  2.30  2.15  2.18  2.20  2.26  2.22  2.02  1.70
SKEW      0.48  0.43  0.72  0.67  0.58  0.64  0.52  0.58  0.69  0.51  0.56  0.66
% NE      1.87  4.24  8.13  5.39  4.74  3.34  4.30  5.09  4.66  3.76  3.69  2.48
MEAN      3.76  3.38  3.63  3.40  3.82  3.31  4.02  4.25  3.85  4.15  4.04  3.70
STD DEV   1.57  1.50  1.57  1.67  1.76  1.60  1.92  1.84  1.83  1.93  1.96  1.66
SKEW      0.48  0.76  0.73  0.92  0.82  0.79  0.92  0.71  0.74  0.83  1.03  1.13
% ENE     1.77  3.49  5.82  3.91  2.66  2.14  2.06  2.86  2.84  2.95  3.04  1.96
MEAN      3.35  3.52  3.53  3.27  3.30  2.96  3.29  3.36  3.24  3.68  3.63  3.51
STD DEV   1.41  1.46  1.53  1.34  1.45  1.29  1.44  1.57  1.48  1.60  1.75  1.44
SKEW      0.57  0.55  0.74  0.72  0.62  0.48  0.53  0.88  1.05  0.81  0.84  0.65
% E       2.66  4.16  5.17  3.69  2.26  1.67  1.84  2.97  2.84  3.63  3.80  3.43
MEAN      3.41  3.25  3.24  2.99  2.89  2.58  2.93  3.16  3.21  3.49  3.41  3.31
STD DEV   1.54  1.43  1.35  1.27  1.32  1.18  1.19  1.37  1.44  1.49  1.46  1.47
SKEW      0.84  0.67  0.63  0.43  0.65  0.71  0.45  0.50  0.61  0.46  0.73  0.83
% ESE     4.08  3.98  4.63  3.75  2.08  2.21  1.51  2.71  2.47  3.63  4.11  3.87
MEAN      3.64  3.47  3.42  3.41  3.36  2.93  2.98  3.68  4.07  3.87  3.84  3.69
STD DEV   1.51  1.48  1.43  1.45  1.75  1.34  1.45  1.67  1.80  1.53  1.70  1.44
SKEW      0.67  0.53  0.68  0.53  0.69  0.81  0.65  0.77  0.45  0.45  0.73  0.48
% SE     11.32  9.84  7.16  7.20  5.02  5.07  4.83  6.21  7.53 11.17 12.37 13.11
MEAN      3.96  3.69  3.43  3.62  3.36  3.38  3.79  3.94  4.36  4.53  4.52  4.46
STD DEV   1.71  1.57  1.40  1.72  1.65  1.61  1.86  1.92  2.05  1.94  1.98  1.92
SKEW      0.73  0.60  0.64  0.86  0.80  0.76  0.65  0.88  0.63  0.51  0.49  0.52
% SSE    21.28 15.95 10.30 10.12  8.47  8.26  7.62  9.72 13.87 20.13 20.95 24.04
MEAN      4.42  4.23  3.99  4.07  4.28  4.30  4.36  4.82  5.23  5.32  5.23  4.90
STD DEV   1.90  1.84  1.80  1.79  2.04  2.05  2.05  2.23  2.12  2.13  2.06  1.93
SKEW      0.57  0.63  0.69  0.62  0.65  0.63  0.58  0.54  0.35  0.43  0.33  0.35
% S      24.39 21.45 11.12 11.23 11.59 11.23 13.35 10.16 13.98 16.30 17.70 21.82
MEAN      4.22  3.97  3.85  4.06  4.73  4.42  4.76  4.73  5.09  5.22  4.83  4.59
STD DEV   1.83  1.68  1.72  1.85  2.18  2.08  2.15  2.29  2.17  2.23  1.98  1.87
SKEW      0.69  0.56  0.74  0.56  0.50  0.66  0.47  0.52  0.38  0.46  0.31  0.36
% SSW    10.68  9.66  4.05  4.86  6.22  6.50  6.84  5.89  5.91  4.11  4.50  6.17
MEAN      4.33  4.20  4.02  4.05  4.95  4.71  5.15  4.91  5.01  4.80  4.55  4.49
STD DEV   1.75  1.73  1.73  1.79  2.38  2.33  2.28  2.26  2.33  2.15  1.92  1.80
SKEW      0.36  0.52  0.38  0.42  0.54  0.74  0.33  0.29  0.38  0.42  0.23  0.30
% SW      5.22  4.58  2.27  2.69  2.79  3.14  3.26  3.43  2.22  1.69  1.96  3.26
MEAN      3.90  3.91  3.42  3.61  4.07  4.21  4.72  4.47  4.61  4.32  3.89  3.80
STD DEV   1.70  1.61  1.51  1.69  2.09  2.31  2.30  2.07  2.38  1.96  1.77  1.76
SKEW      0.53  0.30  0.43  0.65  0.64  0.65  0.42  0.37  0.72  0.38  0.56  0.54
% WSW     1.52  1.23  0.85  1.03  1.10  1.25  1.10  1.37  1.00  0.81  0.75  1.17
MEAN      3.36  3.27  2.68  3.26  3.25  3.21  3.62  3.94  3.66  3.52  3.24  3.39
STD DEV   1.50  1.39  1.21  1.52  1.48  1.65  2.19  1.92  2.04  1.75  1.30  1.74
SKEW      0.39  0.58  0.91  0.74  0.55  0.81  0.83  0.56  0.73  0.75  0.53  0.83
% W       0.91  0.87  0.74  0.94  1.35  1.70  1.39  1.87  1.44  1.16  0.88  0.69
MEAN      2.89  2.67  2.69  2.80  2.80  2.89  3.55  3.77  4.38  3.82  3.00  2.92
STD DEV   1.27  1.09  1.15  1.42  1.58  1.63  1.93  2.52  2.66  1.90  1.20  1.23
SKEW      0.75  0.73  0.60  0.97  0.85  1.18  1.04  1.33  0.87  0.87  0.56  0.54
% WNW     0.38  0.47  0.62  0.87  1.68  1.86  1.72  1.68  1.39  1.59  0.88  0.33
MEAN      3.03  2.73  2.27  2.91  3.90  3.92  4.50  4.54  5.85  4.81  3.56  2.30
STD DEV   1.10  1.07  0.98  1.54  2.55  2.26  2.66  2.63  3.41  2.62  1.79  1.24
SKEW      0.03  0.09  0.49  0.89  1.07  0.77  0.91  0.73  0.48  0.52  0.72  0.79
% NW      0.68  1.08  1.80  3.06  4.30  5.58  4.56  5.10  3.65  3.16  1.71  0.87
MEAN      3.19  3.32  2.53  3.29  4.03  4.61  4.86  5.32  5.47  4.94  3.56  3.44
STD DEV   1.37  1.27  1.06  1.96  2.61  2.61  2.98  2.95  3.00  2.78  1.82  1.50
SKEW      0.39  0.59  0.76  1.40  1.16  0.75  0.87  0.55  0.59  0.81  0.81  0.10
% NNW     0.44  1.25  2.95  5.31  8.14  9.48  8.60  7.69  5.88  4.30  2.30  0.91
MEAN      2.78  3.57  2.92  4.02  4.64  5.30  5.42  5.54  6.22  5.26  4.59  3.94
STD DEV   0.98  1.70  1.28  2.18  2.51  2.89  2.61  2.90  3.27  2.91  2.33  1.70
SKEW     -0.02  0.77  0.99  0.90  0.77  0.73  0.46  0.64  0.48  0.93  0.66  0.54
CALM     10.31 12.55 20.21 17.86 16.29 16.29 13.68 12.59 12.04  9.03 11.80 12.00
                                                                                
INTERPOLATED DATA (station & weighting factor)                                  
                                                                                
---Wind Stations---                                                             
BRYAN         TX     .417  AUSTIN/BERGS. TX     .361  SAN MARCOS    TX     .222 
