 Australia    Dundee (Karinga)                                                  
 LATT= -29.58 LONG= 151.95 YEARS= 30. TYPE= 3
 ELEVATION = 3396. TP5 = 2.25 TP6= 4.08
 MEAN P    .43   .36   .32   .22   .26   .18   .20   .28   .25   .29   .37   .43
 S DEV P   .58   .47   .59   .32   .48   .23   .27   .35   .34   .33   .42   .48
 SKEW  P  3.57  2.26  5.01  2.99  7.18  2.93  2.47  2.65  3.98  2.18  2.34  2.15
 P(W/W)    .56   .59   .52   .44   .52   .50   .43   .48   .40   .50   .52   .47
 P(W/D)    .23   .23   .19   .16   .15   .20   .16   .12   .17   .19   .22   .25
 TMAX AV 79.62 78.03 75.18 69.61 63.39 57.49 56.61 59.63 65.68 70.74 74.27 77.30
 TMIN AV 59.32 58.63 55.25 48.90 42.78 38.62 36.12 36.90 42.48 48.64 53.45 56.79
 SD TMAX  6.00  6.11  5.32  4.92  4.69  4.76  4.78  5.53  6.34  6.61  6.73  6.21
 SD TMIN  4.43  4.23  4.64  5.47  6.64  6.68  6.69  6.71  6.58  6.04  5.66  4.94
 SOL.RAD  567.  511.  449.  367.  297.  250.  280.  361.  451.  507.  550.  574.
 SD SOL  132.7 119.2 101.7  87.8  76.6  69.9  71.4  80.9 100.1 117.5 127.9 129.3
 MX .5 P  1.21   .91   .68   .48   .38   .39   .38   .40   .47   .59   .83  1.04
 DEW PT  56.98 57.10 54.13 48.17 42.55 39.13 36.04 35.18 39.73 45.19 50.48 54.27
Time Pk   .070  .150  .240  .320  .400  .510  .600  .690  .780  .860  .940 1.000
% N       1.66  1.93  3.07  4.47  6.87  7.13  7.78  8.30  6.26  5.27  3.33  2.94
MEAN      4.36  3.93  5.05  5.96  6.21  6.74  6.65  7.50  7.46  7.05  6.07  5.02
STD DEV   2.24  2.04  2.78  3.00  3.13  2.98  3.04  3.39  3.61  3.28  2.67  2.45
SKEW      0.99  0.83  1.11  0.51  0.67  0.34  0.47  0.23  0.71  0.68  0.52  0.77
% NNE     1.84  2.91  4.83  5.24  6.39  5.51  5.98  6.47  5.38  6.14  4.33  3.02
MEAN      5.17  4.62  5.45  5.99  6.49  6.44  6.28  6.78  7.10  7.00  6.36  5.74
STD DEV   2.60  2.06  2.46  2.72  2.89  2.70  2.84  3.02  3.00  2.97  2.80  2.44
SKEW      0.96  0.73  0.76  0.55  0.49  0.51  0.57  0.50  0.33  0.35  0.57  0.48
% NE      3.64  4.19  5.93  5.32  4.66  4.33  4.18  4.87  5.13  5.65  4.33  3.05
MEAN      4.62  4.56  4.72  5.77  5.67  5.55  5.38  6.02  6.27  6.15  5.81  5.48
STD DEV   2.03  1.94  1.95  2.46  2.50  2.22  2.56  2.46  2.46  2.85  2.69  2.23
SKEW      0.94  0.81  0.74  0.43  0.44  0.35  0.80  0.29  0.53  0.76  0.63  0.33
% ENE     3.72  4.41  5.42  3.58  2.97  3.13  3.46  4.50  4.18  5.34  4.86  4.08
MEAN      4.81  4.49  4.50  5.07  4.88  4.98  4.80  5.27  5.55  5.80  5.63  5.31
STD DEV   2.18  1.83  1.78  1.96  1.97  2.00  1.92  2.08  2.16  2.36  2.28  2.19
SKEW      0.61  0.52  0.59  0.46  0.61  0.57  0.67  0.41  0.61  0.60  0.57  0.45
% E       4.84  4.92  4.95  3.14  2.24  2.04  2.38  3.66  3.85  4.72  4.14  4.34
MEAN      4.57  4.15  4.02  4.32  3.91  4.20  4.56  4.89  5.42  5.33  5.38  5.07
STD DEV   1.83  1.68  1.51  1.71  1.56  1.83  1.83  1.87  2.12  2.12  2.20  1.97
SKEW      0.66  0.61  0.40  0.57  0.29  0.79  0.37  0.51  0.54  0.33  0.61  0.39
% ESE     6.04  6.35  5.29  3.20  2.18  2.02  2.64  4.03  4.07  5.12  6.02  6.17
MEAN      4.41  4.15  4.18  4.30  4.25  3.89  4.35  4.95  5.27  5.66  5.31  5.21
STD DEV   1.72  1.44  1.39  1.61  1.47  1.34  1.51  1.73  1.96  2.19  2.13  1.99
SKEW      0.79  0.50  0.42  0.69  0.09  0.11  0.30  0.49  0.53  0.53  0.83  0.68
% SE      9.02  9.22  7.56  5.20  2.56  2.10  2.91  4.10  4.60  5.55  6.89  8.61
MEAN      4.65  4.41  4.26  4.70  4.45  4.22  4.27  4.81  5.50  5.85  5.53  5.47
STD DEV   1.82  1.51  1.43  1.69  1.67  1.67  1.66  1.75  2.03  2.33  2.34  1.99
SKEW      0.88  0.52  0.49  0.51  0.68  0.42  0.57  0.47  0.30  0.39  0.75  0.56
% SSE    16.85 14.94 12.42  9.54  5.18  4.12  4.38  5.76  7.50  7.71 12.53 16.22
MEAN      5.35  4.62  5.00  5.06  5.13  4.79  4.75  5.03  5.98  6.21  6.39  6.23
STD DEV   1.88  1.61  1.80  1.90  2.08  1.86  2.00  1.89  2.22  2.37  2.44  2.20
SKEW      0.52  0.55  0.56  0.58  0.98  0.56  0.63  0.35  0.45  0.55  0.57  0.37
% S      20.51 17.82 15.85 13.25  8.29  8.32  7.06  6.87  9.36 10.14 14.45 19.11
MEAN      5.54  4.80  5.17  5.44  5.39  5.39  5.14  5.74  6.58  6.63  6.52  6.30
STD DEV   1.97  1.85  1.91  2.04  2.06  2.07  2.07  2.34  2.45  2.71  2.56  2.23
SKEW      0.22  0.77  0.32  0.46  0.62  0.51  0.69  0.45  0.28  0.33  0.36  0.21
% SSW    12.11 10.20 10.81 11.55  9.78  9.98 10.02  9.20  8.93  8.12 10.20 12.15
MEAN      5.69  4.95  5.42  5.57  5.64  6.14  5.58  6.05  6.66  6.89  6.43  6.21
STD DEV   1.98  1.86  2.02  2.15  2.21  2.38  2.36  2.30  2.49  2.62  2.50  2.15
SKEW     -0.02  0.34  0.24  0.38  0.51  0.30  0.64  0.23  0.26  0.22  0.32  0.13
% SW      5.97  6.46  6.54  8.78 11.03 10.31 11.28  9.31  8.37  8.90  7.96  6.29
MEAN      4.79  4.46  4.75  4.86  5.51  5.70  5.85  6.06  6.80  6.44  6.03  5.49
STD DEV   1.94  1.77  1.94  1.93  2.29  2.41  2.62  2.50  2.90  2.72  2.62  2.27
SKEW      0.40  0.41  0.42  0.57  0.81  0.70  0.56  0.47  0.71  0.56  0.60  0.24
% WSW     2.09  2.73  2.94  5.66  8.34  8.98  7.86  7.22  7.47  6.93  5.14  3.10
MEAN      3.85  3.80  4.44  5.03  5.66  6.10  5.85  6.44  7.50  7.13  6.27  5.29
STD DEV   1.67  1.65  1.97  2.49  2.72  3.00  2.82  3.07  3.86  3.53  2.94  2.24
SKEW      0.56  0.71  0.82  1.03  1.05  1.06  0.67  0.82  0.60  0.86  0.63  0.46
% W       1.51  1.64  1.92  4.55  7.08  8.67  7.91  7.08  6.88  5.96  4.41  2.01
MEAN      3.40  3.47  3.61  4.75  5.51  6.27  6.24  6.36  7.32  6.80  6.73  4.56
STD DEV   1.16  1.47  1.62  2.60  2.89  3.44  3.51  3.47  4.05  3.32  3.59  1.89
SKEW      0.34  0.60  0.47  0.99  0.72  0.89  0.86  0.86  0.70  0.80  0.50  0.44
% WNW     0.94  0.95  1.08  2.73  4.00  6.15  4.83  4.23  4.19  3.65  2.41  1.20
MEAN      3.70  3.41  3.70  4.48  5.58  6.06  6.04  6.43  6.90  7.18  6.21  4.42
STD DEV   1.62  1.49  1.61  2.31  3.13  3.41  3.37  3.41  3.53  3.77  3.48  2.01
SKEW      0.89  0.57  0.41  1.00  1.01  1.13  0.85  0.71  0.74  0.83  0.94  0.75
% NW      1.06  0.88  1.16  2.41  4.83  4.37  4.77  4.24  4.05  3.21  2.56  1.27
MEAN      3.71  3.43  3.41  4.02  5.33  4.81  4.73  5.43  6.50  5.50  5.16  3.79
STD DEV   1.70  1.54  1.67  1.99  2.96  2.47  2.26  2.61  3.73  2.70  2.61  1.62
SKEW      1.07  0.41  1.00  1.34  1.23  1.15  0.68  0.93  1.16  0.94  0.84  0.94
% NNW     1.21  1.08  1.73  2.98  6.55  5.15  4.74  4.11  5.33  3.60  2.02  1.71
MEAN      4.07  3.76  4.12  4.85  5.79  5.68  5.70  6.04  7.29  6.65  5.38  4.57
STD DEV   2.01  1.89  1.98  2.67  3.22  2.77  2.80  3.02  3.79  3.33  2.21  2.23
SKEW      0.97  1.07  0.92  0.98  1.09  0.79  1.00  0.74  0.92  0.66  0.61  1.05
CALM      7.06  9.42  8.48  8.41  7.03  7.63  7.78  6.10  4.50  4.01  4.46  4.67
                                                                                
INTERPOLATED DATA (station & weighting factor)                                  
                                                                                
---Wind Stations---                                                             
LUBBOCK/REESE TX     .391  LUBBOCK       TX     .391  CLARENDON     TX     .218 
