 Australia    Wollar (Maree)                                                    
 LATT= -32.43 LONG= 149.95 YEARS= 30. TYPE= 4
 ELEVATION = 1345. TP5 = 2.21 TP6= 5.56
 MEAN P    .45   .49   .43   .42   .28   .26   .27   .27   .26   .35   .35   .35
 S DEV P   .56   .65   .47   .55   .32   .37   .34   .33   .30   .39   .41   .37
 SKEW  P  2.36  4.45  2.02  2.35  1.90  2.92  2.41  2.68  1.87  1.56  2.42  1.78
 P(W/W)    .49   .41   .47   .45   .42   .45   .51   .40   .44   .40   .40   .42
 P(W/D)    .14   .15   .12   .08   .14   .13   .18   .18   .19   .19   .18   .15
 TMAX AV 85.58 83.57 78.95 72.23 64.59 58.23 57.09 60.32 66.82 73.15 78.13 82.78
 TMIN AV 62.05 61.34 57.12 50.54 44.48 40.94 38.45 39.21 43.81 49.58 54.66 58.79
 SD TMAX  8.05  7.77  6.72  6.06  5.17  4.56  4.67  6.00  7.34  7.90  8.77  8.15
 SD TMIN  5.60  5.15  5.45  5.88  6.45  6.24  6.22  6.16  6.51  6.53  6.74  5.90
 SOL.RAD  580.  516.  437.  342.  263.  210.  236.  312.  413.  494.  546.  590.
 SD SOL  119.8 116.2 103.3  82.7  67.1  61.7  63.7  77.6  96.4 112.4 125.2 129.3
 MX .5 P   .91   .79   .58   .33   .33   .28   .29   .35   .42   .56   .71   .69
 DEW PT  56.76 57.29 54.37 49.09 44.67 41.89 39.05 38.47 41.75 45.63 50.22 53.34
Time Pk   .200  .310  .400  .480  .560  .650  .720  .780  .840  .900  .960 1.000
% N       0.89  2.00  6.46  9.67 13.17 13.56 13.20 12.31 10.14  7.07  4.79  2.13
MEAN      3.14  3.27  4.11  4.73  5.34  5.40  5.82  5.75  6.00  5.58  4.89  3.89
STD DEV   1.55  1.55  2.37  2.48  2.83  2.78  2.89  2.79  2.88  2.82  2.52  1.98
SKEW      0.67  0.60  1.22  0.64  0.59  0.44  0.53  0.43  0.38  0.56  0.56  0.60
% NNE     1.21  2.38  6.62  7.74  9.16  9.04 10.30  9.90  8.16  6.30  4.87  2.03
MEAN      3.73  3.84  4.73  4.81  5.43  5.13  5.80  5.45  5.60  5.39  5.11  4.20
STD DEV   1.72  1.76  2.33  2.19  2.61  2.39  2.56  2.38  2.50  2.51  2.38  1.82
SKEW      0.48  0.56  0.75  0.60  0.63  0.50  0.42  0.37  0.41  0.48  0.46  0.31
% NE      1.70  3.08  7.24  5.88  5.96  6.02  6.36  7.62  6.01  5.09  4.25  3.06
MEAN      3.91  3.86  4.22  4.15  4.46  4.03  4.63  4.77  4.68  4.70  4.37  4.15
STD DEV   1.75  1.89  1.92  1.86  1.97  1.84  2.11  2.05  2.19  2.18  1.99  1.96
SKEW      0.48  0.62  0.49  0.74  0.51  0.65  0.74  0.47  0.58  0.63  0.59  0.68
% ENE     1.85  3.37  5.92  3.95  2.97  3.29  2.81  4.38  3.86  3.90  3.41  2.89
MEAN      3.75  3.69  4.07  3.66  3.73  3.43  3.71  4.05  3.97  4.27  3.92  3.87
STD DEV   1.62  1.69  1.78  1.58  1.66  1.44  1.60  1.74  1.80  2.01  1.74  1.67
SKEW      0.34  0.64  0.65  0.47  0.56  0.46  0.61  0.64  0.78  0.94  0.64  0.54
% E       4.54  6.67  6.98  4.38  2.91  2.78  2.65  4.54  4.29  5.18  5.83  5.04
MEAN      3.84  3.63  3.57  3.33  3.16  3.00  3.30  3.59  3.56  3.71  3.75  3.66
STD DEV   1.79  1.59  1.52  1.46  1.40  1.39  1.41  1.58  1.47  1.45  1.63  1.57
SKEW      0.71  0.56  0.53  0.53  0.64  0.96  0.70  0.56  0.44  0.46  0.75  0.51
% ESE     7.17  7.12  5.99  3.95  1.78  2.03  2.23  3.42  4.64  7.44  7.25  7.51
MEAN      4.45  4.06  3.85  3.61  3.36  3.13  3.62  3.82  4.47  4.50  4.44  4.39
STD DEV   1.92  1.81  1.59  1.55  1.52  1.50  1.68  1.79  2.01  1.90  2.03  1.86
SKEW      0.56  0.56  0.66  0.49  0.52  0.81  0.63  0.89  0.59  0.65  0.77  0.54
% SE     15.09 12.46  8.65  7.59  4.13  3.30  3.60  4.61  8.31 12.72 15.62 16.22
MEAN      4.63  4.23  4.10  4.25  3.92  3.73  4.20  4.46  5.03  5.00  5.08  4.98
STD DEV   1.95  1.82  1.76  1.82  1.77  1.77  1.95  2.04  2.22  2.09  2.12  2.05
SKEW      0.52  0.54  0.58  0.45  0.51  0.93  0.66  0.84  0.55  0.54  0.45  0.39
% SSE    19.35 14.54  9.49  9.13  6.82  5.33  5.20  5.78 11.00 14.86 17.76 20.77
MEAN      4.71  4.51  4.45  4.51  4.62  4.36  4.32  4.72  5.24  5.25  5.29  5.09
STD DEV   1.95  1.95  2.02  1.97  2.15  2.10  2.08  2.16  2.18  2.06  2.06  1.98
SKEW      0.42  0.53  0.63  0.46  0.47  0.65  0.63  0.56  0.37  0.37  0.29  0.33
% S      21.60 16.99 10.69 11.74 11.36  8.98  9.63  8.99 12.07 14.50 15.67 18.78
MEAN      4.34  4.18  4.34  4.23  4.68  4.27  4.33  4.62  4.87  5.02  4.84  4.66
STD DEV   1.79  1.78  2.00  1.87  2.25  2.05  2.06  2.18  2.13  2.11  2.02  1.95
SKEW      0.45  0.44  0.58  0.46  0.50  0.54  0.50  0.55  0.46  0.33  0.31  0.34
% SSW     7.98  7.34  3.63  3.97  5.57  5.61  6.21  5.61  4.66  3.94  3.58  5.03
MEAN      3.95  4.00  3.91  4.04  4.51  4.37  4.39  4.52  4.55  4.52  4.26  4.09
STD DEV   1.57  1.70  1.79  1.88  2.07  1.99  1.97  2.08  2.04  2.05  1.80  1.79
SKEW      0.34  0.47  0.54  0.40  0.52  0.45  0.51  0.54  0.49  0.44  0.30  0.49
% SW      3.35  3.29  1.80  2.15  3.16  3.45  3.61  2.96  2.14  1.70  1.17  1.75
MEAN      3.40  3.55  3.42  3.58  3.85  3.78  4.07  4.06  4.19  3.95  3.41  3.38
STD DEV   1.36  1.53  1.57  1.55  1.86  1.82  1.96  1.85  2.11  1.71  1.62  1.47
SKEW      0.38  0.43  0.59  0.43  0.69  0.69  0.57  0.48  0.62  0.22  0.30  0.38
% WSW     1.00  1.21  0.78  1.01  1.65  2.11  1.92  1.77  1.40  1.05  0.59  0.63
MEAN      2.82  3.08  3.04  3.14  3.19  3.31  3.66  3.85  4.21  3.74  2.74  3.47
STD DEV   1.22  1.41  1.56  1.27  1.40  1.39  1.83  1.80  2.46  1.61  1.25  1.30
SKEW      0.29  0.55  0.82  0.49  0.28  0.42  0.74  0.78  1.64  0.77  0.36  0.52
% W       0.63  0.84  0.72  1.08  1.96  2.34  2.01  2.13  1.77  1.01  0.61  0.54
MEAN      2.62  2.98  2.45  2.96  3.20  3.18  3.29  3.78  3.97  3.56  2.96  2.93
STD DEV   1.20  1.49  1.20  1.47  1.69  1.56  1.85  2.16  2.32  1.68  1.44  1.32
SKEW      0.74  1.15  0.62  0.91  0.93  0.69  1.16  1.09  0.99  0.80  0.48  0.37
% WNW     0.27  0.52  0.47  0.85  1.60  1.70  1.91  1.77  1.48  0.84  0.42  0.42
MEAN      2.65  2.88  2.39  2.67  3.45  4.04  4.15  4.27  5.45  4.25  3.20  2.52
STD DEV   1.18  1.52  1.15  1.31  1.96  2.18  2.54  2.39  3.22  2.10  1.62  1.28
SKEW      0.56  0.88  0.59  0.74  1.04  0.50  1.07  0.75  0.44  0.45  0.09  0.79
% NW      0.37  0.84  1.36  2.24  3.32  3.68  3.78  3.51  2.83  1.63  0.91  0.56
MEAN      2.56  2.90  2.60  3.21  3.48  3.95  4.12  4.52  5.09  4.31  3.13  2.92
STD DEV   1.24  1.67  1.24  1.98  1.91  2.30  2.48  2.59  2.85  2.34  1.90  1.60
SKEW      0.71  1.35  0.66  1.53  1.15  1.20  1.06  0.80  0.57  0.80  1.26  1.28
% NNW     0.40  1.25  3.25  5.32  6.40  6.89  6.46  6.08  5.27  2.81  1.87  1.20
MEAN      2.55  3.07  2.87  3.54  3.84  4.56  4.70  4.87  5.45  4.27  3.86  3.33
STD DEV   1.43  1.73  1.51  2.17  2.35  2.75  2.62  2.76  3.11  2.57  2.30  1.73
SKEW      1.06  1.01  1.39  1.55  1.53  0.95  0.75  0.79  0.62  1.23  1.04  0.84
CALM     12.62 16.09 19.94 19.34 18.07 19.90 18.08 14.56 11.93  9.93 11.29 11.57
                                                                                
INTERPOLATED DATA (station & weighting factor)                                  
                                                                                
---Wind Stations---                                                             
SAN ANTONIO   TX     .348  SAN ANTONIO   TX     .348  AUSTIN/BERGS. TX     .304 
