 Australia    Harden (East St)                                                  
 LATT= -34.56 LONG= 148.37 YEARS= 30. TYPE= 3
 ELEVATION = 1411. TP5 = 2.35 TP6= 5.31
 MEAN P    .36   .38   .29   .28   .21   .20   .16   .18   .23   .27   .26   .34
 S DEV P   .51   .48   .39   .40   .31   .24   .20   .21   .29   .34   .28   .40
 SKEW  P  3.32  1.82  2.89  3.00  3.46  2.07  2.24  2.17  2.40  2.23  1.58  1.93
 P(W/W)    .40   .41   .41   .48   .53   .55   .61   .57   .52   .46   .43   .43
 P(W/D)    .14   .12   .12   .12   .16   .20   .22   .27   .23   .24   .18   .11
 TMAX AV 86.87 84.67 79.10 71.19 62.58 55.75 53.91 56.28 62.07 69.35 76.16 82.27
 TMIN AV 62.00 61.24 56.16 49.03 42.97 39.87 37.87 38.20 41.91 47.07 53.01 57.86
 SD TMAX  8.33  8.01  7.22  6.69  5.74  4.80  4.50  5.66  6.78  8.14  8.95  8.38
 SD TMIN  6.64  6.16  6.56  6.40  6.61  6.25  5.96  6.01  6.67  7.15  7.43  6.83
 SOL.RAD  607.  531.  448.  336.  240.  182.  198.  270.  371.  481.  553.  601.
 SD SOL  115.4 112.1  98.2  77.5  61.1  57.3  61.8  78.5  96.5 112.5 125.1 126.9
 MX .5 P   .80   .51   .41   .28   .24   .24   .26   .29   .33   .48   .51   .51
 DEW PT  52.19 53.11 50.09 46.21 43.04 41.11 39.30 39.24 42.29 44.81 47.88 48.91
Time Pk   .200  .310  .400  .480  .560  .650  .720  .780  .840  .900  .960 1.000
% N       0.59  1.93  6.69  8.51 11.36 10.74 10.27  9.38  7.95  5.80  3.78  1.77
MEAN      2.98  3.15  3.82  4.64  5.32  5.13  5.37  5.45  5.79  5.40  4.57  3.81
STD DEV   1.12  1.50  2.26  2.49  2.85  2.96  2.67  2.79  2.86  2.70  2.42  2.01
SKEW      0.50  0.56  1.61  0.60  0.53  0.48  0.49  0.47  0.43  0.55  0.56  0.70
% NNE     0.84  2.83  6.45  7.64 10.25  8.88  9.96  8.91  7.94  6.10  5.13  2.05
MEAN      3.33  3.83  4.40  4.51  5.21  4.96  5.70  5.33  5.65  5.42  4.96  4.07
STD DEV   1.14  1.76  2.06  2.15  2.52  2.30  2.61  2.37  2.50  2.47  2.39  1.77
SKEW      0.38  0.75  0.57  0.79  0.62  0.46  0.49  0.41  0.26  0.42  0.46  0.34
% NE      1.64  3.43  7.54  6.17  6.34  6.28  7.03  7.98  6.36  6.21  4.24  2.99
MEAN      3.22  3.66  3.94  3.93  4.30  4.01  4.40  4.61  4.34  4.50  4.05  4.05
STD DEV   1.47  1.82  1.80  1.75  1.99  1.72  1.94  1.91  2.02  2.14  1.92  1.93
SKEW      0.48  0.81  0.59  0.67  0.57  0.54  0.88  0.46  0.43  0.56  0.58  0.67
% ENE     1.91  4.29  7.34  4.49  3.94  3.54  3.56  5.94  4.96  5.20  4.22  3.09
MEAN      3.50  3.75  4.06  3.77  3.88  3.66  3.99  4.42  4.27  4.52  3.94  3.77
STD DEV   1.67  1.82  1.80  1.68  1.70  1.40  1.67  1.98  1.85  2.16  1.77  1.60
SKEW      0.62  0.77  0.73  0.67  0.51  0.35  0.74  0.62  0.49  0.64  0.56  0.44
% E       5.19  7.33  6.97  4.19  3.27  3.05  3.20  5.09  4.76  5.85  6.06  5.21
MEAN      3.65  3.53  3.48  3.36  3.40  3.22  3.63  3.76  3.67  3.94  3.65  3.98
STD DEV   1.71  1.57  1.52  1.49  1.50  1.46  1.49  1.72  1.52  1.51  1.56  1.71
SKEW      0.81  0.77  0.55  0.57  0.60  0.79  0.76  0.73  0.34  0.46  0.75  0.45
% ESE     8.54  8.67  7.34  4.65  2.31  2.84  2.88  4.41  6.14 10.26 10.12 10.21
MEAN      4.39  4.12  3.92  3.54  3.43  3.28  3.94  3.99  4.44  4.67  4.63  4.62
STD DEV   1.92  1.82  1.72  1.50  1.56  1.48  1.76  1.83  1.95  1.94  2.03  1.94
SKEW      0.66  0.70  0.88  0.48  0.53  0.67  0.71  0.88  0.61  0.58  0.64  0.58
% SE     23.10 17.41 12.64 10.07  5.56  5.55  4.58  7.18 10.98 15.62 21.34 23.02
MEAN      4.68  4.28  4.15  4.19  4.03  3.67  4.31  4.51  4.97  4.89  5.17  5.02
STD DEV   1.94  1.85  1.81  1.78  1.77  1.66  1.95  1.99  2.05  1.99  1.97  1.98
SKEW      0.54  0.66  0.66  0.48  0.44  0.98  0.63  0.88  0.52  0.48  0.29  0.32
% SSE    21.57 15.27  9.80  9.48  7.82  6.30  5.54  6.90 11.37 12.90 16.97 21.58
MEAN      4.55  4.29  4.20  4.46  4.35  4.06  4.27  4.60  4.96  4.97  5.13  4.93
STD DEV   1.81  1.74  1.80  1.92  1.94  1.81  2.01  2.13  1.99  1.96  1.93  1.86
SKEW      0.42  0.56  0.61  0.38  0.36  0.52  0.50  0.62  0.40  0.41  0.28  0.33
% S      14.01 10.98  7.24  8.98  8.54  7.13  6.65  6.94  8.39  8.09  9.07 11.94
MEAN      4.04  3.79  3.89  3.83  4.17  3.82  3.94  4.11  4.40  4.45  4.39  4.35
STD DEV   1.59  1.54  1.76  1.59  1.98  1.77  2.01  1.91  1.89  1.88  1.87  1.80
SKEW      0.58  0.46  0.67  0.41  0.69  0.45  0.62  0.53  0.59  0.23  0.30  0.53
% SSW     4.32  4.51  2.22  3.40  4.50  4.68  4.90  3.80  3.54  2.92  2.41  2.78
MEAN      3.34  3.53  3.70  3.58  3.85  3.73  3.93  3.77  3.89  4.11  3.84  3.75
STD DEV   1.34  1.51  1.32  1.58  1.71  1.60  1.69  1.69  1.63  1.87  1.60  1.51
SKEW      0.36  0.37  0.46  0.52  0.62  0.40  0.53  0.63  0.52  0.40  0.25  0.44
% SW      1.68  2.10  1.15  1.80  3.09  3.37  3.63  2.58  1.69  1.69  0.90  0.99
MEAN      2.87  3.30  3.07  3.19  3.53  3.47  3.85  3.89  3.52  3.96  3.27  3.09
STD DEV   0.86  1.03  1.14  1.26  1.63  1.51  1.82  1.82  1.55  1.84  1.40  1.09
SKEW      0.29  0.32  0.49  0.19  0.50  0.51  0.51  0.36  0.65  0.36  0.16  0.25
% WSW     0.62  0.96  0.71  0.92  1.62  2.21  2.03  1.64  1.21  1.32  0.63  0.33
MEAN      2.98  3.71  3.02  3.07  2.97  3.52  3.59  4.20  4.23  4.10  3.08  3.32
STD DEV   0.74  1.00  1.24  1.38  1.36  1.30  1.64  1.85  2.21  1.52  1.40  0.61
SKEW      0.18  0.48  0.62  0.62  0.45  0.56  0.54  0.60  1.42  0.31  0.09  0.10
% W       0.42  0.62  0.44  0.88  1.75  2.26  2.08  1.75  1.66  1.18  0.49  0.40
MEAN      2.16  5.40  1.87  2.89  3.15  3.34  3.65  4.22  4.68  4.05  2.95  2.64
STD DEV   0.82  1.13  0.90  1.20  1.47  1.51  2.08  2.29  2.26  1.83  1.40  0.98
SKEW      0.47  0.94  0.38 -0.07  1.01  0.26  1.29  0.74  0.51  0.67  0.25  0.27
% WNW     0.18  0.41  0.34  1.05  1.35  1.25  1.95  2.11  1.71  1.37  0.62  0.42
MEAN      2.10  2.14  1.84  2.74  3.19  3.71  4.85  4.53  5.75  4.92  3.37  2.71
STD DEV   0.90  1.06  0.86  1.16  1.48  1.48  2.69  2.50  3.25  2.11  1.64  1.02
SKEW      0.51  0.62  0.48  0.47  0.53  0.34  0.89  0.76  0.33  0.42 -0.02  0.53
% NW      0.24  0.87  1.21  2.69  3.72  3.53  4.67  3.89  2.56  1.84  1.02  0.58
MEAN      1.83  2.66  2.52  3.02  3.45  3.56  4.19  4.34  4.60  4.00  3.63  3.30
STD DEV   0.78  1.44  1.03  1.76  1.89  2.17  2.49  2.65  2.88  2.24  2.29  1.69
SKEW      0.36  0.96  0.55  1.56  1.22  1.51  1.16  1.05  0.82  0.86  1.41  1.34
% NNW     0.32  1.20  3.29  5.62  7.83  7.81  7.84  7.00  5.81  3.47  2.02  1.66
MEAN      1.86  2.76  3.07  3.67  4.02  4.31  4.49  4.85  5.11  4.32  3.51  3.11
STD DEV   1.13  1.41  1.65  2.10  2.22  2.60  2.50  2.61  3.10  2.52  2.21  1.59
SKEW      1.09  1.23  1.18  1.64  1.63  0.96  0.91  0.75  0.83  1.20  1.10  0.81
CALM     14.88 17.15 18.58 19.51 16.77 20.59 19.24 14.43 12.89 10.12 10.82 11.05
                                                                                
INTERPOLATED DATA (station & weighting factor)                                  
                                                                                
---Wind Stations---                                                             
SAN ANTONIO   TX     .380  SAN ANTONIO   TX     .380  HONDO         TX     .240 
