 Australia    Gray (Craigie-Lea)                                                
 LATT= -41.62 LONG= 148.22 YEARS= 30. TYPE= 3
 ELEVATION = 1050. TP5 = 2.01 TP6= 4.81
 MEAN P    .36   .40   .43   .51   .51   .38   .35   .38   .31   .34   .42   .43
 S DEV P   .69   .72   .72   .99  1.17   .69   .74   .70   .54   .58   .97   .96
 SKEW  P  6.17  3.56  3.84  4.16  4.81  3.90  5.21  3.62  6.31  3.86  7.21  5.80
 P(W/W)    .49   .48   .52   .51   .52   .53   .54   .54   .48   .44   .54   .52
 P(W/D)    .23   .22   .26   .24   .23   .27   .26   .28   .29   .27   .27   .26
 TMAX AV 68.64 67.50 65.29 60.04 55.19 51.02 50.11 51.46 54.65 58.44 62.00 65.58
 TMIN AV 51.67 52.00 49.96 46.11 42.84 39.94 39.07 39.29 41.00 43.37 46.36 49.18
 SD TMAX  6.83  6.03  5.78  4.93  3.95  3.47  3.11  3.66  4.40  5.23  6.23  6.07
 SD TMIN  5.20  5.10  5.33  5.24  5.27  4.71  4.48  4.61  4.82  5.17  5.14  5.11
 SOL.RAD  522.  444.  356.  241.  164.  125.  141.  211.  310.  411.  483.  531.
 SD SOL  121.7 108.5  90.0  66.3  49.0  39.2  44.9  61.5  84.0 105.4 121.7 122.3
 MX .5 P   .91   .70   .62   .58   .63   .43   .39   .45   .25   .40   .94   .86
 DEW PT  49.57 50.55 48.57 45.34 42.37 39.96 38.87 38.51 39.88 41.73 44.91 46.81
Time Pk   .070  .150  .240  .320  .400  .510  .600  .690  .780  .860  .940 1.000
% N       5.09  5.94  3.75  3.95  3.38  2.48  4.37  4.64  4.44  4.08  4.78  3.86
MEAN      3.38  3.43  3.94  4.44  4.69  4.80  4.51  4.56  4.42  4.54  4.14  3.52
STD DEV   1.66  1.64  1.94  2.09  2.16  2.09  2.01  2.01  2.11  2.01  1.87  1.65
SKEW      0.67  0.59  0.42  0.53  0.34  0.28  0.20  0.40  0.97  0.31  0.44  0.62
% NNE     3.15  4.00  2.67  3.87  2.37  1.86  3.68  3.84  3.65  3.80  5.20  2.50
MEAN      3.47  3.60  4.15  4.37  4.63  4.80  4.48  4.90  4.75  4.83  4.30  3.61
STD DEV   1.43  1.57  1.75  1.93  2.16  2.17  1.58  2.10  1.93  2.26  1.77  1.69
SKEW      0.19  0.34  0.40  0.43  0.46  0.30  0.01  0.34  0.31  0.65  0.35  0.81
% NE      3.88  4.09  3.42  3.51  1.79  1.72  3.01  2.82  3.18  3.26  4.61  2.73
MEAN      3.13  3.15  3.59  3.59  3.55  4.06  4.10  4.09  4.11  4.29  4.22  3.25
STD DEV   1.43  1.55  1.60  1.71  1.40  1.90  1.73  2.06  1.89  2.06  2.08  1.45
SKEW      0.64  0.76  0.48  0.63  0.41  0.68  0.24  0.53  0.27  0.48  0.91  0.53
% ENE     3.41  3.88  3.95  3.58  2.01  2.50  3.54  4.89  5.73  4.88  5.14  3.17
MEAN      3.46  3.47  3.95  3.82  4.33  4.45  4.32  5.30  5.78  4.79  4.43  3.69
STD DEV   1.60  1.52  1.56  1.71  1.91  2.00  1.68  2.25  2.26  2.04  1.90  1.53
SKEW      0.51  0.25  0.22  0.37  0.47  0.46  0.45  0.51 -0.02  0.38  0.60  0.60
% E       3.26  3.20  3.57  2.78  1.87  3.03  2.98  3.94  5.83  5.19  5.23  4.03
MEAN      3.04  3.01  3.81  3.30  3.74  4.59  4.03  4.89  5.62  5.06  4.08  3.62
STD DEV   1.36  1.30  1.74  1.67  1.54  2.03  2.02  2.19  2.53  2.31  1.81  1.71
SKEW      0.41  0.47  0.49  0.63  0.73  0.18  0.51  0.22  0.23  0.35  0.48  0.49
% ESE     3.50  3.25  3.31  3.42  2.34  4.45  5.29  5.15  6.31  6.82  4.89  4.43
MEAN      3.27  3.17  3.55  3.69  3.76  5.08  4.55  5.00  5.53  5.34  4.46  3.84
STD DEV   1.36  1.35  1.51  1.72  1.59  1.93  1.84  2.00  2.18  2.17  1.70  1.58
SKEW      0.52  0.62  0.45  0.51  0.52  0.44  0.40  0.33  0.44  0.34  0.20  0.35
% SE      4.27  5.58  5.15  5.33  3.22  3.95  4.62  4.63  4.28  4.86  4.63  4.63
MEAN      2.79  2.70  3.13  3.19  3.75  3.85  4.05  4.28  4.37  4.53  3.76  3.22
STD DEV   1.22  1.08  1.37  1.53  1.64  1.70  1.85  1.89  1.94  1.91  1.60  1.36
SKEW      0.89  0.91  0.61  0.98  0.64  0.48  0.51  0.24  0.49  0.29  0.31  0.66
% SSE     4.82  4.93  6.21  5.82  6.60  6.25  6.10  5.75  5.80  5.66  4.66  6.73
MEAN      3.22  2.94  3.28  3.62  4.52  4.45  4.51  4.99  4.83  5.03  4.07  3.71
STD DEV   1.42  1.25  1.38  1.58  1.95  1.63  1.85  2.08  1.94  2.01  1.69  1.40
SKEW      0.56  0.64  0.54  0.70  0.61  0.38  0.45  0.28  0.25  0.25  0.43  0.43
% S       6.44  6.27  8.19  7.26  7.82  6.70  6.04  4.75  4.45  4.46  5.75  7.89
MEAN      3.33  2.89  3.66  3.96  4.79  4.94  4.70  4.98  5.06  4.84  4.32  3.80
STD DEV   1.45  1.24  1.77  1.81  2.30  2.37  1.96  2.20  2.24  2.09  2.01  1.60
SKEW      0.71  0.93  0.58  0.78  0.70  0.78  0.20  0.38  0.34  0.47  0.51  0.70
% SSW     9.80  7.69 10.04 10.95 13.43 11.97  9.75  8.20  5.42  6.74  6.55 11.41
MEAN      4.16  3.63  4.27  4.75  5.47  5.48  5.59  5.56  6.00  5.57  5.03  4.48
STD DEV   1.85  1.68  1.82  2.09  2.36  2.12  2.30  2.22  2.39  2.25  2.23  1.79
SKEW      0.63  0.70  0.53  0.67  0.68  0.55  0.31  0.26  0.04  0.47  0.56  0.37
% SW     10.66  9.86 10.61 10.83 11.00 12.85  8.27  8.40  6.18  7.93  8.09 10.15
MEAN      3.94  3.69  4.05  4.39  4.86  5.16  5.08  5.34  5.72  5.15  4.65  4.55
STD DEV   1.75  1.70  1.87  2.08  2.42  2.23  2.13  2.43  2.95  2.31  2.23  2.02
SKEW      0.50  0.56  0.62  0.56  1.31  0.33  0.44  0.39  0.65  0.28  0.79  0.39
% WSW     8.70  6.93  8.11  9.39 13.87 15.73 12.00 11.40 10.54  9.69  8.62  8.11
MEAN      4.24  3.87  4.05  4.58  5.66  5.62  5.89  5.84  6.44  6.03  5.20  4.77
STD DEV   1.83  1.80  1.90  2.07  2.55  2.30  2.55  2.73  3.13  2.74  2.41  2.14
SKEW      0.44  0.50  0.70  0.64  0.69  0.56  0.57  0.64  0.58  0.63  0.59  0.39
% W       5.41  5.53  5.87  5.39  8.50  9.51  9.15  8.83  7.88  7.57  6.12  5.39
MEAN      3.99  3.82  4.49  4.54  5.20  5.42  5.87  5.44  6.23  5.81  5.24  4.26
STD DEV   1.93  1.96  2.15  2.08  2.42  2.24  2.52  2.49  2.74  2.71  2.36  2.04
SKEW      0.38  0.67  0.59  0.38  0.33  0.56  0.30  0.50  0.31  0.49  0.36  0.57
% WNW     5.47  4.98  6.99  5.76  8.26  7.35  8.74  8.84  9.45  9.18  7.49  6.56
MEAN      4.54  4.43  4.98  5.56  5.66  5.80  6.20  6.05  6.32  6.32  5.43  4.86
STD DEV   2.08  2.06  2.13  2.38  2.58  2.39  2.41  2.69  2.65  2.51  2.36  2.22
SKEW      0.63  0.56  0.38  0.40  0.50  0.45  0.21  0.42  0.33  0.22  0.40  0.52
% NW      6.50  6.61  5.55  5.80  5.48  3.82  4.99  5.36  7.48  6.89  6.93  6.40
MEAN      3.93  3.95  4.50  4.69  5.12  4.91  5.56  5.26  5.69  5.77  4.75  4.46
STD DEV   1.96  1.98  2.04  2.27  2.74  1.99  2.37  2.41  2.50  2.42  2.19  2.13
SKEW      0.57  0.67  0.52  0.46  0.91  0.20  0.21  0.54  0.12  0.12  0.43  0.68
% NNW     5.78  5.86  5.40  5.30  5.58  3.04  5.51  6.14  7.27  6.33  5.77  5.76
MEAN      4.17  3.76  4.55  4.92  5.23  5.18  5.59  5.39  5.81  5.53  4.79  4.32
STD DEV   1.96  1.79  1.95  2.15  2.51  2.16  2.43  2.21  2.41  2.31  2.19  1.96
SKEW      0.52  0.81  0.35  0.25  0.90  0.06  0.51  0.49  0.39  0.15  0.52  0.45
CALM      9.82 11.42  7.29  7.10  2.47  2.74  1.85  2.36  2.11  2.66  5.50  6.26
                                                                                
INTERPOLATED DATA (station & weighting factor)                                  
                                                                                
---Wind Stations---                                                             
GOSHEN        IN     .364  FT. WAYNE     IN     .340  JACKSON       MI     .296 
