 Brazil    Mucuri                                                               
 LATT= -17.60 LONG= -41.49 YEARS= 30. TYPE= 4
 ELEVATION =    0. TP5 = 3.34 TP6= 8.71
 MEAN P    .52   .35   .40   .27   .19   .14   .15   .15   .21   .38   .51   .45
 S DEV P   .60   .50   .44   .38   .28   .14   .18   .17   .30   .59   .64   .53
 SKEW  P  2.06  3.45  1.71  2.70  4.62  2.25  2.71  2.03  2.82  3.77  2.53  2.18
 P(W/W)    .69   .69   .64   .54   .45   .52   .56   .49   .49   .61   .70   .71
 P(W/D)    .19   .17   .22   .21   .18   .14   .16   .12   .15   .21   .29   .28
 TMAX AV 86.18 87.11 85.61 82.77 79.40 77.26 76.53 78.06 81.27 83.50 82.75 84.33
 TMIN AV 67.92 68.09 68.00 66.23 62.94 60.50 58.95 59.14 61.65 64.73 66.48 67.61
 SD TMAX  4.42  4.69  4.55  4.40  4.77  4.55  4.75  5.02  5.99  6.54  6.33  5.06
 SD TMIN  2.11  2.01  1.93  2.46  3.14  3.01  3.41  3.28  3.39  3.19  2.73  2.17
 SOL.RAD  502.  506.  449.  393.  334.  314.  328.  386.  426.  447.  416.  454.
 SD SOL  122.9 106.3  96.3  84.0  77.7  69.7  77.0  83.6 107.2 126.6 128.2 131.2
 MX .5 P  1.29   .92   .99   .72   .58   .48   .48   .53   .61   .91  1.31  1.26
 DEW PT  66.97 66.79 67.53 66.44 63.27 60.99 59.41 59.10 60.40 62.95 65.98 67.54
Time Pk   .270  .390  .480  .560  .630  .710  .770  .810  .860  .900  .950 1.000
% N       2.50  3.64  4.54  9.56 11.95 11.69 10.38  9.91  7.23  5.64  4.21  3.10
MEAN      2.93  3.06  3.36  3.99  4.73  4.78  4.81  4.67  4.69  4.72  3.46  3.14
STD DEV   1.23  1.40  1.73  1.64  1.87  1.97  1.89  1.88  1.87  2.00  1.46  1.36
SKEW      0.80  1.22  1.71  0.63  0.45  0.52  0.37  0.45  0.60  0.72  0.60  0.75
% NNE     2.04  2.88  3.74  7.96  8.75  7.61  6.84  6.07  4.23  3.57  3.14  2.40
MEAN      2.82  3.13  3.59  4.39  4.55  4.58  4.54  4.45  4.56  4.46  3.73  3.20
STD DEV   1.16  1.41  1.93  1.95  1.85  1.94  1.92  1.85  1.98  1.86  1.71  1.38
SKEW      0.81  1.03  2.02  0.65  0.49  0.41  0.65  0.41  0.62  0.49  0.56  0.72
% NE      3.47  5.32  7.21 14.25 13.43 11.22  9.14  6.98  5.13  5.20  4.71  3.65
MEAN      2.92  3.26  3.93  4.93  4.71  4.62  4.43  4.65  4.57  5.00  4.33  3.57
STD DEV   1.17  1.46  1.85  2.13  1.95  2.00  1.99  2.10  2.24  2.27  1.82  1.90
SKEW      0.63  0.87  0.98  0.49  0.41  0.49  0.62  0.50  0.59  0.47  0.39  1.07
% ENE     5.85  7.28 10.76 15.91 12.54 10.34  9.12  6.63  6.11  7.98  7.28  5.82
MEAN      3.38  3.68  4.20  5.06  4.86  4.48  4.56  4.53  4.91  5.37  4.80  4.07
STD DEV   1.43  1.54  1.95  2.05  1.97  1.92  1.94  1.97  2.10  2.09  1.98  1.80
SKEW      0.75  0.68  1.47  0.49  0.42  0.62  0.63  0.55  0.51  0.23  0.33  0.67
% E      18.08 17.82 18.29 14.65 13.22 13.62 13.28 10.80 12.55 18.53 18.48 15.15
MEAN      4.00  3.92  4.25  4.46  4.59  4.48  4.44  4.62  4.94  5.24  4.88  4.28
STD DEV   1.57  1.60  1.81  1.92  1.86  1.87  1.79  1.96  2.02  1.96  1.89  1.83
SKEW      0.64  0.68  1.01  0.64  0.48  0.50  0.49  0.57  0.40  0.36  0.32  0.63
% ESE    17.13 13.16 11.31  6.25  5.64  7.18  9.07  8.20 10.94 12.45 13.35 12.65
MEAN      4.14  4.04  4.29  4.22  4.21  4.61  4.56  4.84  4.89  5.00  4.58  4.07
STD DEV   1.59  1.59  1.71  1.72  1.65  1.86  1.81  2.08  1.91  1.92  1.81  1.69
SKEW      0.53  0.61  0.76  0.65  0.30  0.38  0.25  0.43  0.32  0.27  0.45  0.77
% SE     11.89  9.43  6.67  3.75  3.28  4.95  5.64  7.41  8.98  8.47  8.63 10.21
MEAN      3.86  3.84  3.97  3.79  4.01  4.44  4.54  4.62  4.91  4.70  4.20  3.78
STD DEV   1.52  1.58  1.72  1.61  1.59  1.84  1.76  2.01  1.91  1.84  1.80  1.69
SKEW      0.57  0.49  0.71  0.64  0.28  0.34  0.26  0.49  0.30  0.47  0.65  1.13
% SSE     5.95  5.44  3.88  2.47  2.10  2.75  2.98  4.54  5.77  4.59  4.47  6.06
MEAN      3.52  3.55  3.74  3.78  3.92  4.14  4.33  4.43  4.82  4.73  3.68  3.69
STD DEV   1.45  1.63  1.62  1.69  1.79  1.87  1.94  1.95  2.29  2.36  1.61  1.73
SKEW      0.67  0.91  0.80  0.60  0.61  0.50  0.51  0.41  0.76  0.82  0.61  1.02
% S       5.32  5.09  4.33  2.50  2.43  3.50  4.64  6.16  6.64  4.62  4.70  6.24
MEAN      3.53  3.45  3.94  4.10  3.97  4.38  4.53  5.00  4.88  4.74  3.92  3.76
STD DEV   1.58  1.60  1.91  2.10  1.77  2.00  2.07  2.31  2.30  2.23  1.85  1.89
SKEW      0.77  0.87  0.88  0.82  0.49  0.61  0.66  0.56  0.55  0.53  0.77  1.01
% SSW     2.89  3.22  2.98  1.49  1.89  2.24  2.45  3.87  4.65  2.88  2.97  4.06
MEAN      4.00  4.02  4.56  4.38  4.32  4.36  4.40  5.17  5.33  4.85  4.27  4.21
STD DEV   1.81  1.90  2.16  2.01  1.96  1.97  1.88  2.28  2.24  2.30  1.85  2.05
SKEW      0.71  0.90  0.56  0.53  0.45  0.28  0.33  0.22  0.42  0.43  0.30  0.70
% SW      2.95  3.15  3.16  1.89  1.87  2.31  2.34  2.99  4.14  3.49  3.47  4.22
MEAN      3.78  3.84  4.34  4.29  3.96  4.10  4.38  4.78  4.77  4.88  4.28  3.93
STD DEV   1.65  1.84  2.20  2.06  1.77  1.91  2.04  2.31  2.13  2.17  1.93  1.89
SKEW      0.50  0.73  0.78  0.45  0.47  0.59  0.53  0.50  0.26  0.30  0.62  0.75
% WSW     2.18  2.30  2.47  1.36  1.32  1.58  1.71  2.24  2.76  2.41  3.73  3.74
MEAN      3.58  3.80  4.03  3.87  3.74  3.93  3.64  4.46  4.79  4.67  4.38  3.92
STD DEV   1.48  1.74  1.94  1.78  1.66  1.67  1.57  2.04  2.09  2.10  1.75  1.65
SKEW      0.30  0.89  0.82  0.48  0.69  0.35  0.37  0.49  0.31  0.67  0.36  0.44
% W       2.53  2.80  3.17  2.23  2.23  1.86  3.00  3.33  3.72  4.08  4.33  4.21
MEAN      3.50  3.57  4.13  3.72  3.84  3.69  4.03  4.63  4.72  4.57  4.28  3.72
STD DEV   1.58  1.55  2.41  1.85  1.82  1.76  1.98  2.26  2.23  2.06  1.83  1.60
SKEW      0.49  0.54  0.83  0.77  0.56  0.73  0.64  0.79  0.52  0.52  0.47  0.54
% WNW     1.58  1.77  2.18  1.68  1.97  1.98  2.39  3.59  3.37  3.56  3.17  2.72
MEAN      3.54  3.64  3.54  3.61  4.10  4.22  4.82  5.13  5.08  4.63  3.85  3.49
STD DEV   1.51  1.65  1.91  1.63  1.91  2.10  2.23  2.64  2.36  1.89  1.64  1.52
SKEW      0.43  0.51  1.22  0.65  0.65  0.78  0.37  0.73  0.63  0.48  0.58  0.63
% NW      1.34  1.98  2.29  2.29  3.10  3.28  3.41  4.37  3.57  3.28  2.95  2.31
MEAN      3.13  3.33  3.17  3.75  4.54  4.83  4.97  5.00  5.01  4.25  3.53  3.14
STD DEV   1.28  1.46  2.02  1.68  2.10  2.17  2.34  2.38  2.20  1.82  1.60  1.28
SKEW      0.37  0.62  1.84  0.80  0.59  0.61  0.41  0.68  0.36  0.38  0.69  0.46
% NNW     1.47  1.97  2.26  3.87  5.81  5.27  5.59  5.54  4.45  3.63  2.54  2.07
MEAN      2.99  2.99  3.34  4.04  5.00  5.02  5.10  5.06  4.85  4.54  3.46  3.03
STD DEV   1.19  1.38  1.75  1.65  2.11  2.07  2.06  2.15  2.05  1.93  1.43  1.24
SKEW      0.40  0.90  1.57  0.57  0.34  0.33  0.42  0.53  0.39  0.73  0.76  0.53
CALM     12.89 12.71 10.67  7.76  8.44  8.67  8.01  7.44  5.69  5.68  7.74 11.36
                                                                                
INTERPOLATED DATA (station & weighting factor)                                  
                                                                                
---Wind Stations---                                                             
FT. MYERS     FL     .379  HOMESTEAD     FL     .372  KEY WEST      FL     .249 
