 Brazil    Lagoa Grande (Mmv)                                                   
 LATT= -20.18 LONG= -43.94 YEARS= 30. TYPE= 3
 ELEVATION = 4429. TP5 = 2.34 TP6= 4.63
 MEAN P    .71   .70   .56   .48   .40   .33   .37   .37   .47   .46   .65   .68
 S DEV P   .76   .92   .61   .51   .43   .33   .42   .37   .46   .44   .60   .70
 SKEW  P  2.48  3.28  2.01  2.00  2.26  1.40  1.49  1.80  1.56  1.44  1.31  2.80
 P(W/W)    .75   .62   .61   .41   .27   .23   .25   .28   .35   .49   .66   .74
 P(W/D)    .31   .27   .27   .16   .11   .06   .05   .05   .14   .25   .33   .41
 TMAX AV 80.89 82.02 80.78 79.55 76.07 74.76 75.10 77.69 79.84 81.12 79.30 79.74
 TMIN AV 65.23 64.93 64.24 61.64 56.78 53.97 52.98 54.65 58.61 62.48 63.85 64.95
 SD TMAX  4.56  3.87  3.62  3.47  3.67  3.52  4.04  4.57  5.53  5.71  5.43  4.50
 SD TMIN  1.85  1.88  2.20  3.30  3.95  3.66  4.02  3.86  3.96  3.43  2.96  1.99
 SOL.RAD  467.  485.  434.  405.  360.  343.  365.  432.  466.  476.  435.  448.
 SD SOL  138.1 119.7 111.0  82.9  71.8  60.2  68.0  75.4 111.7 128.5 125.5 131.3
 MX .5 P  1.43  1.22  1.03   .62   .38   .28   .22   .28   .49   .76  1.10  1.23
 DEW PT  64.40 64.01 64.26 61.93 57.31 54.58 52.58 52.61 55.53 59.31 62.62 64.69
Time Pk   .070  .170  .250  .340  .430  .520  .610  .690  .770  .850  .940 1.000
% N       1.53  1.66  2.31  2.77  4.25  3.81  3.69  4.15  2.86  3.10  3.04  1.58
MEAN      3.37  3.28  3.16  3.05  3.62  3.61  3.20  3.63  3.75  3.78  4.16  3.84
STD DEV   1.69  1.61  1.76  1.59  2.03  2.12  1.91  2.04  1.73  1.80  2.39  2.07
SKEW      0.42  0.32  0.90  0.56  0.99  0.94  1.59  0.85  0.73  0.39  0.70  0.67
% NNE     3.27  3.20  3.62  5.57  6.20  4.65  3.83  5.69  3.58  4.55  5.91  3.01
MEAN      4.12  3.40  4.68  4.87  4.95  4.64  3.72  4.77  4.56  5.56  5.55  4.24
STD DEV   2.39  1.62  2.88  3.34  3.28  3.17  2.31  3.12  3.06  3.94  3.24  2.40
SKEW      0.82  0.60  0.68  1.08  1.04  1.01  1.54  0.74  1.31  1.67  0.76  1.05
% NE      6.53  6.98 11.70 12.85 12.95 11.16 10.41  8.49  8.31  7.55  6.76  3.91
MEAN      4.26  3.71  4.94  4.85  5.34  4.80  5.44  5.16  5.61  5.62  5.40  4.81
STD DEV   2.31  2.00  2.91  3.06  3.68  3.04  3.46  3.93  3.55  3.66  3.45  2.71
SKEW      0.84  0.80  0.77  0.78  1.15  0.74  0.68  1.41  0.70  0.69  0.67  0.65
% ENE    10.27 11.44 14.29 12.81 10.32  8.59  9.39 10.14  8.02 12.02 10.25  7.00
MEAN      4.72  4.31  4.86  5.04  4.74  4.56  4.98  5.14  6.03  6.66  6.14  5.32
STD DEV   2.18  1.96  2.40  2.60  3.04  2.81  2.79  2.70  3.02  3.08  3.17  2.69
SKEW      0.56  0.77  0.78  0.79  1.22  0.97  0.83  0.58  0.34  0.33  0.68  0.74
% E      13.52 14.22 13.98 11.42  6.68  6.07  6.59  7.18  7.17  8.15  8.25 10.69
MEAN      4.35  4.37  4.28  3.87  3.12  2.63  3.18  3.61  4.38  4.82  4.75  5.00
STD DEV   1.99  1.95  1.96  1.77  1.35  1.21  1.55  1.84  2.14  2.45  2.57  2.46
SKEW      0.66  0.51  0.80  0.74  0.28  0.57  1.14  1.04  0.58  0.60  0.56  0.54
% ESE    18.68 18.26 14.86  9.36  4.46  3.97  4.87  4.75  6.01  8.35 11.44 18.82
MEAN      5.21  4.84  4.64  4.32  3.21  2.76  3.36  4.02  4.65  5.49  5.98  5.89
STD DEV   2.23  2.05  1.90  2.06  1.45  1.27  1.39  2.15  2.12  2.55  2.55  2.52
SKEW      0.52  0.50  0.56  0.82  0.69  0.69  0.52  0.83  0.47  0.25  0.21  0.30
% SE     11.22 10.43  8.99  7.62  5.78  5.55  5.61  5.79  6.49  6.56  7.48 11.27
MEAN      3.82  3.51  3.59  3.27  2.96  2.67  2.92  2.94  3.32  3.88  4.30  4.06
STD DEV   1.74  1.60  1.54  1.50  1.27  1.22  1.21  1.37  1.58  2.19  1.88  1.91
SKEW      0.65  0.72  0.47  0.43  0.30  0.61  0.65  0.95  0.42  0.89  0.34  0.45
% SSE    11.47  9.06  6.73  6.47  5.44  5.08  4.60  4.96  5.32  5.96  7.01 12.32
MEAN      4.39  4.00  3.97  4.11  3.60  3.58  3.59  3.80  4.99  5.44  5.38  5.03
STD DEV   1.87  1.76  1.80  2.01  1.74  1.69  1.58  1.67  2.68  2.56  2.59  2.08
SKEW      0.51  0.60  0.71  0.64  0.65  0.65  0.62  0.48  0.56  0.37  0.45  0.49
% S       7.51  7.27  6.73  7.48  6.34  7.16  6.73  5.25  5.59  5.03  6.32  9.53
MEAN      4.01  3.76  3.98  4.20  3.87  3.79  4.05  4.18  5.07  5.14  4.76  4.75
STD DEV   1.74  1.71  1.96  2.29  2.00  2.03  2.10  2.07  2.41  2.54  2.39  2.25
SKEW      0.34  0.71  0.74  0.78  0.58  0.78  0.61  0.67  0.43  0.46  0.65  0.42
% SSW     4.95  4.98  4.17  6.05  6.35  7.58  9.12  7.60  7.01  6.13  6.57  5.66
MEAN      4.13  3.75  3.71  4.36  4.47  4.85  5.09  5.14  5.63  5.61  5.16  4.17
STD DEV   1.84  1.57  1.77  2.00  2.09  2.50  2.22  2.23  2.88  2.77  2.22  1.88
SKEW      0.40  0.56  0.69  0.55  0.47  0.54  0.65  0.21  0.70  0.59  0.44  0.56
% SW      2.09  2.26  2.05  3.49  4.29  5.37  6.18  4.80  5.27  3.42  4.05  2.37
MEAN      3.10  3.22  2.84  3.39  3.63  4.16  4.39  3.99  5.31  4.62  4.46  3.50
STD DEV   1.40  1.43  1.26  1.69  1.90  2.42  2.43  2.23  2.76  2.61  2.56  1.89
SKEW      0.55  0.35  0.26  0.69  0.91  1.06  0.75  1.08  0.57  0.96  0.93  0.66
% WSW     1.48  1.65  1.40  1.95  4.24  4.82  4.74  4.86  6.31  4.37  4.43  2.40
MEAN      3.82  3.59  3.24  3.63  4.62  4.57  5.44  5.00  6.00  5.63  5.41  4.09
STD DEV   1.41  1.69  1.28  1.69  2.51  2.28  2.69  2.61  2.85  2.85  2.37  1.82
SKEW      0.37  0.44  0.40  0.63  1.12  0.44  0.63  0.57  0.28  0.44  0.26  0.42
% W       1.34  1.48  1.50  2.72  5.28  6.39  6.44  6.08  7.10  5.13  3.81  2.35
MEAN      2.92  3.23  3.23  3.74  5.53  5.81  5.80  5.88  7.43  6.39  5.51  4.62
STD DEV   1.34  1.34  1.67  2.02  3.13  3.20  2.87  3.11  3.46  3.62  2.77  2.28
SKEW      0.21  0.05  0.68  0.56  0.67  0.67  0.33  0.92  0.41  0.60  0.43  0.35
% WNW     1.41  1.83  1.80  2.46  6.14  8.27  6.94  8.35 11.53  9.08  5.91  2.76
MEAN      3.71  3.75  3.51  4.57  6.07  6.26  5.69  6.47  7.40  6.87  5.81  4.59
STD DEV   1.75  1.96  1.70  2.29  2.95  3.37  2.69  3.28  3.59  3.74  2.74  2.06
SKEW      0.42  0.50  0.56  0.57  0.40  0.87  0.41  0.62  0.61  1.20  0.54  0.33
% NW      0.70  0.95  1.21  1.70  2.97  3.66  3.39  4.49  3.34  3.01  2.35  0.90
MEAN      2.26  2.91  3.55  3.25  4.19  3.70  3.94  4.08  4.44  4.53  3.97  3.36
STD DEV   0.95  1.63  2.01  1.82  2.47  1.95  1.94  2.45  2.29  2.05  1.96  1.65
SKEW      0.54  0.92  0.55  0.79  0.94  0.66  0.68  1.06  0.65  0.38  0.70  0.33
% NNW     1.71  1.67  1.90  2.13  4.00  3.78  3.52  3.92  3.68  4.39  3.63  2.01
MEAN      3.12  3.31  3.10  3.49  4.00  3.67  3.99  4.45  4.10  4.23  4.36  3.93
STD DEV   1.71  1.72  1.57  1.73  1.92  1.80  2.01  2.55  1.82  1.95  2.09  2.19
SKEW      0.84  0.70  0.98  0.84  0.62  0.57  0.99  0.99  0.51  0.51  0.74  0.78
CALM      2.18  2.58  2.60  3.15  4.04  4.18  3.95  3.58  2.53  2.89  2.68  3.32
                                                                                
INTERPOLATED DATA (station & weighting factor)                                  
                                                                                
---Wind Stations---                                                             
MARFA         TX     .818  WINK          TX     .117  DEL RIO       TX     .065 
