 Brazil    Barra Do Funchal                                                     
 LATT= -19.39 LONG= -45.88 YEARS= 30. TYPE= 3
 ELEVATION = 2362. TP5 = 2.02 TP6= 4.44
 MEAN P    .60   .61   .52   .45   .32   .35   .31   .29   .36   .51   .58   .57
 S DEV P   .60   .67   .58   .49   .36   .56   .37   .30   .41   .57   .59   .60
 SKEW  P  1.80  1.84  2.17  1.68  2.56  3.68  1.54  1.93  2.42  2.03  1.93  1.90
 P(W/W)    .78   .70   .64   .47   .44   .36   .40   .34   .49   .50   .69   .76
 P(W/D)    .31   .28   .27   .18   .11   .04   .04   .05   .13   .24   .33   .47
 TMAX AV 80.74 81.50 80.34 79.52 76.24 75.07 75.63 78.84 81.65 82.37 79.75 80.12
 TMIN AV 66.01 65.82 65.18 63.33 59.00 56.73 55.81 57.53 60.75 63.97 64.64 65.63
 SD TMAX  4.48  4.03  3.81  3.48  3.73  3.47  4.28  4.68  5.43  5.64  5.12  4.35
 SD TMIN  1.75  1.94  1.87  2.72  3.62  3.42  3.79  3.57  3.80  3.28  2.54  1.88
 SOL.RAD  467.  479.  428.  415.  371.  357.  380.  444.  475.  482.  439.  447.
 SD SOL  124.8 114.1 107.7  82.5  66.9  56.3  60.6  72.0 106.5 119.9 112.5 113.5
 MX .5 P  1.32  1.23   .94   .60   .37   .29   .23   .26   .45   .82  1.08  1.24
 DEW PT  65.03 64.69 65.07 62.62 57.84 54.73 52.43 52.02 55.48 60.19 63.82 65.32
Time Pk   .270  .390  .480  .560  .630  .710  .770  .810  .860  .900  .950 1.000
% N       1.71  1.96  2.96  4.36  6.79  6.90  8.01  8.02  6.12  5.50  3.34  2.99
MEAN      4.35  3.86  4.94  5.96  6.29  6.73  6.68  7.65  7.46  7.03  6.16  4.72
STD DEV   2.28  2.14  2.79  3.04  3.19  2.87  3.00  3.52  3.69  3.28  2.73  2.28
SKEW      1.01  0.88  1.18  0.49  0.68  0.29  0.44  0.17  0.76  0.65  0.48  0.74
% NNE     1.86  3.05  5.03  5.47  6.46  5.43  6.43  6.65  5.54  6.62  4.55  3.25
MEAN      5.12  4.61  5.39  5.96  6.44  6.44  6.38  6.67  7.02  7.04  6.29  5.63
STD DEV   2.83  2.09  2.50  2.82  2.89  2.71  2.89  3.05  2.93  3.16  2.82  2.38
SKEW      1.23  0.77  0.81  0.58  0.55  0.51  0.51  0.51  0.29  0.37  0.59  0.43
% NE      3.61  4.19  5.80  5.06  4.51  4.24  4.13  4.85  5.23  5.88  4.39  2.83
MEAN      4.50  4.60  4.66  5.59  5.62  5.45  5.26  5.92  6.22  6.13  5.70  5.30
STD DEV   2.06  1.99  1.95  2.46  2.52  2.14  2.61  2.44  2.41  2.88  2.63  2.15
SKEW      1.03  0.86  0.88  0.47  0.46  0.38  0.89  0.27  0.55  0.71  0.61  0.26
% ENE     3.51  4.59  5.50  3.39  2.75  3.17  3.62  4.53  4.22  5.29  5.00  4.12
MEAN      4.81  4.46  4.42  4.85  4.73  4.89  4.72  5.12  5.46  5.81  5.52  5.19
STD DEV   2.29  1.84  1.76  1.86  1.95  1.93  1.88  2.02  2.15  2.44  2.25  2.20
SKEW      0.62  0.48  0.59  0.46  0.58  0.58  0.66  0.30  0.62  0.59  0.61  0.40
% E       4.49  4.81  4.74  2.81  2.02  2.11  2.18  3.49  3.66  4.44  3.88  3.98
MEAN      4.49  4.11  3.94  4.14  3.73  4.13  4.49  4.84  5.46  5.17  5.30  5.01
STD DEV   1.80  1.68  1.47  1.61  1.53  1.83  1.83  1.86  2.19  2.10  2.23  1.96
SKEW      0.70  0.53  0.32  0.47  0.24  0.80  0.33  0.57  0.53  0.31  0.63  0.34
% ESE     6.53  6.91  5.69  3.25  2.25  2.39  2.78  4.24  4.19  5.22  6.26  6.09
MEAN      4.39  4.15  4.16  4.27  4.21  3.90  4.27  4.85  5.21  5.59  5.23  5.09
STD DEV   1.77  1.45  1.40  1.70  1.46  1.34  1.52  1.68  1.97  2.27  2.17  1.98
SKEW      0.90  0.44  0.40  0.82 -0.01  0.15  0.25  0.49  0.64  0.59  0.97  0.67
% SE      9.03  9.88  7.86  5.44  2.51  2.17  2.92  4.28  4.54  5.97  6.89  8.44
MEAN      4.71  4.47  4.36  4.78  4.56  4.24  4.25  4.79  5.56  5.88  5.55  5.46
STD DEV   1.91  1.51  1.45  1.69  1.69  1.68  1.68  1.74  2.11  2.38  2.42  1.98
SKEW      1.05  0.45  0.44  0.45  0.70  0.40  0.49  0.44  0.27  0.40  0.75  0.53
% SSE    17.76 15.84 13.54 10.83  5.66  4.80  4.76  6.45  8.20  8.49 13.27 17.49
MEAN      5.41  4.68  5.10  5.18  5.27  4.95  4.80  5.07  6.11  6.25  6.45  6.27
STD DEV   1.90  1.63  1.79  1.95  2.16  1.88  2.00  1.92  2.21  2.33  2.50  2.18
SKEW      0.56  0.50  0.50  0.62  1.10  0.51  0.56  0.30  0.35  0.57  0.59  0.33
% S      19.44 16.50 14.96 12.97  7.96  8.84  7.05  6.77  9.21  9.60 13.79 18.12
MEAN      5.55  4.77  5.16  5.48  5.55  5.49  5.21  5.70  6.67  6.58  6.51  6.23
STD DEV   1.97  1.89  1.90  2.04  2.10  2.08  2.04  2.31  2.41  2.74  2.64  2.23
SKEW      0.20  0.98  0.28  0.42  0.56  0.47  0.64  0.41  0.20  0.38  0.40  0.22
% SSW    12.94 10.37 11.38 12.64 10.45 11.24 11.32 10.63  9.71  8.21 10.86 12.93
MEAN      5.71  4.92  5.41  5.59  5.71  6.14  5.60  6.04  6.68  6.89  6.34  6.04
STD DEV   1.99  1.87  2.02  2.18  2.23  2.40  2.43  2.31  2.51  2.65  2.52  2.09
SKEW     -0.05  0.38  0.26  0.41  0.56  0.34  0.69  0.25  0.28  0.28  0.34  0.16
% SW      6.00  6.34  6.40  8.60 10.63 10.28 11.36  9.19  7.91  8.66  7.84  6.32
MEAN      4.83  4.49  4.67  4.85  5.57  5.77  5.99  6.15  6.93  6.35  5.92  5.30
STD DEV   1.94  1.79  1.90  1.94  2.33  2.45  2.75  2.54  2.97  2.67  2.62  2.23
SKEW      0.38  0.42  0.39  0.58  0.85  0.71  0.54  0.49  0.68  0.53  0.60  0.21
% WSW     2.05  2.77  2.83  5.43  7.95  8.64  7.46  6.71  7.06  6.34  4.74  3.01
MEAN      3.82  3.79  4.45  5.02  5.69  6.31  5.89  6.31  7.68  6.81  6.20  5.07
STD DEV   1.69  1.73  2.01  2.62  2.77  3.13  2.89  2.99  4.04  3.44  3.08  2.15
SKEW      0.51  0.83  0.90  1.05  1.03  1.03  0.64  0.74  0.56  0.92  0.72  0.43
% W       1.34  1.54  1.69  4.10  6.31  7.69  6.97  6.27  6.08  5.33  4.01  1.77
MEAN      3.31  3.37  3.36  4.81  5.28  6.47  6.35  6.21  7.28  6.47  6.96  4.17
STD DEV   1.11  1.43  1.51  2.75  2.84  3.61  3.56  3.41  4.11  3.20  3.96  1.62
SKEW      0.29  0.51  0.41  0.98  0.74  0.79  0.75  0.82  0.63  0.84  0.49  0.38
% WNW     1.05  1.06  1.05  2.81  3.93  5.75  4.54  4.07  4.12  3.52  2.32  1.23
MEAN      3.73  3.33  3.67  4.40  5.56  6.13  5.98  6.26  6.79  6.95  6.20  4.33
STD DEV   1.72  1.49  1.60  2.30  3.20  3.55  3.42  3.29  3.50  3.75  3.79  2.06
SKEW      0.94  0.63  0.38  0.93  0.97  1.16  0.85  0.64  0.66  0.84  1.05  0.89
% NW      1.15  0.90  1.16  2.39  5.43  4.13  4.62  4.23  4.17  3.35  2.81  1.30
MEAN      3.71  3.42  3.34  4.00  5.62  4.83  4.59  5.41  6.39  5.34  5.07  3.64
STD DEV   1.79  1.68  1.68  1.96  3.22  2.49  2.22  2.58  3.65  2.71  2.61  1.59
SKEW      1.15  0.53  1.01  1.13  1.23  1.23  0.63  0.91  1.12  1.05  0.88  1.01
% NNW     1.38  1.18  1.94  3.18  8.28  5.54  5.05  4.33  6.14  4.07  2.20  1.96
MEAN      4.00  3.76  4.06  4.82  6.16  5.85  5.77  6.03  7.30  6.85  5.34  4.51
STD DEV   2.10  2.02  2.03  2.74  3.51  2.85  2.87  3.04  3.92  3.51  2.25  2.25
SKEW      1.10  1.26  0.98  0.99  1.08  0.75  0.97  0.72  0.89  0.64  0.60  1.21
CALM      6.22  8.16  7.42  7.30  6.08  6.61  6.77  5.35  3.93  3.48  3.88  4.10
                                                                                
INTERPOLATED DATA (station & weighting factor)                                  
                                                                                
---Wind Stations---                                                             
LUBBOCK/REESE TX     .335  LUBBOCK       TX     .335  CLARENDON     TX     .329 
