 Estonia    Vaike-Maarja                                                        
 LATT=  59.14 LONG=  26.23 YEARS= 30. TYPE= 3
 ELEVATION =  397. TP5 = 1.60 TP6= 3.47
 MEAN P    .09   .09   .10   .11   .16   .21   .24   .25   .18   .17   .12   .10
 S DEV P   .10   .09   .09   .11   .20   .27   .30   .34   .20   .17   .14   .10
 SKEW  P  2.47  2.49  1.75  1.71  2.88  3.45  2.64  2.93  2.14  2.21  3.22  2.32
 P(W/W)    .76   .68   .64   .53   .50   .65   .59   .68   .69   .71   .71   .73
 P(W/D)    .41   .39   .28   .27   .31   .29   .29   .31   .33   .34   .44   .48
 TMAX AV 27.96 28.15 35.84 48.53 59.03 65.83 70.65 68.18 58.70 46.63 36.47 30.97
 TMIN AV 19.63 18.51 23.22 32.49 40.08 48.53 53.73 51.71 44.70 36.52 29.69 23.89
 SD TMAX  9.55  9.69  7.54  9.39  9.01  7.27  6.75  6.69  6.51  7.16  7.82  8.63
 SD TMIN 12.38 12.88  9.71  6.51  6.98  5.51  5.09  5.09  6.37  7.65  8.82 10.47
 SOL.RAD   32.   88.  191.  325.  459.  482.  475.  372.  225.  104.   41.   19.
 SD SOL   14.9  31.8  62.9  97.5 114.9 124.8 107.8 103.4  73.4  42.8  16.7   6.2
 MX .5 P   .01   .03   .10   .17   .35   .41   .69   .51   .29   .16   .05   .01
 DEW PT  21.52 20.47 24.17 31.33 39.12 48.57 54.41 53.38 46.71 38.03 30.72 25.22
Time Pk   .130  .230  .320  .410  .500  .590  .670  .750  .830  .890  .950 1.000
% N       3.92  3.21  3.45  4.02  3.95  3.40  3.45  3.56  3.62  3.68  2.47  2.66
MEAN      3.36  3.56  3.76  3.94  3.74  3.56  3.37  3.23  3.32  3.52  3.73  3.70
STD DEV   1.73  1.99  1.80  1.89  1.88  1.86  1.62  1.57  1.69  1.71  1.85  2.00
SKEW       .80  1.08   .73   .60   .69   .88   .73   .71   .85   .72   .64  1.01
% NNE     2.01  1.46  1.82  2.07  1.98  1.73  1.88  1.77  1.56  1.52  1.09  1.35
MEAN      2.90  2.87  3.24  3.48  3.05  3.07  2.95  2.75  2.81  2.96  2.94  2.76
STD DEV   1.56  1.47  1.69  1.82  1.43  1.36  1.31  1.26  1.37  1.34  1.54  1.32
SKEW      1.26  1.22   .93   .74   .79   .59   .47   .65   .77   .45   .89  1.14
% NE      2.20  1.97  2.17  2.25  2.45  1.89  2.17  2.51  2.34  2.01  1.56  1.75
MEAN      2.73  2.84  2.89  3.04  2.88  2.79  2.71  2.80  2.69  2.69  2.67  2.71
STD DEV   1.39  1.46  1.31  1.49  1.48  1.25  1.24  1.33  1.12  1.32  1.22  1.27
SKEW      1.07  1.37   .71   .83   .89   .62   .57   .66   .62   .96   .57   .64
% ENE     4.99  4.74  4.60  3.07  3.11  2.53  2.19  2.61  3.11  3.31  3.34  4.52
MEAN      3.59  3.71  3.75  3.69  3.31  3.10  2.77  2.85  3.05  3.16  3.52  3.72
STD DEV   1.77  1.77  1.76  1.64  1.46  1.43  1.08  1.14  1.29  1.34  1.55  1.88
SKEW       .77   .87   .71   .57   .57  1.18   .73   .73   .68   .70   .62   .86
% E       7.80  7.75  7.32  6.07  5.35  4.30  4.14  4.78  5.84  6.75  6.57  7.93
MEAN      3.42  3.60  3.90  3.95  3.37  2.98  2.69  2.73  2.88  3.14  3.47  3.53
STD DEV   1.68  1.62  1.83  1.86  1.66  1.38  1.08  1.18  1.24  1.43  1.73  1.60
SKEW      1.07   .88   .74   .50  1.09  1.19   .65   .86   .85  1.07  1.42   .74
% ESE     4.97  5.35  5.14  5.11  4.77  4.42  3.92  4.57  5.19  5.72  5.46  5.78
MEAN      3.17  3.40  3.94  4.03  3.31  3.07  2.74  2.69  2.85  3.55  3.31  3.25
STD DEV   1.51  1.60  2.07  1.95  1.52  1.41  1.05  1.13  1.18  2.01  1.51  1.54
SKEW      1.28  1.07   .82   .68   .89  1.14   .94  1.13   .67  1.72   .94  1.04
% SE      3.76  3.73  3.91  4.51  5.54  5.08  4.96  5.38  5.85  5.99  5.71  4.44
MEAN      3.34  3.44  3.99  3.88  3.38  2.97  2.63  2.67  2.83  3.12  3.38  3.26
STD DEV   1.71  1.77  2.36  2.05  1.72  1.45  1.20  1.29  1.31  1.91  1.73  1.63
SKEW      1.01   .95  1.00   .92   .86  1.24   .95  1.16  1.50  1.80  1.24  1.00
% SSE     2.98  3.32  3.20  3.85  4.42  4.73  3.79  4.66  5.57  4.53  4.83  3.54
MEAN      4.25  4.44  4.90  4.49  4.05  3.59  3.02  3.15  3.46  3.79  4.34  4.19
STD DEV   2.37  2.32  2.75  2.25  2.16  1.83  1.53  1.66  1.74  1.98  2.29  2.25
SKEW       .94   .64   .73   .80   .71   .91  1.04  1.02   .81   .89   .60   .76
% S       5.58  5.28  4.63  6.07  6.50  7.70  7.21  7.27  9.87  8.30  9.14  6.38
MEAN      4.92  4.97  5.22  5.16  4.43  3.89  3.71  3.75  4.37  4.49  4.74  4.79
STD DEV   2.53  2.55  3.17  2.78  2.30  2.00  1.94  2.09  2.24  2.24  2.41  2.47
SKEW       .63   .68   .98   .61   .54   .75   .73   .89   .58   .60   .61   .66
% SSW     5.13  4.90  4.40  5.33  5.60  7.50  7.33  7.07  7.32  6.70  6.23  5.94
MEAN      4.89  4.80  4.73  4.66  4.32  4.02  3.71  3.57  4.15  4.15  4.55  4.51
STD DEV   2.40  2.31  2.45  2.44  2.19  2.04  1.77  1.74  2.10  2.09  2.08  1.97
SKEW       .54   .52   .54   .77   .52   .78   .62   .75   .79   .77   .36   .39
% SW      5.97  5.32  5.26  5.86  6.73  8.18  9.37  8.65  7.60  7.60  7.66  8.00
MEAN      4.82  4.48  4.35  4.30  3.73  3.66  3.48  3.31  3.52  3.82  4.30  4.44
STD DEV   2.32  2.32  2.20  2.20  1.90  1.77  1.56  1.56  1.78  2.06  1.96  1.96
SKEW       .66   .67   .73   .87   .79   .70   .53   .69   .88   .96   .55   .42
% WSW    10.65 10.46  9.18  8.86  7.29  7.17  8.26  7.64  6.70  7.58 10.68 10.99
MEAN      5.66  5.52  5.24  4.93  4.33  3.97  3.82  3.70  3.93  4.65  5.21  5.56
STD DEV   2.65  2.59  2.78  2.29  1.92  1.75  1.58  1.60  1.75  2.25  2.44  2.35
SKEW       .57   .71   .82   .63   .64   .69   .58   .71   .80   .96   .76   .59
% W      10.49 10.67 11.88 10.34  8.91  9.13  9.21  8.22  7.82  8.25 10.14 10.29
MEAN      5.81  5.91  5.69  5.47  4.52  4.22  3.97  3.87  4.14  4.60  5.27  5.63
STD DEV   2.93  3.08  2.93  2.58  2.11  1.90  1.71  1.79  1.93  2.14  2.47  2.53
SKEW       .86  1.06   .68   .61   .77   .61   .70   .70   .78   .68   .66   .44
% WNW     8.78 11.04 12.54 12.71 10.41 10.18  9.39  7.90  7.22  7.70  8.93  8.77
MEAN      5.68  6.22  6.30  5.93  5.22  4.91  4.59  4.29  4.52  5.06  5.72  5.70
STD DEV   2.78  2.76  3.07  2.61  2.29  2.17  1.90  1.89  2.00  2.35  2.56  2.59
SKEW       .53   .40   .54   .45   .45   .58   .44   .43   .54   .48   .40   .48
% NW      9.01  9.01  9.70  9.00  8.95  8.20  7.85  8.16  7.18  6.60  5.95  7.24
MEAN      5.24  5.38  5.43  5.22  4.91  4.67  4.34  4.04  4.32  4.49  4.97  5.18
STD DEV   2.50  2.46  2.55  2.44  2.27  2.11  1.97  1.91  2.07  2.26  2.42  2.45
SKEW       .45   .34   .39   .39   .41   .56   .44   .53   .68   .60   .44   .37
% NNW     5.48  5.47  5.32  5.36  6.08  5.35  4.51  4.42  3.85  4.51  3.77  3.99
MEAN      4.70  4.73  4.84  4.85  4.67  4.34  4.09  4.01  4.11  4.33  4.36  4.77
STD DEV   2.30  2.23  2.23  2.15  2.05  1.97  1.76  1.73  1.99  2.06  2.02  2.28
SKEW       .46   .45   .56   .44   .27   .58   .46   .39   .74   .75   .61   .58
CALM      6.23  6.28  5.47  5.53  7.96  8.51 10.33 10.79  9.40  9.23  6.49  6.42
                                                                                
INTERPOLATED DATA (station & weighting factor)                                  
                                                                                
---Wind Stations---                                                             
SYRACUSE/HANC NY     .710  GENEVA/SAMPSO NY     .151  ROME/GRIFFIS  NY     .139 
