 France    Clermont-Ferrand                                                     
 LATT=  45.79 LONG=   3.15 YEARS= 30. TYPE= 3
 ELEVATION = 1086. TP5 = 2.52 TP6= 5.84
 MEAN P    .10   .09   .12   .18   .21   .26   .27   .27   .26   .18   .16   .12
 S DEV P   .11   .12   .14   .25   .26   .35   .35   .35   .38   .26   .25   .15
 SKEW  P  2.30  3.63  3.14  3.76  2.46  2.60  2.47  2.34  2.51  3.08  3.84  3.21
 P(W/W)    .50   .48   .51   .52   .58   .46   .46   .42   .49   .50   .54   .51
 P(W/D)    .24   .23   .19   .29   .27   .27   .22   .24   .21   .25   .28   .22
 TMAX AV 43.53 46.18 53.48 58.00 65.59 72.05 76.29 76.36 68.40 60.96 50.18 44.37
 TMIN AV 32.25 32.08 36.14 39.86 46.79 52.84 55.90 55.51 49.18 44.76 37.60 33.31
 SD TMAX  8.00  9.42  8.88  8.62  8.48  8.86  8.01  8.51  7.71  8.60  8.33  8.19
 SD TMIN  7.80  7.62  6.60  5.91  5.81  5.59  5.20  5.38  5.83  7.44  7.53  7.90
 SOL.RAD   97.  159.  263.  354.  434.  489.  494.  433.  315.  189.  108.   82.
 SD SOL   32.6  55.1  84.2 110.5 121.1 118.9 107.6 100.9  88.7  60.0  37.3  26.4
 MX .5 P   .10   .09   .10   .23   .41   .55   .75   .56   .40   .23   .20   .08
 DEW PT  32.91 32.21 35.65 39.50 47.10 52.82 55.39 55.22 50.59 46.43 39.08 34.09
Time Pk   .070  .150  .240  .320  .400  .510  .600  .690  .780  .860  .940 1.000
% N       7.00  7.62  7.15  6.23  5.85  5.58  5.85  6.21  5.94  6.40  6.17  6.56
MEAN      4.43  4.39  4.83  4.73  4.34  3.88  3.64  3.47  3.72  4.24  4.50  4.33
STD DEV   1.87  1.91  1.99  1.98  2.12  1.75  1.65  1.51  1.61  1.80  1.89  1.90
SKEW       .45   .39   .24   .22   .72   .46   .53   .38   .45   .20   .36   .42
% NNE     5.44  6.16  6.12  5.13  5.80  3.94  4.57  5.37  4.73  4.56  3.34  4.72
MEAN      4.02  4.25  4.58  4.58  4.06  3.60  3.39  3.15  3.50  3.71  4.29  4.08
STD DEV   1.76  1.94  2.06  1.97  1.69  1.49  1.43  1.33  1.50  1.50  1.90  1.82
SKEW       .61   .68   .47   .67   .52   .41   .62   .51   .49   .35   .47   .61
% NE      4.60  6.34  6.95  5.99  6.68  5.27  5.51  5.73  5.27  3.96  3.23  5.08
MEAN      3.65  3.92  4.45  4.51  3.97  3.32  3.11  3.03  3.26  3.38  3.67  3.67
STD DEV   1.77  1.98  2.05  2.10  1.88  1.45  1.33  1.33  1.48  1.48  1.75  1.80
SKEW       .81   .91   .45   .51   .86   .73   .59   .52   .63   .90   .67   .83
% ENE     2.58  4.48  6.33  5.37  5.86  4.82  4.29  4.35  4.23  2.94  2.51  3.36
MEAN      4.26  4.69  5.30  5.21  4.41  3.79  3.45  3.20  3.62  3.55  3.63  4.03
STD DEV   1.91  1.93  2.21  2.07  1.78  1.51  1.35  1.29  1.43  1.34  1.48  1.81
SKEW       .53   .23   .32   .45   .56   .65   .41   .40   .57   .25   .47   .56
% E       2.81  4.00  4.74  4.81  4.96  4.12  3.57  3.83  3.35  2.52  2.25  3.02
MEAN      3.86  4.46  4.91  5.31  4.33  3.70  3.20  3.06  3.28  3.31  3.73  3.91
STD DEV   1.94  1.89  2.16  2.24  1.83  1.46  1.26  1.22  1.46  1.35  1.53  1.69
SKEW       .62   .19   .26   .42   .38   .47   .48   .44   .41   .17   .57   .32
% ESE     3.82  3.76  4.99  4.96  5.46  5.18  3.75  4.09  3.64  3.32  2.97  3.49
MEAN      4.59  4.77  5.37  5.47  4.94  4.25  3.52  3.66  3.89  3.88  4.24  4.49
STD DEV   1.99  2.01  2.16  2.15  2.03  1.58  1.31  1.44  1.55  1.54  1.66  1.87
SKEW       .62   .53   .36   .59   .38   .25   .40   .57   .74   .41   .18   .28
% SE      3.46  3.85  4.48  4.95  5.00  5.40  4.78  5.28  4.94  4.97  3.35  4.32
MEAN      4.78  4.82  4.94  5.29  5.09  4.30  3.67  3.73  3.83  4.21  4.47  4.76
STD DEV   2.19  2.24  2.01  2.18  2.24  1.84  1.47  1.52  1.68  1.76  1.90  2.03
SKEW       .36   .44   .33   .38   .40   .44   .39   .38   .57   .65   .29   .45
% SSE     4.08  4.18  4.36  5.09  5.26  6.32  5.94  6.09  5.83  6.57  5.21  4.47
MEAN      5.27  5.28  6.23  6.32  5.93  5.06  4.48  4.41  5.10  5.34  5.57  5.66
STD DEV   2.23  2.24  2.51  2.53  2.40  1.97  1.65  1.72  1.98  2.10  2.21  2.27
SKEW       .38   .26   .25   .37   .39   .33   .33   .51   .50   .30   .28   .36
% S       8.70  7.79  7.19  7.56  9.56 11.67 12.19 12.40 12.49 13.14 11.26  9.55
MEAN      5.33  5.53  6.11  6.10  6.07  5.50  4.97  4.77  5.37  5.69  5.73  5.74
STD DEV   2.32  2.34  2.72  2.65  2.60  2.29  2.03  1.96  2.21  2.31  2.41  2.51
SKEW       .22   .25   .34   .34   .37   .34   .27   .47   .28   .19   .23   .33
% SSW     7.64  6.34  5.00  6.31  8.67 10.30 10.82 10.47 10.35 10.51 10.20  7.65
MEAN      5.71  5.82  6.20  6.79  6.52  5.74  5.30  5.14  5.96  6.00  5.97  6.07
STD DEV   2.43  2.43  2.99  2.82  2.92  2.35  2.07  1.96  2.58  2.33  2.58  2.63
SKEW       .30   .29   .46   .28   .60   .33   .42   .30   .55   .34   .46   .44
% SW      7.07  5.54  4.63  5.09  6.46  7.70  8.10  7.45  7.32  6.92  7.22  7.38
MEAN      5.01  5.37  5.95  6.33  6.04  5.05  4.82  4.76  5.04  5.48  5.70  5.56
STD DEV   2.32  2.75  3.59  2.99  3.35  2.31  2.03  2.14  2.33  2.63  2.88  2.85
SKEW       .56   .75   .84   .43   .95   .33   .34   .38   .54   .66   .55  1.11
% WSW     6.50  5.17  5.33  4.40  4.51  5.08  4.65  4.65  4.97  4.81  5.52  6.30
MEAN      5.50  5.39  6.46  6.90  6.45  5.23  4.65  4.52  5.25  5.55  6.04  5.93
STD DEV   2.48  2.44  3.02  3.64  3.37  2.22  1.91  1.86  2.46  2.81  2.91  2.97
SKEW       .62   .53   .65  1.01  1.03   .30   .56   .47   .41   .87   .62   .94
% W       8.77  7.29  6.53  5.76  5.10  5.19  4.32  4.24  5.18  5.30  8.56  8.15
MEAN      5.62  5.60  6.16  6.10  5.70  4.89  4.30  4.10  4.83  5.21  6.13  5.59
STD DEV   2.74  2.69  2.90  3.09  2.72  2.23  2.14  1.87  2.43  2.44  2.97  2.43
SKEW       .92   .97   .72   .64   .56   .42   .75   .54  1.13   .58   .61   .45
% WNW     9.60  9.39  8.75  8.98  6.26  5.12  5.13  4.17  5.95  6.72 10.22  9.21
MEAN      6.19  6.26  6.48  7.16  6.34  5.41  4.77  4.64  5.49  5.79  6.61  6.08
STD DEV   2.56  2.61  2.63  3.10  2.77  2.22  2.05  1.97  2.34  2.41  2.73  2.46
SKEW       .33   .39   .42   .31   .40   .36   .51   .51   .73   .41   .46   .48
% NW      8.33  8.30  8.15  9.47  5.98  5.70  5.35  5.10  5.91  6.76  8.49  8.23
MEAN      5.36  5.58  5.78  6.07  5.19  4.61  4.30  4.32  4.86  5.16  6.03  5.43
STD DEV   2.44  2.43  2.52  2.57  2.28  1.94  1.83  1.83  1.98  2.26  2.45  2.32
SKEW       .45   .28   .39   .31   .43   .38   .34   .49   .43   .40   .12   .18
% NNW     6.70  7.01  6.93  7.65  5.64  4.82  5.33  5.01  5.15  6.32  6.90  6.07
MEAN      5.02  4.99  5.58  5.66  4.94  4.54  4.44  4.26  4.35  5.02  5.59  5.19
STD DEV   2.04  1.96  2.11  2.13  1.93  1.78  1.76  1.61  1.62  1.92  2.16  1.94
SKEW       .56   .39   .38   .13   .47   .41   .52   .42   .46   .34   .41   .27
CALM      2.90  2.78  2.31  2.28  2.88  3.81  5.80  5.65  4.91  4.23  2.62  2.49
                                                                                
INTERPOLATED DATA (station & weighting factor)                                  
                                                                                
---Wind Stations---                                                             
DUBUQUE       IA     .679  LONE ROCK     WI     .170  IOWA CITY     IA     .151 
