 France    Montelimar                                                           
 LATT=  44.58 LONG=   4.73 YEARS= 30. TYPE= 3
 ELEVATION =  240. TP5 = 2.23 TP6= 5.17
 MEAN P    .31   .23   .25   .31   .33   .31   .37   .34   .64   .50   .46   .26
 S DEV P   .49   .32   .33   .42   .47   .50   .53   .59  1.09   .66   .73   .51
 SKEW  P  3.18  2.51  2.30  3.66  3.12  3.77  3.17  5.62  3.56  2.29  2.90  5.59
 P(W/W)    .50   .54   .48   .54   .53   .44   .34   .33   .47   .55   .57   .49
 P(W/D)    .18   .16   .16   .22   .19   .16   .15   .16   .17   .22   .24   .21
 TMAX AV 44.28 47.11 54.48 59.11 66.67 74.31 79.30 78.66 69.91 61.22 51.00 45.14
 TMIN AV 33.77 34.17 38.94 42.92 49.78 56.28 60.15 59.60 53.20 47.73 39.97 35.06
 SD TMAX  6.41  7.82  7.28  7.41  7.09  7.77  6.76  6.77  6.71  6.73  6.74  6.30
 SD TMIN  5.87  6.20  5.44  4.98  4.66  4.84  4.35  4.07  4.75  6.10  6.53  6.25
 SOL.RAD  116.  188.  295.  388.  472.  549.  558.  474.  342.  201.  126.   97.
 SD SOL   36.9  58.7  83.4 107.7 114.0  99.5  79.5  83.2  83.4  64.8  41.6  30.3
 MX .5 P   .12   .06   .11   .26   .41   .45   .63   .43   .80   .54   .47   .11
 DEW PT  31.81 31.10 34.90 39.31 46.79 51.99 54.69 55.19 50.71 46.91 38.74 33.12
Time Pk   .070  .170  .260  .360  .450  .540  .620  .700  .780  .860  .940 1.000
% N      11.14 12.65  9.48  6.48  6.11  5.76  6.04  8.52 10.88 10.68  9.76  9.86
MEAN      5.30  5.39  5.24  4.36  4.29  3.98  3.42  3.12  3.61  3.91  4.03  4.70
STD DEV   2.79  2.48  2.46  2.11  2.23  2.14  1.76  1.64  2.22  2.08  2.18  2.29
SKEW       .68   .37   .52   .51   .87   .74   .81   .85  1.12   .73   .78   .40
% NNE     9.61 10.22  8.25  6.38  5.42  5.07  4.58  6.81  7.77  5.35  5.48  7.69
MEAN      5.49  5.30  5.50  5.10  4.45  3.59  3.33  3.40  3.46  3.50  3.42  4.73
STD DEV   2.39  2.48  2.54  2.48  2.21  1.68  1.76  1.94  2.00  1.83  1.86  2.46
SKEW       .22   .48   .35   .73   .61   .43   .57   .85  1.02   .94  1.05   .48
% NE      5.41  6.43  5.40  5.12  4.38  4.02  4.94  5.83  6.04  3.70  3.58  4.42
MEAN      4.29  4.38  4.34  4.35  3.77  3.53  3.01  3.26  3.31  3.26  2.98  3.79
STD DEV   2.10  2.15  1.92  2.18  2.00  1.71  1.51  1.89  2.09  1.67  1.67  1.99
SKEW       .50   .75   .64   .76   .59   .51   .68  1.23  1.28   .97  1.12   .94
% ENE     2.85  3.80  3.54  3.60  3.92  3.09  3.48  3.25  4.07  2.43  1.53  2.42
MEAN      3.41  3.44  3.62  3.70  3.25  3.24  2.55  2.54  3.17  2.78  2.59  3.14
STD DEV   1.94  1.64  1.65  2.14  1.67  1.75  1.32  1.32  2.33  1.48  1.40  1.71
SKEW       .90   .51   .60   .76   .69   .71   .62   .64  1.53  1.14   .64   .79
% E       3.90  4.25  5.48  5.52  5.57  4.82  4.81  4.23  5.42  4.34  3.72  3.91
MEAN      2.81  3.19  3.63  3.46  2.98  2.75  2.45  2.40  2.53  2.51  2.37  2.90
STD DEV   1.38  1.65  1.84  1.92  1.53  1.57  1.27  1.32  1.56  1.37  1.30  1.39
SKEW       .76   .85   .60  1.03   .65  1.21  1.11  1.30  1.51   .97  1.23   .60
% ESE     2.16  2.09  2.60  2.83  3.48  3.29  2.53  2.42  3.12  3.23  1.79  1.93
MEAN      2.66  3.36  3.79  3.65  3.22  2.85  2.46  2.33  2.66  2.73  2.95  2.79
STD DEV   1.24  1.57  1.98  2.06  1.58  1.42  1.24  1.24  1.52  1.66  1.44  1.33
SKEW       .62   .60   .81   .90   .53   .74   .79  1.34  1.35  2.43   .82   .91
% SE      2.75  2.39  3.61  4.30  4.75  5.81  3.24  2.54  4.49  6.16  3.07  2.81
MEAN      3.66  3.97  4.12  4.28  3.43  3.13  2.61  2.48  3.18  3.16  3.48  3.47
STD DEV   1.80  2.23  1.94  2.19  1.70  1.64  1.22  1.23  1.94  1.55  1.71  1.83
SKEW       .55  1.28   .61   .73   .58  1.00   .59   .67  1.18   .60   .62   .94
% SSE     4.88  3.27  5.76  8.23  8.28  8.54  4.83  4.85  6.16  8.31  6.70  5.80
MEAN      4.31  3.86  4.44  4.71  4.07  3.57  3.02  2.58  3.19  3.48  4.47  4.64
STD DEV   2.24  1.95  2.12  2.48  2.12  1.92  1.35  1.33  1.80  2.04  2.57  2.79
SKEW       .50   .43   .51   .91   .74  1.06   .53   .98  1.05  1.03   .95   .79
% S      12.86  9.32 12.81 17.62 15.21 15.67 12.23 12.43  9.79 11.27 14.67 14.13
MEAN      4.82  4.57  5.56  5.60  4.72  4.05  3.32  3.12  3.72  3.83  4.87  4.77
STD DEV   2.92  2.66  2.64  2.76  2.40  2.10  1.54  1.54  1.88  2.29  2.65  2.58
SKEW      1.11   .96   .41   .59   .44   .90   .45   .60   .63  1.07   .76   .61
% SSW     9.32  9.83  9.27 10.95 10.23  8.41  9.86  8.49  4.45  5.99  7.51  9.16
MEAN      4.63  5.36  6.28  6.32  5.21  4.58  3.68  3.61  3.84  3.82  5.10  4.68
STD DEV   2.34  2.67  2.77  3.04  2.39  2.36  1.61  1.78  1.97  2.12  2.70  2.20
SKEW       .62   .80   .23   .40   .37   .64   .22   .75   .72  1.01   .63   .46
% SW      4.15  4.23  3.89  4.45  6.34  6.38  7.78  5.98  3.35  3.71  4.43  5.54
MEAN      4.73  4.52  5.71  5.44  4.89  4.33  3.77  3.57  3.86  3.65  4.44  4.21
STD DEV   2.48  2.22  3.01  2.86  2.24  2.11  1.69  1.69  2.08  1.94  2.20  1.99
SKEW       .83   .63   .63   .67   .38   .50   .47   .66   .77   .78   .71   .79
% WSW     2.39  2.29  3.11  2.80  3.46  4.15  4.38  2.95  1.98  1.90  1.79  3.00
MEAN      4.22  4.24  5.02  4.99  4.55  4.40  3.21  2.98  3.32  3.25  3.53  4.47
STD DEV   2.23  2.92  2.73  2.71  2.07  2.01  1.69  1.50  2.22  1.78  1.79  2.44
SKEW       .47  3.10   .72   .61   .24   .35   .59   .75  1.42   .72   .76   .89
% W       4.12  4.22  5.27  4.22  3.97  3.76  4.22  2.80  2.02  3.07  4.00  4.54
MEAN      4.35  4.47  5.19  5.09  3.91  3.88  3.06  2.59  2.93  2.97  3.88  4.33
STD DEV   2.37  2.38  2.67  2.81  1.91  1.96  1.42  1.37  1.78  1.59  2.07  2.28
SKEW       .78   .97   .61   .72   .49   .47   .24  1.38   .98   .63   .56   .48
% WNW     3.75  3.56  4.39  3.67  2.79  1.23  1.63  1.46  1.46  2.39  4.97  3.50
MEAN      4.73  5.05  5.42  5.55  4.05  3.85  2.68  2.79  3.17  3.56  4.26  4.24
STD DEV   2.32  2.57  2.39  2.68  2.17  1.93  1.22  1.42  1.66  1.80  2.08  1.85
SKEW       .70   .74   .26   .47   .47   .33   .54   .74   .63   .32   .76   .21
% NW      4.18  5.47  4.91  3.32  2.22  1.68  1.41  1.50  1.68  3.07  6.22  5.42
MEAN      4.60  4.75  5.49  5.04  4.49  4.30  3.23  2.66  3.00  3.63  4.87  4.97
STD DEV   2.35  2.27  2.28  2.43  2.24  2.15  1.94  1.25  1.51  1.89  2.46  2.27
SKEW       .85   .52   .33   .40   .54   .40  1.16  1.40   .26   .56   .56   .47
% NNW     4.50  5.33  4.87  3.28  2.55  2.02  1.94  2.14  3.17  3.87  5.48  4.54
MEAN      5.04  4.97  5.04  4.52  4.01  3.77  3.19  3.01  3.46  3.77  4.80  4.79
STD DEV   2.46  2.44  2.32  2.18  2.01  2.09  1.61  1.53  2.02  1.75  2.64  2.22
SKEW       .91   .43   .41   .57   .61  1.37   .74   .82   .85   .49   .50   .34
CALM     12.14 10.64  7.52  7.32 11.44 16.36 22.03 23.91 24.06 20.39 15.21 11.20
                                                                                
INTERPOLATED DATA (station & weighting factor)                                  
                                                                                
---Wind Stations---                                                             
BLYTHEVILLE   AR    1.000  DYERSBERG     TN     .000  MALDEN        MO     .000 
