 Germany    Eutin                                                               
 LATT=  54.14 LONG=  10.59 YEARS= 30. TYPE= 2
 ELEVATION =  164. TP5 = 0.81 TP6= 3.00
 MEAN P    .15   .13   .15   .14   .17   .21   .22   .23   .18   .17   .15   .17
 S DEV P   .16   .13   .16   .15   .18   .24   .31   .36   .21   .18   .18   .19
 SKEW  P  1.98  2.26  2.30  2.44  2.03  3.15  4.70  5.69  1.96  1.82  2.41  1.82
 P(W/W)    .73   .72   .69   .65   .61   .67   .66   .59   .69   .69   .71   .70
 P(W/D)    .33   .28   .27   .25   .24   .28   .27   .25   .29   .31   .36   .41
 TMAX AV 38.18 39.07 44.00 51.46 59.45 65.04 69.52 69.37 62.89 54.36 45.25 39.78
 TMIN AV 32.35 32.34 35.00 40.19 47.12 52.99 57.40 57.61 52.81 46.05 39.13 34.13
 SD TMAX  6.80  6.78  6.43  6.55  6.15  5.83  6.02  5.63  5.30  5.69  5.89  6.60
 SD TMIN  7.04  6.76  5.51  5.07  4.78  4.21  4.48  4.07  4.10  5.68  5.89  6.79
 SOL.RAD   48.   99.  194.  315.  400.  419.  409.  339.  233.  125.   59.   37.
 SD SOL   16.7  36.0  65.0  86.0 104.1 107.5 106.4  83.8  73.3  45.8  21.8  10.3
 MX .5 P   .01   .03   .08   .17   .35   .38   .64   .45   .29   .15   .09   .06
 DEW PT  32.01 31.63 34.29 39.03 45.98 51.66 55.96 56.21 51.76 45.45 38.88 34.01
Time Pk   .070  .150  .240  .320  .400  .510  .600  .690  .780  .860  .940 1.000
% N       4.00  3.85  3.77  4.17  5.62  5.71  6.61  6.04  6.54  5.64  4.44  3.49
MEAN      3.26  3.18  3.29  3.18  3.51  3.21  3.22  2.98  3.09  3.21  3.35  3.19
STD DEV   1.34  1.40  1.38  1.28  1.44  1.15  1.37  1.01  1.28  1.21  1.25  1.06
SKEW       .51  1.07   .54   .49   .52   .27   .46  -.23   .59   .27  -.38  -.44
% NNE     3.64  3.66  2.86  3.46  4.42  4.25  5.25  4.36  5.18  4.56  3.88  3.11
MEAN      3.11  3.12  3.07  3.31  3.15  3.18  3.24  2.95  3.17  3.09  3.22  3.07
STD DEV   1.20  1.20  1.24  1.26  1.18  1.18  1.10  1.16  1.25  1.37  1.03  1.22
SKEW       .55   .20   .54   .34   .31   .20   .03   .34   .31   .63  -.69   .38
% NE      3.06  2.70  2.81  3.24  3.80  3.22  3.86  3.43  3.99  3.00  2.66  2.20
MEAN      3.02  2.92  2.88  3.25  3.08  3.17  3.26  2.94  3.04  3.10  3.00  3.02
STD DEV   1.18  1.09  1.11  1.37  1.15  1.17  1.20  1.07  1.19  1.21  1.07  1.19
SKEW       .38   .30   .38   .62   .26   .31   .31   .18   .29   .49   .59   .35
% ENE     3.14  2.70  2.15  2.35  2.16  1.78  1.94  1.88  2.68  2.69  3.01  2.58
MEAN      3.58  3.58  3.46  3.46  3.45  3.35  3.34  2.98  3.22  3.19  3.45  3.35
STD DEV   1.54  1.71  1.70  1.49  1.42  1.25  1.33  1.15  1.31  1.34  1.54  1.41
SKEW       .56   .86  1.01   .66   .60   .34   .63   .39   .86   .55   .63   .94
% E      12.15  9.66  7.69  5.72  4.28  2.83  2.77  2.72  6.39  8.75 11.79 11.86
MEAN      4.02  3.98  4.05  3.81  3.58  3.42  3.13  3.04  3.47  3.77  3.85  3.85
STD DEV   1.85  1.85  1.99  1.79  1.51  1.38  1.28  1.21  1.55  1.68  1.75  1.76
SKEW       .90   .75   .72   .77   .60   .51   .47   .39   .94   .61   .63   .82
% ESE     8.60  8.02  7.71  5.41  3.71  2.10  1.78  2.15  4.42  6.69  8.11  7.78
MEAN      4.49  4.58  4.60  4.37  4.03  3.70  3.35  3.39  3.75  4.23  4.53  4.27
STD DEV   1.91  1.86  1.87  1.75  1.47  1.37  1.15  1.32  1.42  1.74  1.90  1.80
SKEW       .72   .51   .46   .54   .61   .42   .13   .35   .59   .90   .53   .76
% SE      6.48  5.50  4.99  4.10  3.20  2.61  2.18  2.90  4.33  5.82  6.69  6.77
MEAN      3.48  3.41  3.37  3.67  3.31  3.15  3.08  2.74  3.22  3.25  3.42  3.16
STD DEV   1.64  1.53  1.44  1.36  1.21  1.28  1.24   .82  1.37  1.27  1.43  1.43
SKEW       .66   .64   .77   .38   .32   .69   .40   .26   .43   .65  1.08  1.18
% SSE     8.58  7.76  6.71  6.00  4.91  4.32  3.38  4.59  6.07  8.16  9.26  9.95
MEAN      3.26  2.60  3.49  3.53  3.61  2.69  2.29  2.31  2.28  2.49  3.23  3.13
STD DEV   1.55  1.16  1.27  1.30   .99   .80   .83   .81   .90  1.03  1.08  1.20
SKEW       .88   .82   .36   .49  -.05   .16   .15   .25   .53   .76  -.30   .49
% S      10.90 10.12  9.61  8.16  7.32  7.32  5.79  6.90  7.61 10.00 10.80 11.14
MEAN      3.95  3.79  3.96  3.77  2.90  3.61  3.42  3.71  3.55  3.55  4.05  4.04
STD DEV   1.79  1.72  1.78  1.32  1.09  1.29  1.09  1.15  1.39  1.57  1.95  1.78
SKEW       .46   .48   .70  -.56   .36   .74   .21   .72   .51   .45   .86   .48
% SSW     8.06  8.55  9.23  8.42  7.27  8.31  6.61  6.67  5.96  6.89  6.89  9.08
MEAN      5.52  5.23  5.09  4.81  4.53  4.30  4.17  4.22  4.38  4.92  5.05  5.22
STD DEV   2.16  1.94  1.81  1.88  1.65  1.48  1.34  1.54  1.77  2.07  2.00  2.12
SKEW      -.01   .09   .33   .20   .33   .33   .29   .27   .34   .38  -.12   .32
% SW      6.74  7.95 10.12 10.83 11.44 13.60 13.32 12.62  9.30  7.78  6.68  7.33
MEAN      5.71  5.67  5.62  5.39  5.11  4.89  4.54  4.53  4.68  4.97  5.54  5.94
STD DEV   2.43  2.41  2.22  2.23  1.94  1.83  1.60  1.67  2.00  2.25  2.51  2.64
SKEW       .19   .48   .36   .35   .36   .40   .38   .38   .53   .48   .29   .36
% WSW    10.50 12.67 14.89 17.51 19.31 21.87 21.25 21.13 15.39 12.12 10.42 10.93
MEAN      5.57  5.60  5.78  5.61  5.20  4.86  4.70  4.67  4.60  4.91  5.41  5.84
STD DEV   2.93  2.90  2.60  2.34  1.95  1.78  1.61  1.65  1.94  2.25  2.58  2.72
SKEW       .53   .66   .70   .47   .40   .47   .24   .30   .81   .58   .49   .62
% W       2.47  3.48  4.28  5.32  5.42  5.84  5.16  4.68  3.35  2.90  2.61  2.58
MEAN      3.72  3.86  4.52  4.58  4.25  4.24  4.22  4.04  3.72  3.61  3.60  3.73
STD DEV   1.73  1.82  2.14  2.01  1.67  1.62  1.57  1.48  1.48  1.59  1.64  1.72
SKEW       .70   .49   .68   .53   .52   .50   .37   .26   .30   .56   .53   .40
% WNW      .46   .66  1.01  1.71  2.44  2.53  2.67  2.36  1.51  1.08   .64   .50
MEAN      2.77  3.48  3.34  3.93  3.97  4.09  4.11  3.90  3.65  3.55  3.46  2.73
STD DEV   1.07  1.51  1.29  1.57  1.47  1.31  1.51  1.42  1.19  1.34  1.38  1.04
SKEW       .90   .40   .33   .38   .39   .29   .20   .09  -.01   .21   .34   .65
% NW       .74  1.30  1.94  3.02  3.93  3.75  4.79  4.49  3.49  2.40  1.26   .74
MEAN      2.59  2.98  3.44  3.67  4.06  4.20  4.02  3.41  3.73  2.91  2.87  2.78
STD DEV    .67  1.15  1.38  1.62  1.59  1.70  1.46  1.42  1.13   .93  1.32   .85
SKEW      -.74   .82   .50   .36   .23   .30   .35   .57  -.39  -.68   .55   .78
% NNW     1.52  2.13  2.87  3.83  5.09  4.49  6.50  5.85  5.39  3.43  1.98  1.35
MEAN      3.42  3.32  3.61  3.82  4.17  4.28  3.70  3.62  3.44  3.15  2.63  2.92
STD DEV   1.50  1.48  1.60  1.53  1.58  1.52  1.17  1.24  1.42  1.22  1.01  1.29
SKEW       .56   .49   .58   .18   .11   .29   .20   .59   .32  -.07   .41   .47
CALM      8.95  9.34  7.28  6.73  5.69  5.44  6.17  7.24  8.49  8.17  8.87  8.68
                                                                                
INTERPOLATED DATA (station & weighting factor)                                  
                                                                                
---Wind Stations---                                                             
SEATTLE       WA     .345  SEATTLE       WA     .345  STAMPEDE PASS WA     .310 
