 Germany    Sachsenheim                                                         
 LATT=  48.96 LONG=   9.07 YEARS= 30. TYPE= 3
 ELEVATION =  814. TP5 = 2.10 TP6= 4.94
 MEAN P    .14   .15   .15   .13   .21   .24   .25   .23   .20   .20   .16   .15
 S DEV P   .16   .20   .16   .14   .25   .31   .32   .26   .22   .22   .19   .19
 SKEW  P  2.70  4.67  2.10  2.07  2.33  3.40  2.65  1.78  1.85  2.53  2.79  3.34
 P(W/W)    .61   .62   .59   .57   .62   .60   .58   .51   .59   .59   .62   .69
 P(W/D)    .32   .28   .27   .27   .29   .30   .29   .31   .24   .26   .33   .34
 TMAX AV 39.00 42.22 50.52 58.40 66.25 72.10 75.87 75.66 66.84 57.42 46.18 40.01
 TMIN AV 30.73 31.43 36.42 41.62 49.01 54.98 58.34 57.87 51.06 44.44 37.28 32.28
 SD TMAX  8.25  8.94  8.95  9.63  8.95  8.94  8.53  8.47  7.79  7.99  7.65  7.95
 SD TMIN  8.35  7.65  6.87  6.15  5.70  5.38  4.91  4.93  5.38  6.61  6.70  8.03
 SOL.RAD   80.  138.  236.  343.  429.  474.  458.  391.  276.  159.   88.   64.
 SD SOL   28.1  51.7  79.4 100.8 109.8  98.4  97.8  88.3  81.1  55.7  32.2  21.0
 MX .5 P   .16   .17   .23   .28   .48   .57   .85   .60   .43   .31   .23   .13
 DEW PT  30.35 30.38 34.48 38.70 46.61 52.41 55.15 55.22 50.44 44.98 37.52 32.21
Time Pk   .070  .150  .240  .320  .400  .510  .600  .690  .780  .860  .940 1.000
% N       4.47  5.05  4.75  3.99  5.14  4.23  5.42  6.08  4.24  4.05  4.13  2.65
MEAN      4.28  4.24  4.12  4.35  3.94  3.46  3.39  3.36  3.75  4.28  4.36  4.36
STD DEV   1.88  1.83  1.97  1.85  1.78  1.52  1.61  1.48  1.81  2.00  2.04  1.93
SKEW       .50   .43  1.09   .48   .49   .59   .86   .56   .78   .48   .49   .41
% NNE     3.51  4.02  3.61  3.61  4.43  2.17  3.39  3.72  2.62  4.06  2.60  2.03
MEAN      4.29  4.73  4.35  4.33  3.96  3.55  3.45  3.51  3.90  4.33  4.48  4.60
STD DEV   1.48  1.82  1.73  1.98  1.68  1.46  1.34  1.44  1.55  1.81  1.87  2.14
SKEW       .07   .21   .17   .63   .43   .42   .09   .42   .28   .49   .29   .43
% NE      4.05  3.61  3.90  4.17  5.46  3.29  3.91  4.41  3.65  3.87  2.22  1.97
MEAN      4.09  4.29  4.22  3.97  4.05  3.35  3.23  3.13  3.77  3.82  3.63  3.98
STD DEV   1.65  1.88  1.79  1.89  1.89  1.43  1.43  1.34  1.57  1.70  1.58  1.94
SKEW       .29   .38   .33   .60   .93   .40   .51   .52   .29   .63   .50   .88
% ENE     2.70  3.72  4.86  3.65  3.99  2.70  2.84  3.23  2.93  2.45  1.48  1.97
MEAN      4.20  5.21  5.57  4.61  4.10  3.70  3.52  3.35  3.74  3.90  4.69  4.55
STD DEV   1.54  2.24  2.20  1.83  1.66  1.52  1.53  1.35  1.43  1.71  1.89  1.94
SKEW       .36   .43   .21   .09   .39   .57   .29   .27   .35   .48   .27   .32
% E       3.01  3.98  5.64  5.20  4.81  4.32  3.45  3.19  3.60  3.05  1.89  3.18
MEAN      3.79  4.71  5.53  4.65  3.76  3.61  2.95  3.05  3.37  3.25  3.58  4.30
STD DEV   1.61  2.17  2.41  2.21  1.53  1.59  1.27  1.21  1.48  1.47  1.51  1.85
SKEW       .50   .26   .44   .47   .48   .62   .49   .45   .74   .71   .75   .20
% ESE     5.27  5.66  7.05  7.17  5.83  4.85  3.86  3.67  3.82  3.94  2.50  4.64
MEAN      4.67  5.12  5.48  5.25  4.47  4.15  3.31  3.27  3.69  3.72  3.90  5.09
STD DEV   1.85  2.14  2.07  1.99  1.59  1.64  1.24  1.19  1.40  1.53  1.45  1.78
SKEW       .39   .56   .20   .21   .19   .35   .18   .31   .45   .26   .46   .27
% SE      5.06  5.21  4.89  5.37  5.14  5.75  4.50  6.13  5.86  5.93  3.97  4.73
MEAN      4.18  4.37  4.41  4.27  3.73  3.43  2.95  2.95  3.32  3.46  3.91  4.19
STD DEV   1.77  1.74  1.94  1.77  1.43  1.38  1.28  1.12  1.43  1.44  1.72  1.76
SKEW       .49   .20   .57   .35   .26   .62   .79   .67   .65   .64   .63   .58
% SSE     7.11  6.24  6.19  6.20  5.61  7.69  5.99  6.32  7.43  7.65  8.22  7.77
MEAN      4.55  5.07  4.72  4.92  4.18  4.02  3.51  3.26  3.60  3.80  4.68  4.57
STD DEV   1.85  1.97  1.91  1.97  1.69  1.47  1.49  1.31  1.54  1.58  1.93  1.71
SKEW       .50   .38   .28   .39   .56   .50   .53   .46   .67   .74   .59   .44
% S       7.94  5.79  4.96  5.19  6.62  9.29  8.38  8.00 10.47  9.25  9.72  8.26
MEAN      4.89  4.76  4.92  4.53  4.44  4.18  3.76  3.23  3.89  4.06  4.74  4.86
STD DEV   2.06  1.99  2.13  1.94  2.03  1.65  1.58  1.36  1.80  1.78  2.20  2.19
SKEW       .50   .33   .35   .46   .59   .42   .55   .56   .64   .63   .67   .91
% SSW    10.31  8.68  5.39  6.96  7.10 11.46 10.36  8.64 10.58 11.87 13.46 12.77
MEAN      5.66  5.53  5.82  5.56  5.30  4.84  4.45  3.87  4.59  4.89  5.68  5.54
STD DEV   2.17  2.17  2.38  2.21  2.27  1.79  1.84  1.65  1.86  2.01  2.31  2.28
SKEW       .17   .17   .21   .56   .49   .42   .70   .45   .47   .46   .71   .48
% SW     11.55 10.95  7.85  8.41  8.18  8.95  9.66  8.82 10.59 11.34 13.56 16.34
MEAN      5.45  5.61  6.00  5.16  4.90  4.77  4.35  3.97  4.28  4.54  5.28  5.57
STD DEV   2.27  2.48  3.03  2.39  2.46  2.16  1.90  1.83  1.89  2.06  2.54  2.51
SKEW       .70   .59   .60   .54   .96   .51   .48   .57   .63   .51  1.40   .69
% WSW     7.95  7.46  7.21  6.46  5.27  5.35  5.51  4.75  4.69  5.17  8.87 10.10
MEAN      6.47  6.27  6.83  6.23  5.61  5.15  4.43  4.15  4.63  5.00  6.06  5.81
STD DEV   2.70  2.85  3.03  2.64  2.68  2.19  1.93  1.92  2.07  2.18  2.49  2.34
SKEW       .43   .50   .28   .50   .65   .38   .46   .59   .56   .43   .53   .52
% W       7.39  7.83  7.21  8.07  6.35  5.35  4.98  4.93  5.61  4.94  6.53  7.91
MEAN      5.99  5.67  6.20  5.63  5.09  4.60  4.15  3.98  4.77  4.51  5.08  5.58
STD DEV   2.34  2.69  2.50  2.65  2.28  2.14  1.92  1.91  2.31  2.15  2.31  2.05
SKEW       .30   .59   .19   .68   .50   .66   .52   .73   .75   .65   .58   .36
% WNW     7.00  7.22  8.48  8.84  7.24  6.86  6.14  5.10  6.60  5.05  6.79  5.69
MEAN      6.32  6.04  6.23  6.17  5.34  4.98  4.89  4.63  5.31  5.72  5.86  5.82
STD DEV   2.31  2.52  2.49  2.39  2.20  2.00  2.08  1.98  2.12  2.38  2.44  2.25
SKEW       .11   .26   .29   .23   .37   .32   .44   .42   .43   .51   .24   .34
% NW      5.72  5.81  8.19  7.25  7.65  6.35  6.53  6.52  5.80  6.23  6.57  4.14
MEAN      5.93  5.50  5.67  5.62  4.85  4.72  4.06  4.00  4.89  4.97  5.47  5.10
STD DEV   2.41  2.45  2.42  2.44  2.11  1.86  1.93  1.82  2.11  2.20  2.74  2.09
SKEW       .18   .55   .23   .29   .32   .24   .59   .63   .58   .32   .88   .16
% NNW     4.93  6.22  7.38  6.72  6.02  6.04  6.06  6.58  5.36  5.30  4.91  2.97
MEAN      5.56  5.17  5.70  5.59  4.66  4.50  4.16  4.04  4.62  4.92  5.04  4.87
STD DEV   2.39  2.14  2.40  2.28  2.01  1.89  1.88  1.77  2.09  2.07  2.16  2.17
SKEW       .47   .34   .50   .19   .33   .39   .44   .64   .39   .12   .37   .23
CALM      2.00  2.59  2.44  2.83  5.14  5.43  9.03  9.87  6.21  5.93  2.55  2.74
                                                                                
INTERPOLATED DATA (station & weighting factor)                                  
                                                                                
---Wind Stations---                                                             
GOSHEN        IN     .368  BATTLE CREEK  MI     .349  SOUTH BEND    IN     .282 
