 Croatia    Ogulin                                                              
 LATT=  45.20 LONG=  15.27 YEARS= 30. TYPE= 3
 ELEVATION = 1070. TP5 = 2.05 TP6= 4.81
 MEAN P    .35   .40   .33   .39   .42   .37   .42   .48   .52   .49   .47   .43
 S DEV P   .43   .45   .39   .44   .53   .47   .51   .58   .62   .61   .55   .46
 SKEW  P  1.98  1.84  1.71  1.66  2.40  2.50  1.99  2.48  2.05  2.24  2.01  1.65
 P(W/W)    .65   .65   .61   .60   .55   .57   .51   .49   .62   .67   .73   .65
 P(W/D)    .23   .26   .23   .31   .28   .27   .23   .20   .26   .23   .27   .27
 TMAX AV 39.22 43.00 51.70 59.56 67.51 74.80 79.15 79.19 68.95 59.84 49.53 40.30
 TMIN AV 27.98 28.67 34.96 42.12 49.69 56.36 59.54 59.41 51.79 44.78 37.96 29.73
 SD TMAX  8.86  9.66  9.41  8.63  8.12  8.22  7.71  8.00  7.75  8.38  9.22  8.61
 SD TMIN  9.15  8.91  7.04  5.78  4.96  4.93  4.66  4.51  5.32  7.19  8.53  9.27
 SOL.RAD  108.  175.  272.  354.  461.  513.  529.  452.  307.  190.  114.   89.
 SD SOL   35.4  60.5  90.0 114.1 124.2 119.4 104.9  94.1  93.5  65.6  39.2  28.2
 MX .5 P   .15   .25   .22   .35   .61   .62   .91   .63   .66   .47   .35   .27
 DEW PT  29.25 29.50 34.31 41.45 49.91 56.33 58.57 58.59 52.99 46.73 39.43 31.34
Time Pk   .070  .150  .240  .320  .400  .510  .600  .690  .780  .860  .940 1.000
% N       3.33  4.07  3.84  4.04  4.57  3.40  4.76  5.53  3.26  3.32  3.06  2.35
MEAN      4.37  4.48  4.45  4.84  4.01  3.64  3.47  3.55  3.88  4.41  4.97  4.94
STD DEV   2.09  1.96  2.06  2.17  1.85  1.71  1.67  1.69  1.93  2.10  2.26  2.12
SKEW       .35   .38   .83   .29   .40   .60   .51   .51   .51   .59   .22   .23
% NNE     4.67  4.56  4.03  4.64  6.43  2.99  3.64  4.81  3.29  4.33  2.71  2.31
MEAN      4.69  5.18  5.17  5.12  4.54  3.57  3.63  3.73  4.27  4.59  4.97  4.87
STD DEV   1.68  2.19  2.19  2.29  1.89  1.65  1.53  1.65  1.77  2.07  2.41  2.01
SKEW       .05   .45   .38   .60   .31   .82   .21   .23   .20   .49   .39   .25
% NE      2.43  2.26  2.35  2.91  3.93  2.37  3.12  3.64  2.60  2.63  1.56  1.53
MEAN      4.31  4.11  4.16  4.50  4.11  3.13  3.30  3.41  3.49  3.87  3.37  4.14
STD DEV   1.59  2.06  1.95  2.12  1.95  1.32  1.51  1.70  1.48  1.96  1.34  1.71
SKEW      -.06   .53   .21   .37   .69   .55   .49   .63   .37   .66   .57   .43
% ENE     3.86  5.49  6.31  5.29  5.81  3.95  3.56  4.10  4.04  3.56  1.92  2.57
MEAN      4.59  5.19  5.80  4.85  4.52  3.51  3.38  3.46  3.86  3.80  4.33  4.64
STD DEV   1.71  2.23  2.17  2.06  2.00  1.51  1.62  1.61  1.54  1.81  1.97  1.90
SKEW       .37   .52   .06   .33   .66   .65   .53   .29   .20   .48   .56   .46
% E       2.15  2.80  4.59  4.28  4.26  3.44  2.52  2.42  2.76  1.99  1.38  2.05
MEAN      4.08  4.74  5.42  5.07  4.04  3.53  2.98  2.82  3.76  3.11  3.49  4.58
STD DEV   1.99  1.99  2.51  2.20  1.88  1.68  1.38  1.27  1.81  1.66  1.38  1.98
SKEW       .33   .11   .26   .13   .51   .37   .38   .61   .49   .58   .55   .13
% ESE     6.22  5.75  7.41  7.79  5.89  5.15  3.91  3.48  3.47  3.56  2.64  5.13
MEAN      4.62  5.12  5.60  5.30  4.41  3.66  3.20  3.16  3.50  3.71  3.98  5.15
STD DEV   1.76  1.85  2.22  2.18  1.77  1.62  1.49  1.36  1.52  1.80  1.66  2.09
SKEW       .26   .29   .57   .36   .23   .51   .75   .43   .34   .51   .26   .53
% SE      3.80  3.70  3.58  3.83  4.14  4.02  3.70  4.59  4.24  3.91  2.76  2.93
MEAN      3.98  4.27  4.19  4.36  3.63  3.04  2.50  2.54  3.02  3.08  3.82  3.69
STD DEV   1.78  1.95  1.80  1.83  1.60  1.30  1.08  1.00  1.31  1.47  1.71  1.58
SKEW       .35   .29   .47   .24   .35   .59   .81   .87   .64   .96   .71   .40
% SSE     7.29  7.08  6.64  6.59  5.42  7.65  5.18  5.61  7.52  6.96  7.46  7.35
MEAN      4.49  4.96  4.81  4.85  3.72  3.39  2.89  2.74  3.13  3.48  4.42  4.43
STD DEV   1.79  1.99  1.93  2.04  1.57  1.34  1.27  1.18  1.32  1.50  1.90  1.64
SKEW       .38   .32   .20   .28   .49   .45   .67   .86   .57   .73   .66   .38
% S       4.95  3.69  3.35  3.26  4.37  5.73  4.69  4.86  5.99  6.05  6.32  5.22
MEAN      4.47  4.77  4.74  4.56  3.96  3.22  2.99  2.63  3.32  3.60  4.49  4.59
STD DEV   1.84  2.11  2.15  1.98  1.91  1.33  1.25  1.06  1.54  1.62  2.04  2.28
SKEW       .08   .35   .28   .41   .71   .76   .83  1.00   .56   .87   .58   .83
% SSW    10.77  8.94  6.26  7.52  7.09 12.35 10.48  7.73 11.36 12.63 14.67 13.42
MEAN      5.51  5.53  5.78  5.37  4.47  4.06  3.86  3.32  3.94  4.46  5.07  5.36
STD DEV   2.16  2.16  2.31  2.28  2.01  1.66  1.78  1.57  1.71  1.99  2.20  2.00
SKEW       .21   .44   .10   .65   .68   .34   .73   .83   .66   .67   .62   .57
% SW      7.30  7.50  5.64  6.89  7.23  9.96 10.52  9.75  9.54  9.93  9.75 11.13
MEAN      5.05  5.28  5.71  5.03  4.26  4.32  3.62  3.34  3.75  4.16  4.65  5.13
STD DEV   2.01  2.42  2.87  2.34  2.19  1.94  1.64  1.51  1.75  1.99  2.30  2.18
SKEW       .30   .43   .49   .33   .91   .42   .70   .61   .81   .72  1.26   .40
% WSW    15.66 14.86 12.73 12.44 10.86  9.81 11.31  8.47 11.07 12.37 17.13 19.25
MEAN      6.09  6.04  6.49  6.11  5.18  4.58  3.97  3.67  4.09  4.59  5.52  5.67
STD DEV   2.58  2.66  3.18  2.67  2.48  2.12  1.78  1.77  2.00  2.02  2.49  2.25
SKEW       .62   .57   .58   .56   .64   .49   .53   .62   .89   .64   .61   .53
% W       5.82  6.21  6.37  6.37  5.15  4.86  4.84  4.70  5.09  4.29  5.35  6.43
MEAN      5.91  5.28  6.12  6.09  5.33  4.09  3.97  3.59  4.55  4.30  4.95  5.43
STD DEV   2.68  2.36  2.81  2.69  2.51  2.04  2.00  1.92  2.21  1.99  2.36  2.27
SKEW       .27   .58   .34   .25   .40   .64   .46   .76   .60   .39   .27   .70
% WNW    10.11 10.43 11.12  9.89  8.36  7.42  6.09  6.11  9.15  7.07  9.55  8.48
MEAN      6.43  6.27  6.60  6.59  5.58  4.92  4.58  4.50  5.28  5.60  5.71  5.98
STD DEV   2.56  2.73  2.69  2.59  2.40  2.25  2.12  2.11  2.17  2.29  2.63  2.40
SKEW       .37   .53   .37   .14   .33   .44   .65   .44   .19   .24   .54   .46
% NW      3.89  4.28  5.91  5.30  5.40  5.04  5.55  5.38  4.27  4.62  4.64  3.39
MEAN      5.66  5.55  5.93  5.85  4.76  4.48  3.95  4.10  4.42  4.83  5.12  5.14
STD DEV   2.38  2.45  2.61  2.34  2.25  2.23  1.86  2.08  1.96  2.29  2.57  1.93
SKEW       .11   .41   .17  -.02   .46   .77   .48   .54   .38   .35   .75   .27
% NNW     5.90  6.37  7.55  6.31  5.55  5.16  5.39  5.67  4.97  5.45  6.56  3.68
MEAN      5.72  5.48  6.04  5.54  4.74  4.42  4.19  3.67  4.77  5.21  5.57  5.34
STD DEV   2.49  2.15  2.37  2.30  2.19  2.06  1.96  1.81  2.00  2.34  2.74  2.11
SKEW       .50   .35   .32   .05   .48   .43   .42   .74   .20   .34  1.18   .12
CALM      1.75  1.95  2.30  2.61  5.54  6.76 10.69 13.14  7.48  7.32  2.55  2.78
                                                                                
INTERPOLATED DATA (station & weighting factor)                                  
                                                                                
---Wind Stations---                                                             
JACKSON       MI     .560  TOLEDO        OH     .222  GOSHEN        IN     .218 
