 Slovakia    Oravska Lesna                                                      
 LATT=  49.37 LONG=  19.17 YEARS= 30. TYPE= 3
 ELEVATION = 2559. TP5 = 1.85 TP6= 3.91
 MEAN P    .22   .21   .21   .19   .26   .28   .33   .32   .28   .21   .22   .21
 S DEV P   .26   .23   .24   .22   .30   .31   .38   .43   .32   .26   .25   .26
 SKEW  P  1.99  2.36  3.10  2.27  2.11  2.07  2.49  4.03  2.36  2.13  2.12  3.03
 P(W/W)    .76   .76   .72   .65   .67   .66   .65   .57   .64   .66   .71   .75
 P(W/D)    .29   .31   .32   .32   .38   .43   .35   .34   .30   .27   .31   .32
 TMAX AV 31.12 34.59 42.56 53.61 61.82 67.24 70.59 70.91 61.58 52.53 41.90 32.58
 TMIN AV 21.13 22.81 28.48 36.13 43.82 49.91 52.88 52.40 45.45 38.45 31.77 23.74
 SD TMAX  7.78  8.70  9.40 10.24  8.50  8.05  7.69  7.87  8.19  9.09  9.17  7.69
 SD TMIN 10.87 10.26  7.86  7.13  5.74  5.36  5.02  4.98  5.69  7.56  8.45 10.41
 SOL.RAD   84.  142.  223.  316.  396.  418.  416.  367.  254.  150.   85.   66.
 SD SOL   25.1  45.4  65.3  88.3 108.6 102.8 106.1  86.7  81.0  51.9  27.4  17.0
 MX .5 P   .09   .14   .16   .27   .47   .61   .91   .62   .45   .28   .15   .10
 DEW PT  22.93 24.22 28.68 35.87 45.26 51.82 54.63 54.31 47.76 40.54 33.20 25.22
Time Pk   .130  .230  .320  .410  .500  .590  .670  .750  .830  .890  .950 1.000
% N       4.10  4.43  4.38  4.53  6.12  4.57  4.78  5.30  4.07  5.05  3.03  3.29
MEAN      3.17  3.13  3.54  3.45  2.93  2.81  2.66  2.60  2.55  2.89  3.23  2.66
STD DEV   1.55  1.51  1.58  1.53  1.47  1.30  1.20  1.17  1.13  1.36  1.63  1.37
SKEW       .75   .67   .51   .66   .96   .88  1.13   .91   .98   .85   .61   .96
% NNE     3.37  3.38  3.28  4.20  4.49  2.93  2.72  4.03  3.41  4.18  2.01  2.21
MEAN      3.47  3.43  3.67  3.62  3.12  2.86  2.85  2.71  2.95  3.28  3.69  3.37
STD DEV   1.54  1.48  1.64  1.60  1.40  1.25  1.37  1.24  1.37  1.53  1.56  1.64
SKEW       .46   .35   .43   .42   .54   .69  1.10  1.00   .86   .66   .30   .78
% NE      3.60  3.69  3.80  4.09  4.11  3.87  4.48  4.66  4.22  5.02  2.85  3.15
MEAN      2.77  2.59  2.84  2.81  2.45  2.42  2.27  2.31  2.27  2.50  2.96  2.71
STD DEV   1.33  1.13  1.36  1.21  1.11  1.08   .92  1.00   .89  1.09  1.41  1.46
SKEW      1.01   .72  1.14   .48   .90  1.01   .58  1.02   .95  1.25   .68  1.25
% ENE     1.54  1.81  1.75  2.01  2.40  2.46  2.19  3.21  2.78  2.38  1.28  1.07
MEAN      3.15  2.83  3.15  3.11  2.74  2.59  2.57  2.37  2.60  2.61  2.66  2.16
STD DEV   1.51  1.16  1.63  1.44  1.22  1.11  1.14  1.07  1.14  1.04  1.16   .84
SKEW       .88   .66   .88   .68   .64   .85   .86  1.11   .62   .68   .66   .60
% E       2.64  2.50  2.72  2.67  3.70  3.65  3.25  3.59  3.72  3.90  1.88  2.32
MEAN      2.77  2.92  3.39  3.14  2.84  2.43  2.55  2.43  2.40  2.49  2.43  3.02
STD DEV   1.17  1.30  1.61  1.44  1.33  1.08  1.26  1.23  1.02  1.10  1.10  1.55
SKEW       .45   .12   .57   .46   .40   .69  1.09   .97   .73   .69   .88   .50
% ESE     2.05  2.49  3.57  3.02  2.72  3.44  2.52  3.14  3.76  3.35  2.24  3.00
MEAN      3.52  3.90  3.92  3.80  3.35  3.22  2.87  2.67  3.05  3.21  3.70  3.96
STD DEV   1.19  1.47  1.53  1.44  1.33  1.23  1.10  1.07  1.38  1.26  1.44  1.70
SKEW       .19   .77   .09   .45   .19   .42   .41   .32   .80   .52   .71   .45
% SE      4.72  4.61  4.84  4.71  4.73  6.26  5.84  4.78  5.88  6.45  5.33  5.08
MEAN      3.41  3.37  3.60  3.29  2.84  2.64  2.46  2.46  2.65  2.86  3.18  3.26
STD DEV   1.42  1.60  1.62  1.57  1.34  1.16  1.00  1.12  1.09  1.23  1.43  1.50
SKEW       .26   .79   .67  1.05   .82   .92   .66   .90   .79   .97   .81   .75
% SSE     3.68  3.91  5.02  3.98  4.01  4.98  5.08  5.96  6.54  5.38  4.98  3.92
MEAN      3.63  3.62  4.09  3.64  3.01  3.08  2.54  2.41  2.85  3.02  3.74  3.56
STD DEV   1.70  1.66  1.84  1.78  1.39  1.54  1.03  1.00  1.31  1.43  1.89  1.58
SKEW       .68   .59   .51   .73   .54   .93   .88   .87   .88   .90   .79   .64
% S       6.23  4.89  4.65  4.51  5.13  7.50  7.34  5.93  6.79  5.70  6.86  5.98
MEAN      3.29  3.51  3.81  3.11  2.71  2.72  2.40  2.22  2.67  2.48  3.57  3.15
STD DEV   1.66  1.75  1.94  1.66  1.31  1.29  1.07  1.06  1.32  1.22  2.01  1.52
SKEW       .87   .43   .62   .88   .74   .94  1.04  1.28  1.08  1.25   .92   .71
% SSW    13.97 10.03  8.93  9.99  8.90 11.27 11.75  9.30  9.75  9.36 12.52 11.36
MEAN      4.50  4.30  4.51  4.53  3.46  3.29  3.15  2.87  3.32  3.21  4.31  4.30
STD DEV   1.95  1.88  2.18  2.08  1.71  1.39  1.36  1.33  1.71  1.49  1.90  2.02
SKEW       .38   .43   .68   .62   .81   .64   .68   .84   .84   .87   .41   .63
% SW     12.41 11.66  9.94 11.09  9.38  9.95  9.51  8.70  9.73 10.60 15.03 15.01
MEAN      4.25  4.24  4.33  4.25  3.29  3.20  3.04  2.85  3.02  3.20  3.86  3.84
STD DEV   1.99  2.11  2.20  2.06  1.66  1.47  1.40  1.38  1.43  1.66  1.87  1.81
SKEW       .71   .65   .60   .49   .74   .69   .77   .86   .83   .96   .61   .75
% WSW     7.90  8.07  8.76  7.35  4.59  4.20  3.99  3.21  3.40  3.90  7.52  8.88
MEAN      5.02  5.09  4.94  4.74  4.02  3.58  3.28  3.04  3.56  3.88  4.47  4.88
STD DEV   2.29  2.04  1.89  2.13  1.74  1.50  1.40  1.41  1.60  1.67  1.87  2.13
SKEW       .67   .19   .23   .46   .22   .45   .62   .68   .45   .28   .34   .52
% W       8.04  8.54  9.93  8.19  6.28  4.82  5.25  4.34  4.75  4.35  7.91  8.73
MEAN      4.44  4.51  4.90  4.51  3.77  3.26  2.99  2.64  3.25  3.29  4.28  4.31
STD DEV   2.16  2.10  2.08  2.08  1.85  1.61  1.35  1.17  1.58  1.83  2.02  2.07
SKEW       .52   .49   .27   .54   .53   .82   .66   .67   .70   .81   .48   .73
% WNW     8.11  9.84  9.64  9.46  6.43  4.60  4.26  3.93  4.19  4.75  7.20  7.42
MEAN      4.87  5.16  5.34  4.97  4.18  3.83  3.45  3.18  3.73  3.93  4.66  4.59
STD DEV   2.14  2.20  2.22  2.03  1.92  1.56  1.47  1.47  1.66  1.78  1.85  2.00
SKEW       .24   .52   .31   .23   .50   .31   .55   .83   .31   .34   .39   .47
% NW      7.55  9.27  8.61  8.27  9.07  6.58  5.94  5.54  6.06  7.03  7.19  7.59
MEAN      3.76  4.05  4.29  4.14  3.70  3.22  2.94  2.78  3.18  3.24  3.44  3.57
STD DEV   1.94  2.12  2.07  1.91  1.81  1.66  1.31  1.32  1.56  1.78  1.64  1.98
SKEW       .76   .77   .49   .40   .63   .95   .66   .84   .72   .91   .56   .95
% NNW     3.80  4.63  5.09  5.21  5.64  4.25  3.24  4.94  4.11  4.46  3.00  2.75
MEAN      3.83  4.11  4.12  4.21  3.94  3.70  3.10  3.23  3.44  3.61  3.56  3.38
STD DEV   1.76  1.75  1.84  1.71  1.90  1.73  1.46  1.39  1.61  1.67  1.61  1.70
SKEW       .77   .20   .38   .29   .39   .43   .78   .42   .46   .45   .58   .45
CALM      6.28  6.34  5.08  6.77 12.34 14.59 17.80 19.29 16.91 14.29  9.06  8.27
                                                                                
INTERPOLATED DATA (station & weighting factor)                                  
                                                                                
---Wind Stations---                                                             
MORGANTOWN    WV     .477  PETERSBURG    WV     .338  PITTSBURGH/AL PA     .185 
