 Mexico    Rio Frio                                                             
 LATT=  22.82 LONG= -99.02 YEARS= 30. TYPE= 3
 ELEVATION =  196. TP5 = 2.85 TP6= 7.04
 MEAN P    .19   .22   .22   .29   .45   .76   .82   .57   .61   .52   .29   .17
 S DEV P   .29   .43   .37   .48   .63  1.04  1.23   .88  1.00   .98   .51   .24
 SKEW  P  3.31  3.64  4.14  3.28  2.31  3.18  3.18  3.21  5.52  4.51  3.06  2.73
 P(W/W)    .42   .36   .39   .39   .45   .61   .63   .51   .57   .41   .31   .34
 P(W/D)    .08   .08   .08   .10   .15   .22   .21   .23   .24   .15   .09   .07
 TMAX AV 69.72 74.09 78.41 83.19 85.09 85.46 84.41 85.60 83.06 79.91 74.73 70.40
 TMIN AV 51.97 54.41 58.26 62.87 67.29 68.94 68.05 68.35 67.47 63.25 57.63 52.87
 SD TMAX  7.41  7.78  7.71  6.71  5.05  3.80  3.61  3.33  3.83  4.93  6.11  7.06
 SD TMIN  5.43  5.68  5.80  4.74  3.60  2.17  2.57  1.68  2.74  5.10  5.87  6.07
 SOL.RAD  316.  383.  457.  503.  544.  551.  539.  521.  447.  407.  347.  303.
 SD SOL   81.6  90.3  93.9  94.2  87.2  89.7  97.5  87.5  89.5  80.0  71.9  69.3
 MX .5 P   .15   .26   .31   .44   .76  1.18  1.39  1.06  1.10   .60   .31   .21
 DEW PT  52.32 54.58 57.85 62.06 67.14 68.94 68.19 68.10 67.36 63.01 57.56 53.24
Time Pk   .270  .390  .480  .560  .630  .710  .770  .810  .860  .900  .950 1.000
% N       4.75  5.04  5.40  3.62  3.87  3.00  1.99  3.11  4.28  6.74  6.49  5.28
MEAN      3.62  3.94  3.87  3.72  3.54  3.11  2.75  2.91  3.24  3.31  3.54  3.61
STD DEV   1.62  1.70  1.67  1.65  1.57  1.48  1.19  1.35  1.71  1.49  1.51  1.64
SKEW       .55   .38   .55   .53   .66  1.09   .89  1.04  1.30   .73   .48   .66
% NNE     3.31  3.51  3.39  2.20  2.71  2.74  2.33  3.34  6.61  7.86  5.46  4.32
MEAN      3.53  3.81  3.76  3.47  3.71  3.57  3.19  3.21  4.02  3.81  3.68  3.74
STD DEV   1.45  1.61  1.49  1.41  1.57  1.49  1.39  1.46  2.08  1.60  1.59  1.67
SKEW       .47   .66   .47   .34   .43   .46   .61  1.03  1.34   .53   .73   .70
% NE      5.52  5.21  4.21  4.05  4.93  4.88  5.25  8.14 15.72 18.32  9.80  8.36
MEAN      3.47  3.52  3.47  3.34  3.53  3.60  3.25  3.50  3.99  4.07  3.50  3.67
STD DEV   1.41  1.47  1.44  1.47  1.52  1.60  1.53  1.80  1.77  1.84  1.55  1.60
SKEW       .33   .52   .54   .70   .76   .70   .91  1.35   .80   .61   .72   .59
% ENE     4.89  4.94  3.46  3.79  4.15  5.14  4.55  6.04 11.97 11.95  6.68  5.96
MEAN      3.53  3.88  3.70  3.72  3.89  3.74  3.49  3.57  3.95  4.05  3.36  3.50
STD DEV   1.51  1.53  1.53  1.53  1.72  1.60  1.59  1.58  1.76  1.76  1.43  1.44
SKEW       .58   .41   .46   .66   .61   .59   .76   .82   .55   .62   .63   .58
% E       4.86  5.41  4.95  6.11  6.41  7.21  6.63  7.21  9.86  7.81  5.72  5.73
MEAN      3.02  3.58  3.71  3.53  3.68  3.36  3.02  3.09  3.34  3.43  3.02  3.20
STD DEV   1.28  1.51  1.57  1.52  1.64  1.60  1.38  1.41  1.51  1.52  1.35  1.40
SKEW       .72   .50   .62   .56   .65  1.18   .94   .90   .71   .62   .81   .69
% ESE     3.04  3.05  3.52  4.42  4.09  4.43  3.78  3.41  4.72  2.89  2.80  3.15
MEAN      2.90  3.43  3.84  3.77  3.46  3.34  3.17  2.99  3.30  3.20  2.96  2.99
STD DEV   1.30  1.26  1.62  1.62  1.47  1.46  1.35  1.32  1.50  1.37  1.18  1.21
SKEW      1.11   .26   .39   .58   .86   .77   .78   .84   .85   .52   .31   .43
% SE      4.38  3.84  3.71  6.02  4.88  5.02  5.99  5.00  3.68  2.07  2.95  3.66
MEAN      2.97  3.42  3.59  3.38  2.99  3.11  2.74  2.77  2.98  2.77  2.98  3.00
STD DEV   1.32  1.51  1.70  1.48  1.23  1.38  1.20  1.33  1.35  1.13  1.28  1.30
SKEW       .89   .79   .77   .91   .84  1.00  1.03  1.19   .97   .74   .65   .76
% SSE     3.76  2.94  3.15  4.63  2.92  3.23  4.02  3.82  2.59  1.36  2.15  3.17
MEAN      3.60  3.88  3.99  3.76  3.42  3.41  3.02  3.06  3.04  3.09  3.21  3.64
STD DEV   1.70  1.65  1.87  1.74  1.57  1.81  1.34  1.42  1.42  1.42  1.35  1.69
SKEW       .66   .44   .77   .74   .82  1.49   .98   .93  1.00   .83   .68   .79
% S       7.17  6.00  6.81  6.30  5.37  5.75  7.92  6.82  3.49  2.01  4.32  5.90
MEAN      4.00  4.08  4.43  3.99  3.30  3.06  2.98  2.90  2.96  3.32  3.57  4.25
STD DEV   1.91  1.94  2.14  1.94  1.60  1.49  1.39  1.39  1.61  1.63  1.58  2.01
SKEW       .60   .71   .77   .75  1.08  1.19  1.18  1.07  1.48   .74   .71   .58
% SSW     6.70  6.41  8.05  6.63  4.59  4.72  6.05  4.92  2.55  1.26  3.64  4.31
MEAN      4.41  4.56  4.88  4.56  3.78  3.38  3.20  3.26  3.00  3.24  4.08  4.30
STD DEV   1.86  1.83  2.06  2.11  1.70  1.45  1.38  1.51  1.50  1.44  1.85  1.98
SKEW       .38   .34   .58   .55   .60   .92   .85   .82  1.40   .70   .65   .50
% SW      7.28  8.40  9.79  9.09  9.92 10.29 10.49  8.08  4.12  2.29  3.94  4.23
MEAN      3.89  4.14  4.37  4.05  3.81  3.34  3.30  3.08  3.15  3.14  3.57  3.61
STD DEV   1.83  1.86  1.97  1.85  1.73  1.48  1.45  1.40  1.49  1.43  1.84  1.74
SKEW       .65   .79   .69   .59   .57   .85   .87   .78   .95   .68  1.02   .92
% WSW     3.84  5.50  5.03  5.77  7.04  7.51  7.75  5.74  2.31  2.09  2.80  3.23
MEAN      3.99  4.42  4.37  4.31  3.94  3.68  3.50  3.31  3.18  3.48  3.81  3.81
STD DEV   1.92  2.07  2.05  1.87  1.61  1.54  1.41  1.35  1.39  1.70  1.79  1.79
SKEW       .85   .74   .78   .49   .52   .93   .79   .63  1.00   .93   .62   .76
% W       5.06  6.40  6.22  6.00  7.57  8.32  6.88  5.64  2.99  3.03  4.99  5.27
MEAN      4.35  4.43  4.44  3.99  3.55  3.47  3.39  3.23  3.06  3.54  3.78  3.82
STD DEV   2.06  2.12  2.14  1.84  1.60  1.50  1.37  1.40  1.32  1.83  1.79  1.90
SKEW       .71   .74   .65   .68   .91   .78   .55   .62   .55   .71   .75   .86
% WNW     5.26  5.94  5.55  4.79  3.98  4.20  3.17  3.40  1.65  2.84  4.91  5.80
MEAN      4.64  4.60  4.97  4.31  3.78  3.42  3.44  3.21  3.04  3.59  4.42  4.13
STD DEV   2.19  2.07  2.17  1.92  1.58  1.33  1.35  1.39  1.21  1.61  1.94  1.88
SKEW       .75   .45   .21   .54   .67   .43   .49   .79   .23   .64   .33   .43
% NW      5.78  6.66  7.31  6.74  5.31  4.39  2.57  3.25  2.58  4.24  6.49  6.48
MEAN      4.31  4.39  4.36  4.20  3.54  3.18  2.91  2.90  2.87  3.22  4.00  3.70
STD DEV   1.88  1.90  2.03  1.92  1.53  1.28  1.23  1.23  1.20  1.53  1.87  1.68
SKEW       .61   .48   .50   .60   .51   .57   .70   .77   .78   .90   .55   .54
% NNW     4.38  4.35  4.77  3.76  3.56  2.36  1.27  2.08  1.99  3.53  4.66  4.45
MEAN      4.28  4.35  4.31  4.04  3.60  3.23  2.89  2.95  3.07  3.40  3.88  3.98
STD DEV   1.90  1.83  1.90  1.88  1.63  1.31  1.12  1.15  1.39  1.52  1.84  1.78
SKEW       .70   .26   .47   .55   .70   .81   .59   .45   .96   .77   .61   .53
CALM     20.09 16.40 14.79 16.06 18.68 16.79 19.40 20.05 18.83 19.63 22.17 20.74
                                                                                
INTERPOLATED DATA (station & weighting factor)                                  
                                                                                
---Wind Stations---                                                             
VALDOSTA/MOODYGA     .412  VALDOSTA      GA     .412  CROSS CITY    FL     .175 
