 Mexico    Jalacingo                                                            
 LATT=  19.80 LONG= -97.30 YEARS= 30. TYPE= 3
 ELEVATION = 6167. TP5 = 1.92 TP6= 3.21
 MEAN P    .25   .29   .29   .43   .52   .60   .53   .64   .86   .69   .47   .31
 S DEV P   .29   .36   .28   .54   .66   .76   .56   .66  1.03   .94   .55   .38
 SKEW  P  3.41  3.11  2.73  2.35  3.08  3.60  2.26  2.34  2.77  4.76  2.73  3.19
 P(W/W)    .41   .44   .38   .45   .41   .59   .58   .55   .68   .59   .50   .45
 P(W/D)    .22   .19   .14   .13   .14   .31   .29   .36   .39   .28   .23   .22
 TMAX AV 67.67 70.65 73.79 77.91 79.97 79.30 78.30 78.54 77.33 75.28 71.67 68.74
 TMIN AV 52.99 54.88 57.96 61.79 64.69 65.56 65.06 64.89 64.75 61.56 57.30 53.97
 SD TMAX  6.49  6.76  6.66  5.73  4.39  3.40  2.85  2.66  3.41  4.63  5.39  6.20
 SD TMIN  4.59  4.64  5.10  4.08  3.29  2.36  2.68  2.04  2.48  4.31  4.86  5.20
 SOL.RAD  335.  394.  456.  504.  541.  508.  494.  480.  424.  398.  358.  330.
 SD SOL   94.5 104.9 105.7 114.2 110.7 128.6 121.6 112.7 111.4 101.0  96.3  84.8
 MX .5 P   .36   .39   .40   .52   .71  1.15  1.19  1.10  1.11   .94   .59   .39
 DEW PT  55.01 56.78 59.43 62.91 66.00 66.96 66.15 66.18 65.70 62.75 59.28 56.19
Time Pk   .070  .150  .240  .320  .400  .510  .600  .690  .780  .860  .940 1.000
% N       5.47  6.42  2.23  1.56  1.35  4.13  4.08  4.89  4.80  3.71  5.42  7.05
MEAN      3.84  4.40  3.67  5.10  4.76  5.01  6.15  4.68  4.07  3.26  3.72  3.95
STD DEV   1.16  2.00   .98  2.40  1.71  2.31  2.55  2.34  2.13  1.19  1.20  1.32
SKEW       .15  1.45  1.44   .75   .32   .57   .17  2.00  1.27   .77   .60  1.70
% NNE     1.78  1.70  1.20   .99   .99  1.20  2.27  1.65  1.90  1.84  1.71  1.81
MEAN      3.45  3.73  3.29  4.81  6.52  5.23  4.88  3.20  3.22  3.11  3.80  3.37
STD DEV   1.18  1.08  1.16   .43   .43  2.56  2.26  1.30   .95   .87  1.24   .86
SKEW       .78  -.11   .42   .11   .10   .87   .68  1.01   .33  -.03   .43   .14
% NE      3.01  1.98   .93   .83  1.20  2.20  4.10  4.28  4.29  2.84  1.52  1.38
MEAN      3.69  4.20  3.41  4.97  3.08  4.49  4.89  4.25  4.09  3.62  3.15  3.19
STD DEV   1.82  2.20  1.15   .29  1.21  2.08  2.82  2.04  1.91  1.56  1.08  1.01
SKEW      1.34  1.61   .98   .17  1.34   .97   .87  1.11  1.33  1.64   .89  1.14
% ENE      .94   .93  1.39   .85   .65   .86  2.06  1.79  2.92  2.13  1.44   .85
MEAN      3.72  5.74  5.27  3.82  3.78  5.99  5.25  3.71  4.08  3.72  4.94  3.33
STD DEV   2.17  2.11  2.80  1.83   .34  2.51  2.48  1.62  2.09  2.10  2.42   .98
SKEW      1.21  -.47   .38  1.19   .12   .41   .39   .65   .82  1.86   .46  -.15
% E       3.44  2.00  2.17  2.54  2.56  4.08  6.06  5.95  6.66  4.88  2.72  2.96
MEAN      4.65  4.65  5.17  4.05  4.80  4.76  4.80  4.87  4.69  4.99  5.75  5.05
STD DEV   1.89  1.57  2.96  1.94  2.28  1.94  1.90  2.07  1.87  2.18  2.30  2.10
SKEW       .76  -.06   .79   .86   .39   .75   .44   .82   .81   .33   .27   .36
% ESE     3.16  2.32  2.85  3.40  3.42  3.26  5.17  5.87  6.71  6.58  4.34  3.76
MEAN      4.62  5.03  5.53  5.40  4.98  5.58  5.20  5.44  5.23  5.17  5.51  5.19
STD DEV   2.13  1.89  2.20  2.21  2.11  1.94  1.97  1.94  2.00  2.12  2.18  2.28
SKEW       .57   .69   .55   .12   .33   .57   .39   .32   .50   .30   .45   .63
% SE      7.19  5.78  5.28  5.68  5.97  8.31 12.40 11.45 13.31 10.57  9.49  7.42
MEAN      4.75  4.80  4.79  5.16  5.11  5.08  5.14  4.74  4.96  4.99  4.47  4.07
STD DEV   2.00  2.01  1.96  1.90  2.16  2.03  1.89  1.88  1.94  1.96  1.89  1.47
SKEW       .72   .48   .68   .68   .60  1.00   .66   .70   .99   .65  1.11   .56
% SSE     3.87  2.90  3.11  2.31  3.49  4.05  4.02  3.68  6.01  4.44  5.74  4.06
MEAN      3.94  4.40  4.56  5.20  5.32  4.83  4.62  4.63  4.69  4.45  4.07  3.94
STD DEV   1.81  1.61  1.44  1.96  1.88  1.91  1.59  1.74  1.91  1.80  1.31  1.54
SKEW      1.62   .87   .87   .58   .34   .37   .48   .37   .84   .77   .96  1.36
% S       6.24  7.22  5.50  7.85  7.15  7.14  7.19  6.96  6.04  7.59  5.91  6.36
MEAN      3.64  4.50  4.39  4.88  5.68  5.28  4.33  4.33  4.71  4.66  4.16  3.80
STD DEV   1.20  1.58  1.77  1.88  2.01  1.86  1.73  1.48  1.92  2.15  1.68  1.39
SKEW       .85   .46   .50   .80   .85   .56   .91   .32   .86  1.23  1.26   .61
% SSW     2.80  3.37  4.78  4.66  6.64  5.60  2.80  2.74  3.68  3.08  2.87  2.92
MEAN      4.43  5.06  6.21  6.53  6.78  6.13  3.85  3.35  4.74  4.98  4.75  4.30
STD DEV   2.39  2.24  3.03  3.93  2.69  2.40  1.19  1.40  1.99  2.15  1.93  2.79
SKEW      1.28   .58   .97   .94   .42   .21   .63  1.17   .68  1.23   .42  2.22
% SW      3.41  4.49  8.09  9.71 12.41  9.18  4.65  3.72  4.42  5.31  4.16  4.44
MEAN      4.99  5.17  7.49  7.11  7.31  6.59  4.19  4.41  4.80  5.71  4.61  5.22
STD DEV   2.93  3.00  3.56  3.36  2.99  2.81  1.71  1.76  1.92  2.22  2.53  2.97
SKEW      1.21  1.17   .71   .37   .59   .58  1.00   .46   .87   .56   .97  1.07
% WSW     3.77  5.04  9.09 11.90 11.33 10.88  3.77  3.51  3.75  4.22  3.81  3.64
MEAN      5.72  7.40  8.03  8.33  7.45  6.35  5.12  4.50  5.51  6.58  6.44  6.11
STD DEV   3.44  3.02  3.40  3.50  2.80  2.47  2.49  2.22  2.29  2.53  2.59  3.28
SKEW       .73   .14   .46   .28   .13   .30   .45   .84   .35   .26   .18   .65
% W       8.78 13.46 14.18 16.12 15.95 12.61  7.21 10.09  7.86  8.37 10.51  7.52
MEAN      6.52  7.20  7.71  8.26  6.70  6.02  5.28  5.50  5.77  5.81  6.45  6.27
STD DEV   2.84  3.03  2.74  2.97  2.75  2.20  2.12  2.02  1.98  2.14  2.97  2.65
SKEW       .45   .20   .01   .09   .57   .87   .41   .17   .10   .18   .48   .51
% WNW    12.83 14.24 15.98 15.16 10.58 10.03  9.67 10.05  7.23  9.35 14.41 13.64
MEAN      6.55  6.81  6.97  6.81  6.03  5.90  5.88  5.51  5.35  5.12  5.88  6.25
STD DEV   2.65  2.59  2.87  2.69  2.33  2.11  2.06  2.26  2.47  1.96  2.27  2.58
SKEW       .45   .53   .33   .53   .60   .46   .19   .53   .47   .52   .49   .64
% NW     15.83 16.44 12.04  8.63  8.39  7.99 12.97 11.18  8.46 12.68 10.60 13.51
MEAN      4.81  5.07  5.13  5.07  5.09  5.05  5.22  5.02  4.67  4.26  4.56  4.80
STD DEV   1.72  2.09  2.14  1.96  1.88  1.81  2.13  1.98  2.01  1.56  1.73  1.85
SKEW       .84  1.27   .99  1.03   .92   .37   .90   .88  2.12   .92   .89   .95
% NNW     7.74  5.33  3.76  1.83  2.99  2.49  4.32  4.40  3.39  5.21  7.03  8.19
MEAN      4.13  4.43  4.26  4.18  4.29  4.51  4.74  3.97  4.38  3.63  4.01  4.21
STD DEV   1.31  1.92  2.01  1.44  1.72  1.12  2.02  1.56  1.72  1.15  1.25  1.62
SKEW       .37  1.49  1.65  -.24  1.10  1.23   .91   .61   .92   .26   .05  1.95
CALM      9.69  6.44  7.29  5.87  4.76  5.97  7.40  7.78  8.62  7.28  8.41 10.46
                                                                                
INTERPOLATED DATA (station & weighting factor)                                  
                                                                                
---Wind Stations---                                                             
SILVER CITY   NM     .790  TRUTH OR CON. NM     .133  FORT HUACHUCA AZ     .077 
