 Mexico    Tamapatz                                                             
 LATT=  21.60 LONG= -99.12 YEARS= 30. TYPE= 3
 ELEVATION = 3513. TP5 = 2.12 TP6= 4.32
 MEAN P    .27   .31   .35   .54   .64  1.07  1.00   .93  1.26  1.03   .43   .31
 S DEV P   .34   .41   .51   .81   .98  1.47  1.44  1.29  1.59  1.72   .63   .52
 SKEW  P  2.30  2.98  3.51  3.06  3.21  2.89  3.77  3.47  2.86  3.31  3.07  4.21
 P(W/W)    .55   .52   .54   .56   .54   .67   .73   .67   .74   .62   .52   .52
 P(W/D)    .22   .24   .19   .20   .25   .28   .32   .30   .33   .25   .23   .22
 TMAX AV 71.76 75.72 79.97 84.84 86.93 87.01 85.10 86.02 83.62 80.60 76.00 72.32
 TMIN AV 54.56 57.07 61.03 65.67 69.98 71.41 70.44 70.57 69.81 65.52 59.97 55.31
 SD TMAX  7.29  7.68  7.81  7.06  5.15  4.33  4.00  3.96  4.16  5.03  5.99  6.77
 SD TMIN  5.50  5.71  5.85  4.81  3.76  2.30  2.65  1.82  2.71  5.35  6.09  6.19
 SOL.RAD  322.  391.  466.  514.  550.  536.  514.  508.  428.  399.  347.  312.
 SD SOL   89.2 101.0  99.7 102.7  92.2 106.3 112.3 100.2 100.3  94.8  85.3  77.2
 MX .5 P   .36   .50   .45   .88  1.16  1.26  1.41  1.21  1.11   .93   .56   .42
 DEW PT  56.14 58.66 61.66 65.80 70.08 71.15 70.73 70.55 69.86 66.15 61.23 57.11
Time Pk   .070  .170  .250  .340  .430  .520  .610  .690  .770  .850  .940 1.000
% N       7.25  8.53  6.36  4.74  3.38  2.80  1.81  2.12  3.23  4.64  6.81  7.27
MEAN      6.44  7.06  7.30  7.03  5.81  5.55  4.41  4.13  5.17  5.81  6.06  6.52
STD DEV   3.05  3.08  3.44  3.28  2.52  2.74  2.20  1.92  2.71  2.86  3.01  3.16
SKEW       .52   .35   .66   .70   .59   .75  1.03   .78   .91   .58   .62   .54
% NNE     5.19  6.26  5.23  5.13  3.94  2.67  1.98  2.63  4.36  5.01  6.29  5.90
MEAN      6.12  7.01  7.26  6.89  6.51  5.97  5.20  4.71  5.61  6.13  6.59  6.49
STD DEV   2.80  3.05  3.20  2.65  2.86  2.58  2.16  2.11  2.43  2.62  2.91  2.77
SKEW       .65   .48   .42   .31   .59   .54   .48   .64   .66   .52   .41   .51
% NE      4.27  4.94  4.80  5.22  4.26  3.45  3.62  4.08  6.09  5.97  5.06  4.60
MEAN      5.59  6.15  6.41  6.24  6.10  5.83  4.82  4.53  4.93  6.05  5.67  5.73
STD DEV   2.49  2.62  2.65  2.80  2.84  2.44  2.02  1.92  2.02  2.50  2.49  2.47
SKEW       .63   .45   .50   .79   .63   .49   .74   .72   .48   .38   .44   .35
% ENE     3.05  4.15  4.00  5.17  4.37  3.89  3.93  3.90  4.98  3.95  3.33  2.93
MEAN      4.91  5.46  5.68  5.78  5.81  5.50  4.82  4.51  4.65  5.41  5.10  5.05
STD DEV   1.99  2.23  2.24  2.20  2.37  2.19  2.01  1.85  1.84  2.19  2.05  2.12
SKEW       .70   .65   .56   .56   .51   .54   .56   .62   .58   .48   .63   .57
% E       2.69  3.89  4.13  5.15  4.65  5.12  5.42  5.18  5.33  3.79  2.77  1.97
MEAN      4.65  4.92  5.30  5.56  5.45  5.18  4.66  4.18  4.14  4.59  4.26  4.25
STD DEV   1.85  1.95  2.09  2.19  2.17  2.02  1.90  1.71  1.61  1.95  1.72  1.80
SKEW       .48   .50   .54   .37   .62   .50   .58   .80   .57   .76   .50   .72
% ESE     2.24  3.43  3.69  4.78  5.27  6.06  5.03  5.19  4.42  3.06  1.97  1.32
MEAN      4.47  5.01  5.39  5.76  5.44  5.41  4.47  4.11  4.18  4.33  4.25  3.87
STD DEV   1.52  1.87  2.00  2.13  2.11  2.07  1.68  1.49  1.43  1.56  1.49  1.41
SKEW       .38   .55   .30   .40   .56   .71   .59   .64   .48   .52   .29   .12
% SE      2.69  3.62  4.56  4.78  6.72  8.58  8.91  8.01  7.05  4.63  2.67  1.88
MEAN      4.29  4.83  5.35  5.75  5.50  5.50  4.62  4.34  4.11  4.58  4.22  4.05
STD DEV   1.62  1.81  1.96  2.29  2.23  2.08  1.76  1.60  1.48  1.80  1.66  1.65
SKEW       .80   .54   .43   .38   .76   .60   .56   .67   .61   .63   .63   .45
% SSE     3.46  4.28  5.86  5.96 10.60 13.14 14.63 12.69 10.07  6.74  3.93  2.66
MEAN      4.65  4.89  5.70  6.04  6.18  6.12  5.23  4.49  4.76  4.84  4.81  4.35
STD DEV   2.01  1.86  2.28  2.47  2.40  2.29  1.90  1.65  1.83  1.92  1.98  1.78
SKEW       .86   .54   .61   .52   .59   .45   .43   .63   .65   .60   .77   .61
% S       6.45  6.77  9.19 10.65 14.93 20.38 22.04 19.73 17.24 12.93  8.39  6.62
MEAN      4.92  5.57  6.23  6.50  6.34  6.30  5.45  4.80  5.06  5.24  4.96  4.97
STD DEV   2.08  2.32  2.49  2.60  2.40  2.23  2.00  1.81  1.91  2.02  2.00  2.02
SKEW       .74   .55   .43   .26   .35   .23   .27   .37   .42   .55   .72   .66
% SSW     7.15  6.31  7.38  7.83  8.93 10.71 10.50  9.77  9.65  9.21  8.21  7.13
MEAN      5.38  5.83  6.42  6.72  6.44  6.39  5.54  4.87  5.24  5.34  5.33  5.86
STD DEV   2.20  2.23  2.48  2.58  2.48  2.26  1.96  1.83  1.98  2.09  2.18  2.28
SKEW       .53   .31   .32   .25   .39   .18   .10   .31   .27   .44   .51   .27
% SW     10.82  9.55  9.27  9.27  8.33  6.67  6.18  6.88  7.06  9.23 11.49 10.19
MEAN      5.47  5.79  6.41  6.49  6.10  5.74  4.64  4.35  4.78  4.82  5.23  5.46
STD DEV   2.35  2.43  2.74  2.85  2.64  2.30  1.93  1.71  1.97  1.93  2.20  2.34
SKEW       .58   .51   .78   .68   .67   .35   .46   .41   .48   .61   .74   .69
% WSW     9.75  8.74  8.81  8.44  6.21  3.80  2.50  2.94  3.53  6.58  9.57 10.38
MEAN      5.76  6.55  7.02  7.57  6.32  5.60  3.93  3.90  4.40  5.02  5.55  5.71
STD DEV   2.63  3.15  3.39  3.60  2.67  2.35  1.67  1.52  1.91  2.25  2.57  2.77
SKEW       .68  1.01   .70   .75   .54   .52   .65   .52   .71   .95  1.03  1.09
% W      11.05  9.50  9.33  8.21  5.96  3.01  2.03  2.33  3.02  6.28  9.74 11.93
MEAN      6.00  6.53  7.35  7.35  6.21  5.25  3.64  3.70  4.13  4.61  5.91  5.91
STD DEV   3.36  3.44  3.85  3.49  2.86  2.36  1.30  1.56  1.88  2.27  2.97  3.10
SKEW      1.04   .93   .81   .72   .56   .58   .45   .74   .71   .97   .74  1.04
% WNW     5.75  4.78  4.67  4.17  2.87  1.32   .84   .87  1.22  2.78  4.31  7.03
MEAN      6.01  6.54  7.07  7.31  6.19  4.62  3.73  3.51  3.76  4.56  5.48  5.79
STD DEV   3.21  3.45  3.54  3.62  2.88  1.92  1.54  1.44  1.62  2.27  2.88  3.03
SKEW       .91   .82   .85   .83   .71   .45   .78   .39   .48  1.16  1.03  1.10
% NW      5.01  4.21  3.73  2.99  2.20  1.34  1.02   .96  1.22  2.51  3.63  4.73
MEAN      4.84  5.29  6.49  5.69  5.29  4.15  3.76  3.45  3.49  3.95  4.64  4.66
STD DEV   2.28  2.56  3.75  2.67  2.55  1.73  1.61  1.33  1.60  1.92  2.33  2.32
SKEW       .80   .93  1.32   .75   .72   .77   .98   .32   .91  1.50  1.12   .90
% NNW     4.12  3.77  3.68  2.62  1.78  1.29  1.00  1.00  1.31  2.54  3.14  4.26
MEAN      5.51  5.98  7.20  6.13  5.38  4.58  4.25  3.79  4.10  4.69  4.92  5.19
STD DEV   2.64  2.92  3.67  2.96  2.14  2.18  1.87  1.72  1.80  2.39  2.57  2.51
SKEW      1.02   .74  1.02   .70   .61   .79   .70   .74   .74   .99  1.06   .84
CALM      9.10  7.29  5.40  4.97  5.64  5.74  8.60 11.76 10.19 10.18  8.62  9.17
                                                                                
INTERPOLATED DATA (station & weighting factor)                                  
                                                                                
---Wind Stations---                                                             
LUBBOCK/REESE TX     .413  LUBBOCK       TX     .413  CLOVIS        NM     .174 
