 Mexico    Totuate                                                              
 LATT=  22.28 LONG=-103.73 YEARS= 30. TYPE= 3
 ELEVATION = 4461. TP5 = 1.92 TP6= 3.18
 MEAN P    .37   .30   .14   .17   .16   .29   .31   .29   .27   .23   .22   .20
 S DEV P   .46   .40   .15   .14   .22   .33   .37   .31   .34   .34   .24   .25
 SKEW  P  2.02  2.52  1.32  1.01  2.82  2.47  2.77  1.82  2.41  3.42  1.24  2.22
 P(W/W)    .56   .36   .07   .08   .33   .56   .61   .60   .49   .40   .36   .49
 P(W/D)    .03   .03   .02   .01   .06   .26   .43   .43   .28   .10   .02   .03
 TMAX AV 69.86 73.58 78.06 82.79 86.69 84.77 80.32 80.36 78.92 78.45 74.73 70.46
 TMIN AV 42.73 45.00 47.68 51.83 56.88 60.85 59.64 59.51 58.71 54.51 47.66 43.69
 SD TMAX  4.58  5.40  4.65  4.38  3.94  5.10  3.87  3.54  3.43  3.68  4.32  4.63
 SD TMIN  4.16  4.24  4.02  4.09  3.70  2.18  2.51  1.75  2.32  4.19  4.81  4.45
 SOL.RAD  395.  474.  572.  630.  654.  580.  537.  523.  468.  472.  424.  378.
 SD SOL   77.9  89.5  86.6  86.3  82.0 105.3 108.9 102.6  94.5  79.1  70.7  70.3
 MX .5 P   .25   .30   .28   .33   .48   .90  1.17   .92   .85   .44   .34   .28
 DEW PT  36.44 36.54 34.76 35.94 42.79 55.30 58.24 58.11 57.31 51.15 42.59 38.56
Time Pk   .160  .270  .360  .460  .540  .640  .710  .770  .830  .890  .950 1.000
% N       6.30  7.14  4.51  3.78  3.12  4.42  4.63  5.53  6.33  6.23  6.24  7.35
MEAN      3.13  3.45  3.37  3.84  3.71  3.82  4.40  3.61  3.26  2.77  3.10  3.25
STD DEV   1.23  1.56  1.20  1.75  1.46  1.74  1.99  1.80  1.67  1.07  1.31  1.38
SKEW       .40  1.08   .86   .60   .47   .70   .69  1.33  1.20   .67   .91  1.29
% NNE     3.06  3.46  2.84  2.13  2.39  2.23  3.34  3.68  3.87  3.42  3.39  3.76
MEAN      2.87  3.02  3.11  3.53  4.32  3.68  4.04  3.04  2.90  2.71  2.98  2.95
STD DEV   1.19  1.11  1.41   .84   .89  1.73  2.15  1.45  1.15  1.05  1.23  1.13
SKEW      1.09   .55   .80   .49   .53   .75   .99  1.30   .86   .60   .87   .74
% NE      5.01  4.57  3.55  3.61  3.51  3.68  5.91  6.39  7.00  5.70  5.12  5.34
MEAN      3.17  3.09  2.87  3.89  2.77  3.52  3.76  3.41  3.35  3.06  2.84  2.90
STD DEV   1.74  1.59  1.23  1.29  1.25  1.83  2.19  1.71  1.70  1.42  1.44  1.39
SKEW      1.32  1.29  1.02  1.49  1.48  1.46  1.19  1.19  1.49  1.24  1.34  1.68
% ENE     3.02  2.65  2.31  2.36  2.25  2.29  3.98  3.73  5.05  4.24  3.66  3.02
MEAN      3.68  4.57  4.01  3.75  3.14  4.38  4.41  3.37  3.88  3.56  4.16  3.09
STD DEV   2.74  2.40  2.19  2.24   .83  1.98  2.30  1.70  2.12  1.95  2.36  1.54
SKEW      1.70   .62  1.11  1.60   .62   .89   .72  1.08  1.07  1.26   .87  1.04
% E       4.85  4.65  3.58  4.15  4.11  4.68  7.08  6.64  8.54  7.19  5.86  5.73
MEAN      3.42  4.00  3.78  3.70  3.98  3.86  4.07  3.83  4.14  4.11  4.47  4.04
STD DEV   1.68  2.29  2.21  2.09  2.14  2.04  2.07  1.88  1.96  2.11  2.44  2.16
SKEW      1.10   .84  1.16  1.13   .79  1.44   .96  1.11   .96   .66   .79   .69
% ESE     3.54  3.56  3.23  3.65  3.94  3.19  5.80  5.64  6.67  6.75  5.17  3.84
MEAN      3.52  4.24  4.15  4.34  4.05  4.09  4.20  4.11  4.45  4.45  4.43  3.81
STD DEV   1.86  2.09  1.85  1.98  2.01  1.73  1.85  1.75  2.08  2.12  2.20  1.88
SKEW      1.44   .79   .63   .81   .96  1.18   .74   .90   .74   .46   .74  1.16
% SE      7.63  6.66  5.56  6.08  6.05  7.36 11.17 10.21 10.92  8.61  8.00  7.19
MEAN      3.61  3.71  3.78  4.00  3.89  3.85  4.12  3.82  3.87  3.60  3.26  3.22
STD DEV   1.86  1.80  1.79  1.84  1.87  1.79  1.82  1.73  1.72  1.62  1.53  1.45
SKEW      1.06   .80   .83   .94   .74  1.01   .83   .93   .92   .94  1.17   .89
% SSE     4.88  3.63  3.71  3.30  3.76  4.01  5.07  4.57  5.11  4.25  5.04  4.01
MEAN      3.60  3.59  3.74  4.58  4.27  3.96  4.01  3.80  3.84  3.60  3.14  3.35
STD DEV   1.94  1.69  1.63  2.22  2.03  1.79  1.82  1.74  1.76  1.84  1.34  1.58
SKEW      1.20   .84   .78   .62   .87   .54   .76   .63   .80  1.04   .95  1.12
% S       5.88  5.37  5.11  5.90  6.16  6.22  6.10  6.32  4.98  6.04  5.04  5.27
MEAN      3.36  3.73  3.96  4.36  4.61  4.17  3.79  3.67  3.61  3.81  3.20  3.21
STD DEV   1.74  1.83  1.96  2.36  2.19  1.86  1.94  1.74  1.77  2.20  1.71  1.75
SKEW       .90   .68   .65   .95   .90   .62  1.14   .76  1.41  1.15  1.27  1.03
% SSW     2.51  2.50  3.76  3.58  4.72  4.22  2.47  2.28  2.50  2.72  2.93  2.44
MEAN      4.09  4.52  5.62  5.49  5.42  5.12  3.65  3.11  3.65  4.23  4.19  4.03
STD DEV   2.72  2.80  3.26  3.39  2.69  2.26  1.90  1.54  1.81  2.40  2.57  3.29
SKEW      1.36  1.09   .79   .75   .52   .24  1.05  1.08   .91  1.15  1.04  2.01
% SW      5.68  5.71  8.27  8.63 10.61  8.51  4.75  4.19  4.11  5.35  4.94  5.33
MEAN      4.87  4.82  6.77  6.25  6.25  5.76  3.80  3.65  3.82  4.46  3.91  4.83
STD DEV   3.18  3.20  3.88  3.28  3.10  2.77  1.99  1.78  1.88  2.49  2.57  3.37
SKEW       .93  1.02   .79   .64   .65   .52  1.21   .95   .93  1.16  1.18  1.05
% WSW     4.96  5.67  9.63 11.30 12.13 10.76  4.44  3.79  3.40  4.77  4.39  4.17
MEAN      5.53  6.18  7.54  7.11  6.58  6.06  4.43  3.84  4.34  5.50  5.13  5.96
STD DEV   3.23  3.09  3.64  3.21  2.84  2.63  2.30  1.79  2.16  2.95  2.64  3.87
SKEW       .58   .32   .34   .25   .33   .28   .77   .64   .76   .72   .59   .84
% W       7.90  9.71 11.73 13.40 13.17 11.63  7.11  7.88  6.58  6.86  8.32  6.88
MEAN      5.14  5.63  6.54  6.70  5.91  5.26  4.49  4.20  4.28  4.59  4.83  4.86
STD DEV   2.89  3.02  3.08  3.01  2.69  2.23  2.13  1.84  1.85  2.21  2.75  2.77
SKEW       .77   .70   .37   .45   .54   .65   .70   .67   .71   .58  1.09  1.00
% WNW     9.60 11.25 13.07 12.60  9.66  9.81  8.07  8.71  5.56  6.76  9.80 10.09
MEAN      5.34  5.45  6.14  5.83  5.17  4.88  5.01  4.67  4.24  4.19  4.94  5.28
STD DEV   2.70  2.51  2.81  2.68  2.42  1.98  2.15  2.16  2.06  1.88  2.42  2.56
SKEW       .66   .64   .43   .61  1.14   .74   .65   .76   .61   .71   .75   .79
% NW     11.61 12.59  9.81  7.55  7.37  8.22 10.49  9.90  7.47  9.11  8.27 11.02
MEAN      4.11  4.42  4.72  4.65  4.45  4.26  4.53  4.27  3.76  3.44  4.03  4.23
STD DEV   2.00  2.17  2.38  2.19  1.97  1.82  2.12  2.02  1.80  1.66  2.21  2.23
SKEW       .91  1.01   .80   .82   .81   .55   .89   .85  1.46  1.04  1.28  1.08
% NNW     5.59  5.30  4.09  2.82  3.26  3.53  4.86  4.81  4.30  4.89  5.54  6.48
MEAN      3.60  3.70  4.07  3.95  3.79  3.94  4.18  3.83  3.57  3.07  3.48  3.76
STD DEV   1.50  1.73  2.03  1.72  1.58  1.40  1.99  1.76  1.62  1.21  1.53  1.79
SKEW       .42  1.01  1.10   .23   .64   .95   .88   .78   .93   .43   .60  1.55
CALM      7.96  5.55  5.12  5.08  3.71  5.19  4.76  5.72  7.66  7.11  8.29  8.04
                                                                                
INTERPOLATED DATA (station & weighting factor)                                  
                                                                                
---Wind Stations---                                                             
DOUGLAS       AZ     .361  SILVER CITY   NM     .343  COLUMBUS      NM     .297 
