 Mexico    Merida Centro                                                        
 LATT=  20.97 LONG= -89.62 YEARS= 30. TYPE= 4
 ELEVATION =   29. TP5 = 3.55 TP6= 9.12
 MEAN P    .40   .41   .38   .55   .62   .55   .51   .43   .51   .51   .40   .41
 S DEV P   .47   .54   .30   .57   .70   .58   .56   .46   .57   .68   .50   .46
 SKEW  P  1.69  3.56   .25  1.62  2.56  2.14  2.37  3.22  3.02  3.61  2.04  1.82
 P(W/W)    .27   .27   .29   .24   .50   .56   .56   .52   .59   .57   .37   .31
 P(W/D)    .11   .08   .06   .05   .08   .23   .30   .33   .34   .18   .14   .10
 TMAX AV 84.18 87.41 91.09 94.92 96.36 94.17 93.88 93.61 91.78 88.69 86.11 84.55
 TMIN AV 65.72 66.83 68.86 72.42 75.23 76.10 74.98 75.07 74.77 72.64 69.00 66.84
 SD TMAX  5.46  5.94  6.29  5.33  4.62  4.07  2.70  2.57  3.18  3.76  4.24  4.83
 SD TMIN  4.93  4.99  4.79  3.99  2.84  1.88  2.68  1.41  1.60  3.34  4.46  4.87
 SOL.RAD  356.  426.  502.  557.  566.  523.  551.  529.  476.  419.  370.  337.
 SD SOL   74.3  86.9  88.6  82.8  93.1 114.2  83.4  86.3  88.7  79.0  68.4  63.2
 MX .5 P   .47   .39   .49   .53   .73  1.15  1.41  1.09  1.06   .74   .62   .51
 DEW PT  63.91 64.25 64.47 67.23 69.90 73.19 73.28 74.10 74.66 72.16 67.98 65.57
Time Pk   .270  .390  .480  .560  .630  .710  .770  .810  .860  .900  .950 1.000
% N       9.20  8.42  4.06  3.38  2.91  1.89  1.97  2.07  2.65  6.80 10.92  9.43
MEAN      3.71  4.19  4.40  3.72  3.96  4.01  2.28  2.90  2.73  3.84  4.75  4.03
STD DEV   1.60  1.80  1.95  1.66  1.58  2.24  1.10  1.33  1.52  1.60  2.08  1.90
SKEW       .45   .61   .12   .23   .49   .61   .48   .94  1.22   .35   .36  1.15
% NNE     4.98  4.56  3.63  3.07  3.21  2.15  1.25  2.26  3.63  7.27  4.60  4.69
MEAN      3.87  4.57  4.83  4.21  3.50  4.20  2.72  3.67  3.63  4.50  5.17  4.07
STD DEV   1.72  1.94  1.92  1.90  1.09  1.90  1.18  1.89  1.81  1.97  1.21  1.57
SKEW       .62   .33  -.08   .62   .27   .79   .43   .69  1.36   .57   .33   .19
% NE      4.97  3.67  3.93  6.28  6.50  3.06  1.99  3.62  7.12 12.18  7.61  4.47
MEAN      4.03  4.99  4.94  5.12  4.98  4.32  3.06  3.32  3.90  5.06  4.95  4.13
STD DEV   1.90  2.19  2.14  2.01  1.76  2.05  1.35  1.42  1.90  1.93  1.86  1.95
SKEW       .63   .82   .35   .07   .04   .15   .84  1.06  1.55   .56   .57   .75
% ENE     5.54  7.03  3.95  8.75  9.65  4.48  3.76  5.88 11.75 14.25 11.19  5.29
MEAN      4.53  4.58  5.39  5.21  4.99  4.58  3.63  3.82  4.78  5.31  5.31  4.48
STD DEV   1.66  1.86  2.04  1.79  1.65  1.70  1.45  1.31  2.01  2.19  2.06  1.75
SKEW       .00   .26   .61   .09  -.07   .62   .46   .49  1.28   .83   .30   .36
% E       6.19  6.90  8.89 10.71 12.45 12.88  8.25 13.48 16.55 11.99  9.68  5.26
MEAN      4.33  4.46  4.64  4.61  4.53  4.53  3.84  4.03  4.28  4.20  4.65  3.86
STD DEV   1.90  1.70  1.75  1.60  1.58  1.68  1.47  1.40  2.04  1.77  1.83  1.56
SKEW       .27   .02   .21  -.11   .06   .09   .14   .26  2.49   .92   .35   .38
% ESE    10.11  7.29 10.87 11.52  7.04 13.53 13.47 11.99 11.47  5.44  3.32  5.68
MEAN      4.86  5.06  5.02  4.81  4.66  4.46  4.04  4.03  4.38  4.07  4.08  4.45
STD DEV   1.80  2.05  1.77  1.68  1.48  1.71  1.52  1.46  1.99  1.96  1.34  1.60
SKEW       .09   .09   .19   .36   .37   .38   .83   .38  1.51  1.58  -.06   .34
% SE      9.47  7.52 12.94 10.43 10.87 11.62 13.15 11.16  7.23  5.35  3.17  4.60
MEAN      4.24  4.62  4.85  4.86  4.57  4.37  3.92  3.79  4.18  3.74  3.97  4.26
STD DEV   1.90  1.97  1.77  1.84  1.66  1.74  1.65  1.48  2.17  1.76  1.63  1.80
SKEW       .41   .22   .24   .22   .11   .25   .42   .33  1.80   .91   .68  -.04
% SSE     4.07  4.56  8.03  7.12  6.85  6.35  7.71  6.13  4.60  3.21  1.32  4.80
MEAN      4.26  4.81  4.90  4.35  4.30  3.69  3.59  3.59  4.68  4.40  2.11  4.41
STD DEV   1.79  2.11  1.70  1.80  1.70  1.83  1.70  1.88  2.66  2.20   .92  1.83
SKEW       .23   .70   .10   .60   .32  1.11  1.07  1.10  1.06   .92   .17   .57
% S       4.62  6.12  6.29  6.67  6.55  5.69  7.68  6.96  5.66  2.84  3.57  8.18
MEAN      3.37  4.41  4.05  3.73  3.50  3.49  3.03  2.95  3.79  4.41  3.25  3.65
STD DEV   1.50  2.15  1.97  1.72  1.51  1.58  1.42  1.38  2.31  2.29  1.30  1.60
SKEW       .67   .90   .66   .53   .47  1.03  1.09   .88  1.75   .68   .61   .88
% SSW     3.21  3.72  3.77  2.82  4.41  4.92  5.69  5.09  3.57  2.73  2.74  5.88
MEAN      3.44  4.28  3.98  3.56  3.47  3.67  3.02  2.96  3.66  3.59  3.34  3.33
STD DEV   1.49  2.18  1.81  1.57  1.59  2.20  1.55  1.38  1.98  1.71  1.54  1.31
SKEW       .92   .87   .26   .65   .83   .83  1.24   .97   .71   .40   .75  1.18
% SW      2.12  4.30  3.68  3.88  5.58  6.89  5.30  5.61  3.81  3.18  2.66  4.85
MEAN      3.27  3.63  3.82  3.29  3.20  3.36  2.73  2.83  3.07  3.61  3.35  3.09
STD DEV   1.44  1.82  1.74  1.64  1.57  1.95  1.38  1.38  1.86  1.67  1.84  1.39
SKEW      1.23  1.00   .39   .90   .81  1.08  1.03   .92  1.71   .47   .73   .91
% WSW     2.08  2.41  3.39  3.76  3.85  4.48  3.76  3.12  2.46  2.42  1.67  3.72
MEAN      3.24  3.98  4.74  3.43  3.47  3.61  2.84  2.83  2.70  3.58  4.10  3.59
STD DEV   1.67  1.66  1.79  1.67  1.48  1.87  1.50  1.46  1.41  1.51   .99  1.68
SKEW      1.03   .42   .21   .89   .27   .63   .81   .69   .66   .26   .20   .80
% W       3.22  5.40  5.36  4.55  4.84  4.20  3.28  2.81  2.06  2.76  5.40  4.48
MEAN      3.04  3.80  3.85  3.50  3.22  3.26  2.47  2.42  2.11  2.83  3.34  3.26
STD DEV   1.53  1.97  1.86  1.83  1.61  1.56  1.44  1.21   .96  1.17  1.58  1.68
SKEW       .72  1.11   .20   .55   .58   .50  1.74  1.15  1.27   .48   .67  1.46
% WNW     4.04  5.14  4.09  2.95  2.49  2.07  1.86  1.39  1.37  2.17  5.37  3.98
MEAN      3.85  4.19  4.38  3.74  3.51  2.99  2.42  2.51  2.49  3.39  3.75  3.89
STD DEV   1.83  2.24  1.63  1.91  1.72  1.43  1.22  1.56  1.04  1.43  1.71  1.71
SKEW       .68   .86   .19   .29   .34   .28   .74   .68  -.22   .18   .96   .59
% NW      8.43  7.61  5.54  3.46  3.37  2.62  3.14  2.19  2.69  5.06 10.51  6.56
MEAN      3.95  3.84  4.18  3.24  3.10  2.70  2.53  2.39  2.53  3.41  3.98  3.57
STD DEV   2.00  1.77  1.92  1.54  1.47  1.52  1.51  1.27   .99  1.34  1.63  1.59
SKEW      1.10   .72   .58   .74   .70  1.10  1.81  1.79   .49   .40   .22   .26
% NNW     6.61  5.96  4.18  2.81  1.87  1.88  1.53  1.41  1.71  4.13  7.71  7.83
MEAN      3.63  4.17  4.95  3.43  4.03  3.15  2.27  2.44  3.22  3.71  4.38  4.17
STD DEV   1.60  1.93  1.78  1.50  1.79  1.58  1.10  1.26  1.63  1.63  1.80  2.01
SKEW       .80   .55  -.09   .31   .27   .87   .44  1.09   .96   .32   .33   .85
CALM     11.10  9.44  7.44  7.86  7.58 11.10 16.10 14.84 11.65  8.25  8.41 10.26
                                                                                
INTERPOLATED DATA (station & weighting factor)                                  
                                                                                
---Wind Stations---                                                             
HOLLYWOOD     FL     .373  AVON PARK     FL     .339  MELBOURNE     FL     .288 
