 Mexico    Reforma Ii                                                           
 LATT=  15.90 LONG= -92.93 YEARS= 30. TYPE= 3
 ELEVATION = 2296. TP5 = 1.80 TP6= 6.00
 MEAN P    .21   .28   .49   .51   .56   .75   .73   .84   .80   .59   .30   .25
 S DEV P   .28   .45   .58   .59   .62   .82   .76   .89   .87   .80   .39   .48
 SKEW  P  3.17  2.82  2.00  1.77  2.54  2.24  1.92  1.80  2.07  2.79  2.79  2.98
 P(W/W)    .19   .23   .25   .33   .55   .73   .68   .72   .79   .59   .31   .23
 P(W/D)    .03   .03   .03   .08   .23   .43   .39   .45   .46   .25   .10   .05
 TMAX AV 81.54 84.61 87.30 88.76 86.59 83.13 83.93 84.14 81.73 81.05 80.79 81.04
 TMIN AV 59.14 60.27 62.31 65.41 67.39 67.14 66.40 66.69 66.52 65.11 62.17 59.91
 SD TMAX  4.12  4.07  3.92  3.55  3.90  3.57  2.96  3.15  3.20  3.39  3.48  4.21
 SD TMIN  3.38  3.30  3.58  2.78  1.95  1.41  2.16  1.33  1.31  2.72  3.64  3.63
 SOL.RAD  437.  499.  562.  582.  538.  475.  513.  508.  454.  440.  437.  426.
 SD SOL   76.0  82.5  87.1  83.3 112.5 128.1 118.4 106.5 103.6  95.4  78.8  71.4
 MX .5 P   .09   .17   .31   .44   .88  1.22  1.46  1.26  1.12   .93   .31   .19
 DEW PT  57.81 57.52 58.58 61.94 65.71 67.30 66.36 66.70 67.25 65.66 62.35 59.49
Time Pk   .270  .390  .480  .560  .630  .710  .770  .810  .860  .900  .950 1.000
% N       4.27  4.84  4.20  3.80  2.46  1.14   .94  1.15  2.38  2.92  5.16  4.61
MEAN      4.92  5.44  5.65  5.27  5.03  4.48  3.98  4.00  4.20  4.84  5.23  5.29
STD DEV   2.28  2.30  2.51  2.37  2.08  2.19  1.81  1.73  1.95  2.21  2.40  2.44
SKEW       .56   .35   .51   .71   .32   .93   .82  1.00   .77   .64   .62   .70
% NNE     4.97  4.74  4.48  5.14  3.10  1.82  1.48  2.17  4.38  4.33  5.78  4.69
MEAN      5.23  5.32  5.75  5.69  5.24  4.85  4.36  4.01  4.85  4.97  5.61  5.07
STD DEV   2.42  2.17  2.36  2.38  2.45  2.04  1.83  1.70  2.19  2.14  2.28  2.12
SKEW       .63   .42   .48   .52   .67   .55   .68   .89   .41   .62   .47   .82
% NE      6.12  6.08  5.71  5.90  3.73  2.70  2.26  3.59  5.86  5.56  5.49  4.54
MEAN      4.88  4.92  5.38  5.21  4.88  5.11  4.11  3.94  4.47  4.49  5.02  4.49
STD DEV   1.92  2.06  2.30  2.24  2.05  2.09  1.79  1.61  2.03  1.98  2.11  1.67
SKEW       .58   .71   .61   .69   .78   .64   .79   .78   .78   .83   .86   .45
% ENE     4.68  6.22  5.28  5.51  4.73  3.08  2.76  3.18  6.38  4.97  4.05  3.40
MEAN      4.34  4.34  4.79  4.76  4.61  4.79  4.15  4.18  4.18  4.29  4.28  4.11
STD DEV   1.51  1.55  1.86  1.95  1.86  2.01  1.70  1.66  1.65  1.64  1.66  1.52
SKEW       .64   .44   .72   .77   .68   .78   .83   .89   .89  1.04   .88   .87
% E       4.39  6.26  6.26  6.62  6.98  5.66  6.40  7.69  9.29  6.25  4.61  3.74
MEAN      3.96  4.17  4.67  4.73  4.68  4.71  4.36  4.34  4.33  4.08  4.18  3.99
STD DEV   1.47  1.55  1.74  1.96  1.92  1.77  1.69  1.68  1.62  1.52  1.48  1.47
SKEW       .61   .64   .48   .90   .84   .58   .75   .71   .68   .59   .80   .46
% ESE     3.66  4.64  6.15  7.94  9.07  9.80  9.34  9.63  8.68  5.51  4.00  2.86
MEAN      4.03  4.30  4.82  5.12  5.06  4.95  4.74  4.66  4.46  4.38  4.29  3.77
STD DEV   1.34  1.48  1.81  2.02  2.00  1.71  1.66  1.64  1.53  1.71  1.56  1.37
SKEW       .22   .45   .38   .60   .63   .44   .40   .44   .50   .62   .54   .34
% SE      5.64  6.92  8.87 11.08 14.69 17.65 16.55 15.26 11.68  9.41  5.49  4.84
MEAN      4.03  4.57  4.80  5.32  5.46  5.22  4.85  4.57  4.49  4.34  3.99  3.88
STD DEV   1.50  1.96  1.79  2.06  2.20  1.90  1.67  1.52  1.53  1.56  1.49  1.55
SKEW       .36   .83   .46   .48   .75   .51   .42   .42   .38   .56   .49  1.17
% SSE     3.05  4.50  6.47  8.10 13.51 17.04 18.01 12.60  9.04  8.28  3.43  2.83
MEAN      4.57  5.40  5.71  6.13  6.13  5.87  5.33  4.82  4.66  4.91  4.61  4.44
STD DEV   1.94  2.34  2.40  2.36  2.35  1.97  1.79  1.58  1.70  1.83  2.00  1.93
SKEW       .55   .72   .81   .24   .37   .24   .37   .31   .47   .45   .96   .59
% S       4.76  5.71  8.03  9.79 13.23 18.35 17.73 14.85 11.54 10.76  5.81  5.09
MEAN      4.73  5.12  5.69  5.85  5.54  5.73  5.13  4.67  4.67  4.85  4.86  4.83
STD DEV   2.03  2.24  2.30  2.36  2.00  2.02  1.78  1.67  1.77  1.89  2.08  2.08
SKEW       .69   .78   .47   .55   .44   .30   .36   .41   .57   .71   .97   .85
% SSW     9.06  7.94  8.80  8.85  9.44 11.55 10.97 11.64  8.74 10.39  9.26  8.99
MEAN      4.87  5.15  5.21  5.39  5.16  5.22  4.37  4.31  4.51  4.57  4.90  4.83
STD DEV   1.79  2.02  1.95  2.04  1.98  1.72  1.46  1.49  1.69  1.70  1.71  1.83
SKEW       .35   .54   .47   .61   .71   .23   .22   .34   .56   .38   .44   .52
% SW      8.70  6.73  5.76  4.58  3.68  2.56  3.26  4.89  3.49  5.23  8.85  8.41
MEAN      4.58  4.70  4.82  4.59  4.39  4.26  3.73  3.81  3.96  3.95  4.37  4.38
STD DEV   1.78  1.88  1.86  1.77  1.84  1.55  1.54  1.44  1.61  1.66  1.72  1.67
SKEW       .53   .82   .59   .48   .59   .05   .51   .65   .52   .65   .63   .63
% WSW     8.32  6.33  4.86  3.79  1.95   .98  1.65  2.20  1.75  3.77  7.47  9.25
MEAN      4.15  4.25  4.48  4.31  4.12  4.36  3.19  3.60  3.40  3.40  3.89  4.00
STD DEV   1.60  1.62  1.88  1.78  1.57  1.66  1.07  1.32  1.25  1.43  1.46  1.58
SKEW       .76   .60   .66   .87   .22   .41   .76   .41   .69   .84   .67   .89
% W       6.66  5.39  4.60  3.23  1.68   .67   .80   .99  1.04  2.81  5.31  7.50
MEAN      4.39  4.75  5.47  5.08  4.43  3.57  3.20  3.15  3.16  3.39  3.95  4.19
STD DEV   2.05  2.42  2.95  2.62  2.12  1.42  1.13  1.25  1.38  1.30  1.79  2.12
SKEW      1.42  1.46  1.14   .90  1.08   .44   .30  1.12  1.11   .86  1.50  2.28
% WNW     4.96  4.14  4.80  2.91  1.55   .56   .47   .63   .81  1.76  3.76  5.20
MEAN      5.07  5.64  6.42  5.46  4.70  3.37  3.40  3.23  3.84  3.98  4.85  4.80
STD DEV   2.56  2.99  3.15  2.67  2.02  1.13  1.42  1.22  1.60  1.90  2.27  2.45
SKEW      1.10   .94   .68   .74   .45   .30  1.05   .51   .31  1.02   .98  1.46
% NW      5.20  5.54  4.47  3.36  1.64   .67   .50   .53  1.17  2.30  4.41  5.70
MEAN      5.14  5.17  6.42  5.23  4.69  3.47  3.19  3.24  3.47  3.88  4.76  4.73
STD DEV   2.56  2.40  3.21  2.43  2.06  1.47  1.35  1.21  1.63  1.72  2.16  2.21
SKEW       .70   .67   .89  1.09   .65  1.23   .89   .57   .92   .74   .64   .83
% NNW     3.66  3.89  3.63  3.12  1.63   .78   .62   .68  1.20  1.95  3.80  4.15
MEAN      5.69  5.87  6.27  5.53  4.72  3.67  3.17  3.43  4.10  4.61  5.03  5.22
STD DEV   2.46  2.35  2.72  2.45  2.02  1.43  1.20  1.27  1.97  2.01  2.31  2.29
SKEW       .45   .37   .36   .73   .45   .66   .30   .05   .92   .65   .89   .55
CALM     12.01 10.15  7.60  6.17  6.99  5.00  6.32  8.30 12.52 13.75 13.34 14.18
                                                                                
INTERPOLATED DATA (station & weighting factor)                                  
                                                                                
---Wind Stations---                                                             
SAN ANGELO    TX     .374  SAN ANGELO    TX     .374  DEL RIO       TX     .251 
