 Mexico    Cedillo                                                              
 LATT=  17.25 LONG= -94.60 YEARS= 30. TYPE= 3
 ELEVATION =  223. TP5 = 2.46 TP6= 6.80
 MEAN P    .49   .47   .45   .40   .68  1.00   .88  1.03  1.01   .93   .80   .62
 S DEV P   .56   .62   .61   .62   .82  1.22  1.01  1.16  1.20  1.15  1.11   .70
 SKEW  P  2.22  2.72  2.61  5.63  1.68  2.22  2.40  2.02  2.79  2.45  2.97  2.11
 P(W/W)    .68   .62   .56   .51   .47   .74   .81   .82   .84   .73   .69   .68
 P(W/D)    .31   .26   .15   .13   .17   .37   .62   .57   .56   .39   .36   .34
 TMAX AV 77.92 80.95 85.50 90.37 92.18 89.64 87.12 87.24 86.32 84.17 80.92 78.56
 TMIN AV 64.63 65.94 68.93 72.81 75.21 74.82 73.32 73.42 73.38 71.53 68.35 65.85
 SD TMAX  5.75  6.14  6.18  5.17  5.04  4.55  2.84  2.80  3.50  4.21  4.84  5.35
 SD TMIN  4.23  4.33  4.67  3.97  2.92  2.08  2.63  1.33  1.61  3.01  3.85  4.43
 SOL.RAD  291.  353.  445.  508.  500.  443.  424.  422.  378.  346.  308.  282.
 SD SOL   90.1 104.1 101.7  93.4  98.0 116.4 106.7  93.9  96.4  89.1  87.4  79.3
 MX .5 P   .64   .67   .54   .46   .93  1.25  1.45  1.29  1.15   .96   .87   .85
 DEW PT  65.45 66.14 67.23 69.45 72.13 73.97 74.43 74.53 74.13 72.12 69.09 66.70
Time Pk   .220  .300  .360  .440  .500  .580  .630  .700  .770  .830  .900 1.000
% N      11.33  9.79  8.49  7.62  6.06  4.03  1.85  3.63  3.03  9.59 12.57 12.29
MEAN      5.13  5.24  5.10  4.44  3.28  2.88  2.79  3.01  3.29  4.38  5.05  5.02
STD DEV   2.00  1.93  2.13  1.82  1.41  1.09  1.28  1.33  1.84  1.70  1.97  1.92
SKEW       .16   .48   .35   .64   .65   .62   .71   .84  1.50   .23   .46   .24
% NNE     9.81  7.29  4.94  3.98  2.74  1.77   .90  1.87  2.06  8.10 10.57 10.59
MEAN      4.82  4.80  4.74  4.64  3.83  3.03  2.48  3.17  3.71  4.87  5.02  4.90
STD DEV   1.91  1.87  1.95  1.86  1.42  1.15   .78  1.34  1.80  1.79  1.78  1.79
SKEW       .72   .35   .32   .39   .05  -.09   .59   .69  1.23   .60   .23   .29
% NE     17.36 13.46  9.13  7.51  6.16  3.81  4.77  6.16 10.12 21.64 25.03 20.51
MEAN      4.50  4.56  4.66  4.35  3.74  3.23  3.02  3.13  3.81  4.85  4.76  4.65
STD DEV   1.74  1.75  1.84  1.85  1.71  1.59  1.27  1.37  1.71  1.91  1.60  1.73
SKEW       .70   .41   .17   .35   .44   .88   .76   .81   .67   .29   .20   .51
% ENE    10.20  7.46  5.31  6.79  5.30  3.63  4.44  6.35  8.75 12.89 12.94 10.74
MEAN      4.44  4.64  4.88  5.06  4.62  3.61  3.45  3.41  4.30  4.91  4.83  4.60
STD DEV   1.69  1.68  1.87  1.78  1.78  1.41  1.36  1.30  1.87  1.88  1.73  1.68
SKEW       .34   .21   .22   .02   .06   .41   .45   .42  1.21   .43   .40   .46
% E      13.06 14.60 14.73 23.46 22.32 16.79 23.13 20.86 20.46 15.67 10.85 13.64
MEAN      4.67  5.09  5.12  5.73  5.15  4.29  4.27  4.09  4.34  4.54  4.67  4.79
STD DEV   1.67  1.86  1.74  1.84  1.79  1.79  1.62  1.56  1.82  1.76  1.69  1.72
SKEW       .22   .17  -.13  -.06  -.08   .57   .51   .24   .84   .31   .28  -.01
% ESE     7.28  8.74 12.41 13.64 13.85 13.62 18.53 14.60 11.87  5.81  5.25  6.95
MEAN      4.93  5.20  5.01  5.62  5.16  4.58  4.40  4.41  4.50  4.30  4.67  4.93
STD DEV   1.69  1.81  1.67  1.79  1.72  1.66  1.45  1.47  1.72  1.58  1.41  1.60
SKEW      -.19  -.09   .15  -.09  -.03   .53   .22   .09   .78   .54  -.13  -.30
% SE      7.58 11.48 16.38 14.14 14.98 18.80 19.59 15.99 13.25  5.84  4.41  6.76
MEAN      4.62  4.79  4.94  5.01  4.35  4.03  3.99  3.86  4.18  4.12  4.34  4.71
STD DEV   1.55  1.70  1.61  1.58  1.59  1.62  1.44  1.50  1.77  1.59  1.52  1.57
SKEW      -.03   .24   .02   .03   .27  1.05   .49   .56   .73   .86   .07  -.15
% SSE     2.39  3.64  5.04  4.17  4.18  6.43  6.01  5.56  4.76  2.32  1.48  1.86
MEAN      3.96  4.38  4.54  4.69  4.01  3.85  3.63  3.62  4.15  4.45  4.10  4.53
STD DEV   1.66  1.64  1.49  1.71  1.55  1.52  1.30  1.52  1.67  2.65  1.14  1.15
SKEW       .22   .07  -.15   .51   .85  1.13   .41  1.01   .44  1.94   .21   .09
% S       4.48  4.59  5.42  3.40  5.85 10.12  7.21  5.96  7.92  2.49  2.19  2.86
MEAN      4.22  4.48  4.44  4.27  3.82  3.98  3.28  3.42  4.17  4.30  3.99  4.20
STD DEV   1.62  1.72  1.65  1.79  1.73  1.90  1.36  1.57  2.08  2.42  1.70  1.66
SKEW       .48   .37   .18   .50   .81  1.04   .90  1.08  1.65  1.27   .38   .87
% SSW     1.68  2.30  2.08  1.48  1.84  3.64  2.14  2.40  2.95  1.23   .80  1.12
MEAN      4.13  4.73  4.35  4.34  3.76  3.96  3.75  3.33  4.40  4.83  4.29  4.28
STD DEV   1.79  1.97  1.68  1.71  1.77  1.85  1.40  1.50  1.78  1.64  1.52  1.52
SKEW       .42   .60   .54   .28   .62   .86   .85  1.17   .57   .50   .43   .95
% SW      2.09  2.15  1.96  1.56  2.38  4.36  2.83  3.40  3.27  1.84  1.92  1.90
MEAN      3.97  4.31  4.43  4.27  3.66  3.80  3.38  3.21  4.14  4.23  3.84  4.04
STD DEV   1.51  1.62  1.61  1.76  1.65  1.66  1.47  1.49  2.02  1.94  1.67  1.88
SKEW       .37   .19   .28   .42   .85   .52   .62   .96   .52   .68   .35   .79
% WSW      .92  1.25  1.01   .81  1.09  2.01  1.08  1.37  1.87   .91   .74   .81
MEAN      3.10  3.86  4.48  5.38  3.96  3.58  3.15  3.62  4.27  4.10  4.30  4.62
STD DEV    .98  1.48  1.90  1.23  1.33  1.55  1.28  1.59  1.89  1.85  1.13  1.14
SKEW      -.44   .29   .49   .45   .07   .40   .59   .24   .67   .32   .07   .25
% W       1.71  2.22  1.56  1.27  2.15  2.11  1.53  2.63  1.93  2.08  1.57  1.12
MEAN      4.14  4.03  4.14  4.36  3.60  3.14  2.78  3.31  3.82  3.66  3.53  4.09
STD DEV   2.17  1.86  1.99  2.15  1.61  1.48  1.23  1.57  2.62  1.77  1.63  1.93
SKEW       .47   .89   .47   .44   .79  1.02   .66   .73  1.09   .30   .35   .48
% WNW     1.01  1.94  1.28  1.16  1.50  1.15   .59  1.19  1.00   .82   .95   .63
MEAN      4.36  5.68  5.22  5.03  3.76  3.20  3.20  3.47  2.60  4.20  4.31  5.04
STD DEV   1.62  2.78  2.24  1.51  1.75  1.17   .88  1.28  1.06  1.13  2.08  1.42
SKEW       .07   .27   .23   .32   .67  -.02   .03   .17   .48   .24   .75   .53
% NW      3.86  3.47  4.20  3.71  4.13  3.05  1.62  3.64  2.21  3.15  3.26  3.54
MEAN      5.96  5.60  5.35  4.42  3.49  2.95  3.13  3.06  2.94  4.11  4.48  5.18
STD DEV   2.49  2.46  2.41  1.84  1.48  1.23  1.40  1.37  2.17  1.68  2.22  2.17
SKEW       .04   .46   .39   .36   .64   .69  1.19   .67  1.91   .19   .56   .08
% NNW     3.73  4.54  4.94  3.79  3.11  1.59   .75  1.33  1.37  3.34  3.82  3.31
MEAN      6.00  5.91  5.75  4.61  3.50  2.93  2.91  3.20  3.14  4.48  5.67  5.86
STD DEV   2.21  2.39  2.17  1.87  1.20   .98  1.01  1.32  1.45  1.73  2.20  2.22
SKEW       .10   .55   .00   .64   .40   .60   .16   .54  1.48   .27  -.01   .31
CALM      1.50  1.07  1.16  1.46  2.28  3.13  3.02  3.05  3.14  2.24  1.68  1.27
                                                                                
INTERPOLATED DATA (station & weighting factor)                                  
                                                                                
---Wind Stations---                                                             
KEY WEST      FL     .334  KEY WEST      FL     .334  KEY WEST      FL     .332 
