 Norway    Nelaug                                                               
 LATT=  58.66 LONG=   8.63 YEARS= 30. TYPE= 3
 ELEVATION =  466. TP5 = 1.88 TP6= 3.23
 MEAN P    .36   .29   .27   .25   .28   .30   .31   .41   .40   .40   .39   .31
 S DEV P   .48   .37   .32   .30   .32   .36   .38   .51   .53   .54   .47   .40
 SKEW  P  3.19  2.55  1.97  2.22  2.23  2.78  2.25  2.57  2.31  2.64  2.21  2.47
 P(W/W)    .74   .63   .57   .61   .58   .58   .55   .57   .69   .68   .71   .68
 P(W/D)    .30   .32   .25   .24   .24   .28   .26   .31   .25   .34   .33   .31
 TMAX AV 33.51 34.44 40.05 48.65 58.42 64.33 68.76 66.11 58.31 48.46 39.79 34.36
 TMIN AV 25.02 24.39 27.16 33.41 41.02 47.41 51.93 50.83 45.12 37.83 31.75 26.16
 SD TMAX  7.77  8.00  7.60  7.59  8.17  6.79  6.59  5.76  5.49  5.90  6.68  7.97
 SD TMIN  9.19  9.46  7.92  5.94  5.50  4.39  4.21  4.35  5.38  6.89  7.04  9.15
 SOL.RAD   32.   87.  199.  329.  453.  501.  475.  362.  222.  108.   44.   22.
 SD SOL   15.8  35.3  68.1  95.0 118.1 119.7 115.6  95.4  79.5  47.1  21.0   7.1
 MX .5 P   .15   .18   .13   .15   .36   .49   .75   .66   .49   .33   .22   .09
 DEW PT  25.57 24.64 26.40 31.25 38.14 44.65 49.97 50.07 45.09 38.15 32.13 26.76
Time Pk   .130  .230  .320  .410  .500  .590  .670  .750  .830  .890  .950 1.000
% N       7.60  7.15  8.47  8.21  7.23  6.19  4.27  4.78  3.98  5.83  6.11  5.92
MEAN      4.83  5.07  4.61  4.59  4.59  4.49  4.26  4.21  4.35  4.23  4.52  4.44
STD DEV   2.26  2.53  2.06  1.95  2.00  1.92  1.85  1.75  1.90  1.86  2.38  2.31
SKEW       .70   .70   .65   .77   .66   .70   .76   .75   .80   .69  1.48  1.42
% NNE     3.33  3.81  5.88  4.57  4.08  3.08  1.67  2.23  1.74  3.11  3.86  2.50
MEAN      4.15  4.76  4.45  4.58  4.48  4.17  3.54  3.61  3.61  3.99  3.99  4.50
STD DEV   2.15  2.68  2.06  1.87  1.94  1.84  1.77  1.49  1.64  1.88  1.64  2.40
SKEW      1.47  1.12   .81   .36   .64   .93  1.44   .88   .90  1.45   .59  1.26
% NE      3.54  3.22  4.79  3.70  3.21  3.29  1.64  1.93  1.45  2.48  3.05  3.03
MEAN      4.23  3.73  4.24  3.98  3.77  3.57  3.21  3.28  3.25  3.37  3.80  3.94
STD DEV   2.20  2.12  2.05  1.86  1.68  1.57  1.38  1.38  1.56  1.43  1.63  2.05
SKEW       .76  1.13   .76   .91  1.01  1.06  1.20   .60  1.48   .71   .73   .92
% ENE     2.17  2.04  2.83  1.79  1.95  1.85   .78  1.29  1.00  1.34  1.54  1.36
MEAN      4.49  3.87  4.38  3.94  3.77  3.71  3.02  3.35  2.87  3.68  3.45  4.61
STD DEV   2.12  2.15  2.33  1.97  1.79  1.72  1.20  1.74  1.13  1.81  1.55  2.75
SKEW       .44  1.11   .73   .88   .78  1.12  1.19  1.21   .98   .76   .86   .76
% E       2.11  2.89  3.12  2.43  2.99  2.63  1.26  1.34  1.38  1.88  2.36  2.05
MEAN      3.07  3.18  3.61  3.33  3.61  3.50  2.85  3.13  2.88  3.17  3.47  3.58
STD DEV   1.49  1.68  1.80  1.42  1.50  1.56  1.05  1.58  1.21  1.44  1.64  1.90
SKEW      1.08  1.25   .89   .93   .73  1.02  1.46  1.67   .88  1.30  1.29  1.04
% ESE     1.73  2.19  2.80  2.73  3.09  2.71  1.72  1.44  1.70  1.91  1.97  2.01
MEAN      3.47  3.46  3.56  3.76  4.06  3.52  3.20  3.22  3.33  3.79  3.78  3.50
STD DEV   1.69  1.75  1.69  1.62  1.72  1.43  1.23  1.39  1.37  1.72  1.88  1.80
SKEW      1.04  1.20  1.03   .83   .82   .99   .67  1.39   .54  1.13   .99  1.12
% SE      2.85  4.58  4.68  6.15  6.59  6.86  4.97  3.89  4.73  5.72  5.15  4.73
MEAN      3.79  3.77  3.79  4.27  4.03  3.90  3.61  3.66  3.62  4.00  3.80  4.13
STD DEV   1.93  1.85  1.67  1.86  1.69  1.57  1.52  1.68  1.47  1.84  1.65  2.13
SKEW      1.06  1.02  1.11   .60   .85   .73   .86  1.21   .77   .92   .99  1.30
% SSE     4.44  3.95  4.76  6.87  6.85  8.82  7.90  6.55  7.67  7.04  6.52  6.54
MEAN      4.52  4.42  4.62  5.14  4.78  4.31  4.07  3.87  4.20  4.26  4.70  4.55
STD DEV   2.16  2.04  2.01  2.26  2.06  1.74  1.71  1.68  1.82  1.81  1.97  2.07
SKEW       .85  1.08   .83   .56   .63   .61   .73  1.05   .77   .87   .56   .70
% S       5.62  4.49  3.49  6.45  7.07  9.61 10.17  9.52 11.10  8.92  7.46  7.49
MEAN      4.42  4.21  4.24  4.70  4.50  4.38  3.91  3.95  4.52  4.24  4.33  4.27
STD DEV   2.06  2.04  2.10  2.18  2.25  1.96  1.72  1.89  2.27  2.04  2.05  2.00
SKEW       .69   .84   .93   .72   .91   .60   .92  1.08   .99   .94   .92   .92
% SSW     3.40  3.03  1.87  3.14  3.79  5.75  7.68  7.11  7.48  5.52  3.65  3.46
MEAN      4.43  4.77  4.06  4.46  4.56  4.73  4.40  4.27  4.61  4.41  4.51  3.96
STD DEV   2.25  2.73  2.13  2.11  2.29  2.17  2.01  2.04  2.21  2.01  2.13  1.80
SKEW      1.20   .88   .92   .93   .97   .70   .74   .93   .83   .86   .82   .65
% SW      3.58  3.60  3.50  3.50  5.51  5.72  8.15  7.56  7.89  6.43  5.99  4.82
MEAN      3.97  4.13  4.52  4.02  4.47  4.14  3.98  4.00  4.35  4.00  4.19  3.94
STD DEV   1.94  2.15  2.45  1.98  2.11  2.06  1.76  1.89  1.98  1.83  2.05  1.97
SKEW      1.46  1.28   .97  1.00   .69   .97   .88   .89   .88  1.20  1.34  1.06
% WSW     5.62  5.85  4.19  4.22  5.10  5.71  8.26  7.54  7.54  6.90  6.79  6.77
MEAN      5.13  5.27  5.38  5.07  5.46  4.80  4.65  4.45  4.73  4.81  4.95  5.23
STD DEV   2.59  2.93  2.83  2.40  2.60  2.23  2.03  1.99  2.16  2.14  2.40  2.68
SKEW       .98  1.04   .62   .85   .60   .87   .73   .81   .74   .71   .66   .63
% W      10.41  9.47  7.29  6.79  6.93  5.76  8.47  7.35  8.00  8.36 11.07  9.44
MEAN      5.75  5.96  5.99  5.63  5.35  4.77  4.87  4.62  4.84  5.35  5.28  5.53
STD DEV   2.88  3.24  2.86  2.68  2.32  2.26  2.22  2.14  2.13  2.34  2.46  2.77
SKEW      1.03  1.10   .75   .85   .52   .90   .76   .83   .82   .64   .90   .98
% WNW     8.07  8.72  8.78  7.30  6.05  4.74  5.83  6.65  6.23  6.85  8.18  7.64
MEAN      6.23  6.35  6.92  6.63  5.94  5.64  5.47  5.18  5.65  5.68  5.79  5.59
STD DEV   2.82  2.83  2.96  2.91  2.52  2.41  2.37  2.30  2.50  2.42  2.51  2.52
SKEW       .80   .67   .63   .46   .33   .58   .69  1.04   .91   .54   .74   .78
% NW     13.62 12.50 12.86 12.28  9.22  8.10  7.23  8.22  8.67  9.44 10.75 11.24
MEAN      6.19  6.54  6.78  6.29  6.12  5.55  5.13  4.96  5.53  6.01  5.60  6.23
STD DEV   2.66  2.90  2.71  2.69  2.68  2.43  2.14  2.06  2.34  2.54  2.44  2.84
SKEW       .55   .54   .36   .41   .59   .75   .53   .64   .62   .69   .73   .53
% NNW     9.00  7.85  8.48  8.26  8.79  5.96  4.99  5.46  5.33  6.72  4.66  7.09
MEAN      6.04  6.25  5.74  5.98  6.00  5.72  5.24  5.07  5.17  5.66  5.30  5.78
STD DEV   2.67  2.99  2.50  2.59  2.51  2.44  2.29  2.24  2.37  2.47  2.52  2.92
SKEW       .64   .52   .45   .43   .29   .40   .77   .77  1.01   .42   .67  1.32
CALM     12.86 14.66 12.20 11.65 11.51 13.30 14.98 17.19 14.14 11.52 10.95 13.95
                                                                                
INTERPOLATED DATA (station & weighting factor)                                  
                                                                                
---Wind Stations---                                                             
PRESQUE ISLE  ME     .565  CARIBOU/MUN   ME     .435                       .000 
