 Norway    Loksmyr                                                              
 LATT=  63.24 LONG=  10.44 YEARS= 30. TYPE= 2
 ELEVATION =  541. TP5 = 0.80 TP6= 2.98
 MEAN P    .28   .27   .26   .20   .19   .22   .23   .26   .28   .26   .27   .29
 S DEV P   .28   .28   .26   .22   .19   .25   .31   .31   .34   .28   .29   .28
 SKEW  P  1.84  2.55  1.86  2.68  1.93  2.37  4.91  2.72  3.09  1.87  1.86  1.42
 P(W/W)    .71   .73   .71   .64   .64   .72   .64   .69   .72   .71   .71   .72
 P(W/D)    .27   .29   .28   .25   .32   .39   .34   .39   .32   .32   .24   .30
 TMAX AV 32.28 33.53 39.25 47.95 55.31 60.67 65.91 64.23 57.40 46.40 37.58 32.83
 TMIN AV 23.29 22.75 26.19 32.75 39.35 45.55 50.31 49.67 44.10 35.98 29.50 23.99
 SD TMAX  8.44  8.24  6.52  7.82  9.34  8.83  8.76  7.73  6.71  7.16  7.45  9.00
 SD TMIN 10.15 10.75  8.89  6.16  5.72  5.05  4.82  4.92  5.78  6.81  7.78 10.41
 SOL.RAD   14.   62.  169.  311.  413.  432.  412.  313.  195.   89.   24.    6.
 SD SOL    8.3  28.9  56.4  77.6 110.4 135.9 117.3  93.5  69.5  36.9  13.5   2.5
 MX .5 P   .01   .08   .06   .16   .33   .37   .66   .49   .30   .18   .05   .06
 DEW PT  21.93 21.85 24.80 30.56 37.49 44.30 49.99 49.30 43.44 35.16 28.15 23.05
Time Pk   .250  .360  .450  .530  .600  .670  .720  .790  .850  .900  .950 1.000
% N       5.13  4.94  5.17  5.57  7.34  7.57  8.84  8.07  8.69  6.94  5.43  4.28
MEAN      4.13  3.86  3.90  3.74  3.81  3.69  3.65  3.52  3.71  3.42  3.63  3.45
STD DEV   2.10  1.82  1.68  1.62  1.56  1.42  1.44  1.35  1.56  1.43  1.69  1.55
SKEW       .91   .82   .62   .65   .52   .35   .48   .39   .61   .51   .74   .88
% NNE     4.91  4.96  4.18  4.69  6.26  6.03  7.44  6.36  7.27  5.90  5.15  4.01
MEAN      3.90  3.66  3.71  3.84  3.77  3.67  3.67  3.51  3.65  3.49  3.62  3.60
STD DEV   1.71  1.60  1.55  1.61  1.50  1.41  1.38  1.38  1.52  1.45  1.56  1.52
SKEW       .65   .62   .43   .56   .40   .31   .29   .31   .43   .56   .47   .53
% NE      3.93  3.53  3.40  3.64  4.63  4.04  4.92  4.42  5.04  3.81  3.51  2.95
MEAN      3.35  3.24  3.15  3.28  3.41  3.38  3.48  3.28  3.27  3.13  3.15  3.13
STD DEV   1.54  1.38  1.32  1.46  1.40  1.33  1.38  1.32  1.36  1.36  1.37  1.34
SKEW       .78   .54   .56   .62   .47   .41   .36   .32   .38   .68   .61   .56
% ENE     1.96  1.95  1.55  1.67  1.67  1.35  1.71  1.50  1.69  1.62  1.66  1.53
MEAN      3.01  3.13  3.11  3.02  3.05  2.88  3.08  2.80  2.83  2.76  2.82  2.68
STD DEV   1.32  1.42  1.42  1.27  1.20  1.11  1.25  1.11  1.18  1.15  1.24  1.06
SKEW       .65   .77   .70   .59   .50   .43   .64   .43   .88   .60   .63   .80
% E       3.60  3.03  2.71  1.93  1.59  1.19  1.09  1.14  1.68  2.18  2.71  2.97
MEAN      2.93  2.92  2.97  2.77  2.61  2.54  2.31  2.21  2.48  2.67  2.74  2.82
STD DEV   1.31  1.31  1.40  1.25  1.09  1.03   .95   .90  1.17  1.17  1.27  1.29
SKEW       .98   .80   .79   .80   .68   .70   .51   .56  1.17   .74   .82   .82
% ESE     4.89  3.78  3.77  2.48  1.87  1.31   .96  1.30  1.99  3.25  4.44  4.65
MEAN      3.17  3.08  3.23  3.07  2.74  2.59  2.27  2.36  2.52  2.87  3.25  3.10
STD DEV   1.46  1.37  1.46  1.39  1.17  1.04   .75   .97  1.06  1.28  1.50  1.48
SKEW      1.12   .74   .71   .93  1.08   .71   .35   .56   .96  1.15   .89  1.25
% SE      7.46  6.26  5.61  4.72  3.61  2.99  2.38  3.30  4.82  6.68  7.87  7.88
MEAN      3.39  3.22  3.22  3.24  2.98  2.84  2.68  2.77  2.84  3.10  3.35  3.36
STD DEV   1.54  1.48  1.42  1.42  1.24  1.11  1.02  1.09  1.19  1.26  1.45  1.45
SKEW       .84   .98   .78   .73   .60   .56   .49   .46   .62   .54   .82   .84
% SSE    10.87  9.85  8.98  7.55  6.04  5.28  4.14  5.67  7.32 10.10 11.61 12.53
MEAN      3.71  3.66  3.76  3.59  3.25  3.15  2.96  3.05  3.06  3.42  3.66  3.76
STD DEV   1.68  1.70  1.71  1.55  1.25  1.15  1.12  1.17  1.27  1.50  1.64  1.63
SKEW       .98  1.04   .96   .74   .64   .39   .43   .50   .74   .99   .87   .91
% S      15.84 14.46 14.09 12.09 10.20 10.04  8.05  9.42 10.68 14.05 15.62 16.32
MEAN      4.83  4.55  4.64  4.31  3.89  3.79  3.50  3.60  3.74  4.23  4.51  4.64
STD DEV   2.33  2.22  2.19  1.92  1.60  1.49  1.33  1.50  1.76  2.06  2.18  2.20
SKEW       .68   .71   .66   .62   .62   .62   .44   .59   .84   .83   .72   .71
% SSW    11.92 12.61 13.13 12.45 10.25 11.34  8.75  8.87  8.19  9.81 10.07 12.95
MEAN      6.09  6.05  5.91  5.54  4.75  4.45  4.13  4.23  4.66  5.44  5.93  6.02
STD DEV   2.41  2.46  2.30  2.21  1.86  1.66  1.49  1.68  2.01  2.38  2.48  2.48
SKEW       .14   .10   .27   .33   .41   .36   .44   .47   .53   .44   .10   .24
% SW      6.75  8.67 10.72 11.39 11.00 12.93 10.17  9.21  6.98  6.31  6.76  7.65
MEAN      5.98  6.02  6.08  5.66  5.01  4.63  4.21  4.24  4.63  5.15  5.84  6.17
STD DEV   2.57  2.47  2.43  2.39  1.99  1.83  1.62  1.70  2.12  2.43  2.71  2.69
SKEW       .12   .16   .23   .33   .43   .46   .51   .47   .63   .36   .18   .20
% WSW     1.78  2.73  4.09  5.51  6.06  6.77  6.02  5.40  3.30  2.40  2.17  1.71
MEAN      5.17  5.12  5.36  5.17  4.65  4.29  3.95  4.00  4.02  4.48  4.93  5.37
STD DEV   2.90  2.64  2.42  2.34  1.96  1.77  1.55  1.61  1.91  2.20  2.47  2.64
SKEW       .49   .46   .45   .50   .52   .55   .40   .48   .83   .52   .41   .49
% W        .84  1.41  1.90  3.49  4.70  5.29  5.85  5.04  2.85  1.64  1.06   .80
MEAN      2.81  3.17  3.89  3.91  3.61  3.57  3.52  3.33  3.05  2.76  2.88  2.98
STD DEV   1.29  1.55  2.02  1.84  1.54  1.50  1.40  1.33  1.32  1.29  1.50  1.45
SKEW       .85   .51   .71   .68   .62   .62   .51   .48   .61   .77   .81   .56
% WNW      .43   .69  1.11  1.87  2.71  3.15  3.89  3.40  1.88  1.19   .70   .42
MEAN      2.44  2.76  2.88  3.36  3.52  3.45  3.52  3.43  3.05  2.75  2.42  2.36
STD DEV    .83  1.19  1.21  1.44  1.50  1.28  1.32  1.32  1.11  1.11   .91   .82
SKEW      1.07   .61   .63   .66   .67   .53   .31   .27   .29   .41   .67   .56
% NW       .85  1.54  2.27  3.57  4.55  4.68  6.07  5.71  4.32  2.83  1.43   .84
MEAN      2.61  2.99  3.25  3.67  3.79  3.79  3.78  3.61  3.44  3.11  2.80  2.79
STD DEV    .96  1.20  1.47  1.60  1.54  1.51  1.47  1.42  1.42  1.37  1.27  1.06
SKEW       .52   .64   .81   .50   .34   .32   .28   .39   .33   .70   .89   .53
% NNW     1.75  2.64  3.45  4.65  6.12  5.58  7.97  7.17  6.42  4.09  2.35  1.55
MEAN      3.79  3.77  4.01  4.35  4.32  4.17  4.16  4.02  3.95  3.49  3.12  3.13
STD DEV   2.14  1.75  1.78  1.90  1.72  1.64  1.59  1.56  1.68  1.52  1.36  1.60
SKEW       .97   .71   .53   .38   .31   .36   .36   .36   .45   .75   .62  1.37
CALM     17.09 16.95 13.82 12.71 11.46 10.44 11.84 14.08 16.94 17.26 17.45 16.98
                                                                                
INTERPOLATED DATA (station & weighting factor)                                  
                                                                                
---Wind Stations---                                                             
SEATTLE       WA     .373  SEATTLE       WA     .373  TACOMA        WA     .255 
