 Russia    Solekul                                                              
 LATT=  49.20 LONG= 138.10 YEARS= 30. TYPE= 3
 ELEVATION = 3002. TP5 = 0.83 TP6= 1.53
 MEAN P    .06   .05   .08   .13   .17   .27   .36   .37   .26   .17   .09   .06
 S DEV P   .06   .06   .08   .15   .19   .31   .42   .47   .30   .18   .10   .06
 SKEW  P  3.04  4.27  2.72  2.73  2.14  1.86  2.74  3.34  2.70  2.38  2.77  1.98
 P(W/W)    .51   .52   .59   .63   .66   .60   .65   .66   .63   .63   .65   .56
 P(W/D)    .23   .24   .32   .32   .32   .33   .32   .40   .40   .36   .38   .26
 TMAX AV  1.07  9.86 24.47 41.31 58.28 68.00 73.50 70.52 59.52 42.75 20.49  2.77
 TMIN AV-18.59-10.71  4.69 22.96 37.23 48.41 56.01 53.90 41.00 25.60  3.62-15.52
 SD TMAX  8.69  9.07  9.48  9.74 10.24  8.20  6.75  6.39  8.20  9.71 11.26  9.39
 SD TMIN 10.02 10.10 10.81  8.10  6.91  6.29  5.10  5.77  7.69  8.59 13.42 10.85
 SOL.RAD  122.  207.  308.  384.  437.  455.  421.  358.  282.  183.  119.   96.
 SD SOL   28.1  46.6  68.7  93.3 127.5 134.5 120.5 108.4  91.1  61.5  30.2  17.6
 MX .5 P   .03   .07   .13   .21   .38   .52   .93   .73   .42   .24   .11   .07
 DEW PT -14.55 -7.53  6.14 21.66 36.43 49.68 57.41 55.70 43.28 25.50  5.86-11.47
Time Pk   .160  .280  .380  .480  .560  .650  .720  .790  .850  .910  .960 1.000
% N       6.97  6.93  7.32  8.54  8.26  7.26  8.38  8.62  9.52  6.96  6.61  6.64
MEAN      4.39  3.84  3.86  4.29  3.82  3.73  3.63  3.60  3.84  3.44  3.82  3.89
STD DEV   3.12  2.89  2.55  2.49  2.05  1.93  1.84  1.78  2.32  2.09  2.59  2.64
SKEW      1.31  1.89  1.34  1.14  1.09  1.30  1.09  1.17  1.61  1.45  1.56  1.31
% NNE     6.08  5.24  6.47  7.40  6.84  5.94  5.85  6.98  7.09  5.10  3.82  4.67
MEAN      7.81  5.66  6.60  5.96  4.97  4.56  4.28  4.31  5.09  4.64  5.00  6.26
STD DEV   5.08  3.51  4.06  2.89  2.34  2.22  2.16  2.22  2.82  2.95  3.60  4.45
SKEW       .55   .54   .67   .79   .47  1.31   .83   .57   .77   .72  1.13   .87
% NE      3.65  3.52  5.13  6.81  6.85  6.02  6.11  6.03  6.46  3.92  2.95  3.12
MEAN      4.99  4.02  5.23  4.63  4.24  4.18  3.59  3.83  4.18  3.74  3.78  4.30
STD DEV   3.75  2.94  3.35  2.74  2.24  2.36  1.89  2.07  2.21  2.56  2.70  2.92
SKEW      1.19  1.18   .81   .84   .81   .94  1.01  1.05   .86  1.31  1.14  1.08
% ENE      .70   .81  1.16  1.91  1.88  1.92  1.89  1.82  1.81  1.46  1.11   .95
MEAN      2.59  2.45  3.82  3.34  3.21  3.14  2.75  2.69  2.98  2.36  2.58  2.92
STD DEV   1.66  1.07  2.15  1.80  1.67  1.21  1.14  1.11  1.49  1.12  1.08  1.75
SKEW      1.67  1.16  1.35   .96   .95  1.48   .66   .76   .85  1.84  1.22  1.41
% E       1.28  1.61  1.74  2.13  2.76  2.31  2.74  2.48  2.26  2.10  1.69  1.62
MEAN      2.14  2.37  2.57  2.72  2.91  2.65  2.59  2.51  2.60  2.31  2.13  2.10
STD DEV    .96  1.06  1.34  1.25  1.54  1.19  1.08  1.10  1.15   .96   .91   .88
SKEW      1.31   .96  1.21  1.31  1.15  1.23  1.52  1.05   .96  1.11   .58   .62
% ESE      .71   .90  1.11  1.52  1.70  1.84  2.11  1.82  1.57  1.11   .96   .72
MEAN      2.07  2.62  3.21  3.48  3.37  3.43  2.98  2.91  2.74  2.56  2.60  2.42
STD DEV    .73  1.18  1.91  1.68  1.61  1.66  1.18  1.08  1.16   .87  1.12  1.07
SKEW       .15   .60  1.71   .90  1.03  1.01   .84   .41   .97   .38  1.77   .97
% SE      5.95  6.31  6.53  7.27  7.26  7.08  7.03  6.04  5.77  5.32  5.71  5.82
MEAN      4.00  4.43  4.21  4.09  3.93  3.99  3.44  3.36  3.48  3.42  3.13  3.72
STD DEV   2.31  2.14  2.06  2.09  2.04  2.00  1.77  1.64  1.79  2.07  1.93  2.23
SKEW       .66   .43   .69   .64   .82   .62   .89   .91   .90  1.09  1.42   .92
% SSE     7.66  8.67 10.07  9.90  9.96 10.56  8.81  8.04  7.45  7.27  5.99  6.21
MEAN      5.40  4.97  4.93  4.79  4.83  4.70  4.28  4.21  4.36  4.38  4.66  4.99
STD DEV   2.11  1.99  1.95  1.96  2.09  1.85  1.80  1.80  1.79  1.95  2.14  2.14
SKEW       .30   .37   .35   .29   .37   .35   .56   .51   .56   .32   .41   .25
% S      12.37 13.08 13.71 12.67 12.85 13.26 12.02 11.36 12.06 13.51 12.28 12.45
MEAN      4.39  4.05  4.11  4.30  4.22  3.99  3.78  3.88  3.89  3.80  3.90  4.13
STD DEV   1.97  1.86  1.71  1.79  1.79  1.65  1.60  1.60  1.64  1.66  1.79  1.85
SKEW       .69   .77   .56   .49   .59   .56   .60   .44   .65   .63   .80   .56
% SSW     5.05  5.86  5.79  4.95  4.77  5.35  4.23  4.56  4.62  5.52  5.26  5.82
MEAN      3.88  4.01  4.30  4.69  4.13  4.12  3.61  3.85  4.01  3.99  3.54  3.85
STD DEV   1.77  2.10  2.16  2.22  2.04  1.99  1.67  1.81  1.94  1.91  1.86  1.74
SKEW       .53   .69  1.01   .55   .89   .72   .79   .78   .87   .90   .93   .70
% SW      5.44  5.49  6.18  6.25  5.48  6.24  5.14  5.48  4.97  6.01  6.41  6.42
MEAN      3.84  4.35  4.66  5.35  4.96  4.87  4.19  4.30  4.69  4.35  3.93  3.67
STD DEV   2.25  2.64  2.71  2.86  2.81  2.55  2.23  2.39  2.83  2.50  2.33  1.99
SKEW      1.08   .98   .82   .36   .62   .39   .67   .81   .93   .79  1.18  1.18
% WSW     4.18  4.47  4.37  4.18  4.32  4.75  4.58  4.11  3.70  4.54  4.88  4.95
MEAN      3.59  4.03  4.64  5.52  5.40  5.27  4.94  4.59  4.25  4.13  3.58  3.34
STD DEV   1.80  2.31  2.55  2.85  2.65  2.39  2.24  2.23  2.46  2.23  1.93  1.75
SKEW      1.40  1.07   .62   .41   .43   .84   .98   .69   .64   .80  1.26  1.53
% W       4.58  4.40  4.16  4.45  5.36  5.12  5.94  5.10  4.83  4.91  5.00  4.81
MEAN      2.97  3.41  3.47  4.37  3.99  3.93  3.87  3.49  3.63  3.48  2.88  3.05
STD DEV   1.46  2.08  2.12  2.65  2.40  2.10  2.03  1.87  2.27  2.00  1.34  1.68
SKEW      2.07  1.61  1.52   .99  1.23   .84   .90  1.22  1.47  1.24  1.59  2.29
% WNW     1.75  2.08  1.95  2.28  2.48  2.61  3.08  3.24  2.55  2.45  2.43  1.95
MEAN      2.74  2.93  3.40  3.66  3.61  3.63  3.69  3.74  3.37  3.10  2.95  2.92
STD DEV   1.40  1.52  1.88  2.02  1.82  1.76  1.88  1.96  1.66  1.40  1.34  1.34
SKEW      1.61  2.46  1.55  1.27  1.08  1.13  1.18  1.27  1.27  1.82  1.79  2.09
% NW      4.84  5.33  5.59  6.21  6.57  6.65  6.68  6.99  6.38  4.98  5.25  4.19
MEAN      2.72  2.77  3.06  3.40  3.54  3.45  3.21  3.36  3.18  2.77  3.05  2.89
STD DEV   1.36  1.56  1.59  1.88  1.83  1.71  1.65  1.84  1.72  1.29  1.62  1.63
SKEW      1.17  1.64  1.52  1.30  1.46  1.12  1.50  1.66  1.75  1.01  1.22  2.35
% NNW     4.07  3.36  3.50  3.67  4.07  4.00  4.19  5.03  4.41  3.38  3.33  3.43
MEAN      3.57  3.34  3.50  3.60  3.60  3.60  3.52  3.59  3.44  3.44  3.07  3.12
STD DEV   1.85  1.81  1.84  1.59  1.59  1.61  1.50  1.61  1.59  1.68  1.48  1.46
SKEW      1.05  1.35  2.28   .93   .93   .91   .89   .74  1.49   .92  1.45   .97
CALM     24.74 21.94 15.24  9.93  8.51  9.08 11.23 12.29 14.51 21.44 26.30 26.30
                                                                                
INTERPOLATED DATA (station & weighting factor)                                  
                                                                                
---Wind Stations---                                                             
KALISPELL     MT     .800  SUPERIOR      MT     .105  CUT BANK      MT     .094 
