 Russia    Nizhne-Tambovskoe                                                    
 LATT=  50.90 LONG= 138.22 YEARS= 30. TYPE= 4
 ELEVATION =   66. TP5 = 1.20 TP6= 4.70
 MEAN P    .07   .06   .09   .14   .20   .26   .34   .35   .24   .18   .11   .07
 S DEV P   .09   .07   .11   .15   .22   .35   .49   .48   .33   .21   .15   .11
 SKEW  P  2.90  4.08  2.97  2.24  1.94  2.79  3.10  3.24  3.62  2.26  2.73  3.97
 P(W/W)    .58   .55   .49   .46   .54   .53   .54   .57   .61   .52   .52   .56
 P(W/D)    .25   .15   .18   .24   .29   .22   .25   .32   .32   .25   .28   .30
 TMAX AV -0.67  8.98 25.48 42.34 58.75 69.28 74.67 71.59 61.09 43.81 20.08  1.48
 TMIN AV-17.19-10.51  5.50 24.39 39.05 51.10 58.27 56.11 43.85 28.71  4.51-13.22
 SD TMAX  9.55  8.62  8.99  8.90 10.20  8.57  7.45  6.44  7.43  8.52 11.25 10.14
 SD TMIN 10.74 10.25 11.15  8.39  6.89  6.52  5.55  5.79  7.56  7.80 13.76 11.16
 SOL.RAD  107.  192.  303.  388.  430.  465.  428.  362.  276.  170.  108.   81.
 SD SOL   23.1  40.4  65.7  88.5 121.6 122.9 114.7 100.1  80.2  56.5  25.6  12.6
 MX .5 P   .04   .01   .09   .21   .39   .48   .89   .68   .39   .23   .14   .03
 DEW PT -14.00 -7.53  7.09 23.39 38.70 51.93 59.51 57.93 45.98 28.34  6.91-10.23
Time Pk   .130  .230  .320  .410  .500  .590  .670  .750  .830  .890  .950 1.000
% N       8.27  7.88  7.75  6.15  4.73  3.70  3.16  3.95  5.39  5.38  7.17  8.60
MEAN      4.47  4.50  4.51  4.66  4.07  3.61  3.27  3.37  3.59  3.71  4.12  4.42
STD DEV   2.25  2.26  2.23  2.32  1.96  1.64  1.49  1.63  1.78  1.95  2.03  2.14
SKEW       .88   .75   .82   .77   .71   .50   .68   .86   .92  1.10   .85   .87
% NNE     4.36  5.76  4.73  4.00  3.41  2.51  1.86  2.36  4.04  4.03  5.33  5.98
MEAN      4.53  4.98  4.69  4.45  4.15  3.62  2.90  3.36  3.64  3.79  4.12  4.68
STD DEV   2.11  2.23  2.22  1.95  2.22  1.67  1.22  1.55  1.71  1.70  1.83  2.04
SKEW       .62   .44   .74   .65  1.00   .66   .60   .54  1.05   .45   .78   .65
% NE      2.65  3.62  4.83  4.38  4.23  3.70  2.45  2.92  4.11  3.98  3.52  3.28
MEAN      4.33  4.49  4.79  4.77  4.25  4.05  3.16  3.66  4.02  4.01  3.97  4.35
STD DEV   2.25  2.37  2.31  2.40  2.03  1.91  1.20  1.57  1.91  1.77  1.83  2.02
SKEW       .39   .78   .76   .59   .83   .63   .40   .36   .68   .54   .55   .66
% ENE     1.42  2.18  3.40  3.57  4.04  2.82  1.98  2.03  3.07  2.76  2.50  1.18
MEAN      4.37  4.73  5.47  4.68  4.29  3.98  3.26  3.54  3.98  4.22  4.11  4.53
STD DEV   2.13  2.63  2.72  2.30  1.90  1.65  1.40  1.45  1.59  2.15  2.18  2.12
SKEW       .39   .77   .62   .64   .64   .42   .53   .21   .26   .77   .75   .24
% E       1.12  2.27  4.00  4.22  5.17  4.28  3.16  2.54  3.01  2.59  2.71   .94
MEAN      3.66  4.63  4.80  4.47  4.12  3.84  3.51  3.48  3.76  3.76  4.29  4.84
STD DEV   2.04  2.24  2.27  1.85  1.75  1.62  1.33  1.45  1.57  1.81  2.27  2.65
SKEW      1.13   .67   .55   .33   .50   .55   .26   .71   .36   .83   .94   .42
% ESE      .65  1.47  2.59  3.83  4.66  3.63  2.87  2.33  2.36  2.34  1.93   .80
MEAN      3.04  4.01  4.05  4.36  4.57  3.85  3.60  3.59  3.48  3.61  4.45  4.15
STD DEV   1.31  1.96  1.69  1.67  1.74  1.59  1.44  1.45  1.39  1.54  2.37  2.17
SKEW       .58   .62   .52   .17   .46   .37   .19   .39   .45   .48   .85   .57
% SE      1.14  1.63  3.32  5.99  6.64  5.90  5.47  4.66  4.14  3.38  2.05  1.18
MEAN      4.07  3.39  4.20  4.36  4.37  4.03  3.78  3.83  3.50  3.95  3.66  4.46
STD DEV   2.07  1.48  1.96  1.69  1.71  1.73  1.57  1.53  1.51  1.78  1.88  2.46
SKEW       .64   .48   .69   .39   .32   .40   .44   .23   .53   .75  1.15   .88
% SSE     1.53  2.41  3.20  5.34  5.95  7.11  7.39  6.46  5.31  4.24  3.07  2.11
MEAN      4.47  4.17  4.04  4.32  4.52  4.19  3.90  3.86  3.86  3.85  3.92  4.57
STD DEV   2.50  2.16  1.92  1.89  1.95  1.76  1.64  1.63  1.71  1.77  1.98  2.64
SKEW       .81   .68   .81   .45   .44   .30   .48   .49   .48   .78   .88   .95
% S       2.72  3.38  3.55  4.76  6.07  6.81  7.74  7.19  5.84  5.51  5.05  3.07
MEAN      3.71  3.78  3.85  3.90  3.77  3.66  3.50  3.45  3.51  3.41  3.71  3.46
STD DEV   1.84  1.89  1.69  1.81  1.75  1.67  1.61  1.53  1.51  1.61  1.70  1.80
SKEW       .98   .98   .62   .56   .70   .71   .78   .61   .45   .77   .80   .97
% SSW     3.31  3.00  2.59  3.22  4.86  6.02  6.35  5.31  4.71  4.46  3.71  3.50
MEAN      3.80  3.90  4.15  4.34  4.37  3.88  3.84  3.46  3.91  3.63  3.57  3.78
STD DEV   1.90  1.81  2.17  1.92  2.01  1.77  1.82  1.58  1.81  1.81  1.90  1.90
SKEW       .84   .75   .83   .37   .54   .61   .60   .65   .76   .82  1.15   .77
% SW      5.96  4.63  3.64  3.95  6.13  8.40  8.10  7.90  6.88  6.45  5.34  6.06
MEAN      3.97  4.05  3.90  4.09  4.19  3.90  3.72  3.49  3.55  3.60  3.73  3.95
STD DEV   1.88  1.79  1.89  1.96  1.93  1.65  1.64  1.49  1.58  1.76  1.77  1.90
SKEW      1.02   .77   .72   .71   .74   .45   .62   .59   .56   .83   .85   .80
% WSW     7.42  6.29  4.82  5.07  5.73  7.07  8.07  7.92  6.46  6.88  6.29  6.48
MEAN      4.19  4.55  4.45  4.50  4.10  3.74  3.55  3.54  3.62  3.73  4.03  4.33
STD DEV   2.13  2.23  2.40  2.20  1.86  1.65  1.59  1.54  1.62  1.76  2.06  2.22
SKEW      1.07   .82  1.07   .74   .71   .64   .82   .77   .69   .82   .95   .85
% W      14.50 12.91 11.43  9.55  9.03  9.34 10.77 10.69  9.15 10.86 10.98 12.48
MEAN      4.71  5.18  5.16  4.95  4.53  3.92  3.60  3.65  3.72  4.05  4.41  4.81
STD DEV   2.49  2.68  2.66  2.59  2.22  1.94  1.68  1.80  1.92  2.07  2.35  2.51
SKEW       .93   .97   .72   .71   .65   .86   .78  1.08  1.12   .90  1.09   .85
% WNW    12.56 11.81 10.04  7.92  6.24  5.62  5.62  6.19  6.19  7.77  9.11 11.10
MEAN      5.65  5.78  5.91  5.60  4.89  4.28  3.81  3.90  3.76  4.75  4.92  5.50
STD DEV   2.74  2.71  2.71  2.83  2.41  2.16  1.84  1.95  1.98  2.53  2.44  2.87
SKEW       .54   .56   .49   .60   .60   .58   .77   .76   .96   .71   .65   .75
% NW      9.87 10.12 11.26  9.16  6.32  5.61  5.67  6.14  7.41  7.66  8.79  9.80
MEAN      5.23  5.54  5.77  5.52  5.20  4.45  4.11  3.86  3.98  4.46  4.68  5.13
STD DEV   2.72  2.72  2.63  2.68  2.60  2.11  2.07  2.01  2.06  2.24  2.33  2.66
SKEW       .60   .60   .45   .73   .57   .47   .72   .84   .73   .62   .54   .75
% NNW     7.50  7.53  7.46  7.08  4.68  3.85  3.84  4.50  5.29  4.94  5.81  7.27
MEAN      4.27  4.74  4.67  5.00  4.47  4.11  3.70  3.78  3.73  4.07  4.40  4.25
STD DEV   2.12  2.39  2.23  2.36  2.22  2.05  1.78  1.97  1.87  2.06  2.41  2.24
SKEW       .96   .76   .78   .64   .67   .57   .65   .96   .75   .70   .83  1.05
CALM     14.95 13.01 11.45 11.71 12.08 13.60 15.49 17.04 16.62 16.64 16.63 16.25
                                                                                
INTERPOLATED DATA (station & weighting factor)                                  
                                                                                
---Wind Stations---                                                             
PORTSMOUTH/PE NH     .667  MANCHESTER/GR NH     .208  PORTLAND/INT  ME     .125 
