 Russia    Vajda-Guba                                                           
 LATT=  69.93 LONG=  31.98 YEARS= 30. TYPE= 1
 ELEVATION =   26. TP5 = 1.10 TP6= 2.85
 MEAN P    .08   .08   .07   .07   .07   .12   .16   .14   .11   .12   .10   .09
 S DEV P   .08   .07   .07   .06   .09   .16   .22   .19   .13   .12   .09   .08
 SKEW  P  2.62  2.45  2.84  2.06  3.66  2.66  3.30  2.23  3.23  2.13  2.25  1.99
 P(W/W)    .71   .71   .71   .68   .65   .59   .57   .64   .67   .77   .73   .72
 P(W/D)    .41   .42   .33   .43   .42   .35   .36   .33   .41   .50   .40   .41
 TMAX AV 28.55 27.91 30.78 35.20 40.09 45.48 51.42 51.83 47.74 40.41 34.45 31.64
 TMIN AV 22.97 22.72 26.78 31.38 36.20 41.68 47.56 48.30 44.48 37.03 30.08 26.39
 SD TMAX  6.35  6.44  4.70  4.64  4.81  4.89  4.72  4.05  3.99  4.67  4.98  5.51
 SD TMIN  6.52  6.70  4.95  4.38  3.63  3.73  3.74  3.12  3.68  4.84  5.44  5.81
 SOL.RAD    1.   32.  140.  288.  393.  378.  357.  280.  150.   51.    4.    0.
 SD SOL    3.8  21.2  50.0  76.8 107.6 119.1 121.6  92.7  61.5  26.0   5.4   0.0
 MX .5 P   .04   .07   .06   .15   .30   .40   .64   .46   .29   .19   .12   .07
 DEW PT  20.62 20.02 22.16 26.33 31.79 38.37 45.20 45.10 40.35 33.03 27.02 23.79
Time Pk   .250  .360  .450  .530  .600  .670  .720  .790  .850  .900  .950 1.000
% N       9.10  7.13  6.36  4.33  3.05  2.48  2.39  3.42  3.91  5.53  6.94  8.25
MEAN      4.75  4.29  4.18  3.88  2.80  2.40  2.01  2.15  2.71  3.55  3.99  4.16
STD DEV   2.66  2.62  2.26  2.18  1.38  1.06   .76   .93  1.67  2.09  2.25  2.47
SKEW       .83   .98   .84   .96  1.21   .80   .35   .84  1.53   .95  1.15   .97
% NNE     7.89  4.55  5.22  3.63  3.04  2.59  3.23  4.34  4.03  3.40  4.11  5.43
MEAN      4.96  4.75  4.45  3.82  3.14  2.35  2.19  2.21  2.39  3.20  3.93  4.64
STD DEV   2.78  2.71  2.36  2.25  1.66   .85   .69   .98  1.07  1.66  2.22  2.59
SKEW       .92   .66   .62   .97  1.04   .77  -.42   .80   .86  1.07  1.07   .69
% NE      2.81  2.56  3.02  3.38  4.35  3.34  3.81  4.02  3.82  3.46  2.70  2.93
MEAN      3.37  3.46  3.23  3.11  2.65  2.42  2.25  2.25  2.39  2.75  3.06  3.19
STD DEV   1.57  1.77  1.61  1.49  1.29   .93   .91   .90   .96  1.39  1.38  1.60
SKEW       .73   .76   .81   .79  1.03  1.05   .72   .48   .69  1.05   .83   .99
% ENE     2.72  3.06  3.32  3.10  2.71  2.93  3.27  3.95  4.59  4.37  3.46  3.58
MEAN      3.07  3.61  3.94  3.31  2.91  2.58  2.55  2.64  2.80  3.39  3.64  3.28
STD DEV   1.35  1.63  1.96  1.37  1.36   .94   .97  1.02  1.17  1.58  1.63  1.36
SKEW       .55   .68   .63   .53   .52   .67   .24   .32   .53   .73   .48   .44
% E       4.60  5.14  4.43  4.66  4.45  3.71  4.24  4.81  6.15  6.79  5.39  5.63
MEAN      3.67  3.82  3.45  3.55  3.21  2.91  2.49  2.78  2.98  3.45  3.23  3.78
STD DEV   2.00  1.94  1.59  1.71  1.49  1.32  1.02  1.34  1.34  1.76  1.40  1.87
SKEW       .74   .54   .76   .69   .94   .78   .77   .85   .86  1.03   .62   .49
% ESE     4.57  6.35  5.43  7.13  6.46  4.10  4.16  5.01  7.67  7.63  6.85  6.14
MEAN      4.83  4.69  4.72  4.68  4.24  4.04  3.59  3.57  4.33  4.52  4.78  4.63
STD DEV   2.17  2.02  2.02  2.03  1.97  1.64  1.69  1.65  1.91  2.09  2.06  2.10
SKEW       .24   .35   .47   .57   .74   .36   .61   .68   .53   .85   .52   .38
% SE      6.62  7.62  7.72  9.90  8.53  6.21  5.41  6.20  8.44 11.42 10.69  9.36
MEAN      4.76  4.50  4.68  4.76  4.51  4.12  3.82  3.72  4.58  4.65  4.96  4.76
STD DEV   2.39  2.33  2.15  2.11  2.04  1.94  1.81  1.80  2.21  2.37  2.43  2.43
SKEW       .50   .63   .33   .49   .43   .55   .55   .70   .43   .95   .51   .66
% SSE     5.92  9.17  8.29 12.05 11.88 10.89 10.75  7.91 10.07 12.48  9.74  6.92
MEAN      5.09  4.98  5.01  5.14  4.73  4.60  4.17  4.12  5.17  5.26  5.12  4.79
STD DEV   2.58  2.29  2.10  2.11  1.90  1.87  1.79  1.89  2.45  2.19  2.15  2.28
SKEW       .36   .34   .36   .27   .38   .30   .58   .64   .30   .32   .31   .50
% S       2.76  3.14  4.45  5.42  6.89 10.73  8.50  7.10  4.46  3.98  3.10  2.94
MEAN      3.33  3.54  3.85  3.79  3.69  3.79  3.43  3.16  3.40  3.75  3.50  3.51
STD DEV   1.98  2.07  1.96  1.77  1.63  1.65  1.43  1.46  1.64  1.91  1.75  2.00
SKEW       .69   .84   .57   .46   .38   .69   .67   .66   .52   .60   .56   .55
% SSW      .98  2.02  1.98  2.95  4.87  6.42  6.59  5.29  2.74  1.66  1.22  1.46
MEAN      3.40  3.34  3.40  3.50  3.81  3.64  3.55  3.25  3.33  3.37  3.67  3.47
STD DEV   1.62  1.71  1.79  1.47  1.57  1.36  1.42  1.32  1.46  1.67  1.86  1.54
SKEW       .83  1.17  1.06   .55   .58   .32   .39   .49   .65  1.26   .48   .87
% SW       .99  1.50  1.84  3.16  5.64  9.14  8.51  5.85  3.08  1.42  1.18  1.09
MEAN      2.73  3.03  2.80  3.04  3.12  3.41  3.11  2.84  2.71  2.69  2.76  2.98
STD DEV   1.29  1.28  1.45  1.28  1.15  1.39  1.24  1.15  1.15  1.03  1.25  1.32
SKEW       .90   .39  1.12   .63   .57   .43   .56   .74   .88   .43   .97   .58
% WSW      .75  1.22  1.63  1.75  2.83  3.63  3.64  2.88  1.69   .97   .74   .96
MEAN      3.18  2.64  2.82  3.09  3.23  3.11  3.08  2.80  2.57  2.64  2.49  2.78
STD DEV   1.42  1.07  1.28  1.22  1.36  1.30  1.19  1.11  1.04  1.08   .91  1.30
SKEW       .65   .92   .81   .50   .58   .66   .66   .52   .51   .48   .41   .70
% W       1.17  1.46  2.30  2.35  2.69  2.69  2.18  2.19  1.75  1.17  1.51  1.42
MEAN      2.78  2.84  2.65  3.16  3.17  3.05  2.59  2.46  2.48  2.58  2.47  2.69
STD DEV   1.32  1.52  1.05  1.42  1.47  1.39  1.02  1.13  1.06  1.22  1.08  1.33
SKEW       .52   .86   .51   .57   .74   .61   .61   .83   .87  1.02  1.25  1.13
% WNW     4.25  5.35  6.20  4.90  3.74  2.59  2.02  2.55  3.02  3.07  5.78  4.34
MEAN      3.69  3.96  3.59  3.82  3.47  3.63  3.12  3.05  3.10  3.30  3.49  3.45
STD DEV   1.48  1.88  1.54  1.49  1.42  1.43  1.22  1.36  1.29  1.44  1.33  1.42
SKEW       .58   .87   .85   .43   .53   .29   .35   .73   .55   .59   .88   .43
% NW      7.37  7.17  8.39  6.30  5.06  4.23  3.25  4.39  5.25  6.72  7.39  7.84
MEAN      3.72  3.71  3.36  3.36  3.20  2.90  2.70  2.69  2.76  3.31  3.38  3.26
STD DEV   1.65  1.61  1.52  1.47  1.39  1.29  1.14  1.24  1.27  1.35  1.49  1.40
SKEW       .91   .64   .91   .70   .65   .70   .53   .47   .77   .37   .57   .77
% NNW    14.86 11.61  8.60  5.41  3.27  1.99  1.71  2.96  4.17  6.08  9.01 10.51
MEAN      4.69  4.25  3.76  3.72  3.03  2.88  2.48  2.61  3.06  3.46  3.73  3.89
STD DEV   2.27  2.05  1.76  1.71  1.31  1.15  1.10  1.13  1.50  1.65  1.67  1.93
SKEW       .89  1.07   .91   .95   .59   .32   .90   .73   .76  1.02   .91   .93
CALM     22.64 20.89 20.73 19.63 20.54 22.27 26.22 27.15 25.07 19.84 20.12 21.01
                                                                                
INTERPOLATED DATA (station & weighting factor)                                  
                                                                                
---Wind Stations---                                                             
HAINES        AK     .378  GUSTAVUS      AK     .354  CORDOVA       AK     .268 
