 Russia    Ugut                                                                 
 LATT=  60.50 LONG=  74.02 YEARS= 30. TYPE= 2
 ELEVATION =  154. TP5 = 1.08 TP6= 2.57
 MEAN P    .07   .07   .09   .11   .16   .20   .20   .21   .17   .11   .10   .08
 S DEV P   .07   .07   .09   .13   .17   .23   .25   .29   .23   .13   .10   .08
 SKEW  P  1.97  2.52  2.49  2.58  2.18  2.32  2.56  3.24  4.19  2.19  2.07  2.88
 P(W/W)    .67   .67   .59   .56   .56   .56   .55   .60   .60   .71   .69   .69
 P(W/D)    .37   .28   .29   .30   .34   .34   .29   .39   .38   .42   .47   .46
 TMAX AV  1.91  8.22 25.30 37.69 52.43 66.85 72.17 64.80 51.97 36.67 16.89  6.75
 TMIN AV-10.62 -6.69  7.49 19.39 34.36 49.75 54.86 48.62 38.24 26.33  4.67 -5.99
 SD TMAX 16.86 14.80 11.58 12.42 13.20 11.04  8.85  8.69  9.67 10.13 14.86 16.39
 SD TMIN 18.33 17.06 14.94 13.20  9.46  8.38  6.51  6.23  7.08 10.33 17.50 18.19
 SOL.RAD   28.   97.  207.  339.  426.  484.  469.  335.  200.  100.   36.   14.
 SD SOL   14.2  36.8  56.8  89.1 119.3 121.9 115.5 100.0  75.9  38.8  16.3   5.3
 MX .5 P   .11   .11   .15   .22   .39   .47   .73   .55   .35   .19   .11   .07
 DEW PT  -8.43 -3.47 10.87 20.92 32.74 47.90 53.69 50.29 39.54 27.10  7.40 -3.50
Time Pk   .250  .360  .450  .530  .600  .670  .720  .790  .850  .900  .950 1.000
% N      13.90  9.40  6.20  3.90  2.10  1.40  1.10  1.50  3.50  6.30 10.20 11.60
MEAN      3.44  2.90  3.30  2.92  2.42  2.10  2.42  2.29  2.74  2.77  2.92  3.05
STD DEV   1.87  1.41  1.77  1.65  1.03   .87   .81  1.14  1.67  1.51  1.60  1.62
SKEW      1.21  1.19  1.04  1.33   .84   .62   .33   .87  1.65  1.12  1.32  1.58
% NNE    21.60 10.80  8.40  3.90  1.40  1.10   .60  1.10  2.40  6.80  8.80 11.50
MEAN      6.65  5.01  4.98  4.57  3.03  2.48  2.35  2.91  4.04  4.76  4.45  5.11
STD DEV   4.43  3.21  2.64  3.06  1.38  1.17   .96  2.00  2.48  2.56  2.85  3.13
SKEW      1.27  1.28   .86  1.11   .74   .81   .49  1.81   .63   .38  1.39  1.04
% NE      6.40  4.90  5.80  2.50  1.90   .90   .80  1.10  1.80  3.30  5.00  4.20
MEAN      4.39  3.27  4.04  2.54  2.47  2.13  1.89  1.92  2.41  2.81  2.82  3.34
STD DEV   3.09  2.52  2.30  1.35  1.52  1.22   .61   .71  1.55  1.63  1.61  2.18
SKEW      1.21  2.20   .76  1.03  1.69  1.34   .05   .14  1.65  1.29  1.40  1.45
% ENE     1.20  1.40  1.60   .50   .30   .30   .20   .10   .20   .60   .90   .50
MEAN      3.12  6.67  5.74  3.03  2.52  2.52  2.02  2.02  2.52  2.02  3.36  3.03
STD DEV   1.46  4.05  3.30  1.18   .52   .52   .00   .00   .52   .59  2.03  1.25
SKEW       .57   .53   .20   .65   .00   .00   .00   .00   .00   .00  1.20   .82
% E       1.70  1.70  2.30  2.10  1.20   .80   .50   .80  1.00  1.70  2.50  1.40
MEAN      3.15  2.52  2.86  2.38  2.02  2.02  2.02  1.59  1.91  2.26  3.45  3.39
STD DEV   1.64  1.19  1.56  1.04   .87   .59   .65   .50   .58  1.07  2.01  1.74
SKEW      1.04  1.05  1.16   .75   .88   .00   .00  -.29  -.02  1.01   .79   .71
% ESE     2.30  2.40  2.70  2.10  1.40   .70   .50   .80  1.30  2.00  2.60  3.20
MEAN      3.85  4.25  4.04  3.23  2.56  2.77  2.35  2.02  3.03  3.28  4.47  4.75
STD DEV   1.69  1.89  2.10  1.74  1.02  1.22   .49   .54  1.74  1.60  2.61  2.33
SKEW       .82   .50   .59  1.46  1.02   .49   .71   .00  1.04   .81   .55   .45
% SE     11.00 10.60 12.20 10.90  8.40  8.20  5.80  5.70  7.50  9.50 12.10 16.10
MEAN      5.26  5.15  4.46  3.93  3.25  2.94  3.17  3.03  3.41  4.50  5.19  5.49
STD DEV   2.55  2.81  2.45  2.26  1.58  1.39  1.56  1.57  1.91  2.59  2.88  2.82
SKEW       .49   .60   .68  1.06  1.07  1.24  1.19  1.27  1.25   .70   .76   .71
% SSE    15.10 16.70 14.10 15.10 17.20 21.30 21.20 17.40 14.00 13.80 14.80 18.00
MEAN      6.09  6.00  5.15  4.70  4.38  4.26  4.42  4.18  4.40  5.27  5.85  5.89
STD DEV   2.68  2.45  2.17  2.04  1.77  1.67  1.72  1.71  1.87  2.37  2.84  2.63
SKEW       .54   .32   .25   .35   .39   .32   .33   .43   .42   .62   .79   .73
% S       4.70  7.70 10.70 15.30 17.70 25.00 31.70 29.40 18.30 11.30  7.20  7.30
MEAN      4.75  4.58  4.52  4.24  4.00  3.98  4.30  3.90  3.88  3.95  4.41  4.73
STD DEV   2.18  2.23  2.15  2.00  1.67  1.69  1.76  1.69  1.70  1.88  2.32  2.05
SKEW       .42   .42   .44   .56   .44   .58   .32   .51   .51   .62  1.11   .35
% SSW     2.60  4.60  7.00  8.90 11.70 10.90 11.20 11.20  6.70  4.80  3.90  3.50
MEAN      5.80  4.77  4.93  4.54  3.91  3.76  3.78  3.57  3.21  3.21  5.38  5.67
STD DEV   2.63  2.26  2.25  2.01  1.68  1.55  1.52  1.51  1.31  1.56  2.52  2.43
SKEW       .39   .26   .41   .55   .68   .63   .65   .76   .92  1.18   .20   .22
% SW      1.20  3.40  3.80  5.30  5.60  4.80  3.30  3.70  3.20  2.80  2.30  2.30
MEAN      4.04  4.33  4.65  4.05  3.51  3.61  2.71  2.71  2.84  2.74  3.90  4.87
STD DEV   2.15  2.31  2.49  2.21  1.77  1.68   .99  1.04  1.21  1.55  2.20  2.14
SKEW       .42   .48   .44   .59   .82   .72   .66   .66   .89  1.14   .55   .26
% WSW      .50  1.40  1.60  3.30  3.50  3.10  2.60  2.80  2.80  1.30   .90   .70
MEAN      3.78  4.35  4.71  4.54  3.63  3.58  3.59  3.33  3.62  2.77  4.94  4.37
STD DEV   1.52  2.40  2.24  1.96  1.49  1.28  1.41  1.16  1.51  1.11  2.05  1.83
SKEW       .43   .71   .46   .48   .60   .13   .42   .58   .36   .51  -.08   .19
% W        .80  1.90  2.60  4.00  4.50  3.30  3.50  2.90  3.50  2.10  1.20   .70
MEAN      4.04  3.82  3.92  4.11  3.63  3.20  3.20  3.72  3.69  3.22  3.36  3.63
STD DEV   2.39  1.79  2.07  2.01  1.59  1.28  1.29  1.43  1.43  1.52  2.20  1.66
SKEW       .47   .84   .54   .56   .40   .44   .34   .41   .26   .94   .98   .38
% WNW      .50  1.10  1.40  1.80  2.30  1.80  1.50  1.30  1.80  1.30   .90   .50
MEAN      4.71  4.24  4.35  4.04  3.82  3.66  3.41  3.49  3.77  3.10  3.03  4.29
STD DEV   2.12  1.81  1.88  1.79  1.49  1.28  1.16  1.41  1.46  1.35  1.44  1.97
SKEW      -.24   .66   .41   .49   .38   .18   .13  -.01   .47   .65   .71   .28
% NW      1.70  2.70  2.50  2.10  1.70  1.50   .70   .90  1.70  2.20  2.40  1.70
MEAN      2.52  2.54  3.43  3.44  3.26  2.62  2.40  2.69  3.03  2.71  2.44  2.52
STD DEV    .95  1.15  2.08  1.77  1.72  1.22   .87  1.17  1.47  1.34  1.05  1.07
SKEW      1.15  1.02   .94   .64  1.36   .81   .39   .67   .54   .95   .67   .79
% NNW     4.10  2.50  2.10  1.60  1.10   .80   .40   .70  1.20  2.20  2.90  3.20
MEAN      3.35  3.03  3.38  3.30  2.93  2.77  2.69  2.69  3.19  3.25  2.76  2.96
STD DEV   1.52  1.25  1.48  1.31  1.32  1.22   .49   .76  1.70  1.52  1.28  1.28
SKEW      1.13   .77   .64   .61   .46   .49  -.71   .63   .91   .86   .91  1.26
CALM     10.70 16.80 14.90 16.80 17.90 14.00 14.50 18.50 29.00 28.20 21.30 13.50
                                                                                
INTERPOLATED DATA (station & weighting factor)                                  
                                                                                
---Wind Stations---                                                             
BELLINGHAM    WA    1.000  WHIDBEY IS.   WA     .000                       .000 
