 Russia    Kislovodsk                                                           
 LATT=  43.90 LONG=  42.72 YEARS= 30. TYPE= 3
 ELEVATION = 2920. TP5 = 2.15 TP6= 4.67
 MEAN P    .10   .10   .14   .19   .26   .32   .29   .26   .21   .17   .15   .13
 S DEV P   .11   .12   .14   .24   .31   .42   .36   .34   .25   .18   .16   .15
 SKEW  P  2.37  2.66  1.74  2.75  2.85  3.66  2.76  2.90  1.80  2.09  1.98  1.96
 P(W/W)    .41   .41   .48   .61   .64   .63   .61   .56   .58   .51   .47   .40
 P(W/D)    .18   .18   .26   .30   .34   .39   .29   .26   .25   .19   .18   .17
 TMAX AV 34.06 35.94 43.28 54.25 62.30 68.78 73.28 73.69 65.92 56.13 44.82 36.67
 TMIN AV 19.36 19.78 26.85 35.46 44.20 51.29 55.53 54.95 47.08 38.12 28.58 21.67
 SD TMAX  8.58 10.23 10.21  9.48  7.96  6.64  5.91  6.04  8.35 10.11 10.27  9.20
 SD TMIN  9.03  9.77  7.48  6.50  5.14  4.24  4.02  3.87  5.47  6.88  8.01  9.63
 SOL.RAD  134.  205.  282.  362.  428.  482.  501.  445.  343.  227.  146.  109.
 SD SOL   32.9  49.4  72.6  99.1 116.0 129.8 117.0  99.8  84.0  67.8  40.1  27.5
 MX .5 P   .11   .15   .23   .31   .54   .74   .92   .63   .44   .24   .16   .12
 DEW PT  19.17 20.23 27.59 36.70 46.41 53.26 57.06 56.45 49.64 40.36 29.21 21.88
Time Pk   .130  .230  .320  .410  .500  .590  .670  .750  .830  .890  .950 1.000
% N       2.19  2.71  2.55  3.11  3.01  3.38  2.96  3.23  3.69  3.42  2.28  2.48
MEAN      2.89  3.22  3.03  3.40  3.25  3.21  2.77  2.95  2.91  2.97  3.19  3.04
STD DEV   1.22  1.41  1.35  1.46  1.64  1.49  1.22  1.30  1.28  1.35  1.43  1.40
SKEW       .67   .39   .48   .53   .83   .64   .60   .56   .58   .77   .85   .62
% NNE     2.88  2.95  2.73  2.67  3.01  2.81  3.19  3.81  4.25  4.01  2.45  2.48
MEAN      2.88  2.86  3.04  3.18  3.11  2.95  3.09  3.10  3.16  3.07  2.99  2.82
STD DEV   1.17  1.20  1.35  1.37  1.45  1.24  1.31  1.48  1.44  1.36  1.32  1.22
SKEW       .47   .89   .65   .48   .81   .55   .61   .96   .66   .72   .74   .71
% NE      4.68  4.82  4.66  3.57  5.40  5.27  5.98  6.81  7.64  7.69  4.88  4.49
MEAN      2.85  2.84  3.08  3.02  3.19  2.81  2.83  2.71  3.05  2.88  2.78  2.86
STD DEV   1.51  1.22  1.23  1.33  1.43  1.17  1.28  1.22  1.40  1.31  1.22  1.34
SKEW      1.00   .67   .37   .78   .80   .79   .94  1.12   .87   .96   .95   .75
% ENE     4.75  5.59  5.01  3.80  4.84  4.68  4.15  5.08  6.38  6.85  3.74  4.21
MEAN      3.05  3.05  3.16  3.00  3.22  2.89  3.06  2.84  3.18  2.97  2.79  3.02
STD DEV   1.46  1.44  1.28  1.17  1.39  1.19  1.39  1.18  1.42  1.28  1.11  1.41
SKEW       .80   .89   .49   .42   .85   .54   .97   .75  1.01   .56   .57   .92
% E       4.32  4.00  4.04  3.52  4.41  4.63  4.59  4.44  5.27  5.69  4.01  4.19
MEAN      2.77  2.66  2.95  2.95  2.82  2.81  2.80  2.73  2.75  2.75  2.68  2.50
STD DEV   1.16  1.04  1.29  1.22  1.19  1.24  1.14  1.21  1.23  1.25  1.14  1.05
SKEW       .55   .80   .72   .44   .75   .64   .73   .74   .84   .72  1.26   .60
% ESE     2.01  2.15  2.42  2.29  2.70  2.73  2.27  2.74  2.89  3.02  2.02  2.03
MEAN      2.34  2.61  2.98  2.96  2.56  2.85  2.58  2.61  2.74  2.72  2.59  2.69
STD DEV    .89  1.14  1.35  1.45  1.10  1.29  1.00  1.20  1.13  1.13  1.22  1.16
SKEW       .44   .92   .63   .92   .85   .67   .52   .79   .83   .47   .67  1.01
% SE      2.51  2.61  3.30  2.99  3.15  3.51  3.03  3.61  3.31  3.02  2.75  2.55
MEAN      2.75  3.06  3.26  3.62  2.87  2.75  2.66  2.49  2.85  2.90  2.72  2.97
STD DEV   1.36  1.54  1.64  1.63  1.35  1.24  1.27  1.09  1.30  1.41  1.17  1.53
SKEW       .84   .73  1.08   .66   .87   .71   .92   .84   .80   .72   .83   .73
% SSE     2.95  2.82  4.04  3.89  2.81  3.21  2.83  2.65  2.78  2.42  2.53  2.68
MEAN      3.16  3.37  4.09  3.98  3.07  2.90  2.72  2.67  2.95  2.88  3.45  3.22
STD DEV   1.47  1.69  1.90  1.73  1.32  1.24  1.16  1.17  1.17  1.27  1.71  1.49
SKEW       .66   .75   .74   .49   .75  1.05   .75   .67   .55   .76   .86   .64
% S       6.96  5.28  5.60  6.92  6.18  5.51  5.43  4.64  5.13  4.16  5.35  5.87
MEAN      3.84  3.86  3.97  4.07  3.21  2.94  2.84  2.85  3.03  2.89  3.48  3.79
STD DEV   1.99  1.95  1.72  1.87  1.50  1.24  1.24  1.23  1.31  1.23  1.81  1.90
SKEW       .82   .65   .56   .47   .96   .84   .81   .66   .55   .82   .91   .86
% SSW     9.44  7.10  6.61  8.37  6.28  5.66  7.35  4.85  4.34  4.08  6.38  5.79
MEAN      4.22  4.21  4.60  4.25  3.50  3.33  3.23  3.16  3.15  3.18  3.90  4.00
STD DEV   1.97  1.98  2.26  1.91  1.55  1.40  1.37  1.31  1.30  1.35  1.93  1.88
SKEW       .91   .80   .83   .79   .66   .57   .47   .61   .64   .62   .74   .68
% SW      6.29  5.49  5.63  6.50  6.22  5.72  6.27  4.40  4.24  3.79  5.59  5.93
MEAN      3.85  3.95  4.07  4.27  3.44  3.20  3.12  2.93  3.06  3.33  3.69  3.42
STD DEV   2.04  2.10  2.14  2.24  1.67  1.46  1.41  1.34  1.39  1.74  1.79  1.68
SKEW       .73   .92   .80   .96   .81   .78   .72   .75   .62   .98   .89   .79
% WSW     7.90  7.98  8.32  8.42  7.35  6.90  6.04  4.89  4.71  4.70  8.35  7.75
MEAN      4.40  4.51  4.83  4.72  3.98  3.47  3.27  3.16  3.17  3.48  4.05  4.21
STD DEV   2.12  2.26  2.29  2.32  1.94  1.54  1.50  1.39  1.43  1.58  1.74  1.90
SKEW       .57   .78   .57   .67   .82   .53   .83   .67   .71   .61   .44   .62
% W       7.52  9.72  9.32  8.68  8.24  8.70  7.54  6.84  6.26  7.08  8.62  9.21
MEAN      4.59  4.53  5.21  4.66  3.81  3.41  3.03  2.85  3.06  3.45  4.31  4.60
STD DEV   2.32  2.05  2.36  2.11  1.85  1.59  1.37  1.29  1.25  1.68  2.16  2.31
SKEW       .80   .51   .41   .40   .76  1.00   .88   .84   .68   .57   .68   .58
% WNW     9.27 11.01 12.47 10.56  9.36  8.40  7.04  7.35  7.17  7.83 10.46 10.02
MEAN      4.78  4.80  5.34  5.20  4.00  3.54  3.35  3.11  3.19  3.75  4.61  4.35
STD DEV   2.22  2.34  2.53  2.32  1.82  1.62  1.66  1.40  1.40  1.87  2.13  2.21
SKEW       .38   .60   .34   .26   .68   .75   .84   .91   .83   .90   .59   .58
% NW      7.35  8.63  8.11  8.44  8.21  8.57  7.70  8.92  8.54 10.04 10.20  8.94
MEAN      3.74  4.04  4.36  4.34  3.53  3.21  2.96  2.84  3.05  3.31  3.79  3.39
STD DEV   2.04  2.36  2.23  2.17  1.72  1.60  1.34  1.34  1.42  1.65  1.98  1.81
SKEW       .70   .88   .62   .44   .75  1.04  1.11  1.07  1.18  1.08   .87  1.03
% NNW     3.34  4.00  4.13  4.31  4.04  3.33  2.46  3.08  2.94  3.52  3.13  3.23
MEAN      3.18  3.36  3.87  4.22  3.63  3.26  2.76  2.84  3.05  3.26  3.30  3.18
STD DEV   1.58  1.68  2.00  2.13  1.71  1.60  1.13  1.33  1.50  1.55  1.73  1.58
SKEW       .63   .49   .55   .60   .65  1.00   .54   .82   .99   .73   .95   .72
CALM     15.54 13.13 11.07 11.92 14.79 16.97 21.15 22.57 20.48 18.64 17.18 18.23
                                                                                
INTERPOLATED DATA (station & weighting factor)                                  
                                                                                
---Wind Stations---                                                             
HICKORY       NC     .368  BRISTOL       TN     .342  PULASKI       VA     .291 
