 Russia    Mazanovo                                                             
 LATT=  51.63 LONG= 128.82 YEARS= 30. TYPE= 3
 ELEVATION =  528. TP5 = 2.39 TP6= 5.44
 MEAN P    .05   .05   .08   .16   .20   .26   .46   .39   .23   .15   .10   .06
 S DEV P   .07   .05   .09   .19   .24   .30   .71   .51   .31   .19   .11   .05
 SKEW  P  5.83  2.00  1.76  2.41  1.94  2.07  5.87  2.28  3.02  2.66  2.35  1.96
 P(W/W)    .41   .36   .37   .40   .50   .59   .56   .53   .52   .38   .39   .43
 P(W/D)    .11   .09   .10   .18   .23   .29   .32   .33   .25   .19   .16   .15
 TMAX AV -2.44 10.24 28.13 48.33 64.53 75.26 78.80 74.95 63.10 43.77 17.32 -2.03
 TMIN AV-24.31-15.70  4.39 27.91 42.71 55.22 61.27 56.43 42.67 25.27 -1.72-21.27
 SD TMAX  8.71  8.68 10.69 10.15  9.84  7.92  6.55  6.71  8.61 10.18 12.35  9.04
 SD TMIN 10.81 10.00 12.84  8.57  7.32  5.88  5.28  6.31  8.28  8.80 14.23 10.76
 SOL.RAD  112.  203.  320.  411.  463.  499.  459.  396.  299.  190.  118.   83.
 SD SOL   21.7  39.7  60.1  87.5 114.4 118.8 114.4  93.6  80.9  52.3  26.4  11.3
 MX .5 P   .01   .01   .07   .20   .39   .49  1.07   .80   .37   .19   .05   .05
 DEW PT -19.98-11.19  4.53 20.17 36.47 53.79 61.73 58.04 42.40 22.20 -0.39-17.74
Time Pk   .160  .270  .370  .460  .550  .630  .700  .780  .830  .900  .950 1.000
% N       5.89  5.97  5.59  5.14  4.51  3.95  4.29  4.67  5.63  5.35  4.38  4.19
MEAN      5.70  5.32  5.94  5.36  5.01  4.31  4.39  4.11  4.53  5.01  5.23  5.64
STD DEV   2.26  2.27  2.36  2.31  2.20  1.84  1.92  1.68  1.98  1.91  2.28  2.41
SKEW       .24   .33   .23   .45   .47   .62   .50   .59   .44   .29   .54   .40
% NNE     3.66  4.48  4.31  3.86  4.40  3.41  3.56  4.29  4.21  3.61  2.20  2.67
MEAN      5.03  5.20  5.75  5.15  4.99  4.24  4.05  4.09  4.38  4.71  4.55  5.39
STD DEV   1.94  2.01  2.38  2.03  2.07  1.64  1.65  1.64  1.76  1.73  1.96  2.37
SKEW       .40   .28   .89   .52   .44   .54   .53   .71   .64   .27   .61   .29
% NE      4.02  5.10  5.50  4.98  5.88  4.29  5.63  5.84  5.52  3.46  2.55  3.38
MEAN      4.53  4.76  5.13  4.77  4.58  3.88  3.58  3.60  3.89  4.26  4.15  4.62
STD DEV   1.96  1.98  2.08  1.90  1.98  1.65  1.44  1.39  1.55  1.75  1.61  2.03
SKEW       .68   .59   .33   .41   .50   .63   .71   .65   .73   .45   .56   .57
% ENE     2.72  4.50  5.54  5.13  5.11  3.89  4.41  5.20  4.52  2.56  2.26  2.79
MEAN      4.34  5.42  5.52  5.48  4.84  4.19  3.78  3.72  3.85  4.12  4.15  4.77
STD DEV   1.76  2.15  2.18  2.09  1.86  1.68  1.51  1.31  1.48  1.63  1.63  1.89
SKEW       .84   .51   .43   .41   .28   .64   .75   .35   .60   .56   .47   .43
% E       3.04  4.54  6.11  5.86  5.32  5.20  5.94  6.11  4.49  3.34  2.59  3.37
MEAN      4.12  4.95  5.59  5.32  4.49  4.16  3.41  3.38  3.49  3.61  4.07  4.23
STD DEV   1.87  2.01  2.48  2.19  1.77  1.73  1.37  1.31  1.36  1.28  1.59  1.79
SKEW       .88   .40   .37   .38   .38   .63   .80   .61   .43   .48   .80   .34
% ESE     4.02  5.21  6.36  6.28  5.62  5.98  5.57  6.68  4.92  4.17  3.13  4.11
MEAN      4.80  5.05  5.61  5.49  4.89  4.17  3.43  3.59  3.66  3.91  4.28  4.72
STD DEV   1.75  1.92  2.16  2.07  1.93  1.58  1.22  1.28  1.43  1.48  1.62  1.84
SKEW       .44   .45   .22   .35   .39   .52   .39   .44   .61   .63   .52   .44
% SE      4.51  4.89  5.15  5.88  5.75  6.44  6.92  7.19  6.13  5.85  4.15  4.84
MEAN      4.52  4.90  5.30  5.34  4.46  4.00  3.34  3.43  3.67  3.95  4.28  4.64
STD DEV   1.76  1.96  2.17  2.09  1.94  1.72  1.30  1.29  1.48  1.60  1.71  1.91
SKEW       .28   .39   .44   .32   .62   .91   .60   .56   .83   .83   .54   .45
% SSE     6.23  5.74  6.46  6.23  8.27  8.04  7.77  8.05  7.83  8.83  5.99  6.82
MEAN      5.15  5.32  5.81  5.58  4.82  4.38  3.76  3.82  4.26  4.55  4.94  5.26
STD DEV   2.03  2.09  2.31  2.21  1.99  1.81  1.41  1.44  1.57  1.85  1.85  2.15
SKEW       .45   .38   .27   .33   .50   .77   .54   .52   .55   .79   .29   .33
% S       7.70  6.44  7.10  8.01  9.96 12.64 12.34 11.92 13.10 13.77 10.84  9.48
MEAN      5.31  5.30  5.54  5.69  4.85  4.56  4.08  3.84  4.51  4.73  5.08  5.13
STD DEV   2.16  2.04  2.34  2.31  2.07  1.87  1.63  1.52  1.73  1.93  2.00  2.02
SKEW       .34   .33   .54   .50   .52   .66   .54   .76   .53   .67   .45   .36
% SSW     8.21  7.55  5.68  7.51  9.01 11.28 10.54  9.72  9.52 11.34 10.93  8.54
MEAN      5.49  5.69  6.02  5.95  5.52  5.10  4.68  4.27  5.05  5.09  5.62  5.53
STD DEV   2.15  2.21  2.65  2.41  2.42  2.08  1.87  1.65  2.08  2.02  2.22  2.16
SKEW       .37   .35   .84   .38   .68   .71   .54   .64   .63   .66   .55   .54
% SW      5.89  5.12  4.05  5.10  6.11  7.79  6.68  6.04  6.11  6.18  7.11  6.49
MEAN      4.99  4.91  5.75  5.71  5.04  4.77  4.39  4.32  4.48  5.09  5.35  5.26
STD DEV   2.16  2.11  2.76  2.66  2.30  2.27  1.99  1.81  2.06  2.36  2.55  2.34
SKEW       .64   .55   .78   .50   .63   .90   .59   .53   .82   .98   .75   .98
% WSW     4.81  4.12  4.07  3.51  4.10  5.17  3.75  3.47  3.51  3.59  5.24  5.24
MEAN      5.36  5.43  6.65  5.62  5.28  4.69  4.05  4.18  4.31  4.63  5.45  5.63
STD DEV   2.49  2.53  3.21  2.71  2.42  1.88  1.75  1.79  1.89  2.07  2.46  2.38
SKEW       .66   .71   .68   .51   .69   .51   .74   .51   .70   .68   .63   .96
% W       5.52  5.03  5.66  5.05  4.57  4.36  4.00  3.54  4.07  3.91  6.04  6.26
MEAN      5.50  5.49  6.44  5.54  4.75  4.37  3.75  3.74  4.15  4.55  5.52  5.30
STD DEV   2.75  2.79  2.99  2.87  2.36  2.07  1.72  1.76  1.96  2.03  2.77  2.31
SKEW       .86  1.07   .51   .77   .72  1.07   .78  1.21   .80   .64   .81   .53
% WNW     9.41  9.28  8.34  8.14  6.05  4.18  4.09  3.59  4.85  6.23 10.90 10.84
MEAN      6.23  6.40  6.71  6.82  5.65  4.68  4.13  4.09  4.69  5.21  6.30  6.10
STD DEV   2.61  2.57  2.82  3.09  2.64  2.14  2.00  1.90  2.23  2.54  2.74  2.46
SKEW       .32   .07   .31   .32   .47   .51   .84   .78   .71   .75   .52   .18
% NW     13.68 12.63 11.15 11.25  7.27  5.98  5.64  5.23  7.25  8.60 12.38 12.17
MEAN      6.61  6.47  6.84  6.71  5.48  4.74  4.23  4.19  4.92  5.48  6.67  6.13
STD DEV   2.57  2.76  2.88  2.95  2.52  2.29  2.02  2.12  2.39  2.55  2.79  2.51
SKEW       .13   .45   .46   .32   .46   .59   .65  1.06   .70   .57   .21   .14
% NNW     8.99  7.86  7.41  6.69  5.30  4.08  4.48  4.29  5.00  6.22  7.47  6.94
MEAN      6.40  6.26  6.67  6.50  5.76  4.98  4.87  4.29  5.19  5.91  6.47  6.07
STD DEV   2.38  2.53  2.48  2.65  2.46  2.19  2.09  1.86  2.32  2.26  2.56  2.55
SKEW       .28   .20   .10   .35   .45   .45   .40   .70   .58   .25   .18   .32
CALM      1.73  1.57  1.50  1.40  2.86  3.26  4.45  4.23  3.34  2.99  1.72  1.86
                                                                                
INTERPOLATED DATA (station & weighting factor)                                  
                                                                                
---Wind Stations---                                                             
BURLINGTON    IA     .623  QUINCY        IL     .217  OTTUMWA       IA     .159 
