 Spain    Burgos-Villafria                                                      
 LATT=  42.36 LONG=  -3.63 YEARS= 30. TYPE= 3
 ELEVATION = 2920. TP5 = 1.40 TP6= 2.16
 MEAN P    .16   .15   .17   .20   .21   .24   .20   .17   .19   .22   .20   .20
 S DEV P   .20   .15   .20   .23   .23   .26   .28   .21   .24   .27   .23   .29
 SKEW  P  2.12  1.54  2.33  2.56  2.37  1.79  2.34  2.44  3.21  2.29  2.68  3.00
 P(W/W)    .59   .58   .60   .61   .58   .50   .38   .35   .51   .63   .63   .59
 P(W/D)    .25   .20   .18   .24   .23   .15   .11   .11   .15   .21   .28   .23
 TMAX AV 45.09 47.95 53.88 56.59 63.59 71.50 77.09 78.20 71.17 62.17 51.36 46.16
 TMIN AV 33.92 34.02 37.36 39.59 45.62 51.22 54.76 55.30 50.82 45.97 39.18 35.16
 SD TMAX  5.42  7.20  7.69  7.87  8.18  8.74  7.70  7.70  7.94  7.73  6.37  5.36
 SD TMIN  5.93  5.69  5.60  5.25  5.43  5.12  4.63  4.57  5.04  6.06  6.10  6.49
 SOL.RAD  129.  200.  303.  407.  508.  575.  589.  516.  383.  233.  140.  111.
 SD SOL   42.1  67.8  91.8 115.1 116.8 111.5  84.2  87.1  91.4  73.7  47.3  36.1
 MX .5 P   .11   .11   .13   .23   .38   .40   .40   .25   .25   .21   .21   .10
 DEW PT  34.51 33.91 36.42 39.16 45.12 50.53 53.15 52.61 49.15 44.94 39.47 35.73
Time Pk   .070  .150  .240  .320  .400  .510  .600  .690  .780  .860  .940 1.000
% N       1.90  1.85  2.25  2.71  3.88  5.41  5.23  4.52  3.10  2.69  2.13  2.08
MEAN      2.14  2.48  2.58  2.65  2.76  2.82  2.62  2.44  2.43  2.51  2.12  2.43
STD DEV   1.02  1.11  1.03  1.21  1.30  1.22  1.15  1.11  1.05  1.06   .77   .91
SKEW      1.02  1.35   .37   .79   .79   .65   .81   .85   .81   .74   .34   .50
% NNE      .62   .81  1.15  1.38  1.91  2.18  2.45  1.85  1.47  1.10   .63   .58
MEAN      2.03  2.67  3.31  4.38  3.84  2.89  3.23  2.16  2.91  3.01  1.75   .85
STD DEV    .83   .91  1.36  1.37  1.55   .90  1.28   .74  1.08  1.21   .45   .29
SKEW       .14   .34   .13   .38   .41  1.69   .44   .28   .40   .14   .07   .10
% NE      2.96  3.14  4.12  4.72  5.87  6.74  5.70  4.64  4.98  3.57  2.38  2.67
MEAN      2.80  3.05  2.85  4.15  3.13  3.19  2.57  2.64  3.16  2.97  2.68  2.92
STD DEV   1.17  1.34  1.39  1.85  1.46  1.50  1.11  1.27  1.39  1.49  1.12  1.08
SKEW       .84   .88  1.04   .54   .89   .82   .83   .93   .94   .72   .74   .71
% ENE     2.68  2.57  3.40  3.06  3.64  3.74  2.83  2.40  3.65  2.42  2.28  2.15
MEAN      2.93  3.61  3.53  4.56  3.17  3.44  2.58  2.39  3.06  2.99  3.07  3.47
STD DEV   1.29  1.39  1.19  1.74  1.24  1.00  1.11   .98  1.15  1.23  1.02   .79
SKEW       .31   .50  1.76   .45   .37  1.81   .33   .27   .38   .33   .30   .16
% E       6.75  6.73  7.29  6.11  6.63  6.68  6.43  5.49  7.79  6.55  6.45  7.08
MEAN      3.12  3.89  3.80  3.43  3.34  3.06  2.86  3.09  3.24  3.21  3.13  3.08
STD DEV   1.47  1.52  1.62  1.54  1.33  1.32  1.14  1.31  1.43  1.28  1.37  1.34
SKEW       .76   .52   .62   .70   .58   .71   .41   .73   .76   .80   .61   .53
% ESE     2.66  2.46  3.01  2.74  3.27  3.08  2.60  2.63  3.84  3.09  2.99  3.07
MEAN      4.01  3.77  3.87  3.79  3.82  3.69  3.43  3.64  3.60  3.64  3.96  3.30
STD DEV   1.98  1.10  1.52  1.48  1.31  1.40  1.31  1.48  1.29  1.32  1.82  1.36
SKEW       .86   .44   .57   .49   .51   .55   .35   .48   .44   .73   .66   .68
% SE     13.55 11.66 10.85 10.49  8.95  8.70  7.69  9.43 10.45 11.43 13.31 14.12
MEAN      3.58  3.39  3.41  3.38  3.23  2.87  2.87  2.88  2.96  2.98  3.29  3.59
STD DEV   1.95  1.47  1.48  1.44  1.50  1.30  1.40  1.25  1.23  1.27  1.60  1.83
SKEW      1.08   .67   .78   .90   .94   .76   .71   .72   .75   .87  1.13  1.04
% SSE     4.28  4.15  4.13  3.37  3.39  2.36  2.06  2.78  3.04  4.49  5.12  4.85
MEAN      4.54  4.13  3.44  3.63  3.39  3.24  3.08  3.14  3.31  3.43  3.79  4.28
STD DEV   2.22  1.94  1.46  1.40  1.22  1.27  1.23  1.18  1.30  1.40  1.72  2.26
SKEW       .90   .85   .78   .96   .43   .68   .70   .62   .73   .72  1.15   .86
% S      14.09 13.38 10.75  8.93  7.61  7.15  6.27  8.28  7.78 10.86 12.67 14.72
MEAN      4.17  3.95  3.62  3.41  3.13  2.99  2.75  2.97  3.07  3.37  3.85  4.04
STD DEV   2.50  2.14  1.88  1.59  1.44  1.41  1.38  1.35  1.41  1.77  2.14  2.40
SKEW      1.00   .87  1.15  1.02  1.04   .99  1.19   .97   .99  1.44  1.10   .98
% SSW     6.44  6.01  4.77  4.42  2.42  2.80  2.76  2.80  2.75  4.21  5.61  7.05
MEAN      5.25  5.36  4.63  4.56  3.61  3.61  3.21  3.63  3.59  4.04  4.54  5.07
STD DEV   2.57  2.85  2.27  2.05  1.46  1.36  1.43  1.59  1.53  1.78  2.56  2.54
SKEW       .64   .53   .63   .52   .70   .76   .50   .65   .67   .69  1.04   .71
% SW      9.63  9.92  8.92  8.59  6.67  6.28  6.46  6.49  6.93  8.24  7.70  6.70
MEAN      3.96  3.83  4.03  3.94  3.51  3.40  2.95  2.97  3.25  3.32  3.85  3.93
STD DEV   2.40  2.16  2.11  2.00  1.73  1.57  1.29  1.39  1.60  1.81  2.21  2.26
SKEW      1.05   .98   .86   .87   .82   .80   .59  1.08  1.03  1.20  1.13  1.10
% WSW     3.24  3.82  4.72  5.74  4.54  3.66  3.51  2.73  3.56  3.47  3.87  4.37
MEAN      4.04  3.55  4.51  4.63  3.57  4.21  3.78  3.70  3.06  3.19  3.58  3.44
STD DEV   2.40  1.97  2.38  2.20  1.45  1.54  1.26  1.14  1.43  1.46  1.93  1.92
SKEW      1.29   .73   .38   .54   .75  2.04  2.43   .43   .66   .66   .69   .69
% W       6.46  7.84  8.46  8.87  8.34  6.70  6.91  7.36  7.74  6.66  6.13  6.93
MEAN      3.33  3.88  4.36  4.07  3.58  3.37  3.35  3.34  3.60  3.32  3.49  3.81
STD DEV   1.99  2.31  2.37  2.14  1.76  1.62  1.78  1.68  1.87  1.80  2.13  2.40
SKEW      1.37  1.15   .72   .98   .82   .64   .90  1.05   .82   .96  1.03  1.33
% WNW     3.40  4.71  5.22  6.42  6.58  5.54  6.41  6.50  5.43  4.39  4.20  3.72
MEAN      4.11  4.49  4.93  4.98  4.47  4.51  4.54  4.43  4.58  4.50  4.26  4.12
STD DEV   1.96  2.30  2.22  2.28  1.90  2.00  2.02  1.78  2.01  2.06  2.11  2.07
SKEW       .65   .90   .58   .59   .46   .57   .51   .57   .60   .81   .68   .94
% NW      7.77  8.97 10.43 11.38 13.60 15.79 17.16 17.81 13.87 10.10  9.07  6.31
MEAN      3.01  3.29  3.78  3.99  4.01  3.75  3.68  3.64  3.66  3.26  2.98  3.00
STD DEV   1.54  1.75  1.92  1.94  1.96  1.79  1.78  1.73  1.89  1.58  1.60  1.58
SKEW       .99  1.13   .73   .75   .83   .68   .77   .69   .99   .76  1.28  1.24
% NNW      .72   .90  1.26  1.41  1.94  2.65  3.23  3.15  1.79  1.27   .79   .54
MEAN      2.58  2.93  3.33  3.72  3.72  3.60  3.42  3.43  3.15  3.36  2.27  2.06
STD DEV   1.02  1.12  1.39  1.46  1.56  1.40  1.36  1.53  1.43  1.46   .87   .76
SKEW       .43   .67   .70   .40   .65   .34   .38   .45   .89   .69   .98   .59
CALM     12.83 11.06  9.24  9.62 10.82 10.61 12.33 11.06 11.92 15.40 14.57 13.09
                                                                                
INTERPOLATED DATA (station & weighting factor)                                  
                                                                                
---Wind Stations---                                                             
LEWISTON      ID     .374  MULLAN PASS   ID     .354  SUPERIOR      MT     .272 
