 Spain    Murcia/Alcantarilla                                                   
 LATT=  37.96 LONG=  -1.23 YEARS= 30. TYPE= 1
 ELEVATION =  279. TP5 = 1.22 TP6= 4.23
 MEAN P    .25   .21   .23   .23   .19   .29   .11   .28   .39   .22   .23   .26
 S DEV P   .43   .31   .33   .41   .26   .43   .10   .44   .82   .37   .36   .52
 SKEW  P  3.26  2.97  2.58  4.28  2.38  2.12   .90  3.16  5.44  5.10  2.90  4.94
 P(W/W)    .40   .37   .45   .38   .34   .33   .05   .32   .34   .35   .44   .39
 P(W/D)    .11   .11   .10   .11   .11   .05   .02   .04   .10   .13   .12   .12
 TMAX AV 60.22 62.95 67.65 71.84 78.27 86.52 91.38 91.43 83.98 75.91 66.49 60.83
 TMIN AV 41.17 43.00 46.47 50.65 56.96 64.47 69.19 70.00 64.52 57.23 48.22 42.78
 SD TMAX  5.81  6.51  6.99  6.16  6.17  5.63  4.40  4.41  5.51  5.85  5.92  5.06
 SD TMIN  5.50  5.33  4.79  4.52  4.53  3.97  3.47  3.05  4.25  4.82  5.94  5.62
 SOL.RAD  195.  268.  371.  476.  552.  618.  612.  538.  410.  294.  205.  166.
 SD SOL   47.2  69.6  89.2  97.6  96.5  74.0  56.7  69.0  80.0  67.8  52.4  39.6
 MX .5 P   .09   .07   .13   .18   .28   .23   .12   .19   .29   .14   .15   .08
 DEW PT  39.13 39.28 42.03 44.55 49.77 55.59 61.25 63.50 60.12 54.71 45.59 41.65
Time Pk   .160  .260  .350  .430  .520  .610  .690  .760  .840  .900  .950 1.000
% N       5.12  6.89  9.14 10.02 10.53 11.13  9.57  8.79  8.40  6.90  5.49  4.91
MEAN      3.69  3.75  4.07  4.07  4.07  3.77  3.46  3.32  3.42  3.76  3.56  3.59
STD DEV   1.72  1.73  1.99  1.84  1.84  1.52  1.21  1.21  1.40  1.77  1.55  1.74
SKEW       .82   .89   .90   .71   .72   .73   .55   .61   .87   .83   .57   .97
% NNE     2.76  3.13  3.17  2.95  2.85  2.74  2.93  2.86  2.98  2.91  3.21  2.75
MEAN      3.31  3.51  3.77  3.80  3.61  3.44  3.30  3.22  3.13  3.52  3.56  3.53
STD DEV   1.49  1.59  1.73  1.65  1.65  1.63  1.21  1.18  1.41  1.65  1.74  1.70
SKEW       .76   .93   .80   .66   .78  1.22   .63   .50  1.12   .94  1.39  1.14
% NE      4.25  4.04  3.28  2.37  1.80  1.65  1.75  2.08  2.69  3.67  4.38  3.92
MEAN      2.78  2.82  2.92  2.83  2.98  2.76  2.74  2.62  2.62  2.71  2.90  2.78
STD DEV   1.31  1.24  1.32  1.31  1.26  1.30   .98   .94  1.12  1.29  1.47  1.30
SKEW      1.12   .96   .90  1.03  1.10   .93   .56   .62  1.32  1.62  1.48  1.11
% ENE     4.15  4.47  3.97  2.49  1.78  1.19  1.20  1.39  2.42  3.77  4.64  4.20
MEAN      2.56  2.57  2.56  2.48  2.56  2.57  2.52  2.58  2.44  2.43  2.47  2.48
STD DEV    .95   .90   .87   .86   .88   .87   .74   .85   .77   .80   .82   .90
SKEW      1.04   .80  1.03   .77   .84   .67   .42   .51   .54   .70   .68   .85
% E       8.25  7.65  6.09  4.46  2.70  2.39  2.12  2.54  4.02  6.12  8.05  7.34
MEAN      2.74  2.77  2.78  2.69  2.65  2.43  2.43  2.38  2.48  2.57  2.80  2.67
STD DEV    .98  1.04  1.03   .93   .94   .92   .94   .85   .87   .92  1.18  1.01
SKEW       .57   .63   .69   .54   .66   .91  1.07   .52   .64   .64  1.31   .97
% ESE     5.88  5.11  4.41  3.23  1.88  1.25  1.48  1.65  2.69  3.87  5.26  5.51
MEAN      2.99  3.16  3.07  2.78  2.74  2.54  2.34  2.42  2.46  2.61  3.01  3.04
STD DEV   1.49  1.69  1.49  1.07  1.06   .93   .73   .85   .85   .94  1.43  1.46
SKEW      2.11  1.52  1.52   .86   .83  1.11   .54   .48   .56   .96  1.57  1.67
% SE      5.71  4.73  3.94  3.23  2.02  1.68  1.94  2.27  2.75  3.26  4.30  5.24
MEAN      3.32  3.50  3.45  2.98  2.73  2.50  2.35  2.62  2.51  2.52  3.24  3.54
STD DEV   1.86  1.94  2.13  1.37  1.40   .84   .75  1.09   .92   .92  1.73  2.05
SKEW      1.91  1.61  2.13   .91  2.47   .45   .45   .62   .60   .65  1.72  1.68
% SSE     4.13  3.70  2.91  2.14  1.35   .94  1.13  1.22  1.58  2.00  3.34  4.29
MEAN      3.49  3.61  3.97  3.17  2.74  2.64  2.53  2.51  2.55  2.60  3.45  3.70
STD DEV   1.95  1.93  2.45  1.60  1.01   .95   .95   .87   .86  1.12  2.08  2.17
SKEW      1.47  1.17  1.27  1.43   .86   .53   .88   .52   .70  1.32  1.42  1.41
% S       3.43  3.36  2.63  1.99  1.30   .94   .95  1.05  1.30  2.13  2.83  3.80
MEAN      3.11  3.18  3.35  2.99  2.49  2.30  2.25  2.28  2.34  2.72  2.95  2.92
STD DEV   1.57  1.88  1.88  1.35  1.02   .89   .77   .81   .87  1.30  1.43  1.51
SKEW      1.37  1.82  2.10   .64   .78   .69   .60   .82   .85  1.15  1.18  2.01
% SSW     1.65  1.52  1.48  1.22   .91   .74   .67   .70  1.04  1.36  1.54  1.46
MEAN      2.77  2.73  3.02  2.90  2.74  2.58  2.34  2.25  2.41  2.70  2.83  2.67
STD DEV   1.30  1.12  1.53  1.35  1.18   .93   .81   .69   .86  1.19  1.30  1.11
SKEW       .84  1.00   .86  1.26   .84   .83  1.18   .58  1.01  1.30  1.03   .97
% SW      1.96  2.16  2.05  2.23  1.89  1.70  1.48  1.76  2.11  2.23  1.98  1.90
MEAN      2.48  2.63  2.82  2.99  2.75  2.71  2.42  2.50  2.47  2.59  2.61  2.48
STD DEV   1.10  1.16  1.39  1.34  1.25  1.09   .93   .99  1.00  1.13  1.08  1.01
SKEW      1.09  1.10   .96   .85   .84   .82   .82  1.61   .87  1.11   .79  1.02
% WSW     2.35  2.66  2.95  3.10  3.17  2.95  2.56  2.82  3.14  3.24  2.48  2.32
MEAN      2.59  2.82  3.01  3.17  3.44  3.26  3.02  2.91  2.85  2.82  2.73  2.59
STD DEV   1.01  1.23  1.36  1.52  1.50  1.31  1.25  1.05  1.10  1.20  1.12   .98
SKEW       .90  1.24   .83   .94   .59   .67   .98   .61   .87  1.16  1.06   .82
% W       5.00  5.74  6.33  7.41  8.57  8.75  9.01  9.30  8.61  7.26  5.34  4.47
MEAN      2.87  2.98  3.22  3.44  3.68  3.54  3.44  3.40  3.23  3.06  2.89  2.80
STD DEV   1.19  1.26  1.37  1.51  1.63  1.45  1.25  1.28  1.23  1.21  1.14  1.16
SKEW      1.21  1.16   .94   .98   .92   .82   .46   .45   .48   .78   .92  1.26
% WNW     6.11  6.80 10.06 12.58 14.42 15.98 16.56 15.76 12.55  9.16  7.11  6.13
MEAN      3.25  3.43  3.87  4.14  4.39  4.24  4.11  4.00  3.80  3.50  3.27  3.20
STD DEV   1.33  1.46  1.64  1.71  1.75  1.59  1.44  1.40  1.44  1.36  1.31  1.35
SKEW      1.27   .94  1.13   .73   .79   .53   .28   .29   .50   .55   .95   .97
% NW      6.44  7.58 10.19 12.77 16.12 16.87 16.83 15.73 12.69  9.47  6.74  6.47
MEAN      3.51  3.74  4.13  4.35  4.48  4.49  4.27  4.10  4.01  3.78  3.55  3.55
STD DEV   1.60  1.78  1.93  1.93  1.81  1.80  1.55  1.57  1.65  1.62  1.54  1.67
SKEW       .99   .99  1.00   .86   .66   .75   .34   .47   .58   .85   .85  1.14
% NNW     5.12  6.86  9.97 12.58 15.19 15.69 12.95 11.55  9.74  7.97  5.51  4.65
MEAN      3.83  4.01  4.26  4.35  4.40  4.38  3.99  3.89  3.90  3.96  3.78  3.68
STD DEV   1.82  2.05  1.99  1.84  1.72  1.70  1.52  1.48  1.59  1.73  1.71  1.69
SKEW       .87  1.11   .81   .79   .61   .64   .56   .53   .77   .92   .87   .94
CALM     27.60 23.66 17.43 15.18 13.45 13.42 16.77 18.50 21.28 24.69 27.86 30.58
                                                                                
INTERPOLATED DATA (station & weighting factor)                                  
                                                                                
---Wind Stations---                                                             
BAKERSFIELD   CA     .575  SANTA MARIA   CA     .216  LEMOORE       CA     .210 
