 United States    Grant 5 Se                                                    
 LATT=  44.97 LONG=-113.00 YEARS= 30. TYPE= 3
 ELEVATION = 5780. TP5 = 1.03 TP6= 1.77
 MEAN P    .06   .05   .08   .12   .17   .18   .15   .12   .15   .13   .08   .06
 S DEV P   .07   .06   .13   .14   .20   .23   .20   .14   .20   .17   .09   .07
 SKEW  P  3.17  3.01  5.43  2.80  2.25  2.34  2.77  2.05  2.38  2.84  2.06  4.70
 P(W/W)    .26   .32   .30   .42   .56   .53   .38   .42   .44   .43   .38   .26
 P(W/D)    .17   .18   .24   .28   .25   .23   .17   .16   .12   .18   .18   .21
 TMAX AV 22.39 26.58 35.29 41.98 52.83 64.31 75.57 74.56 64.84 48.14 31.71 20.99
 TMIN AV  6.34  8.63 16.37 22.17 29.84 38.07 45.18 44.03 36.71 26.26 12.29  3.50
 SD TMAX  7.96  8.85  7.38  7.67  9.51  8.89  6.60  6.42  9.01 10.39  9.30  9.48
 SD TMIN 10.25 10.94  8.95  7.61  7.12  6.24  5.61  5.32  6.81  8.39 12.49 12.29
 SOL.RAD  155.  241.  341.  447.  530.  594.  625.  537.  409.  264.  168.  131.
 SD SOL   37.2  51.9  74.3 101.5 121.7 126.6 104.5  92.3  93.3  69.7  42.3  28.7
 MX .5 P   .06   .05   .07   .20   .32   .41   .45   .33   .20   .15   .11   .01
 DEW PT   8.00 10.06 16.61 22.08 30.30 36.87 39.31 36.11 31.11 24.40 14.21  6.44
Time Pk   .120  .220  .320  .400  .480  .570  .650  .740  .820  .890  .960 1.000
% N       3.86  3.53  3.80  4.77  5.46  5.57  6.15  5.49  4.88  4.13  3.16  2.86
MEAN      3.08  3.82  4.03  4.36  4.05  3.92  3.84  3.58  3.51  3.53  2.99  2.87
STD DEV   1.94  2.72  2.27  2.40  2.14  2.03  1.93  1.61  1.80  2.32  1.53  1.63
SKEW      2.02  1.47   .92   .83  1.00  1.07  1.15   .83  1.25  2.00  1.25  1.46
% NNE     2.87  3.31  4.05  6.04  6.60  6.14  6.01  5.50  6.07  5.48  4.20  3.27
MEAN      4.54  4.69  4.74  5.44  4.84  4.56  4.30  4.30  4.40  3.93  3.55  3.64
STD DEV   2.94  2.90  2.54  2.68  2.41  2.18  2.03  1.98  2.16  2.18  1.85  2.09
SKEW       .78  1.01   .81   .56   .82   .69   .79   .79   .90  1.14   .93  1.15
% NE      5.96  6.08  6.60  7.56  8.59  7.40  7.45  7.80  7.99  6.63  5.71  5.68
MEAN      4.48  4.44  4.39  4.64  4.30  4.12  3.88  3.98  4.03  3.86  3.93  4.20
STD DEV   2.32  2.33  2.29  2.25  2.13  1.91  1.78  1.90  1.96  2.05  2.05  2.29
SKEW       .75   .71  1.05   .70   .96   .70   .91   .74   .81   .99   .75   .73
% ENE     3.07  2.96  3.40  3.13  3.50  3.41  2.96  2.87  3.51  2.66  2.71  2.33
MEAN      4.10  4.28  3.99  3.75  3.97  3.69  3.74  3.50  3.63  3.46  3.94  3.70
STD DEV   1.96  2.15  1.69  1.58  1.91  1.69  1.66  1.42  1.51  1.52  1.97  1.75
SKEW      1.30   .89   .68   .85  1.01   .85   .97   .73  1.13   .82   .89   .84
% E       5.19  5.89  6.18  4.80  4.51  4.29  4.04  4.11  3.78  3.27  3.85  4.51
MEAN      2.63  2.95  3.08  3.13  3.25  3.25  3.18  3.08  2.90  2.83  2.78  2.85
STD DEV   1.01  1.32  1.28  1.27  1.58  1.53  1.33  1.32  1.07  1.20  1.14  1.23
SKEW       .47  1.01   .91   .81  1.04  1.32  1.01   .90   .61   .80   .57   .95
% ESE     2.18  2.34  2.26  2.10  2.55  2.40  2.56  2.61  1.95  2.02  2.61  2.19
MEAN      2.79  2.88  3.09  3.31  3.66  3.41  3.68  3.39  3.06  2.97  2.97  2.83
STD DEV   1.07  1.10  1.17  1.37  1.77  1.46  1.76  1.52  1.17  1.14  1.19  1.11
SKEW       .73   .45   .61   .77  1.24   .79  1.19  1.39   .73   .46   .91  1.88
% SE      6.83  6.77  8.31  6.62  6.22  5.89  6.32  6.46  6.33  7.38  7.25  6.97
MEAN      3.04  2.96  3.31  3.55  3.71  3.80  3.69  3.54  3.23  3.13  3.07  2.98
STD DEV   1.41  1.27  1.57  1.72  1.91  1.93  1.90  1.59  1.43  1.29  1.31  1.27
SKEW      1.00   .88  1.11   .96  1.09  1.06  1.18   .86  1.16   .63   .83   .88
% SSE     5.37  6.00  6.33  5.91  5.96  6.61  7.52  7.49  7.10  7.51  7.55  6.73
MEAN      3.99  4.16  4.06  4.35  4.47  4.31  4.05  4.15  3.85  3.95  3.68  3.76
STD DEV   2.08  2.22  2.00  2.06  2.55  2.36  2.08  2.17  1.80  1.93  1.69  1.76
SKEW      1.27  1.16   .90   .77  1.40  1.19  1.44  1.43  1.29  1.15   .96  1.07
% S      14.11 13.61 13.95 11.91  9.80 10.58 11.44 12.73 12.87 14.60 14.93 15.16
MEAN      4.25  4.53  4.30  4.66  4.09  4.09  4.09  3.97  3.90  3.94  3.98  4.24
STD DEV   2.38  2.50  2.25  2.51  2.10  2.13  2.08  2.01  1.91  2.01  2.07  2.32
SKEW      1.17  1.06  1.10  1.16  1.24  1.24  1.30  1.42  1.09  1.25  1.17  1.37
% SSW    14.13 13.08 10.21  9.07  8.25  9.29  9.31  9.56 10.22 11.47 12.10 13.59
MEAN      5.36  5.05  4.83  5.00  4.60  4.66  4.52  4.28  4.29  4.49  4.48  4.81
STD DEV   2.80  2.38  2.40  2.59  2.27  2.39  2.33  2.00  2.05  2.42  2.28  2.49
SKEW       .84   .71   .92   .89  1.13  1.07  1.23  1.23  1.17  1.22  1.19  1.01
% SW     15.11 14.46 12.26 10.87  8.91  9.23  8.76  9.62 10.02 11.09 12.16 15.25
MEAN      5.56  5.41  5.36  5.31  4.63  4.55  4.26  4.26  4.46  4.39  5.01  5.05
STD DEV   3.13  2.93  3.06  2.88  2.63  2.60  2.42  2.28  2.53  2.55  3.00  2.74
SKEW       .67   .83   .78   .76  1.09  1.10  1.30  1.18  1.23  1.12  1.01  1.01
% WSW     5.21  5.62  5.65  5.23  4.89  5.23  4.66  4.69  4.84  4.74  5.28  4.87
MEAN      6.05  5.72  6.02  5.73  5.16  4.71  4.41  4.60  4.92  5.14  5.50  5.51
STD DEV   3.27  2.73  3.12  2.82  2.83  2.49  2.44  2.37  2.57  2.78  2.82  3.06
SKEW       .47   .58   .49   .54   .89   .86  1.11   .91   .83   .78   .47   .72
% W       3.50  3.75  4.66  5.77  5.31  5.53  4.71  4.25  4.35  4.28  4.05  3.09
MEAN      3.78  5.08  4.97  5.19  4.57  3.96  3.60  3.70  4.15  4.24  4.59  4.61
STD DEV   2.10  2.76  2.49  2.68  2.49  2.09  1.96  2.02  2.26  2.42  2.65  2.55
SKEW       .80   .84   .57   .78   .73   .86  1.18   .99  1.00  1.23   .62   .95
% WNW     1.66  1.89  2.19  3.37  3.65  3.86  3.30  2.94  2.90  2.46  2.17  1.61
MEAN      3.64  4.86  5.33  5.51  4.60  4.67  4.27  3.71  4.43  4.67  5.07  3.83
STD DEV   2.05  2.70  2.96  2.83  2.35  2.40  2.36  1.86  2.49  2.77  3.04  2.18
SKEW      1.28   .79   .56   .46   .81   .61  1.09  1.17   .99   .74   .69   .80
% NW      2.72  2.63  3.17  5.13  6.23  5.61  5.62  5.55  5.12  4.10  3.17  2.57
MEAN      2.88  3.85  4.22  4.51  4.06  3.57  3.51  3.56  3.31  3.20  3.39  2.81
STD DEV   1.64  2.36  2.48  2.54  2.42  1.88  1.74  1.86  1.58  1.69  1.99  1.58
SKEW      1.04  1.37   .99   .91  1.37  1.06   .99  1.31  1.00  1.07  1.25  1.37
% NNW     1.51  1.61  2.18  3.47  4.48  3.83  4.36  4.23  3.09  2.45  2.11  1.50
MEAN      3.16  3.61  4.04  4.61  4.08  4.07  3.73  3.92  3.83  3.48  3.49  2.96
STD DEV   1.67  1.99  2.26  2.28  1.95  2.17  1.75  1.73  2.03  2.01  1.92  1.41
SKEW       .68  1.11  1.02   .70   .80  1.25  1.04   .79  1.05  1.40   .93   .81
CALM      6.75  6.44  4.99  4.24  5.07  5.08  4.86  4.12  4.95  5.77  7.06  7.81
                                                                                
INTERPOLATED DATA (station & weighting factor)                                  
                                                                                
---Wind Stations---                                                             
DILLON        MT     .497  BOZEMAN       MT     .310  DUBOIS        ID     .194 
