 United States    Kremlin                                                       
 LATT=  48.52 LONG=-110.11 YEARS= 30. TYPE= 3
 ELEVATION = 2860. TP5 = 1.92 TP6= 3.47
 MEAN P    .16   .13   .16   .24   .33   .32   .33   .25   .32   .21   .17   .15
 S DEV P   .13   .08   .17   .27   .33   .34   .36   .27   .34   .18   .15   .13
 SKEW  P  1.50  1.27  4.30  2.90  2.05  2.05  2.18  2.84  3.08  1.15  2.15  1.45
 P(W/W)    .28   .10   .26   .29   .37   .34   .25   .25   .30   .20   .20   .15
 P(W/D)    .08   .08   .09   .12   .18   .22   .12   .13   .10   .09   .09   .09
 TMAX AV 28.88 31.86 44.02 57.17 67.42 74.78 85.25 84.23 73.06 57.19 41.43 30.01
 TMIN AV 12.51 14.10 23.60 33.90 43.35 51.28 56.51 55.31 46.54 35.83 24.54 14.61
 SD TMAX 15.66 15.65 14.92 11.68 10.59  8.95  8.75  9.34 11.23 11.62 13.21 15.06
 SD TMIN 16.64 15.56 12.95  8.28  7.35  5.77  5.84  5.98  7.13  8.96 12.36 15.30
 SOL.RAD  106.  185.  280.  385.  473.  526.  560.  467.  336.  207.  121.   84.
 SD SOL   26.9  38.8  59.2  83.3 100.2 102.1  75.7  75.0  79.2  55.1  29.6  17.2
 MX .5 P   .01   .01   .01   .13   .39   .54   .51   .32   .21   .08   .02   .01
 DEW PT  11.98 13.34 21.78 28.42 35.67 44.91 47.23 44.91 39.22 31.21 21.73 13.00
Time Pk   .120  .220  .320  .400  .480  .570  .650  .740  .820  .890  .960 1.000
% N       4.75  4.82  5.49  5.85  5.98  5.97  5.84  5.67  5.18  4.50  3.99  3.56
MEAN      5.41  5.37  5.99  5.96  5.84  5.23  5.05  5.14  5.27  5.17  5.70  4.89
STD DEV   2.39  2.49  2.99  2.46  2.42  2.25  2.15  2.10  2.31  2.15  2.54  2.14
SKEW       .74   .53   .88   .37   .43   .65   .56   .57   .54   .48   .59   .71
% NNE     3.19  3.25  4.29  4.29  4.50  4.79  4.73  4.42  3.46  2.90  2.11  2.56
MEAN      4.86  4.92  5.75  5.50  5.49  5.37  4.75  4.98  4.85  5.28  5.15  4.41
STD DEV   1.91  2.00  2.64  2.05  2.12  2.38  1.94  2.00  1.96  2.10  1.80  1.60
SKEW       .54   .56   .80   .39   .56   .86   .78   .59   .68   .51   .30   .69
% NE      2.86  2.93  3.29  4.46  4.87  4.68  4.60  4.65  3.21  2.74  1.77  2.40
MEAN      4.25  4.75  4.85  5.57  5.06  4.93  4.63  4.62  4.65  4.78  4.59  4.23
STD DEV   1.79  2.00  2.23  2.26  2.00  1.96  1.93  1.93  1.90  2.04  1.82  1.79
SKEW       .69   .79   .85   .57   .57   .54   .88   .69   .50   .83   .41   .66
% ENE     2.07  2.32  2.68  3.86  4.57  4.18  4.71  4.58  2.93  1.97  1.10  1.46
MEAN      4.10  4.81  4.60  5.27  5.24  5.08  4.54  4.67  4.49  4.37  4.09  3.91
STD DEV   1.63  2.27  2.10  2.22  2.08  2.24  1.80  1.91  1.76  2.00  1.72  1.46
SKEW       .65   .76  1.28   .48   .57   .69   .67   .63   .39   .76   .47   .53
% E       1.98  2.24  2.69  3.54  4.60  4.07  4.89  4.76  3.21  1.57  1.31  1.45
MEAN      3.94  4.52  4.71  5.30  5.10  4.63  4.55  4.37  4.62  3.82  4.00  3.82
STD DEV   1.69  1.69  2.15  2.28  1.99  2.00  1.76  1.73  1.83  1.68  1.46  1.46
SKEW       .69   .24   .82   .58   .31   .70   .53   .54   .34   .39   .28   .57
% ESE     2.50  2.59  4.13  4.56  6.15  5.25  5.48  6.01  3.89  2.66  1.91  2.38
MEAN      4.63  4.91  5.51  5.97  5.86  5.43  4.92  4.90  5.26  4.72  4.28  4.59
STD DEV   2.04  1.93  2.36  2.60  2.27  2.29  1.97  1.89  1.96  1.83  1.52  1.97
SKEW       .62   .49   .57   .55   .36   .60   .49   .49   .50   .50   .20   .80
% SE      4.32  5.55  7.18  7.07  8.65  8.40  9.18  9.09  6.87  6.21  4.72  4.82
MEAN      4.88  5.26  5.83  6.29  6.23  5.82  5.36  5.35  5.52  5.47  5.32  4.94
STD DEV   2.16  2.07  2.36  2.60  2.58  2.39  2.12  2.07  2.18  2.15  2.27  2.11
SKEW       .81   .48   .41   .47   .59   .52   .52   .39   .34   .47   .57   .48
% SSE     6.73  7.36  8.67  8.53  9.14  8.70  9.57 10.18  9.13  9.60  7.79  7.45
MEAN      5.26  5.52  6.12  6.27  6.34  5.75  5.60  5.78  5.65  5.80  5.70  5.37
STD DEV   2.11  2.29  2.47  2.58  2.67  2.33  2.29  2.37  2.24  2.29  2.48  2.22
SKEW       .45   .48   .55   .52   .65   .54   .58   .51   .49   .56   .69   .41
% S       6.70  7.51  6.61  7.07  6.41  7.27  7.96  8.56  8.75  8.46  7.72  7.36
MEAN      4.73  4.88  5.12  5.47  5.11  4.84  4.79  5.02  4.91  4.96  4.90  4.62
STD DEV   2.06  2.06  2.33  2.41  2.13  2.19  2.02  2.13  2.06  2.12  1.90  2.03
SKEW       .62   .49   .67   .63   .63   .73   .72   .65   .40   .56   .51   .71
% SSW     3.10  3.48  2.81  3.06  2.72  2.70  3.19  2.95  3.02  3.73  3.95  3.82
MEAN      4.53  4.49  4.73  4.96  4.92  4.31  4.54  4.40  4.32  4.49  4.42  4.31
STD DEV   2.03  1.85  2.14  2.10  2.22  1.83  2.02  1.90  1.99  1.86  1.72  1.77
SKEW       .91   .68   .82   .47   .60   .61   .84   .60   .59   .56   .48   .54
% SW      3.93  3.97  3.01  2.77  2.42  3.03  2.55  2.71  2.96  3.97  4.48  4.54
MEAN      4.68  4.57  4.64  4.71  4.75  4.36  4.09  4.16  3.87  4.47  4.45  4.53
STD DEV   2.04  1.88  2.13  2.20  2.18  2.00  1.84  1.85  1.78  2.08  1.78  2.03
SKEW       .86   .59   .69   .90   .92   .94   .91   .72   .68   .87   .72   .67
% WSW     7.10  6.16  4.04  3.62  3.42  3.98  2.99  3.16  4.24  5.95  6.52  6.95
MEAN      5.28  5.18  5.02  5.16  5.38  5.12  4.35  4.49  4.68  4.76  4.94  5.17
STD DEV   2.24  2.16  2.28  2.28  2.35  2.43  1.82  1.93  1.91  1.96  1.89  2.22
SKEW       .73   .72   .72   .91   .77  1.09  1.00   .73   .56   .74   .79   .81
% W      11.38 10.32  6.94  6.19  5.76  6.97  5.27  5.27  7.45  9.34 11.44 11.92
MEAN      5.46  5.26  5.16  5.53  5.17  5.26  4.53  4.56  4.87  4.98  5.16  5.28
STD DEV   2.33  2.20  2.39  2.70  2.28  2.54  2.03  2.02  2.28  2.19  2.10  2.29
SKEW       .79   .87   .76   .84   .81  1.08  1.07   .93  1.09  1.03   .87   .94
% WNW    12.53 12.04 10.98  9.47  8.31  8.89  7.23  6.89 10.15 11.16 14.40 14.23
MEAN      6.65  6.45  7.14  7.31  6.82  6.52  5.73  5.40  6.36  6.45  6.93  6.83
STD DEV   3.07  2.95  3.66  3.64  3.24  3.27  2.87  2.47  3.12  3.37  3.17  3.07
SKEW       .76   .81  1.03   .93   .88   .95  1.03   .60   .91  1.29   .93   .70
% NW     10.51 10.26 11.72 10.27  9.13  7.85  7.21  7.30 10.47 10.51 11.83 10.83
MEAN      7.72  7.46  8.19  8.05  7.33  6.45  6.24  6.10  6.90  7.34  7.99  7.89
STD DEV   3.64  3.34  3.82  3.78  3.41  2.91  2.94  2.89  3.14  3.57  3.47  3.65
SKEW       .71   .56   .77   .75   .84   .51   .59   .72   .51   .98   .45   .40
% NNW     8.04  7.88  9.25 10.54  7.96  6.78  7.09  6.87  8.06  7.70  8.05  6.50
MEAN      7.85  7.01  7.48  7.70  6.93  6.26  6.15  6.17  6.57  7.00  7.59  7.17
STD DEV   3.68  3.10  3.35  3.37  2.96  2.72  2.75  2.70  2.71  3.05  3.23  3.44
SKEW       .83   .56   .60   .53   .49   .49   .53   .56   .38   .55   .49   .54
CALM      8.42  7.33  6.14  4.85  5.40  6.59  7.45  6.98  6.99  7.04  6.83  7.74
                                                                                
INTERPOLATED DATA (station & weighting factor)                                  
                                                                                
---Wind Stations---                                                             
DICKINSON/MUN.ND     .465  RAPID CITY/EL.SD     .272  MILES CITY    MT     .263 
