 United States    Natl Arboretum Dc                                             
 LATT=  38.91 LONG= -76.97 YEARS= 30. TYPE= 3
 ELEVATION =   50. TP5 = 2.63 TP6= 6.31
 MEAN P    .31   .33   .39   .29   .34   .40   .42   .38   .42   .42   .38   .37
 S DEV P   .35   .37   .48   .36   .49   .59   .59   .51   .55   .63   .48   .41
 SKEW  P  1.61  2.06  1.82  1.97  3.15  5.79  3.11  3.08  2.03  3.13  2.00  2.07
 P(W/W)    .41   .45   .41   .51   .55   .49   .47   .45   .54   .45   .48   .42
 P(W/D)    .27   .25   .26   .30   .32   .29   .29   .24   .21   .20   .22   .24
 TMAX AV 43.36 46.79 55.22 66.95 75.33 83.81 87.88 85.77 78.77 67.74 56.64 46.54
 TMIN AV 28.93 30.38 36.90 47.17 56.74 65.73 70.45 68.78 61.89 49.87 39.95 32.49
 SD TMAX 10.83 10.91 11.20 10.13  9.02  6.99  6.05  5.75  7.37  8.70  9.54 10.11
 SD TMIN  9.95  9.21  9.61  8.49  7.60  6.12  5.21  5.00  7.21  8.69  9.02  9.14
 SOL.RAD  168.  237.  320.  408.  464.  502.  494.  441.  365.  278.  191.  150.
 SD SOL   51.7  74.8  98.1 120.5 128.6 114.1  98.8  96.8 101.6  79.7  57.3  42.2
 MX .5 P   .25   .23   .40   .43   .65   .73  1.07   .75   .64   .44   .36   .29
 DEW PT  23.84 24.73 30.87 40.74 52.24 61.03 65.17 64.40 58.63 47.38 35.95 28.32
Time Pk   .200  .310  .400  .480  .560  .650  .720  .780  .840  .900  .960 1.000
% N       6.63  7.52  6.04  5.94  4.34  4.16  3.20  4.71  7.87  9.12  6.72  7.55
MEAN      4.68  4.73  4.64  4.91  4.16  3.97  3.54  3.56  4.23  4.67  4.48  4.29
STD DEV   2.33  2.05  1.95  2.02  1.72  1.72  1.61  1.62  1.98  1.95  1.96  1.79
SKEW       .66   .42   .58   .31   .36   .59   .69   .89   .88   .46   .68   .54
% NNE     6.66  7.39  5.67  5.05  6.34  5.05  3.94  5.67  9.45 11.60  7.01  7.32
MEAN      4.93  4.95  4.94  4.89  4.57  4.56  4.17  4.45  4.69  5.16  5.05  4.90
STD DEV   2.22  1.98  1.96  2.01  1.84  1.89  1.64  1.80  1.90  2.05  2.01  2.20
SKEW       .53   .36   .41   .43   .47   .52   .44   .41   .47   .42   .41   .78
% NE      6.22  6.99  6.04  4.95  7.61  7.85  6.21  7.85  9.51 10.12  5.30  6.04
MEAN      4.50  4.43  4.50  4.56  4.54  4.72  4.31  4.18  4.53  4.82  4.66  4.27
STD DEV   1.98  1.78  1.68  1.93  1.92  2.05  1.80  1.79  1.83  2.06  2.05  1.92
SKEW       .61   .30   .36   .47   .59   .65   .58   .64   .39   .62   .49   .61
% ENE     3.55  4.04  5.08  4.50  6.08  5.64  4.90  5.64  6.55  5.14  2.42  2.53
MEAN      3.79  3.94  4.31  4.39  4.18  4.28  4.17  4.09  4.45  4.25  3.78  3.43
STD DEV   1.70  1.59  1.61  1.74  1.58  1.69  1.66  1.65  1.79  1.72  1.67  1.44
SKEW       .89   .28   .30   .38   .35   .35   .42   .55   .61   .57   .74   .60
% E       2.24  3.26  4.31  3.78  5.06  5.25  4.14  5.69  5.71  4.49  2.15  1.85
MEAN      3.27  3.64  3.98  3.96  3.55  3.92  3.91  3.56  3.80  3.66  3.19  3.14
STD DEV   1.36  1.52  1.70  1.51  1.29  1.69  1.85  1.46  1.60  1.60  1.29  1.46
SKEW       .76   .56   .88   .43   .54   .59   .86   .73   .84   .72   .87  1.15
% ESE     1.43  2.59  3.21  3.12  3.29  3.49  3.06  3.18  3.19  2.25  1.64  1.18
MEAN      3.03  3.57  3.72  3.81  3.54  3.74  3.34  3.47  3.66  3.40  3.17  3.36
STD DEV   1.32  1.44  1.50  1.44  1.54  1.45  1.23  1.46  1.55  1.27  1.20  1.65
SKEW       .91   .32   .49   .28   .91   .71   .57   .80   .68   .44   .48   .92
% SE      2.00  2.78  3.31  3.53  3.40  4.70  3.67  4.31  3.46  2.17  2.32  1.79
MEAN      3.05  3.75  4.26  3.78  3.41  3.89  3.35  3.23  3.34  3.11  3.71  3.41
STD DEV   1.43  1.72  1.93  1.60  1.38  1.72  1.39  1.45  1.40  1.34  1.66  1.63
SKEW      1.60   .54   .64   .58   .66   .51   .79   .88   .66   .53   .76   .52
% SSE     2.43  3.42  4.01  5.19  4.39  4.80  4.38  4.28  3.74  2.56  2.88  2.74
MEAN      3.55  3.83  4.21  4.27  3.81  3.85  3.53  3.35  3.58  3.21  4.00  4.26
STD DEV   1.68  1.78  2.04  1.79  1.52  1.63  1.36  1.47  1.47  1.30  1.73  2.08
SKEW       .93   .78   .89   .38   .38   .58   .35   .68   .61   .39   .46   .58
% S       5.32  4.97  4.98  6.57  6.19  6.56  7.09  6.59  5.06  3.72  4.98  4.90
MEAN      3.68  3.99  4.25  4.35  3.86  3.79  3.63  3.65  3.51  3.32  3.76  4.07
STD DEV   1.63  1.77  1.90  1.82  1.55  1.57  1.52  1.56  1.50  1.48  1.68  1.99
SKEW       .70   .53   .50   .35   .27   .48   .60   .57   .55   .61   .79   .74
% SSW     9.99  7.79  9.39 13.41 10.07  9.56 12.99  9.50  7.44  6.32  7.71  7.74
MEAN      4.58  4.69  5.03  4.91  4.26  4.09  4.12  3.87  3.87  3.70  4.22  4.31
STD DEV   1.83  1.81  2.15  1.86  1.60  1.52  1.51  1.45  1.51  1.54  1.81  1.93
SKEW       .46   .32   .68   .41   .42   .32   .30   .42   .40   .75   .53   .53
% SW     11.89  8.28  8.48 11.79 10.80 12.46 16.00 10.93  6.91  5.91  9.61  9.33
MEAN      4.58  4.46  4.95  4.97  4.19  4.31  4.05  3.77  3.72  3.76  4.02  4.13
STD DEV   1.94  1.89  2.04  2.01  1.66  1.66  1.55  1.41  1.48  1.62  1.87  1.87
SKEW       .51   .51   .38   .34   .41   .32   .40   .38   .49   .54   .79   .75
% WSW     7.07  6.48  6.23  6.43  7.45  6.96  8.21  5.66  3.73  3.56  5.69  7.51
MEAN      4.34  4.30  4.83  4.70  4.13  3.80  3.79  3.54  3.52  3.49  3.87  4.08
STD DEV   1.98  1.89  2.14  1.94  1.69  1.53  1.51  1.35  1.42  1.48  1.65  1.83
SKEW       .59   .72   .57   .53   .55   .54   .55   .43   .48   .69   .70   .67
% W       5.31  4.58  5.32  4.76  4.33  4.26  4.02  3.82  2.77  3.19  5.23  5.66
MEAN      4.01  4.05  4.49  4.28  3.74  3.41  3.25  3.34  3.10  3.30  3.88  3.83
STD DEV   1.92  1.78  1.97  1.94  1.54  1.37  1.30  1.31  1.29  1.48  1.80  1.72
SKEW       .76   .71   .51   .72   .55   .66   .49   .55   .80   .90   .77   .69
% WNW     6.50  7.10  8.65  5.40  3.83  3.28  2.53  2.33  2.04  2.90  6.00  6.58
MEAN      4.58  4.83  5.15  4.55  4.06  3.64  3.12  3.44  3.47  3.57  4.34  4.41
STD DEV   1.85  2.08  2.09  1.78  1.68  1.51  1.28  1.54  1.45  1.43  1.98  1.88
SKEW       .41   .42   .31   .32   .47   .60   .86   .99   .56   .39   .69   .47
% NW      6.12  7.42  6.35  4.32  3.39  2.85  2.22  2.72  3.18  4.70  6.87  7.25
MEAN      4.52  4.85  4.90  4.38  3.91  3.68  3.26  3.23  3.37  3.89  4.31  4.35
STD DEV   1.97  2.11  2.07  1.77  1.68  1.65  1.45  1.50  1.44  1.69  1.81  1.87
SKEW       .43   .61   .34   .38   .49   .69   .91   .88   .81   .56   .52   .51
% NNW     5.83  6.25  5.72  4.26  3.15  2.64  1.90  2.36  4.14  5.36  6.53  5.48
MEAN      4.71  4.76  4.81  4.60  4.09  3.69  3.25  3.13  3.74  4.40  4.51  4.56
STD DEV   1.96  1.96  1.94  1.80  1.73  1.58  1.39  1.23  1.49  1.86  1.86  1.88
SKEW       .45   .41   .51   .41   .63   .70   .88  1.00   .56   .61   .58   .40
CALM     10.79  9.10  7.15  6.94 10.30 10.44 11.62 14.75 15.20 16.96 16.98 14.65
                                                                                
INTERPOLATED DATA (station & weighting factor)                                  
                                                                                
---Wind Stations---                                                             
ROCKY MOUNT   NC     .463  ELIZABETH CITYNC     .298  NORFOLK       VA     .239 
