 United States    Hutchinson 10 Sw                                              
 LATT=  37.93 LONG= -98.03 YEARS= 30. TYPE= 3
 ELEVATION = 1549. TP5 = 2.49 TP6= 5.96
 MEAN P    .18   .23   .33   .30   .49   .55   .46   .48   .41   .38   .30   .23
 S DEV P   .31   .34   .46   .44   .71   .65   .68   .69   .62   .55   .51   .42
 SKEW  P  3.89  2.25  2.31  2.71  2.72  1.88  2.63  2.66  2.23  2.55  3.25  4.10
 P(W/W)    .26   .27   .43   .44   .43   .36   .39   .41   .44   .48   .37   .29
 P(W/D)    .11   .14   .16   .23   .25   .24   .20   .18   .15   .13   .10   .12
 TMAX AV 44.32 48.46 59.31 68.91 77.37 87.21 91.96 89.96 82.23 70.38 56.62 44.43
 TMIN AV 24.42 27.16 36.01 45.48 55.93 65.88 70.13 68.34 59.90 48.11 35.81 25.83
 SD TMAX 12.03 13.86 13.03 10.71  9.04  7.31  6.72  6.87  8.72 10.26 11.43 11.50
 SD TMIN  9.59 10.76 11.10  9.43  8.23  6.16  5.30  5.35  8.36  9.35  9.80  9.89
 SOL.RAD  198.  257.  348.  441.  511.  567.  568.  505.  416.  306.  215.  172.
 SD SOL   49.4  70.6  93.6 113.8 129.8 105.9 111.1  97.0  93.6  81.9  57.9  44.8
 MX .5 P   .14   .28   .39   .59  1.06  1.06  1.17   .98   .71   .46   .24   .21
 DEW PT  20.95 23.76 31.85 40.58 52.72 61.79 64.63 63.61 55.50 43.69 32.07 23.20
Time Pk   .150  .260  .350  .450  .530  .620  .700  .770  .840  .900  .960 1.000
% N      14.83 12.80 10.48  9.21  6.87  4.28  3.44  4.74  7.82  8.56 10.44 11.22
MEAN      6.98  6.76  7.20  6.61  5.57  5.12  4.31  4.79  5.20  6.16  6.79  6.77
STD DEV   3.08  3.18  3.36  2.92  2.65  2.18  1.93  2.49  2.58  3.00  3.13  3.08
SKEW       .19   .43   .42   .40   .35   .34   .51   .61   .59   .53   .44   .20
% NNE     9.22  9.33  9.57  7.64  7.63  4.96  4.56  4.92  7.19  7.98  6.11  6.69
MEAN      6.20  6.13  6.76  6.29  5.65  5.55  4.90  4.84  5.55  5.87  5.84  6.11
STD DEV   2.75  2.79  2.98  2.60  2.41  2.65  2.19  2.27  2.48  2.39  2.51  2.67
SKEW       .39   .49   .63   .35   .29   .44   .79   .66   .56   .41   .40   .36
% NE      4.83  4.79  6.53  6.83  7.60  4.55  5.15  5.03  6.28  4.94  4.20  2.58
MEAN      4.44  4.38  5.41  5.37  4.86  4.57  4.11  4.26  4.52  4.67  4.59  3.80
STD DEV   2.06  1.94  2.40  2.49  2.12  2.23  1.64  2.11  2.02  2.13  2.10  1.81
SKEW       .64   .60   .46   .62   .50   .78   .51   .89   .47   .53   .36   .68
% ENE     2.16  2.98  3.91  4.58  4.75  3.35  4.11  4.17  4.18  2.09  1.84  1.16
MEAN      3.42  4.02  4.57  4.84  4.36  4.15  3.94  3.95  4.04  3.72  4.20  3.62
STD DEV   1.60  1.76  2.05  2.23  1.96  1.83  1.79  1.56  1.68  1.51  1.61  1.26
SKEW      1.06   .37   .35   .67   .36   .72   .63   .41   .56   .29   .22   .35
% E       1.65  2.15  2.87  3.20  3.28  3.72  4.37  4.40  4.12  2.34  1.47  1.38
MEAN      3.06  3.20  3.66  3.65  3.63  3.61  3.26  3.35  3.42  3.12  3.45  3.36
STD DEV   1.17  1.49  1.64  1.45  1.89  1.57  1.25  1.37  1.40  1.35  1.55  1.40
SKEW      -.01   .83   .78   .24   .89   .64   .28   .82   .68   .34   .21   .00
% ESE     1.95  2.49  3.48  4.88  4.60  4.64  5.52  5.19  3.95  3.48  1.86  1.84
MEAN      3.32  3.52  4.20  4.38  3.97  4.05  3.72  3.68  3.90  3.80  3.87  3.74
STD DEV   1.50  1.53  1.67  1.85  1.90  1.69  1.73  1.61  1.53  1.76  1.65  1.39
SKEW       .48   .38   .39   .65   .67   .69   .96   .84   .60   .77   .21   .31
% SE      3.98  3.86  5.69  7.42  7.76  7.64  8.28  8.98  7.76  6.73  4.44  4.23
MEAN      4.02  4.32  4.80  4.97  4.57  4.83  4.20  4.08  4.46  4.63  4.07  4.41
STD DEV   1.92  1.95  1.86  2.14  2.00  2.16  1.84  1.71  1.92  2.30  1.90  1.92
SKEW       .61   .64   .34   .53   .68   .77   .79   .68   .63   .64   .71   .66
% SSE     8.72  9.51  9.87 11.48 13.09 16.34 16.01 17.84 13.71 12.42  8.39  8.08
MEAN      5.54  6.22  6.66  6.52  6.22  6.49  5.32  5.40  5.72  6.22  5.42  5.72
STD DEV   2.65  2.83  2.97  2.86  2.91  2.58  2.26  2.12  2.35  2.77  2.41  2.63
SKEW       .43   .41   .54   .50   .62   .25   .67   .41   .52   .49   .61   .43
% S      13.89 12.82 12.40 14.89 17.03 25.88 23.84 21.57 21.60 20.58 15.10 12.98
MEAN      6.56  6.92  7.71  8.00  7.52  7.67  6.36  6.17  7.07  7.03  6.54  6.64
STD DEV   2.89  3.04  3.46  3.33  3.17  3.05  2.48  2.28  2.57  2.91  2.80  2.99
SKEW       .44   .42   .29   .38   .21   .58   .37   .12   .17   .31   .42   .44
% SSW     6.93  6.88  5.41  5.56  6.62 10.28 12.36 10.00  8.35  8.56  8.42  9.02
MEAN      5.80  5.72  6.70  7.14  6.97  7.25  6.36  6.21  6.82  6.49  5.82  5.81
STD DEV   2.85  2.53  3.27  2.99  3.13  2.71  2.51  2.31  2.75  3.00  2.51  2.78
SKEW       .76   .39   .78   .08   .29   .07   .20  -.03   .11   .32   .40   .77
% SW      3.10  3.47  3.14  2.41  2.18  2.66  3.49  3.28  2.62  3.25  4.09  3.95
MEAN      4.27  4.56  5.30  5.57  4.70  4.54  4.81  5.24  5.72  4.54  4.59  3.98
STD DEV   2.13  2.21  3.29  2.45  2.31  2.15  2.20  2.36  2.56  2.24  2.27  1.80
SKEW       .79   .66  1.11   .44   .49   .57   .41   .26   .31   .68   .74   .62
% WSW     1.75  2.25  1.70  1.19  1.31  1.21  1.46  1.34  1.45  1.23  2.11  2.82
MEAN      4.13  3.74  5.31  4.91  4.66  4.31  4.38  4.38  4.78  3.82  4.04  4.11
STD DEV   1.81  1.74  3.46  2.91  2.57  2.07  2.09  2.17  2.04  1.71  1.78  1.81
SKEW       .49   .68  1.21   .85  1.01   .65   .32   .41   .26   .42   .73   .79
% W       2.79  2.74  2.64  1.83  1.55  1.02   .84  1.05  1.16  1.49  2.46  3.02
MEAN      3.55  3.85  5.09  4.49  4.02  3.97  3.26  3.07  3.74  3.20  3.50  3.94
STD DEV   1.65  2.17  3.04  2.73  2.59  2.16  1.64  1.60  1.99  1.31  1.45  2.22
SKEW       .46  1.05  1.13   .82  1.39   .88   .22   .49  1.14   .67   .57  1.48
% WNW     3.99  4.22  3.50  2.61  2.80  1.08   .79   .80  1.26  1.87  5.23  5.42
MEAN      4.27  4.41  5.79  5.50  4.62  4.44  3.21  3.45  3.26  3.62  4.44  4.47
STD DEV   1.96  2.21  3.07  3.00  2.30  2.52  1.37  1.24  1.67  1.72  1.94  2.02
SKEW       .63   .91   .50   .64   .63   .85   .37   .48   .99   .87   .71  1.05
% NW      5.95  6.60  5.98  5.04  4.40  2.69  1.24  1.33  2.00  4.63 10.19  9.50
MEAN      4.77  5.16  6.28  6.28  5.16  4.82  3.22  3.12  3.77  4.34  5.43  5.28
STD DEV   2.36  2.79  3.12  3.44  2.85  2.59  1.62  1.37  1.96  2.15  2.68  2.61
SKEW       .72  1.20   .42   .65   .99   .82   .88   .71  1.00  1.19   .96  1.16
% NNW     9.93  9.46 10.47  9.02  5.18  3.15  1.57  2.21  2.77  6.37  9.98 11.10
MEAN      6.71  6.57  7.55  7.31  5.81  5.87  4.06  4.27  5.10  6.09  7.01  6.85
STD DEV   3.12  3.18  3.46  3.17  2.84  2.87  2.07  2.15  2.47  3.01  3.30  3.14
SKEW       .33   .43   .38   .45   .43   .36   .76   .59   .52   .42   .62   .46
CALM      4.35  3.72  2.43  2.10  3.27  2.53  2.92  3.22  3.76  3.59  3.59  4.96
                                                                                
INTERPOLATED DATA (station & weighting factor)                                  
                                                                                
---Wind Stations---                                                             
HUTCHINSON    KS     .429  HUTCHINSON    KS     .429  WICHITA/MCCON.KS     .143 
