 United States    Aneroid Lake #2                                               
 LATT=  45.21 LONG=-117.19 YEARS= 30. TYPE= 3
 ELEVATION = 7400. TP5 = 1.03 TP6= 1.60
 MEAN P    .33   .32   .32   .28   .33   .34   .30   .29   .28   .31   .31   .36
 S DEV P   .30   .30   .30   .23   .32   .34   .30   .55   .27   .31   .31   .33
 SKEW  P  2.17  2.00  2.03  1.56  2.52  2.37  2.34  8.05  2.57  2.37  2.83  2.55
 P(W/W)    .67   .66   .64   .63   .61   .52   .30   .37   .48   .52   .63   .65
 P(W/D)    .34   .37   .45   .40   .29   .21   .09   .09   .14   .27   .41   .39
 TMAX AV 28.13 31.71 38.65 44.48 54.35 65.46 77.21 76.69 67.82 51.38 34.96 26.73
 TMIN AV 18.15 19.65 24.39 27.37 32.61 39.76 47.11 46.99 40.50 31.28 21.31 15.67
 SD TMAX  5.86  6.99  6.54  7.41  9.37  9.17  7.61  7.45  9.19 10.06  7.58  7.17
 SD TMIN  8.05  8.90  6.92  6.04  6.75  6.72  6.57  6.24  7.01  7.80  9.85 10.06
 SOL.RAD  126.  204.  294.  404.  499.  577.  632.  540.  402.  246.  144.  108.
 SD SOL   35.6  58.0  79.9 110.0 132.3 137.9  94.4  93.7  93.9  77.5  44.7  27.7
 MX .5 P   .22   .24   .25   .28   .49   .51   .37   .35   .27   .33   .28   .25
 DEW PT  18.29 19.52 23.54 27.01 33.01 38.75 41.03 38.83 34.70 29.20 21.96 16.74
Time Pk   .270  .380  .480  .560  .640  .700  .760  .810  .870  .910  .950 1.000
% N       2.71  3.16  3.43  3.38  3.20  3.06  2.94  2.73  2.55  2.51  2.44  2.66
MEAN      2.52  2.95  3.37  3.49  3.36  3.35  3.48  3.22  3.12  3.01  2.86  2.53
STD DEV   1.31  1.47  1.58  1.69  1.56  1.63  1.73  1.70  1.50  1.38  1.49  1.12
SKEW      1.17   .78   .78   .86   .62  1.04   .91  1.24   .97   .66   .89   .47
% NNE     1.72  1.98  2.16  1.99  2.00  1.89  1.80  1.59  1.67  1.56  1.86  1.54
MEAN      2.42  2.93  3.61  3.17  3.34  3.31  3.53  3.27  2.96  2.95  3.09  2.52
STD DEV    .99  1.69  1.87  1.46  1.70  1.61  1.71  1.54  1.35  1.30  1.46  1.06
SKEW       .40  1.02   .50   .55  1.06   .81   .56   .67   .65   .59   .57  1.07
% NE      4.06  3.79  3.89  3.77  3.65  3.89  4.50  4.30  4.07  3.89  3.88  4.04
MEAN      2.73  3.03  3.12  3.29  3.46  3.29  3.88  3.35  3.08  3.00  2.99  2.65
STD DEV   1.26  1.47  1.49  1.64  1.74  1.49  1.88  1.55  1.42  1.42  1.49  1.24
SKEW       .74   .80   .65   .98   .78   .74   .74   .91   .80   .83   .89   .70
% ENE     6.44  5.32  4.50  4.08  4.20  4.39  5.10  4.96  4.76  4.98  5.58  5.90
MEAN      2.94  2.96  3.13  3.20  3.43  3.61  3.82  3.72  3.41  3.09  3.03  2.86
STD DEV   1.21  1.24  1.33  1.38  1.49  1.64  1.74  1.70  1.48  1.25  1.26  1.10
SKEW       .72   .71   .71   .59   .86  1.05   .88   .89   .65   .50   .66   .46
% E      13.21 11.60  9.61  8.46  8.94  9.22 10.37 10.78 10.54 10.96 11.83 12.65
MEAN      3.03  3.18  3.41  3.48  3.63  3.74  3.83  3.74  3.61  3.54  3.28  3.05
STD DEV   1.32  1.41  1.43  1.50  1.55  1.57  1.58  1.55  1.53  1.52  1.42  1.29
SKEW       .74   .64   .48   .54   .64   .60   .69   .62   .61   .52   .63   .60
% ESE    10.02  9.81  9.19  8.46  8.84  9.23 10.91 11.03 11.90 12.18 11.13 10.47
MEAN      3.21  3.48  3.62  3.75  3.84  3.92  3.82  3.77  3.77  3.62  3.31  3.20
STD DEV   1.29  1.41  1.42  1.44  1.43  1.45  1.38  1.39  1.35  1.32  1.29  1.25
SKEW       .54   .42   .40   .49   .71   .93   .59   .80   .46   .46   .46   .51
% SE      6.03  6.15  5.96  5.68  6.74  7.49  8.96  8.70  8.31  7.40  6.80  6.39
MEAN      2.95  3.28  3.35  3.62  3.72  3.69  3.75  3.49  3.45  3.33  3.13  2.93
STD DEV   1.37  1.51  1.50  1.65  1.60  1.52  1.65  1.46  1.40  1.42  1.50  1.37
SKEW       .68   .68   .75   .82   .69   .82  1.05  1.04   .90   .63   .83   .82
% SSE     2.01  2.43  2.48  3.03  3.37  3.42  4.13  4.07  3.41  3.37  2.49  2.24
MEAN      2.84  3.16  3.56  4.11  4.22  3.98  3.76  3.60  3.52  3.43  3.43  2.75
STD DEV   1.33  1.51  1.81  2.02  2.20  1.83  1.74  1.63  1.63  1.61  1.78  1.31
SKEW       .70   .64   .55   .51   .79   .63   .79  1.10   .83   .78   .59   .55
% S       1.69  2.28  2.87  3.70  4.30  3.93  3.56  3.30  3.30  2.68  2.38  1.95
MEAN      2.84  3.24  3.89  4.73  4.86  4.59  3.73  3.62  3.78  3.59  3.12  2.84
STD DEV   1.66  1.91  2.34  2.79  2.72  2.43  2.01  1.95  2.25  2.07  1.76  1.67
SKEW      1.81   .96  1.00   .75   .55   .56  1.00  1.15  1.05  1.15  1.53  1.32
% SSW     1.17  1.58  2.57  3.22  3.67  3.86  2.42  2.40  2.26  1.75  1.44  1.14
MEAN      3.51  4.19  4.94  5.51  5.74  5.28  4.30  3.83  4.62  3.94  3.41  3.22
STD DEV   1.56  2.61  2.58  2.93  2.89  2.44  1.98  1.89  2.43  2.19  1.94  1.53
SKEW       .86   .97   .32   .31   .22   .33   .63   .92   .70   .90  1.20   .71
% SW      3.74  4.31  7.12  8.08  7.81  8.09  5.68  5.64  5.66  5.07  4.19  3.33
MEAN      3.19  3.60  4.60  5.23  4.95  4.89  3.92  3.83  3.92  3.59  3.64  3.17
STD DEV   1.57  2.02  2.62  2.89  2.64  2.35  1.85  1.80  2.10  1.98  2.07  1.60
SKEW       .69  1.22   .79   .63   .63   .58   .76  1.02  1.02  1.44  1.18   .75
% WSW     4.06  4.33  5.78  6.26  5.73  5.68  4.57  4.29  4.22  4.00  4.37  3.40
MEAN      3.52  3.58  4.82  5.36  4.93  4.62  4.13  3.85  3.99  3.82  3.47  3.46
STD DEV   1.97  1.78  2.56  2.69  2.41  2.07  1.69  1.66  1.88  1.90  1.62  1.74
SKEW      1.49  1.19   .75   .45   .58   .53   .42   .57   .76  1.09   .77  1.19
% W       7.12  7.87  8.95  9.39  8.77  8.05  7.38  7.46  7.49  7.09  7.24  6.52
MEAN      3.55  4.00  4.52  5.07  4.79  4.81  4.11  4.08  4.28  3.97  3.81  3.56
STD DEV   1.83  2.31  2.42  2.62  2.41  2.21  1.83  1.88  2.09  2.12  2.10  2.02
SKEW       .74  1.14   .75   .53   .63   .50   .57   .68   .70   .92  1.05  1.37
% WNW     5.26  6.12  6.68  7.07  6.20  5.99  5.00  4.96  5.23  5.19  5.27  4.54
MEAN      3.76  4.22  4.70  5.16  4.94  4.85  4.45  4.14  4.25  4.12  4.14  3.84
STD DEV   1.77  2.12  2.21  2.39  2.35  2.20  1.96  1.81  1.92  1.97  2.04  1.93
SKEW       .39   .86   .56   .51   .60   .54   .63   .51   .71   .63   .81   .81
% NW      4.69  5.56  5.76  5.34  4.94  4.59  4.06  3.75  4.15  4.45  4.03  4.12
MEAN      3.20  3.90  4.57  4.64  4.33  4.19  3.96  3.62  3.88  3.81  3.91  3.46
STD DEV   1.72  2.04  2.41  2.31  2.11  2.07  2.00  1.75  1.89  1.98  2.26  1.99
SKEW       .87   .79   .75   .68   .64   .87  1.01   .85   .83  1.04  1.00   .99
% NNW     2.76  2.90  3.15  2.93  2.46  2.24  1.92  1.70  1.76  2.17  2.20  2.33
MEAN      2.75  3.26  3.76  4.12  3.91  3.74  4.02  3.56  3.51  3.31  3.19  2.81
STD DEV   1.25  1.65  1.86  2.12  1.96  1.78  2.05  1.71  1.59  1.51  1.45  1.20
SKEW      1.04  1.22   .90   .69  1.02  1.42  1.05  1.20  1.07  1.13   .88   .31
CALM     23.18 20.82 16.02 15.01 15.22 14.98 16.73 18.31 18.74 20.83 22.87 26.71
                                                                                
INTERPOLATED DATA (station & weighting factor)                                  
                                                                                
---Wind Stations---                                                             
GRAND JUNCT.  CO     .412  EAGLE         CO     .334  FARMINGTON    NM     .255 
