 United States    Wildcat                                                       
 LATT=  33.76 LONG=-109.48 YEARS= 30. TYPE= 3
 ELEVATION = 7850. TP5 = 1.58 TP6= 2.41
 MEAN P    .27   .27   .23   .21   .20   .23   .30   .28   .28   .28   .30   .29
 S DEV P   .35   .28   .22   .20   .19   .19   .29   .25   .31   .31   .33   .29
 SKEW  P  3.67  2.62  3.58  3.55  3.36  1.54  3.80  2.08  4.46  3.53  2.74  2.40
 P(W/W)    .53   .53   .50   .38   .35   .31   .62   .51   .48   .50   .50   .51
 P(W/D)    .21   .20   .15   .10   .08   .08   .25   .38   .21   .12   .13   .18
 TMAX AV 40.46 43.07 49.50 56.95 65.91 76.17 75.19 72.18 68.77 60.62 49.69 40.58
 TMIN AV 20.53 22.88 27.24 32.36 39.37 48.21 52.51 51.08 46.83 38.08 28.61 20.88
 SD TMAX  7.20  7.93  8.27  8.03  7.22  5.93  5.08  4.21  4.16  7.34  8.56  7.99
 SD TMIN  8.23  8.29  6.99  6.65  5.95  5.28  3.43  2.93  4.00  6.39  7.90  8.74
 SOL.RAD  278.  351.  467.  588.  668.  679.  522.  497.  475.  400.  308.  252.
 SD SOL   61.8  82.1 100.8 107.8 125.7 135.9 146.2 124.4 100.3  81.7  62.9  54.8
 MX .5 P   .25   .33   .28   .29   .32   .38   .91   .74   .51   .28   .25   .25
 DEW PT  15.01 16.77 18.97 20.31 24.26 28.88 45.56 48.10 41.28 29.23 19.78 14.14
Time Pk   .080  .170  .250  .340  .420  .520  .600  .690  .780  .850  .930 1.000
% N       6.41  6.20  4.66  4.40  4.25  4.12  5.72  5.61  4.52  4.42  6.27  7.05
MEAN      4.16  4.19  4.48  4.47  4.37  4.10  4.16  3.94  3.83  3.96  4.34  4.13
STD DEV   1.92  1.96  2.07  2.23  2.17  1.98  2.25  2.02  1.85  1.89  2.09  1.87
SKEW       .92   .99   .68   .65   .85   .82  1.14  1.17   .94   .67   .95   .63
% NNE     6.04  5.77  4.50  4.20  4.48  4.30  5.89  5.87  5.76  6.23  7.07  6.72
MEAN      3.80  3.95  3.98  4.14  4.19  4.12  3.98  3.69  3.61  3.59  3.79  3.92
STD DEV   1.69  1.77  1.84  1.81  1.99  2.02  2.04  1.76  1.67  1.43  1.64  1.72
SKEW       .87   .73   .49   .52   .89  1.05  1.11  1.14   .83   .40   .96   .81
% NE      4.57  4.64  3.79  3.70  4.18  4.54  6.02  5.50  5.33  5.48  5.23  5.18
MEAN      3.01  3.16  3.30  3.43  3.54  3.35  3.42  3.18  3.10  3.00  3.08  2.86
STD DEV   1.36  1.34  1.51  1.64  1.67  1.52  1.78  1.49  1.37  1.31  1.25  1.22
SKEW      1.15   .64   .96   .89   .75  1.03  1.42  1.10  1.05  1.08   .72   .71
% ENE     4.95  4.66  3.64  3.74  3.98  4.56  5.58  5.52  5.40  5.75  5.23  5.19
MEAN      2.90  3.02  3.53  3.65  3.62  3.56  3.70  3.46  3.30  3.21  3.04  2.81
STD DEV   1.06  1.08  1.71  1.77  1.56  1.65  1.88  1.67  1.65  1.34  1.09  1.04
SKEW       .51   .86  1.48   .75   .95  1.76  1.18  1.33  1.43  1.39   .43   .67
% E       6.07  5.40  4.54  4.79  5.16  5.66  7.68  7.38  7.01  7.00  6.34  6.01
MEAN      2.99  3.18  3.56  3.72  3.83  3.63  3.92  3.57  3.44  3.16  3.07  2.85
STD DEV   1.50  1.61  1.80  1.93  2.06  1.81  2.20  1.85  1.86  1.53  1.61  1.57
SKEW      1.50  1.14   .75   .92   .89  1.15  1.11  1.12  1.28  1.08  1.22  2.39
% ESE     3.90  3.42  3.57  3.89  4.90  5.71  7.32  6.60  5.87  5.40  4.13  3.44
MEAN      3.44  3.28  4.05  4.44  4.81  4.56  4.46  4.21  4.03  3.95  3.56  3.25
STD DEV   1.98  1.64  2.26  2.52  2.60  2.60  2.41  2.24  2.06  2.10  1.93  1.83
SKEW      1.29  1.20  1.27   .90   .88  1.07  1.02   .93   .82  1.04  1.32  1.48
% SE      3.38  3.49  3.66  4.28  5.25  5.56  6.73  6.19  5.76  5.05  4.02  3.08
MEAN      3.48  4.03  4.23  4.50  4.63  4.35  4.15  3.82  3.80  3.64  3.89  3.41
STD DEV   1.91  2.13  2.22  2.30  2.42  2.18  2.14  1.89  1.95  1.97  2.33  1.98
SKEW      1.11   .86  1.09   .76   .85   .92  1.07   .98   .98  1.03  1.11  1.39
% SSE     4.38  3.98  4.83  6.50  5.96  7.09  6.63  6.02  7.33  6.13  4.58  3.21
MEAN      4.62  4.64  4.77  5.42  5.30  5.14  4.36  4.07  4.15  4.61  4.81  4.22
STD DEV   2.49  2.51  2.34  2.50  2.80  2.36  2.20  2.01  2.04  2.49  2.63  2.29
SKEW       .68   .76   .57   .43   .83   .55   .81   .95  1.07   .83   .88   .52
% S       5.46  5.34  6.27  6.71  7.07  6.11  5.80  5.91  6.24  6.16  4.95  4.59
MEAN      4.49  4.51  4.93  5.65  5.44  5.07  4.11  4.03  4.46  4.70  4.53  4.11
STD DEV   2.64  2.47  2.59  2.87  2.77  2.47  2.09  2.07  2.37  2.67  2.52  2.54
SKEW       .73   .76   .66   .43   .65   .54   .86   .96   .78   .98   .72   .84
% SSW     4.59  5.18  6.85  7.42  8.14  8.22  5.13  5.11  6.01  5.59  4.56  4.09
MEAN      4.65  4.69  5.58  6.15  6.24  5.63  4.29  4.14  4.58  4.79  4.60  4.67
STD DEV   2.65  2.75  3.03  3.12  3.04  2.59  2.10  1.96  2.29  2.61  2.60  2.80
SKEW       .79   .82   .59   .57   .48   .35   .69   .75   .67   .69   .74   .80
% SW      6.31  6.53  8.09  9.55  9.33  9.55  6.04  6.85  7.35  6.86  5.36  5.91
MEAN      4.31  4.46  5.70  6.15  6.15  5.83  4.32  4.29  4.52  4.36  4.15  4.19
STD DEV   2.71  2.87  3.07  3.23  2.95  2.71  2.19  2.11  2.41  2.50  2.52  2.64
SKEW      1.30  1.13   .68   .56   .46   .48   .68   .64   .72  1.10  1.12  1.26
% WSW     7.18  7.57 10.29 10.60 10.38 10.52  5.44  5.96  6.89  7.13  6.84  6.33
MEAN      5.18  5.03  6.71  7.23  6.93  6.49  5.12  4.83  5.43  5.07  4.82  4.69
STD DEV   3.09  2.82  3.27  3.45  3.09  2.69  2.46  2.29  2.61  2.68  2.62  2.71
SKEW       .89   .94   .53   .57   .56   .23   .47   .58   .44   .69   .90  1.21
% W       7.69  8.81  8.83  7.23  7.15  6.10  4.85  5.10  5.28  5.92  6.70  7.19
MEAN      4.45  4.62  5.78  6.18  5.95  5.77  4.32  4.23  4.45  4.60  4.40  4.32
STD DEV   2.45  2.55  3.14  3.31  3.09  2.82  2.37  2.25  2.44  2.82  2.37  2.58
SKEW      1.83  1.54   .77   .53   .62   .53   .83   .79   .77  1.29  1.31  1.91
% WNW     5.13  6.21  7.71  7.32  5.11  4.25  3.70  3.86  3.89  3.70  4.63  4.65
MEAN      4.46  4.91  6.52  6.65  5.92  5.30  4.84  4.43  4.52  4.55  4.74  4.69
STD DEV   2.39  2.70  3.36  3.22  3.01  2.84  2.68  2.39  2.43  2.52  2.83  2.63
SKEW      1.25  1.02   .58   .32   .46   .67   .85   .74   .98   .99  1.50  1.08
% NW      4.40  4.94  5.14  4.46  3.54  3.43  3.64  3.76  3.08  3.15  3.90  4.24
MEAN      3.67  4.51  6.00  5.59  4.74  4.74  4.22  4.02  4.11  3.86  4.53  3.99
STD DEV   1.99  2.61  3.40  2.96  2.60  2.58  2.39  2.32  2.35  2.13  2.77  2.61
SKEW      1.21   .99   .65   .65   .80   .79   .92  1.05  1.00  1.08  1.34  1.52
% NNW     5.20  5.48  5.41  4.17  3.40  2.97  4.11  3.93  3.34  3.37  5.46  5.75
MEAN      4.32  5.18  5.65  5.74  5.04  4.39  4.43  4.09  3.92  4.12  4.71  4.66
STD DEV   2.02  2.81  2.84  2.78  2.68  2.25  2.55  2.35  2.17  2.31  2.53  2.36
SKEW       .75   .69   .57   .47   .84   .63  1.11   .96  1.04  1.09  1.02   .55
CALM     14.34 12.40  8.23  6.99  7.70  7.37  9.70 10.88 10.96 12.65 14.78 17.36
                                                                                
INTERPOLATED DATA (station & weighting factor)                                  
                                                                                
---Wind Stations---                                                             
ALAMOSA       CO     .453  FARMINGTON    NM     .281  SANTA FE      NM     .266 
