 United States    Spencer Meadow                                                
 LATT=  46.18 LONG=-121.93 YEARS= 30. TYPE= 3
 ELEVATION = 3400. TP5 = 0.74 TP6= 1.90
 MEAN P    .81   .67   .61   .51   .42   .41   .28   .40   .49   .66   .79   .77
 S DEV P   .79   .68   .60   .52   .37   .39   .31   .48   .57   .70   .81   .77
 SKEW  P  1.86  2.09  1.89  2.56  2.03  2.09  2.54  2.11  2.36  2.07  2.22  1.81
 P(W/W)    .80   .76   .73   .68   .56   .49   .30   .39   .57   .71   .80   .81
 P(W/D)    .37   .34   .42   .32   .25   .17   .08   .09   .15   .26   .41   .34
 TMAX AV 35.65 38.22 42.57 48.33 57.74 63.68 72.23 73.02 67.29 53.63 40.96 34.44
 TMIN AV 26.95 26.76 29.17 31.57 37.56 42.73 47.65 48.09 43.61 36.87 30.06 25.64
 SD TMAX  5.92  6.40  7.06  8.85 10.29  9.62  8.89  8.58  9.67  8.65  6.64  5.84
 SD TMIN  7.54  7.73  5.48  5.24  6.02  5.33  5.16  4.95  5.62  6.25  7.61  8.13
 SOL.RAD  104.  169.  250.  351.  446.  502.  580.  499.  366.  212.  118.   88.
 SD SOL   36.4  59.9  79.2 118.6 148.3 158.7 124.0 105.3 101.4  75.9  45.1  27.1
 MX .5 P   .31   .25   .23   .21   .32   .33   .13   .14   .20   .33   .34   .31
 DEW PT  27.14 26.64 29.32 32.31 38.58 43.83 47.84 47.16 43.02 37.30 30.55 25.82
Time Pk   .080  .170  .250  .340  .420  .520  .600  .690  .780  .850  .930 1.000
% N       3.05  3.77  4.81  6.37  6.96  7.57  7.87  6.53  5.50  4.54  3.41  2.91
MEAN      2.86  2.95  3.61  3.97  3.82  3.73  3.78  3.51  3.32  3.09  2.94  2.66
STD DEV   1.65  1.64  1.77  1.88  1.85  1.79  1.85  1.77  1.78  1.62  1.56  1.45
SKEW      1.09  1.76   .60   .63   .57   .65   .61   .74   .68   .95   .57   .90
% NNE     1.44  1.71  2.34  2.74  2.84  3.27  4.02  3.16  2.46  1.87  1.39  1.47
MEAN      2.53  3.10  3.34  3.55  3.69  3.47  3.53  3.10  3.13  2.93  2.93  2.69
STD DEV   1.26  1.66  1.70  1.78  1.79  1.74  1.74  1.50  1.63  1.58  1.56  1.35
SKEW       .66   .72   .57   .94   .52   .54   .64   .73   .57   .84  1.00   .75
% NE      3.82  4.24  4.75  5.46  5.93  6.26  6.75  5.59  5.14  4.19  3.65  3.65
MEAN      2.32  2.46  2.62  2.87  2.78  2.66  2.42  2.44  2.41  2.24  2.38  2.29
STD DEV   1.17  1.26  1.23  1.46  1.43  1.25  1.08  1.20  1.22  1.00  1.10  1.03
SKEW      1.34  1.57  1.14   .98  1.13   .83   .85  1.01  1.29  1.08  1.03   .94
% ENE     3.67  3.85  4.36  4.04  3.94  4.23  4.14  3.42  3.98  3.45  3.60  3.62
MEAN      3.04  3.27  3.43  3.55  3.30  3.10  2.80  2.89  2.88  2.92  2.86  2.97
STD DEV   1.51  1.86  1.76  1.71  1.56  1.50  1.21  1.29  1.36  1.42  1.21  1.28
SKEW      1.20  1.46   .78   .70   .68   .67   .82   .64   .90  1.11   .67   .79
% E       9.15  9.12  8.86  7.80  6.54  6.97  6.87  6.36  8.36  8.36  8.77  9.78
MEAN      3.59  3.44  3.51  3.29  3.08  2.89  2.65  2.66  2.92  2.90  3.24  3.41
STD DEV   2.15  1.91  1.81  1.64  1.52  1.39  1.30  1.30  1.53  1.56  1.77  1.85
SKEW       .94   .86   .90   .81   .77   .83   .97   .90  1.03  1.13   .94   .84
% ESE     5.91  5.60  5.37  4.28  3.67  3.59  3.26  3.52  4.65  4.83  5.92  6.42
MEAN      4.41  4.02  3.91  3.66  3.40  3.12  2.74  2.79  3.28  3.39  3.91  4.19
STD DEV   2.15  1.93  1.82  1.64  1.57  1.45  1.17  1.21  1.54  1.64  1.72  1.96
SKEW       .55   .54   .69   .59   .72   .75   .56   .58   .56   .77   .70   .58
% SE      9.51  8.22  7.28  5.81  4.82  4.40  4.33  4.73  5.73  7.04  8.22  8.81
MEAN      3.94  3.61  3.42  3.24  2.92  2.75  2.49  2.53  2.77  2.89  3.34  3.89
STD DEV   2.08  1.83  1.71  1.62  1.46  1.37  1.12  1.16  1.33  1.38  1.72  2.12
SKEW       .98   .94  1.11   .99   .99   .85   .73   .85   .98  1.11  1.14   .93
% SSE     4.76  4.53  4.33  3.39  2.96  2.81  2.36  3.11  3.22  4.16  4.59  4.55
MEAN      3.79  3.65  3.40  3.29  3.07  2.82  2.69  2.71  2.75  2.82  3.41  3.81
STD DEV   2.15  2.02  1.65  1.57  1.48  1.29  1.13  1.25  1.17  1.31  1.89  2.14
SKEW      1.29  1.21   .93  1.19   .96   .96  1.04  1.17   .91  1.08  1.43   .99
% S       7.85  7.30  6.42  5.17  4.76  4.52  3.78  4.43  4.99  6.09  6.92  7.67
MEAN      4.14  3.74  3.57  3.13  2.92  2.74  2.69  2.55  2.65  2.86  3.56  3.98
STD DEV   2.76  2.32  2.09  1.68  1.56  1.41  1.51  1.27  1.29  1.65  2.31  2.55
SKEW      1.13  1.02  1.28  1.21  1.48  1.36  1.62  1.37  1.30  1.59  1.34  1.13
% SSW     4.55  4.24  4.44  3.14  2.60  2.48  2.21  2.38  2.53  3.20  3.80  4.54
MEAN      4.55  4.53  4.32  3.48  2.99  2.77  2.68  2.86  2.73  3.52  4.43  4.93
STD DEV   2.56  2.62  2.50  1.82  1.55  1.26  1.32  1.69  1.18  2.14  2.68  2.79
SKEW       .74   .86   .98  1.05  1.08   .99  1.25  1.67   .91  1.14   .80   .96
% SW      4.67  4.89  5.36  4.45  3.98  3.92  3.40  3.93  4.32  4.26  4.54  4.55
MEAN      3.35  3.23  3.58  3.23  2.83  2.70  2.51  2.45  2.73  2.94  3.37  3.52
STD DEV   2.17  1.93  2.25  1.95  1.59  1.43  1.17  1.25  1.45  1.71  2.00  2.25
SKEW      1.31  1.52  1.58  1.33  1.52  1.56  1.12  1.87  1.72  1.59  1.27  1.42
% WSW     2.82  3.08  3.68  3.77  2.75  2.67  2.57  2.62  3.01  2.87  3.11  2.84
MEAN      3.51  3.64  4.38  4.42  3.26  3.54  3.03  2.85  3.23  3.23  3.58  3.37
STD DEV   2.49  2.46  2.87  2.57  1.81  2.15  1.71  1.27  1.89  1.79  2.23  1.96
SKEW      1.73  2.07  1.29   .92  1.30  1.52  1.86   .86  1.62  1.24  1.29  1.18
% W       6.68  7.54  8.17  8.68  8.37  7.53  6.72  7.45  7.41  6.66  6.91  6.70
MEAN      3.32  3.79  4.40  4.37  3.77  3.56  3.56  3.43  3.50  3.34  3.52  3.75
STD DEV   2.15  2.46  2.67  2.54  2.16  2.00  2.05  1.89  2.03  2.09  2.28  2.41
SKEW      1.53  1.42  1.06  1.04  1.03  1.03  1.38  1.08  1.04  1.29  1.22  1.30
% WNW     4.16  5.36  5.84  7.24  7.35  7.07  7.58  8.23  6.64  5.41  4.69  3.96
MEAN      3.67  3.90  4.66  4.73  4.42  4.33  4.49  4.22  4.10  3.77  3.82  3.43
STD DEV   2.10  2.17  2.51  2.54  2.26  2.21  2.30  2.12  2.08  2.09  2.27  1.97
SKEW      1.39  1.08   .78  1.18   .87   .90   .68   .96   .91  1.07   .99  1.38
% NW      4.99  5.99  6.35  8.89 11.58 11.67 12.54 12.99  9.38  6.76  5.54  4.71
MEAN      3.02  3.36  3.96  4.35  4.35  4.16  4.17  4.10  3.86  3.44  3.31  3.01
STD DEV   1.96  2.01  2.31  2.34  2.26  2.17  2.07  2.06  2.11  2.04  2.11  1.92
SKEW      1.54  1.21   .92   .72   .79   .86   .70   .70  1.01  1.13  1.44  1.57
% NNW     2.28  3.46  4.44  6.31  7.47  7.87  7.41  6.63  5.53  4.08  2.99  2.33
MEAN      3.41  3.73  4.34  4.45  4.46  4.40  4.26  4.16  3.95  3.73  3.50  3.34
STD DEV   1.70  1.82  2.24  2.12  2.09  1.90  1.90  2.03  1.95  1.83  1.82  1.59
SKEW       .62   .94   .96   .76   .66   .54   .62   .80   .87   .90  1.31   .89
CALM     20.71 17.11 13.24 12.50 13.49 13.16 14.11 14.85 17.20 22.21 21.88 21.53
                                                                                
INTERPOLATED DATA (station & weighting factor)                                  
                                                                                
---Wind Stations---                                                             
LEWISTON      ID     .523  BAKER         OR     .246  MISSOULA      MT     .231 
