 United States    Saddle Mountain                                               
 LATT=  45.54 LONG=-123.37 YEARS= 30. TYPE= 3
 ELEVATION = 3110. TP5 = 1.23 TP6= 1.73
 MEAN P    .78   .66   .55   .46   .36   .32   .23   .28   .45   .66   .79   .85
 S DEV P   .78   .75   .56   .47   .35   .33   .26   .30   .63   .78   .95   .93
 SKEW  P  1.71  3.28  2.44  2.78  2.35  3.61  5.53  3.07  3.70  3.25  3.17  2.30
 P(W/W)    .79   .76   .74   .71   .63   .50   .27   .34   .52   .69   .78   .79
 P(W/D)    .38   .35   .39   .33   .20   .19   .08   .10   .14   .25   .43   .38
 TMAX AV 44.74 47.18 51.58 56.19 62.23 66.06 72.53 73.66 70.40 59.10 49.01 43.37
 TMIN AV 35.76 35.66 37.78 40.14 44.21 47.89 51.26 52.30 49.87 44.36 39.04 34.87
 SD TMAX  5.51  6.47  7.10  8.23  8.88  8.34  7.76  7.53  8.40  6.91  5.44  5.32
 SD TMIN  6.59  6.70  5.18  5.06  5.04  4.43  4.09  3.84  4.84  5.34  6.45  6.43
 SOL.RAD  101.  167.  250.  348.  435.  476.  535.  474.  362.  213.  118.   86.
 SD SOL   38.5  65.1  85.4 121.4 149.1 158.8 140.6 105.5  94.4  74.1  46.3  29.3
 MX .5 P   .31   .20   .22   .19   .26   .20   .08   .09   .20   .33   .33   .30
 DEW PT  34.98 34.44 36.96 39.35 43.81 47.88 51.23 51.58 48.62 44.05 38.99 34.38
Time Pk   .070  .170  .250  .340  .430  .520  .610  .690  .770  .850  .940 1.000
% N       6.29  6.73  7.07  8.47  9.09  8.52  8.13  8.72 10.50  9.72  7.46  6.78
MEAN      3.34  3.27  3.96  4.43  4.28  4.04  3.89  3.63  3.66  3.47  3.31  2.99
STD DEV   1.90  1.86  2.04  2.10  2.08  1.91  1.81  1.67  1.87  1.86  1.83  1.68
SKEW      1.13  1.38   .98   .77   .81   .76   .60   .63   .93  1.34  1.08  1.14
% NNE     2.04  2.36  2.30  2.23  2.33  2.45  2.05  2.02  2.27  1.94  1.83  2.15
MEAN      2.85  3.22  3.56  3.67  4.07  3.77  3.56  3.17  3.28  3.36  3.25  3.05
STD DEV   1.49  1.58  1.70  1.63  1.89  1.92  1.68  1.41  1.62  1.75  1.68  1.63
SKEW      1.54   .78   .90   .61   .44   .76   .97   .84   .65   .96  1.03   .94
% NE      2.64  2.87  2.49  2.49  2.66  2.19  2.03  2.35  2.95  2.45  2.59  2.84
MEAN      2.27  2.45  2.62  2.93  2.89  2.70  2.55  2.50  2.60  2.35  2.39  2.23
STD DEV   1.21  1.25  1.26  1.53  1.37  1.12  1.11  1.04  1.13  1.03  1.23  1.05
SKEW      1.94  1.38  1.34  1.14   .86   .53   .82   .69  1.06   .96  1.25  1.19
% ENE     2.05  2.31  2.02  1.57  1.67  1.60  1.59  1.55  1.55  1.63  1.90  1.65
MEAN      2.69  2.71  3.00  3.09  3.13  2.97  2.74  2.93  2.76  2.86  2.49  2.62
STD DEV   1.43  1.38  1.37  1.31  1.28  1.17  1.08  1.25  1.20  1.36  1.04  1.13
SKEW      1.72  1.56   .84   .54   .56   .31   .53   .77   .76   .69   .78  1.00
% E       4.04  4.29  3.84  3.69  3.55  3.54  3.28  3.53  3.95  4.08  4.35  3.93
MEAN      2.94  2.88  3.02  3.06  2.98  2.84  2.63  2.57  2.84  2.74  2.81  2.73
STD DEV   1.74  1.61  1.59  1.48  1.37  1.22  1.08  1.05  1.33  1.29  1.46  1.55
SKEW      1.01  1.07  1.24  1.01   .88   .63   .75   .67   .63   .87   .85  1.02
% ESE     3.63  3.47  3.84  3.02  2.65  2.98  3.39  2.80  3.38  4.14  4.98  4.17
MEAN      3.86  3.69  3.69  3.62  3.32  3.19  2.81  2.77  3.37  3.44  3.72  3.74
STD DEV   1.65  1.57  1.63  1.52  1.31  1.26  1.04  1.06  1.43  1.50  1.55  1.61
SKEW       .73   .77   .71   .52   .46   .45   .55   .43   .40   .65   .80   .84
% SE     10.01  9.47  8.56  7.00  6.12  5.25  5.60  5.93  8.08  8.88  9.80  9.59
MEAN      3.57  3.52  3.46  3.42  3.16  2.93  2.69  2.70  2.93  3.04  3.21  3.49
STD DEV   1.70  1.71  1.61  1.63  1.46  1.28  1.09  1.12  1.26  1.40  1.47  1.79
SKEW      1.11   .88   .85   .79   .59   .57   .56   .90   .68   .93   .61  1.01
% SSE     6.33  5.89  6.09  4.84  3.59  3.18  3.30  3.59  4.28  5.46  5.88  5.35
MEAN      3.65  3.62  3.72  3.64  3.41  3.13  2.99  2.88  3.01  3.04  3.31  3.56
STD DEV   1.85  1.74  1.76  1.73  1.57  1.29  1.27  1.19  1.23  1.35  1.64  1.77
SKEW      1.18   .89  1.07   .83   .66   .54   .80   .76   .45   .76  1.38  1.08
% S       7.70  7.42  6.73  5.53  4.20  4.20  3.93  4.33  5.02  6.30  7.08  7.84
MEAN      3.32  3.27  3.44  3.36  2.93  2.78  2.75  2.65  2.71  2.84  3.04  3.12
STD DEV   2.03  1.99  1.92  1.87  1.39  1.27  1.24  1.11  1.32  1.55  1.80  1.92
SKEW      1.35  1.25  1.15  1.10  1.02  1.03   .87   .93  1.17  1.42  1.46  1.49
% SSW     5.37  4.60  4.69  3.40  2.69  2.64  2.83  2.78  2.98  3.74  4.09  4.48
MEAN      3.86  3.72  3.93  3.58  3.20  2.99  2.94  2.98  3.07  3.38  3.53  3.67
STD DEV   2.21  2.28  2.25  1.93  1.62  1.32  1.28  1.51  1.39  1.92  2.01  2.11
SKEW      1.15  1.09  1.01  1.04  1.25   .82   .96  1.18   .98  1.43  1.09   .92
% SW      5.20  4.90  5.18  4.60  4.81  4.49  4.66  4.93  4.50  4.57  4.53  5.33
MEAN      3.28  3.18  3.59  3.55  3.29  3.40  3.28  3.06  3.08  3.08  3.14  3.41
STD DEV   1.94  1.70  2.00  1.94  1.51  1.66  1.42  1.30  1.43  1.67  1.82  2.16
SKEW      1.33  1.51  1.28  1.15   .81  1.33   .74   .97  1.07  1.41  1.44  1.52
% WSW     4.69  4.87  6.38  6.31  5.69  5.89  5.34  4.63  4.25  4.37  4.41  4.64
MEAN      4.44  4.16  4.60  4.51  4.22  3.97  3.78  3.74  3.88  3.91  4.02  4.19
STD DEV   2.49  2.41  2.39  2.14  1.79  1.70  1.48  1.54  1.90  1.88  2.01  2.17
SKEW       .91  1.98  1.17   .78   .67  1.12   .52   .65  1.05   .79   .68   .81
% W       6.81  7.78 10.26 11.82 11.35 11.28 10.20 10.26  8.33  7.42  7.25  7.31
MEAN      4.15  4.08  4.48  4.48  4.32  4.15  4.03  3.98  4.05  4.03  4.09  4.10
STD DEV   2.07  1.98  2.07  2.00  1.82  1.69  1.68  1.64  1.80  1.85  2.00  2.13
SKEW       .58  1.10  1.02   .96   .57   .67   .86   .55   .57   .63   .67   .96
% WNW     3.78  4.62  5.92  6.97  7.41  8.01  9.16  8.32  6.18  5.03  4.32  3.89
MEAN      3.30  3.71  4.21  4.22  4.16  4.18  4.02  3.90  3.75  3.55  3.29  3.50
STD DEV   1.64  1.84  2.00  2.00  1.78  1.76  1.52  1.56  1.61  1.53  1.65  1.87
SKEW      1.03   .98   .82  1.35   .91   .90   .41   .82   .77   .75   .98  1.46
% NW      6.20  7.75  7.70 10.51 13.14 14.08 14.96 14.17 11.07  8.61  7.12  6.29
MEAN      3.07  3.35  3.90  4.22  4.16  4.01  3.84  3.79  3.66  3.63  3.47  3.17
STD DEV   1.80  1.86  2.01  2.06  1.88  1.76  1.47  1.49  1.61  1.85  2.00  1.85
SKEW      1.34  1.01   .77   .78   .80   .87   .41   .57   .75   .83  1.01  1.14
% NNW     5.72  7.40  7.77 10.73 12.50 13.26 11.70 11.01 11.02  8.44  6.46  5.78
MEAN      3.88  4.30  4.52  4.89  4.69  4.44  4.23  4.02  4.15  4.10  3.93  3.77
STD DEV   1.94  2.05  2.09  2.21  1.96  1.83  1.61  1.65  1.82  2.00  2.00  1.95
SKEW       .78   .81   .82   .56   .59   .56   .44   .71   .75   .97   .75   .75
CALM     17.58 13.22  9.15  6.86  6.57  6.46  7.82  9.04  9.78 13.23 15.87 17.99
                                                                                
INTERPOLATED DATA (station & weighting factor)                                  
                                                                                
---Wind Stations---                                                             
BURNS         OR     .387  BAKER         OR     .357  PENDLETON     OR     .256 
