 KLAWOCK AK                              504898 0
 LATT=  55.55 LONG=-133.10 YEARS=  9. TYPE= 1
 ELEVATION =   10. TP5 = 4.08 TP6= 5.99
 MEAN P    .55   .46   .40   .36   .24   .17   .18   .26   .34   .51   .54   .40
 S DEV P   .50   .43   .46   .37   .22   .16   .21   .36   .48   .62   .65   .37
 SKEW  P  1.22  1.72  2.66  1.54  1.49  1.22  1.74  2.83  2.50  2.60  2.26  1.40
 P(W/W)    .82   .75   .71   .73   .70   .69   .74   .72   .75   .82   .81   .69
 P(W/D)    .15   .24   .19   .22   .26   .12   .14   .12   .18   .28   .19   .26
 TMAX AV 42.79 41.48 46.62 50.05 56.20 60.87 63.40 62.77 60.07 52.70 44.10 37.70
 TMIN AV 33.24 30.91 32.22 34.60 39.92 44.64 48.79 49.56 45.18 40.95 34.05 28.21
 SD TMAX  5.57  6.41  5.19  5.64  5.40  5.27  5.17  3.80  5.22  4.85  5.75  6.64
 SD TMIN  6.46  7.50  5.98  4.05  4.66  3.94  3.64  3.55  4.81  6.66  6.44  7.64
 SOL.RAD   62.  117.  238.  369.  443.  444.  439.  346.  258.  127.   62.   42.
 SD SOL   16.6  32.2  43.7  66.6  96.1 122.5 111.9 103.5  62.2  43.8  23.6  15.2
 MX .5 P  1.22  1.22  1.23  1.48  1.37  1.11   .86  1.24  1.14  2.08  1.46  1.51
 DEW PT  28.74 29.21 29.97 35.09 40.24 47.12 50.94 51.88 47.97 40.94 33.97 30.68
Time Pk   .865  .914  .928  .936  .942  .946  .950  .951  .956  .962  .969 1.000
% N       8.53  6.49  5.69  5.07  3.28  2.55  2.84  2.97  4.07  4.10  6.54  6.30
MEAN      4.27  4.24  4.31  4.07  3.40  3.36  3.66  3.49  3.57  3.60  4.24  4.27
STD DEV   1.97  1.92  1.90  1.58  1.47  1.38  1.63  1.49  1.46  1.43  1.76  1.71
SKEW       .82   .70   .70   .53   .78   .74   .82   .82   .61   .68   .47   .53
% NNE     5.49  3.17  2.73  2.08  1.01   .87   .68   .90  1.43  1.95  3.72  3.45
MEAN      4.34  4.24  4.12  3.95  2.84  2.61  2.63  2.60  3.02  3.84  4.27  4.29
STD DEV   2.03  1.90  1.97  1.66   .93   .75  1.02   .79  1.27  1.61  1.90  2.00
SKEW       .77   .68   .95   .71   .82  1.01   .59  1.22   .85   .70   .84   .91
% NE      7.69  5.60  4.75  3.44  2.02  1.59  1.28  1.24  2.48  4.03  5.72  5.11
MEAN      6.26  5.40  4.76  4.42  3.01  2.93  2.52  2.78  3.20  4.86  5.06  5.24
STD DEV   3.62  2.92  2.40  2.25  1.24  1.33   .84  1.19  1.55  2.82  2.74  2.76
SKEW       .80   .75   .66   .78   .83  1.28   .10   .81  1.19   .99   .75   .79
% ENE     7.49  6.09  5.46  3.65  2.22  1.67  1.30  1.53  2.86  4.78  6.58  6.62
MEAN      6.72  6.34  5.56  5.04  4.40  3.26  2.77  3.07  4.30  5.19  5.76  6.83
STD DEV   3.27  3.05  2.68  2.53  2.40  1.61   .82  1.24  2.33  2.58  3.04  3.32
SKEW       .36   .40   .58   .56  1.04  1.37  1.06  1.34  1.10   .56   .76   .33
% E       8.10  6.61  7.09  5.04  4.21  3.17  2.23  2.81  4.30  6.87  8.32  7.75
MEAN      6.89  6.39  6.06  5.55  4.54  4.53  3.59  3.34  4.98  6.10  6.87  6.64
STD DEV   3.49  3.10  3.17  2.69  2.35  2.31  1.82  1.71  2.71  3.33  3.47  3.35
SKEW       .38   .34   .66   .45   .59   .51   .75   .84   .56   .82   .35   .44
% ESE    11.87 11.35 10.30  8.76  7.43  5.94  5.42  5.95  7.60 12.11 13.27 13.89
MEAN      8.03  7.66  7.16  6.59  5.61  5.24  4.46  4.74  5.97  7.26  7.83  7.83
STD DEV   3.34  3.13  3.01  2.82  2.55  2.25  1.95  2.10  2.69  3.23  2.97  3.28
SKEW       .57   .13   .31   .42   .69   .57   .52   .48   .61   .40   .11   .33
% SE     12.24 11.98 12.49 12.25 12.42 11.91 12.12 12.56 12.94 14.04 13.45 12.11
MEAN      7.66  7.50  6.83  6.89  5.64  5.06  4.37  4.65  5.42  7.07  7.75  7.66
STD DEV   3.42  3.30  3.12  3.49  2.76  2.36  1.99  2.14  2.63  3.40  3.42  3.57
SKEW       .34   .34   .61  1.06   .92   .80   .95   .89   .65   .68   .61   .63
% SSE     6.80  9.83  8.75 11.55 14.35 15.69 16.21 15.43 13.25 12.27  8.66  9.52
MEAN      8.16  8.30  7.12  6.91  5.67  5.22  4.70  4.98  5.80  7.78  8.35  9.01
STD DEV   3.54  3.70  3.27  3.21  2.59  2.25  2.03  2.33  2.85  3.67  3.84  4.00
SKEW       .64   .39   .47   .42   .70   .76   .80   .87   .81   .63   .65   .39
% S       6.56  8.23  8.29 10.15 11.18 13.19 13.65 12.87 10.72 10.53  7.44  8.35
MEAN      6.76  6.54  5.74  5.53  4.81  4.50  4.22  4.24  4.92  6.35  6.82  6.86
STD DEV   3.06  3.15  2.59  2.48  2.00  1.73  1.69  1.74  2.32  3.02  3.12  3.21
SKEW       .37   .62   .49   .73   .57   .59   .60   .63   .90   .63   .39   .50
% SSW     2.50  3.08  3.61  3.99  3.74  4.83  4.76  4.46  3.63  4.09  3.56  3.66
MEAN      5.86  5.34  5.00  4.74  4.38  3.89  3.87  3.80  4.44  5.15  5.91  5.95
STD DEV   2.52  2.34  2.18  1.91  1.66  1.43  1.53  1.34  1.87  2.22  2.70  2.78
SKEW       .50   .65   .57   .56   .51   .58   .67   .48   .70   .64   .53   .64
% SW      2.25  3.18  3.30  3.78  3.94  4.92  5.36  4.64  3.47  3.45  2.69  3.51
MEAN      4.81  4.99  4.48  4.23  3.89  3.65  3.41  3.30  3.65  4.42  5.06  4.83
STD DEV   2.03  2.10  1.93  1.84  1.39  1.29  1.25  1.25  1.55  2.10  2.19  2.13
SKEW       .60   .61   .72   .62   .48   .56   .38   .48  1.06   .82   .62   .61
% WSW     1.60  2.23  2.36  2.79  3.02  3.27  3.72  3.16  2.20  2.32  1.85  2.40
MEAN      4.92  4.78  4.30  4.12  3.89  3.70  3.60  3.35  3.64  4.15  4.72  4.74
STD DEV   2.43  2.03  1.65  1.64  1.42  1.22  1.36  1.15  1.53  1.64  2.06  1.97
SKEW       .90   .84   .52   .54   .44   .51   .44   .45   .86   .69   .59   .64
% W       1.98  2.98  3.41  4.22  5.20  5.07  4.49  3.58  3.30  2.39  2.05  2.69
MEAN      4.50  4.48  4.28  4.04  3.79  3.58  3.27  3.33  3.54  3.88  4.45  4.71
STD DEV   1.91  2.00  1.93  1.54  1.40  1.22  1.17  1.26  1.42  1.64  2.08  2.07
SKEW       .55   .92   .79   .45   .67   .37   .40  1.01   .84   .80  1.11   .82
% WNW     1.27  2.12  2.70  3.68  4.67  5.18  4.84  4.80  3.74  2.29  1.54  1.71
MEAN      3.54  4.29  4.12  4.26  3.89  3.82  3.39  3.53  3.65  3.82  4.18  4.20
STD DEV   1.40  2.03  1.73  1.69  1.43  1.42  1.18  1.35  1.38  1.55  1.69  1.75
SKEW       .90   .69   .54   .52   .59   .41   .40   .62   .50   .82   .81   .67
% NW      2.94  4.42  5.47  6.30  7.59  7.57  7.06  7.63  7.80  4.18  3.02  2.77
MEAN      4.17  4.01  4.26  4.12  3.72  3.98  3.67  3.74  3.71  3.77  4.38  4.11
STD DEV   1.79  1.87  1.95  1.70  1.44  1.49  1.48  1.51  1.42  1.44  1.98  1.94
SKEW       .65   .88   .89   .66   .58   .62   .72   .89   .67   .52   .75   .97
% NNW     6.37  7.32  8.10  8.18  7.70  6.29  6.51  7.71  9.04  4.90  5.71  5.46
MEAN      4.85  4.54  4.73  4.46  4.17  4.03  4.20  4.02  4.26  3.86  4.86  4.74
STD DEV   2.14  1.92  1.92  1.64  1.57  1.48  1.67  1.54  1.60  1.42  1.93  2.18
SKEW       .77   .69   .57   .61   .51   .48   .57   .66   .40   .51   .49   .80
CALM      6.41  5.35  5.46  5.10  6.05  6.22  7.57  7.80  7.18  5.71  5.94  4.79
 
INTERPOLATED DATA (station & weighting factor)
 
---Wind Stations---
ANNETTE IS.   AK     .806  MIDDLETON AFS AK     .101  TATOOSH IS.   WA     .093
---Solar Radiation and Max .5 P Stations---
 ANNETTE, ALASKA     .838   MATANUSKA           .082   OLYMPIA, WASHINGTO  .080 
---Dewpoint Stations---
AK ANNETTE           .765  AK YAKUTAT           .146  WA TATOOSH ISLAND    .088 
---Time Peak Stations---
MADE-UP SE AK        .794  BLAINE WA            .206                            
