 AMBLER WEST AK                          50 260 0
 LATT=  67.08 LONG=-157.87 YEARS= 11. TYPE= 1
 ELEVATION =  120. TP5 = 1.48 TP6= 2.09
 MEAN P    .12   .15   .11   .18   .14   .12   .19   .24   .27   .14   .11   .13
 S DEV P   .19   .16   .14   .27   .18   .14   .20   .30   .35   .17   .24   .19
 SKEW  P  3.77  1.40  2.74  1.96  2.10  1.93  1.43  2.98  2.10  2.23  5.15  2.70
 P(W/W)    .66   .60   .61   .57   .55   .56   .67   .77   .73   .69   .58   .62
 P(W/D)    .12   .13   .12   .14   .15   .18   .20   .23   .21   .11   .08   .22
 TMAX AV 13.06 15.23 15.93 27.17 51.15 69.81 71.08 61.92 48.61 26.89 11.70 10.56
 TMIN AV 12.31 14.79 10.39 14.96 29.92 43.30 47.42 42.28 32.26 15.25  5.14  5.24
 SD TMAX 19.53 15.42 10.99 13.64 11.28  9.17  9.30  7.75  8.33 10.56 13.62 14.80
 SD TMIN 28.03 27.48 15.73 14.12  9.40  7.43  5.72  7.44  7.73 12.00 17.36 21.99
 SOL.RAD   15.   67.  218.  395.  480.  501.  417.  276.  160.   74.   20.    8.
 SD SOL    2.1   7.5   7.6  32.7  72.2 121.9 116.0  95.4  53.4  18.4   3.8   2.8
 MX .5 P   .30   .24   .29   .20   .20   .42   .40   .77   .41   .28   .25   .25
 DEW PT -12.46-14.05-10.28  5.36 25.12 37.59 44.18 43.95 34.36 15.30 -2.05-15.52
Time Pk   .865  .914  .928  .936  .942  .946  .950  .951  .956  .962  .969 1.000
% N       7.67  8.38  7.63  6.98  6.84  5.04  4.15  6.36  9.51 11.27  8.51  8.96
MEAN      4.15  4.55  4.30  4.23  4.08  4.18  4.16  4.67  5.26  5.46  4.60  4.31
STD DEV   2.02  2.28  1.85  1.80  1.75  2.02  1.78  2.02  2.14  2.24  2.01  2.06
SKEW       .75   .81   .61   .62   .61   .80   .58   .63   .50   .56   .53   .64
% NNE     3.85  4.12  4.24  5.40  5.12  2.63  2.02  3.50  5.83  6.29  5.23  4.85
MEAN      3.83  4.28  4.27  4.26  4.40  3.82  3.79  4.49  4.74  4.97  4.69  4.05
STD DEV   1.63  1.82  1.80  1.53  1.87  1.71  1.61  1.79  1.79  1.92  1.87  1.64
SKEW       .81   .71   .62   .33   .52   .74   .58   .39   .60   .58   .61   .42
% NE      5.17  5.58  5.26  5.67  6.26  3.58  2.54  4.81  5.86  7.05  6.39  6.87
MEAN      4.24  4.46  4.57  4.54  4.62  3.90  3.84  4.53  5.08  5.30  4.86  4.29
STD DEV   2.15  2.06  1.89  1.82  1.92  1.69  1.48  1.87  2.11  2.05  2.02  1.94
SKEW       .76  1.08   .59   .55   .75   .62   .38   .76   .68   .72   .63   .81
% ENE     5.22  6.25  5.71  5.36  6.99  3.88  3.04  4.46  7.62  9.30  9.34  7.79
MEAN      5.52  5.47  5.74  5.42  5.35  4.40  3.81  4.49  5.57  5.96  6.05  5.14
STD DEV   2.73  2.78  2.62  2.36  2.42  2.00  1.66  2.17  2.43  2.51  3.06  2.69
SKEW       .49   .86   .56   .48   .53   .71   .64   .70   .44   .57   .80   .86
% E      12.63 11.97 12.92 10.66 10.33  7.53  5.48  7.25 10.42 10.23 12.96 12.74
MEAN      6.51  6.74  6.00  5.80  5.34  4.79  4.02  4.63  5.49  6.13  6.39  6.29
STD DEV   3.64  3.71  3.37  2.84  2.36  2.04  1.72  2.09  2.50  3.13  3.51  3.76
SKEW       .72   .53   .99   .51   .64   .64   .92   .65   .55   .68   .91   .87
% ESE    12.67 11.44 10.51  9.78  7.30  4.23  4.61  6.37  8.57  9.06 10.39  9.07
MEAN      6.31  6.24  5.90  6.05  5.00  4.46  4.31  4.60  4.96  5.49  5.83  5.99
STD DEV   3.13  3.07  2.80  3.01  2.10  1.91  1.83  2.02  2.15  2.43  2.69  3.04
SKEW      1.32   .92   .68   .83   .70   .52  1.63   .85   .63   .78   .88   .77
% SE      4.78  5.36  4.99  5.41  5.14  4.28  6.22  6.83  5.35  5.30  4.39  4.34
MEAN      5.42  4.78  4.93  5.08  4.74  4.62  4.66  4.84  4.65  5.36  5.13  4.89
STD DEV   3.39  2.57  2.62  2.59  2.26  2.19  2.01  2.06  1.93  2.73  2.81  2.89
SKEW      1.16   .80   .63   .85  1.33   .94   .69   .76   .54   .85   .89  1.41
% SSE     2.70  2.56  2.77  3.88  3.74  4.18  6.27  6.56  3.62  3.16  2.61  1.99
MEAN      6.51  5.42  4.87  6.12  5.06  5.55  5.78  5.34  4.81  6.61  6.35  5.62
STD DEV   3.96  3.08  2.87  3.30  2.40  2.60  2.56  2.40  2.17  3.34  3.70  3.71
SKEW       .52   .61   .82   .52   .68   .69   .56   .61   .63   .29   .75   .99
% S       4.28  2.76  3.11  3.98  4.42  5.82  8.19  7.07  4.07  3.80  3.52  2.56
MEAN      6.44  5.24  5.19  5.91  5.40  5.68  5.83  5.54  5.47  6.03  6.42  6.12
STD DEV   3.31  2.97  2.66  3.22  2.61  2.61  2.65  2.43  2.44  2.61  3.29  3.51
SKEW       .66   .92  1.08   .78   .76   .70   .82   .54   .52   .39   .64  1.16
% SSW     2.22  1.73  2.70  3.25  3.61  5.23  7.64  5.64  3.09  1.88  1.73  1.99
MEAN      5.66  4.80  5.71  5.40  5.16  5.49  6.01  5.80  5.72  5.41  5.58  5.37
STD DEV   2.96  2.42  2.86  2.50  2.01  2.26  2.56  2.54  2.63  2.37  2.76  2.96
SKEW       .48   .88   .56  1.00   .51   .71   .70   .56   .62   .56   .57   .98
% SW      2.61  2.09  2.78  3.66  4.83  7.37  8.26  5.45  3.63  1.57  1.49  2.12
MEAN      6.10  5.75  5.28  5.35  5.36  5.63  5.86  5.66  6.02  5.54  6.12  5.35
STD DEV   3.18  3.23  2.38  2.35  2.36  2.23  2.57  2.66  2.82  2.47  3.17  2.78
SKEW       .67  1.21  1.12   .83  1.03   .58   .70   .74   .35   .39  1.04   .89
% WSW     1.48  2.00  2.57  3.15  4.45  6.32  5.66  3.82  2.09  1.26   .99  1.27
MEAN      5.25  4.86  4.62  5.16  5.19  5.07  5.52  5.19  4.93  5.13  5.10  4.80
STD DEV   2.52  2.53  2.76  2.77  2.44  2.21  2.40  2.38  2.47  2.43  2.50  2.98
SKEW       .34   .45  1.01   .76   .66   .68   .46   .62   .72   .94   .83   .95
% W       2.73  3.50  4.43  5.67  6.73 12.09  8.83  6.29  3.29  1.98  2.12  3.00
MEAN      5.14  5.21  5.02  4.81  4.65  5.20  5.50  5.04  4.81  5.18  5.96  5.14
STD DEV   2.63  3.24  2.72  2.23  2.18  2.34  2.47  2.08  2.22  2.15  2.56  2.65
SKEW       .55  1.32   .66   .44   .56   .60   .65   .46   .82   .44   .38   .74
% WNW     4.21  5.05  5.75  6.95  6.81 10.40 10.10  8.04  5.26  3.97  3.67  3.90
MEAN      5.65  5.65  5.42  5.28  4.81  4.92  5.19  5.43  5.54  5.34  5.54  5.42
STD DEV   2.66  3.19  2.65  2.42  2.22  2.07  2.20  2.26  2.33  2.23  2.48  2.51
SKEW       .51  1.19   .45   .46   .47   .51   .62   .54   .48   .54   .44   .47
% NW      6.92  7.04  6.32  6.02  4.37  4.29  4.67  5.12  7.02  7.93  8.07  6.92
MEAN      4.95  4.32  4.59  4.58  3.90  4.20  4.70  4.89  5.74  5.81  5.96  5.26
STD DEV   2.42  2.15  2.31  2.27  1.90  1.95  2.20  2.21  2.37  2.20  2.59  2.63
SKEW       .41   .61   .84   .80  1.15  1.02   .78   .60   .43   .19   .42   .77
% NNW     7.97  8.31  7.73  5.61  4.71  3.68  3.62  4.46  7.66  9.23  8.72  8.47
MEAN      4.97  4.21  4.26  4.30  4.05  3.90  4.08  4.61  5.63  5.74  5.28  5.21
STD DEV   2.41  1.98  2.04  2.01  1.95  2.11  1.79  2.12  2.44  2.29  2.18  2.55
SKEW       .46   .57   .65   .69   .94   .92   .63   .62   .64   .29   .36   .39
CALM     12.90 11.88 10.57  8.52  8.35  9.46  8.74  7.99  7.14  6.73  9.86 13.20
 
INTERPOLATED DATA (station & weighting factor)
 
---Wind Stations---
KOTZEBUE      AK     .431  BETTLES       AK     .343  CAPE LISBURNE AK     .227
---Solar Radiation and Max .5 P Stations---
 BARROW, ALASKA      .391   FAIRBANKS, ALASKA   .356   BETHEL, ALASKA      .253 
---Dewpoint Stations---
AK KOTZEBUE          .530  AK MCGRATH           .235  AK BARROW            .235 
---Time Peak Stations---
MADE-UP NW AK        .437  MADE-UP NE AK        .397  MADE-UP SW AK        .165 
