 DUTCH HARBOR AK                         502587 0
 LATT=  53.90 LONG=-166.53 YEARS= 15. TYPE= 1
 ELEVATION =   10. TP5 = 1.30 TP6= 1.84
 MEAN P    .32   .34   .26   .20   .21   .17   .12   .19   .27   .31   .26   .28
 S DEV P   .54   .56   .36   .28   .34   .30   .15   .31   .38   .45   .39   .40
 SKEW  P  3.32  4.11  2.61  2.52  2.87  3.82  1.93  3.51  2.46  2.73  3.24  2.87
 P(W/W)    .69   .79   .68   .66   .63   .64   .50   .60   .67   .74   .82   .78
 P(W/D)    .22   .28   .31   .29   .36   .28   .19   .26   .38   .42   .25   .34
 TMAX AV 36.09 35.44 38.60 39.84 45.57 51.19 56.06 58.24 53.28 47.00 42.14 39.29
 TMIN AV 27.43 25.76 27.56 30.50 36.22 41.39 45.71 47.11 42.81 36.33 30.86 30.22
 SD TMAX  6.02  6.72  5.43  5.08  4.19  4.64  4.91  5.29  4.59  4.36  4.75  5.38
 SD TMIN  6.94  7.24  6.54  5.01  3.97  3.16  3.34  4.62  4.87  5.40  6.81  6.33
 SOL.RAD   27.   88.  252.  425.  473.  475.  391.  253.  177.   94.   31.   16.
 SD SOL    3.8   9.5   5.3  39.9  76.9 156.3 124.9 108.7  56.9  21.4   6.9   6.0
 MX .5 P   .50   .27   .29   .28   .21   .43   .44   .68   .56   .39   .32   .33
 DEW PT  26.07 25.07 25.78 29.07 35.00 40.64 45.64 46.64 44.00 35.36 30.00 26.07
Time Pk   .865  .914  .928  .936  .942  .946  .950  .951  .956  .962  .969 1.000
% N       8.60 12.19  9.16  9.43  7.75  6.25  4.29  3.95  7.24  8.48  8.74 10.70
MEAN      8.14  7.80  7.76  7.55  6.34  5.19  4.68  4.46  6.71  7.48  7.31  8.36
STD DEV   4.02  3.47  3.60  3.52  3.04  2.40  2.30  2.35  3.27  3.41  3.64  3.84
SKEW       .48   .23   .36   .40   .50   .78   .65   .64   .46   .22   .35   .43
% NNE     5.60  7.61  4.96  4.11  3.73  3.28  1.70  1.58  2.69  3.11  4.22  4.88
MEAN      8.60  8.21  8.07  6.81  5.94  4.85  3.94  4.33  6.77  7.69  7.52  8.18
STD DEV   3.73  4.20  3.96  3.65  3.14  2.39  1.85  2.18  3.47  3.81  3.89  4.52
SKEW       .35   .87   .32   .69   .53   .74   .79   .95   .68   .05   .61   .48
% NE      3.14  3.50  2.68  2.21  2.51  1.74  1.75  1.75  1.36  2.04  2.51  2.41
MEAN      7.39  7.09  5.30  5.20  5.19  3.89  3.18  3.03  4.95  4.96  8.69  5.65
STD DEV   4.55  3.88  2.51  2.63  2.54  1.99  1.54  1.46  2.69  2.65  4.52  3.19
SKEW       .89   .52   .79   .37   .69   .73   .75   .65   .72  1.02   .34   .91
% ENE     1.67  2.76  1.91  1.92  2.20  1.27  1.50  1.30  1.07   .87  1.97  1.85
MEAN      7.42  6.74  5.15  6.01  5.87  4.21  4.17  3.45  6.36  6.22  6.36  7.02
STD DEV   3.99  3.48  2.84  3.23  3.74  2.91  1.92  1.79  3.63  3.74  3.03  3.71
SKEW       .44   .14  1.01   .72  1.13  1.34   .38  1.06   .43   .40   .30   .39
% E       2.72  3.12  2.17  1.67  2.91  2.84  2.39  2.41  1.37  1.20  1.77  2.53
MEAN      8.64  7.77  7.48  6.11  6.35  6.20  4.28  3.42  4.89  5.62  7.96  8.45
STD DEV   4.93  4.50  4.29  3.49  3.68  3.31  2.49  1.71  3.32  2.81  4.25  4.11
SKEW       .53   .45   .26   .58   .67   .48  1.32  1.08  1.02   .49   .33   .24
% ESE     3.97  4.48  3.36  3.25  3.81  4.38  3.60  3.38  2.85  2.51  2.49  2.99
MEAN     10.20  9.49  9.79  9.23  7.94  7.32  7.41  7.00  8.08  7.62  9.70  9.36
STD DEV   4.63  4.66  4.74  4.88  4.16  3.68  3.53  3.81  4.08  4.26  5.02  4.48
SKEW       .44   .45   .05   .37   .61   .68   .46   .64   .33   .52   .66   .38
% SE     10.16 10.08  7.77  8.39 10.24 13.10 13.45 13.15  8.00  7.45  6.82  6.43
MEAN      9.94 10.15  9.51  8.65  7.86  7.55  7.56  7.99  7.23  8.44  8.51  8.92
STD DEV   4.36  4.76  4.43  4.13  3.69  3.21  3.30  3.50  3.77  4.59  4.86  4.25
SKEW       .33   .71   .50   .43   .48   .62   .35   .51   .77   .46   .74   .25
% SSE    13.16  9.93 13.33  9.68 10.95 16.64 16.64 14.95 10.75  7.90  9.71 10.68
MEAN     10.06  9.74  9.53  9.30  8.34  7.95  8.06  8.49  8.19  8.89  9.12  9.34
STD DEV   4.36  4.56  4.08  4.54  3.81  3.28  3.61  3.55  3.87  4.23  4.80  4.23
SKEW       .31   .51   .47   .50   .56   .51   .61   .41   .74   .28   .95   .32
% S       6.44  4.98  5.42  4.82  6.53  5.00  5.15  4.99  4.68  4.41  6.15  6.22
MEAN      7.83  8.11  8.08  8.32  6.84  6.41  6.49  6.65  6.55  8.31  7.44  8.09
STD DEV   4.34  5.05  4.28  4.67  3.43  3.17  3.65  3.48  3.58  4.90  4.30  4.64
SKEW       .52   .84   .55   .77   .48   .53   .81   .57   .41   .66   .81   .47
% SSW     2.14  2.54  2.35  2.63  2.39  1.53  2.02  1.80  1.81  2.64  2.14  2.46
MEAN      6.24  7.41  7.67  6.45  5.08  4.23  4.12  5.40  4.45  7.08  6.07  6.38
STD DEV   3.62  4.40  4.19  3.75  2.38  1.92  1.40  3.64  2.33  4.28  4.00  4.10
SKEW       .81   .51   .65   .39   .36  -.01   .50   .93   .67   .53  1.06  1.06
% SW      2.68  3.16  3.05  3.13  2.94  1.58  2.78  3.23  4.79  5.15  4.36  3.80
MEAN      6.33  7.75  8.49  5.64  5.72  5.00  4.99  4.81  6.16  6.21  6.33  6.97
STD DEV   3.55  4.49  5.28  2.73  2.96  2.22  2.38  2.39  3.16  3.49  3.40  4.02
SKEW       .68   .81   .82   .40   .39   .48   .28   .44   .61   .88   .71   .77
% WSW     5.59  4.96  5.85  5.45  4.35  3.95  5.21  6.12  7.47  8.83  8.04  7.66
MEAN      9.08  8.43  9.28  7.62  6.43  7.19  6.81  7.60  7.73  7.48  8.16  8.44
STD DEV   4.54  4.03  5.12  3.99  3.10  3.14  3.58  3.45  3.90  3.60  4.19  4.16
SKEW       .36   .47   .66   .76   .32   .21   .57   .40   .93   .42   .42   .65
% W       6.45  5.35  6.80  8.28  7.77  8.52 11.05 14.84 12.78 10.54  8.39  8.48
MEAN      7.23  6.42  7.03  6.56  6.12  6.49  5.98  6.66  6.80  6.75  7.44  7.05
STD DEV   4.67  3.85  3.96  3.49  2.89  2.96  2.55  2.91  3.05  3.74  4.19  4.42
SKEW       .84  1.06   .97   .88   .70   .85   .40   .46   .47   .92   .98  1.21
% WNW     5.27  5.43  7.24  9.76  9.34 10.40  9.97 10.84 11.52  9.18  6.88  5.88
MEAN      5.48  5.41  6.34  6.67  6.04  5.59  5.30  5.96  6.30  6.57  6.05  5.68
STD DEV   3.47  3.17  3.50  3.13  2.52  2.31  2.32  2.76  2.74  3.31  3.90  3.55
SKEW      1.50  1.25  1.50   .88   .51   .48   .52   .55   .42   .49  1.09  1.33
% NW      7.12  6.25  8.61 10.27  9.04  8.92  5.74  5.49  9.09 10.93  9.36  7.34
MEAN      5.89  7.32  7.34  7.20  5.96  5.50  4.75  5.38  6.71  6.99  6.72  6.25
STD DEV   3.62  4.44  4.26  3.43  2.54  2.38  2.16  2.70  2.99  3.41  3.63  3.69
SKEW      1.24   .58   .73   .89   .51   .72   .80   .70   .30   .46   .62   .90
% NNW     8.17  8.46  9.74  9.36  7.05  4.97  3.95  3.17  6.91  8.46  8.76  8.34
MEAN      7.81  7.78  7.50  7.48  6.58  5.34  5.11  4.72  7.21  7.95  7.82  8.10
STD DEV   4.22  4.06  3.66  3.43  3.07  2.40  2.45  2.19  3.18  3.92  3.80  4.14
SKEW       .59   .61   .37   .61   .60   .68   .60   .50   .48   .63   .38   .37
CALM      7.12  5.16  5.59  5.67  6.43  5.54  8.82  7.00  5.57  6.27  7.67  7.28
 
INTERPOLATED DATA (station & weighting factor)
 
---Wind Stations---
COLD BAY/THOR.AK     .381  COLD BAY      AK     .381  ATTU          AK     .238
---Solar Radiation and Max .5 P Stations---
 BETHEL, ALASKA      .710   BARROW, ALASKA      .290                            
---Dewpoint Stations---
AK COLD BAY          .645  AK SHEMYA            .355                            
---Time Peak Stations---
MADE-UP SW AK        .756  MADE-UP SE AK        .244                            
