 GAMBELL AK                              503226 0
 LATT=  63.85 LONG=-171.60 YEARS= 13. TYPE= 1
 ELEVATION =   30. TP5 = 1.57 TP6= 2.23
 MEAN P    .13   .14   .19   .12   .12   .11   .13   .19   .15   .11   .12   .12
 S DEV P   .13   .18   .35   .19   .26   .13   .20   .24   .18   .12   .17   .17
 SKEW  P  2.12  3.84  4.07  3.72  5.34  2.56  6.19  3.01  3.22  2.14  3.83  3.82
 P(W/W)    .53   .56   .51   .55   .52   .40   .44   .58   .59   .56   .58   .64
 P(W/D)    .13   .14   .12   .18   .12   .11   .19   .25   .21   .22   .28   .24
 TMAX AV 13.39  9.28 10.36 19.77 32.96 43.17 50.00 49.52 43.49 34.37 27.23 20.34
 TMIN AV  6.88  4.52  3.04 10.81 25.55 34.00 41.38 42.21 37.01 29.21 21.05 13.29
 SD TMAX 12.03 10.87  9.52  9.61  4.96  5.63  4.69  3.80  3.84  4.96  7.65 10.21
 SD TMIN 11.47 11.40  8.77  9.29  5.00  3.52  3.25  3.30  3.61  5.30  7.95  9.51
 SOL.RAD   36.  102.  268.  414.  450.  457.  387.  273.  201.  110.   42.   20.
 SD SOL    4.9  13.9  10.8  50.5  86.4 156.1 125.1 107.9  59.2  26.4   9.1   6.6
 MX .5 P   .57   .34   .29   .34   .30   .50   .52   .77   .74   .47   .46   .43
 DEW PT  -3.33 -3.67   .89 13.83 29.28 39.83 45.56 45.28 37.00 20.17  5.67 -8.33
Time Pk   .865  .914  .928  .936  .942  .946  .950  .951  .956  .962  .969 1.000
% N       8.45  9.37  8.20  9.29  8.25  5.13  4.25  7.40 12.35 14.95 12.41 11.57
MEAN      4.09  4.17  4.04  4.31  4.39  4.09  3.75  4.19  4.78  4.45  3.97  4.09
STD DEV   2.40  2.48  2.32  2.34  1.94  1.83  1.71  1.99  2.22  2.10  2.12  2.52
SKEW       .98   .98  1.01   .96   .66   .48   .67   .74   .67   .91  1.20  1.18
% NNE     7.53  7.20  7.11  5.91  6.26  2.26  1.84  3.34  6.63  9.05  8.35  7.60
MEAN      5.19  5.27  5.46  5.29  5.34  4.31  3.46  4.04  4.65  4.59  4.49  4.22
STD DEV   2.74  2.88  3.05  2.70  2.18  1.90  1.66  1.85  1.99  2.10  2.24  2.39
SKEW       .49   .52   .61   .36   .13   .34   .92   .61   .53   .66   .63   .68
% NE     10.59 11.42 10.31  9.44  8.19  3.22  2.51  4.67  7.89 12.63 11.63 11.12
MEAN      5.86  6.05  5.67  5.55  5.52  4.34  3.57  4.32  4.94  4.76  5.22  4.96
STD DEV   3.12  3.34  2.97  2.73  2.22  1.97  1.54  1.81  2.24  2.10  2.70  2.86
SKEW       .40   .70   .63   .34   .33   .29   .39   .64   .72   .87   .79   .70
% ENE    12.38 11.72 10.95  9.53  7.20  2.86  2.59  4.84  7.30 11.43 13.96 11.83
MEAN      6.44  6.51  6.28  6.03  5.66  4.73  4.00  4.60  5.19  5.50  5.83  5.83
STD DEV   3.15  3.31  2.90  2.68  2.27  2.09  1.61  1.85  2.08  2.31  2.68  3.03
SKEW       .70   .53   .55   .29   .32   .79   .47   .53   .40   .66   .65   .76
% E      20.13 14.09 14.17 12.33  9.10  4.17  4.09  5.94  7.97  8.56 15.59 14.84
MEAN      7.08  6.89  6.49  6.30  5.69  5.09  4.45  4.96  5.30  5.95  7.18  6.92
STD DEV   3.50  3.67  3.53  3.07  2.37  2.11  1.80  2.15  2.16  2.84  3.39  3.83
SKEW       .42   .42   .64   .42   .36   .51   .49   .57   .46   .74   .37   .55
% ESE     8.60  6.59  6.18  6.83  6.19  4.34  3.73  5.42  6.89  5.96  7.14  6.38
MEAN      6.55  6.05  5.74  5.93  5.26  5.12  4.77  5.77  6.05  6.60  6.98  6.46
STD DEV   3.45  3.49  3.56  3.24  2.03  2.16  2.03  2.38  2.40  3.03  3.28  3.98
SKEW       .45   .83   .86   .66   .08   .28   .52   .42   .20   .15   .21   .73
% SE      3.08  2.97  3.26  3.68  6.62  6.22  6.55  6.78  5.33  3.77  2.82  2.74
MEAN      5.02  4.75  5.00  5.34  4.97  4.74  5.16  5.54  5.98  7.01  6.50  4.89
STD DEV   2.83  2.77  3.33  3.11  2.18  2.00  2.24  2.19  2.35  2.94  3.26  3.28
SKEW       .59   .67   .93   .51   .44   .54   .70   .38   .26  -.21   .18   .85
% SSE     1.59  1.67  1.74  3.19  4.09  4.40  6.30  5.55  5.17  2.88  1.67  1.51
MEAN      5.47  4.74  4.59  5.42  4.27  4.53  4.95  5.33  6.30  7.69  6.90  5.63
STD DEV   3.17  2.53  2.93  3.07  1.88  1.73  2.17  2.35  2.78  3.03  2.84  3.21
SKEW       .54   .62  1.00   .42   .66   .81   .93   .86   .44  -.14   .18   .62
% S       1.55  1.92  1.83  3.42  4.10  4.82  8.83  7.75  4.76  2.38  1.16  1.57
MEAN      5.70  3.89  4.13  4.81  3.87  3.81  4.81  5.12  5.77  6.71  6.98  5.60
STD DEV   3.26  2.01  2.79  3.03  1.94  1.54  2.20  2.26  2.65  2.48  3.61  3.30
SKEW       .46   .91   .97   .76  1.01   .81   .87   .56   .45  -.26   .31  1.17
% SSW      .81  1.18  1.20  2.18  2.65  3.84  6.91  6.29  3.37  1.24   .63   .86
MEAN      4.85  5.39  4.83  4.28  3.62  3.78  4.78  5.62  5.95  5.40  6.48  5.51
STD DEV   2.56  4.43  2.78  2.55  1.56  1.48  2.07  2.42  2.66  2.08  2.16  2.70
SKEW       .32   .89   .62   .98   .76   .72   .69   .55   .39  -.16  -.29   .64
% SW      1.60  1.45  2.22  3.24  5.97  9.48  9.76  8.46  4.36  1.77  1.19  1.08
MEAN      4.71  4.22  3.96  4.20  3.93  3.99  4.38  5.21  5.75  5.74  6.50  4.01
STD DEV   2.71  2.85  2.64  2.50  2.04  1.47  1.81  2.37  2.66  2.96  3.19  2.43
SKEW       .67  1.10  1.04  1.11  1.20   .75   .79   .78   .46   .41   .14  1.07
% WSW     1.21  1.70  2.74  3.19  6.74 13.68 11.55  6.39  3.48  1.26  1.25  1.14
MEAN      4.43  4.22  3.96  3.81  4.18  5.02  5.03  5.05  5.36  5.07  6.58  3.72
STD DEV   2.55  2.36  2.12  1.96  1.82  1.91  1.94  2.26  2.36  2.11  3.23  2.04
SKEW       .90   .89  1.24   .93   .84   .45   .55   .93   .58   .30   .15   .77
% W       2.21  3.89  4.18  5.39  7.70 16.33 11.64  7.46  3.42  1.76  1.36  2.35
MEAN      4.74  4.87  4.35  4.15  4.29  5.42  5.55  5.21  4.96  5.05  5.41  4.83
STD DEV   2.73  3.00  2.24  2.03  1.91  2.08  2.21  2.14  2.09  2.50  3.26  2.73
SKEW       .67  1.05   .70   .76   .53   .32   .31   .39   .30   .79   .72   .78
% WNW     2.74  4.11  4.45  5.39  5.31  8.71  8.42  7.12  5.78  3.81  3.07  3.33
MEAN      4.90  5.07  4.66  4.47  4.53  5.06  5.13  4.86  5.23  4.69  5.17  4.59
STD DEV   2.90  3.23  2.78  2.59  2.48  2.24  2.26  2.13  2.45  2.15  2.67  2.43
SKEW      1.14  1.23   .94  1.41  1.04   .54   .47   .51   .59   .56   .70   .76
% NW      3.51  4.00  4.39  5.12  3.59  4.24  5.12  5.45  6.40  7.08  5.76  5.29
MEAN      3.75  3.43  3.57  3.92  3.73  3.75  4.36  4.50  4.75  4.75  4.62  4.12
STD DEV   2.32  1.96  2.27  2.52  2.08  2.00  2.64  2.55  2.32  2.30  2.27  2.33
SKEW      1.79  1.43  1.62  1.69  1.32  1.22  1.31  1.12   .66   .76   .80  1.27
% NNW     3.72  5.07  3.98  4.15  3.44  2.91  2.80  4.19  5.48  7.65  5.69  5.80
MEAN      4.03  3.44  3.68  3.56  3.92  4.06  3.63  4.08  4.48  4.32  4.01  3.96
STD DEV   2.42  1.81  2.01  1.95  1.80  2.03  1.64  2.03  2.11  1.97  1.89  2.21
SKEW      1.05  1.05   .94  1.09   .69   .62   .79   .79   .75   .84   .89  1.00
CALM     10.19 11.72 13.09  7.81  4.58  3.38  3.07  2.96  3.52  3.87  6.35 10.97
 
INTERPOLATED DATA (station & weighting factor)
 
---Wind Stations---
NOME          AK     .388  NOME          AK     .388  KOTZEBUE      AK     .224
---Solar Radiation and Max .5 P Stations---
 BETHEL, ALASKA      .655   MATANUSKA           .345                            
---Dewpoint Stations---
AK NOME              .722  AK MCGRATH           .278                            
---Time Peak Stations---
MADE-UP NW AK        .431  MADE-UP SW AK        .310  MADE-UP NE AK        .259 
