 PUNTILLA AK                             507783 0
 LATT=  62.10 LONG=-152.75 YEARS= 44. TYPE= 1
 ELEVATION = 1840. TP5 = 1.77 TP6= 2.51
 MEAN P    .16   .15   .15   .21   .15   .20   .18   .21   .20   .17   .14   .14
 S DEV P   .20   .19   .19   .33   .23   .31   .19   .27   .30   .24   .18   .17
 SKEW  P  4.43  3.99  3.23  2.87  3.31  4.96  2.22  4.74  5.02  3.65  3.83  3.76
 P(W/W)    .52   .55   .41   .41   .33   .39   .54   .56   .50   .48   .50   .51
 P(W/D)    .13   .15   .12   .11   .11   .16   .19   .20   .21   .16   .15   .17
 TMAX AV 17.07 19.17 25.90 36.14 48.40 60.06 63.04 59.12 49.55 33.44 19.99 16.57
 TMIN AV 14.68 14.07 12.04 15.86 28.43 38.00 42.72 39.90 32.30 17.32 11.28 13.50
 SD TMAX  9.97 10.54 10.17  7.39  7.47  8.03  7.41  6.57  6.55  8.64  9.87 10.11
 SD TMIN  9.99  9.13  8.27  9.23  6.72  5.82  5.10  6.25  7.27 10.41  7.74  8.81
 SOL.RAD   29.   90.  242.  379.  447.  471.  409.  302.  194.   98.   36.   14.
 SD SOL    3.9  13.8  15.0  48.3  85.9 124.2 117.4  95.5  57.1  25.6   7.3   4.0
 MX .5 P   .42   .34   .29   .30   .32   .51   .50   .85   .69   .39   .46   .39
 DEW PT   -.26  3.00  6.27 20.63 31.91 42.41 47.41 47.16 39.48 22.39  7.18 -3.45
Time Pk   .865  .914  .928  .936  .942  .946  .950  .951  .956  .962  .969 1.000
% N       6.45  7.15  8.25  7.20  5.03  4.06  4.24  4.71  6.86  8.68  6.92  6.55
MEAN      2.91  3.40  3.42  3.50  3.38  3.19  2.93  2.87  3.14  3.17  2.83  2.92
STD DEV   1.45  1.60  1.48  1.48  1.43  1.27  1.11  1.12  1.30  1.33  1.26  1.46
SKEW       .90   .99   .69   .66   .88   .65   .49   .88   .64   .71   .90   .98
% NNE     4.91  6.01  5.44  4.72  3.36  2.67  3.08  3.20  4.62  5.65  5.22  4.65
MEAN      3.30  3.65  3.74  3.69  3.61  3.29  3.04  3.01  3.08  3.46  3.16  3.32
STD DEV   1.66  1.74  1.72  1.57  1.63  1.31  1.21  1.39  1.31  1.53  1.41  1.76
SKEW      1.16  1.03   .82   .85  1.01   .62   .67  1.12   .67   .67   .70  1.23
% NE      6.28  7.54  7.10  5.11  4.22  3.25  3.86  4.25  5.30  6.38  6.59  7.60
MEAN      2.99  3.17  3.61  3.56  3.35  3.03  2.97  3.01  3.12  3.28  3.00  2.87
STD DEV   1.55  1.45  1.57  1.46  1.45  1.30  1.17  1.24  1.31  1.38  1.38  1.30
SKEW      1.23   .75   .71   .52   .67   .73   .60   .80   .83   .66   .88  1.10
% ENE     5.07  4.75  3.25  3.19  2.91  2.19  2.27  2.71  3.67  4.40  4.90  4.53
MEAN      3.12  3.14  3.55  3.70  3.72  3.31  2.90  2.95  3.10  3.40  3.19  2.85
STD DEV   1.38  1.27  1.56  1.44  1.55  1.36  1.12  1.16  1.21  1.54  1.43  1.23
SKEW       .83   .99   .66   .48   .56   .58   .76   .79   .59   .92  1.05  1.07
% E       7.86  6.97  5.24  4.28  4.63  2.81  3.35  4.12  5.01  5.33  7.48  7.37
MEAN      2.96  3.00  3.30  3.52  3.64  3.17  3.02  3.14  3.21  3.21  2.89  2.80
STD DEV   1.37  1.26  1.36  1.53  1.58  1.33  1.35  1.38  1.34  1.43  1.31  1.33
SKEW      1.16  1.23   .89  1.00   .69   .49   .96  1.15   .93  1.16  1.26  1.47
% ESE     5.43  4.94  4.35  4.81  5.59  3.61  3.94  5.27  6.13  5.55  5.76  5.25
MEAN      3.59  3.95  3.73  4.17  4.25  3.56  3.32  3.62  3.71  3.75  3.56  3.63
STD DEV   1.95  2.99  1.79  2.09  1.85  1.56  1.52  1.85  1.85  2.00  1.91  2.55
SKEW      1.14  1.97  1.38  1.34   .74   .72  1.09  1.16  1.39  1.33  1.27  1.87
% SE      7.89  8.01  9.39  9.21 11.86  9.52  9.11 11.03 11.89 10.07 10.10  8.47
MEAN      4.31  4.10  4.06  4.50  4.53  4.25  3.89  4.05  4.36  4.46  4.45  4.14
STD DEV   3.08  2.84  2.39  2.32  2.02  2.04  1.85  2.23  2.54  3.09  2.94  3.07
SKEW      1.55  1.56  1.53   .93   .67   .76   .90  1.18  1.38  1.72  1.31  1.66
% SSE     5.06  4.03  7.37  8.50 10.72  8.39  6.82  7.63  7.24  5.68  4.95  3.28
MEAN      5.22  5.23  5.96  5.73  5.42  5.07  4.53  4.96  5.36  5.19  5.21  4.08
STD DEV   3.47  3.73  3.94  3.10  2.34  2.44  2.15  2.59  2.98  3.19  3.48  3.01
SKEW       .95   .90   .84   .71   .37   .61   .68   .64   .76  1.16   .98  1.15
% S       4.75  5.06  5.87  6.12  8.79  8.87  9.14  8.28  6.63  5.20  4.54  3.83
MEAN      4.31  3.84  3.94  3.84  4.22  4.02  3.75  3.81  4.09  3.48  3.33  3.03
STD DEV   3.65  3.05  2.89  1.89  2.09  1.82  1.68  1.78  2.21  1.76  1.93  1.83
SKEW      1.46  2.24  2.43  1.10   .77   .80   .85  1.07  1.14  1.20  1.40  1.43
% SSW     3.00  2.81  3.44  4.05  4.64  5.18  5.90  5.55  3.79  3.26  2.33  2.50
MEAN      3.48  3.30  3.51  3.44  3.80  3.67  3.52  3.93  3.65  3.52  3.10  3.06
STD DEV   2.38  1.81  1.76  1.51  1.65  1.49  1.57  1.98  1.77  1.90  1.56  1.65
SKEW      1.75  1.24  1.14  1.01   .78   .71  1.02  1.08  1.11  1.18   .81   .86
% SW      3.94  4.60  4.76  6.07  5.97  8.44  7.73  6.77  5.21  5.11  3.96  4.59
MEAN      3.12  3.32  3.41  3.79  3.67  3.64  3.74  3.70  3.57  3.50  2.88  2.77
STD DEV   2.33  2.09  1.99  1.96  1.71  1.60  1.72  1.75  1.82  1.86  1.61  1.59
SKEW      1.72  1.45  1.28   .78  1.00   .82   .91   .97  1.02  1.06  1.64  1.57
% WSW     3.39  4.06  4.43  5.87  6.00  8.38  7.96  6.78  4.41  4.04  3.47  3.43
MEAN      3.06  3.54  3.40  3.42  3.83  4.06  3.88  4.10  3.41  3.07  2.88  3.51
STD DEV   1.72  1.98  2.02  1.73  1.70  1.91  1.81  1.94  1.68  1.57  1.64  2.38
SKEW      1.21  1.11  1.49  1.01   .72   .77   .89   .73   .93   .99  1.59  1.44
% W       3.78  4.80  5.30  6.84  6.77  9.06  9.01  6.51  5.25  4.91  4.07  3.67
MEAN      2.56  3.26  3.02  3.17  3.56  3.70  3.62  3.51  3.23  2.98  2.77  2.47
STD DEV   1.32  1.83  1.34  1.39  1.59  1.57  1.52  1.51  1.44  1.44  1.42  1.20
SKEW      1.35  1.12  1.02  1.04   .95   .67   .78   .72  1.02  1.05  1.24  1.77
% WNW     3.04  3.20  3.60  5.29  5.22  7.09  6.45  5.06  4.08  3.18  2.83  2.83
MEAN      2.86  2.87  2.81  3.24  3.50  3.75  3.39  3.18  2.89  2.64  2.63  2.65
STD DEV   1.42  1.30  1.22  1.26  1.42  1.49  1.38  1.28  1.12  1.05  1.09  1.12
SKEW       .96  1.11  1.06   .55   .77   .52   .78   .81   .84   .77  1.05   .98
% NW      3.50  3.86  3.75  4.97  4.29  5.76  5.08  4.51  4.43  3.62  3.25  3.41
MEAN      2.42  2.52  2.64  3.06  3.06  3.33  3.06  2.77  2.84  2.64  2.50  2.46
STD DEV   1.12  1.15  1.08  1.21  1.24  1.36  1.12  1.00  1.12  1.05  1.07  1.02
SKEW      1.03  1.05   .61   .75   .79   .75   .54   .65   .92   .71   .94   .82
% NNW     2.71  3.15  4.08  4.04  2.84  3.22  3.03  2.84  3.77  3.89  3.15  3.06
MEAN      2.46  2.74  3.35  3.52  3.29  3.15  2.87  2.75  3.00  2.86  2.51  2.79
STD DEV   1.27  1.23  1.51  1.44  1.38  1.24  1.05  1.06  1.19  1.23   .97  1.38
SKEW       .81   .84   .85   .81   .66   .59   .45   .98   .72   .71   .55   .95
CALM     22.84 19.02 14.36  9.72  7.24  7.57  9.07 10.84 11.77 15.26 20.44 25.04
 
INTERPOLATED DATA (station & weighting factor)
 
---Wind Stations---
FAREWELL      AK     .537  MCGRATH       AK     .234  ANCHORAGE/INT.AK     .229
---Solar Radiation and Max .5 P Stations---
 MATANUSKA           .533   FAIRBANKS, ALASKA   .264   BETHEL, ALASKA      .203 
---Dewpoint Stations---
AK MCGRATH           .421  AK ANCHORAGE         .409  AK KING SALMON       .170 
---Time Peak Stations---
MADE-UP NE AK        .447  MADE-UP SE AK        .292  MADE-UP SW AK        .260 
