 HUNTSVILLE WSO AP AL                     14064 0
 LATT=  34.65 LONG= -86.77 YEARS= 34. TYPE= 3
 ELEVATION =  620. TP5 = 2.67 TP6= 5.64
 MEAN P    .45   .49   .59   .51   .50   .45   .44   .40   .50   .48   .50   .55
 S DEV P   .58   .60   .78   .62   .65   .63   .60   .60   .62   .62   .61   .81
 SKEW  P  2.73  2.09  2.63  2.26  2.77  2.73  2.76  2.98  1.89  2.75  1.99  4.56
 P(W/W)    .49   .44   .45   .48   .46   .47   .43   .41   .45   .37   .45   .49
 P(W/D)    .28   .30   .31   .25   .26   .24   .30   .24   .21   .18   .26   .28
 TMAX AV 48.65 53.81 62.80 72.94 79.90 86.84 89.53 88.96 83.17 73.36 62.19 52.55
 TMIN AV 29.59 33.09 40.72 49.42 57.62 65.34 69.17 68.05 62.13 49.54 40.22 33.24
 SD TMAX 11.74 11.67 11.10  9.08  7.26  5.53  5.09  5.04  7.27  8.17 10.13 11.18
 SD TMIN 11.41 10.73 10.11  9.11  7.32  5.09  3.58  3.94  7.35  9.14 10.29 11.11
 SOL.RAD  196.  265.  341.  462.  533.  553.  544.  499.  429.  343.  245.  182.
 SD SOL   45.4  52.5  68.0  69.0  72.9  77.2  74.2 118.2  67.5  38.7  36.1  41.1
 MX .5 P   .81   .63  1.13  1.03  1.39  1.03  1.64  1.29  1.27   .66   .78   .81
 DEW PT  34.36 35.17 38.99 48.09 57.82 65.64 68.64 68.00 61.64 50.72 39.72 33.99
Time Pk   .505  .623  .690  .763  .786  .801  .831  .852  .871  .913  .946 1.000
% N      10.15  9.88  7.56  6.03  6.55  5.49  6.08  5.98  7.92  8.90  8.38  7.85
MEAN      4.98  4.70  4.55  4.62  4.15  3.90  3.74  3.55  4.05  4.48  4.29  4.55
STD DEV   1.96  1.87  1.73  1.79  1.72  1.50  1.38  1.44  1.63  1.86  1.69  1.80
SKEW       .46   .47   .33   .38   .65   .64   .69  1.03   .79   .81   .48   .71
% NNE     3.47  3.49  3.33  3.06  2.97  3.02  3.26  4.11  4.60  4.86  3.89  4.55
MEAN      4.40  4.36  4.31  4.43  3.85  3.66  3.51  3.72  4.09  4.20  3.97  4.30
STD DEV   1.63  1.62  1.73  1.74  1.51  1.37  1.37  1.46  1.58  1.57  1.70  1.48
SKEW       .27   .45   .54   .41   .67   .47   .98  1.03   .78   .65   .74   .31
% NE      2.47  3.00  2.73  3.20  3.21  3.26  3.84  4.67  5.09  3.96  3.24  3.96
MEAN      3.37  3.43  3.61  3.52  3.21  3.22  3.07  3.21  3.27  3.42  3.52  3.95
STD DEV   1.33  1.42  1.33  1.48  1.35  1.23  1.10  1.28  1.19  1.59  1.34  1.56
SKEW       .85   .91   .60   .86   .98  1.03   .95  1.17   .94  1.22   .65   .54
% ENE     2.11  2.36  2.06  2.28  2.48  2.74  2.51  3.49  4.28  3.79  2.39  2.11
MEAN      3.26  3.12  3.19  2.91  3.03  2.90  2.93  2.94  3.13  2.98  2.95  3.28
STD DEV   1.33  1.06  1.25  1.13  1.17   .99  1.08  1.11  1.31  1.19  1.17  1.34
SKEW      1.07   .62   .95  1.51  1.17   .73  1.05  1.11  1.26  1.19  1.12  1.00
% E       4.13  4.68  4.98  4.57  5.59  5.89  5.39  7.64  9.55  7.52  5.01  4.95
MEAN      3.07  3.40  3.84  3.00  2.95  3.03  2.82  2.86  3.25  2.94  2.82  3.30
STD DEV   1.24  1.59  1.87  1.24  1.24  1.22  1.12  1.11  1.29  1.18   .97  1.43
SKEW      1.53  1.33  1.06  1.44  1.71  1.29  1.33  1.20   .93  1.34  1.00  1.32
% ESE     7.37  8.36  8.50  6.48  8.25  8.05  6.65  7.96 11.10  9.31  6.33  8.27
MEAN      4.03  4.74  4.93  4.04  3.75  3.70  3.26  3.13  3.90  4.29  3.78  4.41
STD DEV   1.83  2.19  2.28  1.77  1.62  1.56  1.34  1.32  1.52  1.82  1.74  1.88
SKEW       .86   .67   .87   .81   .77   .72   .92  1.32   .72   .59  1.21   .58
% SE      9.55 10.23 10.30 10.01 10.16  9.35  9.85  9.86 12.55 10.57  9.33 12.00
MEAN      4.47  4.65  4.85  4.22  3.87  3.59  3.21  3.16  3.92  4.08  4.26  4.63
STD DEV   1.94  2.08  2.04  1.75  1.69  1.46  1.31  1.23  1.67  1.69  1.94  1.98
SKEW       .81  1.05   .71   .73   .90   .86  1.03  1.22   .95   .75   .92   .80
% SSE     6.92  5.63  6.52  8.10  6.40  5.46  5.85  5.38  4.66  4.18  6.30  6.39
MEAN      4.60  4.92  5.03  4.68  3.88  3.47  3.09  3.16  3.88  4.01  4.58  4.79
STD DEV   1.90  2.05  2.10  1.98  1.52  1.29  1.13  1.21  1.58  1.54  2.12  2.11
SKEW       .53   .59   .75   .83   .62   .66   .85   .90   .69   .46   .68   .77
% S       7.58  6.39  8.11  9.13  7.56  6.83  6.92  6.58  4.68  3.91  6.64  6.46
MEAN      4.52  4.78  5.11  4.80  4.03  3.54  3.06  3.31  3.62  3.49  4.35  4.52
STD DEV   1.98  2.11  2.20  2.02  1.69  1.49  1.11  1.36  1.44  1.41  1.96  2.10
SKEW       .90   .85   .67   .76   .80   .97   .84  1.04   .69   .89   .69   .88
% SSW     4.04  3.68  3.91  5.46  4.47  5.18  5.02  3.79  2.29  2.16  3.43  3.64
MEAN      4.97  5.38  5.34  5.28  4.41  4.04  3.49  3.51  3.68  3.76  4.59  4.62
STD DEV   2.04  2.26  2.18  1.97  1.75  1.56  1.32  1.45  1.51  1.62  1.96  2.01
SKEW       .56   .30   .49   .32   .50   .58   .78   .97   .70   .91   .61   .93
% SW      3.17  3.79  3.48  4.74  4.48  5.61  5.98  4.53  2.64  2.68  3.49  3.56
MEAN      4.26  5.20  4.89  4.57  4.22  3.92  3.56  3.49  3.50  3.57  4.06  4.42
STD DEV   1.80  2.13  2.05  1.84  1.81  1.61  1.33  1.37  1.55  1.57  1.75  1.91
SKEW       .68   .36   .82   .66   .71   .72   .65   .93  1.09   .81   .70   .69
% WSW     3.29  3.55  4.05  4.40  3.92  4.22  4.22  3.15  1.56  1.95  2.39  3.20
MEAN      4.62  4.98  5.22  5.11  4.27  3.86  3.69  3.34  3.37  3.66  3.93  4.71
STD DEV   2.03  2.31  2.17  2.29  1.75  1.57  1.31  1.35  1.43  1.49  1.69  2.03
SKEW       .79   .82   .40   .50   .78   .81   .43  1.13   .87   .76   .74   .56
% W       4.41  4.76  5.20  4.59  4.15  4.09  4.79  3.40  2.14  3.02  4.22  4.49
MEAN      4.72  5.06  5.43  5.44  4.10  4.20  3.59  3.35  3.12  3.86  4.60  4.87
STD DEV   2.23  2.31  2.51  2.47  1.76  1.95  1.48  1.27  1.22  1.73  2.19  2.05
SKEW       .93   .61   .66   .40   .66   .76   .93   .84   .88   .67   .78   .54
% WNW     5.23  5.50  7.07  5.19  4.05  4.08  3.46  2.66  2.43  2.92  5.44  5.49
MEAN      4.99  5.19  5.83  5.27  4.42  4.15  3.66  3.29  3.43  4.07  4.98  5.13
STD DEV   1.89  2.12  2.34  2.20  1.91  1.78  1.38  1.20  1.28  1.88  2.03  2.03
SKEW       .45   .76   .22   .77   .71   .78  1.10   .74   .68   .81   .50   .41
% NW      7.94  7.68  8.04  6.69  5.05  5.11  4.40  5.15  4.21  5.85  7.42  6.63
MEAN      4.83  5.07  5.12  4.81  3.93  3.78  3.36  3.26  3.49  3.95  4.68  5.03
STD DEV   2.06  2.35  2.04  2.07  1.68  1.65  1.32  1.25  1.46  1.67  2.06  2.18
SKEW       .46   .60   .43   .63   .68   .94   .98   .98  1.05   .98   .67   .57
% NNW     8.24  7.92  6.13  5.34  5.02  5.49  4.37  3.65  4.84  5.58  7.67  5.94
MEAN      5.15  5.25  4.96  4.82  4.18  3.87  3.60  3.40  3.98  4.45  4.78  5.13
STD DEV   1.97  1.95  1.88  1.93  1.58  1.56  1.42  1.32  1.47  1.88  1.93  2.30
SKEW       .19   .35   .38   .38   .52   .88   .87   .75   .66   .61   .41   .88
CALM     10.06  9.09  8.02 10.73 15.66 16.22 17.42 18.00 15.46 18.82 14.46 10.65
 
INTERPOLATED DATA (station & weighting factor)
 
---Wind Stations---
HUNTSVILLE    AL     .732  MUSCLE SHOALS AL     .164  BIRMINGHAM    AL     .104
---Solar Radiation and Max .5 P Stations---
 BIRMINGHAM, ALABAM  .452   CHATTONOOGA, TENNE  .364   MEMPHIS, TENNESSEE  .183 
---Dewpoint Stations---
AL BIRMINGHAM        .452  TN CHATTANOOGA       .365  TN MEMPHIS           .183 
---Time Peak Stations---
ADDISON AL           .368  HANCEVILLE AL        .334  GREENVILLE AL        .298 
