 BAY MINETTE AL                           1 583 0
 LATT=  30.88 LONG= -87.78 YEARS= 45. TYPE= 4
 ELEVATION =  270. TP5 = 3.37 TP6= 8.19
 MEAN P    .56   .65   .73   .75   .74   .56   .56   .52   .62   .60   .62   .64
 S DEV P   .73   .82   .97  1.28   .99   .81   .73   .65   .93   .73   .80   .82
 SKEW  P  2.81  2.43  3.43  5.19  2.36  4.32  3.96  2.65  3.68  1.70  2.62  2.76
 P(W/W)    .37   .41   .38   .34   .43   .49   .55   .53   .49   .36   .39   .36
 P(W/D)    .26   .23   .24   .19   .18   .26   .37   .32   .22   .12   .19   .24
 TMAX AV 61.38 65.40 71.62 78.86 84.95 89.54 90.45 90.37 86.89 79.64 70.18 63.62
 TMIN AV 40.53 42.84 48.43 55.62 63.08 68.98 71.25 70.81 66.97 56.65 47.73 42.50
 SD TMAX 10.55  9.32  8.30  6.21  5.06  4.55  4.05  4.18  5.68  6.69  8.63  9.57
 SD TMIN 11.90 11.09  9.91  8.13  5.76  3.87  2.48  2.74  5.36  8.70 10.51 11.61
 SOL.RAD  252.  308.  370.  491.  561.  558.  563.  535.  455.  383.  292.  219.
 SD SOL   45.6  56.7  75.8  72.4  72.8  83.8  76.5 139.7  71.8  41.3  38.0  47.7
 MX .5 P   .92  1.06  2.10  2.12  2.48  1.46  1.49  1.48  1.56  1.37  1.80   .84
 DEW PT  44.72 45.02 48.64 57.29 63.94 69.73 72.21 72.21 67.73 57.43 47.94 44.02
Time Pk   .432  .551  .633  .741  .775  .793  .825  .848  .874  .909  .952 1.000
% N      12.07 10.91  9.42  6.86  7.02  5.74  5.38  6.86  8.29 13.08 13.53 11.86
MEAN      4.55  4.25  4.44  4.04  3.35  2.77  2.59  2.76  3.38  3.65  4.13  4.27
STD DEV   2.07  1.88  2.05  1.89  1.54  1.19  1.15  1.27  1.55  1.60  2.08  2.00
SKEW       .45   .59   .58   .69   .70   .92   .89  1.12   .87   .74   .77   .66
% NNE     6.76  7.02  5.72  4.61  4.58  3.74  3.57  6.51  8.46 10.33  8.65  7.57
MEAN      4.02  4.07  4.06  3.86  3.32  3.00  2.76  2.92  3.77  3.62  3.91  4.01
STD DEV   1.79  1.73  1.76  1.79  1.50  1.41  1.23  1.35  1.82  1.58  1.77  1.84
SKEW       .72   .58   .41   .56   .75  1.08   .85  1.08   .76   .85   .77   .77
% NE      6.19  6.02  5.58  3.63  4.22  4.84  5.28  7.71 11.64 11.27  8.21  7.64
MEAN      3.48  3.73  3.65  3.45  2.99  2.97  2.90  3.05  3.71  3.57  3.36  3.64
STD DEV   1.57  1.56  1.57  1.60  1.25  1.33  1.32  1.40  1.62  1.60  1.45  1.54
SKEW       .95   .59   .63   .75   .75  1.26   .90  1.08   .61  1.08   .94   .56
% ENE     5.20  4.24  4.17  3.25  3.56  4.44  4.08  6.16  9.63  9.06  5.98  6.73
MEAN      3.47  3.61  3.64  3.18  3.08  3.15  2.98  3.19  4.03  3.87  3.40  3.81
STD DEV   1.46  1.72  1.53  1.40  1.25  1.18  1.27  1.35  1.69  1.60  1.52  1.66
SKEW       .64  1.01   .68   .93   .70   .57   .66   .89   .59   .59   .66   .67
% E       7.33  6.31  5.47  4.25  4.86  4.77  5.43  6.38  9.24  8.78  7.15  8.72
MEAN      3.57  3.66  3.65  3.35  3.39  3.09  3.08  3.16  3.72  3.66  3.47  3.71
STD DEV   1.63  1.77  1.56  1.53  1.46  1.33  1.52  1.36  1.67  1.60  1.55  1.70
SKEW       .67   .68   .65   .82   .62   .73  1.15  1.06   .78   .78   .58   .78
% ESE     6.15  5.44  4.64  4.45  3.59  3.08  3.22  3.32  4.63  4.17  4.88  6.47
MEAN      4.23  4.66  4.38  4.82  4.38  3.75  3.86  3.53  3.88  4.20  4.06  4.39
STD DEV   1.92  2.20  1.97  2.22  1.90  1.67  1.98  1.76  1.71  1.88  1.71  2.03
SKEW       .55   .44   .59   .59   .43   .66   .76  1.93   .70   .63   .34   .70
% SE      7.86  7.34  8.31 10.42  7.35  5.25  4.96  5.21  6.80  4.85  5.45  6.26
MEAN      4.46  4.71  4.92  5.08  4.64  4.10  3.84  3.77  4.10  4.16  4.11  4.34
STD DEV   2.05  2.04  2.29  2.07  1.89  1.71  1.72  1.61  1.80  1.69  1.65  1.79
SKEW       .36   .55   .65   .42   .40   .45   .57   .80   .69   .53   .34   .41
% SSE     7.67  6.40  9.25 11.91  9.69  6.38  6.07  5.24  6.11  4.21  4.15  5.10
MEAN      4.38  4.57  5.08  4.76  4.39  4.16  3.86  3.68  3.90  3.77  3.87  4.84
STD DEV   2.09  2.12  2.30  1.96  1.74  1.72  1.66  1.57  1.69  1.68  1.68  2.10
SKEW       .38   .60   .57   .37   .37   .43   .46   .44   .60   .77   .49   .22
% S       5.70  6.22  8.29 10.14 10.65  9.34  8.86  7.29  5.62  3.26  4.38  5.00
MEAN      4.09  4.23  4.67  4.14  4.10  3.82  3.53  3.44  3.58  3.23  3.83  4.40
STD DEV   2.00  1.94  2.16  1.68  1.60  1.53  1.47  1.34  1.60  1.42  1.86  2.09
SKEW       .67   .63   .73   .46   .31   .54   .61   .47   .68   .98   .57   .42
% SSW     3.39  4.80  5.38  7.32  8.47  9.13  8.12  5.69  3.40  2.30  3.26  3.16
MEAN      4.18  4.30  4.37  4.25  4.14  3.80  3.63  3.57  3.31  3.12  3.92  4.24
STD DEV   1.96  2.03  1.98  1.77  1.74  1.55  1.54  1.44  1.39  1.27  1.96  2.02
SKEW       .52   .87   .54   .44   .32   .34   .58   .65   .55   .34   .75   .56
% SW      3.81  5.12  5.82  7.50  8.34  9.61  9.71  6.71  3.61  2.60  3.17  3.26
MEAN      4.10  4.60  4.33  4.45  4.09  3.67  3.50  3.25  3.18  3.12  3.93  3.85
STD DEV   2.02  2.30  1.95  1.95  1.78  1.56  1.55  1.38  1.25  1.35  2.10  1.95
SKEW       .78   .90   .58   .56   .45   .59   .69   .79   .44   .51   .94   .88
% WSW     3.05  4.64  4.30  4.95  5.36  6.66  6.96  5.14  2.49  2.24  2.85  3.18
MEAN      4.30  4.44  4.43  4.43  3.55  3.53  3.19  3.15  2.68  3.12  4.04  4.26
STD DEV   2.04  2.12  2.17  2.23  1.61  1.56  1.45  1.45  1.14  1.38  1.99  2.08
SKEW       .58   .66   .68   .53   .74   .73   .69   .98   .74   .69   .73   .62
% W       3.75  4.64  4.53  3.93  5.00  7.17  7.66  6.27  3.07  2.68  3.76  4.19
MEAN      3.84  3.86  3.90  3.65  2.97  3.02  2.89  2.71  2.79  2.77  3.28  3.86
STD DEV   2.02  1.94  1.77  1.98  1.37  1.38  1.27  1.26  1.19  1.30  1.58  1.87
SKEW       .69   .69   .72   .98   .84   .71   .92  1.03   .80   .89  1.07   .79
% WNW     3.21  3.80  3.80  2.92  3.52  4.18  4.08  4.21  2.22  2.51  4.16  3.51
MEAN      3.79  4.20  4.47  3.65  2.91  2.90  2.85  2.82  2.77  3.12  3.64  3.88
STD DEV   1.93  2.19  2.25  1.86  1.49  1.22  1.22  1.27  1.40  1.47  1.80  1.82
SKEW       .69   .59   .40   .77   .89   .53   .78   .88   .98  1.00   .84   .80
% NW      5.38  5.35  5.43  4.02  4.17  4.78  4.08  4.71  3.64  4.83  6.05  5.86
MEAN      4.25  4.53  4.93  3.68  3.25  2.87  2.76  2.81  3.13  3.49  4.28  4.20
STD DEV   2.15  2.21  2.39  1.78  1.73  1.25  1.24  1.21  1.58  1.85  2.20  1.95
SKEW       .53   .53   .32   .68   .96   .64   .73   .78   .84  1.29   .71   .61
% NNW     7.41  7.29  6.31  5.98  4.65  4.06  3.82  5.04  4.96  8.56  9.10  7.09
MEAN      4.74  4.87  4.83  4.40  3.35  2.85  2.69  2.76  3.26  3.72  4.51  4.56
STD DEV   2.23  2.32  2.20  2.09  1.65  1.20  1.20  1.15  1.82  1.74  2.24  2.17
SKEW       .51   .54   .36   .55   .78   .72  1.11   .69  1.83   .71   .65   .61
CALM      5.05  4.39  3.66  3.81  4.93  6.89  8.70  7.49  6.13  5.27  5.24  4.47
 
INTERPOLATED DATA (station & weighting factor)
 
---Wind Stations---
PENSACOLA/ELL.FL     .337  PENSACOLA/HAG.FL     .337  PENSACOLA/SAU.FL     .326
---Solar Radiation and Max .5 P Stations---
 MOBILE, ALABAMA     .717   MONTGOMERY, ALABAM  .175   TALLAHASSEE, FLORI  .108 
---Dewpoint Stations---
AL MOBILE            .511  FL PENSACOLA         .351  MS MERIDIAN          .137 
---Time Peak Stations---
ATMORE AL            .552  JACKSON AL           .234  DAUPHIN ISLAND 2 AL  .214 
