 SYLACAUGA 4 NE AL                        17999 0
 LATT=  33.20 LONG= -86.20 YEARS= 35. TYPE= 4
 ELEVATION =  490. TP5 = 2.83 TP6= 6.19
 MEAN P    .50   .54   .63   .63   .46   .45   .48   .48   .56   .49   .54   .55
 S DEV P   .61   .64   .71   .77   .56   .51   .60   .59   .77   .63   .61   .68
 SKEW  P  2.46  2.53  2.62  2.27  2.57  1.95  2.91  1.95  2.91  2.38  2.18  2.40
 P(W/W)    .46   .48   .41   .40   .44   .49   .48   .41   .48   .42   .35   .46
 P(W/D)    .25   .25   .25   .20   .19   .20   .27   .20   .14   .11   .20   .22
 TMAX AV 54.76 59.67 67.40 76.02 82.74 87.97 90.38 90.25 85.26 76.51 66.37 57.84
 TMIN AV 31.46 34.41 40.70 47.78 55.86 62.48 66.31 65.31 60.00 48.19 39.30 33.97
 SD TMAX 10.41 10.30  9.84  7.68  5.98  4.99  4.05  4.13  6.60  7.02  9.10 10.21
 SD TMIN 11.83 11.57 10.97 10.12  7.79  5.93  3.64  4.15  7.75 10.92 11.67 12.28
 SOL.RAD  235.  296.  358.  481.  549.  554.  555.  521.  440.  368.  279.  208.
 SD SOL   38.2  47.5  66.5  65.4  69.2  77.5  71.9 113.0  66.8  35.2  30.3  38.0
 MX .5 P   .92   .88  1.21   .93  1.32   .97  1.36  1.38  1.47   .94   .92   .70
 DEW PT  36.58 37.39 41.58 50.08 58.77 66.45 69.45 68.45 62.95 52.45 41.45 36.58
Time Pk   .511  .609  .680  .752  .775  .789  .823  .843  .870  .906  .946 1.000
% N       6.23  6.30  5.20  5.00  4.56  3.71  3.17  4.60  5.03  5.88  6.09  5.70
MEAN      3.63  3.71  3.67  3.56  3.10  2.80  2.73  2.66  3.10  3.20  3.41  3.38
STD DEV   1.54  1.72  1.67  1.62  1.50  1.21  1.20  1.18  1.43  1.48  1.67  1.49
SKEW       .53   .66   .63   .64  1.03  1.02   .86   .97   .83   .79  1.03   .79
% NNE     3.76  3.76  3.37  2.97  3.15  3.02  2.43  3.83  4.50  3.99  3.51  3.76
MEAN      3.33  3.23  3.16  3.38  3.05  2.72  2.55  2.65  2.90  3.11  2.98  3.30
STD DEV   1.59  1.43  1.53  1.59  1.47  1.26  1.23  1.21  1.35  1.49  1.36  1.58
SKEW       .67   .68   .97   .80   .79   .98  1.16  1.08   .80   .94   .81   .80
% NE      6.99  7.29  6.58  5.71  7.00  8.07  7.85 10.14 12.93 11.56  8.97  8.49
MEAN      2.97  2.89  3.01  2.79  2.64  2.58  2.48  2.47  2.86  2.76  2.72  3.10
STD DEV   1.39  1.30  1.46  1.33  1.29  1.17  1.07  1.11  1.39  1.37  1.26  1.38
SKEW       .73   .84  1.03  1.07  1.23  1.02  1.11  1.36  1.14  1.32  1.01   .69
% ENE     7.10  7.69  6.36  5.26  5.23  6.09  5.43  7.23 11.77 11.27  6.75  7.79
MEAN      3.58  3.58  3.44  3.17  2.70  2.85  2.84  2.80  3.42  3.16  3.00  3.53
STD DEV   1.65  1.65  1.67  1.55  1.21  1.28  1.36  1.36  1.68  1.58  1.48  1.68
SKEW       .56   .68   .78   .92   .98   .84  1.19  1.07   .76   .99   .90   .65
% E       6.91  8.98  7.50  6.90  7.80  8.40  8.93 10.99 15.15 13.33  8.07  8.68
MEAN      3.61  3.80  3.81  3.19  2.78  2.86  2.84  2.77  3.36  3.26  2.91  3.85
STD DEV   1.82  1.86  1.91  1.61  1.36  1.36  1.33  1.33  1.66  1.65  1.46  1.97
SKEW       .67   .61   .72   .93  1.07   .83   .96  1.02   .82   .79  1.03   .64
% ESE     2.49  3.38  3.07  2.86  2.88  2.98  2.89  2.77  4.32  3.60  2.50  3.39
MEAN      3.79  4.23  4.41  3.80  3.09  3.28  3.14  3.09  3.65  3.68  3.61  4.36
STD DEV   1.81  1.95  2.08  1.79  1.32  1.37  1.44  1.33  1.59  1.65  1.66  1.92
SKEW       .51   .45   .67   .53   .58   .44   .70   .54   .58   .50   .38   .28
% SE      3.71  3.82  3.74  4.42  4.40  4.12  4.74  4.11  4.58  3.97  4.09  4.16
MEAN      3.53  3.81  4.15  3.73  2.94  2.83  2.78  2.74  3.10  3.22  3.40  3.95
STD DEV   1.69  1.99  2.22  1.76  1.30  1.30  1.22  1.35  1.39  1.54  1.69  2.03
SKEW       .80   .92   .88   .62   .95  1.00   .95  1.19   .70   .75   .77   .72
% SSE     3.62  3.50  3.90  4.23  3.41  3.06  3.38  2.87  2.54  2.06  3.49  3.78
MEAN      4.20  4.38  4.62  4.22  3.14  2.97  2.89  2.70  3.70  3.12  4.36  4.62
STD DEV   2.02  2.08  2.23  2.24  1.35  1.25  1.23  1.15  1.79  1.18  2.02  2.05
SKEW       .55   .48   .49  1.03   .68   .62   .70  1.16   .92   .69   .38   .39
% S       5.97  5.17  6.72  7.56  5.07  4.23  5.00  4.12  3.15  2.17  4.21  4.80
MEAN      4.50  4.54  5.00  4.10  3.32  2.95  2.78  2.67  2.94  3.24  4.14  4.33
STD DEV   2.17  2.16  2.56  2.03  1.61  1.33  1.26  1.20  1.36  1.67  2.25  2.19
SKEW       .44   .53   .93   .76   .88   .72  1.20  1.10  1.15  1.06   .70   .60
% SSW     4.69  4.47  5.41  5.85  3.95  3.36  3.82  2.46  1.69  1.30  2.82  3.31
MEAN      4.57  4.73  5.06  4.62  3.88  3.32  2.95  2.76  3.29  3.22  3.87  4.49
STD DEV   1.99  2.14  2.21  2.06  1.92  1.49  1.21  1.23  1.71  1.65  1.95  2.14
SKEW       .39   .48   .38   .39   .81   .72   .85  1.04   .80   .71   .71   .57
% SW      6.22  5.93  7.00  7.41  7.18  7.79  8.73  5.36  3.14  3.00  4.85  5.41
MEAN      4.06  4.33  4.42  4.30  3.79  3.21  3.05  2.88  3.05  3.06  3.61  3.62
STD DEV   2.01  2.19  2.15  2.11  1.85  1.50  1.35  1.27  1.41  1.42  1.87  1.81
SKEW       .68   .55   .47   .73   .82  1.09  1.04  1.04   .94   .72   .76   .82
% WSW     4.29  4.05  4.01  4.59  3.94  4.15  4.77  3.02  1.51  1.72  3.15  3.67
MEAN      4.06  4.47  4.67  4.37  3.81  3.47  3.14  3.17  3.27  3.38  3.82  3.80
STD DEV   1.96  2.25  2.24  2.12  1.79  1.63  1.44  1.42  1.41  1.56  1.71  1.89
SKEW       .74   .72   .49   .58   .71   .76  1.08   .69   .97   .94   .53   .82
% W       6.25  5.87  7.05  6.72  6.27  7.33  7.46  5.47  2.84  3.72  5.92  6.09
MEAN      4.14  4.40  4.55  4.25  3.56  3.35  3.09  2.98  2.91  3.37  3.83  4.03
STD DEV   2.06  2.17  2.31  2.18  1.73  1.57  1.45  1.37  1.39  1.64  1.84  1.99
SKEW       .77   .64   .65   .77   .95  1.02  1.29  1.07  1.08   .89   .71   .72
% WNW     5.26  5.39  5.57  4.74  3.48  3.02  2.42  2.32  1.49  2.25  4.83  4.49
MEAN      4.57  4.96  5.11  4.81  3.85  3.40  2.90  2.97  3.21  3.73  4.74  4.68
STD DEV   2.21  2.42  2.46  2.31  1.85  1.56  1.21  1.12  1.30  1.97  2.26  2.19
SKEW       .51   .38   .44   .45   .77   .72   .70   .74   .73   .81   .43   .36
% NW      7.20  6.67  7.61  5.80  5.81  5.51  3.91  4.69  3.18  4.85  7.82  6.58
MEAN      4.40  4.44  4.69  4.36  3.49  3.02  2.69  2.77  2.84  3.38  4.26  4.23
STD DEV   2.16  2.23  2.28  2.16  1.76  1.38  1.13  1.17  1.20  1.70  2.15  2.06
SKEW       .55   .63   .57   .52   .97   .96   .96  1.09   .72  1.06   .64   .56
% NNW     5.27  5.20  4.52  3.90  2.77  2.41  1.74  2.18  2.49  3.34  4.41  4.08
MEAN      4.25  4.06  4.33  4.08  3.44  2.88  2.78  2.92  3.32  3.48  3.95  3.98
STD DEV   1.80  1.75  2.00  1.83  1.57  1.25  1.16  1.21  1.49  1.45  1.93  1.92
SKEW       .41   .61   .53   .45   .69  1.03   .40   .60   .50   .47   .78   .70
CALM     14.04 12.47 12.50 16.12 23.08 22.70 23.34 23.88 19.74 22.03 18.44 15.92
 
INTERPOLATED DATA (station & weighting factor)
 
---Wind Stations---
ANNISTON      AL     .426  BIRMINGHAM    AL     .350  MONTGOMERY/MA.AL     .224
---Solar Radiation and Max .5 P Stations---
 BIRMINGHAM, ALABAM  .494   MONTGOMERY, ALABAM  .318   ATLANTA, GEORGIA    .189 
---Dewpoint Stations---
AL BIRMINGHAM        .495  AL MONTGOMERY        .318  GA ATLANTA           .187 
---Time Peak Stations---
ASHLAND AL           .490  THORSBY EXP STA AL   .293  JACKSONVILLE 1 NW A  .217 
