 SAINT CHARLES AR                         36376 0
 LATT=  34.38 LONG= -91.13 YEARS= 45. TYPE= 3
 ELEVATION =  200. TP5 = 2.84 TP6= 6.07
 MEAN P    .52   .56   .58   .62   .55   .50   .56   .48   .56   .62   .64   .63
 S DEV P   .60   .65   .68   .79   .69   .61   .69   .59   .81   .78   .81   .70
 SKEW  P  2.20  2.34  2.01  4.16  2.25  2.75  2.19  2.60  3.30  2.36  2.75  1.74
 P(W/W)    .44   .45   .39   .43   .46   .44   .40   .35   .38   .38   .37   .38
 P(W/D)    .20   .22   .26   .24   .21   .17   .18   .16   .15   .14   .22   .20
 TMAX AV 49.53 54.40 63.06 73.37 81.31 89.03 92.45 91.50 85.55 76.03 63.44 53.38
 TMIN AV 29.86 33.92 41.99 51.26 59.52 67.20 70.63 68.77 61.99 50.01 39.95 33.15
 SD TMAX 13.16 12.48 11.30  9.14  7.19  5.61  5.20  5.54  7.77  9.09 11.05 11.69
 SD TMIN 10.89  9.96  9.38  8.42  6.58  5.13  3.83  4.49  7.46  9.14  9.99 10.21
 SOL.RAD  183.  254.  344.  445.  528.  560.  553.  506.  449.  338.  237.  183.
 SD SOL   51.7  59.1  70.9  78.6  78.7  79.9  75.8 132.3  64.6  42.1  40.3  43.1
 MX .5 P   .76   .70  1.00  1.43  1.22  1.28  1.99  1.50  1.12   .90  1.06   .83
 DEW PT  34.00 35.80 40.07 49.87 60.25 67.25 70.25 69.05 62.62 51.32 39.89 34.05
Time Pk   .521  .645  .706  .782  .810  .822  .848  .867  .884  .911  .943 1.000
% N       9.82 10.40  7.35  7.32  6.00  4.62  4.84  7.36 10.63  9.44  8.49  8.51
MEAN      5.03  4.82  4.74  4.76  4.01  3.89  3.34  3.48  3.88  4.00  4.64  4.65
STD DEV   2.05  2.18  2.02  1.85  1.87  1.79  1.59  1.58  1.83  1.99  2.20  2.16
SKEW       .20   .35   .32   .32   .64   .48   .85   .56   .54   .71   .41   .45
% NNE     7.59  6.31  5.82  4.25  3.71  2.75  3.05  5.09  8.43  7.43  4.53  5.80
MEAN      4.87  5.07  4.69  4.87  4.58  3.98  4.26  3.89  4.34  4.35  4.72  4.67
STD DEV   1.87  2.25  1.77  1.93  2.07  1.87  1.82  1.66  1.79  1.91  2.27  1.93
SKEW       .31   .56   .34   .30   .50   .95   .25   .56   .46   .67   .40   .28
% NE      7.05  7.81  7.29  5.80  5.63  4.26  5.79  7.08 11.71  7.20  5.62  5.81
MEAN      4.23  4.29  4.09  4.34  3.86  3.57  3.54  3.33  3.71  3.48  3.61  3.78
STD DEV   1.82  1.97  1.63  1.82  1.85  1.69  1.51  1.50  1.72  1.80  1.81  1.64
SKEW       .44   .51   .29   .67   .61   .62   .72   .64   .55   .88   .78   .41
% ENE     2.50  3.48  3.33  3.07  2.81  2.97  3.00  3.58  4.91  3.44  2.22  2.62
MEAN      3.70  3.57  3.99  3.97  3.75  3.49  3.59  3.45  3.39  3.25  3.04  3.60
STD DEV   1.40  1.44  1.53  1.68  1.84  1.46  1.39  1.67  1.42  1.45  1.29  1.37
SKEW       .31   .59   .44   .53   .98   .75   .26   .80   .61   .65   .55   .23
% E       3.48  5.01  5.50  4.49  4.52  4.42  5.63  6.77  7.70  5.40  3.59  3.95
MEAN      3.18  3.64  3.77  3.81  3.41  3.29  3.22  3.19  3.23  2.97  2.77  3.36
STD DEV   1.38  1.62  1.70  1.79  1.65  1.63  1.35  1.52  1.53  1.36  1.41  1.48
SKEW       .39   .56   .74   .81   .96   .89   .56   .77   .88   .84  1.03   .57
% ESE     2.67  3.55  4.72  2.69  3.46  3.11  2.61  3.43  3.86  3.92  2.74  3.79
MEAN      3.60  3.82  4.18  3.86  3.40  3.76  3.30  3.23  3.48  3.12  3.31  3.64
STD DEV   1.52  1.66  1.90  1.64  1.64  1.54  1.51  1.48  1.43  1.43  1.61  1.64
SKEW       .71   .58   .89   .46   .96   .43   .82   .49   .59   .86   .79   .75
% SE      5.15  5.15  6.89  6.20  7.28  6.71  6.23  5.70  6.05  6.04  6.20  7.32
MEAN      3.72  3.92  4.14  3.92  3.60  3.34  3.13  2.80  3.13  3.35  3.83  3.82
STD DEV   1.75  1.81  1.90  1.86  1.74  1.55  1.48  1.41  1.43  1.56  1.93  1.70
SKEW       .70   .54   .78   .76   .80   .81   .87  1.01   .65   .67   .68   .53
% SSE     5.05  4.63  5.10  5.34  5.60  5.12  4.43  3.18  3.49  4.39  4.60  5.20
MEAN      4.33  4.42  4.63  4.48  4.29  3.54  3.35  2.91  3.54  3.67  3.99  4.30
STD DEV   1.87  1.86  1.89  2.00  1.76  1.48  1.39  1.34  1.55  1.62  1.79  1.95
SKEW       .64   .41   .61   .51   .48   .48   .89   .92   .87   .72   .63   .59
% S      14.39  9.82 10.27 16.17 15.06 14.79 11.46  8.45  6.46  7.71 11.43 11.92
MEAN      4.73  4.74  4.94  4.68  4.08  3.54  3.17  2.86  3.42  3.55  4.47  4.30
STD DEV   1.95  2.01  2.19  2.06  1.88  1.53  1.38  1.23  1.68  1.59  2.05  1.91
SKEW       .59   .43   .52   .65   .65   .77   .82   .75   .91   .69   .53   .70
% SSW     8.35  7.25  8.34  8.37  8.19  8.79  7.39  5.40  3.19  4.38  6.23  6.89
MEAN      5.16  5.23  5.54  5.18  4.57  4.04  3.46  3.32  3.63  3.80  4.66  4.67
STD DEV   2.14  2.26  2.25  1.99  1.82  1.64  1.26  1.46  1.46  1.67  2.10  1.95
SKEW       .46   .44   .32   .28   .27   .42   .39   .67   .21   .53   .52   .32
% SW      5.67  7.13  5.98  6.53  9.09 13.23 12.54  9.95  4.97  4.60  6.36  6.81
MEAN      4.54  4.50  4.84  4.43  3.77  3.88  3.48  3.35  3.39  3.18  3.91  3.65
STD DEV   2.30  2.13  2.29  2.01  1.65  1.63  1.41  1.48  1.64  1.51  1.91  1.84
SKEW       .73   .66   .54   .61   .67   .37   .49   .71   .86   .81   .63   .86
% WSW     2.92  2.82  2.62  3.16  3.46  4.33  4.77  3.66  1.52  2.15  3.76  3.16
MEAN      4.13  4.38  4.83  4.73  4.07  3.86  3.69  3.43  3.49  3.38  3.88  3.89
STD DEV   1.88  2.15  2.19  2.22  1.60  1.52  1.44  1.34  1.44  1.49  1.77  1.83
SKEW       .66   .83   .48   .78   .45   .30   .37   .42   .46   .50   .60   .68
% W       2.96  3.51  4.17  3.94  4.09  4.84  4.76  4.03  1.96  3.17  3.95  4.24
MEAN      3.85  4.17  4.67  4.24  3.65  3.33  3.21  2.98  2.78  3.15  3.66  3.98
STD DEV   1.88  2.20  2.19  2.24  1.70  1.41  1.44  1.23  1.26  1.64  1.91  1.99
SKEW       .59   .98   .37   .82   .80   .57   .78   .52   .74   .98  1.07   .75
% WNW     3.40  3.60  4.93  3.44  2.69  2.50  2.07  2.22  1.79  2.67  4.46  4.33
MEAN      4.51  4.41  5.64  5.11  4.16  3.67  3.28  3.19  2.97  3.64  4.50  4.82
STD DEV   1.99  1.87  2.26  2.24  1.67  1.72  1.41  1.40  1.23  1.72  1.96  2.09
SKEW       .39   .43   .40   .41   .31  1.02   .61   .60   .70   .72   .43   .29
% NW      6.75  6.90  7.21  6.67  4.01  3.21  2.72  3.61  3.57  5.24  7.49  6.82
MEAN      4.71  4.66  5.04  4.71  3.81  2.91  2.92  3.10  3.01  3.52  4.45  4.39
STD DEV   2.14  1.99  2.18  2.09  1.81  1.33  1.34  1.55  1.54  1.78  2.10  2.12
SKEW       .34   .31   .35   .44   .59   .96   .99  1.08   .82   .72   .45   .51
% NNW     5.32  4.76  3.62  3.78  2.22  1.55  1.28  2.45  2.80  3.84  4.74  4.13
MEAN      4.88  4.91  5.15  4.95  4.38  3.70  2.93  3.45  3.51  4.02  4.54  4.69
STD DEV   2.08  2.00  2.13  1.97  1.91  1.49  1.22  1.53  1.50  1.86  1.86  2.24
SKEW       .22   .12   .52   .23   .46   .05   .82   .85   .38   .47   .35   .44
CALM      6.73  7.89  6.73  8.78 12.27 12.86 17.47 18.14 16.95 18.99 13.59  8.64
 
INTERPOLATED DATA (station & weighting factor)
 
---Wind Stations---
PINE BLUFF    AR     .436  GREENVILLE    MS     .302  MEMPHIS/INT.  TN     .262
---Solar Radiation and Max .5 P Stations---
 LITTLE ROCK, ARKAN  .439   MEMPHIS, TENNESSEE  .367   JACKSON, MISSISSIP  .194 
---Dewpoint Stations---
AR LITTLE ROCK       .432  TN MEMPHIS           .363  MS VICKSBURG         .205 
---Time Peak Stations---
STUTTGART 9ESE AR    .507  CLARKSDALE MS        .250  BRINKLEY AR          .243 
