 SASABE AZ                                27619 0
 LATT=  31.48 LONG=-111.55 YEARS= 34. TYPE= 3
 ELEVATION = 3590. TP5 = 1.25 TP6= 2.45
 MEAN P    .31   .33   .32   .26   .19   .26   .37   .32   .38   .42   .33   .41
 S DEV P   .37   .43   .33   .25   .28   .33   .44   .41   .51   .58   .42   .45
 SKEW  P  2.17  2.46  1.49  1.34  3.12  2.32  2.26  3.37  3.77  2.63  3.10  1.82
 P(W/W)    .40   .49   .44   .40   .27   .36   .45   .46   .42   .45   .38   .45
 P(W/D)    .09   .07   .07   .03   .02   .02   .25   .26   .11   .05   .06   .10
 TMAX AV 62.93 66.16 69.42 77.72 85.07 94.38 94.50 91.53 89.26 81.69 70.54 63.20
 TMIN AV 35.20 37.30 39.90 45.13 50.94 60.71 66.38 64.95 60.22 51.15 41.35 36.12
 SD TMAX  8.44  8.20  8.59  7.68  6.90  5.91  5.28  5.04  5.41  7.51  8.31  8.83
 SD TMIN  6.49  6.53  6.44  6.43  6.63  7.18  3.81  3.41  4.96  6.08  6.60  6.27
 SOL.RAD  311.  395.  531.  638.  704.  697.  638.  598.  566.  427.  353.  295.
 SD SOL   33.3  28.4  27.5  33.9  44.6  33.2  46.8  95.1  38.1  22.6  19.7  26.3
 MX .5 P   .35   .18   .22   .10   .09   .04   .12  1.00   .14   .32   .14   .21
 DEW PT  29.56 28.18 28.87 28.80 29.80 37.18 56.62 59.31 49.56 40.56 31.87 29.56
Time Pk   .594  .691  .740  .818  .828  .832  .860  .883  .900  .947  .964 1.000
% N       3.05  2.97  2.75  2.68  2.55  2.95  3.85  3.22  2.73  2.53  2.94  3.03
MEAN      2.54  2.82  2.95  3.08  3.21  3.44  3.38  3.08  3.12  2.90  2.73  2.57
STD DEV   1.07  1.36  1.43  1.51  1.45  1.65  1.57  1.42  1.43  1.26  1.25  1.10
SKEW       .67   .89  1.19   .84   .58   .89   .75   .88   .80   .61   .81   .72
% NNE     1.20  1.13  1.04   .93  1.01  1.04  1.54  1.35  1.27  1.01  1.13  1.28
MEAN      2.44  2.65  2.44  2.73  2.83  2.85  3.22  2.77  2.62  2.58  2.48  2.40
STD DEV   1.03  1.19  1.08  1.18  1.30  1.22  1.51  1.33  1.10   .97   .96   .92
SKEW       .56   .77   .76   .65   .63   .28   .60   .96   .59   .90   .40   .37
% NE      1.62  1.62  1.38  1.33  1.42  1.35  1.91  1.93  1.73  1.76  1.73  1.70
MEAN      2.40  3.05  2.74  2.74  2.79  2.90  3.10  3.05  3.07  2.96  3.01  2.85
STD DEV   1.26  1.54  1.41  1.15  1.21  1.52  1.46  1.64  1.49  1.39  1.75  1.44
SKEW      1.96   .92   .79   .49  1.08  1.19   .61  1.40   .81   .85   .86  1.35
% ENE     1.82  1.63  1.29  1.17  1.42  1.27  1.83  1.74  1.90  2.00  2.15  1.97
MEAN      3.15  3.55  3.07  3.10  3.33  3.19  3.57  3.40  3.41  3.32  3.68  3.16
STD DEV   1.68  1.86  1.43  1.46  1.67  1.68  1.94  2.05  1.56  1.54  1.89  1.43
SKEW      1.34   .81   .80   .76   .88  1.15   .89  1.36   .52   .80   .94   .68
% E       5.16  4.23  3.22  2.85  3.16  2.94  4.30  4.47  5.63  5.38  5.54  5.69
MEAN      3.58  3.47  3.08  3.20  3.31  3.24  3.59  3.63  3.88  3.60  3.75  3.61
STD DEV   1.85  1.79  1.53  1.61  1.64  1.65  1.91  2.07  2.00  1.75  1.91  1.82
SKEW       .86   .89   .86   .95  1.14  1.00  1.16  1.85  1.03   .87  1.01   .86
% ESE     8.94  7.48  5.49  4.70  4.88  4.63  5.96  6.16  8.98  8.95  9.75 10.02
MEAN      4.48  4.18  3.57  3.78  4.01  3.85  4.10  3.79  4.55  4.43  4.54  4.44
STD DEV   2.36  2.23  1.77  1.89  2.22  2.20  2.11  1.99  2.30  2.37  2.32  2.29
SKEW       .77   .97   .86  1.19  1.07  1.37   .91  1.15   .65   .89   .64   .78
% SE     14.53 13.59 11.26 10.29  9.49  8.19  9.46 10.23 13.34 14.02 14.79 15.10
MEAN      3.57  3.56  3.33  3.30  3.29  3.32  3.73  3.30  3.55  3.63  3.65  3.54
STD DEV   1.84  1.90  1.55  1.46  1.48  1.60  2.01  1.63  1.84  1.88  1.88  1.82
SKEW      1.26  1.41  1.21   .91  1.22  1.26  1.22  1.11  1.33  1.27  1.24  1.24
% SSE     9.42  9.15  7.88  7.66  7.65  6.86  7.31  8.62  8.84  9.90  9.68  9.53
MEAN      3.11  3.14  3.15  3.32  3.26  3.29  3.29  3.10  3.20  3.20  3.21  3.07
STD DEV   1.41  1.33  1.33  1.41  1.30  1.40  1.62  1.39  1.41  1.27  1.35  1.30
SKEW       .97   .79   .65   .60   .51   .81  1.09  1.11  1.10   .59   .61   .72
% S       7.71  8.04  7.92  8.06  8.51  8.93 10.14 10.41  9.72  8.57  8.16  7.85
MEAN      3.01  3.08  3.30  3.49  3.56  3.58  3.43  3.14  3.15  3.14  2.95  3.03
STD DEV   1.54  1.50  1.72  1.79  1.74  1.78  1.76  1.59  1.59  1.52  1.34  1.56
SKEW      1.55  1.45  1.39  1.38  1.28  1.19  1.06  1.29  1.50  1.33  1.10  1.59
% SSW     4.50  4.36  5.82  6.10  6.30  5.73  4.89  4.97  4.95  5.12  4.18  4.37
MEAN      4.01  4.12  4.60  4.61  4.37  4.47  3.71  3.55  3.48  3.70  3.65  4.32
STD DEV   2.32  2.37  2.68  2.55  2.31  2.32  1.90  1.80  1.84  2.14  2.13  2.80
SKEW      1.10   .96   .89   .78   .89   .73   .89  1.06  1.38  1.26  1.24  1.27
% SW      4.83  5.34  7.32  8.64  9.97  8.79  4.79  5.57  5.95  6.46  5.33  5.15
MEAN      4.03  4.08  4.99  5.05  4.87  4.68  3.42  3.37  3.44  3.85  3.73  4.06
STD DEV   2.57  2.40  2.81  2.61  2.42  2.37  1.79  1.74  1.80  2.18  2.08  2.47
SKEW      1.10  1.08   .75   .71   .64   .68  1.00  1.19  1.09  1.08  1.05  1.14
% WSW     3.96  4.54  7.30  8.28  9.79  9.34  5.36  4.94  4.56  4.84  4.02  3.51
MEAN      3.86  4.16  4.79  5.01  4.86  4.58  3.56  3.34  3.50  3.82  3.57  3.77
STD DEV   2.30  2.33  2.54  2.45  2.24  2.11  1.71  1.52  1.63  1.98  1.87  2.04
SKEW      1.40  1.02   .77   .64   .47   .62   .86   .67  1.05  1.05   .85   .93
% W       6.57  9.06 10.69 12.60 12.02 12.62 10.23  9.12  7.56  6.70  6.06  5.40
MEAN      3.80  4.30  4.51  4.74  4.53  4.34  3.90  3.63  3.56  3.61  3.57  3.63
STD DEV   2.02  2.31  2.28  2.24  2.03  1.89  1.81  1.68  1.63  1.71  1.80  1.93
SKEW       .94  1.08   .78   .63   .59   .53   .85   .83   .77   .82   .86  1.10
% WNW     4.19  5.58  6.21  6.43  5.44  6.35  6.05  4.82  3.70  3.70  3.42  2.98
MEAN      3.98  4.60  4.73  4.68  4.38  4.38  4.07  3.69  3.66  3.78  3.77  3.73
STD DEV   1.91  2.28  2.24  2.12  1.90  1.89  1.72  1.59  1.57  1.78  1.79  1.94
SKEW       .64   .78   .52   .52   .48   .42   .47   .59   .40   .82   .84  1.06
% NW      4.80  5.94  6.37  6.29  5.11  6.68  7.08  5.60  4.21  4.49  4.19  3.81
MEAN      3.66  4.14  4.33  4.35  4.10  4.34  4.11  3.77  3.63  3.56  3.50  3.28
STD DEV   1.85  2.04  2.04  1.97  1.80  1.90  1.74  1.72  1.62  1.69  1.63  1.60
SKEW       .83   .75   .60   .54   .47   .42   .43   .69   .71   .86   .60   .91
% NNW     3.05  3.44  3.39  3.42  3.20  3.89  4.35  3.15  2.87  2.95  3.01  2.94
MEAN      3.31  3.58  3.79  3.90  3.86  4.14  3.91  3.51  3.42  3.33  3.26  3.18
STD DEV   1.62  1.64  1.77  1.75  1.73  1.74  1.71  1.48  1.49  1.46  1.43  1.52
SKEW       .82   .70   .51   .52   .45   .35   .53   .51   .91   .70   .64   .74
CALM     14.81 11.84 10.69  8.52  8.07  8.41 10.96 13.72 12.11 11.68 13.91 15.70
 
INTERPOLATED DATA (station & weighting factor)
 
---Wind Stations---
TUCSON/DAVIS  AZ     .359  TUCSON/INT.   AZ     .359  FORT HUACHUCA AZ     .283
---Solar Radiation and Max .5 P Stations---
 WALNUT GULCH, ARIZ  .686   YUMA, ARIZONA       .314                            
---Dewpoint Stations---
AZ TUCSON            .689  AZ PHOENIX           .311                            
---Time Peak Stations---
NOGALES AZ           .719  AJO AZ               .281                            
