 AGUILA AZ                                2  60 0
 LATT=  33.95 LONG=-113.18 YEARS= 64. TYPE= 3
 ELEVATION = 2180. TP5 = 1.65 TP6= 3.12
 MEAN P    .28   .33   .30   .23   .21   .14   .24   .35   .35   .31   .30   .30
 S DEV P   .34   .34   .42   .29   .24   .14   .28   .46   .47   .44   .38   .34
 SKEW  P  2.55  1.67  3.19  3.43  1.87  2.04  2.27  3.13  2.63  3.35  2.85  2.43
 P(W/W)    .36   .39   .33   .37   .18   .21   .26   .27   .30   .22   .27   .35
 P(W/D)    .07   .07   .07   .04   .01   .02   .09   .11   .05   .05   .05   .07
 TMAX AV 62.38 65.82 70.70 80.27 88.98 98.91102.64100.26 95.33 85.08 71.84 63.77
 TMIN AV 32.98 35.45 38.71 44.47 51.65 60.55 70.42 69.51 62.30 50.25 38.66 33.36
 SD TMAX  8.12  8.47  8.46  8.87  8.07  6.81  5.21  5.29  6.76  8.46  8.56  7.91
 SD TMIN  6.71  6.92  6.29  6.64  6.49  7.18  5.85  5.86  6.91  7.19  6.92  6.52
 SOL.RAD  286.  393.  517.  623.  696.  732.  661.  617.  560.  437.  333.  271.
 SD SOL   22.8  17.8  18.6  23.8  26.9  25.5  43.5  84.9  34.1  13.9  13.0  18.8
 MX .5 P   .25   .22   .27   .14   .38   .06   .69  1.04   .31   .26   .18   .27
 DEW PT  25.81 26.87 27.10 29.54 31.41 36.57 53.60 56.05 48.21 38.35 30.10 27.10
Time Pk   .625  .727  .786  .850  .860  .866  .888  .901  .910  .945  .971 1.000
% N       7.76  8.37  6.57  4.66  4.38  3.50  3.84  4.87  6.46  6.99  8.17  7.95
MEAN      3.09  3.59  3.56  3.30  3.24  2.92  2.93  2.63  2.76  2.84  3.11  3.29
STD DEV   1.75  2.28  2.13  1.76  1.77  1.48  1.50  1.20  1.36  1.43  1.90  1.85
SKEW      1.31  1.53  1.20  1.09   .94  1.21  1.09  1.06  1.17  1.20  2.00  1.48
% NNE     3.52  3.73  3.21  2.71  2.26  1.50  1.72  2.10  2.98  3.81  3.89  3.83
MEAN      2.94  3.26  3.16  3.14  3.03  2.85  2.93  2.63  2.65  2.83  3.30  3.02
STD DEV   1.58  1.93  1.65  1.54  1.52  1.16  1.19  1.04  1.03  1.27  1.93  1.65
SKEW      1.23  1.47  1.32   .95  1.22   .59   .64  1.06   .66  1.29  1.20  1.39
% NE      5.86  6.01  5.31  4.60  3.82  2.97  3.32  3.85  5.55  6.78  7.10  6.29
MEAN      2.56  2.44  2.56  2.78  2.58  2.48  2.79  2.59  2.63  2.54  2.81  2.54
STD DEV   1.35  1.19  1.17  1.31  1.17  1.06  1.32  1.23  1.23  1.13  1.49  1.14
SKEW      1.11  1.02   .95   .82   .88   .56   .84  1.41  1.06  1.03  1.29   .81
% ENE     2.68  2.24  1.81  1.85  1.37  1.08  1.35  1.79  2.77  3.05  2.74  2.40
MEAN      2.50  2.56  2.67  2.95  2.91  2.86  3.11  2.77  2.90  2.74  2.93  2.68
STD DEV   1.06  1.03  1.09  1.41  1.38  1.19  1.53  1.20  1.31  1.18  1.38  1.21
SKEW       .67   .55   .92  1.01  1.21  1.03  1.53   .54   .56  1.07  1.08  1.08
% E       9.66  8.33  6.59  6.23  4.93  4.20  4.53  5.73  7.54  9.15  8.58 10.01
MEAN      2.62  2.79  2.72  3.07  3.12  2.95  3.13  3.16  2.97  2.98  2.70  2.72
STD DEV   1.14  1.20  1.22  1.41  1.42  1.47  1.55  1.51  1.37  1.47  1.32  1.21
SKEW       .81   .61   .81   .69   .74   .79   .79   .84   .76   .90  1.04   .64
% ESE     2.92  2.38  2.01  2.50  2.53  2.41  2.81  3.04  3.38  3.46  2.62  3.02
MEAN      3.04  3.25  3.26  3.61  3.66  3.51  3.46  3.47  3.42  3.42  3.22  3.13
STD DEV   1.39  1.40  1.41  1.67  1.56  1.50  1.40  1.57  1.52  1.43  1.43  1.32
SKEW       .81   .57   .47   .50   .45   .88   .48   .80   .61   .40   .76   .61
% SE      4.18  3.63  3.38  4.03  4.20  4.36  5.46  5.59  4.98  4.22  3.59  3.44
MEAN      2.99  3.02  3.20  3.55  3.60  3.51  3.53  3.53  3.48  3.24  2.91  2.99
STD DEV   1.42  1.50  1.61  1.79  1.75  1.78  1.63  1.72  1.77  1.44  1.39  1.37
SKEW       .95  1.12   .86  1.10   .72   .87   .60   .96   .99   .51   .84   .74
% SSE     3.44  2.73  3.66  4.68  4.99  6.93  8.21  8.01  4.88  3.60  3.00  2.29
MEAN      3.19  3.06  3.63  3.63  3.74  3.64  3.67  3.37  3.14  3.35  2.91  2.81
STD DEV   1.37  1.50  1.73  1.68  1.68  1.56  1.58  1.54  1.37  1.44  1.33  1.24
SKEW       .62   .60   .87   .80   .57   .53   .74  1.11   .56   .39   .71  1.13
% S       7.23  7.40  8.44  8.63 11.14 11.19 10.87 10.61 10.25  8.80  7.47  7.05
MEAN      3.15  3.14  3.79  3.82  4.15  4.13  3.80  3.47  3.42  3.18  3.11  2.99
STD DEV   1.51  1.52  2.06  1.90  2.10  1.90  1.76  1.52  1.65  1.47  1.54  1.37
SKEW       .90  1.06  1.00   .78  1.01   .77   .76   .93  1.07  1.03  1.30   .95
% SSW     7.80  8.32 10.04 11.35 13.19 13.36 10.57 10.46 10.63  9.52  8.27  6.98
MEAN      3.72  3.63  4.82  4.88  4.86  4.78  4.06  3.99  3.96  3.95  3.41  3.36
STD DEV   2.03  1.86  2.38  2.29  2.14  2.13  1.66  1.76  1.75  1.81  1.71  1.80
SKEW      1.06   .78   .70   .70   .53   .60   .62   .77   .81   .85   .98  1.37
% SW      8.82  9.60 12.53 14.34 15.55 15.72 12.99 10.59 10.58  9.83  8.56  8.65
MEAN      3.56  3.71  4.81  4.98  5.12  4.99  4.44  4.01  3.78  3.83  3.34  3.44
STD DEV   2.03  2.11  2.54  2.50  2.37  2.28  1.93  1.75  1.86  2.04  1.78  1.92
SKEW      1.33  1.07   .80   .82   .62   .58   .56   .66  1.03  1.17  1.37  1.52
% WSW     5.61  5.76  8.07  8.19  7.95  7.94  7.17  6.50  5.53  4.87  4.76  5.09
MEAN      3.61  4.21  5.23  5.28  5.18  5.15  4.64  4.17  4.19  3.99  3.45  3.46
STD DEV   2.01  2.32  2.54  2.45  2.34  2.23  1.87  1.63  1.83  1.98  1.68  1.79
SKEW      1.18   .76   .64   .45   .48   .48   .44   .34   .68   .91   .84  1.10
% W       5.43  6.38  7.33  7.56  7.36  8.93 10.56  8.59  6.38  5.10  5.09  5.61
MEAN      3.01  3.41  4.18  4.34  4.24  4.20  4.12  3.73  3.64  3.23  2.96  3.14
STD DEV   1.50  1.90  2.22  2.27  2.00  1.75  1.71  1.62  1.64  1.57  1.42  1.69
SKEW       .95  1.35   .78   .83   .54   .27   .39   .54   .79   .79   .91  1.29
% WNW     2.49  3.20  2.92  2.65  2.26  2.32  2.65  2.20  2.24  2.08  2.33  2.64
MEAN      3.31  3.82  4.17  4.24  4.13  3.70  3.82  3.37  3.32  3.07  3.16  3.10
STD DEV   2.00  2.19  2.37  2.18  1.88  1.50  1.53  1.36  1.38  1.41  1.65  1.65
SKEW      1.10  1.05   .99   .75   .59   .47   .43   .48   .70   .99   .90  1.02
% NW      4.36  4.78  4.04  3.50  3.06  2.71  3.31  3.54  3.25  3.28  4.12  4.37
MEAN      3.40  3.84  3.88  3.65  3.74  3.18  3.03  2.85  2.81  2.87  3.01  3.30
STD DEV   2.25  2.29  2.17  1.99  2.02  1.41  1.34  1.14  1.30  1.32  1.66  2.05
SKEW      1.37  1.16  1.14  1.01   .88   .81   .60   .70   .72   .74  1.33  1.34
% NNW     6.11  6.52  4.82  3.27  2.77  1.89  1.94  2.31  2.80  3.87  5.27  5.96
MEAN      3.71  4.40  4.53  3.76  3.83  3.32  3.03  3.10  3.30  3.21  3.64  3.69
STD DEV   2.03  2.51  2.49  1.93  1.88  1.67  1.25  1.42  1.67  1.51  1.93  2.03
SKEW      1.01  1.08   .80   .91   .66   .70   .51  1.21   .90   .95  1.21  1.21
CALM     12.23 10.62  9.24  9.24  8.22  8.94  8.70 10.35  9.85 11.56 14.46 14.49
 
INTERPOLATED DATA (station & weighting factor)
 
---Wind Stations---
PRESCOTT      AZ     .409  PHOENIX/LITCH.AZ     .329  BLYTHE        CA     .262
---Solar Radiation and Max .5 P Stations---
 PHOENIX, ARIZONA    .490   YUMA, ARIZONA       .309   LAS VEGAS, NEVADA   .201 
---Dewpoint Stations---
AZ PRESCOTT          .418  AZ PHOENIX           .359  AZ YUMA              .224 
---Time Peak Stations---
MAYER 3 NNW AZ       .453  KINGMAN 2 AZ         .290  AJO AZ               .257 
