 HEBER AZ                                 23961 0
 LATT=  34.38 LONG=-110.58 YEARS= 43. TYPE= 3
 ELEVATION = 6590. TP5 = 1.97 TP6= 3.61
 MEAN P    .26   .23   .25   .18   .20   .15   .24   .23   .25   .32   .31   .35
 S DEV P   .32   .30   .27   .18   .24   .22   .31   .32   .34   .47   .37   .41
 SKEW  P  2.40  2.77  2.28  1.66  2.33  3.52  2.30  2.85  2.79  4.12  1.97  2.34
 P(W/W)    .40   .38   .47   .39   .43   .44   .57   .57   .53   .46   .41   .45
 P(W/D)    .12   .13   .12   .09   .07   .06   .27   .29   .15   .10   .10   .11
 TMAX AV 46.42 50.35 55.10 63.84 72.24 82.66 84.73 81.62 77.15 67.90 55.60 47.48
 TMIN AV 16.07 19.05 22.93 27.99 34.78 42.98 52.14 50.57 43.55 32.91 22.70 17.10
 SD TMAX  8.64  9.33  9.49  8.34  7.76  6.52  5.48  5.08  6.11  8.65  9.43  9.50
 SD TMIN 11.10  8.93  8.47  7.49  7.20  7.62  5.59  5.21  6.93  7.72  8.64 10.01
 SOL.RAD  297.  400.  519.  630.  713.  732.  657.  610.  559.  442.  338.  275.
 SD SOL   16.3  12.5  15.7  20.2  20.8  25.9  44.9  88.6  33.2   9.3   8.5  14.1
 MX .5 P   .21   .29   .25   .24   .40   .30   .95   .87   .37   .29   .22   .22
 DEW PT  22.65 22.89 22.27 25.01 27.97 33.59 49.99 52.23 46.97 34.01 25.89 22.77
Time Pk   .671  .772  .814  .868  .878  .882  .899  .911  .915  .936  .966 1.000
% N      10.11 10.42  8.13  6.32  4.77  3.97  3.98  5.20  6.57  8.69 10.03 10.16
MEAN      2.89  3.31  3.37  3.13  3.11  2.94  3.29  3.13  2.94  2.87  2.92  2.77
STD DEV   1.52  1.94  1.77  1.44  1.44  1.27  1.69  1.66  1.26  1.32  1.58  1.32
SKEW      1.84  1.79  1.54  1.04   .86  1.19  1.45  1.73  1.05  1.14  1.89  1.26
% NNE     3.48  3.39  2.79  2.54  1.92  1.78  2.09  2.28  2.62  2.98  3.56  3.13
MEAN      3.24  3.22  3.26  3.06  2.89  2.93  3.41  2.99  2.86  2.88  3.42  3.05
STD DEV   2.06  1.95  1.75  1.52  1.39  1.33  1.76  1.53  1.39  1.47  2.10  1.69
SKEW      1.50  1.49  1.27   .97  1.28  1.41  1.19  1.58  1.42  1.44  1.38  1.36
% NE      3.73  3.23  2.84  2.94  2.62  2.36  3.02  3.23  3.14  3.38  3.74  3.51
MEAN      2.89  2.77  2.59  2.87  2.76  2.48  2.78  2.79  2.82  2.70  3.05  2.88
STD DEV   1.70  1.56  1.16  1.40  1.33  1.01  1.39  1.36  1.38  1.35  1.75  1.53
SKEW      1.50  1.27   .98  1.26  1.39   .84  1.46  1.73  1.57  1.38  1.36  1.23
% ENE     2.65  2.55  2.15  2.16  2.09  1.92  2.01  2.37  2.77  2.63  2.77  2.71
MEAN      2.78  3.12  2.93  3.08  3.09  3.04  3.17  3.01  3.23  3.11  3.29  2.92
STD DEV   1.31  1.63  1.32  1.50  1.38  1.34  1.57  1.44  1.63  1.53  1.76  1.49
SKEW       .77  1.18  1.20  1.18  1.35  1.35  1.74  1.27  1.13  1.26  1.29  1.04
% E       7.77  7.44  6.83  6.59  6.36  5.98  5.86  6.99  8.39  8.75  7.94  7.31
MEAN      3.01  3.18  3.06  3.26  3.39  3.19  3.40  3.43  3.29  3.28  3.11  3.09
STD DEV   1.42  1.47  1.38  1.50  1.54  1.47  1.62  1.61  1.48  1.59  1.44  1.43
SKEW      1.08   .78   .84   .78   .71   .77  1.06  1.05   .84   .93   .87   .76
% ESE     5.39  5.29  5.20  4.65  4.63  4.15  4.62  5.36  6.33  6.52  5.46  5.50
MEAN      3.21  3.44  3.46  3.68  3.91  3.76  3.82  3.84  3.87  3.63  3.39  3.23
STD DEV   1.39  1.46  1.39  1.63  1.64  1.53  1.68  1.73  1.66  1.57  1.41  1.37
SKEW       .57   .68   .45   .59   .59   .42   .82   .89   .66   .69   .61   .59
% SE      5.58  5.59  5.70  5.02  5.00  4.72  5.87  6.92  6.88  6.34  5.27  5.00
MEAN      2.95  3.10  3.29  3.45  3.65  3.50  3.82  3.71  3.67  3.44  3.06  3.01
STD DEV   1.28  1.43  1.51  1.64  1.76  1.56  1.92  1.84  1.74  1.58  1.41  1.30
SKEW       .68   .84   .75   .98   .85   .68  1.07  1.14   .83   .80   .99   .62
% SSE     2.50  2.77  3.01  2.81  2.97  3.03  3.31  3.83  3.34  3.13  2.65  2.48
MEAN      2.78  3.12  3.34  3.41  3.75  3.75  3.75  3.52  3.63  3.36  2.98  2.78
STD DEV   1.23  1.59  1.56  1.62  1.78  1.80  1.83  1.62  1.65  1.55  1.45  1.23
SKEW       .94  1.03   .79   .76   .71   .76  1.11  1.24   .63   .62  1.14  1.07
% S       6.61  7.91  8.72  8.34  9.23  9.08  8.49  8.77  8.36  8.21  7.13  6.84
MEAN      2.90  3.15  3.69  3.98  3.97  3.94  3.69  3.62  3.43  3.32  3.08  2.96
STD DEV   1.39  1.51  1.89  2.03  1.98  1.91  1.72  1.81  1.55  1.63  1.58  1.43
SKEW      1.43  1.39  1.14  1.00  1.00  1.01  1.02  1.34  1.04  1.23  1.54  1.67
% SSW     6.45  7.68  9.30 11.43 13.18 13.58 10.90  9.66  9.53  8.40  7.37  6.35
MEAN      3.29  3.61  4.23  4.68  4.61  4.61  4.21  3.94  3.99  3.77  3.39  3.30
STD DEV   1.65  1.78  2.10  2.28  2.19  2.00  1.75  1.65  1.80  1.83  1.59  1.61
SKEW      1.24  1.31  1.18   .98   .90   .67   .84   .89  1.04  1.29  1.41  1.12
% SW      6.38  7.29  9.69 12.55 13.99 14.82 12.75 10.89  9.46  7.86  6.52  6.42
MEAN      3.17  3.66  4.42  4.84  4.69  4.59  4.17  3.99  3.82  3.64  3.34  3.33
STD DEV   1.64  1.95  2.24  2.50  2.16  2.03  1.84  1.71  1.72  1.77  1.69  1.80
SKEW      1.27  1.14   .95   .88   .81   .79   .73   .85  1.09  1.27  1.30  1.23
% WSW     3.82  4.43  5.95  7.40  7.22  7.83  7.15  5.06  4.22  3.59  3.24  3.37
MEAN      3.21  4.10  4.94  5.25  5.03  4.96  4.47  4.02  4.21  3.88  3.45  3.61
STD DEV   1.74  2.23  2.49  2.55  2.29  2.05  1.86  1.75  1.94  1.97  1.73  2.00
SKEW      1.20   .91   .69   .55   .60   .60   .41   .54   .63   .92   .97   .98
% W       4.63  5.34  6.26  7.15  7.43  7.63  8.32  6.41  4.94  4.27  4.42  4.70
MEAN      3.29  3.87  4.43  4.44  4.22  4.24  3.98  3.71  3.64  3.38  3.22  3.24
STD DEV   1.73  2.28  2.31  2.27  1.97  1.86  1.76  1.68  1.63  1.70  1.67  1.75
SKEW      1.00  1.21   .83   .73   .80   .56   .65   .69   .80  1.04  1.10  1.17
% WNW     2.68  3.26  3.46  3.54  3.38  3.42  3.56  2.72  2.24  2.10  2.41  2.74
MEAN      3.18  3.96  4.48  4.35  4.02  3.75  3.73  3.74  3.36  3.34  3.25  3.32
STD DEV   1.70  2.24  2.33  2.19  1.83  1.59  1.56  1.63  1.38  1.68  1.79  1.83
SKEW      1.08   .93   .75   .77   .79   .55   .58   .89   .43  1.24  1.31  1.26
% NW      3.87  4.18  4.30  3.96  3.64  3.80  4.12  3.85  3.53  3.18  3.90  4.01
MEAN      3.09  3.65  3.77  3.67  3.48  3.31  3.35  3.36  3.08  2.94  2.92  3.01
STD DEV   1.78  2.10  1.98  1.71  1.53  1.31  1.52  1.60  1.35  1.45  1.40  1.57
SKEW      1.80  1.32  1.11   .79   .66   .62   .70  1.01   .65  1.31  1.07  1.38
% NNW     4.67  5.02  4.24  3.46  2.50  2.43  2.62  2.89  2.91  3.45  4.74  5.17
MEAN      3.16  3.53  3.88  3.42  3.30  3.01  3.22  3.32  3.12  3.05  3.21  3.12
STD DEV   1.52  1.66  1.92  1.46  1.41  1.24  1.49  1.49  1.25  1.42  1.60  1.47
SKEW      1.17  1.05  1.06   .52   .56   .77  1.08   .98   .48  1.21  1.15  1.19
CALM     19.67 14.22 11.40  9.13  9.13  9.49 11.33 13.62 14.78 16.47 18.89 20.63
 
INTERPOLATED DATA (station & weighting factor)
 
---Wind Stations---
PHOENIX/LUKE  AZ     .335  PHOENIX/SKY   AZ     .335  PRESCOTT      AZ     .329
---Solar Radiation and Max .5 P Stations---
 FLAGSTAFF, ARIZONA  .473   PHOENIX, ARIZONA    .361   ALBUQURQUE, NEW ME  .166 
---Dewpoint Stations---
AZ WINSLOW           .619  AZ PHOENIX           .261  NM ALBUQUERQUE       .120 
---Time Peak Stations---
WORKMAN CREEK 1 AZ   .349  PAYSON WB CITY AZ    .346  PETRIFIED FOREST NM  .305 
