 LUKACHUKAI AZ                            25129 0
 LATT=  36.42 LONG=-109.23 YEARS= 41. TYPE= 3
 ELEVATION = 6480. TP5 = 1.60 TP6= 2.97
 MEAN P    .30   .23   .25   .29   .27   .23   .26   .28   .30   .35   .26   .29
 S DEV P   .30   .22   .29   .30   .34   .21   .29   .27   .29   .34   .27   .26
 SKEW  P  2.41  2.36  3.35  2.30  2.88  1.25  2.35  1.47  1.98  1.65  2.00  1.71
 P(W/W)    .32   .24   .33   .34   .32   .35   .44   .41   .40   .37   .37   .20
 P(W/D)    .07   .05   .07   .04   .03   .03   .10   .12   .07   .07   .07   .06
 TMAX AV 41.29 45.99 52.20 61.86 71.35 82.55 86.54 83.57 77.15 65.89 51.43 42.06
 TMIN AV 16.60 21.24 26.58 33.45 41.84 51.54 57.95 55.90 48.57 37.95 26.83 18.35
 SD TMAX  8.46  9.59  9.94  9.54  8.47  7.15  5.67  5.82  7.10  9.52 10.23  8.91
 SD TMIN  9.94 10.15  8.44  8.20  7.40  7.03  4.78  4.15  6.70  8.30  8.83  9.40
 SOL.RAD  275.  372.  489.  600.  674.  722.  668.  608.  542.  418.  311.  255.
 SD SOL   16.4  15.8  20.8  27.8  33.3  30.0  41.3  88.3  35.5  11.3  10.5  14.0
 MX .5 P   .15   .21   .16   .24   .28   .47   .96   .54   .37   .36   .17   .14
 DEW PT  18.44 19.89 19.75 23.03 27.53 32.61 45.07 48.24 41.90 30.64 23.17 19.31
Time Pk   .729  .827  .866  .909  .915  .915  .925  .929  .931  .951  .973 1.000
% N       3.62  3.91  2.67  2.98  3.34  3.70  3.63  3.85  3.40  3.63  3.61  3.84
MEAN      3.24  3.54  3.67  3.60  4.12  3.88  3.88  3.84  3.54  3.34  3.31  3.22
STD DEV   1.38  1.66  1.47  1.71  1.92  1.65  1.84  1.88  1.54  1.21  1.23  1.20
SKEW      1.42  1.46  1.26  1.34  1.12  1.26  1.19  1.55  1.06   .58  1.17   .59
% NNE     2.56  2.95  2.32  2.48  2.71  3.08  2.90  2.91  3.08  3.10  2.86  2.75
MEAN      3.26  3.54  3.39  3.58  4.29  3.83  3.75  3.66  3.48  3.30  3.36  4.03
STD DEV   1.55  1.38  1.39  1.47  2.61  1.86  1.78  1.62  1.61  1.20  1.43  2.73
SKEW       .92   .80   .47  1.04  2.05  1.48  1.21  1.22   .93   .72   .78  1.63
% NE      4.73  4.88  3.77  3.91  4.13  4.80  5.33  4.86  5.97  5.60  5.19  5.05
MEAN      3.23  3.46  3.48  3.53  3.56  3.44  3.55  3.56  3.38  3.22  3.10  3.12
STD DEV   1.32  1.36  1.35  1.66  1.57  1.35  1.56  1.65  1.34  1.33  1.23  1.19
SKEW      1.37   .86   .54  1.76  1.50  1.16  1.27  1.60  1.19  1.23  1.24  1.16
% ENE     6.60  6.31  4.77  4.58  5.04  5.69  6.71  6.24  7.59  6.94  5.94  6.35
MEAN      3.40  3.47  3.53  3.51  4.02  3.88  4.04  4.01  3.69  3.48  3.17  3.38
STD DEV   1.27  1.21  1.45  1.22  1.67  1.86  1.71  1.74  1.41  1.30  1.01  1.15
SKEW      1.11   .83  1.14   .81  1.00  1.48  1.27  1.35   .85  1.06  1.01   .34
% E       7.22  6.30  4.86  4.31  5.35  5.24  7.15  6.99  7.57  6.64  6.32  6.49
MEAN      3.14  3.16  3.52  3.36  3.59  3.86  3.97  3.88  3.66  3.71  3.24  3.41
STD DEV   1.12  1.11  1.25  1.08  1.48  1.79  1.67  1.66  1.35  1.49  1.17  1.27
SKEW       .75   .67  1.02   .55  1.21  1.05  1.01   .99   .84   .88   .80   .89
% ESE     4.06  3.31  3.13  2.96  3.67  3.73  5.11  4.58  4.49  4.08  3.43  3.39
MEAN      3.01  3.08  3.30  3.82  4.30  3.47  4.29  3.94  3.81  3.58  3.14  2.97
STD DEV    .98  1.12  1.16  1.91  2.33  1.44  2.10  1.70  1.57  1.44  1.27   .92
SKEW       .43   .87   .52  1.12  1.04   .63  1.28   .71   .89   .61  1.10   .23
% SE      2.31  1.95  2.21  2.05  2.53  2.75  3.80  3.54  3.20  2.59  2.12  1.76
MEAN      2.91  3.52  3.90  4.02  4.38  3.85  4.06  3.85  3.46  3.75  3.46  3.10
STD DEV   1.05  1.24  2.17  1.68  2.26  1.72  2.02  1.75  1.39  1.77  2.05  1.10
SKEW       .41  1.13  1.23  1.02  1.04  1.10  1.02  1.22   .89  1.22  1.53  1.24
% SSE     1.88  1.65  2.14  2.57  2.84  2.84  4.10  3.69  3.09  2.59  1.67  1.35
MEAN      3.58  3.74  4.17  4.93  4.79  4.82  4.37  4.04  4.17  4.15  3.97  3.10
STD DEV   1.81  1.82  2.07  2.27  2.32  2.42  2.24  2.09  2.08  1.91  1.99  1.19
SKEW      1.21   .82  1.04   .53   .93  1.09  1.06  1.38  1.31  1.05  1.30   .68
% S       2.71  3.07  3.83  4.84  5.22  4.46  6.38  5.17  4.36  3.82  2.75  2.37
MEAN      3.90  3.80  4.63  4.97  5.31  4.89  4.25  4.13  4.36  4.49  4.23  3.67
STD DEV   2.15  1.76  2.38  2.37  2.73  2.25  2.03  1.92  2.15  2.31  2.20  1.89
SKEW      1.22  1.00   .98  1.06  1.13   .91  1.00  1.10  1.05  1.23  1.22  1.59
% SSW     3.39  3.68  6.44  6.23  6.16  6.67  4.63  4.91  4.00  3.79  3.73  2.98
MEAN      4.85  4.76  5.76  6.17  5.99  5.80  4.35  4.28  4.77  4.79  5.05  4.65
STD DEV   2.49  2.44  2.74  3.01  2.75  2.39  1.95  1.82  2.14  2.41  2.57  2.35
SKEW      1.26   .99   .61   .72   .64   .57  1.28  1.05  1.00   .75  1.11   .95
% SW      6.21  6.80 10.05  9.84  9.53  8.93  6.31  6.39  6.36  5.49  6.93  5.65
MEAN      4.34  4.57  5.85  6.05  5.77  5.71  4.40  4.75  4.80  4.67  4.49  4.49
STD DEV   2.22  2.38  2.75  2.82  2.69  2.44  1.89  2.16  2.33  2.21  2.12  2.28
SKEW      1.41  1.05   .75   .65   .71   .55  1.02   .78   .87  1.18  1.12  1.15
% WSW     7.22  7.91 10.64  9.64 10.09  9.72  6.72  6.97  7.01  6.11  7.26  7.58
MEAN      4.34  4.49  5.53  6.04  5.75  5.52  4.78  4.62  5.00  4.56  4.50  4.51
STD DEV   2.15  2.22  2.56  2.75  2.52  2.41  2.08  2.10  2.25  2.09  2.04  2.27
SKEW       .96  1.44   .60   .58   .63   .54   .71   .87   .62  1.02   .92  1.17
% W       6.82  8.20  9.84  8.68  7.89  6.97  5.39  5.81  5.45  6.13  6.59  6.01
MEAN      4.35  4.81  5.68  5.77  5.48  5.31  4.51  4.57  4.55  4.61  4.51  4.38
STD DEV   2.26  2.51  2.64  2.67  2.46  2.35  1.98  2.07  2.05  2.18  2.25  2.27
SKEW      1.05  1.00   .64   .68   .73   .55   .79   .80   .68   .93  1.13  1.02
% WNW     3.97  5.67  7.06  7.44  5.56  5.05  4.21  3.45  3.48  3.50  4.16  4.10
MEAN      4.53  5.54  6.36  6.00  5.53  5.42  4.85  4.62  4.86  4.77  5.27  5.14
STD DEV   2.42  2.61  2.83  2.63  2.56  2.61  2.23  2.26  2.04  2.42  2.70  2.46
SKEW      1.07   .53   .25   .39   .55   .79   .71   .96   .72   .89   .51   .61
% NW      2.68  3.63  4.07  4.62  3.75  3.23  3.29  2.44  2.87  2.73  2.66  2.57
MEAN      4.30  5.56  5.94  5.67  4.99  4.98  4.53  4.28  4.16  4.28  5.09  4.42
STD DEV   2.38  2.91  2.93  2.79  2.52  2.40  2.15  1.95  2.05  1.86  2.86  2.54
SKEW       .79   .96   .40   .53   .77   .69   .72   .96   .86   .63   .88   .89
% NNW     2.01  2.14  2.23  2.42  2.33  2.64  2.57  2.26  2.06  1.57  2.19  1.92
MEAN      3.02  4.14  5.03  4.73  4.80  4.23  4.53  3.99  3.77  3.53  3.67  3.36
STD DEV   1.11  2.25  2.99  2.61  2.46  2.01  2.38  1.89  1.61  1.45  1.73  1.43
SKEW       .85  1.25  1.00   .80   .97   .82  1.29  1.00  1.21   .75  1.57   .91
CALM     31.97 27.68 19.92 20.48 19.81 20.44 21.85 25.79 26.00 31.73 32.51 35.78
 
INTERPOLATED DATA (station & weighting factor)
 
---Wind Stations---
FARMINGTON    NM     .426  GALLUP        NM     .404  HANKSVILLE    UT     .170
---Solar Radiation and Max .5 P Stations---
 FLAGSTAFF, ARIZONA  .359   ALBUQURQUE, NEW ME  .335   GRAND JUNCTION, CO  .306 
---Dewpoint Stations---
AZ WINSLOW           .415  NM ALBUQUERQUE       .305  CO GRAND JUNCTION    .280 
---Time Peak Stations---
KEAMS CANYON AZ      .388  MESA VERDE NAT PRK   .387  PETRIFIED FOREST NM  .225 
