 HEALDSBURG CA                            43875 0
 LATT=  38.62 LONG=-122.87 YEARS= 62. TYPE= 2
 ELEVATION =  100. TP5 = 1.20 TP6= 5.00
 MEAN P    .73   .70   .54   .40   .24   .25   .16   .29   .30   .47   .61   .69
 S DEV P   .92   .86   .65   .52   .38   .35   .36   .41   .60   .63   .78   .90
 SKEW  P  2.12  2.29  1.96  2.19  5.03  2.74  4.05  2.92  4.84  3.07  2.49  2.61
 P(W/W)    .67   .65   .61   .55   .44   .35   .11   .33   .38   .49   .61   .65
 P(W/D)    .21   .20   .19   .13   .07   .03   .01   .01   .03   .10   .16   .20
 TMAX AV 57.50 62.62 66.42 71.90 78.01 84.22 88.51 87.95 86.29 78.27 66.55 57.90
 TMIN AV 37.45 40.51 42.04 44.21 48.12 51.75 52.29 52.16 51.26 47.67 42.11 38.37
 SD TMAX  6.55  7.04  7.92  8.73  9.11  9.11  7.57  7.62  9.01  9.48  7.96  6.87
 SD TMIN  7.05  6.65  5.53  5.04  4.82  4.83  3.99  3.98  4.94  5.57  6.66  7.00
 SOL.RAD  157.  253.  361.  525.  603.  673.  681.  608.  463.  324.  214.  126.
 SD SOL   44.7  45.3  54.6  46.8  53.7  44.7  34.9  75.7  53.9  33.3  32.3  45.5
 MX .5 P   .50   .50   .30   .31   .14   .14   .17   .21   .24   .44   .46   .38
 DEW PT  40.58 41.64 42.04 45.22 47.18 50.42 52.42 53.42 53.42 49.82 45.94 42.16
Time Pk   .783  .838  .866  .885  .896  .904  .925  .938  .949  .961  .979 1.000
% N       9.20  6.97  4.65  6.29  3.65  5.99  3.54  4.13  5.64  7.05  7.10  9.34
MEAN      2.66  2.15  3.13  4.52  2.15  3.47  2.36  2.42  3.33  3.16  2.70  2.27
STD DEV   2.19  1.28  2.20  3.02   .89  2.14   .99  1.24  2.10  2.16  2.15  1.26
SKEW      1.60  1.85  1.09  1.02   .79   .48   .47  1.01   .84  1.01  1.24  1.14
% NNE      .47  1.06  1.49   .93  1.09  1.37  1.17  1.12   .90   .78   .53   .50
MEAN       .95  2.00  2.63  1.19  1.26  1.38  1.31  1.23  1.23  1.30  1.08  1.05
STD DEV    .47   .77  1.24   .61   .56   .59   .55   .55   .68   .80   .54   .63
SKEW       .38   .37   .84   .26   .23   .11   .20   .21   .36   .33   .21   .37
% NE      2.22  2.25  1.18  1.10  1.10   .95  1.15  1.28  1.52  2.31  2.12  1.85
MEAN      1.77  2.02  1.69  2.14  1.74  1.88  1.68  1.66  2.34  3.40  2.17  2.01
STD DEV    .98  1.15   .58  1.28   .72   .51   .47   .47  1.43  2.94  1.31   .93
SKEW      1.43  1.50   .34  1.19  1.32   .21   .23   .19   .64  1.17  1.22   .58
% ENE      .48   .54   .42   .32   .37   .41   .53   .46   .43   .30   .41   .72
MEAN      1.02  1.50  1.61   .94  1.00   .99   .95   .94   .99   .88   .98  1.00
STD DEV    .52   .38   .44   .40   .41   .44   .40   .43   .52   .40   .50   .45
SKEW       .35   .18   .14   .20   .15   .33   .19   .25   .39   .22   .30   .21
% E       4.05  4.27  2.59  2.02  2.03  2.23  2.83  4.43  3.26  2.74  5.95  8.64
MEAN      2.68  2.33  2.99  1.82  1.98  1.98  1.88  1.74  1.90  2.15  2.50  3.32
STD DEV   1.91  1.45  2.73   .97  1.11   .93  1.01   .75   .94  2.00  1.61  2.62
SKEW      1.15  1.42  1.56  1.49  1.61   .73  1.93  2.33  1.04  1.61   .91   .90
% ESE     1.17  1.29  1.06   .91   .87  1.05  1.64  1.47  1.38  1.14  1.01  1.30
MEAN      1.27  2.37  3.16  2.34  1.14  1.18  1.25  1.24  1.16  1.08  1.17  1.18
STD DEV    .67   .62   .47   .50   .51   .49   .56   .53   .50   .51   .73   .57
SKEW       .20   .33   .29   .31   .29   .26   .25   .23   .30   .23   .46   .23
% SE     11.96 13.03  9.02  9.00  6.67  9.03  9.89  8.87  8.22  8.72 11.15 17.15
MEAN      3.10  3.60  4.18  3.45  3.43  3.55  3.77  3.53  3.17  3.63  4.19  3.97
STD DEV   1.52  1.74  2.46  1.65  1.63  1.64  1.95  1.82  1.75  2.33  2.57  2.11
SKEW       .49   .79  1.14   .39   .45   .35   .37   .46   .79   .83   .87   .69
% SSE     3.35  5.00  4.74  2.76  2.33  2.34  3.17  3.09  2.27  2.15  2.44  2.57
MEAN      1.72  3.80  3.97  3.70  1.73  1.68  1.70  1.74  1.64  1.59  1.74  1.71
STD DEV    .83  1.98  2.18   .74   .75   .71   .70   .72   .73   .71   .86   .85
SKEW       .26   .50   .77   .16   .11   .17   .16   .16   .17   .25   .28   .26
% S      14.94 19.25 17.42 21.33 32.26 25.59 34.29 35.97 26.88 21.21 15.61 17.33
MEAN      3.06  3.44  3.68  3.61  3.67  3.57  3.56  3.50  3.29  3.47  3.53  3.75
STD DEV   1.65  1.74  1.96  1.86  1.78  1.76  1.53  1.70  1.73  2.04  2.02  2.30
SKEW       .86   .87   .67   .30   .24   .28   .04   .24   .43  1.12   .97   .84
% SSW     1.33  1.95  1.38  1.49  1.18  1.14   .87   .92   .72   .91   .86   .95
MEAN      1.49  3.66  4.02  4.06  1.29  1.15  1.16  1.22  1.20  1.31  1.27  1.39
STD DEV    .79  2.04   .64   .71   .62   .57   .51   .56   .65   .70   .68   .76
SKEW       .31  1.02   .31   .29   .22   .29   .15   .26   .34   .28   .35   .28
% SW      3.41  3.35  8.76  6.41 13.61 11.83 10.38  7.63 10.14  8.84  5.99  1.24
MEAN      2.69  3.42  3.76  4.05  4.24  4.17  3.15  3.34  3.66  3.30  3.01  2.47
STD DEV   1.48  1.70  1.86  1.92  1.94  1.79  1.51  1.72  1.69  1.79  1.68  1.43
SKEW       .53   .81   .60   .34   .12  -.04   .18   .23   .07  1.14   .74   .72
% WSW      .61   .98  1.20  1.15  1.29  1.10   .83   .90   .85   .62   .50   .52
MEAN      1.11  2.41  2.51  3.36  1.50  1.45  1.41  1.43  1.35  1.13  1.03  1.08
STD DEV    .54   .61   .66   .64   .72   .65   .63   .63   .63   .56   .42   .53
SKEW       .31   .40   .32   .17   .17   .18   .07   .10   .15   .27   .09   .40
% W       8.86  7.42  9.00 10.10  6.37  6.50  5.69  5.24  6.72  7.78 10.55  5.65
MEAN      2.42  2.60  3.71  3.48  2.90  3.41  2.45  2.22  2.58  2.68  2.35  2.80
STD DEV   1.49  1.51  2.23  2.12  1.64  2.02  1.23  1.24  1.45  1.97  1.37  1.57
SKEW      1.60  1.11   .76   .99   .90   .76   .64  1.56  1.06  1.71  1.11   .86
% WNW     1.70  2.35  4.06  3.70  3.45  3.19  1.66  1.75  2.18  2.11  1.73  1.54
MEAN      1.27  1.44  3.22  4.40  1.85  1.79  1.48  1.61  1.53  1.54  1.33  1.35
STD DEV    .67   .76  1.32  2.29   .84   .77   .66   .76   .76   .80   .72   .70
SKEW       .45   .29   .75   .33   .14   .10   .10   .20   .23   .20   .30   .27
% NW     12.22  8.29 12.27 11.06  5.09  8.57  3.78  3.77  5.92  7.96  7.08  7.01
MEAN      3.33  2.88  4.12  4.25  3.10  4.30  3.56  2.94  2.81  2.96  3.21  2.57
STD DEV   2.05  1.56  2.21  2.18  1.34  1.97  2.16  1.81  1.61  1.89  1.90  1.50
SKEW       .84   .63   .33   .48   .32   .33   .29   .68   .74  1.11   .77  1.13
% NNW     1.45  2.89  2.79  3.34  3.14  3.30  2.71  2.56  2.34  1.98  1.52  1.31
MEAN      1.16  2.73  2.65  3.54  1.58  1.61  1.50  1.46  1.31  1.27  1.18  1.15
STD DEV    .68   .99   .68  2.03   .68   .68   .67   .67   .65   .66   .68   .63
SKEW       .45   .63   .20   .31   .10   .08   .12   .11   .22   .25   .38   .35
CALM     22.66 19.03 17.97 17.99 15.46 15.45 15.86 16.36 20.60 23.39 25.39 22.46
 
INTERPOLATED DATA (station & weighting factor)
 
---Wind Stations---
SANTA ROSA    CA     .600  UKIAH         CA     .219  SAN RAFAEL/HA.CA     .181
---Solar Radiation and Max .5 P Stations---
 SAN FRANCISCO, CAL  .532   BLUE CANYON, CALIF  .267   EUREKA, CALIFORNIA  .201 
---Dewpoint Stations---
CA OAKLAND           .419  CA SAN FRANCISCO     .402  CA EUREKA            .179 
---Time Peak Stations---
VENADO CA            .450  WARM SPRINGS DAM CA  .366  SAINT HELENA 4 WSW   .185 
