 TWIN LAKES CA                            49105 0
 LATT=  38.70 LONG=-120.05 YEARS= 45. TYPE= 2
 ELEVATION = 7830. TP5 = 1.04 TP6= 4.39
 MEAN P    .77   .65   .55   .42   .30   .21   .24   .28   .31   .51   .70   .77
 S DEV P   .90   .78   .61   .54   .31   .31   .38   .45   .37   .64   .94   .99
 SKEW  P  2.25  2.29  2.12  2.94  1.81  4.19  3.78  3.46  1.86  2.35  3.55  3.49
 P(W/W)    .65   .62   .64   .63   .56   .50   .40   .42   .43   .44   .59   .64
 P(W/D)    .18   .21   .24   .17   .14   .10   .07   .06   .08   .11   .16   .18
 TMAX AV 38.08 39.68 40.56 46.50 53.51 62.55 70.68 69.99 64.77 55.87 45.45 39.74
 TMIN AV 16.70 16.95 17.49 22.23 29.02 36.77 42.89 42.37 38.30 31.21 23.63 18.21
 SD TMAX  9.96  9.29  8.76  9.74  9.98  9.21  5.79  6.34  8.47 10.19 10.06 10.25
 SD TMIN  8.52  8.53  8.28  8.04  7.34  7.05  5.73  5.95  6.62  7.21  7.87  8.73
 SOL.RAD  197.  288.  392.  543.  626.  696.  715.  643.  504.  358.  239.  166.
 SD SOL   33.1  35.3  46.9  43.1  48.8  39.4  25.0  63.9  43.3  23.5  25.5  34.3
 MX .5 P   .28   .19   .19   .16   .17   .14   .21   .32   .20   .33   .19   .25
 DEW PT  24.32 26.86 26.89 30.75 35.05 38.42 40.13 39.06 37.69 33.52 30.01 27.18
Time Pk   .860  .894  .908  .922  .932  .939  .947  .954  .956  .966  .978 1.000
% N       4.91  5.99  5.74  6.14  5.60  4.72  3.87  3.87  4.73  5.24  4.94  4.57
MEAN      3.46  4.08  4.05  4.27  3.87  3.46  2.68  2.84  3.40  3.65  3.27  3.30
STD DEV   2.04  2.39  2.22  2.40  1.94  1.84  1.14  1.23  1.80  1.98  1.74  1.82
SKEW      1.39   .97  1.09   .95   .93  1.27  1.13  1.38  1.39  1.03  1.17  1.39
% NNE     2.08  2.19  2.43  2.55  2.64  2.15  1.83  1.82  2.37  2.43  2.35  2.17
MEAN      2.96  3.40  3.43  3.60  3.31  3.17  2.81  2.74  3.20  3.60  2.94  2.98
STD DEV   1.52  1.78  1.67  1.87  1.50  1.36  1.11  1.22  1.41  1.96  1.36  1.42
SKEW      1.56  1.14   .84  1.25   .71   .72   .71  1.15   .96  1.14  1.00   .84
% NE      2.38  2.44  2.51  2.69  2.50  2.48  2.00  2.06  3.04  2.91  2.69  2.46
MEAN      2.59  2.93  3.28  3.25  3.26  2.97  2.83  2.70  3.13  3.08  2.87  2.81
STD DEV   1.12  1.39  1.54  1.46  1.47  1.41  1.05  1.08  1.35  1.50  1.34  1.30
SKEW      1.28  1.13  1.12   .85   .55   .72   .81   .84   .54  1.05  1.02  1.19
% ENE     1.61  1.71  1.54  1.57  1.31  1.28  1.13  1.18  1.79  1.95  1.74  1.65
MEAN      2.87  2.95  3.20  3.32  2.98  2.71  2.49  2.76  3.01  3.12  2.97  2.95
STD DEV   1.20  1.19  1.33  1.39  1.19  1.03   .79   .81  1.21  1.36  1.23  1.47
SKEW       .78   .67   .79   .58   .45   .49   .29   .43   .66   .50   .87  1.65
% E       3.41  3.41  2.73  2.37  2.08  1.89  1.82  1.71  2.96  3.24  3.53  3.34
MEAN      2.79  2.86  3.08  2.85  2.94  2.86  2.61  2.66  2.86  3.01  2.82  2.65
STD DEV   1.28  1.26  1.36  1.28  1.24  1.15   .85   .99  1.23  1.30  1.22  1.14
SKEW      1.89  1.02   .71   .76   .64   .55   .10   .47  1.05   .66   .87   .87
% ESE     3.23  3.35  2.78  2.76  2.38  2.13  2.16  2.28  3.08  3.40  3.32  3.29
MEAN      2.71  3.06  2.96  3.11  2.90  2.88  2.85  2.80  2.86  2.93  2.79  2.60
STD DEV   1.14  1.43  1.32  1.43  1.03  1.15  1.13  1.03  1.20  1.25  1.18  1.05
SKEW      1.35  1.19  1.16  1.21   .38   .66   .86   .71  1.10   .85  1.00  1.05
% SE      6.00  6.08  5.64  5.14  4.66  4.19  4.03  4.62  5.23  4.96  4.99  5.58
MEAN      3.34  3.44  3.47  3.26  3.17  2.95  2.83  2.82  2.89  2.82  3.00  3.33
STD DEV   2.06  1.94  1.90  1.65  1.47  1.21  1.18  1.09  1.16  1.17  1.56  2.15
SKEW      2.00  1.88  1.68  1.41  1.20   .64  1.42   .86   .78  1.05  1.62  2.00
% SSE     6.18  5.60  5.60  4.66  4.58  4.93  5.27  5.24  4.68  3.91  4.40  5.06
MEAN      4.86  4.86  4.85  4.33  3.89  3.32  3.33  2.93  3.75  3.87  3.97  4.53
STD DEV   3.19  3.45  3.12  3.00  2.09  1.65  1.44  1.10  2.11  2.39  2.56  3.12
SKEW      1.21  1.44  1.66  1.66  1.33  1.35   .96   .74  1.60  1.34  1.08  1.16
% S       7.86  7.42  7.67  6.88  7.08  7.31  8.50  8.29  6.68  5.54  5.37  6.19
MEAN      4.99  4.81  4.81  4.23  4.01  3.80  3.51  3.35  3.63  3.86  4.08  4.79
STD DEV   3.40  3.14  3.11  2.50  2.17  2.10  1.74  1.68  1.92  2.47  2.73  3.47
SKEW      1.26  1.10  1.69  1.44   .76  1.04  1.04  1.09   .98  2.04  1.56  1.30
% SSW     4.30  5.13  6.01  5.69  6.30  7.34  8.31  7.38  6.10  4.68  4.11  3.95
MEAN      5.46  5.78  5.13  4.81  4.91  4.71  4.10  4.14  4.31  4.83  4.45  5.20
STD DEV   3.73  3.62  3.06  2.97  2.56  2.49  2.03  2.20  2.21  2.94  2.66  3.72
SKEW      1.30  1.11  1.00   .99  1.12   .68   .70   .85   .77  1.24  1.04  1.79
% SW      4.44  4.74  5.84  6.07  7.15  8.10  8.92  7.91  6.56  5.10  4.38  3.69
MEAN      4.50  4.62  5.10  4.81  4.80  4.82  4.41  4.24  4.29  4.00  3.92  4.49
STD DEV   2.70  2.88  3.00  2.66  2.40  2.27  1.99  1.83  2.00  1.93  2.32  2.94
SKEW      1.44  1.48  1.34  1.15   .88   .65   .67   .83   .94  1.04  1.49  1.71
% WSW     2.95  3.06  4.43  4.54  4.94  5.11  5.05  4.97  4.22  3.36  2.80  2.32
MEAN      4.68  4.35  5.24  5.28  5.28  4.97  4.45  4.39  4.28  4.06  4.00  4.31
STD DEV   2.60  2.36  2.59  2.71  2.52  2.23  2.09  2.05  1.86  1.95  1.96  2.57
SKEW      1.03  1.16   .83   .93   .57   .44   .68   .58   .80   .93  1.07  1.72
% W       4.40  5.16  7.80  9.02  9.96 10.19  9.28  9.64  6.83  5.51  4.78  4.03
MEAN      4.02  3.84  4.86  4.92  5.05  4.88  4.76  4.66  4.22  3.96  3.75  4.07
STD DEV   2.17  2.11  2.53  2.44  2.47  2.22  2.11  2.01  2.05  2.09  1.96  2.47
SKEW       .94  1.07   .76   .71   .60   .39   .29   .30   .65  1.02   .96  1.17
% WNW     3.54  4.38  6.98  7.66  8.97  9.17  8.83  8.48  6.07  4.61  3.60  3.32
MEAN      4.18  4.15  4.97  4.91  5.11  4.91  4.93  4.77  4.33  4.06  3.86  3.93
STD DEV   2.22  2.34  2.27  2.18  2.33  2.10  2.04  1.96  2.08  1.99  1.93  2.07
SKEW       .84  1.00   .45   .53   .57   .24   .15   .16   .62   .64   .61   .81
% NW      3.70  5.06  6.08  6.89  7.41  6.96  5.76  6.47  5.33  4.79  4.54  4.16
MEAN      3.35  3.68  4.13  4.10  4.26  4.00  3.64  3.64  3.43  3.44  3.50  3.46
STD DEV   1.78  2.02  2.07  2.00  2.14  1.96  1.65  1.70  1.72  1.84  1.96  1.96
SKEW      1.04  1.09   .84   .80   .76   .95   .74   .74  1.03  1.09  1.13  1.29
% NNW     3.79  4.98  5.15  5.27  4.93  4.20  3.15  3.38  3.90  4.38  4.23  3.94
MEAN      3.73  4.16  4.34  4.33  4.07  3.80  3.38  3.20  3.38  3.66  3.57  3.65
STD DEV   2.02  2.26  2.13  2.21  1.99  1.90  1.46  1.44  1.80  2.02  1.86  2.07
SKEW       .85   .88   .73  1.06   .74  1.13   .89  1.23  1.38  1.08   .84  1.27
CALM     35.17 29.32 21.22 20.10 17.49 17.82 20.03 20.75 26.49 34.06 38.10 40.26
 
INTERPOLATED DATA (station & weighting factor)
 
---Wind Stations---
RENO/STEAD    NV     .368  RENO          NV     .368  SACRAMENTO/MA.CA     .265
---Solar Radiation and Max .5 P Stations---
 BLUE CANYON, CALIF  .430   RENO, NEVADA        .400   FRESNO, CALIFORNIA  .170 
---Dewpoint Stations---
CA BLUE CANYON       .430  NV RENO              .402  CA FRESNO            .168 
---Time Peak Stations---
HELL HOLE CA         .551  ROBBS PEAK P H CA    .449                            
