 BISHOP WBO CA                            4 822 0
 LATT=  37.37 LONG=-118.37 YEARS= 45. TYPE= 3
 ELEVATION = 4110. TP5 =  .97 TP6= 2.64
 MEAN P    .29   .26   .15   .14   .11   .10   .09   .08   .10   .11   .23   .30
 S DEV P   .49   .43   .26   .24   .15   .14   .12   .09   .13   .16   .30   .49
 SKEW  P  3.28  4.17  3.74  3.56  2.65  2.92  3.23  1.99  2.45  2.83  1.64  2.89
 P(W/W)    .44   .47   .36   .35   .35   .31   .28   .29   .33   .39   .36   .34
 P(W/D)    .08   .07   .07   .05   .06   .04   .05   .04   .05   .03   .06   .07
 TMAX AV 52.79 58.48 63.60 71.89 80.53 90.71 97.38 95.18 87.78 76.84 63.32 54.41
 TMIN AV 21.20 25.94 29.88 36.16 43.69 50.88 56.12 53.70 46.91 37.46 27.78 21.83
 SD TMAX  9.71  9.31  9.52  9.95  9.58  7.90  5.07  5.57  7.69  9.13  9.57  9.53
 SD TMIN  7.33  6.77  6.56  6.22  6.19  5.72  5.23  5.62  5.89  6.24  6.58  6.89
 SOL.RAD  215.  317.  433.  567.  651.  709.  701.  638.  519.  383.  265.  188.
 SD SOL   34.0  31.8  38.0  38.2  41.8  35.0  30.4  71.3  42.1  20.9  23.5  33.7
 MX .5 P   .23   .21   .24   .13   .14   .08   .28   .27   .24   .44   .15   .28
 DEW PT  29.19 32.01 31.27 34.50 37.10 40.42 45.25 45.66 42.51 38.01 33.46 31.19
Time Pk   .714  .801  .830  .868  .877  .887  .895  .909  .913  .933  .964 1.000
% N      15.92 19.34 20.75 17.33 14.99 10.95  7.26  7.01 10.88 13.91 17.99 16.22
MEAN      5.05  5.48  6.18  5.92  5.38  5.05  3.62  3.42  4.46  4.94  5.28  4.96
STD DEV   3.02  3.02  3.21  3.15  2.88  2.77  1.96  1.98  2.77  2.98  3.24  3.05
SKEW       .92   .71   .59   .68   .60   .79  1.05  1.38  1.17   .82   .90   .97
% NNE     5.85  6.88  7.05  6.13  5.86  4.67  2.55  2.63  3.66  4.14  5.61  4.69
MEAN      5.22  5.14  5.69  5.45  4.94  4.72  3.65  3.18  3.92  4.90  5.07  4.99
STD DEV   3.13  2.94  2.95  2.81  2.49  2.50  2.06  1.72  2.27  2.99  3.05  3.15
SKEW       .50   .66   .31   .37   .49   .65  1.44  1.61   .94   .81   .71   .86
% NE      3.15  2.55  3.19  3.22  3.68  3.20  2.51  2.30  2.21  2.01  2.77  2.99
MEAN      3.03  3.24  3.74  3.55  3.78  3.52  2.88  2.84  3.05  2.69  2.86  2.70
STD DEV   1.95  1.98  2.21  2.03  2.13  1.91  1.53  1.13  1.57  1.35  1.55  1.56
SKEW      1.96  1.76  1.22  1.32  1.14  1.20  2.18   .96  1.53  2.35  1.73  2.34
% ENE      .97   .85   .97   .71  1.20  1.07  1.07   .56   .93   .71   .87   .86
MEAN      2.51  2.39  2.63  2.42  2.97  2.87  2.86  2.61  2.40  2.52  2.35  2.18
STD DEV    .98   .95  1.15   .97  1.31  1.34  1.40   .97   .80   .74   .84   .76
SKEW       .93  2.87  1.57  1.00   .74  2.32  2.49  1.58   .73  1.04  1.19  1.64
% E       1.31  1.49  1.14  1.54  1.53  1.92  1.48  1.49  1.45   .96  1.44  1.42
MEAN      2.22  2.08  2.52  2.61  3.12  2.71  3.21  2.73  2.63  2.31  2.24  2.28
STD DEV    .68   .61   .98  1.27  2.01  1.16  1.68  1.20  1.40   .83   .71   .96
SKEW      1.26  1.41  1.18  1.46  2.22  1.59  1.46   .80  1.91   .94   .41  4.25
% ESE      .87   .82   .73  1.13  1.13  1.13  1.20   .97  1.24   .98   .90   .87
MEAN      2.31  2.57  2.77  3.45  3.27  3.36  3.27  2.98  3.26  2.70  2.38  2.62
STD DEV    .75   .91  1.33  1.67  1.81  1.62  1.47  1.30  1.61  1.19   .87   .94
SKEW       .63  1.95  3.00  1.54  1.95  1.30   .69  1.86  1.97  1.00  1.17  1.85
% SE      2.38  2.58  2.89  3.16  3.34  2.97  4.81  5.18  4.33  3.18  2.59  2.21
MEAN      3.06  3.15  4.19  4.33  4.16  4.44  4.73  4.63  4.18  4.14  3.23  2.60
STD DEV   1.99  1.46  2.23  2.38  2.39  2.15  2.17  2.22  1.95  2.23  1.98  1.46
SKEW      1.98  1.20   .91   .83  1.02   .61   .45   .44   .64   .90  2.03  4.70
% SSE     4.59  7.28  8.34  8.24  7.36  7.44 10.92 14.32 11.72 10.17  5.73  4.46
MEAN      3.91  5.15  6.00  5.71  5.82  5.81  5.84  5.68  5.50  5.60  4.72  4.54
STD DEV   2.52  2.74  2.68  2.74  2.57  2.33  2.24  2.07  2.18  2.31  2.54  2.67
SKEW      2.27   .79   .41   .66   .32   .31   .44   .34   .30   .42   .90   .89
% S       9.39 10.68 12.46 12.14 11.57 13.54 16.29 18.25 17.02 15.70 12.14  9.73
MEAN      3.69  4.63  5.62  5.38  5.65  5.58  5.40  5.33  5.16  5.10  4.41  3.95
STD DEV   2.09  2.32  2.71  2.73  2.57  2.53  2.23  2.18  2.16  2.37  2.55  2.36
SKEW      1.69   .85   .57   .89   .46   .57   .39   .34   .47   .83  1.19  1.59
% SSW     2.46  3.93  3.82  4.59  5.37  5.40  6.60  7.06  5.76  4.75  3.51  2.87
MEAN      3.03  3.88  4.19  4.56  4.61  4.30  4.39  4.50  4.12  3.94  3.44  3.32
STD DEV   1.47  1.82  1.87  2.27  2.03  2.06  1.90  1.86  1.77  1.81  1.94  1.82
SKEW      2.00   .89   .68   .83   .39   .74   .60   .64   .69   .91  1.84  1.44
% SW      3.00  2.74  3.70  4.38  5.42  6.41  7.00  6.39  5.49  3.92  2.82  2.93
MEAN      3.01  2.89  3.77  3.88  3.79  3.70  3.57  3.61  3.55  2.97  2.55  2.65
STD DEV   1.84  1.61  2.11  2.20  2.01  2.05  1.63  1.63  1.75  1.43  1.30  1.19
SKEW      1.83  2.53  1.46  1.19  1.44  1.54   .90  1.57  1.33  2.39  5.00  1.91
% WSW     1.50  1.63  2.07  3.07  4.41  4.90  4.28  3.18  3.24  2.19  1.54  1.33
MEAN      2.79  3.12  4.52  4.86  4.54  4.11  3.81  3.85  3.50  3.32  2.90  2.81
STD DEV   1.57  1.65  2.31  2.67  2.49  2.15  1.90  1.98  1.95  1.95  1.49  1.52
SKEW      2.27  1.29   .64   .67   .92  1.06  1.45  1.41  2.98  2.42  1.89  3.14
% W       3.73  3.37  4.18  5.66  6.88  8.11  6.98  4.90  4.11  3.71  3.63  3.59
MEAN      3.17  3.35  4.52  4.85  4.68  4.09  3.85  3.69  3.49  3.11  3.28  3.11
STD DEV   1.49  1.83  2.61  2.79  2.54  2.24  2.11  1.90  2.03  1.59  1.64  1.49
SKEW      1.56  1.66  1.08   .93   .75  1.75  1.12  1.18  1.89  2.10  1.98  1.17
% WNW     6.02  4.57  3.85  3.88  5.05  5.65  4.87  4.18  4.14  3.99  4.43  5.53
MEAN      3.34  3.46  4.33  4.36  4.22  3.74  3.31  3.55  3.46  3.21  3.23  3.29
STD DEV   1.38  1.52  2.21  2.39  2.27  2.00  1.59  1.74  1.87  1.45  1.25  1.30
SKEW       .99  1.80  1.05  1.39  1.26  1.31  1.75  1.36  2.30  2.17  1.06  1.13
% NW     15.64 12.33  9.88 10.50  9.49 10.53 10.57  9.03  9.96 12.24 13.57 15.46
MEAN      3.34  3.48  3.84  3.95  3.70  3.42  3.12  2.82  3.05  3.01  3.28  3.39
STD DEV   1.32  1.55  2.09  2.09  1.94  1.75  1.45  1.12  1.31  1.15  1.40  1.53
SKEW      1.09  1.62  1.74  1.29  1.16  1.48  1.47  1.34  1.55   .98  1.95  1.50
% NNW     9.70 10.40  9.43  8.72  7.39  7.03  5.53  6.20  7.82  9.75  9.92 11.89
MEAN      3.56  4.06  4.61  4.79  4.26  3.98  3.00  2.87  3.33  3.65  3.69  3.67
STD DEV   1.76  2.34  2.52  2.72  2.38  2.18  1.53  1.38  1.83  2.13  1.97  2.00
SKEW      1.51  1.67   .81  1.03  1.01  1.02  1.77  1.90  1.76  1.87  1.51  1.77
CALM     13.57  8.45  5.50  5.58  5.26  5.11  6.04  6.31  6.12  7.82 10.70 13.02
 
INTERPOLATED DATA (station & weighting factor)
 
---Wind Stations---
BISHOP        CA    1.000  TONAPAH       NV     .000  FRESNO        CA     .000
---Solar Radiation and Max .5 P Stations---
 FRESNO, CALIFORNIA  .515   RENO, NEVADA        .264   LAS VEGAS, NEVADA   .221 
---Dewpoint Stations---
CA FRESNO            .498  NV RENO              .273  NV LAS VEGAS         .229 
---Time Peak Stations---
FLORENCE LAKE CA     .378  INDEPENDENCE CA      .316  MONTGOMERY MNTC STN  .306 
