 MONTEREY CA                              45795 0
 LATT=  36.60 LONG=-121.92 YEARS= 44. TYPE= 1
 ELEVATION =  260. TP5 = 1.14 TP6= 3.58
 MEAN P    .38   .30   .30   .24   .10   .06   .03   .04   .12   .21   .32   .33
 S DEV P   .41   .31   .36   .30   .15   .10   .05   .07   .26   .32   .39   .43
 SKEW  P  1.65  1.67  1.98  2.37  4.65  5.90  4.69  3.86  4.05  2.09  1.94  3.30
 P(W/W)    .60   .60   .56   .48   .32   .27   .25   .21   .25   .35   .51   .58
 P(W/D)    .19   .20   .21   .13   .10   .08   .05   .07   .07   .10   .15   .17
 TMAX AV 59.77 61.65 61.66 63.55 64.44 66.84 67.93 69.09 71.88 70.43 65.58 60.69
 TMIN AV 42.68 44.29 44.74 45.58 47.69 50.13 51.70 52.68 52.82 50.81 47.04 43.41
 SD TMAX  6.06  5.94  5.75  6.76  6.48  6.69  5.89  5.55  7.49  7.69  6.90  6.35
 SD TMIN  5.42  4.75  3.99  3.59  2.88  2.77  2.53  2.44  3.21  4.31  4.40  5.11
 SOL.RAD  164.  266.  382.  540.  615.  677.  676.  610.  475.  343.  235.  139.
 SD SOL   49.2  47.2  53.1  45.5  51.9  44.2  37.7  81.4  54.0  32.8  32.1  48.2
 MX .5 P   .45   .39   .34   .31   .07   .08   .10   .11   .17   .57   .41   .38
 DEW PT  40.66 42.00 42.66 46.00 47.34 50.34 52.69 53.34 53.00 49.66 44.97 41.97
Time Pk   .798  .858  .888  .901  .909  .914  .925  .929  .938  .955  .972 1.000
% N       4.64  4.85  5.14  4.93  3.99  5.42  6.96  7.72  7.54  7.84  5.27  4.65
MEAN      2.36  2.58  3.02  3.11  3.14  2.90  3.25  3.36  2.81  2.74  2.19  2.39
STD DEV   1.38  1.25  1.47  1.68  1.65  1.58  1.74  1.74  1.45  1.42  1.11  1.37
SKEW      1.93   .73   .70   .73   .75   .94   .68   .46   .71   .87   .74   .89
% NNE     1.87  1.35  1.36  1.11  1.06  1.16  1.67  1.83  2.43  1.76  1.55  1.75
MEAN      2.64  2.26  2.46  2.72  2.65  2.50  2.50  2.62  2.43  2.24  2.09  2.44
STD DEV   1.46   .81  1.14  1.17  1.01   .96  1.25  1.31  1.17   .99   .86  1.14
SKEW      1.92   .05   .69   .17   .24  -.01   .25   .50   .48   .60   .35   .56
% NE      1.52  1.28   .75   .70  1.01   .70  1.01  1.16  1.17  1.21  1.02  1.63
MEAN      2.56  2.67  2.18  2.55  2.36  2.29  2.13  2.53  1.97  1.94  2.04  2.44
STD DEV   1.40  1.20  1.10  1.29  1.04  1.26  1.21  1.27   .94   .92  1.09  1.33
SKEW       .80   .24   .80   .32   .48   .48   .70   .22   .53   .48  1.00   .78
% ENE     1.85  1.58   .80   .50   .50   .50   .65   .95  1.06   .91  1.31  1.87
MEAN      2.93  2.70  2.43  2.62  2.50  2.28  2.30  1.98  1.91  2.12  2.33  2.85
STD DEV   1.29  1.40  1.18  1.54  1.17   .92  1.21   .96   .93  1.09  1.14  1.67
SKEW       .24   .64   .69  1.04   .83   .13   .61   .46   .71   .89   .52   .84
% E       8.14  6.07  4.60  2.67  1.59  1.39  1.68  1.84  3.20  4.94  6.90  8.87
MEAN      2.59  2.48  2.45  2.09  2.21  2.09  1.51  1.64  1.86  1.94  2.16  2.46
STD DEV   1.25  1.27  1.14  1.02  1.26  1.02   .80   .79  1.06   .99  1.09  1.22
SKEW       .77   .96   .81   .84  1.28   .76  1.31   .93  1.42   .97   .73   .76
% ESE    10.51  7.84  5.03  2.93  1.89   .94   .75  1.24  3.02  5.46  7.80 10.51
MEAN      2.57  2.41  2.48  2.36  2.38  1.97  2.06  1.71  1.98  2.11  2.19  2.35
STD DEV   1.28  1.17  1.21  1.19  1.31  1.01   .88   .87   .92   .99  1.04  1.15
SKEW       .92  1.38  1.10  1.33  2.05  1.30   .32   .89   .81   .65   .80   .98
% SE      8.08  6.86  4.55  2.65  1.24   .95   .60  1.24  2.17  3.96  6.48  6.94
MEAN      2.65  2.73  2.53  2.56  2.02  2.43  1.87  2.00  2.06  2.13  2.41  2.38
STD DEV   1.48  1.46  1.17  1.41   .84  1.43   .86   .87  1.01  1.01  1.25  1.23
SKEW      1.56  1.21   .80   .74   .39  1.01   .57   .39   .70   .62  1.00  1.11
% SSE     4.24  4.22  3.89  2.51   .80   .35   .30   .65  1.47  2.49  3.97  4.43
MEAN      2.67  2.90  2.66  3.03  1.92  1.95  1.83  2.37  2.35  2.19  2.47  2.47
STD DEV   1.63  1.68  1.52  1.94   .87   .99   .95  1.80  1.37  1.05  1.23  1.43
SKEW      1.55  1.06  1.55   .95   .62   .48   .89  1.78  1.55   .69   .98  1.09
% S       5.28  5.65  5.54  4.15  2.03   .99   .84  1.15  2.23  3.00  4.66  4.73
MEAN      3.54  3.15  2.99  3.12  2.03  1.94  1.70  1.88  2.08  2.46  2.85  3.17
STD DEV   2.48  2.12  1.99  2.08   .95  1.04   .79  1.02  1.06  1.76  1.75  2.07
SKEW       .93  1.34  1.59  1.49   .76  1.20   .90  1.27   .86  1.75  1.23  1.01
% SSW     4.14  4.00  4.88  5.34  3.17  3.15  1.38  2.47  3.38  3.85  3.33  3.33
MEAN      4.06  3.52  3.09  3.00  2.81  2.40  2.19  2.22  2.33  2.91  3.06  3.24
STD DEV   2.58  2.42  2.02  1.83  1.88  1.06  1.07  1.13  1.19  1.79  2.00  1.89
SKEW       .68  1.35  1.56  1.52  2.57   .74   .97  1.15  1.10   .99   .99   .61
% SW      4.15  4.28  5.70  6.29  6.34  6.35  5.62  5.14  4.83  3.33  3.45  3.01
MEAN      3.76  3.42  3.00  2.99  3.21  2.98  2.71  2.89  2.60  2.75  2.69  3.26
STD DEV   2.50  2.10  1.72  1.73  1.86  1.51  1.33  1.62  1.27  1.72  1.60  2.16
SKEW       .76  1.00  1.05  1.46  1.50  1.12  1.12  1.14  1.10  1.27  1.02  1.14
% WSW     3.11  4.40  5.59  7.81  9.45 11.68 11.20 10.14  8.50  5.62  3.75  3.31
MEAN      3.08  3.45  3.37  3.34  3.31  3.59  3.15  3.16  3.15  2.94  2.87  2.95
STD DEV   2.14  2.10  1.95  1.71  1.56  1.76  1.38  1.60  1.61  1.63  1.70  1.87
SKEW      1.56  1.29  1.66  1.18   .77  1.28   .70  1.10   .84  1.04  1.12  1.04
% W       4.41  6.50  9.11 11.99 19.79 21.53 18.52 14.74 12.48  7.32  6.18  4.55
MEAN      2.36  3.23  3.36  3.65  3.85  3.80  3.55  3.44  3.47  3.17  2.92  2.68
STD DEV   1.34  1.77  1.70  1.78  1.70  1.67  1.59  1.62  1.63  1.64  1.64  1.75
SKEW       .98   .80   .74   .85   .75   .55   .49   .53   .53   .71   .86  1.17
% WNW     4.32  6.44  9.39 11.95 16.07 14.14 13.04 11.72 10.05  7.76  4.90  4.44
MEAN      2.50  3.48  3.91  4.24  4.29  4.00  3.66  3.53  3.45  3.16  2.69  2.90
STD DEV   1.25  1.69  1.78  1.97  1.77  1.53  1.56  1.47  1.42  1.55  1.46  1.92
SKEW      1.07   .64   .45   .67   .40   .26   .33   .23   .20   .78  1.02  1.65
% NW      5.72  8.72 11.64 12.89 12.96 11.08 11.90 12.19  9.58  8.66  6.77  5.21
MEAN      2.77  3.75  4.07  4.08  4.20  3.79  3.66  3.57  3.32  3.24  2.83  3.22
STD DEV   1.65  1.81  1.83  1.78  1.75  1.54  1.50  1.51  1.46  1.57  1.53  2.07
SKEW      1.22   .65   .70   .52   .71   .21   .13   .08   .27   .83   .90  1.28
% NNW     6.62  8.80  9.79 11.15  9.69 11.04 13.19 13.39 11.11 10.80  7.76  6.20
MEAN      2.81  3.81  3.89  4.12  3.95  3.78  3.87  3.54  3.22  3.03  2.75  2.86
STD DEV   1.48  1.84  1.59  1.73  1.58  1.55  1.65  1.63  1.41  1.56  1.43  1.64
SKEW      1.05  1.00   .43   .35   .31   .26   .21   .27   .30  1.05   .90  1.11
CALM     21.37 17.20 12.11 10.54  8.42  8.52 10.65 12.36 15.93 21.19 24.85 24.78
 
INTERPOLATED DATA (station & weighting factor)
 
---Wind Stations---
MONTEREY      CA    1.000  FORT ORD      CA     .000  SAN FRANCISCO CA     .000
---Solar Radiation and Max .5 P Stations---
 SAN FRANCISCO, CAL  .587   FRESNO, CALIFORNIA  .413                            
---Dewpoint Stations---
CA SAN FRANCISCO     .656  CA SANTA MARIA       .344                            
---Time Peak Stations---
DEL MONTE CA         .886  SUNSET STATE BEACH   .114                            
