 SOUTH ENTRANGE YNP CA                    48380 0
 LATT=  37.50 LONG=-119.50 YEARS= 45. TYPE= 2
 ELEVATION = 5140. TP5 =  .97 TP6= 2.70
 MEAN P    .94   .90   .71   .55   .30   .26   .14   .12   .32   .50   .80   .88
 S DEV P  1.23  1.12   .80   .81   .40   .35   .21   .14   .50   .67   .99  1.17
 SKEW  P  3.19  1.95  2.25  3.82  3.92  2.14  3.28  1.48  2.97  2.04  2.33  2.87
 P(W/W)    .58   .61   .56   .53   .47   .34   .34   .19   .46   .45   .55   .55
 P(W/D)    .15   .14   .19   .14   .09   .05   .02   .02   .05   .08   .12   .14
 TMAX AV 46.84 49.17 50.03 56.99 65.42 74.66 82.69 81.64 75.96 66.84 55.12 49.09
 TMIN AV 25.45 26.55 27.53 31.38 37.35 44.13 49.72 48.76 44.74 37.73 30.47 26.52
 SD TMAX  8.93  9.49  9.35 10.66 10.63  9.59  6.84  6.69  8.79  9.73 10.40  9.99
 SD TMIN  6.91  6.38  5.55  5.50  6.27  6.21  5.20  5.35  6.09  6.45  6.10  6.81
 SOL.RAD  204.  302.  425.  551.  639.  699.  698.  639.  537.  385.  252.  175.
 SD SOL   38.6  37.4  41.2  43.5  45.4  38.0  31.1  69.6  36.8  21.1  28.4  38.8
 MX .5 P   .25   .20   .25   .14   .13   .08   .07   .16   .20   .54   .18   .31
 DEW PT  33.95 36.96 36.74 39.74 41.65 45.31 48.31 48.64 47.19 42.41 38.18 35.74
Time Pk   .810  .873  .892  .909  .914  .918  .924  .933  .947  .955  .977 1.000
% N       8.00 10.12 12.76 12.45 11.09  9.34  8.05  7.91  9.40  9.29  9.27  8.02
MEAN      3.94  4.30  4.73  4.63  4.50  4.39  3.71  3.68  4.02  4.30  4.08  4.15
STD DEV   2.17  2.24  2.46  2.34  2.16  2.00  1.55  1.64  1.99  2.31  2.34  2.54
SKEW      1.05   .96   .94   .88   .77   .74   .55   .78  1.00  1.06   .96  1.23
% NNE     2.78  3.37  3.66  3.24  3.04  2.45  1.60  1.68  2.27  2.16  2.65  2.33
MEAN      3.57  3.55  3.84  3.83  3.61  3.65  3.36  3.16  3.17  3.45  3.40  3.54
STD DEV   1.82  1.83  1.89  1.86  1.65  1.67  1.50  1.36  1.47  1.74  1.70  2.10
SKEW       .72   .79  1.17   .78   .97   .59   .51   .88   .70   .84   .87  1.38
% NE      1.87  1.81  2.12  2.01  1.87  1.51  1.36  1.36  1.59  1.54  1.68  1.81
MEAN      2.72  2.74  3.00  3.14  3.08  2.77  2.86  2.29  2.65  2.44  2.47  2.58
STD DEV   1.38  1.30  1.52  1.48  1.43  1.17   .71   .85  1.02  1.05  1.08  1.17
SKEW      1.61  1.23  1.13   .82  1.03   .50  1.03   .86   .63  1.81  1.20  1.42
% ENE      .96  1.05  1.04   .86   .78   .56   .59   .40   .74   .67   .93   .94
MEAN      2.52  2.52  2.61  2.92  2.67  2.96  2.62  2.02  2.35  2.34  2.36  2.27
STD DEV    .94  1.01  1.05  1.56  1.11  1.01   .66   .53   .81   .65   .97   .77
SKEW       .64  1.56  1.01  1.14   .94  1.02  1.07  -.44   .50   .32  1.28   .90
% E       2.54  2.58  1.93  1.71  1.01   .86   .67   .75  1.10  1.40  2.25  2.61
MEAN      2.59  2.49  2.64  2.91  2.85  2.51  2.44  2.03  2.34  2.50  2.37  2.55
STD DEV   1.05   .94  1.06  1.51  1.45   .96  1.01   .59   .96  1.04   .93  1.05
SKEW      1.39  1.20  1.02  1.48  1.70   .81   .80  -.62  1.25  1.12   .87  2.46
% ESE     4.42  4.20  2.71  1.67   .86   .59   .48   .48   .88  1.52  3.30  4.61
MEAN      3.23  3.43  3.24  3.42  3.17  3.54  2.49  2.60  2.81  2.93  3.11  3.35
STD DEV   1.61  1.59  1.72  1.73  1.46  1.49   .90   .91  1.15  1.43  1.54  1.63
SKEW      1.09  1.32  2.14  1.45  1.06   .91   .25   .75   .98  1.42  1.36  1.41
% SE     10.34  7.22  5.54  3.39  1.88  1.31  1.82  2.00  2.29  3.08  6.51  9.70
MEAN      4.15  3.94  4.59  4.35  3.81  3.65  3.54  3.41  3.86  3.76  3.99  3.80
STD DEV   2.46  2.06  2.50  2.42  2.00  1.70  1.01  1.52  1.99  1.92  2.37  2.12
SKEW      1.44  1.17   .89  1.01  1.39   .60   .29   .64   .88  1.15  1.53  2.40
% SSE     7.29  6.23  5.56  4.58  3.19  2.95  4.01  5.31  4.62  5.00  5.39  6.48
MEAN      4.40  4.64  5.22  4.99  4.18  4.38  3.30  4.13  3.98  4.63  4.38  4.30
STD DEV   2.70  2.52  2.63  2.64  1.82  1.86  1.05  1.44  1.74  2.41  2.50  2.40
SKEW      1.63   .97   .72   .96   .91   .68   .16   .44  1.16  1.10  1.16  1.05
% S       6.73  6.39  6.39  5.78  4.89  5.21  6.04  6.79  6.70  6.82  6.84  6.79
MEAN      3.39  3.59  4.40  3.99  3.94  3.87  3.69  3.58  3.72  3.68  3.55  3.32
STD DEV   1.82  1.73  2.42  1.94  1.59  1.60  1.50  1.38  1.59  1.65  1.94  1.77
SKEW      1.80  1.18  1.17   .98   .63   .67   .62   .57   .88  1.07  1.47  1.49
% SSW     1.87  2.36  2.24  2.43  2.52  2.26  2.50  2.75  2.51  2.24  2.24  2.03
MEAN      2.84  3.10  3.51  3.58  3.60  3.38  3.18  3.33  3.11  3.02  2.81  2.81
STD DEV   1.24  1.49  1.53  1.75  1.44  1.49  1.07  1.19  1.21  1.20  1.40  1.33
SKEW      1.31  1.53   .79   .88   .44   .88   .61   .48   .59  1.10  1.43  1.09
% SW      2.17  2.18  2.72  2.74  3.07  3.18  2.81  2.78  2.73  2.34  2.17  2.12
MEAN      2.82  2.88  3.42  3.42  3.74  3.60  2.79  3.36  2.95  2.78  2.67  2.74
STD DEV   1.37  1.47  1.69  1.74  1.76  1.69  1.15  1.45  1.30  1.20  1.37  1.26
SKEW      1.24  1.95  1.16  1.20  1.17  1.05   .79  1.00  1.11  1.49  2.86  1.47
% WSW     1.67  1.89  2.75  3.18  4.23  4.17  2.85  2.80  2.63  1.95  1.76  1.36
MEAN      2.88  3.04  3.85  4.21  4.30  4.17  3.74  3.75  3.30  3.12  2.84  2.82
STD DEV   1.41  1.54  1.81  2.04  2.07  1.86  1.58  1.72  1.55  1.64  1.30  1.41
SKEW      1.67  1.46   .78   .68   .92   .78   .85   .92  1.58  1.87  1.26  1.99
% W       3.73  4.40  5.93  7.86 10.13 11.18  9.28  9.12  7.53  6.12  4.43  3.37
MEAN      2.91  3.15  3.85  4.10  4.28  4.04  3.74  3.72  3.33  3.05  2.95  2.80
STD DEV   1.24  1.56  1.91  2.07  1.97  1.81  1.58  1.63  1.55  1.42  1.38  1.17
SKEW      1.10  1.38  1.01   .93   .73   .97   .65  1.16  1.14  1.36  1.52   .96
% WNW     4.59  4.73  5.74  7.41 10.08 11.52 13.78 12.56 10.18  7.14  4.65  4.13
MEAN      3.49  3.57  4.13  4.10  4.23  4.08  3.87  3.86  3.68  3.62  3.35  3.30
STD DEV   1.56  1.66  1.99  1.92  1.87  1.70  1.47  1.52  1.53  1.62  1.42  1.41
SKEW       .98  1.42  1.09  1.01   .95   .90   .93   .84  1.09  1.75  1.07  1.06
% NW     10.08 10.55 11.41 14.65 18.88 21.73 23.80 21.68 19.45 16.59 10.71  9.75
MEAN      3.93  4.14  4.39  4.42  4.38  4.34  3.97  3.74  3.78  3.82  3.74  3.83
STD DEV   1.76  2.07  2.17  2.08  1.86  1.78  1.50  1.34  1.47  1.63  1.76  1.92
SKEW      1.00  1.38  1.25  1.04   .76   .88   .73   .71   .96  1.01  1.30  1.42
% NNW     7.09  8.63 11.71 14.36 15.05 15.51 15.00 14.42 13.80 12.47  7.80  7.38
MEAN      4.37  4.71  4.87  4.85  4.67  4.48  3.88  3.76  3.99  4.32  4.02  4.23
STD DEV   2.30  2.68  2.52  2.42  2.14  1.93  1.50  1.48  1.71  2.16  1.99  2.25
SKEW      1.33  1.30   .85   .98   .75   .79   .84  1.05  1.02  1.23  1.13  1.43
CALM     23.91 22.27 15.74 11.66  7.37  5.65  5.34  7.15 11.61 19.68 27.46 26.58
 
INTERPOLATED DATA (station & weighting factor)
 
---Wind Stations---
MERCED/CASTLE CA     .409  BISHOP        CA     .362  STOCKTON      CA     .229
---Solar Radiation and Max .5 P Stations---
 FRESNO, CALIFORNIA  .578   RENO, NEVADA        .216   BAKERSFIELD, CALIF  .206 
---Dewpoint Stations---
CA FRESNO            .561  NV RENO              .225  CA BAKERSFIELD       .214 
---Time Peak Stations---
WAWONA R S CA        .668  HUNTINGTON LAKE CA   .249  MONTGOMERY MNTC STN  .083 
