 LAGUNA BEACH CA                          44647 0
 LATT=  33.53 LONG=-117.78 YEARS= 65. TYPE= 1
 ELEVATION =   60. TP5 = 1.18 TP6= 3.17
 MEAN P    .40   .41   .39   .30   .15   .10   .06   .18   .24   .21   .37   .39
 S DEV P   .51   .51   .47   .34   .23   .18   .07   .33   .37   .29   .48   .51
 SKEW  P  2.63  2.37  2.28  1.91  3.16  3.29  2.51  4.00  2.79  2.14  2.29  2.39
 P(W/W)    .50   .53   .42   .37   .26   .14   .17   .37   .31   .31   .38   .45
 P(W/D)    .11   .12   .12   .07   .04   .03   .01   .01   .03   .05   .08   .10
 TMAX AV 64.73 65.79 66.43 68.51 70.23 72.26 75.98 77.51 76.98 74.28 70.37 65.89
 TMIN AV 42.73 43.96 45.27 48.23 52.63 55.75 59.29 59.59 57.89 53.52 47.43 43.33
 SD TMAX  6.05  6.03  5.53  5.66  4.93  4.45  4.36  4.22  5.78  6.27  6.13  5.66
 SD TMIN  6.44  6.39  5.89  5.56  5.23  4.67  4.88  5.14  5.38  5.84  6.57  6.83
 SOL.RAD  233.  303.  413.  490.  552.  564.  565.  528.  464.  352.  268.  207.
 SD SOL   38.7  45.9  51.0  66.0  72.5  79.9  73.4 126.1  62.2  40.2  33.2  38.1
 MX .5 P   .52   .32   .33   .25   .28   .05   .05   .27   .19   .31   .32   .48
 DEW PT  36.68 39.50 41.67 46.00 48.00 52.08 55.00 56.41 54.83 50.17 42.83 39.75
Time Pk   .654  .740  .806  .842  .852  .865  .884  .910  .921  .937  .957 1.000
% N       3.26  2.33  2.02   .87   .75   .64   .88   .88  1.34  2.59  2.86  3.47
MEAN      2.47  2.59  3.16  4.63  3.04  2.54  2.39  1.69  2.14  3.14  2.47  2.69
STD DEV   1.44  1.62  2.15   .96   .64   .32   .44   .39  1.02  2.17  1.29  1.44
SKEW      1.42  1.31  1.25   .65   .64   .30   .53   .44  1.48  1.54  1.13   .93
% NNE     3.20  2.46  1.70   .93   .46   .40   .31   .32   .48  2.34  2.35  3.74
MEAN      2.97  3.90  3.63  3.03  2.93  2.75  1.79  2.17  1.70  3.09  4.56  4.40
STD DEV   2.04  3.23  2.74  2.45  1.03  1.12   .49   .73   .36  2.13  2.90  2.94
SKEW      1.43  1.10  1.40  1.58   .23   .76   .38   .81   .21  1.53   .84   .83
% NE      6.43  4.45  3.71  2.19  1.59   .96   .87   .78  1.92  3.44  5.67  6.92
MEAN      3.99  3.32  3.36  2.95  2.38  1.82  3.89   .98  3.19  3.62  4.35  3.94
STD DEV   2.69  2.52  2.42  2.12  1.48   .60   .40   .39  2.46  2.57  2.78  2.89
SKEW       .97  1.34  1.45  1.79  1.87   .77   .39   .58  1.13  1.13   .83  1.48
% ENE     6.16  3.87  3.47  2.01  1.18   .96   .50   .76  1.32  2.87  4.64  6.47
MEAN      4.06  3.69  3.46  2.88  2.96  2.06  3.81  2.96  3.70  3.23  4.03  4.48
STD DEV   2.95  2.73  2.59  1.88  1.74   .59   .41  3.27  2.72  2.25  3.02  3.35
SKEW      1.36  1.49  1.95  1.70   .87   .29   .24  1.32  1.09  1.89  1.46  1.34
% E       7.71  6.59  5.30  4.70  2.92  2.38  1.55  2.01  2.54  3.97  6.78  6.85
MEAN      2.95  2.79  2.60  2.32  2.17  2.22  1.99  2.07  2.14  2.50  3.12  3.00
STD DEV   1.73  1.68  1.43   .92   .97  1.00   .66   .78  1.37  1.22  2.04  1.88
SKEW      1.52  1.91  1.96   .90  1.00  1.21   .65   .75  1.98  1.75  2.03  1.98
% ESE     4.29  4.37  4.45  3.39  3.00  2.14  1.55  1.70  1.97  3.05  3.95  4.43
MEAN      3.02  3.04  2.79  2.73  2.56  2.51  2.24  2.19  2.30  2.64  2.77  2.75
STD DEV   1.43  1.55  1.25  1.15   .99   .82   .75   .79   .90  1.19  1.20  1.07
SKEW      1.49  1.25  1.45   .63   .79   .63   .89   .96   .89  1.22   .88   .84
% SE      3.31  3.74  3.66  4.25  3.55  3.62  2.45  1.99  2.12  2.53  3.60  3.65
MEAN      3.28  3.34  2.94  3.12  2.75  2.80  2.77  2.34  2.78  2.64  3.07  3.11
STD DEV   1.83  1.86  1.59  1.65  1.07  1.45  1.21   .94  1.15  1.20  1.61  1.66
SKEW      1.40  1.32  1.84  1.50   .51  1.47   .67  1.02   .74  1.13  1.16  1.23
% SSE     2.82  3.99  3.74  3.42  2.87  3.78  2.16  1.83  1.83  1.95  2.69  2.39
MEAN      3.54  3.72  3.13  3.63  2.93  3.08  2.72  2.41  2.56  2.67  3.07  3.41
STD DEV   2.12  2.25  1.79  1.92  1.33  1.43  1.21  1.02  1.29  1.16  1.65  1.99
SKEW      1.46  1.43  1.73  1.12  1.12  1.09   .64   .81  1.30  1.09  1.45  1.30
% S       6.87  7.90  8.46  9.03 11.54 12.08  9.30  7.38  6.95  5.09  5.63  4.60
MEAN      3.70  3.87  3.63  3.91  3.71  3.64  3.31  3.28  3.28  3.12  3.17  3.50
STD DEV   2.01  2.43  1.85  1.86  1.71  1.56  1.56  1.54  1.45  1.49  1.55  1.88
SKEW      1.25  1.21   .90   .65   .84   .49   .68   .62   .81   .76   .94   .95
% SSW     5.06  6.43  8.47  9.61 12.79 12.84 13.97 11.78  8.26  6.81  5.01  3.59
MEAN      3.40  3.78  4.04  4.37  4.35  4.07  4.01  3.89  3.81  3.90  3.68  3.28
STD DEV   1.38  1.93  1.64  1.81  1.62  1.58  1.59  1.58  1.61  1.59  1.48  1.34
SKEW       .89  2.41   .35   .63   .41   .25   .23   .34   .43   .24   .61   .68
% SW      7.59  9.84 12.17 15.61 19.62 19.23 19.94 20.35 18.46 13.57  9.25  7.75
MEAN      3.67  3.84  4.28  4.47  4.49  4.39  4.29  4.24  4.05  4.01  3.68  3.54
STD DEV   1.57  1.59  1.66  1.82  1.64  1.58  1.54  1.46  1.94  1.52  1.38  1.40
SKEW       .95   .76   .35   .42   .18   .04   .13   .03  1.86   .25   .23  1.02
% WSW     7.10  9.58 12.32 14.99 14.55 14.97 15.65 17.92 17.07 13.81 10.62  7.54
MEAN      3.62  3.87  4.51  4.87  4.61  4.38  4.26  4.19  4.16  4.15  3.83  3.67
STD DEV   1.50  1.65  1.92  2.08  1.80  1.61  1.55  1.51  1.54  1.55  1.58  1.66
SKEW      1.01   .87   .75   .78   .32   .21  -.04   .07   .28   .39   .79   .82
% W       6.72  6.78  7.14  8.38  6.42  7.06  7.78  7.41  8.35  8.82  7.27  6.73
MEAN      3.25  3.77  4.33  4.78  3.82  3.62  3.46  3.62  3.43  3.67  3.79  3.75
STD DEV   1.70  2.03  2.10  2.53  1.78  1.50  1.41  1.54  1.55  1.77  2.05  1.99
SKEW      1.29  1.09   .70   .80   .60   .51   .75   .49   .59   .74  1.14  1.14
% WNW     1.90  1.70  1.94  2.23  1.77  1.78  2.61  2.20  2.82  2.62  2.62  2.38
MEAN      2.83  3.03  3.61  3.57  3.29  3.05  3.10  2.85  2.84  3.25  3.13  3.68
STD DEV   1.26  1.71  1.34  1.80  1.24   .86  1.20  1.15  1.25  1.53  1.78  2.30
SKEW       .78  1.27   .50   .87   .74   .38   .17   .38   .69  1.09  1.86  1.34
% NW      1.98  1.79  1.83  1.61  1.62  1.78  2.44  2.69  2.49  2.69  2.47  2.20
MEAN      3.02  3.34  3.60  3.25  3.36  2.34  2.31  2.32  2.52  3.03  2.73  3.59
STD DEV   1.61  2.62  2.18  2.08   .89   .95   .65   .92  1.10  1.94  1.51  2.33
SKEW      1.11  1.62  1.06  1.43   .63   .89   .39   .64  1.14  1.70  1.03  1.58
% NNW     1.39  1.27  1.21   .59   .59   .47   .91   .74  1.03  1.16  1.63  1.88
MEAN      2.28  2.89  3.10  2.39  2.26  1.55  2.08  1.30  2.45  2.42  2.72  3.45
STD DEV    .99  1.65  1.96   .62   .89   .52   .54   .72   .99   .94  1.60  1.94
SKEW      1.23  -.26  1.52   .56   .97   .54   .66  1.17   .76   .84  1.59  1.25
CALM     24.21 23.04 18.35 16.11 14.83 14.83 17.06 19.17 21.01 22.69 22.95 25.42
 
INTERPOLATED DATA (station & weighting factor)
 
---Wind Stations---
SANTA ANA     CA     .374  SANTA ANA     CA     .374  LOS ALAMITOS  CA     .252
---Solar Radiation and Max .5 P Stations---
 SAN DIEGO, CALIFOR  .621   BAKERSFIELD, CALIF  .275   SAN FRANCISCO, CAL  .104 
---Dewpoint Stations---
CA LONG BEACH        .579  CA SAN DIEGO         .254  CA SANDBERG          .167 
---Time Peak Stations---
LAGUNA BEACH 2 CA    .919  SIGNAL HILL FC 415   .044  OCEANSIDE PMPING ST  .038 
