 FORT BRAGG CA                            43161 0
 LATT=  39.45 LONG=-123.80 YEARS= 45. TYPE= 2
 ELEVATION =   80. TP5 = 1.13 TP6= 4.83
 MEAN P    .46   .41   .39   .28   .16   .10   .04   .08   .13   .30   .40   .43
 S DEV P   .58   .51   .48   .38   .28   .17   .09   .21   .27   .50   .51   .54
 SKEW  P  2.27  2.12  2.14  2.70  5.52  3.61  5.28  5.80  3.45  3.13  2.15  2.21
 P(W/W)    .71   .73   .69   .60   .58   .35   .27   .37   .44   .54   .67   .73
 P(W/D)    .26   .25   .25   .17   .11   .09   .06   .11   .12   .20   .27   .26
 TMAX AV 55.42 56.82 57.50 59.12 61.29 63.59 64.46 64.87 65.78 63.69 59.85 55.94
 TMIN AV 39.45 40.87 41.64 43.07 45.66 48.40 49.31 49.84 49.33 46.91 43.57 40.28
 SD TMAX  4.47  4.55  4.18  4.18  3.99  3.95  3.82  4.01  4.97  5.29  4.70  4.39
 SD TMIN  6.30  5.97  4.84  4.13  3.88  3.24  2.81  3.20  3.80  4.56  5.71  6.30
 SOL.RAD  149.  249.  348.  512.  596.  669.  689.  609.  452.  308.  194.  109.
 SD SOL   44.0  43.3  55.9  48.9  54.5  45.2  31.8  70.9  55.3  35.5  35.6  47.7
 MX .5 P   .54   .69   .30   .27   .15   .18   .11   .16   .33   .42   .53   .48
 DEW PT  41.00 40.78 41.17 44.78 47.61 50.00 52.00 53.00 53.00 49.39 47.22 43.00
Time Pk   .837  .887  .905  .921  .930  .935  .943  .954  .963  .970  .983 1.000
% N       5.57  5.00  4.51  6.02  5.58  7.78  4.93  5.29  5.45  5.57  4.81  5.51
MEAN      2.41  2.33  3.13  4.06  3.03  3.86  3.38  3.36  3.49  3.07  2.60  2.25
STD DEV   1.61  1.23  1.77  2.31  1.20  1.88  1.39  1.49  1.82  1.79  1.69  1.23
SKEW      1.44  1.23   .85   .71   .50   .30   .34   .72   .47   .79   .89  1.16
% NNE      .82  1.63  2.21  2.15  2.71  3.59  2.59  2.61  2.05  1.68  1.14   .81
MEAN      1.47  2.22  2.65  2.17  2.53  2.73  2.66  2.56  2.27  2.07  1.82  1.46
STD DEV    .58   .98  1.15  1.18  1.00  1.07  1.07  1.17  1.11  1.06   .90   .72
SKEW       .39   .50   .67   .53   .22   .06   .22   .40   .26   .44   .37   .55
% NE      1.51  1.85  1.41  1.42  1.89  1.69  1.70  1.91  2.04  2.12  1.61  1.20
MEAN      1.68  1.99  2.04  2.34  2.27  2.38  2.20  2.27  2.40  2.85  1.97  2.00
STD DEV    .77  1.05   .83  1.13  1.01   .90   .85   .92  1.30  2.00  1.03   .90
SKEW       .88  1.41   .46   .69  1.01   .31   .46   .39   .66  1.01   .98   .55
% ENE      .40   .57   .80   .61   .77   .86  1.24  1.05   .90   .59   .52   .49
MEAN      1.35  1.43  1.77  1.59  1.70  1.65  1.70  1.61  1.58  1.23  1.28  1.27
STD DEV    .69   .44   .62   .69   .76   .58   .74   .76   .83   .48   .50   .52
SKEW       .62   .40   .28   .33   .54   .28   .44   .60  1.01   .36   .24   .29
% E       1.65  2.17  1.65  1.33  1.39  1.68  2.34  3.13  2.33  1.57  2.88  3.68
MEAN      2.04  2.02  2.42  1.89  2.04  2.07  2.07  2.01  1.96  1.88  2.03  2.45
STD DEV   1.22  1.10  1.78   .85  1.00   .81   .93   .77   .91  1.30  1.14  1.59
SKEW       .78  1.10  1.51  1.05  1.08   .34  1.45  1.41   .82  1.02   .62   .51
% ESE     1.07   .99  1.04   .96  1.03  1.35  2.33  1.84  1.42  1.13   .94   .99
MEAN      2.02  2.38  2.72  2.51  1.84  1.82  2.00  1.93  1.81  1.72  1.88  1.67
STD DEV   1.15  1.05   .77   .90   .91   .76   .90   .83   .81   .87  1.47   .84
SKEW       .40   .74   .53   .71   .64   .52   .49   .49   .71   .48  1.23   .43
% SE      7.67  7.95  5.98  5.95  4.73  5.67  6.57  5.83  5.58  5.90  6.32  9.80
MEAN      3.51  3.66  3.99  3.65  3.53  3.46  3.60  3.56  3.39  3.61  3.85  3.61
STD DEV   1.68  1.72  2.09  1.73  1.81  1.60  1.87  1.81  1.80  2.00  2.25  1.84
SKEW       .40   .57   .62   .33   .58   .51   .60   .59   .81   .61   .74   .67
% SSE     8.48  9.40  7.15  6.38  5.42  4.60  5.94  5.14  4.52  5.07  5.40  6.12
MEAN      3.04  4.09  4.20  3.99  2.86  2.68  2.71  2.68  2.72  2.82  3.12  2.96
STD DEV   1.32  1.83  2.04  1.30  1.25  1.21  1.22  1.30  1.32  1.29  1.44  1.42
SKEW       .34   .41   .43   .20   .30   .51   .46   .53   .45   .34   .34   .50
% S       9.24 11.46 10.41 12.05 17.59 14.12 18.66 19.55 14.94 12.48  9.14 10.13
MEAN      3.13  3.36  3.45  3.34  3.37  3.30  3.30  3.28  3.18  3.39  3.55  3.42
STD DEV   1.52  1.59  1.66  1.61  1.52  1.47  1.29  1.46  1.61  1.70  1.89  1.81
SKEW       .87   .87   .65   .42   .25   .30   .06   .33   .65   .85   .95   .71
% SSW     1.21  1.59  1.25  1.55  1.14  1.05  1.21   .96  1.04   .95   .74  1.06
MEAN      1.74  2.97  3.06  3.39  2.21  1.89  2.08  2.08  1.91  1.83  1.64  1.72
STD DEV    .73  1.60   .78  1.04  1.04   .86   .89   .95   .92   .86   .81   .86
SKEW       .46  1.15   .64   .53   .28   .46   .18   .43   .34   .39   .61   .46
% SW      1.73  1.92  4.59  3.38  6.93  5.94  5.67  4.18  5.45  4.57  3.08   .87
MEAN      2.25  2.88  3.12  3.40  3.63  3.61  3.28  3.36  3.30  2.81  2.34  2.17
STD DEV   1.06  1.53  1.49  1.62  1.64  1.48  1.36  1.51  1.52  1.50  1.10  1.11
SKEW       .55   .90   .96   .50   .24   .00  -.04   .08   .02   .84   .35   .68
% WSW      .79  1.14  1.57  1.44  1.59  1.42  1.82  1.89  1.58  1.08   .87  1.04
MEAN      1.32  2.18  2.65  3.25  2.46  2.66  2.64  2.87  2.38  1.65  1.44  1.36
STD DEV    .58   .88  1.13  1.14  1.29  1.22  1.14  1.23  1.11   .88   .62   .78
SKEW       .64   .84   .53   .35   .35   .25   .06  -.08   .04   .64   .33   .93
% W       5.48  5.26  5.93  6.51  4.86  5.02  4.88  4.41  4.80  5.05  6.46  3.83
MEAN      2.19  2.56  3.38  3.38  2.99  3.62  3.03  2.96  2.99  2.80  2.22  2.36
STD DEV   1.26  1.50  1.91  1.94  1.67  1.90  1.40  1.45  1.54  1.88  1.16  1.18
SKEW      1.66  1.29   .83   .84   .72   .64   .40   .84   .80  1.60  1.10   .92
% WNW     3.43  4.74  6.80  6.01  6.29  6.01  3.88  3.90  3.93  3.95  3.60  3.20
MEAN      1.81  2.28  3.47  4.14  3.02  2.96  2.46  2.58  2.48  2.50  2.03  2.06
STD DEV   1.11  1.41  1.67  2.19  1.39  1.27  1.11  1.23  1.33  1.40  1.14  1.25
SKEW      1.11   .74   .71   .40   .20   .08   .17   .30   .41   .47   .66   .79
% NW      8.02  6.18  9.68  9.03  6.02  7.81  4.27  4.04  5.12  6.47  5.42  5.09
MEAN      2.93  3.03  3.86  4.10  3.56  4.18  3.64  3.32  3.05  3.07  3.03  2.69
STD DEV   1.74  1.66  1.93  1.88  1.50  1.79  1.82  1.71  1.56  1.80  1.74  1.54
SKEW       .97   .75   .44   .28   .20   .20   .14   .43   .52   .91   .85   .97
% NNW     2.24  3.32  3.98  4.42  4.98  6.33  3.88  3.41  3.36  2.96  2.17  1.90
MEAN      1.73  2.85  2.95  3.61  2.80  2.87  2.90  2.71  2.42  2.27  2.05  1.82
STD DEV    .90  1.24  1.11  1.82  1.11  1.10  1.12  1.12  1.11  1.11  1.11   .99
SKEW       .65   .63   .36   .23   .09   .11   .04   .08   .18   .30   .51   .64
CALM     40.75 34.78 31.10 30.77 27.13 25.09 28.05 30.85 35.41 38.87 44.85 44.42
 
INTERPOLATED DATA (station & weighting factor)
 
---Wind Stations---
UKIAH         CA     .701  SANTA ROSA    CA     .299                       .000
---Solar Radiation and Max .5 P Stations---
 EUREKA, CALIFORNIA  .590   SAN FRANCISCO, CAL  .410                            
---Dewpoint Stations---
CA EUREKA            .608  CA SAN FRANCISCO     .392                            
---Time Peak Stations---
LEGGET CA            .648  FORT SEWARD CA       .352                            
