 RANDSBURG CA                             47253 0
 LATT=  35.37 LONG=-117.65 YEARS= 45. TYPE= 1
 ELEVATION = 3570. TP5 = 1.07 TP6= 2.38
 MEAN P    .33   .34   .25   .19   .11   .10   .12   .16   .19   .24   .30   .30
 S DEV P   .38   .43   .37   .23   .17   .10   .17   .17   .26   .44   .30   .33
 SKEW  P  2.05  1.89  4.70  1.79  3.36  2.33  2.81  1.80  3.65  3.60  1.47  2.36
 P(W/W)    .37   .46   .39   .38   .13   .15   .22   .25   .21   .19   .33   .35
 P(W/D)    .08   .07   .09   .04   .02   .01   .03   .03   .03   .03   .05   .06
 TMAX AV 53.42 58.76 63.15 72.02 81.46 91.57 98.44 96.36 89.06 76.98 62.91 54.26
 TMIN AV 35.43 38.61 40.47 46.36 53.51 62.00 68.37 66.67 61.62 53.03 42.74 36.38
 SD TMAX  8.16  8.37  8.86  9.75  9.34  8.01  4.95  5.59  7.51  9.01  8.55  8.03
 SD TMIN  6.88  6.88  6.91  7.90  7.72  7.58  5.52  5.82  6.67  7.48  7.29  6.66
 SOL.RAD  250.  337.  469.  549.  629.  667.  638.  601.  561.  410.  282.  224.
 SD SOL   29.1  31.3  30.1  45.6  47.7  46.8  50.1  87.5  31.2  18.1  24.7  28.5
 MX .5 P   .28   .24   .25   .15   .28   .04   .28   .35   .32   .42   .19   .29
 DEW PT  28.78 29.76 30.57 35.00 36.23 38.60 42.43 43.23 40.78 36.81 32.38 30.81
Time Pk   .680  .769  .795  .817  .843  .863  .889  .907  .917  .944  .973 1.000
% N       5.79  5.61  5.50  4.39  2.45  2.22  1.49  1.76  3.09  5.89  6.10  7.33
MEAN      3.43  4.78  5.43  3.96  3.94  2.74  2.74  2.70  3.59  4.19  3.95  4.90
STD DEV   2.10  3.18  3.50  2.43  2.15  2.68  1.65  2.01  2.45  2.62  2.66  3.46
SKEW       .91   .71  1.50   .78   .84  2.95  1.58  2.56  1.12  1.07  1.05   .99
% NNE     3.61  4.66  3.57  1.74  2.30  1.20  1.18  1.08  2.45  4.22  3.35  2.88
MEAN      4.09  5.28  4.76  4.55  3.86  2.81  3.47  2.06  3.98  4.59  3.76  3.90
STD DEV   2.10  3.19  3.48  2.32  2.45  1.67  1.79  1.44  2.30  3.35  2.18  2.48
SKEW       .92   .88  1.16   .72   .81  1.13   .27  1.69   .65  1.21  1.01   .83
% NE      6.76  4.98  3.52  1.85  1.97  1.21  1.20  1.48  4.08  4.97  4.67  5.34
MEAN      4.09  3.81  3.74  4.59  4.60  2.54  3.82  2.82  4.43  3.81  3.36  4.61
STD DEV   2.75  2.28  2.26  2.61  3.05  1.47  2.48  2.23  3.34  2.37  1.81  2.56
SKEW       .80  1.52  1.08   .66  1.12   .91   .44  1.03  1.29  1.20   .82   .58
% ENE     1.11  2.95  2.69  1.82   .95  1.01   .83   .84  2.96  3.16  2.44  1.31
MEAN      2.99  3.55  3.31  3.82  2.83  2.95  1.66  2.25  3.90  3.32  3.07  2.38
STD DEV   1.27  2.24  1.88  2.18  1.77  1.76   .75  1.54  3.18  1.74  1.47  1.17
SKEW      1.14  1.16   .81  1.00   .77   .54   .93  1.05  1.89  1.27   .59   .52
% E       3.95  7.15  4.20  3.39  3.24  2.68  2.68  3.30  5.69  6.26  5.97  4.96
MEAN      2.18  3.22  2.58  2.73  2.98  2.48  2.66  2.43  3.04  2.95  2.43  2.21
STD DEV   1.09  2.15  1.36  1.50  1.75  1.81  1.41  1.26  1.81  1.72  1.34  1.11
SKEW      1.29  1.65  1.01   .80  1.26  2.08   .90  1.06  1.35  1.26  1.29   .72
% ESE     1.43  3.04  2.42  2.13  2.40  2.31  2.61  2.15  3.04  3.54  1.69  1.71
MEAN      2.21  3.21  2.99  3.05  3.35  2.65  3.28  2.70  3.11  3.00  2.67  2.37
STD DEV   1.35  2.37  2.00  1.71  1.89  1.73  1.74  1.10  2.18  1.53  1.65  1.07
SKEW      1.32  1.59  1.07   .92  1.53  2.11   .85   .40  1.49   .92  1.41   .42
% SE      2.73  4.24  3.59  2.53  3.59  3.16  4.13  3.51  3.63  3.46  3.76  3.47
MEAN      2.84  2.73  2.63  2.78  2.98  2.78  2.94  2.79  2.64  2.57  2.76  2.25
STD DEV   1.74  1.86  1.43  1.60  1.76  1.25  1.69  1.36  1.35  1.05  1.60  1.09
SKEW      1.75  2.06  1.02   .90   .80   .56  1.07   .51   .76   .45  1.14  1.91
% SSE     2.68  2.28  2.88  2.49  3.16  3.36  4.73  5.31  3.73  2.77  3.65  1.81
MEAN      2.43  2.97  2.53  3.23  3.68  3.03  3.34  3.30  2.99  2.67  2.45  2.79
STD DEV   1.44  1.23  1.30  2.17  2.03  1.52  1.78  1.84  1.50  1.20  1.08  1.52
SKEW       .92   .61   .93  2.00   .89   .55   .58   .81   .73   .47   .90  1.32
% S       5.50  5.34  6.88  8.28  8.40  9.93 12.86 12.75  8.80  6.17  7.39  5.27
MEAN      3.66  3.57  4.00  3.92  4.12  4.18  3.83  3.96  3.57  3.33  3.09  3.34
STD DEV   2.45  2.37  2.54  2.37  2.40  2.27  1.99  2.13  2.07  1.79  2.02  2.32
SKEW       .96  1.17  1.07   .81   .92   .76   .60   .73  1.20   .76  1.44  1.38
% SSW     4.60  5.25  8.11  9.62  9.34  8.96  8.81 10.51  7.04  5.61  5.08  3.14
MEAN      5.18  5.01  5.40  5.65  5.67  5.30  4.54  4.71  4.24  4.59  4.73  5.34
STD DEV   2.45  2.99  2.84  3.06  3.09  2.59  2.19  2.34  2.21  2.50  2.90  3.09
SKEW       .67   .64   .63   .81   .70   .35   .43   .45   .73   .50   .92   .63
% SW      8.98  8.68 12.18 14.04 13.55 13.33 13.74 11.53 11.33  9.40 10.08  9.89
MEAN      5.21  5.17  5.93  5.71  5.84  5.53  4.78  4.47  4.93  5.09  4.88  5.07
STD DEV   3.08  3.08  3.29  3.17  3.33  2.97  2.45  2.42  2.62  2.65  2.58  2.88
SKEW       .91   .57   .59   .70   .71   .67   .63   .66   .59   .56   .69   .75
% WSW     6.35  6.59 10.07 10.20 10.78 10.75 10.36  8.83  6.43  6.86  6.75  6.06
MEAN      5.40  5.85  6.93  6.31  6.27  5.36  4.59  4.70  4.91  5.21  4.78  4.95
STD DEV   3.08  3.44  3.84  3.56  3.42  3.03  2.42  2.65  2.76  3.07  2.74  2.91
SKEW       .79   .79   .39   .85   .45   .73   .59   .59   .77   .57   .77   .77
% W       9.99  9.34 10.72 11.30 10.72 10.49  7.35  8.27  6.69  8.32  8.21  9.93
MEAN      4.36  4.92  7.29  6.34  5.95  5.54  4.32  4.07  4.44  5.34  4.10  5.77
STD DEV   3.39  3.47  4.82  4.04  3.25  3.50  2.54  2.55  2.63  3.35  2.68  3.80
SKEW      1.47  1.33   .81   .81   .63   .91   .89   .71   .83   .61  1.31   .75
% WNW     2.39  3.74  5.00  6.71  8.42  9.01  7.07  5.58  5.57  5.55  4.39  2.68
MEAN      3.98  4.90  6.60  5.05  5.16  5.37  3.70  3.49  3.73  4.69  4.25  4.17
STD DEV   3.65  2.77  4.43  3.02  3.49  3.43  1.61  1.75  2.00  3.39  2.91  3.30
SKEW      2.07  1.28   .88   .97  1.68  1.01   .26   .91  1.12  1.31  1.98  1.13
% NW      7.02  4.65  2.49  4.79  3.79  5.01  3.87  3.37  2.96  2.27  3.49  4.29
MEAN      2.92  4.05  4.92  4.33  4.83  3.91  3.31  2.69  3.02  3.48  3.30  2.78
STD DEV   2.08  3.01  3.74  2.28  2.79  2.12  1.44  1.73  1.82  2.23  1.52  1.49
SKEW      1.50  1.50  1.02   .05  1.17   .72   .75  1.20   .78   .46  -.07  1.42
% NNW     2.09  2.32  1.98  1.99  1.78  1.13  1.24  1.74  1.14  2.48  2.52  2.89
MEAN      2.97  3.93  4.55  4.35  3.71  2.96  2.51  2.62  2.63  3.35  3.75  4.65
STD DEV   1.34  2.45  2.99  2.27  2.58  2.00  1.20  1.85  1.64  2.03  3.02  4.02
SKEW       .67  1.05   .37   .41   .89  1.06   .46  1.72  1.10   .65  1.04  1.33
CALM     25.08 19.08 14.29 12.71 13.15 14.23 15.90 17.92 21.24 19.11 20.45 27.11
 
INTERPOLATED DATA (station & weighting factor)
 
---Wind Stations---
CUDDEBACK     CA     .536  CHINA LAKE    CA     .262  MOJAVE        CA     .202
---Solar Radiation and Max .5 P Stations---
 BAKERSFIELD, CALIF  .509   LAS VEGAS, NEVADA   .272   SAN DIEGO, CALIFOR  .218 
---Dewpoint Stations---
CA SANDBERG          .408  CA BAKERSFIELD       .386  NV LAS VEGAS         .206 
---Time Peak Stations---
SANTIAGO PEAK CA     .635  LYTLE CREEK RS CA    .365                            
