 LAKE ARROWHEAD CA                        44671 0
 LATT=  34.23 LONG=-117.18 YEARS= 45. TYPE= 1
 ELEVATION = 5230. TP5 = 1.12 TP6= 2.66
 MEAN P   1.24  1.22  1.01   .69   .44   .11   .10   .23   .56   .52  1.03  1.12
 S DEV P  1.65  1.58  1.20   .83   .64   .13   .08   .36   .98   .75  1.29  1.58
 SKEW  P  3.17  2.50  2.24  1.93  2.79  2.05  1.10  3.42  3.03  2.61  2.04  2.69
 P(W/W)    .55   .55   .53   .49   .45   .26   .23   .32   .33   .38   .48   .47
 P(W/D)    .12   .11   .13   .09   .05   .02   .03   .04   .04   .06   .09   .11
 TMAX AV 45.33 49.21 52.95 59.78 66.45 75.24 81.14 80.53 76.63 66.29 53.50 46.65
 TMIN AV 28.54 29.89 31.22 35.10 40.79 48.43 56.19 55.66 50.75 42.32 34.23 29.54
 SD TMAX  7.79  8.37  9.58 10.73  9.94  8.66  5.52  5.77  8.08  9.28  8.89  8.30
 SD TMIN  6.32  5.74  5.45  5.85  6.37  6.69  5.15  5.46  6.28  6.33  6.35  6.24
 SOL.RAD  250.  331.  453.  529.  600.  623.  601.  564.  512.  386.  283.  226.
 SD SOL   31.2  35.3  36.9  52.9  57.1  60.9  62.0 107.7  47.2  27.7  26.4  30.2
 MX .5 P   .37   .27   .28   .19   .30   .04   .27   .36   .29   .33   .22   .37
 DEW PT  36.01 38.80 40.04 44.04 46.04 50.15 55.00 56.68 53.85 49.04 41.98 38.68
Time Pk   .695  .762  .797  .828  .847  .875  .901  .915  .930  .954  .971 1.000
% N       3.12  4.04  2.70  2.12  1.42  1.33  1.22  1.01  1.23  2.27  2.68  3.48
MEAN      5.76  6.50  5.60  4.59  4.44  3.74  2.48  2.47  3.47  4.99  5.30  5.27
STD DEV   3.29  3.46  3.05  2.60  2.81  2.41  1.16  1.13  1.98  2.79  3.34  3.17
SKEW       .84   .40   .54   .65   .79   .77   .30   .33   .67   .60   .74   .80
% NNE     2.40  2.16  1.62   .96   .80   .46   .35   .33   .77  1.22  1.92  2.58
MEAN      4.61  4.92  4.94  3.56  3.29  2.82  1.61  2.75  4.27  4.35  4.61  4.64
STD DEV   3.19  3.08  3.03  2.11  1.81  1.57   .32  1.03  2.80  2.59  3.04  2.91
SKEW       .95   .83   .68  1.12   .94  1.39 -1.74   .96   .57   .62   .76   .67
% NE      4.27  2.74  2.00  1.11   .76   .46   .39   .50   .97  2.01  3.07  4.10
MEAN      3.32  3.29  3.48  2.74  2.87  2.53  1.86  2.05  2.34  3.00  3.14  3.22
STD DEV   1.64  1.82  2.23  1.14  1.59  1.88   .60   .83  1.01  1.66  1.80  1.83
SKEW      1.30  1.28  1.53   .61  2.06  2.00   .05   .59   .54  1.16  1.69  2.12
% ENE     4.27  3.22  2.04  1.44   .77   .47   .65   .77  1.20  2.06  3.68  4.76
MEAN      3.28  3.07  3.01  2.55  2.52  2.23  2.12  2.16  2.84  2.73  3.03  3.25
STD DEV   1.42  1.39  1.33   .98  1.11   .85   .80   .96  1.33  1.30  1.38  1.46
SKEW       .57   .98   .66   .39   .66   .13   .26   .69   .49   .81   .87   .82
% E       7.39  5.48  4.30  2.89  1.71   .99  1.18  1.52  2.60  4.22  6.36  7.46
MEAN      3.30  3.16  3.00  2.62  2.87  2.44  2.22  2.55  3.09  3.14  3.13  3.07
STD DEV   1.55  1.48  1.49  1.26  1.38   .94   .88  1.28  1.57  1.52  1.43  1.40
SKEW       .64   .90   .75   .91   .70   .47   .44   .72   .59   .63   .69   .65
% ESE     4.29  3.47  3.10  1.97   .95   .64   .66   .89  1.73  2.21  3.55  4.06
MEAN      2.93  2.86  2.88  2.85  2.85  2.54  2.30  2.33  2.82  2.67  2.83  2.67
STD DEV   1.38  1.39  1.45  1.29  1.18  1.06  1.01  1.17  1.75  1.32  1.48  1.25
SKEW       .63   .80   .94   .70   .48   .63   .61  1.20  2.19   .68   .91   .73
% SE      4.32  4.13  3.47  2.42  1.56   .87   .60   .96  1.52  2.09  4.30  4.40
MEAN      3.18  2.91  2.88  2.90  2.92  2.29  2.62  2.28  2.55  2.66  2.84  2.77
STD DEV   1.50  1.37  1.39  1.21  1.24   .95  1.65  1.05  1.26  1.34  1.39  1.23
SKEW       .70   .89   .87   .56   .55   .48  1.39   .82   .89   .61   .79   .66
% SSE     2.05  1.94  1.95  1.79  1.36  1.10   .43   .53  1.12  1.08  2.03  1.72
MEAN      3.17  3.33  2.94  2.83  2.88  2.63  2.44  2.30  2.83  2.74  2.88  2.71
STD DEV   1.50  1.89  1.53  1.23  1.32  1.02  1.16   .93  1.43  1.30  1.38  1.39
SKEW       .71  1.02  1.07   .49   .50   .20   .60   .16  1.00   .98   .59   .86
% S       1.78  2.05  1.95  1.97  1.58   .93   .58   .66  1.07  1.20  1.73  1.56
MEAN      2.87  3.15  3.03  3.28  2.87  2.23  2.33  2.45  2.92  2.57  2.70  2.58
STD DEV   1.35  1.57  1.40  1.64  1.22   .95   .90  1.05  1.57  1.32  1.40  1.27
SKEW       .63   .78   .85  1.07   .34   .80   .19   .31   .93   .85   .83   .66
% SSW     1.08  1.16  1.31  1.24   .87   .66   .50   .67   .71   .76   .93   .95
MEAN      2.57  2.92  3.35  3.63  3.49  2.85  2.74  2.70  2.74  2.33  2.70  2.57
STD DEV   1.23  1.39  1.74  1.71  1.67  1.49  1.20  1.37  1.26  1.18  1.38  1.22
SKEW       .77   .56  1.13   .41   .47   .50   .34   .38   .87   .88   .74   .70
% SW      2.59  3.91  5.13  6.17  5.78  5.05  5.51  5.22  4.27  3.52  2.69  2.54
MEAN      3.18  3.40  3.65  3.98  3.72  3.67  3.47  3.40  3.31  3.16  2.90  2.81
STD DEV   1.53  1.51  1.68  1.80  1.57  1.48  1.43  1.40  1.36  1.47  1.41  1.47
SKEW       .69   .49   .86   .50   .72   .28   .21   .33   .20   .61   .89   .92
% WSW     3.31  4.54  7.49  9.86 11.65 14.23 14.08 13.43 10.23  6.80  3.85  2.93
MEAN      3.24  3.54  4.20  4.50  4.31  4.27  4.34  3.94  3.84  3.36  3.31  3.25
STD DEV   1.60  1.58  1.89  1.90  1.80  1.67  1.60  1.48  1.53  1.43  1.52  1.72
SKEW      1.04   .56   .51   .44   .43   .24   .11   .10   .40   .51   .45   .96
% W       5.27  6.81 10.08 12.11 14.61 15.76 13.49 12.54 11.65  8.90  5.67  4.91
MEAN      3.19  3.71  4.10  4.42  4.18  4.18  4.14  3.96  3.85  3.39  3.20  3.15
STD DEV   1.57  1.79  1.94  1.98  1.84  1.70  1.67  1.64  1.66  1.55  1.66  1.60
SKEW       .98   .84   .74   .52   .60   .31   .26   .35   .38   .65  1.21   .80
% WNW     4.42  5.28  6.14  7.07  7.98  8.93  8.23  8.09  7.74  6.85  5.37  4.24
MEAN      3.25  3.67  3.73  4.03  3.99  3.85  3.80  3.84  3.68  3.39  3.05  3.16
STD DEV   1.66  1.84  1.73  1.73  1.75  1.62  1.58  1.63  1.57  1.46  1.38  1.59
SKEW      1.16   .93   .63   .69   .68   .49   .34   .32   .41   .51  1.30   .84
% NW      3.91  4.13  5.00  6.37  8.76  8.67  8.59  8.32  6.59  5.89  4.20  3.49
MEAN      4.61  4.37  3.89  3.73  3.66  3.58  3.59  3.57  3.44  3.59  3.57  3.50
STD DEV   2.85  2.38  1.85  1.69  1.54  1.50  1.47  1.50  1.48  1.77  1.91  1.76
SKEW      1.28   .71   .83   .76   .66   .44   .19   .32   .45   .71   .88   .98
% NNW     2.35  2.64  2.16  2.39  2.74  2.97  2.78  2.31  2.11  2.28  2.14  2.14
MEAN      5.17  5.71  5.08  4.27  3.29  2.98  3.10  2.85  3.21  3.88  4.45  4.53
STD DEV   2.86  2.95  2.88  2.30  1.57  1.16  1.46  1.27  1.32  2.11  2.84  2.57
SKEW       .63   .36   .72   .57  1.05   .27   .37   .43   .36  1.00  1.07   .90
CALM     43.18 42.20 39.51 38.14 36.73 36.45 40.70 42.31 44.45 46.71 45.88 44.66
 
INTERPOLATED DATA (station & weighting factor)
 
---Wind Stations---
SAN BERNARDINOCA     .631  RIVERSIDE/MAR.CA     .262  DAGGETT       CA     .108
---Solar Radiation and Max .5 P Stations---
 SAN DIEGO, CALIFOR  .420   BAKERSFIELD, CALIF  .325   LAS VEGAS, NEVADA   .255 
---Dewpoint Stations---
CA LONG BEACH        .492  CA SAN DIEGO         .316  NV LAS VEGAS         .191 
---Time Peak Stations---
RUNNING SPRINGS 1 E  .416  CRESTLINE FIRE ST 2  .379  BIG BEAR LAKE DAM C  .205 
