 PASO ROBLES AP CA                        46742 0
 LATT=  35.60 LONG=-120.65 YEARS= 45. TYPE= 1
 ELEVATION =  810. TP5 =  .99 TP6= 2.53
 MEAN P    .34   .35   .31   .25   .13   .05   .14   .20   .29   .23   .27   .33
 S DEV P   .42   .44   .38   .30   .21   .06   .18   .32   .38   .27   .35   .44
 SKEW  P  2.43  2.54  2.19  2.04  3.20  2.98  1.99  1.76  1.86  2.00  2.65  2.55
 P(W/W)    .54   .55   .52   .47   .34   .18   .20   .27   .30   .34   .45   .52
 P(W/D)    .14   .14   .13   .08   .03   .01   .01   .01   .02   .04   .10   .12
 TMAX AV 58.91 63.10 65.72 72.66 79.64 87.35 94.03 93.11 88.62 79.96 67.71 59.74
 TMIN AV 33.54 36.74 38.57 40.70 45.20 49.95 53.51 53.01 50.42 44.41 37.46 32.91
 SD TMAX  6.70  7.17  7.88  9.74  9.95 10.08  8.38  8.34  9.59  9.54  8.33  7.00
 SD TMIN  7.70  7.29  6.15  5.28  4.88  4.28  4.58  4.61  5.16  6.25  7.07  7.60
 SOL.RAD  212.  308.  451.  550.  644.  701.  680.  633.  577.  408.  257.  185.
 SD SOL   38.7  38.2  34.2  44.3  42.9  36.4  36.7  71.0  25.4  16.1  29.7  38.5
 MX .5 P   .25   .21   .27   .15   .18   .07   .02   .14   .24   .63   .19   .31
 DEW PT  39.57 41.42 41.57 45.13 46.39 49.68 52.52 52.97 52.13 47.99 43.18 40.18
Time Pk   .692  .766  .792  .824  .838  .852  .877  .898  .922  .942  .965 1.000
% N       1.40  2.20  2.80  2.30  2.40  1.40  1.10  1.10  1.40  2.00  1.80  1.30
MEAN      2.66  3.30  3.73  3.77  4.18  3.43  3.68  3.00  2.84  3.25  2.84  2.62
STD DEV    .78  1.51  1.65  1.66  2.05  1.23  2.21  1.10  1.01  1.49   .94   .80
SKEW       .00  1.26  1.27  1.39  1.14  1.00  1.56   .37   .71  1.42   .70   .13
% NNE     1.10  1.10  1.60  1.10  1.10   .60   .30   .40   .80  1.10  1.20  1.00
MEAN      2.62  2.62  2.91  2.91  2.98  2.84  2.66  2.13  2.66  2.56  2.88  2.91
STD DEV    .84   .84  1.07  1.03  1.05   .80   .55   .76   .93   .86   .69  1.13
SKEW       .15   .15   .55  1.18  1.05   .63   .00   .00   .00   .33   .37   .56
% NE      2.10  2.20  2.40  1.60  1.00   .70   .50   .50  1.00  2.20  3.10  2.10
MEAN      2.82  3.15  3.15  2.91  2.88  3.05  2.56  2.77  3.30  3.15  3.55  3.20
STD DEV    .97  1.17  1.25  1.07  1.18  1.34  1.10  1.10  1.55  1.24  1.75  1.19
SKEW       .75   .98   .86   .55   .61   .27   .27  -.27   .62   .92  1.23   .83
% ENE     2.90  2.50  2.60  1.40   .70   .40   .20   .20   .90  1.70  3.10  2.50
MEAN      3.52  3.84  3.69  3.20  2.31  2.13  2.13  2.13  3.46  3.89  4.33  3.91
STD DEV   1.51  1.71  1.78  1.40   .74   .00   .00   .89  1.68  2.04  2.19  1.87
SKEW       .86   .79  1.03   .76  -.23 -3.00   .00   .00   .37   .82   .82   .80
% E       7.20  5.70  4.50  2.10   .90   .40   .30   .40  1.40  4.10  7.10  8.00
MEAN      4.22  3.95  3.75  3.40  3.33  3.20  2.66  3.20  4.10  4.24  4.02  4.20
STD DEV   1.77  1.57  1.57  1.57   .99   .89   .55   .89  1.38  1.61  1.59  1.87
SKEW       .62   .87   .90  1.57   .69   .00   .00   .00   .29   .55   .82   .78
% ESE     6.10  4.20  3.00  1.00   .70   .30   .30   .20   .80  2.00  3.60  5.80
MEAN      4.14  3.68  3.55  3.32  3.20  3.20  2.66  2.13  3.05  4.26  3.76  4.10
STD DEV   1.92  1.55  1.39  1.07  1.15  1.10   .55   .00  1.34  1.88  1.34  1.68
SKEW       .94  1.10   .82   .46   .70   .00   .00 -3.00   .27   .49   .27   .76
% SE      5.20  4.70  2.40  1.60   .70   .50   .50   .40  1.00  2.20  3.90  5.10
MEAN      3.59  3.27  3.15  3.26  3.20  3.41  3.62  3.20  3.43  3.20  3.31  3.51
STD DEV   1.55  1.13  1.17  1.16   .81  1.26  1.61   .89  1.58  1.18  1.12  1.50
SKEW      1.06   .52   .84   .17   .00   .36   .73   .00   .45   .78   .62  1.17
% SSE     2.50  2.20  1.70  1.70  1.10   .80   .50   .60   .80  1.00  1.40  2.30
MEAN      4.30  4.01  3.79  3.95  4.17  4.72  4.97  4.97  3.81  3.55  3.91  3.68
STD DEV   2.45  1.58  1.75  1.71  1.85  2.06  2.12  2.12  1.50  1.43  2.09  1.63
SKEW      1.12  1.03   .96  1.09  1.09   .60   .34   .34   .48   .78   .85  1.12
% S       3.80  4.80  4.40  6.00  6.60  6.60  5.10  5.70  5.40  4.00  3.50  3.80
MEAN      4.40  4.31  4.34  4.77  4.99  5.93  6.12  5.85  5.15  4.45  4.36  4.15
STD DEV   2.28  1.77  1.81  2.26  2.17  2.47  2.26  2.21  2.13  1.82  1.96  1.78
SKEW      1.00  1.04   .84   .82   .71   .18  -.08   .13   .31   .41   .72  1.09
% SSW     3.10  3.10  4.80  7.90  9.10  9.50 10.60 10.30  8.70  4.50  2.70  2.90
MEAN      4.15  4.70  4.89  5.49  6.02  6.78  6.82  6.61  5.93  5.26  4.59  4.38
STD DEV   1.59  1.93  2.12  2.21  2.43  2.54  2.13  2.27  2.15  1.87  2.03  2.24
SKEW       .61   .87   .70   .45   .13   .03  -.15  -.04   .04   .22   .53  1.40
% SW      3.50  5.20  5.30  6.70  9.80  8.60  9.00  7.50  6.60  4.70  3.70  2.20
MEAN      4.17  4.56  4.98  4.98  5.32  5.45  5.74  5.40  4.96  4.60  4.03  4.03
STD DEV   1.60  1.89  1.98  1.95  2.14  2.28  2.37  2.29  2.04  1.76  1.65  1.86
SKEW       .72   .74   .55   .27   .43   .36   .14   .31   .56   .59   .63   .68
% WSW      .90  1.20  1.80  3.10  3.80  3.30  3.10  2.30  2.30  1.80  1.10  1.00
MEAN      3.60  3.78  4.39  4.44  4.40  4.23  4.17  4.09  3.61  3.39  2.96  2.88
STD DEV   1.19  1.40  2.00  1.99  1.98  1.97  2.01  1.80  1.53  1.65  1.21  1.18
SKEW       .32   .39   .63   .66   .90  1.03   .92   .60   .70  1.05   .44   .61
% W       1.70  2.20  2.80  4.10  5.40  5.60  7.20  6.40  5.40  3.60  1.50  1.10
MEAN      3.57  4.11  3.48  3.74  3.86  3.94  4.11  3.73  3.57  3.43  2.91  2.91
STD DEV   1.60  1.79  1.24  1.57  1.47  1.59  1.83  1.46  1.42  1.43  1.07  1.13
SKEW      1.72   .96   .93  1.02   .83   .95   .97   .95   .97  1.41   .55   .56
% WNW     1.90  2.80  5.90  8.80 10.10 12.10 12.60 12.00  8.70  5.20  2.70  1.80
MEAN      3.68  4.23  4.39  4.58  4.85  5.27  4.80  4.80  4.37  3.89  3.79  3.43
STD DEV   1.67  1.75  2.00  1.88  1.93  2.11  1.92  1.99  1.71  1.56  1.60  1.31
SKEW      1.19  1.38  1.13   .78   .62   .51   .46   .59   .51   .58   .98   .47
% NW      5.90 10.10 16.10 17.60 20.30 23.30 16.40 17.70 15.90 14.60  7.50  6.40
MEAN      3.96  4.35  4.74  5.15  5.49  5.63  5.01  4.96  4.58  4.59  4.39  4.13
STD DEV   1.75  1.91  1.98  2.16  2.17  2.27  2.10  2.02  1.78  1.91  1.90  1.97
SKEW      1.19   .95  1.01   .67   .50   .59   .60   .49   .85   .80   .93  1.33
% NNW     2.80  4.60  6.10  6.70  7.20  7.10  4.70  3.80  2.80  3.30  2.30  2.40
MEAN      3.77  4.97  5.01  5.19  5.43  5.70  4.87  3.95  3.97  4.39  3.73  4.04
STD DEV   1.57  2.52  2.27  2.37  2.40  2.43  2.22  1.86  1.73  2.31  1.47  2.09
SKEW       .54   .81   .54   .50   .43   .41   .39  1.13   .75  1.06   .21  1.16
CALM     47.70 41.00 31.90 26.40 19.10 18.70 27.80 30.50 35.90 41.90 49.80 50.10
 
INTERPOLATED DATA (station & weighting factor)
 
---Wind Stations---
PASO ROBLES   CA    1.000  JOLON         CA     .000  SANTA MARIA   CA     .000
---Solar Radiation and Max .5 P Stations---
 BAKERSFIELD, CALIF  .514   FRESNO, CALIFORNIA  .486                            
---Dewpoint Stations---
CA SANTA MARIA       .552  CA BAKERSFIELD       .291  CA SAN FRANCISCO     .156 
---Time Peak Stations---
SANTA MARGARITA BTR  .473  SAN LUIS OBISPO POL  .369  HERNANDEZ 7 SE CA    .158 
