 SONORA CA                                48353 0
 LATT=  37.98 LONG=-120.38 YEARS= 62. TYPE= 2
 ELEVATION = 1830. TP5 = 1.14 TP6= 4.60
 MEAN P    .62   .61   .53   .45   .29   .16   .14   .26   .30   .48   .58   .61
 S DEV P   .66   .75   .55   .49   .41   .24   .19   .31   .54   .55   .68   .73
 SKEW  P  1.67  3.71  1.57  1.63  3.22  3.23  3.04  2.06  4.69  1.79  2.08  2.93
 P(W/W)    .58   .58   .56   .52   .47   .34   .22   .23   .36   .41   .48   .54
 P(W/D)    .17   .20   .19   .12   .07   .04   .01   .01   .03   .07   .14   .17
 TMAX AV 54.98 58.70 62.11 68.85 77.59 86.63 95.20 93.89 87.94 77.10 64.09 56.15
 TMIN AV 32.41 34.81 37.45 41.44 46.70 52.42 58.46 57.25 52.72 45.16 37.52 33.16
 SD TMAX  7.59  7.65  8.32  9.66  9.72  9.20  6.41  6.66  8.43  9.27  8.77  7.88
 SD TMIN  6.43  6.28  5.78  6.00  6.36  6.26  5.78  5.57  5.77  6.08  5.95  6.39
 SOL.RAD  172.  268.  393.  539.  625.  688.  681.  614.  488.  351.  234.  147.
 SD SOL   44.4  44.6  47.9  45.0  48.5  40.7  36.2  78.8  49.0  28.3  30.2  43.4
 MX .5 P   .40   .31   .30   .26   .13   .12   .15   .20   .21   .51   .32   .35
 DEW PT  33.83 35.83 36.13 40.13 42.44 45.13 47.22 47.22 45.74 41.83 38.35 36.04
Time Pk   .772  .855  .884  .896  .902  .907  .914  .922  .934  .950  .974 1.000
% N       5.32  5.22  4.49  4.13  2.95  2.07   .80  1.08  2.90  4.36  5.19  5.12
MEAN      3.61  4.01  4.12  3.83  3.85  3.52  2.59  2.67  3.65  3.70  3.34  3.34
STD DEV   2.22  2.32  2.41  2.14  2.01  1.95  1.15  1.05  2.17  2.16  1.87  1.83
SKEW      1.49  1.05  1.55  1.08   .87  1.41   .61   .48  1.68  1.00  1.22  1.15
% NNE     2.06  2.23  1.83  1.90  1.43   .91   .51   .53  1.18  1.77  2.49  2.67
MEAN      2.88  3.47  3.46  3.12  3.00  3.43  2.29  2.41  2.78  3.39  2.85  3.00
STD DEV   1.59  2.19  1.98  1.75  1.36  2.07   .60  1.10  1.45  2.01  1.59  1.57
SKEW      1.75  1.46  1.16  1.29   .54   .87   .44   .57  1.35  1.22  1.60  1.25
% NE      3.23  3.23  2.67  2.41  2.22  1.93  1.44  1.50  2.22  3.00  3.64  4.00
MEAN      2.72  2.98  3.07  2.80  3.00  3.16  2.52  2.23  2.50  2.72  2.71  2.86
STD DEV   1.32  1.57  1.50  1.43  1.41  1.91   .97   .85  1.09  1.46  1.17  1.38
SKEW      1.04  1.32   .91  1.84   .59   .91   .75   .16  1.11  1.40  1.06   .93
% ENE     4.47  3.76  3.59  3.23  2.57  2.41  1.55  1.42  2.30  3.52  4.27  4.01
MEAN      3.22  3.15  3.26  2.88  2.70  2.51  1.86  2.35  2.49  2.73  2.94  3.15
STD DEV   1.65  1.59  1.91  1.32  1.07  1.30   .78   .59  1.14  1.31  1.44  1.68
SKEW       .72   .91  1.45   .72  -.05   .97   .39   .84   .63   .44   .93   .98
% E       3.62  4.30  2.84  2.50  2.22  1.85  1.99  2.20  2.81  3.94  4.17  4.19
MEAN      2.84  2.70  2.65  2.45  2.62  2.46  2.19  2.45  2.25  2.45  2.54  2.60
STD DEV   1.52  1.28  1.32  1.09  1.24  1.20   .57  1.09   .93  1.17  1.13  1.22
SKEW       .84   .98   .86   .56   .71   .78  -.59   .72   .80   .90   .82   .89
% ESE     4.20  4.64  4.23  4.16  3.50  2.84  3.49  4.07  4.50  5.17  5.03  4.70
MEAN      3.06  2.96  2.91  2.91  2.77  2.73  2.66  2.77  2.54  2.62  2.76  2.95
STD DEV   1.43  1.39  1.36  1.38  1.11  1.08  1.01  1.12  1.04  1.08  1.14  1.39
SKEW      1.09  1.21  1.17  1.46   .59   .53   .52   .59   .90   .69   .90  1.45
% SE      9.57  9.63  9.55  9.66  9.25  8.81  8.88  9.91 10.23  8.60  8.93  9.33
MEAN      4.25  3.97  3.86  3.62  3.38  3.38  3.31  3.30  3.23  3.18  3.79  4.12
STD DEV   2.41  2.19  2.16  1.72  1.33  1.31  1.24  1.22  1.23  1.45  2.11  2.38
SKEW      1.56  1.71  2.00  1.33   .60   .40   .37   .40   .50  1.82  1.62  1.47
% SSE    14.11 11.97 12.53 11.56 11.64 13.41 15.97 14.79 12.17  8.88 10.11 11.50
MEAN      5.81  5.13  4.73  4.28  3.76  3.89  3.69  3.74  3.63  3.82  4.86  5.49
STD DEV   3.32  3.04  2.58  2.09  1.48  1.46  1.32  1.37  1.56  1.98  2.83  3.29
SKEW       .99  1.16  1.32  1.32   .67   .39   .23   .37  1.31  1.95  1.45  1.26
% S      11.62 11.06 13.75 12.95 15.22 17.50 19.86 18.38 13.18  9.91  9.02  9.87
MEAN      5.19  4.86  4.61  4.24  4.29  4.39  4.11  4.05  3.86  3.95  4.43  4.93
STD DEV   3.13  2.92  2.41  1.92  1.75  1.69  1.53  1.57  1.55  2.00  2.50  3.04
SKEW      1.24  1.41  1.46   .82   .50   .34   .41   .43   .46  2.03  1.37  1.31
% SSW     5.08  5.85  9.13  9.45 11.49 12.88 14.39 13.41  9.92  6.44  4.51  4.69
MEAN      4.74  4.44  4.49  4.43  4.58  4.46  4.20  4.25  3.94  4.10  4.26  5.17
STD DEV   2.81  2.45  2.22  2.06  1.94  1.80  1.56  1.61  1.57  2.01  2.45  3.34
SKEW      1.12  1.15   .91   .87   .64   .43   .37   .43   .48   .98  1.08  1.37
% SW      2.84  3.63  5.98  7.11  8.96 10.05 10.83  9.92  7.57  5.07  2.87  2.87
MEAN      4.13  3.98  4.32  4.02  4.34  4.20  3.95  3.90  3.70  3.67  3.40  4.27
STD DEV   2.56  2.39  2.35  1.93  1.89  1.76  1.52  1.54  1.52  1.92  1.89  2.88
SKEW      1.25  1.29   .95   .96   .65   .58   .41   .44   .54  1.35  1.11  1.25
% WSW     1.50  1.92  2.92  4.02  4.97  5.00  5.32  5.33  4.80  3.10  1.98  1.40
MEAN      3.15  3.34  3.73  3.70  4.02  3.59  3.48  3.46  3.29  3.00  2.95  2.91
STD DEV   1.85  2.01  2.01  1.80  1.84  1.52  1.29  1.41  1.41  1.39  1.64  1.45
SKEW      1.33  1.96  1.69   .71   .63   .49   .25   .51   .49   .84  1.57  1.62
% W       1.71  2.03  2.39  3.13  4.10  4.30  4.14  4.22  4.06  2.81  2.36  1.63
MEAN      2.57  2.61  3.01  3.17  3.46  3.32  3.21  3.06  2.88  2.59  2.51  2.45
STD DEV   1.25  1.17  1.56  1.47  1.61  1.35  1.19  1.18  1.18  1.08  1.09  1.18
SKEW      1.58  1.00  1.08   .77   .87   .58   .33   .35   .80  1.08  1.42  1.17
% WNW     1.46  1.62  1.70  2.25  2.97  2.93  2.07  2.30  2.54  2.29  1.71  1.47
MEAN      2.52  2.66  3.02  2.97  3.55  3.30  3.12  2.87  2.82  2.72  2.47  2.47
STD DEV   1.13  1.28  1.61  1.31  1.69  1.34  1.15  1.15  1.16  1.32  1.05  1.02
SKEW       .87  1.41  1.18   .71   .76   .56   .23   .40   .57  1.12   .72   .53
% NW      3.18  3.45  3.38  3.83  3.74  3.09  1.73  1.80  3.06  3.76  3.53  3.30
MEAN      2.98  3.40  3.64  3.51  3.87  3.71  3.07  3.13  3.07  3.33  2.90  2.99
STD DEV   1.64  1.96  1.98  1.89  1.96  1.78  1.18  1.25  1.39  1.85  1.43  1.66
SKEW      1.85  1.29  1.01  1.29   .90   .85   .51   .55   .86  1.15  1.07  1.43
% NNW     5.31  5.70  5.20  4.83  3.89  2.75  1.01  1.22  3.37  5.04  5.51  5.06
MEAN      3.89  4.32  4.41  4.01  4.22  4.12  3.22  3.04  3.72  3.91  3.75  3.47
STD DEV   2.28  2.43  2.30  2.08  2.02  2.21  1.17  1.36  2.09  2.25  2.11  1.94
SKEW      1.09   .84   .87   .88   .66  1.09   .24   .86  1.26   .80   .97  1.16
CALM     20.65 19.82 13.83 12.86  8.79  7.29  6.02  7.90 13.19 22.31 24.65 24.18
 
INTERPOLATED DATA (station & weighting factor)
 
---Wind Stations---
SACRAMENTO/MA.CA     .360  SACRAMENTO/MC.CA     .360  BLUE CANYON   CA     .279
---Solar Radiation and Max .5 P Stations---
 BLUE CANYON, CALIF  .356   FRESNO, CALIFORNIA  .355   SAN FRANCISCO, CAL  .290 
---Dewpoint Stations---
CA SACRAMENTO        .392  CA BLUE CANYON       .304  CA FRESNO            .303 
---Time Peak Stations---
MODESTO 2 CA         .341  FIDDLETOWN LYNCH RH  .339  CATHAY BULL RUN RCH  .320 
