 SACRAMENTO WB CITY CA                    47633 0
 LATT=  38.58 LONG=-121.50 YEARS=116. TYPE= 1
 ELEVATION =   30. TP5 = 1.15 TP6= 4.75
 MEAN P    .36   .35   .31   .27   .19   .14   .10   .11   .23   .27   .31   .34
 S DEV P   .44   .43   .35   .41   .26   .16   .21   .16   .37   .36   .40   .41
 SKEW  P  2.25  2.29  2.31  5.31  2.86  1.90  3.33  2.51  4.33  3.58  2.36  2.31
 P(W/W)    .59   .60   .57   .46   .35   .23   .24   .18   .36   .40   .49   .57
 P(W/D)    .20   .19   .16   .11   .07   .03   .00   .01   .03   .07   .14   .19
 TMAX AV 53.05 59.46 64.32 70.78 77.75 85.40 91.22 90.08 85.78 76.49 63.98 53.77
 TMIN AV 39.27 42.98 45.44 48.29 52.22 56.53 58.86 58.27 56.75 51.45 44.29 39.69
 SD TMAX  6.26  6.59  7.44  8.54  9.45  9.28  7.64  7.47  8.64  8.53  7.16  6.36
 SD TMIN  6.04  5.64  4.96  4.57  5.10  5.18  4.71  4.33  4.60  4.85  5.65  5.89
 SOL.RAD  179.  270.  374.  536.  613.  683.  699.  626.  484.  341.  230.  149.
 SD SOL   38.6  40.5  51.9  44.5  52.3  42.8  29.9  69.7  48.9  28.4  27.9  39.1
 MX .5 P   .38   .31   .24   .25   .15   .12   .22   .29   .19   .36   .33   .28
 DEW PT  37.81 39.75 39.81 43.84 46.04 48.94 51.71 51.65 48.81 45.78 41.10 39.04
Time Pk   .786  .845  .874  .891  .901  .912  .921  .928  .939  .959  .975 1.000
% N       6.87  6.72  5.78  4.92  3.18  2.19   .60   .91  3.45  5.62  6.44  6.55
MEAN      4.10  4.60  4.69  4.38  4.32  4.02  2.84  2.96  4.19  4.30  3.75  3.75
STD DEV   2.65  2.71  2.75  2.48  2.18  2.25  1.28  1.17  2.55  2.60  2.20  2.13
SKEW      1.36   .88  1.25  1.03   .72  1.52   .61   .36  1.27  1.01  1.32  1.31
% NNE     2.23  2.26  1.77  1.33   .81   .61   .17   .29   .87  1.76  2.48  2.72
MEAN      2.84  3.45  3.45  3.07  3.01  3.63  2.42  2.54  2.82  3.46  2.93  3.01
STD DEV   1.61  2.18  1.93  1.75  1.31  2.17   .49  1.15  1.31  1.93  1.57  1.46
SKEW      2.05  1.50  1.13  1.38   .54   .79   .26   .60  1.01   .94  1.71  1.20
% NE      1.78  1.55  1.04   .89   .52   .30   .16   .22   .50  1.19  1.81  2.25
MEAN      2.38  2.52  2.72  2.52  2.82  3.17  2.52  2.19  2.42  2.39  2.44  2.60
STD DEV    .93  1.11  1.23  1.25  1.25  1.89   .79   .76  1.00  1.12   .92  1.13
SKEW       .74  1.20   .82  2.04   .35   .75   .55  -.05  1.13  1.25   .96   .86
% ENE     1.09  1.09   .72   .65   .32   .15   .10   .10   .31   .74  1.20  1.36
MEAN      2.37  2.38  2.60  2.31  2.24  2.13  1.40  2.35  2.27  2.13  2.32  2.62
STD DEV    .95   .93  1.46   .84   .65   .90   .41   .26   .83   .75   .84  1.22
SKEW       .63   .71  1.53   .55  -.33   .88   .15   .40   .45   .24   .75   .99
% E       2.54  3.38  2.05  1.44   .92   .53   .37   .58  1.19  2.10  2.80  2.83
MEAN      2.45  2.46  2.43  2.24  2.50  2.23  2.09  2.62  2.19  2.28  2.37  2.46
STD DEV    .97   .94   .98   .83  1.04   .85   .38  1.04   .78   .86   .85   .97
SKEW       .60   .75   .56   .38   .58   .32 -1.25   .41   .59   .59   .55   .69
% ESE     3.76  4.30  4.14  3.95  2.93  2.10  2.10  2.89  3.65  4.39  4.49  3.82
MEAN      2.84  2.83  2.82  2.88  2.69  2.61  2.55  2.72  2.52  2.54  2.62  2.86
STD DEV   1.18  1.26  1.22  1.29   .97   .98   .92  1.06   .93   .96   .97  1.27
SKEW       .91  1.08   .87  1.47   .37   .50   .49   .43   .63   .57   .78  1.55
% SE      9.94 10.01 10.50 10.79 10.22  9.54  9.10 10.30 10.68  8.74  8.93  9.29
MEAN      4.24  3.96  3.91  3.67  3.42  3.49  3.20  3.23  3.18  3.18  3.84  4.21
STD DEV   2.46  2.32  2.28  1.74  1.29  1.29  1.12  1.13  1.16  1.42  2.25  2.51
SKEW      1.70  1.88  2.23  1.55   .59   .37   .35   .31   .46  1.90  1.92  1.63
% SSE    14.76 12.02 12.95 12.42 13.08 15.40 18.50 16.75 13.55  8.97 10.28 11.95
MEAN      5.99  5.16  4.68  4.11  3.75  3.81  3.53  3.57  3.51  3.70  4.87  5.57
STD DEV   3.59  3.09  2.75  2.06  1.54  1.37  1.19  1.18  1.45  1.95  2.94  3.43
SKEW      1.02  1.12  1.47  1.44   .79   .48   .22   .30  1.66  2.17  1.30  1.18
% S      10.15  9.60 12.73 12.31 15.70 18.26 21.42 19.18 13.22  8.64  7.33  8.30
MEAN      5.07  4.53  4.33  4.03  4.11  4.27  3.96  3.86  3.56  3.68  4.21  4.73
STD DEV   3.25  2.73  2.42  1.87  1.68  1.68  1.41  1.49  1.43  1.95  2.43  2.95
SKEW      1.37  1.29  1.71   .90   .56   .48   .46   .53   .50  2.43  1.34  1.28
% SSW     2.78  3.70  7.02  7.92 10.60 11.83 13.56 12.55  9.02  5.32  3.21  3.18
MEAN      4.09  3.93  4.06  4.11  4.44  4.43  4.14  4.17  3.77  3.79  3.77  4.77
STD DEV   2.43  2.04  1.94  2.00  1.95  1.89  1.64  1.66  1.57  1.92  2.24  3.17
SKEW      1.12   .93   .73   .92   .71   .53   .52   .57   .57   .94  1.06  1.37
% SW      2.03  2.96  5.76  7.67 10.36 11.50 12.36 11.08  8.27  4.85  2.57  2.14
MEAN      3.72  3.79  4.20  4.10  4.51  4.48  4.29  4.10  3.75  3.57  3.18  3.93
STD DEV   2.14  2.06  2.15  2.03  1.98  1.91  1.63  1.60  1.58  1.80  1.68  2.63
SKEW      1.30   .95   .80  1.02   .66   .71   .49   .48   .63  1.02  1.10  1.39
% WSW     1.07  1.53  2.93  3.79  5.07  5.35  6.00  6.01  4.90  2.74  1.47  1.01
MEAN      3.03  3.26  3.85  3.72  4.18  3.73  3.74  3.67  3.35  3.00  3.00  2.91
STD DEV   1.58  1.95  1.99  1.86  2.00  1.63  1.35  1.53  1.51  1.51  1.82  1.37
SKEW       .90  2.01   .92   .71   .81   .68   .31   .68   .69  1.00  1.82  1.60
% W       1.27  1.64  2.16  2.59  3.10  3.29  3.11  3.37  2.91  2.04  1.48  1.18
MEAN      2.52  2.58  3.05  3.15  3.53  3.44  3.35  3.17  2.83  2.47  2.45  2.43
STD DEV   1.17  1.13  1.62  1.51  1.68  1.44  1.25  1.24  1.23  1.12  1.12  1.27
SKEW      1.26   .92  1.12   .94  1.05   .76   .41   .48  1.05  1.41  1.63  1.47
% WNW     1.33  1.58  1.61  2.04  2.74  2.84  1.94  2.34  2.71  2.29  1.44  1.27
MEAN      2.49  2.67  3.04  2.97  3.60  3.34  3.19  2.78  2.72  2.70  2.45  2.48
STD DEV   1.08  1.32  1.54  1.28  1.75  1.34  1.14  1.07  1.09  1.39  1.05   .99
SKEW       .84  1.46  1.10   .79   .91   .61   .31   .42   .69  1.32   .81   .59
% NW      3.73  4.09  3.97  4.47  4.31  3.56  1.86  2.01  3.56  4.60  4.11  3.81
MEAN      3.28  3.70  4.03  3.79  4.26  3.94  3.23  3.19  3.22  3.63  3.11  3.21
STD DEV   1.77  2.22  2.21  2.11  2.24  2.02  1.17  1.26  1.43  2.12  1.59  1.84
SKEW      1.55  1.54  1.06  1.46  1.09  1.21   .44   .49  1.02  1.48  1.32  1.73
% NNW     6.83  7.31  6.65  5.92  4.70  3.31  1.09  1.40  4.12  6.53  6.87  6.25
MEAN      4.58  5.21  5.11  4.49  4.83  4.66  3.49  3.36  4.14  4.58  4.30  3.97
STD DEV   2.82  3.08  2.72  2.39  2.33  2.47  1.25  1.44  2.44  2.86  2.57  2.29
SKEW      1.21   .86   .72   .97   .69  1.10   .39   .90  1.53  1.06  1.15  1.33
CALM     27.75 26.31 18.24 16.86 11.33  9.26  7.54 10.05 17.12 29.47 33.09 32.10
 
INTERPOLATED DATA (station & weighting factor)
 
---Wind Stations---
SACRAMENTO/MA.CA     .472  SACRAMENTO/MC.CA     .472  FAIRFIELD/TRV.CA     .057
---Solar Radiation and Max .5 P Stations---
 BLUE CANYON, CALIF  .410   SAN FRANCISCO, CAL  .354   RENO, NEVADA        .236 
---Dewpoint Stations---
CA SACRAMENTO        .901  CA BLUE CANYON       .063  CA RED BLUFF         .035 
---Time Peak Stations---
FAIRFIELD 3 NNE CA   .337  CAPAY 5 WNW CA       .336  PLACERVILLE DISP PL  .327 
