 DENAIR CA                                42389 0
 LATT=  37.53 LONG=-120.80 YEARS= 36. TYPE= 1
 ELEVATION =  120. TP5 = 1.13 TP6= 4.30
 MEAN P    .31   .28   .27   .27   .15   .13   .22   .21   .20   .30   .30   .30
 S DEV P   .33   .28   .27   .28   .15   .14   .25   .22   .28   .32   .31   .32
 SKEW  P  1.78  1.40  1.47  2.06  1.70  1.13  1.30  1.41  2.24  2.54  1.47  2.04
 P(W/W)    .53   .52   .46   .46   .26   .20   .00   .21   .22   .33   .50   .47
 P(W/D)    .15   .15   .17   .10   .04   .02   .01   .01   .03   .05   .10   .14
 TMAX AV 53.36 60.57 65.74 72.79 81.03 88.71 93.76 91.52 87.39 77.90 64.51 53.92
 TMIN AV 35.13 38.30 39.57 43.08 48.37 53.77 56.85 55.92 52.72 45.66 38.78 35.15
 SD TMAX  6.70  6.08  6.66  8.46  8.48  8.05  5.90  5.96  6.92  7.49  7.58  6.75
 SD TMIN  7.62  6.95  5.68  5.49  5.28  5.42  4.75  4.51  5.28  6.33  6.97  7.38
 SOL.RAD  171.  268.  392.  540.  623.  686.  680.  613.  486.  350.  235.  146.
 SD SOL   45.6  45.2  48.8  45.1  49.1  41.4  36.6  79.5  50.1  29.2  30.7  44.6
 MX .5 P   .41   .33   .31   .27   .12   .11   .13   .17   .20   .53   .33   .36
 DEW PT  39.00 41.33 41.33 44.67 46.33 49.66 52.33 53.00 51.67 47.66 43.00 40.33
Time Pk   .751  .858  .885  .893  .900  .905  .912  .923  .933  .943  .962 1.000
% N       4.33  5.07  7.19  9.11  7.11  7.55  7.05  6.98  8.51  6.44  4.03  3.68
MEAN      3.72  3.96  4.24  4.09  3.73  4.21  3.36  3.61  3.93  4.03  3.15  3.60
STD DEV   2.07  2.04  2.41  2.32  1.73  1.85  1.25  1.42  1.88  2.18  1.82  2.19
SKEW       .94   .96   .97  1.04   .89   .62   .36   .32   .83  1.03  1.19  1.21
% NNE     1.95  1.74  1.83  1.97  1.17  1.26   .93  1.16  2.26  1.57  1.03  1.60
MEAN      3.09  3.03  2.88  3.34  3.08  3.38  2.71  3.07  2.98  2.78  2.64  2.77
STD DEV   1.44  1.57  1.38  1.89   .91  1.31   .92  1.03  1.37  1.24  1.10  1.46
SKEW       .74  1.08  1.50  1.09   .96   .43   .01   .39   .74  1.00   .80  1.40
% NE      2.66  2.06  1.70  1.68   .73   .66   .78   .87  2.19  2.15  2.10  2.73
MEAN      2.59  2.48  2.51  2.79  2.33  2.37  2.58  1.90  2.63  2.32  2.30  2.62
STD DEV   1.15  1.01  1.13  1.24   .81   .97   .46   .79   .96   .93   .88  1.07
SKEW      1.26   .93  1.10   .55   .74   .32   .61  1.07   .20  1.19   .84   .89
% ENE     2.83  1.48  1.14   .85   .46   .28   .40   .32   .57  1.01  1.43  2.74
MEAN      2.72  2.65  2.69  2.81  2.00  2.88  2.27  2.43  2.06  2.40  2.33  2.62
STD DEV   1.07  1.11  1.10  1.57   .78   .64   .40   .24   .64   .83  1.05  1.05
SKEW       .46   .70   .66   .96   .82   .25   .54 -1.12   .33   .18  1.14   .58
% E       3.10  3.08  2.24  1.98   .64   .29   .27   .38  1.01  2.02  2.98  3.74
MEAN      2.57  2.49  2.56  2.71  2.44  2.17  1.88  1.68  1.98  2.34  2.33  2.59
STD DEV   1.19  1.01  1.05  1.42   .88   .76   .61   .21   .68  1.05  1.04  1.16
SKEW      1.30   .97   .87  1.66  1.08   .57   .62  -.98  1.36  1.47   .98  1.40
% ESE     5.36  5.08  3.19  1.68   .56   .25   .06   .16   .71  1.90  4.07  6.01
MEAN      3.27  3.61  3.53  3.00  2.46  3.18  1.65  1.90  2.50  3.00  3.15  3.46
STD DEV   1.82  1.82  1.87  1.53   .97  1.11   .46   .54   .86  1.77  1.71  1.84
SKEW      1.44   .98  1.32  1.33   .42   .54   .00   .11   .30  1.62  1.26  1.05
% SE     13.01  8.78  6.31  3.38   .92   .51   .15   .30  1.62  3.30  8.03 12.22
MEAN      4.07  3.80  4.29  3.77  3.12  2.82  2.57  2.34  3.19  3.21  3.77  3.88
STD DEV   2.39  2.06  2.51  2.06  1.50  1.30   .37   .86  1.68  1.65  2.14  2.23
SKEW      1.88  1.22  1.13  1.05  1.48   .88   .29   .62   .96  1.33  1.23  1.42
% SSE     8.67  5.51  4.16  2.61   .71   .59   .11   .38  1.30  2.78  5.44  7.92
MEAN      4.10  4.05  4.44  4.12  2.81  3.18  1.80  2.93  2.85  3.82  3.79  3.89
STD DEV   2.39  2.76  2.57  2.25  1.18  1.39   .28  1.08  1.37  2.34  2.19  2.18
SKEW      1.19  1.70  1.14  1.01  1.20   .71   .00   .64  1.46  1.37  1.17  1.12
% S       4.67  4.15  3.63  2.72  1.32   .91   .71   .53  1.28  2.23  4.39  4.84
MEAN      2.82  2.87  3.52  2.97  2.70  2.78  2.64  2.43  2.58  2.78  2.87  3.01
STD DEV   1.44  1.60  2.13  1.44  1.06  1.31  1.23   .97  1.11  1.52  1.53  1.58
SKEW      1.83  1.68  1.40  1.12   .93  1.00   .91   .90  1.06  1.41  1.54  1.30
% SSW     3.09  3.40  4.14  2.36  3.06  2.88  2.37  2.31  2.76  3.22  3.80  3.38
MEAN      2.93  3.27  3.36  3.24  3.41  3.21  2.68  2.89  2.69  2.77  2.77  3.08
STD DEV   1.37  1.72  1.50  1.60  1.29  1.41   .90  1.06  1.07  1.17  1.22  1.37
SKEW       .91  1.64   .81   .89   .45   .83   .68   .56   .53  1.12  1.06   .85
% SW      2.70  3.57  5.46  5.79  9.07  7.27  7.38  5.50  4.60  3.80  3.52  3.04
MEAN      2.71  3.00  3.36  3.34  3.80  3.77  2.58  3.15  2.74  2.59  2.81  2.92
STD DEV   1.25  1.56  1.54  1.62  1.69  1.66  1.13  1.37  1.16  1.15  1.50  1.47
SKEW       .92  1.58   .91  1.06   .87   .71   .77   .65   .89  1.06  1.48  1.16
% WSW     2.41  2.87  4.56  4.10  6.59  5.44  4.81  5.64  4.79  3.24  3.25  2.19
MEAN      2.99  3.06  3.50  3.85  4.17  4.18  3.62  3.68  3.22  2.97  3.01  2.78
STD DEV   1.48  1.50  1.59  1.73  1.81  1.73  1.41  1.60  1.39  1.45  1.32  1.39
SKEW      1.36  1.41   .82   .69   .75   .53   .51   .65   .71  1.30   .88  1.23
% W       4.20  5.60  7.70 10.12 15.09 14.90 13.54 14.03 10.16  8.82  5.58  3.22
MEAN      2.85  3.00  3.47  3.66  4.14  4.11  3.65  3.62  3.26  2.93  2.60  2.41
STD DEV   1.29  1.41  1.60  1.74  1.71  1.64  1.38  1.49  1.35  1.32  1.17   .97
SKEW       .91  1.02   .99   .88   .60   .39   .35   .95   .60   .94  1.19  1.08
% WNW     3.38  4.21  6.06  8.16 10.91 12.45 15.55 14.23 11.28  7.93  4.20  2.82
MEAN      3.30  3.32  4.10  3.78  4.28  4.35  4.07  3.89  3.57  3.51  3.23  2.95
STD DEV   1.56  1.55  2.01  1.62  1.61  1.63  1.49  1.46  1.31  1.66  1.58  1.17
SKEW       .95  1.10   .94   .73   .48   .62   .51   .37   .30  1.40  1.01   .80
% NW      6.05  8.15 10.13 13.90 18.97 22.16 24.50 22.64 19.66 15.63  7.61  5.39
MEAN      3.71  4.02  4.19  4.18  4.24  4.39  3.93  3.73  3.60  3.77  3.45  3.53
STD DEV   1.82  2.30  2.09  1.99  1.73  1.79  1.44  1.43  1.34  1.85  1.66  1.80
SKEW      1.37  1.48  1.16  1.05   .55   .64   .36   .60   .68  1.34   .96  1.19
% NNW     4.83  6.69 10.24 13.94 14.76 15.87 15.65 14.69 13.73 11.17  5.39  4.12
MEAN      4.48  5.23  5.35  5.27  4.11  4.97  3.82  3.78  4.08  4.08  3.76  4.04
STD DEV   2.50  2.97  2.84  2.57  1.61  1.98  1.43  1.35  1.74  1.95  1.81  2.31
SKEW      1.16   .98   .69   .89   .48   .60   .49   .46   .68  1.13  1.15  1.39
CALM     26.78 28.60 20.31 15.59  7.91  6.64  5.75  9.82 13.54 22.73 33.14 30.35
 
INTERPOLATED DATA (station & weighting factor)
 
---Wind Stations---
MERCED/CASTLE CA     .474  STOCKTON      CA     .318  LIVERMORE     CA     .208
---Solar Radiation and Max .5 P Stations---
 FRESNO, CALIFORNIA  .394   SAN FRANCISCO, CAL  .347   BLUE CANYON, CALIF  .259 
---Dewpoint Stations---
CA FRESNO            .335  CA OAKLAND           .333  CA SACRAMENTO        .333 
---Time Peak Stations---
MODESTO 2 CA         .636  CATHAY BULL RUN RCH  .196  HOLLISTER 9 ENE CA   .169 
