 MECCA CA                                 45502 0
 LATT=  33.55 LONG=-116.03 YEARS= 45. TYPE= 1
 ELEVATION = -180. TP5 = 1.21 TP6= 2.81
 MEAN P    .26   .24   .16   .12   .12   .11   .34   .24   .38   .28   .24   .20
 S DEV P   .38   .35   .23   .17   .14   .10   .58   .36   .69   .39   .35   .24
 SKEW  P  2.72  2.06  2.57  2.24  1.31   .76  2.33  3.67  4.57  2.50  2.90  1.97
 P(W/W)    .31   .37   .20   .25   .17   .00   .06   .32   .23   .23   .26   .33
 P(W/D)    .05   .04   .04   .02   .01   .00   .01   .02   .02   .03   .03   .04
 TMAX AV 69.47 75.02 79.60 87.76 94.59102.60106.83105.32101.66 91.80 79.17 70.41
 TMIN AV 37.80 42.57 47.66 54.23 60.77 66.96 74.51 74.12 67.83 57.09 45.14 37.54
 SD TMAX  7.19  7.36  7.40  7.93  7.49  7.16  4.62  5.02  6.20  7.60  7.19  6.88
 SD TMIN  7.04  7.01  6.46  5.94  5.68  5.69  5.99  5.96  6.88  6.77  7.08  6.38
 SOL.RAD  260.  345.  460.  543.  598.  623.  591.  553.  483.  380.  303.  244.
 SD SOL   32.8  34.8  38.2  50.6  59.1  61.5  66.2 120.5  58.4  33.7  24.2  29.1
 MX .5 P   .43   .26   .28   .18   .23   .03   .26   .63   .22   .24   .21   .37
 DEW PT  32.24 33.68 34.49 38.49 40.85 45.17 54.60 56.89 52.28 45.31 36.61 33.81
Time Pk   .808  .883  .906  .927  .937  .942  .946  .956  .957  .973  .987 1.000
% N      10.26  6.94  7.25  8.24  7.24  5.60  3.83  3.91  8.61 13.15 12.20 12.32
MEAN      3.28  3.72  4.12  4.20  4.70  4.30  3.55  3.68  3.61  3.52  3.17  3.76
STD DEV   1.51  1.91  2.23  2.30  2.23  2.21  1.46  1.76  1.80  1.55  1.39  1.81
SKEW       .82  1.06   .76  1.01   .61   .76   .63   .69   .98   .88   .92  1.49
% NNE     8.15 11.59 10.06 10.83  7.59  5.89  6.04  8.87 11.59 10.58  6.80  8.03
MEAN      3.30  3.15  3.35  3.95  3.83  3.26  3.03  3.27  3.39  3.38  3.59  3.61
STD DEV   1.71  1.41  1.48  1.86  1.86  1.41  1.38  1.23  1.25  1.34  1.91  1.42
SKEW      1.00   .89  1.01  1.15   .94   .72  1.07   .61   .68   .67  1.73   .38
% NE      4.78  6.49  4.49  4.07  2.82  2.46  2.69  2.69  2.59  2.81  2.29  3.50
MEAN      3.84  3.06  2.84  2.85  2.85  2.51  2.41  2.48  2.54  2.56  2.55  2.80
STD DEV   2.11  1.67  1.32  1.28  1.33  1.14  1.08   .96  1.07  1.15   .97  1.23
SKEW       .77  1.65  1.06   .55  1.11   .72   .94   .90   .73   .74   .27   .68
% ENE     1.97  2.75  1.40  1.89  1.83  1.49  2.21  1.72  3.06  6.38  5.78  3.01
MEAN      3.54  2.54  2.56  3.16  2.80  2.74  2.62  2.70  3.05  2.55  2.88  2.92
STD DEV   1.81  1.06  1.10  1.63  1.00   .87   .84  1.09  1.19  1.04  1.24  1.01
SKEW      1.05   .66   .43   .90   .79   .43  1.05   .74   .62   .10   .78   .77
% E       2.53  2.53  1.10  2.26  1.75  1.29  2.19  1.49  2.09  1.72  3.81  2.51
MEAN      2.72  3.02  2.02  2.66  2.42  2.38  2.63  2.46  3.05  2.15  2.49  2.46
STD DEV   1.08  1.35   .74   .86   .67   .65  1.14   .97  1.10   .82  1.19   .93
SKEW       .09   .11  -.49   .69   .73   .44   .44   .53   .44   .31   .91   .06
% ESE     1.02   .67   .93   .90   .57  1.09  2.36  1.99  1.58  1.25   .91   .90
MEAN      3.38  3.06  2.84  2.78  2.78  2.42  3.39  3.46  3.30  3.05  2.91  2.60
STD DEV   2.38  1.22   .83  1.11  1.09  1.06  1.41  1.44  1.40  1.39  1.36   .70
SKEW      1.55   .38   .32  -.12   .43   .96   .47   .53   .69   .21   .79   .69
% SE      6.15  5.21  5.94  7.06  6.26  9.66 12.78 11.98  7.05  5.59  6.16  5.37
MEAN      3.26  3.15  3.58  3.46  4.03  3.73  4.34  4.28  3.75  3.43  2.97  2.88
STD DEV   1.80  1.47  1.37  1.41  1.57  1.45  1.95  1.65  1.38  1.34  1.29  1.33
SKEW      1.45   .68   .47   .30   .40   .30   .57   .46   .18   .35   .72   .95
% SSE     5.43  5.12  5.94  6.76  7.79  7.77 15.85 12.90 10.94  7.86  5.80  3.52
MEAN      3.33  3.61  4.37  4.15  3.86  4.69  4.89  4.84  4.35  3.95  3.38  3.52
STD DEV   1.42  1.10  1.89  1.66  1.55  1.85  1.87  1.66  1.61  1.58  1.15  1.18
SKEW       .83   .33   .59   .25   .23   .15   .34   .41   .83   .40   .36   .22
% S       4.15  3.32  4.16  5.16  4.75  4.07  7.51  6.82  6.17  3.85  3.25  4.70
MEAN      3.14  3.16  3.21  3.66  3.52  3.76  3.82  4.44  3.43  3.13  2.97  3.38
STD DEV   1.33  1.23  1.37  1.43  1.49  1.54  1.83  2.02  1.49  1.33  1.03  1.40
SKEW       .36   .48   .34   .45   .52   .41   .52   .77   .49   .26   .75   .51
% SSW     2.59  2.64  2.89  1.60  1.85  1.91  3.05  2.85  2.58  2.86  2.93  2.39
MEAN      3.38  3.08  3.62  2.66  3.08  3.04  3.42  3.90  3.49  3.58  2.98  3.09
STD DEV   1.50  1.23  1.42  1.40  1.10  1.31  1.13  1.17  1.43  1.50  1.11  1.19
SKEW       .47   .93   .40  1.15  -.04   .74   .23   .10   .88   .69   .57   .73
% SW      3.03  3.12  4.01  3.23  1.60  2.22  2.55  2.43  2.20  1.84  2.42  3.19
MEAN      3.38  2.98  3.33  3.72  4.36  3.13  2.75  3.24  3.33  2.41  2.83  3.33
STD DEV   1.51  1.68  1.22  1.96  1.09  1.75  1.32  1.24  1.69   .92  1.62  1.43
SKEW       .76   .80   .69   .84   .56   .95   .88   .43   .76   .87  1.27   .83
% WSW     4.66  4.83  5.24  2.16  3.73  5.50  1.85  3.42  7.24  5.77  3.63  4.96
MEAN      4.29  4.50  4.68  5.31  4.75  3.70  3.33  4.07  3.88  4.98  4.88  4.05
STD DEV   2.10  2.89  2.13  2.63  2.27  1.43  1.45  1.55  1.90  2.25  1.90  1.90
SKEW       .88  1.69   .36  1.11   .30   .15   .82   .47  1.18  1.70   .65  1.00
% W       7.25  6.27  8.78  8.42  7.87  5.52  8.41  9.01  4.61  3.24  3.88  6.46
MEAN      4.22  4.28  4.70  4.86  4.91  3.20  3.96  3.67  3.23  3.14  3.82  4.09
STD DEV   2.26  2.34  3.27  2.87  2.98  1.47  1.96  1.82  1.48  1.45  2.11  2.08
SKEW      1.11   .85  1.74   .77   .96   .82  1.33   .72   .73  1.09   .53  1.45
% WNW     3.24  3.13  2.79  2.33  2.38  1.88  2.28  2.39  2.28  2.99  3.54  3.68
MEAN      3.54  3.22  4.72  4.62  4.69  3.20  3.13  3.15  3.19  3.38  3.94  4.26
STD DEV   1.99  1.88  2.72  2.77  2.52  2.12  1.62  1.58  1.75  1.30  2.21  2.18
SKEW      1.54  1.09  1.51  1.03   .61  1.63  1.06  1.07  1.27   .68  1.52   .86
% NW      9.82 12.62 11.57  7.03  6.87  4.90  5.28  8.61  6.08  7.89 12.05 10.97
MEAN      3.73  4.00  4.31  4.03  4.28  3.77  3.55  4.06  3.38  3.95  3.76  4.74
STD DEV   1.57  2.03  2.23  2.23  2.00  2.06  1.48  1.89  1.69  1.60  1.78  2.60
SKEW      1.16  1.03   .77   .90   .56   .76   .41   .89   .72   .80  1.04  1.15
% NNW    20.89 17.89 21.20 25.95 33.15 36.17 17.45 16.64 18.94 19.02 21.01 20.31
MEAN      3.84  4.29  5.29  5.54  5.68  5.77  4.36  4.43  4.09  4.09  4.39  4.30
STD DEV   1.83  2.31  2.34  2.25  2.12  2.19  1.87  1.69  1.90  1.68  2.15  2.27
SKEW       .98   .89   .47   .30   .31   .11   .20   .56   .59   .83  1.08  1.25
CALM      4.09  4.65  2.26  2.08  1.86  2.57  3.72  2.35  2.29  3.38  3.60  4.24
 
INTERPOLATED DATA (station & weighting factor)
 
---Wind Stations---
THERMAL       CA     .775  MOUNT LAGUNA  CA     .133  BLYTHE        CA     .092
---Solar Radiation and Max .5 P Stations---
 SAN DIEGO, CALIFOR  .431   YUMA, ARIZONA       .363   LAS VEGAS, NEVADA   .206 
---Dewpoint Stations---
CA SAN DIEGO         .432  AZ YUMA              .363  NV LAS VEGAS         .205 
---Time Peak Stations---
HUREY CREEK PARK CA  .593  SAN JACINTO R S CA   .407                            
