 KERN RIVER PH 3 CA                       44523 0
 LATT=  35.78 LONG=-118.43 YEARS= 45. TYPE= 2
 ELEVATION = 2700. TP5 = 1.00 TP6= 2.32
 MEAN P    .45   .38   .30   .22   .11   .15   .13   .19   .20   .17   .36   .32
 S DEV P   .52   .44   .38   .27   .14   .24   .19   .25   .29   .20   .45   .39
 SKEW  P  1.98  2.25  2.56  2.77  2.40  2.85  2.77  2.45  3.24  1.81  3.48  1.92
 P(W/W)    .54   .54   .54   .44   .26   .32   .14   .33   .36   .35   .43   .49
 P(W/D)    .11   .12   .13   .09   .06   .01   .03   .02   .04   .05   .08   .11
 TMAX AV 58.96 62.94 65.80 73.35 80.93 90.42 97.47 96.34 90.95 80.22 67.50 60.02
 TMIN AV 32.25 35.35 38.10 43.75 50.89 58.63 64.98 63.28 57.95 48.02 38.10 32.68
 SD TMAX  8.64  8.58  8.97  9.75  9.24  7.98  5.11  5.63  7.49  9.06  8.76  8.62
 SD TMIN  7.08  6.92  6.26  7.06  7.33  7.34  6.05  6.30  7.67  7.98  7.12  6.95
 SOL.RAD  229.  325.  468.  560.  652.  707.  679.  636.  594.  421.  268.  202.
 SD SOL   33.1  32.9  28.8  41.1  40.3  34.0  37.0  68.5  20.2  12.2  26.5  33.0
 MX .5 P   .22   .21   .24   .13   .22   .05   .15   .24   .29   .57   .17   .26
 DEW PT  35.61 37.72 37.44 40.58 41.12 44.58 48.71 49.85 47.86 43.00 39.61 37.00
Time Pk   .826  .882  .899  .911  .915  .916  .921  .929  .935  .950  .962 1.000
% N       4.80  6.53  8.24  8.75  9.41  9.84  8.43  7.69  7.51  6.76  5.16  4.69
MEAN      3.50  3.97  4.29  4.31  4.21  3.64  3.18  3.17  3.41  4.36  3.74  3.68
STD DEV   2.09  2.25  2.43  2.24  2.02  1.85  1.29  1.41  1.76  2.42  2.14  2.41
SKEW      1.02   .86   .89   .75   .67  1.21  1.25  1.34  1.06   .72   .71  1.00
% NNE     2.03  2.50  2.52  2.35  2.55  2.53  2.60  2.62  2.59  2.43  2.32  2.04
MEAN      2.69  3.52  3.65  3.85  3.88  3.21  2.88  3.03  3.15  3.87  3.05  3.22
STD DEV   1.37  2.06  2.05  2.03  1.93  1.43  1.12  1.20  1.61  2.16  1.84  2.10
SKEW      1.18  1.05  1.02   .84   .66  1.18   .66   .82  1.06   .89  1.44  1.28
% NE      3.26  3.19  2.68  2.06  1.73  1.59  1.68  1.82  2.43  2.91  3.36  3.04
MEAN      2.19  2.52  2.72  2.78  2.93  2.79  2.68  2.66  2.59  2.42  2.27  2.21
STD DEV    .89  1.30  1.52  1.32  1.30  1.25  1.05  1.07  1.08  1.09   .98   .92
SKEW       .90  1.50  1.52  1.20  1.49   .69   .49   .56   .83  1.54  1.29  1.04
% ENE     2.93  3.13  2.91  2.02  1.50  1.08  1.16  1.20  1.98  2.88  3.24  2.75
MEAN      2.32  2.52  2.54  2.63  2.48  2.51  2.57  2.54  2.47  2.27  2.27  2.12
STD DEV    .96  1.15   .95  1.11   .98  1.06   .99   .98   .94   .88   .86   .74
SKEW      1.25  1.18   .97   .81   .77   .85   .69   .71   .51  1.09   .67   .66
% E       5.72  5.91  4.97  4.32  3.09  2.98  2.79  2.95  4.22  5.44  6.03  4.94
MEAN      2.40  2.52  2.71  2.80  2.79  2.58  2.75  2.56  2.58  2.49  2.52  2.36
STD DEV    .96  1.09  1.14  1.18  1.16  1.08  1.26  1.09  1.07  1.04  1.18   .99
SKEW       .76   .90   .77   .77   .86   .82  1.17   .92   .78   .93  1.44   .97
% ESE     4.06  3.78  3.58  2.81  2.29  1.91  2.08  2.04  3.01  3.57  3.74  3.70
MEAN      2.72  2.96  3.08  2.86  2.99  2.77  2.77  2.72  2.67  2.72  2.79  2.85
STD DEV   1.48  1.56  1.45  1.17  1.30  1.12  1.10  1.12  1.07  1.17  1.36  1.40
SKEW      2.17  1.25  1.14   .66  1.12   .80   .79   .60   .69  1.07  1.32  1.36
% SE      4.74  4.41  4.09  3.70  3.34  3.27  3.55  3.20  3.94  4.14  4.24  4.48
MEAN      2.90  3.04  3.07  2.88  2.83  2.75  2.63  2.85  2.65  2.48  2.89  2.99
STD DEV   1.60  1.58  1.71  1.28  1.40  1.05   .98  1.29  1.07   .96  1.45  1.60
SKEW      1.81  1.21  1.68   .76  1.98   .44   .64   .76   .64   .64  1.34  1.30
% SSE     3.80  3.52  2.83  2.31  2.05  2.07  2.41  2.52  2.30  2.45  3.07  3.80
MEAN      3.15  3.14  3.43  3.24  2.95  3.04  3.02  3.00  2.81  2.61  3.07  3.18
STD DEV   1.84  1.63  1.95  1.65  1.23  1.30  1.36  1.31  1.14  1.15  1.74  1.78
SKEW      1.51   .95  1.13  1.31   .86   .65  1.07   .62   .78   .87  1.22  1.52
% S       5.37  5.48  5.18  5.18  4.92  5.25  6.16  6.65  5.05  4.75  4.67  5.31
MEAN      3.52  3.52  3.76  3.74  3.40  3.21  3.22  3.30  3.11  3.10  3.27  3.13
STD DEV   2.16  2.28  2.20  1.93  1.64  1.50  1.38  1.47  1.46  1.66  1.87  2.00
SKEW      1.32  1.62  1.76   .64   .72   .75   .54   .62   .70  1.11  1.14  1.93
% SSW     3.46  3.53  4.07  4.62  4.67  4.75  5.66  6.23  4.93  3.75  3.34  2.95
MEAN      3.48  3.47  3.88  3.99  3.77  3.59  3.40  3.38  3.32  3.48  3.47  3.26
STD DEV   2.10  1.79  2.00  1.95  1.70  1.42  1.39  1.31  1.44  1.80  1.91  1.82
SKEW       .89   .93   .71  1.07   .69   .62  1.04   .57   .82  1.13  1.00  1.02
% SW      6.49  6.54  7.39  7.84  7.49  7.39  7.23  7.27  7.44  7.52  6.98  6.31
MEAN      3.03  3.30  3.71  3.81  3.84  3.75  3.28  3.34  3.25  3.22  2.99  2.80
STD DEV   1.75  1.77  2.05  1.95  2.01  1.73  1.45  1.54  1.57  1.75  1.58  1.46
SKEW      1.22  1.11   .96   .82   .85   .70   .77  1.54   .87  1.21  1.09  1.15
% WSW     3.91  4.19  5.25  5.20  4.59  4.50  3.82  4.13  4.40  4.58  4.06  3.70
MEAN      2.98  3.60  4.14  4.22  4.49  4.04  3.68  3.47  3.42  3.33  3.11  2.93
STD DEV   1.76  2.18  2.34  2.35  2.40  2.01  1.72  1.59  1.74  1.93  1.79  1.66
SKEW      1.18  1.25   .82   .88   .69   .73   .93   .71  1.00  1.34  1.30  1.15
% W       5.79  6.13  7.34  7.83  7.63  7.35  6.76  7.02  7.10  6.34  5.96  5.31
MEAN      2.88  3.15  3.92  4.03  4.14  4.09  3.60  3.54  3.27  2.91  2.95  2.93
STD DEV   1.69  1.99  2.25  2.18  2.18  2.07  1.61  1.66  1.59  1.45  1.69  1.81
SKEW      1.56  1.53  1.00  1.06  1.03   .98   .62   .62   .71  1.24  1.36  1.59
% WNW     3.76  3.95  5.37  6.79  7.55  8.09  8.78  8.55  6.71  4.77  3.94  3.70
MEAN      3.05  3.38  4.03  4.31  4.38  4.13  3.65  3.53  3.28  3.18  2.99  3.03
STD DEV   1.63  1.82  2.27  2.03  2.09  1.93  1.50  1.50  1.40  1.54  1.59  1.64
SKEW      1.70  1.12  1.34   .59   .91   .68   .42   .60   .74   .77  1.19  1.20
% NW      5.53  6.22  7.96  9.55 12.07 11.79 11.53 10.91  9.28  7.21  5.49  5.05
MEAN      3.36  3.76  4.06  4.15  4.38  3.98  3.76  3.39  3.64  3.64  3.26  3.17
STD DEV   1.86  2.10  2.17  2.06  2.14  1.79  1.63  1.44  1.84  1.89  1.67  1.82
SKEW      1.20  1.05  1.12   .90   .78   .83   .69   .78   .90   .94  1.02  1.40
% NNW     4.55  6.14  8.60 10.58 12.85 13.04 10.90  9.72  8.36  7.16  4.70  4.01
MEAN      3.69  4.57  4.54  4.54  4.65  4.32  3.50  3.38  3.75  4.52  3.66  3.81
STD DEV   2.06  2.59  2.37  2.21  2.14  2.06  1.49  1.43  1.97  2.41  2.08  2.23
SKEW       .93   .94   .78   .71   .78   .78  1.16   .83   .98   .83   .94   .99
CALM     29.79 24.87 16.99 14.09 12.26 12.52 14.40 15.46 18.76 23.35 29.73 34.23
 
INTERPOLATED DATA (station & weighting factor)
 
---Wind Stations---
BAKERSFIELD   CA     .408  CHINA LAKE    CA     .380  LEMOORE       CA     .212
---Solar Radiation and Max .5 P Stations---
 BAKERSFIELD, CALIF  .600   FRESNO, CALIFORNIA  .260   LAS VEGAS, NEVADA   .140 
---Dewpoint Stations---
CA BAKERSFIELD       .603  CA FRESNO            .256  NV LAS VEGAS         .141 
---Time Peak Stations---
GLENNVILLE FLTN R S  .671  TEHACHAPI AIRPORT C  .202  INDEPENDENCE CA      .127 
