 ANTIOCH PUMP PLANT 3 CA                  4 232 0
 LATT=  37.98 LONG=-121.73 YEARS= 38. TYPE= 1
 ELEVATION =   60. TP5 = 1.19 TP6= 4.44
 MEAN P    .25   .25   .22   .20   .16   .15   .09   .11   .21   .26   .24   .21
 S DEV P   .34   .31   .23   .22   .21   .17   .11   .12   .27   .39   .32   .27
 SKEW  P  2.80  2.18  1.73  2.69  2.65  2.61  2.47  1.72  1.99  4.14  2.44  2.18
 P(W/W)    .57   .60   .57   .49   .29   .09   .31   .22   .24   .41   .48   .59
 P(W/D)    .18   .18   .17   .10   .05   .02   .01   .01   .03   .06   .15   .17
 TMAX AV 53.29 60.49 65.17 71.57 78.82 85.96 90.78 89.83 86.21 77.75 64.53 54.47
 TMIN AV 36.03 40.27 42.78 45.68 50.65 55.45 56.63 56.01 54.34 49.35 42.26 36.48
 SD TMAX  6.61  6.15  6.51  8.31  8.52  8.73  6.91  6.48  7.46  8.04  7.32  7.07
 SD TMIN  6.42  5.88  5.32  5.60  5.85  5.77  4.96  4.56  4.67  5.60  6.40  6.55
 SOL.RAD  162.  259.  373.  535.  610.  676.  677.  608.  472.  337.  229.  137.
 SD SOL   46.9  46.8  53.7  45.7  52.8  44.4  37.0  79.6  53.6  32.5  31.3  46.1
 MX .5 P   .47   .40   .32   .32   .11   .10   .16   .18   .18   .50   .42   .35
 DEW PT  39.38 41.50 41.50 44.89 46.78 50.27 52.78 53.38 52.10 48.38 43.49 40.50
Time Pk   .757  .833  .860  .880  .891  .906  .916  .929  .943  .961  .975 1.000
% N      10.17  5.04  6.80  5.99  3.17  2.24  3.83  5.08  6.17  9.73  8.61 10.52
MEAN      4.23  4.30  4.92  4.21  4.53  2.78  3.69  3.50  3.87  5.87  4.36  4.53
STD DEV   2.06  1.98  2.51  1.79  1.33  1.13  1.30  1.17  1.78  3.60  2.08  2.85
SKEW       .83   .83  1.29   .12   .44   .34   .40   .51  1.14   .84   .58  1.42
% NNE     7.81  4.19  5.43  2.27  1.51   .72   .72  1.09  1.62  4.37  5.43  5.82
MEAN      3.98  3.44  3.79  3.48  6.01  2.14  1.90  3.37  3.67  3.78  3.53  3.19
STD DEV   1.48  1.44  1.47  1.14   .88   .70   .59   .81   .84  1.40  1.18  1.30
SKEW       .67   .76   .57   .51   .37   .22   .14   .47   .34  1.10   .67  1.24
% NE      3.79  2.61  2.03  1.93  1.28   .37   .80   .65  1.36  1.76  3.93  3.65
MEAN      3.90  3.34  3.45  3.17  4.54  1.93  2.87  1.55  3.87  3.72  3.28  2.50
STD DEV   1.33   .74   .65   .66   .54   .28   .18   .59   .70   .62   .94   .58
SKEW       .63   .72   .42   .40   .20   .07  -.57   .24   .23   .55   .69   .50
% ENE     3.83  2.09  1.92   .44   .33   .19   .20   .25   .79  1.40  2.19  3.14
MEAN      3.67  3.84  4.19  1.62  1.54  1.72   .70  1.34  2.94  3.03  3.10  3.46
STD DEV   1.15   .56  1.51   .54   .48   .18   .18   .20   .52   .61  1.30  1.31
SKEW       .46   .27   .47   .31   .41   .21   .19  -.59   .36   .83   .50   .48
% E       2.49  2.69  2.52  1.04   .63   .38   .13   .24   .56  1.32  2.58  2.84
MEAN      2.34  3.29  3.23  2.69  2.78  4.01   .68  1.50  1.39  3.06  4.49  1.51
STD DEV    .55   .55  1.73   .55   .61   .20   .19   .17   .47   .49   .61   .59
SKEW       .40   .29   .75   .60   .49   .30   .31   .36   .40   .48   .51   .55
% ESE     2.50  3.65  1.84   .61   .20   .38   .02   .09   .26   .82  2.84  2.57
MEAN      1.64  3.17  3.80  1.68  1.40  2.97   .70   .68  1.34  1.51  2.73  1.68
STD DEV    .70  1.18   .91   .66   .56   .31   .15   .14   .53   .69  1.00   .77
SKEW       .54  1.29   .69   .34   .19   .13   .00   .11   .47   .59   .24   .87
% SE      6.31  4.88  3.01  1.11   .37   .16   .01   .35   .92  2.44  6.19  7.72
MEAN      3.88  4.07  3.88  2.36  1.85  1.82   .84  1.86  2.50  3.34  3.66  3.86
STD DEV   1.37  2.27  1.62  1.15  1.03   .73   .00   .13   .63  1.40  1.75  1.81
SKEW       .47   .81   .56   .49   .65   .24   .00   .32   .31  1.75   .73  1.16
% SSE     5.65  5.33  3.20   .90   .46   .65   .02   .08  1.28  3.11  8.62  7.92
MEAN      5.82  4.62  4.37  2.52  3.45  3.58   .56  1.27  2.69  3.57  4.02  4.15
STD DEV   1.57  2.66  1.97  1.26  1.32   .40   .00   .36   .98  1.66  2.03  2.17
SKEW       .41  1.31  -.30   .47   .64   .43   .00   .27   .89  1.47  1.36  1.43
% S      15.57 13.76  8.25  5.85  5.10  9.48  8.15  6.91  7.54 10.35  9.58 12.59
MEAN      4.55  4.31  3.52  3.76  3.84  4.73  4.01  3.94  3.70  3.61  3.44  4.25
STD DEV   2.31  2.05  1.55  1.82  1.72  1.65  1.16  1.45  1.78  1.78  1.74  2.13
SKEW      1.20  1.20  1.08  1.54   .94   .53   .51   .68  1.52  1.84  1.39  1.07
% SSW     5.12  6.45  6.10  5.56  9.37  8.89  6.71  5.02  4.66  3.70  2.90  3.23
MEAN      4.80  4.29  3.82  3.66  4.88  5.25  5.17  5.12  4.94  3.91  3.20  3.78
STD DEV   2.13  2.25  1.67  1.64  2.02  2.05  2.14  2.31  2.21  1.53  1.19  2.00
SKEW       .57  1.15   .92   .95   .59   .04   .41   .60   .54   .71  1.28   .86
% SW      5.09  6.31  9.90 15.76 18.15 20.99 17.63 14.79 13.16  8.79  5.63  3.94
MEAN      4.41  4.76  4.30  5.18  5.43  6.08  5.53  4.73  4.74  4.47  3.59  3.69
STD DEV   2.07  2.59  1.66  2.05  2.08  1.98  1.78  1.84  1.75  1.78  1.52  1.58
SKEW       .90  1.11   .77   .32   .50   .32   .43   .57   .78   .82   .59  1.10
% WSW     4.08  6.22  9.41 16.06 17.51 22.59 19.47 17.55 14.37 10.14  4.63  3.40
MEAN      5.12  4.24  4.83  5.36  5.91  6.52  6.32  5.36  5.20  4.93  4.12  4.26
STD DEV   2.43  1.96  1.96  2.26  2.12  2.00  1.92  1.92  1.89  2.10  1.56  1.86
SKEW       .66   .80   .68   .73   .38   .03   .17   .47   .47   .59   .37   .82
% W       5.23  8.37  9.87 13.59 16.33 14.54 13.92 11.47 13.07 10.28  4.28  5.09
MEAN      4.87  4.80  5.08  5.34  5.63  6.22  5.66  5.49  4.92  4.77  4.00  4.34
STD DEV   2.09  2.06  2.06  2.31  2.09  2.00  2.12  2.28  1.98  1.74   .85  2.03
SKEW       .55   .61   .18   .57   .21   .03   .06   .35   .30   .52   .60   .64
% WNW     3.06  3.27  6.97  9.27  9.50  7.00  9.34 11.55 10.41  6.59  3.92  2.94
MEAN      3.95  4.58  5.04  4.09  4.98  5.01  4.52  3.89  4.01  3.72  2.95  3.12
STD DEV   1.48   .87  1.69  1.44  1.75  1.74  1.64  1.42  1.56  1.72  1.21  1.12
SKEW       .49   .48   .18   .15   .64   .17   .38   .10   .40   .84   .73  1.10
% NW      2.75  5.20  7.55  7.28  8.06  4.89  9.21 10.90  8.67  5.16  3.55  4.56
MEAN      4.06  3.74  4.66  4.81  4.92  6.77  4.27  3.75  3.96  4.51  4.05  3.32
STD DEV   1.03  1.69  2.14  1.78  1.94  1.13  1.32  1.22  1.50   .90  1.84  1.38
SKEW       .58  1.61   .78   .53   .57   .64   .35   .37   .48   .58   .84   .62
% NNW     3.13  3.84  5.31  4.83  3.16  2.99  5.22  4.81  4.77  4.01  2.97  3.71
MEAN      4.77  4.82  5.19  4.93  5.05  4.93  4.39  3.47  3.83  6.30  3.81  4.92
STD DEV   2.00  2.20  2.82  2.30  1.51  1.28  1.60   .99  1.33  4.04  1.89  3.03
SKEW       .31   .33  1.02   .65   .32   .45   .52   .47   .58   .50  -.15  1.38
CALM     13.45 16.22  9.72  7.41  4.68  3.48  4.55  9.26 10.41 16.15 22.12 16.36
 
INTERPOLATED DATA (station & weighting factor)
 
---Wind Stations---
CONCORD       CA     .458  FAIRFIELD/TRV.CA     .280  STOCKTON      CA     .262
---Solar Radiation and Max .5 P Stations---
 SAN FRANCISCO, CAL  .600   BLUE CANYON, CALIF  .227   FRESNO, CALIFORNIA  .173 
---Dewpoint Stations---
CA OAKLAND           .496  CA SACRAMENTO        .392  CA FRESNO            .112 
---Time Peak Stations---
FAIRFIELD 3 NNE CA   .469  MOUNT TAMALPAIS 2 C  .266  MODESTO 2 CA         .265 
