 RIVERSIDE CA                             47470 0
 LATT=  33.97 LONG=-117.35 YEARS= 66. TYPE= 1
 ELEVATION =  900. TP5 = 1.18 TP6= 2.85
 MEAN P    .33   .35   .31   .23   .14   .07   .13   .26   .21   .20   .30   .33
 S DEV P   .37   .42   .41   .26   .21   .06   .26   .50   .31   .26   .34   .43
 SKEW  P  2.58  2.59  4.03  1.94  3.01  1.40  4.17  3.04  2.35  2.41  1.91  2.75
 P(W/W)    .52   .54   .47   .42   .38   .24   .09   .21   .30   .28   .39   .45
 P(W/D)    .11   .11   .12   .08   .03   .01   .01   .02   .03   .05   .07   .10
 TMAX AV 66.28 68.50 70.95 75.73 80.21 86.66 94.18 94.03 90.83 82.98 74.26 67.55
 TMIN AV 39.04 40.86 42.89 46.63 51.13 55.00 59.52 59.81 56.65 50.40 42.90 39.20
 SD TMAX  8.87  8.53  8.53  9.38  8.63  8.33  5.62  5.93  8.58  9.34  8.96  8.55
 SD TMIN  6.88  6.61  5.97  5.45  4.96  4.52  4.96  5.31  5.94  6.02  6.31  6.39
 SOL.RAD  248.  325.  443.  517.  578.  601.  586.  552.  501.  378.  284.  226.
 SD SOL   35.9  40.5  42.9  58.5  64.9  68.1  67.1 117.2  52.2  33.7  29.7  34.0
 MX .5 P   .45   .26   .29   .20   .26   .04   .05   .44   .19   .32   .25   .41
 DEW PT  32.21 34.57 36.71 41.30 43.45 47.43 51.69 53.41 50.94 45.60 38.28 35.61
Time Pk   .719  .786  .820  .843  .863  .878  .897  .913  .926  .946  .968 1.000
% N       4.22  4.68  3.20  3.08  2.61  2.95  3.07  2.11  2.32  3.49  3.76  4.95
MEAN      3.86  5.30  4.07  3.43  3.40  2.92  2.98  2.93  3.11  4.07  3.96  4.18
STD DEV   2.46  3.37  2.68  1.67  2.06  1.44  1.67  1.54  1.56  2.77  2.70  2.88
SKEW      1.24   .63  1.12   .81  1.52   .69   .73   .79   .62  1.12  1.53  1.47
% NNE     3.44  1.82  1.58  1.14   .96   .56   .56   .44   .82  1.55  2.24  3.55
MEAN      3.48  3.38  3.63  2.63  2.46  2.29  2.07  2.04  2.44  2.74  3.19  3.30
STD DEV   1.83  1.99  2.17  1.44  1.13  1.09   .77   .84  1.05  1.31  1.59  1.77
SKEW      1.06  1.26  1.14  1.39   .45   .45   .32   .39   .52   .57   .68   .88
% NE      4.24  2.00  1.64   .90   .75   .40   .38   .46   .93  1.29  3.11  4.60
MEAN      4.18  3.39  3.25  2.57  1.89  1.60  1.57  1.76  2.69  3.30  3.78  4.12
STD DEV   2.16  1.79  1.62  1.09   .85   .82   .50   .57  1.36  1.68  1.93  2.17
SKEW       .70   .83   .53   .53  1.42  2.19   .48  -.05  1.00   .63   .75   .84
% ENE     4.16  1.94  1.72   .64   .57   .32   .28   .34   .61  1.15  3.62  4.12
MEAN      4.95  3.70  3.72  2.68  2.41  2.18  1.89  2.28  4.34  3.67  4.44  5.00
STD DEV   2.45  1.90  1.96  1.46  1.30  1.22   .53  1.41  2.58  2.25  2.47  2.45
SKEW       .58   .49   .42  1.16   .61  1.43  -.68   .82   .61  1.06   .80   .68
% E       4.18  2.76  2.24  1.23   .87   .44   .48   .72  1.34  2.12  3.67  3.27
MEAN      4.69  3.91  3.52  2.60  3.34  1.84  1.72  2.61  4.65  4.71  4.45  4.12
STD DEV   2.53  2.05  2.17  1.54  2.07   .60   .53  1.56  2.93  2.76  2.25  2.08
SKEW       .38   .57   .91  1.38   .94  -.14  -.05   .83   .52   .54   .46   .41
% ESE     1.66  1.76  1.62  1.65   .67   .67   .48   .56  1.21  1.32  1.91  1.48
MEAN      2.96  2.86  2.85  2.76  2.43  1.94  2.07  2.02  3.22  3.08  3.32  2.58
STD DEV   1.51  1.53  1.59  1.26  1.06   .83   .84   .81  2.21  1.86  2.22  1.31
SKEW       .88  1.02   .98   .53   .73  1.10   .31   .48  1.37   .73  1.12   .83
% SE      3.76  4.90  4.04  3.49  2.57  1.77   .91  1.26  1.91  2.30  3.27  3.06
MEAN      3.37  3.06  2.79  2.98  2.61  2.50  2.38  2.35  2.69  2.73  3.11  2.51
STD DEV   1.74  1.48  1.31  1.35  1.16  1.03  1.07   .99  1.29  1.43  1.69  1.14
SKEW       .95   .99   .88   .73   .76   .48   .55   .67   .58  1.06   .91   .74
% SSE     3.22  3.68  3.94  4.40  4.06  3.52   .89  1.21  2.53  2.29  3.19  2.85
MEAN      3.22  3.22  3.00  2.99  3.02  3.12  2.74  2.51  2.97  2.49  3.09  2.79
STD DEV   1.73  1.58  1.48  1.45  1.35  1.32  1.61   .99  1.34  1.14  1.73  1.44
SKEW       .98   .95   .92   .83   .72   .59  1.29   .26   .85   .94  1.05   .90
% S       2.66  3.84  3.60  4.52  4.46  2.50   .99  1.36  2.28  2.05  3.04  2.80
MEAN      2.94  3.36  2.93  3.60  3.16  2.98  2.43  2.42  2.94  2.77  2.88  2.59
STD DEV   1.69  2.07  1.49  1.97  1.39  1.42  1.06   .95  1.42  1.73  1.53  1.21
SKEW      1.25  1.08   .62   .78   .48   .80   .36   .43   .84  1.95   .75   .69
% SSW      .88  1.08  1.18  1.69  1.22   .63   .28   .46   .56   .56  1.00   .89
MEAN      2.37  2.23  2.59  3.49  3.34  2.42  2.24  1.67  2.25  1.92  2.47  2.24
STD DEV   1.36  1.06  1.41  2.00  1.84  1.20   .92   .58  1.17   .82  1.32  1.06
SKEW      1.20   .71   .85   .64   .47   .60   .11   .05  2.27   .60   .64   .74
% SW       .66   .78   .82  1.13   .67   .39   .16   .32   .38   .46   .52   .82
MEAN      2.40  2.34  2.47  3.15  2.30  2.40  1.71  1.73  1.88  2.07  2.08  1.86
STD DEV   1.16  1.04  1.08  1.66  1.06   .99   .59   .58   .51   .84  1.16   .80
SKEW       .65   .77   .54   .37  1.05   .29   .00   .00  -.65   .31  2.04   .67
% WSW      .78   .90  1.02  1.09   .70  1.01   .51   .32   .51   .54   .68   .70
MEAN      2.08  2.27  3.26  3.81  2.93  3.32  3.65  2.27  2.25  1.84  2.42  2.55
STD DEV    .99   .97  1.82  1.69  1.65  1.59  1.18   .90   .93   .64  1.15  1.74
SKEW      1.18   .69   .65   .19   .52   .45   .10   .02   .47   .54   .61  1.63
% W       3.28  4.58  4.68  4.07  3.85  4.14  3.74  2.71  3.06  2.58  2.21  2.31
MEAN      2.70  3.31  3.68  4.15  3.45  3.73  3.59  3.28  3.65  2.84  3.16  3.24
STD DEV   1.29  1.65  1.95  2.10  1.78  1.55  1.59  1.52  1.81  1.35  2.10  2.06
SKEW       .74   .81  1.14   .54   .85   .21   .29   .42   .48   .57  2.19  1.27
% WNW     4.70  6.86  8.22  9.58 10.74 12.92 13.02 12.90 11.70  9.15  5.66  3.97
MEAN      2.84  3.54  3.92  4.55  4.32  4.22  4.31  4.48  4.34  3.86  3.45  2.96
STD DEV   1.29  1.56  1.74  1.90  1.96  1.87  1.92  2.03  1.86  1.72  1.44  1.36
SKEW       .70   .45   .45   .22   .46   .19   .25   .27   .19   .48   .25   .67
% NW      7.06  8.20 12.10 16.26 24.43 24.25 25.09 24.68 17.48 14.27  9.15  6.61
MEAN      3.50  3.64  3.91  4.35  4.44  4.58  4.78  4.91  4.47  3.95  3.49  3.24
STD DEV   1.71  1.64  1.63  1.84  1.97  1.98  2.04  2.04  1.95  1.73  1.60  1.58
SKEW      1.02   .64   .47   .31   .29   .19   .07   .03   .24   .35   .66  1.08
% NNW     3.96  4.46  4.10  5.78  7.54  8.51  8.54  6.80  5.86  5.17  3.92  3.79
MEAN      3.59  4.32  3.92  3.87  3.83  3.81  4.01  4.06  3.81  3.85  3.36  3.26
STD DEV   2.11  2.73  2.22  1.85  1.83  1.84  1.94  2.03  1.84  2.31  2.01  1.79
SKEW      1.19   .89  1.15   .49   .54   .53   .45   .51   .56  1.34  1.69  1.20
CALM     47.18 45.62 44.22 39.42 33.38 34.99 40.59 43.40 46.41 49.88 49.21 50.07
 
INTERPOLATED DATA (station & weighting factor)
 
---Wind Stations---
RIVERSIDE/MAR.CA    1.000  SAN BERNARDINOCA     .000  EL TORO       CA     .000
---Solar Radiation and Max .5 P Stations---
 SAN DIEGO, CALIFOR  .478   BAKERSFIELD, CALIF  .296   YUMA, ARIZONA       .226 
---Dewpoint Stations---
CA LONG BEACH        .553  CA SANDBERG          .293  AZ YUMA              .154 
---Time Peak Stations---
CRESTLINE FIRE ST 2  .353  LYTLE CREEK RS CA    .330  ELSINORE CA          .317 
