 WILLITS 1NE CA                           49684 0
 LATT=  39.42 LONG=-123.33 YEARS= 33. TYPE= 2
 ELEVATION = 1350. TP5 = 1.16 TP6= 5.31
 MEAN P    .74   .65   .54   .34   .25   .15   .23   .17   .33   .46   .60   .66
 S DEV P   .96   .80   .63   .39   .32   .23   .38   .23   .43   .59   .69   .87
 SKEW  P  2.33  2.73  2.14  1.99  2.13  2.79  2.61  2.90  2.33  2.17  1.63  3.59
 P(W/W)    .71   .73   .66   .58   .53   .27   .20   .42   .51   .58   .63   .70
 P(W/D)    .18   .19   .23   .16   .08   .04   .01   .03   .04   .12   .25   .23
 TMAX AV 55.84 58.85 60.26 65.05 72.12 79.31 85.94 85.51 82.82 74.59 61.07 54.63
 TMIN AV 32.74 35.18 36.51 37.22 40.68 44.81 47.23 46.37 42.96 39.55 36.13 32.88
 SD TMAX  7.14  7.92  8.31  9.50  9.66  9.51  7.90  7.76  8.91 10.04  7.98  6.68
 SD TMIN  7.53  7.49  5.99  5.25  5.00  5.02  4.68  4.70  5.17  6.54  7.69  8.28
 SOL.RAD  158.  253.  361.  519.  605.  677.  687.  611.  465.  321.  205.  122.
 SD SOL   42.3  43.2  52.6  47.6  52.3  43.2  32.8  72.4  52.2  32.2  33.0  44.5
 MX .5 P   .49   .55   .28   .27   .17   .18   .16   .22   .30   .41   .45   .41
 DEW PT  37.95 38.76 39.00 42.32 45.58 47.82 49.82 50.39 48.65 45.77 43.15 39.95
Time Pk   .843  .888  .904  .914  .923  .932  .946  .953  .960  .967  .981 1.000
% N       2.93  3.63  4.57  5.60  7.02  7.32  5.05  5.13  4.93  4.91  3.76  3.02
MEAN      3.30  3.20  3.87  3.81  4.07  4.15  3.89  3.71  3.57  3.47  3.27  2.95
STD DEV   1.84  1.67  2.05  1.90  1.83  1.82  1.70  1.53  1.67  1.83  1.81  1.63
SKEW      1.12   .87   .78   .72   .42   .45   .61   .73   .68   .78   .78  1.13
% NNE     1.60  2.13  2.61  2.91  3.73  4.49  3.57  3.14  2.85  2.50  1.72  1.49
MEAN      2.36  2.88  3.12  3.14  3.67  3.67  3.47  3.29  3.20  3.01  2.65  2.33
STD DEV    .88  1.40  1.45  1.61  1.61  1.47  1.36  1.40  1.60  1.46  1.22  1.13
SKEW       .52   .83   .95   .97   .66   .47   .50   .59   .87   .74   .78  1.10
% NE      1.28  1.70  1.63  1.84  2.40  2.29  2.34  2.40  2.53  1.91  1.30  1.19
MEAN      2.09  2.32  2.56  2.55  2.85  2.81  2.67  2.67  2.49  2.47  2.15  2.25
STD DEV    .81  1.05  1.16  1.04  1.23  1.18  1.16  1.14  1.09  1.14   .89   .95
SKEW       .65  1.16   .64   .58   .67   .50   .75   .66   .64   .85   .58   .90
% ENE     1.32  1.43  1.47  1.44  1.50  1.84  2.27  2.08  1.87  1.36  1.30  1.44
MEAN      2.15  1.99  2.34  2.34  2.62  2.52  2.49  2.44  2.39  1.98  1.99  1.93
STD DEV    .93   .72   .85   .87  1.06   .85  1.02  1.03  1.08   .69   .69   .72
SKEW       .82   .68   .48   .59   .67   .41   .90   .84  1.15   .51   .30   .42
% E       2.19  2.15  2.07  2.56  2.61  2.76  3.88  4.74  3.19  2.22  2.11  2.47
MEAN      2.01  2.20  2.21  2.26  2.38  2.55  2.64  2.61  2.32  1.97  2.09  2.10
STD DEV    .74   .86   .92   .87   .97   .94  1.12  1.02   .96   .70   .84   .75
SKEW       .47   .60  1.11   .73   .52   .37   .93   .63   .63   .43   .50   .37
% ESE     2.86  2.90  2.76  3.49  3.90  5.61  7.91  6.41  5.15  3.08  2.79  3.18
MEAN      3.08  2.92  2.85  2.98  3.04  2.97  3.21  3.15  2.85  2.65  2.96  2.67
STD DEV   1.58  1.53  1.30  1.29  1.42  1.23  1.40  1.33  1.19  1.23  1.97  1.33
SKEW       .69   .96   .89   .90   .94   .76   .69   .75   .86   .81  1.52   .86
% SE      5.44  5.32  5.44  4.74  4.61  4.63  6.42  5.64  5.36  4.58  4.26  5.05
MEAN      4.03  3.97  4.05  3.89  3.74  3.56  3.70  3.69  3.58  3.57  3.70  3.62
STD DEV   1.91  1.84  1.89  1.79  1.85  1.52  1.74  1.76  1.74  1.71  1.92  1.94
SKEW       .49   .55   .56   .47   .63   .66   .73   .68   .88   .61   .70   .93
% SSE    12.01 11.63  9.17  8.23  6.77  6.03  7.12  6.46  6.00  6.78  7.98  9.62
MEAN      4.93  4.83  4.80  4.25  4.10  3.63  3.66  3.66  3.69  4.31  4.89  4.76
STD DEV   2.25  2.05  2.15  1.92  1.85  1.52  1.57  1.78  1.70  2.10  2.33  2.41
SKEW       .58   .47   .41   .52   .70   .65   .71   .88   .75   .59   .58   .79
% S       3.88  4.00  3.71  3.07  3.03  2.94  3.32  3.45  2.77  3.49  3.14  3.36
MEAN      3.67  3.77  3.66  3.44  3.24  3.22  3.08  3.10  3.10  3.48  3.98  3.59
STD DEV   1.79  1.83  1.71  1.66  1.44  1.35  1.23  1.38  1.51  1.71  2.15  1.77
SKEW       .88   .90   .69   .62   .55   .58   .37   .72   .91   .77  1.00   .75
% SSW     2.38  2.52  2.54  2.77  2.25  2.04  2.12  1.87  1.86  2.24  1.73  2.03
MEAN      3.23  3.30  3.16  3.33  3.41  3.14  3.17  3.09  2.92  3.15  2.83  3.06
STD DEV   1.52  1.70  1.45  1.59  1.59  1.31  1.35  1.39  1.39  1.61  1.40  1.55
SKEW       .79  1.14   .81   .66   .45   .60   .41   .98   .68   .69   .89   .70
% SW      1.37  1.81  1.83  1.84  1.93  1.54  1.91  1.67  1.79  1.59  1.55  1.39
MEAN      2.69  3.04  3.07  3.23  3.32  3.34  3.36  3.27  3.11  2.78  2.40  2.69
STD DEV   1.34  1.65  1.45  1.58  1.49  1.37  1.35  1.27  1.52  1.50  1.00  1.39
SKEW       .87   .99  1.24   .87   .55   .30   .16   .16   .55   .89   .55   .88
% WSW     2.98  3.96  3.95  3.44  3.46  3.10  2.77  2.95  3.44  3.62  3.99  3.13
MEAN      2.58  2.83  3.40  3.43  3.61  3.82  3.70  3.88  3.37  2.62  2.41  2.54
STD DEV   1.19  1.43  1.75  1.67  1.76  1.73  1.60  1.68  1.47  1.31  1.02  1.43
SKEW       .97  1.25   .78   .71   .69   .59   .38   .27   .39  1.33   .82  1.42
% W       2.42  3.63  3.40  3.70  3.99  3.71  3.58  3.56  3.43  3.66  3.52  2.66
MEAN      2.58  3.00  3.35  3.42  3.26  3.60  3.32  3.32  3.24  2.97  2.45  2.55
STD DEV   1.39  1.55  1.66  1.78  1.58  1.61  1.43  1.39  1.46  1.57  1.06  1.16
SKEW      1.74  1.41   .94  1.06   .79   .57   .60   .32   .91  1.37  1.32  1.16
% WNW     5.31  6.45  8.29  7.40  7.79  7.44  5.22  5.32  5.56  5.75  5.31  4.90
MEAN      2.88  3.28  3.84  3.89  4.14  3.96  3.41  3.45  3.39  3.38  2.89  2.96
STD DEV   1.58  1.78  1.80  1.87  1.80  1.64  1.42  1.51  1.64  1.73  1.44  1.60
SKEW      1.53  1.08   .65   .72   .59   .35   .44   .77   .63   .82  1.00  1.11
% NW      4.69  5.33  7.44  7.94  8.46  8.12  6.29  5.92  5.88  5.77  4.47  4.07
MEAN      3.19  3.52  3.92  4.08  4.13  4.06  3.63  3.52  3.46  3.35  3.12  3.10
STD DEV   1.73  1.68  1.70  1.64  1.74  1.61  1.49  1.49  1.53  1.72  1.61  1.57
SKEW      1.06   .63   .42   .38   .38   .17   .18   .36   .46   .77   .93   .78
% NNW     6.45  5.78  7.97  7.77  8.43  9.45  5.57  4.81  5.45  6.01  5.40  4.93
MEAN      3.57  3.62  4.26  4.38  4.56  4.48  4.07  3.69  3.81  3.89  3.80  3.18
STD DEV   1.94  1.71  1.96  2.02  1.99  1.88  1.67  1.50  1.80  2.00  2.11  1.61
SKEW       .93   .80   .49   .36   .30   .26   .43   .42   .50   .54   .71   .84
CALM     40.91 35.59 31.18 31.33 28.20 26.67 30.64 34.47 37.90 40.51 45.55 46.20
 
INTERPOLATED DATA (station & weighting factor)
 
---Wind Stations---
UKIAH         CA     .665  WILLIAMS      CA     .207  ARCATA        CA     .128
---Solar Radiation and Max .5 P Stations---
 EUREKA, CALIFORNIA  .385   SAN FRANCISCO, CAL  .328   BLUE CANYON, CALIF  .287 
---Dewpoint Stations---
CA RED BLUFF         .435  CA EUREKA            .317  CA SAN FRANCISCO     .248 
---Time Peak Stations---
POTTER VALLEY PH CA  .544  LAYTONVILLE CA       .288  YORKVILLE CA         .169 
