 LOS ANGELES WB CITY CA                   45115 0
 LATT=  34.05 LONG=-118.23 YEARS= 45. TYPE= 1
 ELEVATION =  310. TP5 = 1.14 TP6= 2.95
 MEAN P    .52   .55   .41   .32   .17   .05   .04   .18   .23   .17   .50   .44
 S DEV P   .73   .61   .50   .36   .34   .08   .04   .40   .41   .22   .67   .56
 SKEW  P  3.03  1.57  2.32  1.91  3.94  2.76  1.05  4.35  3.07  2.90  2.81  2.61
 P(W/W)    .51   .52   .50   .38   .33   .22   .20   .22   .25   .30   .39   .44
 P(W/D)    .11   .10   .12   .08   .03   .01   .01   .02   .04   .04   .08   .10
 TMAX AV 66.65 68.67 69.04 71.94 73.77 78.10 83.84 84.13 83.02 78.59 72.94 67.76
 TMIN AV 48.25 50.10 51.27 54.09 57.30 60.66 64.23 65.04 63.99 59.78 53.40 48.99
 SD TMAX  8.25  8.12  7.48  8.30  7.11  7.11  5.21  5.34  7.82  8.11  8.10  7.77
 SD TMIN  5.54  5.15  4.63  4.41  3.73  3.53  3.67  3.71  4.48  4.48  4.86  5.10
 SOL.RAD  229.  306.  425.  508.  578.  604.  600.  562.  508.  372.  264.  202.
 SD SOL   37.5  42.8  45.6  59.3  64.1  66.7  61.8 106.6  47.7  31.7  32.0  37.4
 MX .5 P   .44   .30   .30   .23   .26   .05   .05   .25   .22   .40   .30   .41
 DEW PT  37.62 40.06 42.22 46.54 49.30 52.06 55.58 55.66 54.66 49.98 42.98 39.70
Time Pk   .458  .566  .590  .639  .664  .684  .759  .800  .830  .856  .919 1.000
% N       7.02  4.01  2.43  1.97  1.27   .55   .67  1.14  4.08  2.63  5.10  5.57
MEAN      2.70  3.04  2.45  2.46  1.86  1.28  1.40  1.62  1.95  2.22  2.36  2.48
STD DEV   1.53  1.81  1.68  1.28   .84   .53   .55   .56   .88  1.27  1.39  1.42
SKEW      1.26  1.01   .87  1.05   .61   .29   .21   .36   .38  1.27  1.22  1.29
% NNE     2.71  2.12  1.29  1.08   .87   .29   .32   .35   .58  2.32  2.46  3.75
MEAN      2.44  2.42  2.19  2.14  2.18  1.27  1.19  1.37  1.50  2.35  2.40  2.84
STD DEV   1.57  1.41  1.38   .96  1.37   .42   .44   .51   .66  1.34  1.44  1.55
SKEW       .59   .62   .71   .65  1.09   .05   .12   .37   .29   .89   .61   .66
% NE      4.91  3.29  2.40  1.19   .80   .69   .93   .58  1.83  2.32  3.48  4.17
MEAN      2.95  2.76  2.21  1.47  1.34  1.37  1.73  1.20  1.60  2.23  2.09  2.15
STD DEV   1.46  1.22  1.07   .78   .55   .87   .50   .47   .53  1.06  1.50  1.44
SKEW       .65   .68  1.11  1.42   .57  1.39   .52   .42   .86   .86   .94   .75
% ENE     4.41  3.58  3.32  3.88  1.92  1.52   .87  1.05  1.44  2.35  3.83  4.00
MEAN      2.04  2.27  2.20  2.37  1.73  1.61  1.37  1.37  1.42  1.56  2.07  1.88
STD DEV   1.04   .99   .85  1.08   .61   .54   .50   .54   .67   .71  1.06   .92
SKEW      1.45   .91  1.40   .79   .63   .40   .19   .43   .85   .55   .95  1.67
% E       6.48  5.47  5.34  5.11  4.25  4.52  4.20  3.46  5.70  5.06  6.92  7.01
MEAN      2.59  2.24  2.75  2.23  1.95  1.92  2.32  1.71  2.43  1.91  2.27  2.08
STD DEV    .81   .88   .89   .80   .74   .71   .75   .75  1.48   .75   .97   .97
SKEW      1.14  1.16   .99   .59   .42   .46   .50   .46   .84   .76   .96   .98
% ESE     5.73  7.34  7.12  6.00  6.54  8.11  9.95  7.95  7.04  6.01  5.86  5.09
MEAN      2.37  2.66  2.45  2.28  2.48  2.23  2.36  2.56  2.19  1.85  2.62  1.93
STD DEV   1.02  1.36   .97   .95   .87   .86  1.04   .87   .87   .81  1.06   .97
SKEW       .89   .91  1.01   .67   .46   .33   .61   .37   .46   .50  1.24   .91
% SE      7.07  8.29  6.24  6.95  5.97  6.70  7.49  6.78  6.43  5.58  4.88  5.62
MEAN      3.01  3.04  2.78  2.71  2.03  2.00  2.30  1.96  2.13  2.18  2.66  2.44
STD DEV   1.54  1.63  1.16   .98   .87   .85   .86   .85   .86   .89  1.07  1.30
SKEW      1.07   .79   .91   .66   .50   .36   .31   .42   .39   .62   .80   .84
% SSE     5.29  7.76  5.87  8.43  9.74  8.36  7.47  7.56  7.01  5.54  6.72  6.64
MEAN      2.94  3.04  2.77  2.91  2.69  2.49  2.43  2.64  2.64  2.32  2.47  2.55
STD DEV   1.43  1.37   .96  1.20  1.20   .93   .83   .84   .85   .80  1.36  1.26
SKEW       .75   .57   .38   .54   .46   .42   .23   .23   .37   .43  1.07   .82
% S       5.02  6.50  9.34 13.56 16.82 21.58 17.90 16.11 13.09 13.61  8.32  5.83
MEAN      2.43  2.90  2.94  3.01  3.13  3.00  2.98  3.04  3.02  2.75  2.69  2.55
STD DEV   1.00  1.20  1.30  1.32  1.36  1.24  1.30  1.29  1.21  1.21  1.24  1.09
SKEW       .69   .79   .48   .62   .20   .21   .15   .14   .22   .43   .83   .56
% SSW     2.36  3.18  4.42  7.33 10.84  9.54 12.22 11.49  9.66  7.28  4.10  2.49
MEAN      2.21  3.15  2.88  3.22  3.20  3.10  3.06  2.92  2.75  2.80  2.76  3.02
STD DEV   1.26  1.24  1.25  1.59  1.50  1.35  1.35  1.29  1.48  1.40  1.29   .98
SKEW       .60   .55   .35   .55   .47   .42   .25   .38   .74   .54   .36   .82
% SW      3.48  3.50  5.17  5.71  4.71  5.80  3.88  5.91  5.25  3.85  3.17  2.70
MEAN      2.24  2.73  3.21  3.04  3.52  2.78  3.64  2.83  3.06  3.08  2.80  2.84
STD DEV    .83  1.05  1.08  1.20  1.06  1.39   .89  1.49  1.45   .92   .93   .94
SKEW       .62   .78   .54   .32   .63   .96   .69   .87   .83   .69   .81  1.02
% WSW     5.93  7.07  9.31 10.00 10.68 11.42 10.79 10.80  9.82  8.18  5.65  4.26
MEAN      3.10  2.79  3.22  3.37  2.99  2.61  2.17  2.32  2.88  3.34  2.69  2.87
STD DEV   1.05  1.33  1.51  1.20  1.20   .93   .84   .73   .84   .93   .93   .97
SKEW       .92   .85   .62   .82   .73   .64   .38   .32   .68   .72   .65  1.07
% W       8.46  8.65 11.91 10.10  9.65  8.56  9.89 10.39  9.25  8.58  7.38  6.94
MEAN      2.68  2.68  3.46  3.32  2.87  2.28  2.12  2.47  2.24  2.25  2.69  3.26
STD DEV   1.38  1.28  1.79  1.53  1.36  1.00   .89  1.10  1.00  1.08  1.17  1.18
SKEW      1.16  1.29  1.02   .79   .63   .59   .39  1.34   .49   .73  1.12  1.19
% WNW     3.64  3.61  3.06  3.19  2.80  2.30  1.81  2.10  2.79  3.19  4.00  3.70
MEAN      2.76  2.94  2.47  3.47  2.70  2.48  1.68  1.71  2.07  2.14  2.93  2.58
STD DEV   1.08  1.28  1.52  1.52  1.31   .96   .81   .85   .93  1.04  1.55  1.10
SKEW       .73   .75   .82   .92   .90   .70   .60   .84   .71  1.01  1.08   .83
% NW      5.49  6.49  4.79  4.19  2.43  1.01  1.49  1.58  2.28  3.77  4.34  5.63
MEAN      2.85  2.71  2.96  3.86  2.34  1.42  1.42  1.48  1.55  1.90  2.60  2.65
STD DEV   1.73  1.72  1.51  1.53  1.18   .60   .67   .71   .79   .91  1.56  1.67
SKEW       .99   .94   .76   .80   .79   .38   .62   .58   .65  1.04  1.59  1.12
% NNW     6.96  4.84  4.78  2.59  1.47   .71   .96  1.51  1.96  3.32  6.06  9.44
MEAN      3.02  3.64  3.88  3.06  2.29  1.37  1.35  1.95  2.21  2.43  2.82  3.27
STD DEV   1.82  2.06  2.03  2.18  1.83   .64   .57   .69   .66  1.33  1.83  1.92
SKEW       .99   .60   .45   .67  1.00   .78   .38   .59   .48  1.42  1.15   .66
CALM     15.09 14.24 13.20  8.73  9.11  8.41  9.19 11.11 11.85 16.50 17.70 17.18
 
INTERPOLATED DATA (station & weighting factor)
 
---Wind Stations---
BURBANK       CA     .397  LOS ANGELES   CA     .355  LONG BEACH    CA     .248
---Solar Radiation and Max .5 P Stations---
 BAKERSFIELD, CALIF  .442   SAN DIEGO, CALIFOR  .424   SAN FRANCISCO, CAL  .134 
---Dewpoint Stations---
CA LOS ANGELES       .760  CA SANDBERG          .159  CA SAN DIEGO         .081 
---Time Peak Stations---
SIGNAL HILL FC 415   .409  SN GABR DAM 1 425B   .310  ALISO CANYON FC 446  .281 
