 SANTA BARBARA CA                         47902 0
 LATT=  34.42 LONG=-119.72 YEARS= 66. TYPE= 1
 ELEVATION =  120. TP5 =  .99 TP6= 2.39
 MEAN P    .58   .64   .48   .35   .21   .12   .06   .10   .15   .22   .50   .56
 S DEV P   .79   .76   .61   .44   .34   .23   .14   .16   .37   .32   .57   .72
 SKEW  P  2.97  1.79  2.44  1.87  2.36  3.48  4.10  3.04  3.83  2.53  1.90  2.65
 P(W/W)    .51   .58   .51   .40   .27   .22   .15   .17   .30   .25   .45   .50
 P(W/D)    .10   .10   .10   .07   .03   .02   .01   .01   .03   .04   .06   .10
 TMAX AV 65.17 65.91 67.15 69.44 70.68 72.79 76.65 77.82 77.25 75.06 71.30 66.61
 TMIN AV 41.78 43.78 45.46 48.26 51.18 54.08 57.19 57.98 56.35 52.17 46.19 42.72
 SD TMAX  6.91  6.47  6.58  7.00  6.15  5.49  5.28  4.82  6.70  7.16  7.25  6.80
 SD TMIN  5.88  5.79  4.96  4.61  4.36  3.79  3.58  3.64  4.45  5.09  5.67  5.58
 SOL.RAD  220.  314.  459.  550.  644.  701.  679.  637.  598.  418.  259.  192.
 SD SOL   36.2  36.5  31.9  44.4  42.9  36.2  36.6  67.6  19.0  13.3  29.4  36.4
 MX .5 P   .24   .21   .25   .14   .20   .06   .02   .17   .26   .62   .19   .28
 DEW PT  40.00 42.39 43.17 47.17 49.56 52.56 55.96 55.96 54.96 50.56 44.17 40.78
Time Pk   .691  .764  .791  .824  .831  .847  .884  .917  .934  .944  .977 1.000
% N       3.42  3.54  2.69  2.29  1.64  1.16   .86  1.04  1.40  2.28  3.62  3.33
MEAN      2.71  3.20  3.00  2.92  3.15  2.23  2.17  2.00  2.13  2.36  2.91  2.66
STD DEV   1.70  2.13  2.01  1.75  1.91  1.26   .95   .95  1.11  1.34  1.86  1.75
SKEW      1.09   .98  1.09   .86  1.05   .83   .17   .57   .77   .86  1.00  1.30
% NNE     2.40  2.38  2.06  1.86  1.32  1.04  1.01  1.58  1.84  2.60  2.94  2.70
MEAN      2.67  3.11  3.02  3.17  2.68  2.45  2.11  2.25  2.35  2.69  3.01  2.72
STD DEV   1.63  2.03  1.88  1.74  1.52  1.32   .82  1.00  1.08  1.32  1.81  1.60
SKEW      1.26  1.04   .99   .68  1.23   .76   .13   .29   .45   .68  1.52   .92
% NE      6.71  5.72  4.77  4.36  3.36  3.41  3.64  4.78  5.28  5.60  6.10  6.41
MEAN      2.59  2.55  2.41  2.32  2.38  2.11  2.05  2.06  2.20  2.44  2.68  2.55
STD DEV   1.59  1.62  1.47  1.32  1.28  1.20   .94   .99  1.08  1.40  1.66  1.52
SKEW      1.40  1.44  1.17  1.12  1.05  1.26   .78   .78   .86  1.05  1.21  1.39
% ENE     4.46  3.52  3.19  2.94  2.26  2.21  3.38  3.71  3.41  2.98  3.83  4.03
MEAN      2.99  3.01  2.94  2.75  2.65  2.68  2.63  2.68  2.83  3.04  3.47  3.00
STD DEV   1.60  1.71  1.71  1.29  1.18  1.30  1.09  1.11  1.25  1.47  1.79  1.54
SKEW       .66   .82  1.10   .64   .46   .72   .28   .32   .45   .33   .74   .47
% E       5.47  4.78  4.56  4.79  4.27  4.94  6.77  5.88  5.10  3.69  4.56  5.46
MEAN      3.52  3.32  3.46  2.83  2.73  2.66  2.56  2.57  2.60  2.87  3.88  3.78
STD DEV   2.03  2.02  2.03  1.43  1.28  1.22  1.12  1.14  1.19  1.61  2.49  2.35
SKEW       .73  1.26   .94   .76   .89   .48   .74   .42   .59  1.11  1.03   .87
% ESE     2.87  3.17  2.55  2.94  2.50  2.95  3.35  2.92  2.26  1.90  2.09  2.91
MEAN      4.16  4.43  3.94  3.35  2.90  3.08  2.85  2.87  2.90  3.17  4.53  4.72
STD DEV   2.14  2.19  1.87  1.57  1.42  1.38  1.22  1.20  1.31  1.25  2.37  2.35
SKEW       .52   .43   .63   .57   .67   .59   .36   .19   .72   .40   .58   .39
% SE      4.36  5.25  5.75  6.47  6.76  8.24  6.92  6.03  5.35  5.16  4.42  4.13
MEAN      3.30  3.26  3.35  3.16  3.02  2.97  2.81  2.77  2.74  3.00  3.21  3.31
STD DEV   2.12  1.81  1.71  1.52  1.40  1.21  1.22  1.20  1.18  1.35  1.65  1.97
SKEW      1.63   .92   .80   .57   .50   .29   .52   .42   .62   .51   .66  1.17
% SSE     2.30  2.97  3.30  4.59  6.24  6.19  4.91  4.23  4.14  3.54  2.93  1.99
MEAN      3.04  3.20  3.07  3.08  3.12  3.14  3.06  3.05  2.82  2.97  3.09  2.85
STD DEV   1.58  1.65  1.39  1.37  1.28  1.17  1.29  1.11  1.06  1.19  1.44  1.33
SKEW       .89  1.08   .49   .37   .43   .21   .37   .22   .40   .50   .57   .41
% S       2.33  2.68  3.16  3.93  4.41  5.35  5.35  4.69  4.42  4.06  2.60  1.94
MEAN      2.86  3.09  2.98  3.13  2.85  2.86  2.71  2.70  2.83  2.85  2.74  2.70
STD DEV   1.59  1.64  1.44  1.54  1.32  1.28  1.16  1.18  1.34  1.22  1.37  1.61
SKEW      1.10   .75   .42   .67   .57   .43   .38   .59   .59   .37   .44  1.24
% SSW     1.58  1.80  2.16  2.69  3.12  3.58  3.83  3.96  3.29  2.36  1.78  1.43
MEAN      3.01  3.13  3.31  3.13  3.10  3.14  3.15  3.22  3.20  3.30  3.18  2.89
STD DEV   1.33  1.45  1.52  1.40  1.38  1.34  1.24  1.29  1.27  1.39  1.40  1.24
SKEW       .28   .30   .58   .56   .45   .39   .20   .10   .20   .13  -.02   .27
% SW      4.17  4.80  5.78  7.23  7.49  8.53  9.69  9.69  8.71  6.89  5.65  4.63
MEAN      2.92  2.98  3.24  3.44  3.43  3.48  3.44  3.46  3.40  3.35  3.06  2.77
STD DEV   1.40  1.54  1.66  1.65  1.54  1.42  1.38  1.38  1.38  1.41  1.45  1.32
SKEW       .53   .85  1.00   .66   .56   .25   .16   .27   .28   .30   .53   .54
% WSW     5.12  6.47  8.04  9.89 10.54 11.02 12.77 11.65 10.14  7.86  6.08  5.11
MEAN      3.62  3.75  4.46  4.21  4.46  4.12  4.04  4.16  4.04  3.94  3.75  3.39
STD DEV   1.61  1.65  2.14  1.99  2.11  1.68  1.50  1.61  1.56  1.59  1.71  1.56
SKEW       .53   .60   .62   .74   .66   .43   .30   .25   .12   .55   .73   .73
% W       5.77  7.13  9.31  9.42 10.23  8.37  7.60  8.04  7.28  6.67  6.09  5.55
MEAN      3.76  4.07  4.55  4.50  4.78  4.18  3.97  4.03  3.96  3.86  3.76  3.64
STD DEV   1.95  2.08  2.23  2.35  2.41  1.99  1.75  1.77  1.83  1.91  1.95  2.06
SKEW       .82   .59   .47   .59   .44   .57   .12   .13   .27   .81   .71   .83
% WNW     3.56  4.16  6.06  5.05  4.85  3.90  3.37  3.15  3.18  3.19  3.53  3.28
MEAN      4.01  4.11  4.95  5.01  4.63  3.75  2.59  2.76  2.69  3.89  4.23  3.95
STD DEV   1.90  1.98  2.40  2.52  2.43  1.96  1.27   .88  1.26  2.28  1.89  2.18
SKEW       .65   .51   .22   .31   .45   .38   .26   .46   .47   .88   .32   .69
% NW      3.99  4.41  4.92  3.49  3.33  2.21  2.03  1.96  2.07  2.65  3.61  4.16
MEAN      3.23  3.85  4.05  4.02  3.74  2.96  2.22  2.10  2.52  3.16  3.41  3.30
STD DEV   1.84  2.04  2.34  2.21  2.11  1.66   .99   .95  1.27  2.02  1.95  2.05
SKEW       .68   .48   .74   .72   .74   .56   .22   .55   .89  1.31   .84   .98
% NNW     2.28  2.34  2.66  1.86  1.63   .80   .62   .65   .79  1.29  2.12  2.11
MEAN      3.38  4.08  4.11  4.01  4.30  2.81  2.08  2.26  2.55  3.33  3.58  3.30
STD DEV   2.21  2.29  2.20  1.95  1.97  1.70  1.06   .86  1.27  2.13  2.13  2.01
SKEW       .78   .47   .33   .37   .23   .72   .27   .17   .76   .99   .67   .79
CALM     39.15 34.95 29.08 26.24 26.05 26.06 23.86 25.99 31.25 37.31 37.95 40.93
 
INTERPOLATED DATA (station & weighting factor)
 
---Wind Stations---
SANTA BARBARA CA     .760  OXNARD        CA     .144  SANTA MARIA   CA     .095
---Solar Radiation and Max .5 P Stations---
 BAKERSFIELD, CALIF  .673   FRESNO, CALIFORNIA  .327                            
---Dewpoint Stations---
CA SANTA MARIA       .609  CA LOS ANGELES       .391                            
---Time Peak Stations---
SANTA BARBARA CA    1.000  GIBRALTAR DAM 2 CA   .000  SAN MARCOS PASS CA   .000 
