 BOCA CA                                  4 931 0
 LATT=  39.38 LONG=-120.10 YEARS= 45. TYPE= 3
 ELEVATION = 5580. TP5 = 1.03 TP6= 4.03
 MEAN P    .49   .46   .36   .28   .23   .21   .29   .25   .27   .37   .44   .50
 S DEV P   .50   .54   .38   .31   .23   .21   .37   .32   .26   .45   .50   .52
 SKEW  P  1.50  2.11  1.94  2.88  1.87  2.61  2.68  5.22  1.50  2.45  1.89  1.72
 P(W/W)    .52   .48   .47   .37   .40   .40   .34   .32   .33   .41   .45   .54
 P(W/D)    .16   .16   .17   .11   .11   .07   .04   .05   .06   .08   .14   .14
 TMAX AV 40.55 44.87 48.38 56.72 65.14 74.39 83.24 82.28 76.07 65.95 51.74 42.59
 TMIN AV 13.41 14.92 18.26 23.28 29.46 34.40 37.42 35.42 30.20 24.27 19.65 14.28
 SD TMAX  8.95  8.90  9.48 10.75 10.72  9.65  6.31  6.98  9.16 11.06 10.76  9.58
 SD TMIN  9.33  8.96  7.78  6.12  5.64  5.76  6.25  6.24  6.34  6.73  8.22  9.03
 SOL.RAD  203.  293.  379.  543.  618.  691.  729.  654.  502.  352.  239.  168.
 SD SOL   29.8  32.3  50.3  42.6  51.6  41.2  20.2  57.6  43.6  24.0  24.1  32.1
 MX .5 P   .26   .19   .16   .15   .16   .12   .24   .36   .17   .24   .19   .21
 DEW PT  23.07 25.88 25.63 29.39 34.30 38.11 40.14 38.69 36.66 32.77 28.49 25.60
Time Pk   .824  .867  .880  .896  .904  .912  .919  .926  .933  .942  .966 1.000
% N       2.39  3.50  3.18  3.95  3.88  3.39  3.09  2.85  3.21  3.38  2.89  2.63
MEAN      1.70  2.48  2.97  2.84  2.82  2.35  2.45  2.09  3.12  2.90  2.41  2.37
STD DEV   1.00  1.15  1.05  1.46  1.26  1.11   .56   .85   .75  1.01  1.11  1.12
SKEW       .73  -.96   .62   .74   .57  1.03   .69  1.28   .78   .58   .66   .77
% NNE     1.08  1.30  1.50  1.68  2.01  1.30  1.06  1.17  1.37  1.73  1.48  1.36
MEAN      1.54  2.35  2.51  3.04  3.30  2.91  2.25  2.15  2.57  5.49  2.34  3.16
STD DEV    .70   .98  1.12  1.37  1.90  1.43   .94   .87   .97  3.20   .88  1.66
SKEW       .68   .91   .47   .91   .82   .73  -.89  1.54   .10   .44   .60   .50
% NE      7.63  7.23  7.34  9.45  7.95  8.36  4.12  5.41  6.68  7.64  7.25  9.01
MEAN      5.39  4.19  4.35  4.08  3.96  4.00  3.21  2.70  3.45  4.59  3.53  3.76
STD DEV   3.44  2.46  2.52  2.15  2.14  2.75  1.48  1.18  1.66  2.39  2.19  2.46
SKEW      1.42   .85  1.40  1.02   .88  1.29   .89  1.22   .82   .67  1.32  1.71
% ENE     8.24  3.43  5.34  6.63  4.91  4.62  2.15  2.67  5.71  8.21  9.92  5.58
MEAN      6.63  3.98  6.53  4.24  5.01  4.38  3.04  2.83  3.48  4.71  5.19  4.31
STD DEV   3.71  2.11  4.41  2.12  2.99  2.50  1.20  1.06  1.55  2.20  2.79  2.24
SKEW       .88   .75  1.03   .64   .63  1.22   .52   .51   .79   .51   .73  1.02
% E       2.96  3.47  3.36  2.95  3.87  4.62  2.41  2.15  4.99  3.80  3.11  3.78
MEAN      5.70  3.74  4.89  3.54  3.84  3.56  3.36  2.84  3.53  3.78  3.70  3.96
STD DEV   2.40  2.05  3.11  1.82  1.91  1.87  1.52  1.08  1.58  1.66  1.98  2.13
SKEW      1.38  1.08  1.13   .78   .77  1.33   .84   .71  1.06   .85  1.13   .90
% ESE     1.50  1.45  1.55  1.77  2.18  1.22  1.22  1.18  1.88  1.61  1.49  1.62
MEAN      1.97  3.25  3.13  3.19  3.39  2.59  3.31  3.69  3.64  3.34  3.53  3.13
STD DEV    .62  1.55  2.07  1.21  1.42  1.19  1.45  1.13  1.55  1.58  2.46  1.46
SKEW       .82   .80  1.58   .95   .67   .51   .77   .16  1.08   .53  1.44   .39
% SE      2.06  2.01  1.83  1.57  1.73  1.24  1.30  1.75  1.86  1.95  1.95  1.57
MEAN      5.70  2.85  1.83  3.73  2.82  2.66  2.82  2.51  3.20  3.15  1.61  1.59
STD DEV    .87   .89   .78  1.18  1.34   .64  1.39   .81   .61  1.40   .71   .74
SKEW      1.05   .78   .38   .23   .94   .28  1.33  -.33   .27   .35   .65   .72
% SSE     1.62  1.71  1.47  1.17  1.15  1.04  1.01  1.18  1.07  1.04  1.32  1.42
MEAN      1.78  2.04  2.34  2.80  2.94  3.13  3.18  3.15  2.12  1.86  2.53  2.96
STD DEV   1.01  1.24  1.45  1.53  1.21   .91  1.66  1.17   .99   .89  1.18  1.07
SKEW       .77   .78  1.25   .86   .30   .04   .53   .42   .55   .63   .52   .54
% S       2.66  2.84  2.07  1.81  1.71  1.47  1.99  2.17  2.45  2.00  1.86  2.14
MEAN      2.29  2.38  5.38  3.29  3.28  3.72  3.67  3.46  3.37  4.01  3.32  3.28
STD DEV   1.33  1.36  1.37  1.91  1.23  1.92  1.63  1.25  1.32  1.10  1.62  2.04
SKEW       .58   .49   .90   .99   .34   .54   .39   .44   .19   .74   .96   .71
% SSW     1.67  2.58  2.63  1.84  2.35  2.39  3.16  3.24  1.76  2.27  1.86  1.59
MEAN      3.53  7.98  6.53  4.53  5.39  4.69  4.90  5.23  5.28  5.78  4.51  5.37
STD DEV   2.26  4.06  2.58  2.51  2.44  2.28  2.11  2.34  2.24  3.25  2.11  2.85
SKEW       .57   .52   .76   .53   .83   .53   .46   .62   .24  1.59   .36   .40
% SW     12.10 15.00 12.29 11.25 11.24 16.74 20.97 17.60 12.57 10.86  9.13 12.64
MEAN      8.14  6.83  7.89  6.13  5.96  5.72  5.31  5.21  5.31  5.75  6.45  6.88
STD DEV   4.69  4.18  4.82  3.28  3.44  2.63  2.42  2.41  2.35  3.06  3.84  4.49
SKEW       .76  1.32  1.07   .75  1.30   .72   .43   .71   .48   .62   .88  1.25
% WSW    24.95 25.51 27.65 21.50 22.74 18.59 21.77 20.72 19.39 23.82 24.72 22.00
MEAN      8.51  7.09  7.83  7.05  6.53  6.00  5.71  5.74  5.80  6.85  7.15  7.52
STD DEV   4.12  4.08  3.73  3.55  2.98  2.56  2.63  2.64  2.38  3.66  3.93  4.18
SKEW       .77  1.06   .64   .89   .51   .42   .62   .58   .49   .67   .99  1.04
% W       3.83  4.72  6.66 10.39  9.12  9.86  8.96  9.81 10.36  5.71  4.25  3.85
MEAN      5.14  4.67  4.52  5.38  4.57  4.60  4.77  4.62  4.66  5.03  4.73  4.40
STD DEV   2.65  2.88  2.54  2.63  2.57  2.27  2.32  2.26  2.20  2.87  2.43  2.54
SKEW       .47  1.02   .97   .58   .86   .39   .26   .50   .44   .69   .76  1.08
% WNW     1.47  2.27  4.21  4.52  5.52  5.15  4.76  4.70  3.21  2.34  1.96  1.42
MEAN      2.55  3.34  3.58  3.41  4.01  3.69  4.02  3.39  2.78  3.06  3.03  2.23
STD DEV   1.25  1.29  1.55  1.55  1.92  1.93  2.27  1.35  1.08  1.34  1.19  1.08
SKEW       .44   .48   .29   .46   .51   .67   .73   .23   .56   .32  -.09   .47
% NW      1.58  2.59  3.37  4.41  4.80  4.56  4.03  4.81  3.25  2.64  2.37  2.05
MEAN      2.87  1.99  2.24  2.95  3.65  2.97  2.28  2.47  1.81  2.29  2.70  2.46
STD DEV    .90  1.04  1.07  1.49  1.64   .92   .72  1.02   .81   .83  1.24  1.15
SKEW       .47   .58   .49   .74   .48   .53   .46  1.09   .56   .49   .49   .98
% NNW     1.34  2.21  2.51  2.93  2.87  2.54  2.19  2.45  1.94  1.79  1.69  1.43
MEAN      4.43  2.72  3.36  2.95  2.63  2.22  1.62  2.26  1.61  2.69  2.24  2.35
STD DEV    .93  1.25  1.35  1.36  1.20   .76   .64   .86   .72   .84   .78  1.00
SKEW       .34   .39   .87   .44   .77   .59   .53   .72   .65  -.92   .44   .74
CALM     22.85 18.01 13.15 12.23 11.95 12.78 15.76 16.22 18.29 19.25 22.72 25.99
 
INTERPOLATED DATA (station & weighting factor)
 
---Wind Stations---
DONNER SUMMIT CA     .502  RENO/STEAD    NV     .393  FALLON        NV     .105
---Solar Radiation and Max .5 P Stations---
 RENO, NEVADA        .592   BLUE CANYON, CALIF  .341   SAN FRANCISCO, CAL  .067 
---Dewpoint Stations---
NV RENO              .566  CA BLUE CANYON       .323  CA SACRAMENTO        .110 
---Time Peak Stations---
TRUCKEE RS CA        .632  MT ROSE CHRSTMS TRE  .281  PLUMAS EUREKA ST PK  .087 
