 THERMAL CAA AP CA                        48892 0
 LATT=  33.62 LONG=-116.17 YEARS= 43. TYPE= 1
 ELEVATION = -120. TP5 = 1.21 TP6= 2.83
 MEAN P    .18   .25   .16   .10   .14   .17   .20   .33   .28   .18   .20   .18
 S DEV P   .24   .31   .21   .12   .19   .21   .39   .54   .57   .20   .25   .25
 SKEW  P  2.80  1.54  2.29  1.59  2.77  1.46  3.08  2.89  3.99  1.77  2.41  2.66
 P(W/W)    .30   .32   .36   .21   .17   .00   .25   .22   .26   .29   .32   .33
 P(W/D)    .06   .04   .04   .02   .01   .00   .02   .02   .03   .02   .03   .05
 TMAX AV 70.28 74.84 78.97 86.37 93.53102.29106.52105.04100.77 91.09 78.74 70.71
 TMIN AV 38.76 43.23 48.65 55.57 62.89 69.79 76.56 75.58 68.92 57.96 45.32 38.41
 SD TMAX  7.36  7.74  7.82  8.40  8.05  7.21  4.68  5.00  6.63  7.88  7.37  7.24
 SD TMIN  7.12  7.26  6.81  6.08  5.62  5.87  5.34  5.51  6.39  6.90  7.15  6.48
 SOL.RAD  259.  344.  458.  540.  596.  619.  589.  550.  480.  378.  302.  243.
 SD SOL   32.8  35.1  38.7  51.4  59.8  62.7  67.1 121.7  59.3  34.2  24.4  29.3
 MX .5 P   .44   .27   .28   .19   .24   .04   .26   .61   .23   .24   .22   .38
 DEW PT  32.49 33.94 34.76 38.76 41.10 45.35 54.56 56.78 52.27 45.45 36.83 34.04
Time Pk   .793  .864  .879  .905  .913  .917  .925  .939  .944  .962  .983 1.000
% N      11.80  7.40  8.30  9.80  8.60  6.70  4.70  4.60 10.20 15.70 14.30 14.50
MEAN      3.09  3.69  4.38  4.49  5.11  4.74  3.59  4.01  3.94  3.51  2.94  3.03
STD DEV   1.38  1.86  2.52  2.51  2.46  2.45  1.67  2.16  1.91  1.48  1.17  1.45
SKEW       .97  1.20   .86  1.15   .59   .47   .65   .80  1.05   .95   .92  1.69
% NNE     9.80 14.10 12.40 13.20  9.10  7.20  7.40 10.90 14.40 12.70  7.90  9.50
MEAN      2.65  3.03  3.52  3.69  3.79  3.33  2.86  3.31  3.43  3.38  3.48  2.93
STD DEV   1.16  1.29  1.68  1.74  1.89  1.50  1.27  1.31  1.29  1.33  1.84  1.13
SKEW       .97   .89  1.19  1.33  1.08   .80   .97   .73   .75   .69  1.99   .45
% NE      5.10  7.40  5.30  3.20  2.70  2.20  2.60  3.00  2.50  2.40  2.10  3.80
MEAN      2.31  3.04  2.83  2.46  2.81  2.42  2.13  2.34  2.37  2.37  2.06  2.32
STD DEV    .93  1.75  1.37  1.07  1.34  1.18   .92   .94   .94  1.04   .80  1.02
SKEW       .73  1.98  1.21   .56  1.27   .73   .84   .89   .80   .60   .25   .68
% ENE      .80  1.20   .60   .80   .60   .40  1.00  1.10  1.00   .40   .50   .80
MEAN      2.58  2.05  2.17  2.94  2.35  2.48  2.21  2.35  2.71  1.81  1.99  2.03
STD DEV   1.44   .89   .97  1.66   .75   .78   .63  1.02  1.09   .78   .92   .77
SKEW       .93   .66   .27  1.07   .84   .49  1.24   .83   .72   .00   .87   .82
% E        .70   .30   .40   .60   .40   .60  1.20   .90   .60   .60  1.10   .70
MEAN      1.81  2.71  1.51  2.11  2.11  2.17  2.33  2.11  2.86  1.66  1.81  1.81
STD DEV    .49  1.04   .46   .44   .45   .46  1.02   .75   .99   .64   .82   .70
SKEW       .00   .00  -.71   .71   .71   .41   .51   .54   .49   .23   .84   .00
% ESE      .90   .50   .80   .80   .50  1.00  2.40  2.10  1.20   .90   .70   .50
MEAN      2.71  3.01  2.48  2.97  2.86  2.26  3.49  3.61  3.20  2.91  2.71  2.11
STD DEV   2.13  1.23   .61  1.29  1.25  1.03  1.55  1.70  1.43  1.36  1.07   .45
SKEW      1.79   .38   .32  -.20   .52  1.07   .52   .60   .78   .03   .65   .71
% SE      7.40  6.30  7.20  8.40  7.40 11.60 15.30 14.40  8.00  6.40  7.40  6.50
MEAN      3.08  3.18  3.76  3.79  4.28  4.11  4.53  4.60  4.07  3.52  3.02  2.64
STD DEV   1.85  1.31  1.63  1.65  1.82  1.69  2.02  1.90  1.40  1.40  1.30  1.19
SKEW      1.82   .53   .54   .34   .42   .36   .49   .51  -.08   .35   .69  1.13
% SSE     6.20  6.10  6.70  7.40  8.70  7.60 17.40 13.90 12.70  9.20  6.90  4.10
MEAN      3.01  3.55  4.65  4.83  4.47  4.71  5.02  4.99  4.43  3.98  3.34  3.08
STD DEV   1.35  1.22  2.12  1.90  1.79  1.71  2.02  1.91  1.89  1.49  1.27  1.15
SKEW      1.14   .33   .93   .20   .24   .01   .32   .46  1.03   .10   .36   .12
% S       4.60  3.60  4.50  5.60  4.40  3.30  6.90  6.80  6.30  4.10  3.60  5.50
MEAN      2.73  3.12  3.32  3.89  3.57  3.75  3.78  4.10  3.50  3.19  2.83  2.79
STD DEV   1.17  1.40  1.50  1.63  1.53  1.34  1.88  1.95  1.55  1.33  1.14  1.15
SKEW       .44   .55   .35   .55   .41   .30   .63   .98   .39   .18   .89   .58
% SSW     2.70  2.60  2.40  1.00  1.20  1.00  2.40  2.30  2.20  2.80  3.20  2.30
MEAN      2.41  2.71  2.63  2.81  2.63  2.44  2.87  3.57  3.05  2.94  2.48  2.37
STD DEV    .89  1.15   .91  1.54  1.15  1.01  1.22  1.27  1.24  1.28   .89   .82
SKEW       .47  1.25   .42  1.42  -.10   .61   .22   .08   .87   .82   .74   .81
% SW      2.80  2.70  3.60  2.80   .70  1.40  2.30  2.00  1.50  1.40  2.30  2.80
MEAN      2.14  2.47  2.35  2.99  2.71  2.15  2.51  2.48  2.47  2.32  2.04  2.24
STD DEV    .86  1.23   .82  1.21  1.08   .99  1.04   .91  1.03   .90   .81   .87
SKEW       .77   .78   .87   .82   .65  1.04   .78   .52   .82   .94  1.28   .69
% WSW     1.80  2.40  1.50  1.40   .70  1.00  1.40  1.30  2.60  2.90  2.20  1.90
MEAN      2.13  2.91  2.71  2.99  2.53  1.90  2.35  2.78  2.56  2.55  2.49  2.19
STD DEV    .94  2.20  1.08  1.59  1.38   .50   .93  1.04  1.23  1.24   .93   .90
SKEW       .89  1.93   .28  1.31   .35   .08   .86   .47  1.27  2.02   .76  1.03
% W       1.40  1.60  2.30  1.10  1.60  1.40  1.10   .90  1.80  1.70  1.90  2.20
MEAN      2.52  2.39  3.12  3.71  3.61  2.36  3.07  2.71  2.43  2.48  2.51  2.46
STD DEV   1.21   .89  2.42  2.25  2.24   .92  1.60  1.36  1.01  1.14  1.08  1.20
SKEW      1.15   .76  2.06   .71  1.02   .83  1.64   .74   .64  1.25   .44  1.58
% WNW     3.40  3.40  2.60  2.30  2.30  1.50  1.90  2.20  2.70  3.40  3.50  3.90
MEAN      2.68  2.94  4.38  4.28  4.91  3.13  2.91  3.05  3.40  3.28  3.28  3.30
STD DEV   1.53  1.88  2.63  2.54  2.53  2.29  1.62  1.55  2.13  1.53  2.01  1.74
SKEW      1.60  1.20  1.70   .95   .31  1.95  1.08  1.07  1.54   .81  1.76   .94
% NW     11.80 15.30 14.20  7.90  8.30  5.60  6.60 10.70  7.40  9.50 14.60 13.30
MEAN      3.44  4.22  4.42  4.15  4.60  3.97  3.68  4.28  4.05  3.83  3.30  3.66
STD DEV   1.53  2.15  2.36  2.33  2.07  2.24  1.80  2.03  2.02  1.88  1.56  1.92
SKEW      1.04   .95   .86   .85   .50   .86   .49   .74   .78   .92  1.20  1.11
% NNW    25.20 21.40 26.10 32.80 42.00 46.20 22.30 21.20 23.90 23.50 25.70 24.60
MEAN      3.49  4.25  5.45  5.98  6.11  6.28  4.80  4.90  4.77  4.25  3.76  3.82
STD DEV   1.67  2.25  2.59  2.55  2.44  2.35  2.16  2.06  2.10  1.92  1.74  2.06
SKEW      1.21   .95   .53   .30   .34   .25   .24   .64   .59   .98  1.22  1.56
CALM      3.60  3.40  1.10   .90   .70  1.30  3.20  1.80   .90  2.60  2.20  3.20
 
INTERPOLATED DATA (station & weighting factor)
 
---Wind Stations---
THERMAL       CA    1.000  INDIO         CA     .000  IMPERIAL BEACHCA     .000
---Solar Radiation and Max .5 P Stations---
 SAN DIEGO, CALIFOR  .449   YUMA, ARIZONA       .339   LAS VEGAS, NEVADA   .211 
---Dewpoint Stations---
CA SAN DIEGO         .451  AZ YUMA              .339  NV LAS VEGAS         .211 
---Time Peak Stations---
IDYLLWILD RS CA      .590  SAN JACINTO R S CA   .410                            
