 CHERRY CREEK DAM CO                      51547 0
 LATT=  39.65 LONG=-104.85 YEARS= 42. TYPE= 3
 ELEVATION = 5650. TP5 = 1.80 TP6= 3.26
 MEAN P    .13   .14   .19   .26   .31   .28   .26   .23   .22   .26   .22   .15
 S DEV P   .15   .15   .24   .32   .45   .42   .40   .38   .30   .34   .24   .21
 SKEW  P  2.21  1.76  2.56  2.43  3.30  3.41  3.30  4.10  2.47  2.50  2.15  4.98
 P(W/W)    .24   .23   .33   .41   .50   .42   .40   .40   .39   .35   .32   .27
 P(W/D)    .09   .11   .15   .15   .19   .18   .23   .20   .13   .10   .12   .08
 TMAX AV 45.34 48.46 53.52 62.40 71.71 82.83 89.22 86.87 79.14 68.12 53.94 46.97
 TMIN AV 16.58 19.13 23.49 31.29 40.26 49.19 54.91 53.21 44.57 34.01 23.39 17.85
 SD TMAX 12.83 12.88 12.91 12.04 10.85  9.38  6.97  6.81 10.57 12.18 13.18 12.48
 SD TMIN  8.95  8.81  9.16  7.84  6.48  5.69  4.07  4.45  6.89  7.51  9.07  9.17
 SOL.RAD  204.  272.  405.  465.  469.  535.  528.  448.  416.  313.  260.  185.
 SD SOL   26.6  36.4  38.6  65.7  98.1  90.7  85.1 164.5  67.6  34.2  30.9  23.8
 MX .5 P   .07   .12   .13   .20   .38   .56   .71  1.30   .60   .50   .14   .11
 DEW PT  11.64 15.57 16.77 23.83 35.00 41.77 47.00 46.05 36.94 26.88 18.70 13.77
Time Pk   .660  .763  .808  .871  .878  .884  .894  .907  .911  .929  .961 1.000
% N       6.07  7.98  8.51  9.51  9.19  7.41  8.39  7.58  8.11  7.51  7.44  6.48
MEAN      3.81  4.74  5.12  4.75  4.40  4.19  3.95  3.86  3.79  3.72  4.23  4.23
STD DEV   1.78  2.75  3.05  2.37  2.13  1.97  1.87  1.75  1.72  1.69  2.08  2.30
SKEW       .95  1.20  1.27   .81   .79   .97  1.10   .68   .81   .85   .80  1.15
% NNE     3.26  3.95  4.35  4.58  4.33  3.18  3.24  3.05  3.59  3.43  3.30  2.95
MEAN      3.96  4.35  5.91  4.77  4.53  4.31  4.01  3.56  3.91  4.02  4.55  4.11
STD DEV   1.89  2.19  3.01  2.20  2.00  1.99  1.69  1.34  1.83  1.74  2.16  2.02
SKEW       .90   .93   .92   .71   .67   .65   .67   .43   .78   .65   .87   .81
% NE      5.77  5.50  7.37  7.38  7.61  7.60  7.25  6.39  7.25  7.31  5.42  4.83
MEAN      3.47  3.67  4.12  4.07  3.92  3.79  3.62  3.53  3.62  3.51  3.66  3.43
STD DEV   1.65  1.71  1.99  1.98  1.85  1.72  1.70  1.52  1.66  1.71  1.78  1.60
SKEW      1.05  1.02  1.00   .78   .89   .87   .79   .66   .84  1.13   .93  1.02
% ENE     2.26  2.39  2.96  2.73  3.23  3.13  2.53  2.22  3.00  2.77  2.55  1.90
MEAN      3.83  3.51  4.14  4.25  3.98  4.08  3.41  3.42  3.56  3.72  3.88  3.21
STD DEV   1.51  1.35  1.87  1.81  1.65  1.69  1.29  1.36  1.54  1.64  1.64  1.31
SKEW       .43   .37  1.02   .49   .58   .51   .55   .71  1.01   .97   .88   .62
% E       5.65  5.24  6.21  6.42  6.75  7.43  5.95  5.42  6.44  6.84  5.26  4.81
MEAN      3.79  3.50  3.90  3.92  3.93  3.85  3.76  3.48  3.71  3.63  3.60  3.67
STD DEV   1.83  1.57  1.80  1.85  2.00  1.79  1.78  1.55  1.82  1.71  1.57  1.63
SKEW       .91   .91   .78   .70  1.25   .64  1.10   .64   .93   .82   .81   .89
% ESE     2.50  2.68  2.75  2.81  3.07  3.06  2.67  2.56  2.71  2.64  2.47  2.28
MEAN      3.75  3.98  3.81  3.87  4.37  4.31  3.95  3.71  3.83  3.95  3.62  3.54
STD DEV   1.69  1.84  1.56  1.76  1.86  1.79  1.79  1.49  1.67  1.73  1.42  1.47
SKEW      1.08   .61   .56   .49   .41   .68   .91   .46   .52   .72   .56   .41
% SE      6.07  5.87  6.15  5.96  5.63  6.85  5.55  6.33  5.68  5.46  5.90  5.74
MEAN      3.81  3.54  4.03  4.23  3.93  4.43  4.03  4.02  3.87  3.56  3.53  3.54
STD DEV   1.72  1.62  1.95  2.36  1.93  2.21  2.02  2.03  2.05  1.69  1.51  1.67
SKEW       .75   .73  1.16  1.06   .80   .74   .72   .75   .99   .81   .53   .75
% SSE     3.88  3.35  3.66  4.39  4.51  4.19  3.89  4.28  4.25  3.87  3.75  3.95
MEAN      3.83  3.79  4.25  5.09  5.06  5.17  4.37  4.22  4.55  4.06  3.79  3.80
STD DEV   1.54  1.38  1.89  2.77  2.40  2.50  2.01  2.04  2.54  1.83  1.55  1.47
SKEW       .39   .32   .93   .80   .56   .54   .63   .84  1.06   .70   .59   .41
% S      23.16 23.43 18.19 19.25 17.73 21.05 20.68 22.09 21.94 24.12 25.11 25.50
MEAN      4.29  4.27  4.17  5.03  4.80  4.64  4.34  4.16  4.08  3.96  4.16  4.27
STD DEV   1.76  1.74  1.77  2.53  2.47  2.25  1.96  1.82  1.89  1.63  1.61  1.67
SKEW       .67   .69   .86  1.08   .98   .91   .75   .68  1.03   .66   .42   .55
% SSW     9.09  8.24  7.10  6.52  7.37  7.52  8.39  9.53  9.14  9.81  8.73  9.21
MEAN      4.24  4.21  4.24  4.57  4.44  4.54  3.99  3.85  4.02  4.08  4.07  4.19
STD DEV   1.73  1.77  2.02  1.98  2.02  2.15  1.54  1.53  1.55  1.69  1.37  1.67
SKEW       .53   .48  1.15   .69   .74   .85   .67   .65   .61   .88   .38   .52
% SW      6.92  5.97  6.34  5.69  6.81  7.77  8.16  8.67  6.70  6.33  5.70  6.46
MEAN      4.09  3.69  4.05  4.03  3.90  3.70  3.54  3.29  3.37  3.52  3.64  3.48
STD DEV   2.29  1.93  2.40  2.23  2.15  1.92  1.76  1.44  1.49  1.77  1.90  1.60
SKEW      1.26  1.44  1.53  1.24  1.17  1.08  1.16   .69   .73  1.33  1.62  1.07
% WSW     2.66  2.31  2.29  2.24  2.24  2.09  2.24  2.37  1.95  1.83  2.21  2.49
MEAN      4.15  3.34  4.36  4.42  3.82  3.69  3.39  3.13  3.17  3.18  3.69  3.86
STD DEV   2.33  1.50  2.62  2.30  1.75  1.67  1.35  1.35  1.25  1.36  1.74  2.07
SKEW      1.31  1.17   .99   .65   .60   .85   .66   .33   .70   .88  1.00  1.06
% W       6.69  6.23  6.13  5.51  5.72  4.98  5.54  4.94  4.73  4.11  5.25  6.30
MEAN      4.85  5.07  4.90  4.73  4.05  3.74  3.22  3.28  3.28  3.50  4.98  5.35
STD DEV   2.78  2.92  2.96  2.72  2.36  2.10  1.71  1.88  1.79  1.86  2.92  2.82
SKEW       .85   .72   .77   .85  1.17  1.27  1.33  1.32  1.32  1.15   .79   .52
% WNW     4.54  4.79  4.81  3.79  3.04  2.57  2.36  2.19  2.44  2.45  4.15  4.75
MEAN      5.91  6.03  6.76  6.04  4.43  4.29  3.28  4.04  3.64  4.10  6.28  6.06
STD DEV   2.86  3.18  3.27  3.09  2.40  2.23  1.56  2.13  1.86  2.18  3.20  2.85
SKEW       .37   .30   .30   .46   .81   .93   .96  1.00  1.20   .93   .48   .40
% NW      6.75  7.18  7.81  7.40  6.97  5.87  7.31  6.76  6.22  5.73  6.53  6.65
MEAN      4.51  5.05  5.16  4.82  4.26  3.91  3.57  3.68  3.66  3.73  4.66  4.94
STD DEV   2.58  2.79  2.88  2.63  2.28  2.05  1.83  2.05  1.79  2.09  2.59  2.92
SKEW       .89   .74   .77   .95  1.00  1.11  1.15  1.36   .81  1.25   .84  1.17
% NNW     2.84  3.31  3.87  4.20  4.05  3.19  3.59  3.49  3.88  3.38  3.31  3.07
MEAN      3.92  4.20  5.31  4.88  4.49  4.56  3.84  3.81  3.78  3.50  4.52  3.98
STD DEV   1.53  2.01  2.69  2.30  2.10  2.17  1.70  1.89  1.62  1.62  2.28  1.81
SKEW       .30   .82   .58   .55   .87   .53   .84   .94   .48   .67   .89   .89
CALM      2.00  1.62  1.54  1.64  1.55  2.01  2.20  2.22  1.94  2.45  2.92  2.72
 
INTERPOLATED DATA (station & weighting factor)
 
---Wind Stations---
DENVER/STAPLE.CO     .479  DENVER        CO     .479  AKRON         CO     .041
---Solar Radiation and Max .5 P Stations---
 DENVER, COLORADO    .815   COLORADO SPRINGS,   .119   CHEYENNE, WYOMING   .066 
---Dewpoint Stations---
CO DENVER            .820  CO COLORADO SPRINGS  .116  WY CHEYENNE          .065 
---Time Peak Stations---
PAKER 9 E CO         .461  MORRISON 1 SW CO     .348  BYERS CO             .191 
