 MESA VERDE NATL PRK CO                   55531 0
 LATT=  37.20 LONG=-108.50 YEARS= 45. TYPE= 3
 ELEVATION = 6960. TP5 = 1.52 TP6= 2.82
 MEAN P    .24   .21   .21   .22   .18   .16   .20   .21   .21   .30   .25   .25
 S DEV P   .24   .22   .21   .25   .21   .25   .26   .30   .27   .33   .28   .28
 SKEW  P  1.67  2.01  1.72  2.72  1.77  4.14  3.02  2.70  2.38  1.63  1.88  1.98
 P(W/W)    .52   .49   .49   .41   .48   .40   .46   .45   .48   .52   .46   .47
 P(W/D)    .15   .16   .18   .13   .12   .09   .24   .24   .15   .11   .13   .14
 TMAX AV 39.47 43.81 49.72 59.99 70.02 81.48 86.32 83.89 76.90 65.18 49.81 40.72
 TMIN AV 18.12 21.76 26.29 33.21 41.72 50.91 56.96 55.22 48.92 38.87 27.50 20.08
 SD TMAX  8.26  8.75  9.38  9.51  8.98  7.39  5.30  5.51  7.39  9.69  9.97  8.57
 SD TMIN  8.71  8.07  7.36  7.09  6.89  6.56  3.93  3.97  5.97  7.16  8.06  8.19
 SOL.RAD  267.  362.  479.  589.  662.  719.  671.  607.  537.  410.  302.  247.
 SD SOL   17.3  17.1  22.8  30.5  37.1  31.0  40.2  88.0  36.3  12.4  11.8  14.6
 MX .5 P   .14   .18   .15   .23   .27   .45   .99   .49   .36   .34   .15   .14
 DEW PT  18.17 20.02 20.16 23.57 28.20 32.86 43.98 47.41 40.54 30.49 23.44 19.30
Time Pk   .790  .883  .905  .924  .927  .927  .934  .941  .944  .961  .973 1.000
% N       2.68  3.24  2.94  3.31  3.60  3.80  3.47  3.42  3.11  3.09  2.60  2.88
MEAN      3.06  3.23  3.47  3.60  3.95  3.82  3.92  3.90  3.58  3.29  3.12  2.94
STD DEV   1.37  1.40  1.46  1.61  1.84  1.64  1.95  2.04  1.65  1.25  1.24  1.12
SKEW      1.27  1.22  1.30  1.02  1.06  1.07  1.06  1.42  1.13   .53   .96   .42
% NNE     2.46  2.63  2.49  2.58  2.86  3.04  2.84  2.65  2.96  2.78  2.63  2.36
MEAN      2.86  3.26  3.22  3.44  3.88  3.77  3.89  3.67  3.34  3.20  3.14  3.33
STD DEV   1.28  1.26  1.33  1.36  2.07  1.75  1.87  1.68  1.47  1.29  1.31  1.88
SKEW       .70   .54   .37   .69  1.74  1.26   .97  1.14   .70   .54   .56  1.02
% NE      5.53  5.14  4.51  4.35  4.52  5.30  5.88  5.61  6.24  6.05  5.67  6.11
MEAN      3.03  3.37  3.38  3.48  3.53  3.53  3.78  3.54  3.34  3.12  3.05  2.95
STD DEV   1.18  1.35  1.34  1.51  1.51  1.38  1.70  1.55  1.38  1.26  1.19  1.14
SKEW       .92   .66   .48  1.25  1.02   .89  1.14  1.27  1.10   .97   .78   .73
% ENE     9.17  7.70  6.05  5.59  6.18  6.72  8.13  7.79  8.28  8.57  8.04  8.91
MEAN      3.28  3.33  3.46  3.50  3.90  3.93  4.05  3.98  3.60  3.43  3.22  3.22
STD DEV   1.21  1.19  1.39  1.24  1.59  1.73  1.68  1.71  1.39  1.25  1.11  1.12
SKEW       .81   .66  1.00   .56  1.04  1.41  1.09  1.22   .66   .71   .69   .38
% E      10.57  8.85  6.88  5.98  7.06  7.23  9.44  9.57  9.63  9.30  9.30  9.88
MEAN      3.38  3.43  3.74  3.69  3.88  4.05  4.16  4.07  3.84  3.86  3.48  3.46
STD DEV   1.28  1.31  1.40  1.32  1.56  1.74  1.69  1.67  1.49  1.54  1.31  1.31
SKEW       .74   .59   .71   .47   .90   .87   .82   .79   .69   .62   .64   .71
% ESE     7.69  6.72  6.15  5.73  6.56  6.70  8.98  8.47  8.60  8.74  7.53  7.40
MEAN      3.46  3.67  3.83  4.13  4.45  4.02  4.37  4.20  4.06  3.95  3.59  3.42
STD DEV   1.24  1.45  1.44  1.77  2.06  1.58  1.92  1.71  1.56  1.50  1.44  1.19
SKEW       .36   .66   .43   .65   .87   .60  1.13   .62   .64   .52   .93   .31
% SE      3.52  3.24  3.47  3.22  4.08  4.46  6.11  5.62  5.18  4.42  3.88  3.38
MEAN      3.27  3.90  3.97  4.25  4.44  4.12  4.22  3.93  3.75  3.92  3.72  3.36
STD DEV   1.37  1.61  1.97  1.84  2.08  1.77  2.01  1.70  1.54  1.80  2.11  1.35
SKEW       .52   .88  1.01   .86   .84  1.04  1.01  1.14   .80   .92  1.31  1.05
% SSE     1.50  1.69  1.90  2.61  2.87  2.92  3.92  3.59  2.97  3.06  1.86  1.41
MEAN      3.47  3.89  4.23  5.18  4.99  4.90  4.41  4.07  4.05  4.28  4.34  3.06
STD DEV   1.63  1.83  2.11  2.42  2.44  2.31  2.26  2.04  1.95  2.15  2.32  1.25
SKEW      1.04   .74   .78   .42   .76   .84   .97  1.25  1.23  1.01  1.02   .55
% S       1.86  2.37  3.08  4.29  4.88  4.15  4.76  4.12  3.64  3.00  2.23  1.91
MEAN      3.82  4.08  4.68  5.40  5.44  4.93  4.11  4.04  4.42  4.61  4.14  3.74
STD DEV   2.14  2.12  2.42  2.76  2.77  2.32  2.02  2.00  2.37  2.49  2.13  2.10
SKEW      1.18   .90   .80   .78   .82   .68  1.00  1.21   .96  1.11  1.10  1.34
% SSW     1.91  2.37  3.94  4.55  4.64  4.60  3.41  3.43  2.83  2.37  2.30  1.73
MEAN      3.78  4.46  5.12  5.94  5.91  5.37  4.11  3.88  4.34  4.19  4.31  3.94
STD DEV   1.85  2.52  2.61  2.99  2.81  2.29  1.84  1.68  2.06  2.19  2.14  1.80
SKEW      1.39  1.21   .55   .56   .53   .50  1.09  1.15  1.08   .93  1.20   .90
% SW      4.28  4.71  6.61  7.53  7.25  7.48  5.21  5.43  5.31  4.37  4.91  4.08
MEAN      3.51  3.95  4.97  5.54  5.16  5.06  4.09  4.22  4.12  3.85  3.89  3.62
STD DEV   1.61  2.08  2.59  2.81  2.52  2.23  1.76  1.88  2.00  1.89  1.83  1.70
SKEW      1.33  1.26   .99   .79   .78   .67   .94   .94  1.04  1.68  1.21  1.18
% WSW     6.64  7.01  9.14  8.56  8.73  8.55  5.85  6.12  6.07  5.63  7.04  6.45
MEAN      3.98  4.15  5.13  5.64  5.35  5.07  4.50  4.20  4.45  4.09  4.12  3.93
STD DEV   1.97  1.99  2.52  2.75  2.43  2.22  1.87  1.77  2.01  1.84  1.84  1.81
SKEW      1.20  1.27   .78   .66   .72   .66   .57   .80   .81  1.06   .91  1.20
% W       7.85  9.76 11.06 10.01  8.85  7.71  5.96  6.38  6.46  7.30  8.04  7.11
MEAN      4.37  4.90  5.59  5.81  5.51  5.35  4.60  4.60  4.65  4.74  4.71  4.33
STD DEV   2.20  2.60  2.69  2.79  2.53  2.30  2.00  2.08  2.22  2.37  2.43  2.29
SKEW       .86   .96   .67   .60   .63   .48   .61   .69   .75   .96   .97  1.10
% WNW     5.31  7.40  8.83  9.23  6.72  6.32  4.86  4.33  5.10  4.93  5.29  4.56
MEAN      4.70  5.56  6.24  6.27  5.55  5.56  5.02  4.58  5.05  5.05  5.31  4.90
STD DEV   2.43  2.55  2.74  2.71  2.57  2.51  2.20  2.01  2.26  2.45  2.54  2.47
SKEW       .68   .48   .31   .36   .57   .61   .57   .65   .69   .65   .49   .72
% NW      2.74  4.13  4.60  4.66  3.68  3.50  2.94  2.52  2.82  2.84  2.54  2.37
MEAN      4.18  5.50  5.93  5.83  5.05  5.02  4.64  4.33  4.43  4.51  5.27  4.28
STD DEV   2.32  2.83  2.91  2.77  2.43  2.30  2.19  2.03  2.09  2.13  2.94  2.61
SKEW       .70   .80   .45   .49   .63   .61   .67   .79   .67   .66   .83   .99
% NNW     1.82  2.27  2.49  2.53  2.21  2.40  2.10  1.79  1.69  1.52  1.60  1.58
MEAN      3.06  4.19  4.89  4.95  4.66  4.22  4.74  4.07  3.96  3.75  3.77  3.21
STD DEV   1.28  2.31  2.77  2.60  2.39  1.91  2.59  2.01  1.79  1.67  1.85  1.46
SKEW       .87  1.10   .96   .67  1.02   .88  1.11   .86   .98   .86  1.37   .80
CALM     24.41 20.77 15.91 15.22 15.29 15.14 16.19 19.07 19.10 22.07 24.49 27.78
 
INTERPOLATED DATA (station & weighting factor)
 
---Wind Stations---
FARMINGTON    NM     .633  GALLUP        NM     .195  GRAND JUNCT.  CO     .173
---Solar Radiation and Max .5 P Stations---
 GRAND JUNCTION, CO  .432   ALBUQURQUE, NEW ME  .315   FLAGSTAFF, ARIZONA  .252 
---Dewpoint Stations---
CO GRAND JUNCTION    .416  NM ALBUQUERQUE       .303  AZ WINSLOW           .281 
---Time Peak Stations---
MESA VERDE NAT PRK  1.000  PLEASANT VIEW 2 W C  .000  KEAMS CANYON AZ      .000 
