 LIMON CO                                 55017 0
 LATT=  39.27 LONG=-103.68 YEARS= 25. TYPE= 3
 ELEVATION = 5360. TP5 = 1.98 TP6= 3.55
 MEAN P    .07   .05   .11   .14   .23   .22   .27   .28   .16   .17   .09   .06
 S DEV P   .08   .06   .12   .21   .34   .26   .38   .41   .20   .22   .10   .06
 SKEW  P  2.51  1.98  1.98  4.38  3.52  2.34  2.71  2.64  1.96  2.75  1.95  1.87
 P(W/W)    .34   .29   .41   .46   .52   .48   .48   .46   .40   .38   .37   .31
 P(W/D)    .09   .10   .13   .13   .19   .17   .23   .20   .12   .09   .09   .07
 TMAX AV 41.96 45.57 48.43 60.00 70.22 80.35 86.29 84.09 76.54 65.98 52.07 44.64
 TMIN AV  9.55 14.27 18.22 29.23 40.27 49.44 55.70 53.74 43.57 31.77 19.61 12.50
 SD TMAX 14.44 13.57 14.32 12.47 11.12  9.57  6.71  7.16 10.73 12.64 13.41 12.74
 SD TMIN 11.18  9.90  9.31  7.25  6.93  5.81  4.12  4.59  6.92  7.45  8.70  9.22
 SOL.RAD  205.  272.  399.  459.  471.  534.  533.  451.  415.  314.  480.  184.
 SD SOL   31.4  41.7  45.7  73.4 103.1  96.2  88.2 190.3  72.9  39.3  64.7  28.9
 MX .5 P   .06   .04   .28   .40   .85  1.33   .98  1.58   .61  1.52   .14   .08
 DEW PT  11.91 16.39 17.15 24.63 36.69 43.59 49.17 48.58 38.93 28.28 19.15 14.15
Time Pk   .637  .754  .800  .870  .883  .885  .905  .910  .915  .939  .964 1.000
% N       7.98  9.76  9.34  9.78  7.98  7.20  7.37  8.28  7.73  8.76  9.18  8.64
MEAN      5.97  6.66  7.02  7.24  6.28  5.53  5.29  5.20  5.22  5.49  6.32  6.25
STD DEV   3.04  3.33  3.61  3.51  2.99  2.68  2.40  2.50  2.53  2.65  2.97  3.21
SKEW       .90   .91   .83   .77   .67   .93   .60   .77   .77   .77   .79  1.13
% NNE     6.83  6.85  6.76  6.77  6.54  6.76  5.88  6.14  6.45  7.72  7.34  7.04
MEAN      5.09  5.54  6.06  6.19  5.82  5.40  5.19  5.32  5.45  5.24  5.77  5.29
STD DEV   2.29  2.49  2.76  2.72  2.50  2.32  2.32  2.46  2.38  2.22  2.57  2.57
SKEW       .85  1.03   .70   .67   .73   .74   .83   .93   .99   .87   .94   .77
% NE      5.49  4.96  5.83  5.42  6.17  5.78  5.97  5.59  5.86  5.92  5.38  5.57
MEAN      4.66  4.96  5.34  5.21  5.25  5.07  4.96  4.64  4.70  4.57  4.75  4.28
STD DEV   2.16  2.27  2.40  2.44  2.41  2.28  2.26  2.12  2.03  2.01  2.28  1.88
SKEW       .70   .87   .99   .77   .85   .69   .75   .97   .81   .62   .84   .64
% ENE     3.98  3.34  4.57  4.03  4.73  4.70  4.79  4.41  4.62  3.96  3.02  2.74
MEAN      4.66  4.55  4.56  4.91  5.14  5.07  4.76  4.37  4.46  4.46  4.43  3.72
STD DEV   1.93  1.90  1.90  2.08  2.43  2.16  1.93  1.79  1.83  1.93  1.89  1.56
SKEW       .79  1.01   .79   .79  1.01   .52   .61   .55   .66   .79   .96   .70
% E       4.10  4.00  5.06  4.71  5.41  5.97  6.23  5.70  6.09  4.62  3.64  3.30
MEAN      4.31  4.48  4.73  5.03  4.71  4.69  4.80  4.39  4.17  3.85  4.08  4.06
STD DEV   1.79  2.21  2.16  2.34  2.09  2.05  2.03  1.85  1.84  1.60  1.72  1.78
SKEW       .64  1.27   .97   .94   .80   .60   .68   .70   .80   .59   .92   .85
% ESE     3.74  3.68  5.00  5.68  6.82  7.15  6.96  6.56  6.83  5.16  3.56  3.31
MEAN      4.19  4.74  5.24  4.97  5.00  4.78  4.64  4.49  4.70  4.35  4.37  4.11
STD DEV   1.76  2.23  2.25  2.15  2.00  1.99  1.90  1.85  2.11  1.95  2.27  1.84
SKEW       .78  1.15   .80   .87   .66   .51   .63   .59   .75   .85  1.47  1.14
% SE      4.44  4.66  6.02  6.04  6.71  8.12  8.06  8.01  7.49  5.82  4.46  3.82
MEAN      4.07  4.31  5.04  5.24  5.18  5.18  4.77  4.69  4.81  4.42  4.08  4.41
STD DEV   1.67  1.79  2.24  2.30  2.30  2.20  2.12  2.00  2.06  2.01  1.60  1.97
SKEW       .55   .44   .77   .52   .64   .55   .59   .66   .63   .93   .65   .83
% SSE     4.70  5.72  6.95  8.90  9.45  8.87  9.86  8.90  9.44  7.32  4.71  4.41
MEAN      4.71  4.92  5.50  6.31  6.08  5.68  5.32  4.98  5.55  5.17  4.89  4.56
STD DEV   1.99  2.22  2.35  2.87  2.59  2.25  2.12  2.00  2.29  2.28  2.07  1.94
SKEW       .61   .83   .51   .71   .55   .21   .46   .48   .44   .66   .75   .54
% S       4.57  5.22  6.00  7.46  7.62  8.81  8.84  7.81  8.06  6.88  5.18  4.29
MEAN      4.35  4.49  4.99  5.75  5.72  5.47  4.98  4.62  4.85  4.64  4.51  4.40
STD DEV   1.89  1.91  2.18  2.71  2.74  2.49  2.10  2.04  2.15  2.17  1.94  1.97
SKEW       .70   .60   .61   .91   .69   .54   .55   .66   .53   .83   .73   .73
% SSW     4.40  4.27  4.50  4.90  5.42  5.82  6.21  6.09  5.49  4.85  4.41  4.29
MEAN      4.86  4.52  5.20  5.55  5.57  5.67  4.80  4.57  4.83  4.72  4.58  4.86
STD DEV   2.23  2.16  2.47  2.65  2.73  2.73  2.16  1.97  2.26  2.17  2.08  2.20
SKEW       .98  1.12   .85   .66   .79   .69   .77   .62   .79   .80   .96   .72
% SW      7.24  7.08  5.10  5.28  5.51  5.68  4.69  5.55  4.68  5.34  6.43  7.76
MEAN      4.55  4.62  4.98  5.24  5.20  5.29  4.35  4.10  4.26  4.43  4.48  4.64
STD DEV   2.13  2.01  2.48  2.48  2.48  2.50  2.08  1.91  2.00  2.03  1.88  2.00
SKEW       .71   .83   .72   .51   .70   .56   .74   .87   .83   .73   .80   .57
% WSW     8.40  7.51  5.00  5.10  3.69  3.51  3.37  3.43  4.00  5.11  6.88  8.53
MEAN      5.30  4.96  5.51  5.62  5.29  4.69  3.90  4.06  4.38  4.65  4.70  5.03
STD DEV   2.42  2.27  2.51  2.36  2.49  2.04  1.61  1.72  1.99  2.03  2.02  2.23
SKEW       .76   .83   .66   .30   .71   .47   .75   .99   .68   .50   .76   .75
% W       9.16  7.68  5.26  4.93  3.95  3.71  3.76  4.53  4.61  6.48  9.14  9.64
MEAN      5.17  5.08  5.50  5.53  5.04  4.58  4.22  4.31  4.30  4.63  4.93  5.21
STD DEV   2.36  2.42  2.58  2.66  2.18  2.17  1.83  1.89  1.75  1.98  2.28  2.42
SKEW       .68   .67   .62   .88   .64   .90   .67   .93   .72   .55   .78   .85
% WNW     6.23  6.23  5.03  4.28  3.58  3.81  3.36  3.59  3.87  4.99  6.71  6.53
MEAN      6.14  5.85  6.84  6.37  5.42  4.99  4.56  4.71  4.73  4.87  5.95  5.96
STD DEV   3.45  2.79  3.88  3.17  2.41  2.26  1.99  2.17  2.16  2.30  2.86  2.95
SKEW      1.35   .89  1.15   .66   .60   .98   .79   .84   .85   .90   .69   .84
% NW      5.48  5.66  6.43  4.77  4.68  3.96  4.16  4.31  3.75  4.35  6.03  6.01
MEAN      6.27  6.03  7.25  6.21  5.81  5.20  4.56  4.87  4.78  4.90  5.52  6.38
STD DEV   3.36  2.86  3.95  3.12  2.74  2.61  2.04  2.16  2.16  2.25  2.59  3.44
SKEW       .91   .61   .86   .89   .76   .95   .79   .72   .81   .79   .80   .93
% NNW     6.93  8.40  8.92  8.22  7.06  5.64  5.60  5.68  5.71  6.95  8.79  7.87
MEAN      6.38  7.00  7.84  7.17  6.53  5.75  5.54  5.18  5.48  5.77  6.86  6.90
STD DEV   2.84  3.24  3.91  3.51  3.09  2.99  2.58  2.36  2.53  2.85  3.42  3.24
SKEW       .49   .63   .74   .86  1.01  1.25   .89   .61   .90   .85   .89   .69
CALM      6.35  5.03  4.23  3.55  4.68  4.51  4.94  5.30  5.27  5.73  5.13  6.21
 
INTERPOLATED DATA (station & weighting factor)
 
---Wind Stations---
COLORADO SPR. CO     .369  AKRON         CO     .357  LA JUNTA      CO     .274
---Solar Radiation and Max .5 P Stations---
 COLORADO SPRINGS,   .478   PUEBLO, COLORADO    .372   NORTH PLATTE, NEBR  .149 
---Dewpoint Stations---
CO COLORADO SPRINGS  .407  CO DENVER            .352  KS GOODLAND          .241 
---Time Peak Stations---
KUTCH 6 SSE CO       .406  BYERS CO             .305  SEIBERT CO           .288 
