 BUENA VISTA 2S CO                        51071 0
 LATT=  38.83 LONG=-106.13 YEARS= 45. TYPE= 3
 ELEVATION = 7980. TP5 = 1.72 TP6= 3.12
 MEAN P    .13   .16   .14   .20   .20   .14   .16   .19   .19   .24   .16   .14
 S DEV P   .18   .20   .16   .22   .23   .16   .20   .26   .24   .29   .19   .17
 SKEW  P  4.72  3.68  2.63  2.73  2.05  2.52  2.56  2.88  3.00  2.24  2.58  3.87
 P(W/W)    .25   .22   .33   .31   .39   .46   .49   .51   .41   .34   .34   .33
 P(W/D)    .07   .07   .11   .09   .12   .10   .21   .22   .11   .08   .08   .07
 TMAX AV 40.24 43.16 48.09 56.67 66.01 76.85 81.50 78.65 73.00 63.49 49.01 40.84
 TMIN AV 12.72 15.24 19.71 26.26 34.29 41.82 47.56 45.67 38.09 28.87 19.63 13.22
 SD TMAX  8.99  9.20  9.34  9.07  8.32  7.27  5.28  5.26  7.12  9.70 10.34  9.39
 SD TMIN  8.14  8.12  7.75  6.85  5.88  5.08  3.82  4.24  5.56  6.72  8.51  8.30
 SOL.RAD  212.  286.  414.  486.  502.  574.  563.  482.  441.  330.  462.  194.
 SD SOL   29.3  37.0  40.2  63.0  90.4  80.3  76.5 159.4  63.6  33.7  57.2  25.9
 MX .5 P   .07   .05   .16   .32   .60  1.12   .91  1.31   .48  1.35   .13   .09
 DEW PT  12.39 16.50 17.86 24.49 34.26 39.25 46.49 47.45 38.29 28.13 20.45 15.10
Time Pk   .685  .797  .860  .900  .904  .908  .911  .917  .922  .942  .971 1.000
% N       4.58  5.27  5.87  4.15  5.49  5.24  7.92  7.55  5.81  5.93  7.15  5.20
MEAN      3.00  3.69  4.06  4.64  3.91  3.83  3.80  3.50  3.10  3.59  3.71  3.18
STD DEV   1.70  1.83  1.91  2.43  1.88  2.05  2.02  1.80  1.53  1.81  1.97  1.56
SKEW      1.31   .78   .46   .74   .69  1.26  1.23  1.05   .85   .70  1.10   .75
% NNE     2.00  2.54  2.40  1.60  2.58  2.62  2.81  3.02  2.31  2.45  3.32  2.38
MEAN      2.98  3.23  3.88  3.98  3.87  3.77  3.60  3.20  2.89  3.06  3.43  3.03
STD DEV   1.21  1.74  1.97  2.20  2.15  2.18  1.81  1.62  1.54  1.18  1.62  1.23
SKEW      1.09  1.11   .63   .74   .91  1.11   .97   .76   .98   .73   .87  1.44
% NE      2.70  2.81  2.07  2.20  2.94  2.93  4.02  3.46  3.34  2.64  3.17  2.29
MEAN      3.08  2.80  3.11  3.55  3.59  3.19  3.26  3.14  3.17  2.85  2.99  2.85
STD DEV   1.55  1.18  1.56  1.66  1.80  1.63  1.67  1.55  1.44  1.30  1.33  1.18
SKEW       .90   .52   .96  1.05   .90  1.36  1.36   .77   .56   .84   .67   .60
% ENE     2.56  2.27  2.00  2.17  2.52  2.71  2.80  3.14  2.69  2.25  2.50  2.67
MEAN      3.01  2.81  3.12  3.02  3.32  3.50  3.70  3.17  3.05  2.73  2.84  2.73
STD DEV   1.45  1.10  1.64  1.41  1.48  1.53  1.73  1.57  1.51  1.05  1.09  1.18
SKEW       .84   .73  1.09   .64   .57   .71   .84  1.29  1.26   .80   .50   .67
% E       8.60  7.95  6.70  5.96  6.45  7.53  7.81  7.74  7.14  7.33  8.07  8.26
MEAN      2.85  3.01  3.47  3.56  3.79  3.61  3.68  3.40  3.05  2.99  2.83  3.10
STD DEV   1.43  1.50  1.60  1.65  1.87  1.78  1.62  1.93  1.54  1.34  1.43  1.44
SKEW      1.18   .81   .43   .43   .82   .85   .68  1.05   .90   .92   .83  1.44
% ESE     4.79  4.13  3.86  3.46  4.25  4.33  4.46  3.89  3.78  4.05  3.39  2.99
MEAN      3.16  3.28  3.44  3.52  3.86  4.14  3.94  3.44  3.47  3.32  2.95  2.91
STD DEV   1.64  1.51  1.63  1.70  1.72  2.01  1.72  1.64  1.51  1.47  1.33  1.45
SKEW       .84   .63   .91   .68  1.06  1.39   .77  1.05   .66   .73   .50   .96
% SE      6.02  6.20  6.88  7.42  6.69  6.44  6.64  6.22  5.86  5.46  6.36  4.88
MEAN      2.94  3.13  3.38  3.89  3.98  4.14  3.75  3.44  3.52  3.18  3.03  2.95
STD DEV   1.39  1.37  1.53  1.82  1.82  1.79  1.79  1.65  1.43  1.33  1.30  1.43
SKEW       .90   .66   .85   .73   .83   .97  1.23   .91   .99   .59   .49  1.02
% SSE     6.24  6.99  7.15  7.73  7.25  8.14  6.41  7.11  6.24  7.80  5.32  6.17
MEAN      3.24  3.41  3.65  3.99  4.32  4.20  3.88  3.64  3.49  3.38  3.34  3.29
STD DEV   1.54  1.52  1.62  1.86  2.07  1.83  1.62  1.48  1.61  1.45  1.64  1.61
SKEW       .61   .40   .63   .67   .72   .68   .77   .92   .83   .77   .44   .50
% S       6.89  6.91  6.69  7.47  8.26  5.74  6.62  7.07  9.11  7.67  6.63  6.46
MEAN      3.45  3.38  3.83  4.34  4.85  4.66  4.13  3.73  3.95  3.61  3.52  3.51
STD DEV   1.69  1.64  1.89  2.19  2.25  2.26  1.98  1.78  1.96  1.89  1.83  1.56
SKEW       .81   .63   .77   .86   .51   .61   .81   .72  1.01  1.22  1.16   .53
% SSW     3.36  3.86  4.44  5.16  5.52  5.16  3.55  3.83  4.68  3.64  3.26  3.22
MEAN      4.50  4.98  4.66  5.61  5.47  5.41  4.92  4.32  5.08  4.62  3.91  4.80
STD DEV   2.21  2.72  2.30  2.54  2.69  2.55  2.29  2.04  2.26  2.32  2.14  2.56
SKEW       .17   .37   .53   .13   .41   .39   .57   .36   .31   .42  1.14   .43
% SW      5.58  6.20  8.96 10.16  8.89  8.56  5.75  6.41  7.28  6.35  5.02  4.90
MEAN      4.36  5.08  5.05  6.04  5.74  5.49  3.91  4.28  5.03  4.31  4.23  4.30
STD DEV   2.43  3.30  3.09  2.80  3.28  2.47  2.21  2.02  2.61  2.51  2.28  2.37
SKEW       .53   .56   .53   .21   .76   .16   .71   .38   .43   .77   .45   .58
% WSW     5.09  4.80  5.78  7.54  6.11  6.02  3.83  3.69  4.95  3.94  3.95  4.48
MEAN      6.94  5.32  5.98  6.73  5.92  6.25  5.31  4.57  5.16  4.88  4.58  5.62
STD DEV   4.12  2.74  2.81  2.99  2.79  2.77  2.44  2.03  2.40  2.45  2.56  3.01
SKEW       .73   .51   .34   .73   .33   .43   .64   .16   .52   .30   .57   .86
% W       7.97  7.75  7.57  8.54  6.70  6.87  5.68  5.53  7.01  6.35  6.41  8.33
MEAN      5.02  4.92  5.50  6.21  5.59  5.85  4.43  3.81  4.51  4.44  4.91  5.20
STD DEV   2.40  2.62  2.73  2.99  3.37  3.29  2.31  2.15  2.40  2.23  2.30  2.68
SKEW      1.18  1.66   .71   .44   .95   .74   .69   .81   .87   .75   .81  1.68
% WNW     2.99  2.92  2.84  2.80  3.02  2.38  2.90  2.67  2.53  2.27  2.27  2.92
MEAN      4.35  4.40  5.01  4.75  4.92  4.06  4.16  3.78  4.10  3.86  3.89  4.14
STD DEV   1.95  2.08  2.76  2.53  2.31  2.30  2.15  1.90  2.01  2.04  2.24  2.20
SKEW       .75   .80   .79   .66   .74   .92   .87   .81   .72   .84  1.02   .75
% NW      3.60  3.32  3.71  3.85  3.34  3.85  4.21  4.26  3.15  3.02  3.10  3.19
MEAN      3.75  3.65  4.90  4.65  4.44  4.39  3.84  3.57  3.48  3.35  3.69  4.30
STD DEV   1.85  1.96  2.65  2.51  2.17  2.56  1.97  2.03  2.07  1.90  2.15  2.19
SKEW      1.05   .73   .37   .63   .77  1.19   .99  1.08   .96  1.24   .92  1.01
% NNW     3.73  5.76  7.48  5.57  5.01  5.99  6.64  5.17  4.32  6.18  5.77  4.83
MEAN      3.48  4.10  4.67  5.26  4.56  4.29  4.08  3.90  3.31  3.81  3.86  4.18
STD DEV   1.85  2.06  2.16  2.40  2.09  2.27  1.89  2.01  1.71  1.97  1.97  2.09
SKEW      1.02   .97   .69   .63   .72  1.36   .98  1.11  1.29  1.06  1.16   .18
CALM     23.16 20.31 15.61 14.13 15.02 15.48 17.90 19.29 19.77 22.66 24.29 26.74
 
INTERPOLATED DATA (station & weighting factor)
 
---Wind Stations---
USAF ACADEMY  CO     .370  EAGLE         CO     .369  ALAMOSA       CO     .261
---Solar Radiation and Max .5 P Stations---
 COLORADO SPRINGS,   .420   PUEBLO, COLORADO    .335   GRAND JUNCTION, CO  .245 
---Dewpoint Stations---
CO COLORADO SPRINGS  .406  CO PUEBLO            .353  CO GRAND JUNCTION    .240 
---Time Peak Stations---
ANTERO RESERVOIR CO  .532  LAKE GEORGE 8 SW CO  .266  GUNNISON CO          .202 
