 LA JUNTA CAA AP CO                       54720 0
 LATT=  38.05 LONG=-103.52 YEARS= 48. TYPE= 3
 ELEVATION = 4190. TP5 = 2.21 TP6= 3.99
 MEAN P    .08   .08   .13   .17   .22   .23   .24   .23   .19   .19   .14   .08
 S DEV P   .10   .10   .19   .28   .30   .35   .36   .35   .29   .30   .23   .09
 SKEW  P  3.08  3.21  3.60  3.85  2.54  3.52  3.21  2.96  3.38  3.39  4.17  1.75
 P(W/W)    .32   .34   .35   .40   .43   .38   .41   .39   .34   .35   .35   .34
 P(W/D)    .10   .10   .14   .15   .20   .15   .20   .16   .11   .08   .10   .08
 TMAX AV 43.90 49.65 57.42 68.69 77.77 89.17 93.99 91.59 83.35 71.82 55.37 46.06
 TMIN AV 16.83 21.39 27.39 37.81 47.96 57.82 63.37 61.36 52.35 39.57 25.82 18.50
 SD TMAX 15.04 14.81 14.58 12.55 11.01  9.73  7.16  7.40 11.09 12.12 13.58 14.14
 SD TMIN  8.92  8.81  8.75  7.82  6.89  6.15  4.17  4.52  7.42  7.53  8.53  8.33
 SOL.RAD  228.  297.  417.  492.  509.  578.  572.  492.  452.  338.  448.  211.
 SD SOL   27.2  36.2  41.4  61.4  87.5  77.7  72.5 149.0  61.4  33.7  48.8  23.7
 MX .5 P   .12   .05   .25   .73   .90  1.46  1.15  1.22   .46   .25   .25   .37
 DEW PT  14.36 18.77 20.30 28.81 39.56 47.53 53.00 53.60 44.09 32.32 22.79 17.30
Time Pk   .596  .735  .780  .864  .877  .882  .905  .910  .912  .940  .968 1.000
% N       5.12  7.49  8.88  7.50  5.22  4.06  4.12  4.50  4.06  5.14  6.56  6.21
MEAN      5.10  6.19  7.03  7.18  5.32  4.96  4.68  4.67  4.54  4.69  5.63  5.63
STD DEV   2.85  3.36  4.16  4.39  2.75  2.67  2.40  2.52  2.41  2.66  3.17  3.75
SKEW       .82  1.01  1.24  1.45   .67  1.15   .76   .86   .73   .91   .98  1.57
% NNE     3.85  5.22  5.50  5.30  4.53  4.35  3.13  3.57  3.71  4.25  4.43  3.96
MEAN      5.26  5.77  6.20  7.01  6.12  5.87  5.27  5.72  5.48  5.23  6.33  5.36
STD DEV   2.77  2.88  2.97  2.87  2.91  2.66  2.38  2.82  2.40  2.89  3.36  2.61
SKEW       .55  1.38   .54   .37   .91   .79   .51   .71   .31  1.07  1.15   .50
% NE      5.01  4.95  5.95  6.10  5.65  5.27  5.39  5.03  6.25  4.67  5.34  4.60
MEAN      4.79  4.71  5.26  5.23  5.60  5.25  5.17  4.82  4.92  4.47  4.48  4.36
STD DEV   2.55  2.33  2.61  2.43  2.56  2.52  2.45  2.33  2.42  2.41  2.37  2.22
SKEW       .50   .78   .88   .60   .52   .63   .76   .71   .92  1.01   .85   .77
% ENE     3.89  4.77  4.79  4.99  4.58  5.08  5.33  4.10  5.51  4.29  3.51  2.33
MEAN      4.64  4.97  4.96  5.28  5.53  5.50  5.14  4.64  5.11  4.75  4.33  4.05
STD DEV   2.27  2.23  2.48  2.27  2.50  2.36  2.13  1.99  2.33  2.38  2.23  1.81
SKEW       .68   .80  1.11   .42   .60   .35   .51   .48   .71  1.03   .84   .51
% E       6.05  6.70  8.48  8.12  8.80  9.11 10.63  9.10 11.50  8.39  5.84  5.39
MEAN      4.15  4.48  4.83  4.77  5.00  4.92  4.50  4.44  4.22  3.97  3.80  3.81
STD DEV   1.81  2.05  2.07  2.32  2.33  2.08  1.87  1.81  1.73  1.78  1.65  1.79
SKEW       .60   .88   .56   .80   .98   .46   .61   .67   .66   .69   .59   .60
% ESE     3.63  4.59  6.49  7.20  7.55  7.95  6.93  6.40  7.74  5.74  4.41  2.41
MEAN      3.69  4.19  4.46  4.70  4.61  4.40  4.34  3.91  3.96  3.59  3.85  3.47
STD DEV   1.54  1.83  1.91  1.97  1.93  1.70  1.73  1.53  1.56  1.43  1.77  1.46
SKEW       .68  1.12   .65   .62   .61   .58   .57   .48   .63   .94  1.30   .67
% SE      2.25  2.49  3.59  4.54  5.77  5.73  5.67  6.20  5.43  4.01  2.92  1.84
MEAN      2.75  2.92  3.70  4.12  4.07  4.05  3.66  3.46  3.46  3.14  2.75  3.09
STD DEV   1.02  1.00  1.82  1.84  1.77  1.76  1.56  1.48  1.43  1.30  1.00  1.42
SKEW       .61   .01   .95   .78   .62   .66   .57   .98   .65   .75   .45   .99
% SSE     1.06  1.68  2.16  3.83  3.68  4.93  5.25  4.43  3.47  3.01  1.21   .81
MEAN      2.71  3.05  3.83  4.80  4.33  4.39  4.18  3.62  3.53  3.65  3.25  2.69
STD DEV    .97  1.48  1.79  2.71  2.08  1.84  1.87  1.58  1.48  1.82  1.62  1.01
SKEW       .67  1.04   .63  1.19   .70   .51   .78   .77   .85  1.16  1.30   .24
% S       2.44  3.21  3.89  5.90  7.12  8.76  9.10  8.00  7.22  6.04  3.44  2.69
MEAN      2.44  2.87  3.36  3.95  4.09  4.02  3.52  3.19  3.29  3.08  2.81  2.60
STD DEV    .86  1.20  1.59  2.12  2.09  1.81  1.54  1.38  1.47  1.40  1.25  1.11
SKEW       .72   .72  1.03  1.09   .96   .85   .85   .81   .73  1.03  1.14   .92
% SSW     2.94  3.63  3.70  4.35  5.05  6.14  5.98  5.87  4.26  4.21  3.52  3.89
MEAN      3.38  3.41  4.34  4.69  5.11  4.45  3.90  3.65  4.00  3.78  3.20  3.45
STD DEV   1.51  1.71  1.98  2.36  2.80  2.05  1.64  1.37  1.91  1.57  1.25  1.62
SKEW      1.79  2.17   .92  1.09  1.57   .71   .78   .55  1.08   .83  1.22  1.07
% SW     10.76  9.63  7.80  8.72  9.65  9.32  9.02  9.77  7.84  8.84 11.08 11.98
MEAN      3.52  3.73  4.14  4.34  3.92  4.08  3.46  3.48  3.66  3.57  3.54  3.45
STD DEV   1.47  1.57  1.90  1.98  1.57  1.66  1.18  1.30  1.47  1.45  1.53  1.35
SKEW      1.10  1.12  1.00   .91   .78   .65   .42   .92   .71   .82  1.29   .81
% WSW     9.88  8.45  6.93  7.34  5.02  5.15  4.05  4.67  5.56  6.66  9.09 10.04
MEAN      4.30  4.75  5.48  5.22  4.90  4.31  3.68  3.68  3.79  3.80  4.15  4.33
STD DEV   1.93  2.33  2.76  2.41  2.02  1.69  1.46  1.38  1.48  1.44  1.68  1.99
SKEW      1.09  1.53  1.06   .85   .93   .66  1.00   .77   .65   .63   .95  1.55
% W      14.69 11.53  8.33  7.40  7.48  6.11  6.07  7.47  7.76 11.23 14.46 15.39
MEAN      4.19  4.33  4.65  5.02  4.62  4.14  3.82  3.85  3.93  3.85  4.06  4.21
STD DEV   1.58  1.84  2.24  2.62  2.02  1.79  1.44  1.60  1.54  1.55  1.73  1.91
SKEW       .44   .95  1.17  2.09   .78  1.17   .67  1.53   .63   .70  1.04  1.18
% WNW     6.52  7.07  5.36  3.88  4.18  3.53  3.63  4.57  4.30  6.09  6.56  6.88
MEAN      4.63  4.56  5.81  5.35  5.08  4.63  4.36  4.19  4.37  4.29  4.38  4.56
STD DEV   2.10  2.18  3.49  3.14  2.05  1.84  1.72  1.68  1.90  1.79  1.96  2.06
SKEW      1.27  1.96  1.95  1.54   .78  1.03   .94   .77   .79   .84   .91  1.31
% NW      4.72  4.33  4.53  3.81  3.92  3.43  3.72  4.03  3.55  3.59  4.20  5.36
MEAN      3.87  4.03  4.66  4.60  4.57  4.26  3.98  4.05  3.75  3.74  3.62  3.97
STD DEV   2.01  1.76  2.43  2.36  2.25  1.93  1.80  1.89  1.54  1.65  1.63  2.09
SKEW      1.52   .86  1.25  1.27  1.18   .81   .91  1.10  1.16   .96  1.00  1.26
% NNW     2.99  3.43  4.99  3.64  2.71  2.26  2.03  2.23  1.98  2.66  3.20  3.25
MEAN      4.49  5.07  6.60  5.66  5.22  5.01  4.50  4.25  4.35  4.51  5.11  5.10
STD DEV   2.23  2.77  3.95  3.29  2.61  2.52  2.15  1.91  2.22  2.54  2.50  2.77
SKEW       .63  1.05  1.31  1.77  1.17  1.31   .96   .73  1.18  1.07   .68  1.01
CALM     14.16 10.76  8.76  7.14  9.11  8.76 10.05 10.04  9.94 11.12 10.18 13.04
 
INTERPOLATED DATA (station & weighting factor)
 
---Wind Stations---
LA JUNTA      CO    1.000  PUEBLO        CO     .000  CLAYTON/MUN.  NM     .000
---Solar Radiation and Max .5 P Stations---
 PUEBLO, COLORADO    .645   DODGE CITY, KANSAS  .188   AMARILLO, TEXAS     .167 
---Dewpoint Stations---
CO PUEBLO            .489  NM CLAYTON           .277  KS GOODLAND          .234 
---Time Peak Stations---
JOHN MARTIN DAM CO   .435  KIM 15 NNE CO        .322  KUTCH 6 SSE CO       .243 
