 PAONIA CO                                56306 0
 LATT=  38.87 LONG=-107.58 YEARS= 36. TYPE= 3
 ELEVATION = 5680. TP5 = 1.43 TP6= 2.60
 MEAN P    .15   .15   .17   .17   .18   .17   .14   .15   .19   .24   .19   .17
 S DEV P   .16   .15   .17   .20   .21   .22   .17   .17   .19   .28   .21   .18
 SKEW  P  2.34  1.66  2.36  2.42  2.11  3.26  2.30  1.91  1.54  1.80  2.43  2.05
 P(W/W)    .50   .42   .50   .51   .49   .41   .42   .39   .45   .54   .47   .48
 P(W/D)    .15   .19   .19   .16   .15   .11   .19   .21   .17   .12   .16   .18
 TMAX AV 38.34 45.21 53.28 63.25 73.46 83.80 89.33 87.18 78.65 67.49 51.96 41.33
 TMIN AV 13.59 19.50 26.42 33.14 41.18 49.35 55.82 54.38 46.46 36.32 25.53 16.54
 SD TMAX  8.60  8.66  9.63  9.84  8.72  7.54  4.66  5.36  7.90  9.59 10.10  8.44
 SD TMIN  8.70  8.74  7.64  6.99  6.19  5.53  3.56  4.33  6.21  6.70  7.70  8.23
 SOL.RAD  232.  321.  438.  537.  590.  670.  643.  565.  497.  368.  330.  215.
 SD SOL   23.0  25.9  32.5  46.0  61.2  48.2  49.7 111.9  46.3  21.3  28.3  19.4
 MX .5 P   .09   .09   .13   .21   .32   .59  1.06   .72   .44   .88   .13   .11
 DEW PT  15.69 18.78 19.65 24.20 30.60 34.05 41.96 45.06 36.61 28.84 22.43 17.56
Time Pk   .774  .849  .878  .917  .922  .923  .924  .926  .931  .957  .973 1.000
% N       3.21  3.44  3.78  3.54  3.04  2.84  3.11  2.87  2.65  2.61  2.98  3.08
MEAN      2.57  3.09  3.71  3.75  3.43  3.38  3.41  3.08  3.10  3.17  3.09  2.73
STD DEV   1.44  1.67  1.79  1.91  1.61  1.72  1.69  1.57  1.49  1.59  1.75  1.34
SKEW      1.18   .74   .49   .78   .45   .97   .92  1.25   .85   .74  1.00   .64
% NNE     1.53  1.87  2.06  1.84  1.70  1.55  1.66  1.59  1.38  1.35  1.78  1.53
MEAN      2.47  3.05  3.86  3.37  3.44  3.28  3.41  3.16  2.97  2.96  3.20  2.58
STD DEV   1.08  1.95  2.16  1.65  1.83  1.72  1.68  1.50  1.44  1.34  1.62  1.18
SKEW       .59  1.31   .67   .62   .79   .78   .58   .63   .77   .68   .81  1.31
% NE      2.90  2.80  3.10  3.06  2.87  2.92  3.62  3.35  2.79  2.66  2.82  2.59
MEAN      2.66  2.98  3.12  3.32  3.52  3.20  3.86  3.31  3.01  2.99  3.00  2.60
STD DEV   1.31  1.55  1.62  1.78  1.91  1.57  1.97  1.60  1.44  1.49  1.57  1.27
SKEW       .91   .90   .84  1.02   .86   .87   .76   .83   .78  1.00  1.08   .81
% ENE     3.87  3.37  2.97  2.77  2.65  2.78  3.11  3.06  2.79  2.68  3.45  3.31
MEAN      2.80  2.86  3.15  3.24  3.33  3.48  3.72  3.67  3.41  2.99  2.95  2.73
STD DEV   1.20  1.27  1.49  1.63  1.52  1.68  1.80  1.77  1.65  1.29  1.28  1.09
SKEW       .71   .92   .85   .76   .77  1.07   .93   .84   .99   .82   .70   .59
% E      11.48 10.44  8.95  8.25  8.43  8.69  9.65  9.90  9.47  9.99 10.67 11.16
MEAN      2.87  3.11  3.39  3.56  3.70  3.74  3.82  3.72  3.60  3.47  3.22  2.90
STD DEV   1.48  1.58  1.64  1.76  1.81  1.73  1.70  1.69  1.68  1.65  1.62  1.47
SKEW      1.12   .87   .57   .62   .68   .61   .73   .67   .69   .71   .96  1.28
% ESE     9.47  9.72  9.38  8.72  8.98  9.58 10.85 11.16 12.08 12.20 11.25 10.12
MEAN      3.15  3.38  3.59  3.77  3.91  3.92  3.88  3.74  3.77  3.53  3.23  3.08
STD DEV   1.53  1.49  1.61  1.64  1.58  1.60  1.49  1.46  1.47  1.41  1.40  1.39
SKEW       .80   .55   .60   .63   .69  1.09   .43   .89   .52   .56   .52   .74
% SE      6.62  7.02  6.67  6.62  7.70  8.48  9.84  9.72  9.25  8.40  7.67  7.17
MEAN      2.81  3.03  3.26  3.50  3.62  3.60  3.69  3.46  3.40  3.17  2.93  2.79
STD DEV   1.38  1.45  1.52  1.66  1.62  1.50  1.62  1.46  1.42  1.34  1.35  1.46
SKEW       .78   .75   .78   .86   .70   .76  1.08   .94   .92   .63   .78   .98
% SSE     2.82  3.28  3.43  3.74  4.13  4.40  4.74  4.93  4.43  4.15  3.42  3.08
MEAN      2.90  3.06  3.48  3.81  4.04  3.76  3.62  3.51  3.47  3.21  3.15  2.92
STD DEV   1.49  1.56  1.81  1.95  2.18  1.75  1.61  1.57  1.64  1.49  1.69  1.57
SKEW       .64   .67   .58   .60   .88   .68   .78  1.05   .77   .81   .68   .65
% S       3.08  3.65  4.26  4.78  5.14  4.66  4.15  3.97  4.27  3.94  3.63  3.18
MEAN      2.77  3.10  3.82  4.63  4.74  4.55  3.70  3.58  3.67  3.33  3.05  2.80
STD DEV   1.66  1.92  2.37  2.79  2.73  2.45  2.00  1.91  2.17  1.95  1.85  1.66
SKEW      1.91  1.00  1.05   .78   .59   .60   .97  1.08  1.08  1.20  1.57  1.31
% SSW     2.36  2.86  4.07  4.46  4.83  5.03  3.00  2.87  3.38  2.95  2.57  2.31
MEAN      3.77  4.31  5.11  5.59  5.81  5.46  4.39  3.88  4.81  4.04  3.44  3.30
STD DEV   1.78  2.72  2.68  3.02  3.00  2.60  2.09  1.99  2.60  2.29  2.12  1.75
SKEW       .66   .79   .31   .30   .19   .29   .58   .83   .54   .89  1.17   .66
% SW      4.91  5.55  8.75  9.60  9.04  8.94  6.17  5.97  6.42  6.02  4.90  4.34
MEAN      3.37  3.77  4.87  5.53  5.30  5.21  4.02  3.89  4.17  3.81  3.82  3.29
STD DEV   1.91  2.27  2.80  3.08  2.85  2.57  2.01  1.89  2.35  2.19  2.41  1.82
SKEW       .59  1.20   .66   .50   .52   .49   .74   .98   .95  1.17  1.17   .67
% WSW     3.68  3.95  5.56  6.64  5.85  5.80  4.49  4.13  4.32  3.90  3.53  2.94
MEAN      3.63  3.62  5.24  5.85  5.34  4.99  4.24  3.99  4.24  4.05  3.44  3.46
STD DEV   2.32  1.99  2.86  2.89  2.65  2.23  1.85  1.83  2.07  2.20  1.81  1.99
SKEW      1.61  1.19   .66   .31   .49   .40   .41   .50   .67  1.05   .80  1.28
% W       6.49  6.40  7.11  7.97  8.03  7.63  7.44  7.40  7.17  6.24  6.17  5.90
MEAN      3.08  3.48  4.20  4.97  4.74  4.75  3.94  3.89  4.11  3.68  3.28  3.17
STD DEV   1.65  2.14  2.45  2.71  2.52  2.35  1.86  1.89  2.06  2.11  1.89  1.89
SKEW      1.18  1.53   .85   .57   .68   .55   .63   .77   .75  1.07  1.37  1.84
% WNW     5.03  5.07  4.91  5.29  5.39  5.15  4.77  4.94  4.74  4.76  4.87  4.47
MEAN      3.20  3.59  4.25  4.81  4.78  4.56  4.30  4.07  3.90  3.64  3.52  3.39
STD DEV   1.42  1.96  2.15  2.36  2.33  2.17  2.04  1.92  1.78  1.75  1.89  1.64
SKEW       .63  1.14   .71   .58   .60   .59   .77   .58   .82   .80  1.27   .97
% NW      5.78  6.21  6.09  5.40  5.15  4.84  4.58  4.32  4.53  4.91  4.84  5.12
MEAN      2.87  3.33  4.30  4.33  4.16  4.03  3.83  3.51  3.69  3.51  3.34  3.21
STD DEV   1.49  1.80  2.38  2.26  2.11  2.11  2.04  1.74  1.87  1.85  1.96  1.77
SKEW      1.09   .90   .86   .78   .76   .93  1.13   .87   .96  1.21  1.18  1.12
% NNW     3.43  3.61  4.12  3.49  2.83  2.41  2.48  2.24  2.26  2.75  2.97  3.23
MEAN      2.90  3.35  3.85  4.19  4.00  3.78  3.81  3.50  3.42  3.34  3.25  3.11
STD DEV   1.38  1.68  1.76  2.06  1.94  1.85  1.88  1.71  1.56  1.61  1.52  1.40
SKEW       .98  1.16   .71   .67   .84  1.42  1.06  1.27  1.05  1.09   .71   .19
CALM     23.26 20.74 14.89 13.69 14.30 14.29 16.33 17.61 18.09 20.59 22.54 26.45
 
INTERPOLATED DATA (station & weighting factor)
 
---Wind Stations---
GRAND JUNCT.  CO     .447  EAGLE         CO     .377  ALAMOSA       CO     .176
---Solar Radiation and Max .5 P Stations---
 GRAND JUNCTION, CO  .646   COLORADO SPRINGS,   .225   ALBUQURQUE, NEW ME  .129 
---Dewpoint Stations---
CO GRAND JUNCTION    .646  CO COLORADO SPRINGS  .224  NM ALBUQUERQUE       .129 
---Time Peak Stations---
CRESTED BUTTE CO     .492  ASPEN CO             .356  MOAB UT              .151 
