 USHER TOWER FL                           89120 0
 LATT=  29.42 LONG= -82.82 YEARS= 37. TYPE= 3
 ELEVATION =   30. TP5 = 3.30 TP6= 7.91
 MEAN P    .51   .57   .70   .69   .55   .56   .58   .61   .60   .45   .45   .52
 S DEV P   .61   .71   .87  1.04   .67   .71   .73   .79   .95   .60   .59   .77
 SKEW  P  2.73  3.95  2.83  3.68  2.45  2.57  2.74  2.98  4.97  2.39  2.56  4.06
 P(W/W)    .42   .40   .39   .35   .41   .59   .60   .63   .57   .44   .33   .33
 P(W/D)    .20   .17   .16   .12   .14   .24   .42   .37   .25   .12   .15   .16
 TMAX AV 67.75 70.37 76.54 82.32 87.96 91.16 91.53 91.27 89.61 83.49 75.98 70.00
 TMIN AV 42.46 44.37 49.82 54.81 61.00 67.44 69.71 70.26 68.10 58.60 50.04 43.92
 SD TMAX  8.83  8.34  7.18  5.25  4.33  3.75  3.53  3.65  3.67  5.36  6.94  8.31
 SD TMIN 11.42 11.11  9.90  7.92  6.01  3.92  2.68  2.59  4.13  8.64 10.63 11.72
 SOL.RAD  288.  348.  440.  517.  573.  538.  508.  503.  438.  373.  315.  253.
 SD SOL   37.8  47.3  54.6  64.6  68.5  89.4  94.3 155.3  78.5  48.3  34.6  40.8
 MX .5 P  1.03   .87  1.19  1.18  2.97  1.75  1.40  1.99  1.59  1.23  1.01   .62
 DEW PT  47.46 48.76 51.76 57.07 64.09 69.70 72.34 72.34 70.74 61.83 53.52 47.52
Time Pk   .400  .529  .601  .714  .747  .766  .811  .835  .856  .901  .944 1.000
% N       9.40  7.14  5.29  3.27  3.34  3.07  1.91  3.45  7.44 12.16 11.96  9.31
MEAN      3.97  4.22  4.16  3.94  3.72  3.30  2.65  3.03  3.93  4.02  4.16  3.81
STD DEV   1.78  1.83  1.95  1.80  1.79  1.68  1.23  1.55  1.90  1.86  1.85  1.70
SKEW       .52   .56   .64   .53   .72  1.03   .85   .87   .66   .89   .61   .59
% NNE     8.26  7.03  5.36  3.47  3.92  4.15  1.84  3.52  7.71 12.04  9.70  8.12
MEAN      4.44  5.00  4.40  4.20  4.16  4.09  3.35  3.46  4.81  4.89  4.53  4.67
STD DEV   2.09  2.40  2.04  1.87  1.93  1.99  1.62  1.60  2.32  2.12  2.00  2.26
SKEW       .58   .80   .73   .44   .64   .89   .79   .67   .66   .42   .55   .57
% NE      7.37  6.14  5.59  5.40  5.47  5.56  2.63  5.21 11.29 11.39  7.58  6.92
MEAN      4.52  4.78  4.61  4.61  4.86  4.72  4.01  4.10  4.98  5.16  4.39  4.47
STD DEV   2.15  2.14  2.07  2.07  2.20  2.20  2.01  2.00  2.29  2.24  2.00  2.24
SKEW       .51   .39   .41   .28   .32   .44   .53   .52   .52   .30   .41   .52
% ENE     3.51  3.64  4.30  5.08  5.55  6.21  2.98  5.48 10.83  7.21  3.89  3.48
MEAN      3.69  3.93  4.27  4.59  4.71  4.62  4.04  4.26  4.98  4.71  3.87  3.40
STD DEV   1.71  1.76  1.88  1.98  1.94  2.00  1.83  1.91  2.22  2.11  1.74  1.62
SKEW       .66   .44   .48   .26   .14   .43   .31   .45   .53   .44   .48   .57
% E       2.91  3.59  4.98  6.69  8.69  9.53  5.19  7.38 11.09  6.85  3.85  3.23
MEAN      3.19  3.49  3.98  4.30  4.49  4.52  4.01  3.96  4.43  4.30  3.49  3.31
STD DEV   1.54  1.57  1.72  1.83  1.81  1.76  1.83  1.69  1.85  1.99  1.67  1.54
SKEW       .67   .51   .37   .29   .23   .12   .38   .32   .52   .45   .65   .62
% ESE     2.23  2.89  4.57  7.24  7.98  7.35  5.59  6.36  6.42  3.63  2.79  2.27
MEAN      3.15  3.63  4.16  4.54  4.50  4.44  4.14  3.87  4.15  4.19  3.61  3.27
STD DEV   1.47  1.58  1.62  1.77  1.75  1.70  1.60  1.56  1.67  1.88  1.55  1.44
SKEW       .49   .36   .16   .10   .23   .26   .07   .27   .31   .55   .44   .76
% SE      2.22  3.54  4.98  7.24  7.76  6.60  7.46  6.81  4.64  2.78  2.59  2.59
MEAN      3.02  3.85  4.13  4.39  4.17  4.07  3.95  3.56  3.47  3.60  3.42  3.51
STD DEV   1.39  1.78  1.77  1.80  1.65  1.75  1.60  1.50  1.45  1.57  1.63  1.61
SKEW       .94   .61   .37   .33   .35   .55   .27   .41   .56   .51   .83   .38
% SSE     2.49  3.47  4.31  5.30  5.63  5.02  5.92  4.77  3.01  2.04  1.85  2.85
MEAN      3.59  4.01  4.14  4.14  3.86  3.49  3.47  3.20  3.57  3.32  3.12  3.58
STD DEV   1.75  1.94  1.96  1.90  1.62  1.56  1.56  1.56  1.87  1.60  1.48  1.78
SKEW       .65   .50   .57   .67   .70   .81   .61  1.23   .99   .59   .62   .70
% S       4.91  5.90  6.40  6.29  6.84  7.21 10.34  7.69  3.82  2.64  3.56  5.43
MEAN      3.54  4.19  3.96  3.59  3.29  3.13  2.87  2.64  2.94  3.24  3.30  3.77
STD DEV   1.86  2.19  2.01  1.80  1.56  1.64  1.38  1.30  1.62  1.63  1.77  1.94
SKEW       .67   .62   .67   .83   .94  1.18   .95  1.02  1.46   .60   .79   .60
% SSW     4.43  4.75  5.05  4.73  4.89  5.46  8.51  6.06  2.72  1.91  3.14  3.84
MEAN      3.88  4.34  4.26  3.80  3.11  3.06  2.90  2.70  2.76  3.16  3.53  4.04
STD DEV   1.96  2.25  2.22  2.03  1.61  1.55  1.37  1.28  1.36  1.95  1.76  2.09
SKEW       .48   .57   .63   .81  1.04  1.17  1.00   .92   .98  2.24   .58   .43
% SW      5.75  6.38  7.00  7.61  6.24  8.20 10.53  8.01  3.78  2.41  4.03  4.65
MEAN      3.99  4.08  4.38  4.08  3.35  3.31  3.04  2.97  2.71  3.04  3.58  3.71
STD DEV   2.02  2.08  2.24  2.11  1.68  1.63  1.42  1.44  1.25  1.67  1.98  2.00
SKEW       .68   .80   .74   .79   .95   .97   .85  1.04   .85   .93   .81   .77
% WSW     5.49  7.18  8.04  8.03  7.20  7.30  9.11  6.12  3.46  3.03  4.44  5.01
MEAN      4.02  4.65  4.51  4.31  3.61  3.46  3.27  3.09  2.97  3.40  3.63  3.81
STD DEV   2.05  2.56  2.19  2.07  1.69  1.65  1.45  1.51  1.41  1.79  1.95  2.02
SKEW       .70   .89   .68   .59   .70   .92   .68   .90   .87   .88   .68   .86
% W       7.91  8.93  8.55  8.29  7.33  6.84  7.57  5.52  4.00  4.87  7.06  8.04
MEAN      3.98  4.45  4.58  4.35  3.58  3.50  3.33  3.01  3.05  3.37  3.67  3.70
STD DEV   2.18  2.37  2.37  2.09  1.67  1.60  1.53  1.45  1.46  1.88  1.99  2.02
SKEW       .87   .91   .74   .65   .72  1.00   .79   .85   .84  1.11  1.05   .98
% WNW     7.47  7.73  6.83  4.78  3.73  3.13  3.11  2.91  2.51  4.15  6.38  7.30
MEAN      4.20  4.56  4.74  4.11  3.56  3.37  3.12  2.82  2.96  3.21  3.95  3.96
STD DEV   2.09  2.24  2.38  2.00  1.74  1.46  1.51  1.32  1.42  1.58  1.91  2.03
SKEW       .74   .66   .65   .67   .74   .58   .83   .77   .85   .89   .66   .77
% NW      8.37  6.73  6.02  4.46  3.35  2.55  2.26  2.99  3.07  6.21  8.14  7.99
MEAN      4.05  4.22  4.20  3.68  3.25  3.16  2.74  2.69  2.73  3.20  3.63  3.57
STD DEV   1.86  1.88  1.97  1.70  1.53  1.46  1.41  1.34  1.32  1.43  1.80  1.79
SKEW       .61   .51   .71   .76   .75   .68   .93  1.16   .91   .68   .89   .96
% NNW     6.71  5.61  4.18  2.98  2.58  1.66  1.32  2.40  3.40  7.04  7.73  7.05
MEAN      3.82  3.86  3.95  3.93  3.43  2.71  2.59  2.82  2.99  3.55  3.81  3.83
STD DEV   1.65  1.56  1.66  1.68  1.55  1.14  1.30  1.32  1.37  1.60  1.66  1.70
SKEW       .49   .46   .58   .48   .64   .55   .82   .86   .67   .92   .72   .65
CALM     10.57  9.35  8.68  9.08  9.37 10.22 13.75 15.31 10.68  9.65 11.26 11.95
 
INTERPOLATED DATA (station & weighting factor)
 
---Wind Stations---
JACKSONVILLE  FL     .343  JACKSONVILLE  FL     .343  MAYPORT       FL     .314
---Solar Radiation and Max .5 P Stations---
 JACKSONVILLE, FLOR  .349   TAMPA, FLORIDA      .345   TALLAHASSEE, FLORI  .306 
---Dewpoint Stations---
FL JACKSONVILLE      .356  FL TAMPA             .344  FL TALLAHASSEE       .300 
---Time Peak Stations---
CROSS CITY 2 FL      .401  GAINESVILLE 2 SW FL  .304  INGLIS 5 SSW FL      .295 
