 PALATKA FL                               86753 0
 LATT=  29.65 LONG= -81.63 YEARS= 38. TYPE= 3
 ELEVATION =   20. TP5 = 3.35 TP6= 7.69
 MEAN P    .42   .53   .53   .58   .48   .50   .49   .50   .58   .49   .36   .42
 S DEV P   .54   .63   .68   .79   .53   .65   .58   .62   .88   .88   .51   .55
 SKEW  P  2.33  3.21  2.50  2.49  1.91  2.65  1.93  2.47  3.36  4.70  2.83  2.13
 P(W/W)    .31   .34   .32   .35   .46   .56   .59   .59   .58   .53   .31   .29
 P(W/D)    .16   .19   .16   .11   .15   .22   .30   .32   .25   .16   .12   .15
 TMAX AV 69.15 71.57 77.30 82.84 87.80 91.15 92.51 92.13 88.78 82.59 75.46 70.28
 TMIN AV 45.88 47.75 52.84 58.70 65.14 70.87 72.63 72.78 70.89 63.10 53.39 48.04
 SD TMAX  9.52  8.71  8.02  5.65  5.19  4.57  3.65  3.68  4.20  5.42  6.86  8.08
 SD TMIN 10.67  9.97  8.91  7.04  5.02  3.24  2.03  2.20  3.08  7.25  9.21 10.24
 SOL.RAD  291.  362.  445.  523.  577.  534.  503.  486.  427.  363.  319.  259.
 SD SOL   36.6  41.6  51.8  60.6  64.4  87.1  92.5 151.9  79.9  50.8  33.0  38.5
 MX .5 P   .84   .94  1.09  1.23  3.57  1.55  1.47  2.35  1.70  1.22   .85   .58
 DEW PT  48.74 50.18 52.74 57.97 64.77 70.00 72.60 72.60 71.60 63.81 55.14 51.78
Time Pk   .398  .536  .608  .715  .743  .760  .796  .820  .840  .894  .942 1.000
% N       9.43  7.17  5.29  3.25  3.32  3.02  1.88  3.40  7.35 12.04 11.96  9.29
MEAN      3.99  4.25  4.20  3.97  3.75  3.32  2.66  3.04  3.97  4.04  4.19  3.83
STD DEV   1.79  1.84  1.97  1.80  1.81  1.70  1.23  1.56  1.93  1.87  1.87  1.71
SKEW       .51   .55   .64   .52   .71  1.01   .84   .87   .65   .88   .61   .58
% NNE     8.33  7.09  5.42  3.49  3.94  4.16  1.82  3.50  7.67 12.03  9.73  8.15
MEAN      4.46  5.03  4.43  4.25  4.21  4.13  3.38  3.49  4.87  4.92  4.55  4.70
STD DEV   2.10  2.41  2.05  1.87  1.94  2.00  1.62  1.60  2.34  2.13  2.01  2.27
SKEW       .57   .81   .72   .42   .62   .87   .77   .65   .65   .42   .55   .57
% NE      7.41  6.14  5.60  5.45  5.49  5.56  2.61  5.21 11.30 11.41  7.58  6.94
MEAN      4.54  4.79  4.62  4.63  4.89  4.75  4.04  4.12  5.01  5.18  4.41  4.49
STD DEV   2.16  2.14  2.07  2.07  2.20  2.20  2.01  2.00  2.29  2.24  2.00  2.25
SKEW       .50   .38   .41   .27   .32   .44   .51   .51   .52   .29   .41   .52
% ENE     3.50  3.63  4.30  5.10  5.56  6.23  2.97  5.50 10.92  7.25  3.88  3.48
MEAN      3.70  3.93  4.28  4.60  4.73  4.63  4.05  4.27  5.01  4.72  3.87  3.40
STD DEV   1.71  1.76  1.89  1.97  1.93  2.00  1.83  1.91  2.22  2.12  1.74  1.62
SKEW       .65   .44   .49   .26   .14   .44   .31   .45   .54   .44   .48   .57
% E       2.88  3.58  4.99  6.70  8.70  9.59  5.20  7.41 11.21  6.91  3.86  3.24
MEAN      3.18  3.49  3.98  4.31  4.49  4.52  4.02  3.97  4.44  4.32  3.50  3.33
STD DEV   1.53  1.57  1.72  1.82  1.81  1.76  1.83  1.69  1.85  1.99  1.67  1.55
SKEW       .66   .52   .37   .28   .23   .13   .38   .32   .52   .45   .65   .62
% ESE     2.22  2.88  4.57  7.23  7.99  7.38  5.60  6.39  6.45  3.67  2.78  2.26
MEAN      3.14  3.63  4.16  4.55  4.50  4.45  4.14  3.88  4.17  4.20  3.61  3.28
STD DEV   1.46  1.58  1.61  1.76  1.75  1.70  1.60  1.56  1.66  1.88  1.54  1.44
SKEW       .49   .35   .16   .09   .23   .26   .06   .26   .31   .55   .43   .75
% SE      2.21  3.55  4.98  7.25  7.79  6.61  7.46  6.82  4.64  2.80  2.59  2.58
MEAN      3.03  3.87  4.14  4.41  4.20  4.09  3.97  3.58  3.49  3.63  3.43  3.52
STD DEV   1.38  1.78  1.77  1.80  1.65  1.75  1.60  1.50  1.45  1.57  1.63  1.60
SKEW       .92   .60   .36   .31   .34   .53   .26   .39   .55   .50   .82   .37
% SSE     2.51  3.51  4.34  5.37  5.70  5.07  5.96  4.82  3.03  2.07  1.86  2.88
MEAN      3.60  4.02  4.15  4.17  3.89  3.52  3.49  3.21  3.59  3.34  3.13  3.59
STD DEV   1.75  1.95  1.97  1.91  1.63  1.56  1.57  1.57  1.88  1.60  1.48  1.78
SKEW       .63   .50   .56   .66   .69   .79   .60  1.20   .98   .58   .61   .69
% S       4.92  5.91  6.43  6.33  6.89  7.26 10.40  7.73  3.83  2.65  3.56  5.45
MEAN      3.54  4.19  3.96  3.59  3.30  3.13  2.87  2.64  2.94  3.24  3.30  3.77
STD DEV   1.86  2.20  2.02  1.81  1.57  1.64  1.38  1.30  1.63  1.63  1.77  1.94
SKEW       .68   .63   .67   .83   .93  1.17   .95  1.01  1.46   .60   .80   .60
% SSW     4.42  4.73  5.03  4.73  4.91  5.47  8.56  6.10  2.72  1.94  3.14  3.84
MEAN      3.87  4.34  4.25  3.79  3.11  3.05  2.90  2.70  2.76  3.16  3.52  4.03
STD DEV   1.96  2.25  2.22  2.02  1.61  1.55  1.37  1.28  1.36  1.94  1.75  2.10
SKEW       .47   .57   .63   .81  1.04  1.17  1.00   .92   .99  2.20   .58   .43
% SW      5.73  6.33  6.96  7.59  6.22  8.16 10.49  7.97  3.76  2.41  4.03  4.65
MEAN      4.00  4.08  4.39  4.09  3.35  3.31  3.04  2.96  2.72  3.04  3.58  3.71
STD DEV   2.02  2.09  2.24  2.11  1.68  1.63  1.42  1.44  1.26  1.67  1.99  2.00
SKEW       .67   .81   .74   .79   .94   .96   .85  1.04   .85   .94   .81   .77
% WSW     5.47  7.13  8.01  7.99  7.15  7.26  9.10  6.11  3.44  3.02  4.42  4.99
MEAN      4.03  4.66  4.52  4.32  3.62  3.47  3.27  3.09  2.97  3.42  3.65  3.83
STD DEV   2.05  2.57  2.19  2.07  1.69  1.65  1.45  1.52  1.40  1.80  1.96  2.02
SKEW       .70   .90   .67   .59   .69   .91   .68   .90   .87   .88   .68   .85
% W       7.92  8.95  8.57  8.31  7.32  6.84  7.58  5.53  4.01  4.88  7.07  8.04
MEAN      4.00  4.46  4.60  4.37  3.59  3.51  3.34  3.02  3.06  3.39  3.68  3.71
STD DEV   2.18  2.37  2.37  2.09  1.67  1.61  1.54  1.46  1.47  1.88  2.00  2.02
SKEW       .85   .90   .74   .64   .71   .99   .78   .84   .84  1.10  1.04   .97
% WNW     7.45  7.75  6.82  4.75  3.71  3.12  3.10  2.90  2.52  4.16  6.42  7.31
MEAN      4.21  4.57  4.75  4.12  3.56  3.39  3.13  2.82  2.97  3.22  3.95  3.96
STD DEV   2.10  2.24  2.38  2.01  1.74  1.46  1.51  1.32  1.42  1.58  1.91  2.03
SKEW       .74   .65   .65   .67   .73   .57   .82   .77   .84   .88   .66   .77
% NW      8.34  6.70  6.00  4.42  3.33  2.53  2.24  2.95  3.04  6.19  8.15  7.97
MEAN      4.06  4.23  4.22  3.69  3.27  3.17  2.74  2.69  2.74  3.22  3.65  3.58
STD DEV   1.86  1.89  1.97  1.70  1.54  1.46  1.41  1.34  1.32  1.44  1.80  1.79
SKEW       .60   .51   .70   .75   .75   .67   .93  1.15   .90   .68   .88   .95
% NNW     6.72  5.61  4.18  2.95  2.56  1.64  1.30  2.37  3.36  6.99  7.72  7.05
MEAN      3.83  3.87  3.96  3.95  3.44  2.71  2.58  2.83  2.99  3.56  3.83  3.85
STD DEV   1.66  1.56  1.66  1.68  1.55  1.14  1.29  1.32  1.37  1.60  1.67  1.70
SKEW       .49   .46   .58   .47   .63   .54   .80   .85   .66   .93   .72   .64
CALM     10.55  9.34  8.63  9.01  9.29 10.17 13.72 15.29 10.62  9.59 11.20 11.91
 
INTERPOLATED DATA (station & weighting factor)
 
---Wind Stations---
JACKSONVILLE  FL     .334  JACKSONVILLE  FL     .334  MAYPORT       FL     .332
---Solar Radiation and Max .5 P Stations---
 JACKSONVILLE, FLOR  .599   TAMPA, FLORIDA      .275   MIAMI, FLORIDA      .126 
---Dewpoint Stations---
FL DAYTONA BEACH     .440  FL JACKSONVILLE      .396  FL TAMPA             .163 
---Time Peak Stations---
MARINELAND FL        .490  RAIFORD ST PRISON F  .280  ORANGE CITY FL       .230 
