 FORT LAUDERDALE FL                       83163 0
 LATT=  26.10 LONG= -80.15 YEARS= 44. TYPE= 4
 ELEVATION =   10. TP5 = 3.95 TP6= 9.00
 MEAN P    .32   .41   .43   .63   .60   .65   .43   .48   .50   .55   .42   .42
 S DEV P   .47   .58   .65  1.30   .80   .87   .59   .65   .71  1.01   .86   .96
 SKEW  P  2.80  3.25  2.79  6.39  2.27  2.82  3.19  3.16  3.20  5.18  6.31  8.77
 P(W/W)    .41   .44   .33   .38   .57   .66   .61   .58   .67   .61   .50   .39
 P(W/D)    .16   .15   .15   .14   .21   .28   .34   .35   .35   .28   .21   .15
 TMAX AV 76.11 77.09 79.68 82.78 85.84 88.54 89.98 90.31 88.92 85.34 81.06 77.42
 TMIN AV 57.44 58.13 61.64 65.68 69.83 73.08 74.68 74.84 74.28 70.62 64.84 59.97
 SD TMAX  6.19  5.92  5.12  4.03  3.34  3.22  2.40  2.57  2.52  3.33  4.32  5.23
 SD TMIN  9.56  9.06  7.98  5.99  4.27  2.95  2.67  2.61  2.49  4.75  7.77  9.25
 SOL.RAD  347.  413.  487.  540.  557.  536.  532.  504.  441.  386.  353.  314.
 SD SOL   29.2  34.5  44.3  57.7  70.1  83.9  81.5 141.6  78.9  52.1  32.4  31.5
 MX .5 P   .85   .94  1.05  1.18  1.41  2.75  1.70  2.25  1.75  1.64  1.08   .73
 DEW PT  57.00 58.66 61.00 63.00 68.00 72.00 73.34 74.00 74.00 68.66 62.66 57.66
Time Pk   .370  .494  .571  .692  .717  .730  .767  .791  .814  .876  .922 1.000
% N       7.98  8.70  6.77  5.23  3.80  2.37  1.25  2.17  2.53  7.50  8.72  8.80
MEAN      5.68  5.72  5.69  5.04  4.72  4.12  3.01  3.69  3.69  5.00  5.67  5.74
STD DEV   2.33  2.20  2.27  2.11  1.87  1.85  1.38  1.75  2.21  1.99  2.25  2.43
SKEW       .15   .16   .38   .30   .42   .40   .70   .85  1.44   .20   .43   .39
% NNE     9.25  8.13  5.73  4.41  3.83  1.93  1.20  2.60  3.08  9.62 11.05 11.16
MEAN      5.08  5.34  5.27  5.44  4.75  4.05  3.54  4.19  4.42  5.29  5.30  5.51
STD DEV   2.04  2.03  1.99  2.03  1.84  1.64  1.48  1.82  2.06  2.02  1.94  2.19
SKEW       .64   .35   .21   .18   .46   .19   .63   .55  1.12   .34   .14   .58
% NE     12.16  8.55  5.88  7.44  6.06  3.28  2.88  5.40  7.26 17.29 15.88 14.98
MEAN      4.89  4.91  5.13  5.19  4.83  4.09  3.67  3.96  4.52  5.37  5.19  5.35
STD DEV   1.95  1.85  2.06  2.03  1.87  1.75  1.41  1.71  2.15  2.08  1.77  2.10
SKEW       .67   .23   .37   .25   .41   .52   .46  1.23  1.88   .23   .18   .45
% ENE     9.28  7.07  5.61  7.59  7.39  4.63  4.94  7.61 11.66 16.81 11.99 10.42
MEAN      5.01  4.98  5.87  5.75  5.25  4.58  4.10  4.23  4.90  5.63  5.09  5.43
STD DEV   1.90  1.75  2.24  1.97  1.88  1.70  1.49  1.47  2.04  2.24  1.90  1.96
SKEW       .49   .17   .46   .10   .25   .48   .45   .38  1.80   .81   .37   .24
% E      10.18  9.42 10.36 15.76 15.19 12.28 15.60 15.13 16.28 11.16  8.93  9.83
MEAN      4.99  5.22  5.78  6.06  5.65  5.09  4.76  4.72  4.94  5.04  5.00  5.20
STD DEV   1.83  1.84  1.98  1.91  1.76  1.80  1.71  1.68  1.82  1.97  1.77  1.94
SKEW       .15   .10   .04  -.15  -.18   .35   .32   .11   .61   .72   .28   .07
% ESE     8.72  8.94 12.09 15.07 14.73 15.45 20.64 15.37 13.37  6.58  5.88  7.45
MEAN      5.24  5.41  5.72  5.89  5.57  5.00  4.85  4.79  4.95  4.90  4.98  5.21
STD DEV   1.73  1.93  1.85  1.83  1.75  1.70  1.60  1.61  1.80  1.93  1.55  1.73
SKEW      -.12   .19   .12   .01  -.02   .46   .21   .24   .75  1.26   .05  -.08
% SE      8.27  9.52 13.53 11.26 12.17 13.69 16.41 12.41  9.97  5.57  4.85  6.56
MEAN      4.87  5.06  5.57  5.35  4.99  4.65  4.40  4.32  4.52  4.32  4.74  4.93
STD DEV   1.72  1.85  1.86  1.77  1.81  1.78  1.62  1.68  1.88  1.70  1.69  1.76
SKEW       .17   .28   .06   .07   .21   .82   .34   .45   .62   .59   .28   .02
% SSE     3.95  4.71  6.83  5.30  5.58  7.79  7.94  7.25  5.76  2.95  2.44  2.79
MEAN      4.06  4.51  4.79  4.58  4.13  3.95  3.67  3.99  4.25  4.47  4.13  4.27
STD DEV   1.63  1.73  1.67  1.60  1.58  1.64  1.48  2.00  1.88  2.32  1.55  1.62
SKEW       .43   .41   .35   .53   .33  1.17   .79  1.29   .62  1.51   .39   .39
% S       3.85  5.55  5.69  4.00  5.72  8.09  7.24  5.83  5.73  2.99  3.05  3.12
MEAN      4.01  4.62  4.49  4.31  3.81  3.92  3.47  3.43  4.07  4.47  4.10  4.40
STD DEV   1.64  1.83  1.82  1.82  1.63  1.84  1.46  1.49  2.12  2.38  1.73  1.84
SKEW       .65   .67   .37   .79   .79  1.08   .83  1.08  1.95  1.16   .60   .77
% SSW     2.84  3.96  4.56  2.68  3.83  6.43  4.56  4.95  3.98  2.06  2.53  2.78
MEAN      4.23  4.83  4.68  4.69  3.84  4.24  3.58  3.58  4.35  4.53  4.57  4.37
STD DEV   1.79  1.96  1.82  2.07  1.59  2.00  1.58  1.57  2.09  2.24  2.05  1.84
SKEW       .53   .43   .53   .44   .62   .94   .85  1.28   .71   .65   .57   .99
% SW      2.62  3.40  3.55  3.12  4.47  6.91  3.86  4.76  4.14  2.07  2.38  2.96
MEAN      4.10  4.35  4.46  4.15  3.68  3.73  3.36  3.24  4.06  3.82  3.91  4.03
STD DEV   1.77  1.80  1.84  1.77  1.71  1.65  1.56  1.53  1.92  1.77  1.64  1.73
SKEW       .86   .40   .38   .53   .96   .70   .92  1.04   .76   .58   .47   .83
% WSW     1.75  2.14  2.63  2.53  2.51  3.60  1.94  2.63  2.30  1.08  1.37  2.00
MEAN      3.68  4.35  4.71  4.52  4.14  3.66  3.27  3.71  4.09  4.00  4.21  4.05
STD DEV   1.32  1.83  1.85  1.75  1.66  1.58  1.47  1.78  1.94  1.85  1.69  1.75
SKEW       .07   .49   .46   .53   .41   .49   .53   .75   .49   .35   .07   .54
% W       2.14  2.58  2.81  2.76  2.68  2.94  1.66  2.33  2.20  1.35  1.99  2.12
MEAN      3.85  4.22  4.51  4.25  3.93  3.45  2.92  3.47  3.87  3.57  3.84  3.66
STD DEV   1.82  1.83  2.13  1.85  1.86  1.67  1.30  1.70  2.59  1.77  1.83  1.77
SKEW       .50   .80   .32   .33   .65   .76   .62   .97  1.02   .42   .48   .80
% WNW     2.40  3.03  2.24  2.15  2.17  1.78  1.22  1.65  1.67  1.82  3.63  2.55
MEAN      4.92  5.46  4.87  4.99  4.09  3.24  3.16  3.50  3.50  3.69  4.48  4.29
STD DEV   2.19  2.56  2.01  2.06  1.81  1.30  1.34  1.56  1.68  1.58  2.08  2.09
SKEW       .36   .48   .26   .33   .42   .34   .30   .25   .74   .38   .50   .76
% NW      4.91  5.92  4.53  3.67  3.44  2.12  1.61  2.41  2.47  3.84  6.56  4.23
MEAN      5.48  5.49  5.48  4.72  3.45  3.03  3.17  2.99  3.01  3.91  4.91  5.01
STD DEV   2.40  2.48  2.39  2.12  1.59  1.32  1.51  1.37  2.23  1.67  2.32  2.14
SKEW       .29   .45   .47   .48   .76   .61  1.44   .68  2.38   .60   .50   .17
% NNW     4.92  5.17  4.71  3.83  2.68  1.66   .82  1.40  1.54  3.51  4.58  4.10
MEAN      5.87  5.87  6.23  5.31  4.37  3.65  3.08  3.27  3.84  4.70  5.75  5.96
STD DEV   2.23  2.32  2.40  2.17  1.70  1.42  1.38  1.57  2.25  1.99  2.35  2.48
SKEW       .19   .29   .19   .25   .31   .77   .18   .77  1.92   .41   .25   .11
CALM      4.82  3.22  2.45  3.15  3.74  5.01  6.23  6.20  6.02  3.80  4.10  4.09
 
INTERPOLATED DATA (station & weighting factor)
 
---Wind Stations---
KEY WEST      FL     .334  KEY WEST      FL     .334  MELBOURNE     FL     .331
---Solar Radiation and Max .5 P Stations---
 MIAMI, FLORIDA      .899   TAMPA, FLORIDA      .101                            
---Dewpoint Stations---
FL MIAMI             .655  FL WEST PALM BEACH   .345                            
---Time Peak Stations---
BOCA RATON FL        .542  PENNSUCO 5 WNW FL    .458                            
