 HOMESTEAD EXP STA FL                     84091 0
 LATT=  25.50 LONG= -80.50 YEARS= 58. TYPE= 4
 ELEVATION =   10. TP5 = 3.95 TP6= 8.99
 MEAN P    .29   .31   .40   .51   .59   .62   .47   .47   .55   .53   .32   .21
 S DEV P   .46   .46   .56   .85   .81   .86   .58   .68   .81   .92   .57   .35
 SKEW  P  2.73  2.98  2.94  4.23  3.27  2.76  2.17  4.06  3.89  4.87  4.08  3.52
 P(W/W)    .33   .34   .34   .37   .57   .65   .63   .63   .67   .60   .45   .37
 P(W/D)    .16   .18   .14   .15   .23   .36   .41   .48   .49   .31   .18   .17
 TMAX AV 76.75 77.95 81.00 84.15 86.84 88.93 90.18 90.55 89.12 85.73 81.18 77.99
 TMIN AV 53.72 54.28 57.60 61.31 65.53 69.83 70.99 71.39 71.26 67.23 60.61 55.73
 SD TMAX  6.35  6.04  5.43  4.16  3.26  3.04  2.34  2.40  2.70  3.35  4.63  5.53
 SD TMIN  8.68  8.53  7.94  6.34  4.94  3.06  2.14  2.10  2.29  5.07  7.38  8.77
 SOL.RAD  347.  412.  487.  540.  558.  536.  532.  504.  441.  386.  353.  314.
 SD SOL   29.2  34.5  44.3  57.7  70.1  83.8  81.5 141.7  78.8  52.1  32.4  31.5
 MX .5 P   .85   .93  1.05  1.18  1.41  2.74  1.69  2.24  1.75  1.64  1.08   .72
 DEW PT  57.00 58.77 61.00 63.00 68.00 72.00 73.23 74.00 74.00 68.77 62.77 57.77
Time Pk   .344  .449  .519  .662  .687  .703  .753  .781  .800  .852  .915 1.000
% N       8.70  9.50  7.11  6.22  4.44  2.87  1.86  2.76  3.14  7.84 10.10  8.90
MEAN      5.42  5.33  5.13  4.88  3.64  3.20  3.11  3.30  3.66  4.43  5.23  5.30
STD DEV   2.14  2.11  2.11  2.00  1.56  1.31  1.30  1.53  2.08  1.83  2.10  2.11
SKEW       .29   .39   .54   .70   .70   .68   .81  1.15  1.70   .53   .58   .40
% NNE    10.09  8.68  5.67  4.53  3.73  2.32  1.83  2.78  3.46  9.89 12.63 11.64
MEAN      4.89  5.01  4.93  4.85  3.95  3.22  2.95  3.38  3.86  4.83  5.02  5.14
STD DEV   1.99  2.01  2.05  2.01  1.74  1.33  1.15  1.53  2.13  1.94  1.92  2.00
SKEW       .69   .51   .45   .49   .56   .43   .92   .85  2.14   .44   .36   .45
% NE     14.09  9.94  6.90  6.71  5.38  4.03  3.75  6.15  8.13 17.92 19.12 17.23
MEAN      4.59  4.66  4.70  4.70  4.04  3.49  3.06  3.29  3.85  4.87  4.76  4.77
STD DEV   1.82  1.90  2.02  2.08  1.78  1.70  1.23  1.44  1.81  2.06  1.82  1.91
SKEW       .71   .55   .42   .56   .54  1.13   .82  1.05  1.12   .50   .44   .55
% ENE    10.87  8.22  6.64  7.96  6.66  5.80  6.05  7.92 10.83 16.85 14.24 12.42
MEAN      4.49  4.67  5.03  5.23  4.59  4.00  3.55  3.70  4.08  5.03  4.92  4.70
STD DEV   1.76  1.79  2.05  2.06  1.89  1.77  1.40  1.46  1.89  2.01  1.94  1.81
SKEW       .64   .51   .49   .30   .45   .87   .78   .75  1.72   .54   .55   .56
% E      12.97 10.79 12.03 17.67 17.00 14.36 18.79 18.20 18.63 13.60 11.34 12.46
MEAN      4.78  4.93  5.35  5.76  5.22  4.49  4.32  4.28  4.53  4.77  4.91  4.90
STD DEV   1.82  1.91  2.02  2.00  1.89  1.87  1.66  1.66  1.90  1.93  1.83  1.92
SKEW       .41   .43   .27   .26   .18   .78   .88   .53  1.09   .60   .41   .35
% ESE     9.40  9.17 12.29 14.06 15.35 14.78 20.48 16.00 13.26  6.94  6.48  7.50
MEAN      5.02  5.19  5.31  5.51  4.96  4.43  4.45  4.37  4.60  4.68  4.75  5.04
STD DEV   1.78  2.04  1.91  1.91  1.84  1.75  1.58  1.61  1.85  1.81  1.63  1.78
SKEW       .15   .39   .34   .22   .41   .93   .54   .60   .99   .69   .19   .12
% SE      6.34  8.72 11.88 10.25 11.46 13.53 15.96 12.45  9.06  4.86  4.27  5.68
MEAN      4.81  4.89  5.15  5.13  4.45  4.16  4.11  4.07  4.30  4.12  4.66  4.83
STD DEV   1.75  1.92  1.84  1.77  1.77  1.77  1.50  1.58  1.87  1.64  1.66  1.81
SKEW       .22   .50   .24   .37   .60  1.43   .61   .58   .92   .71   .26   .20
% SSE     3.06  4.25  5.96  4.94  5.20  7.15  6.98  6.50  4.82  2.61  2.08  2.69
MEAN      4.40  4.73  5.14  5.05  4.05  3.96  3.81  3.85  4.19  4.36  4.43  4.53
STD DEV   1.75  1.85  2.04  2.17  1.66  1.68  1.50  1.66  1.79  2.34  1.79  1.76
SKEW       .42   .37   .55   .72   .65  1.31   .94  1.06   .84  1.58   .55   .26
% S       4.18  5.72  6.14  3.97  4.54  7.29  6.07  5.59  5.66  2.72  2.36  3.20
MEAN      4.62  5.21  4.90  4.95  4.19  4.15  3.74  3.69  4.40  4.55  4.51  4.78
STD DEV   1.90  2.09  2.05  2.12  1.93  2.13  1.61  1.61  2.30  2.38  1.91  2.07
SKEW       .56   .61   .39   .53   .83  1.37   .94  1.09  1.93   .96   .49   .79
% SSW     2.25  3.39  3.82  2.49  2.52  4.21  2.86  3.33  3.34  1.50  1.54  1.88
MEAN      4.65  5.37  5.22  5.32  4.37  4.54  4.08  4.04  4.75  4.82  4.88  4.83
STD DEV   1.91  2.11  2.01  2.34  1.85  2.22  1.76  1.85  2.17  2.19  2.15  2.03
SKEW       .37   .24   .55   .38   .56  1.00   .85  1.29   .63   .60   .52   .95
% SW      2.15  2.32  3.54  2.97  3.08  4.07  2.90  3.38  3.48  1.85  1.71  2.11
MEAN      4.51  4.91  5.02  4.91  4.40  4.10  3.90  3.77  4.52  4.60  4.37  4.47
STD DEV   1.83  1.96  2.01  1.99  1.96  1.88  1.65  1.74  2.19  2.16  1.81  1.93
SKEW       .53   .25   .27   .30   .81   .68   .63   .94   .70   .55   .39   .71
% WSW     1.43  1.76  2.12  1.89  3.14  3.47  2.07  2.15  2.33  1.21  1.16  1.49
MEAN      3.91  4.69  4.95  4.94  4.59  4.14  3.76  4.16  4.55  4.61  4.30  4.23
STD DEV   1.39  1.82  1.83  1.86  1.79  1.79  1.56  1.90  2.12  2.14  1.66  1.71
SKEW       .18   .33   .21   .57   .38   .54   .45   .89   .60   .49   .19   .27
% W       1.93  2.12  2.34  2.62  3.61  3.64  2.09  2.53  2.78  1.76  1.44  1.41
MEAN      4.26  4.61  4.88  4.73  4.47  3.90  3.54  3.91  4.39  3.98  4.03  3.90
STD DEV   2.08  2.03  2.22  1.99  1.94  1.76  1.47  1.73  2.77  1.86  1.80  1.77
SKEW       .54   .88   .32   .35   .52   .73   .50   .63  1.06   .49   .38   .71
% WNW     1.89  2.66  2.31  2.89  2.97  2.41  1.36  1.65  2.01  1.40  1.39  1.35
MEAN      5.21  5.81  5.38  5.32  4.35  3.59  3.59  3.94  3.81  3.85  4.49  4.45
STD DEV   2.33  2.75  2.21  2.21  1.84  1.51  1.36  1.64  1.94  1.66  2.13  2.15
SKEW       .26   .57   .35   .45   .48   .60   .17   .25  1.09   .44   .61   .78
% NW      2.99  4.16  3.47  3.53  3.52  2.57  1.35  2.30  2.28  2.17  2.34  2.33
MEAN      5.80  5.77  5.64  4.71  3.79  3.26  3.47  3.32  3.31  4.06  5.08  5.35
STD DEV   2.58  2.63  2.52  2.03  1.70  1.35  1.60  1.44  2.34  1.78  2.41  2.31
SKEW       .26   .54   .39   .39   .67   .60  1.37   .65  2.18   .71   .55   .37
% NNW     4.06  4.93  4.86  4.50  2.99  2.06  1.05  1.61  1.68  3.13  3.84  3.59
MEAN      6.10  5.85  5.65  5.04  3.78  3.19  3.28  3.32  3.57  4.43  5.62  5.81
STD DEV   2.29  2.30  2.31  2.04  1.42  1.19  1.24  1.50  1.95  1.82  2.34  2.26
SKEW       .16   .40   .31   .59   .57   .72   .04   .77  1.73   .59   .32   .09
CALM      3.62  3.71  2.93  2.75  4.36  5.43  4.59  4.78  5.01  3.69  3.96  4.06
 
INTERPOLATED DATA (station & weighting factor)
 
---Wind Stations---
KEY WEST      FL     .349  KEY WEST      FL     .349  FT. MYERS     FL     .303
---Solar Radiation and Max .5 P Stations---
 MIAMI, FLORIDA      .894   TAMPA, FLORIDA      .106                            
---Dewpoint Stations---
FL MIAMI             .769  FL WEST PALM BEACH   .231                            
---Time Peak Stations---
HOMESTEAD EXP STA F 1.000  TRAIL GLADE RANGES   .000  BOCA RATON FL        .000 
