 KAHUKU 912 HI                           512570 0
 LATT=  21.68 LONG=-157.95 YEARS= 25. TYPE= 1
 ELEVATION =   30. TP5 = 1.25 TP6= 4.78
 MEAN P    .41   .30   .29   .26   .17   .10   .13   .13   .14   .22   .27   .30
 S DEV P   .86   .61   .56   .58   .46   .19   .24   .22   .25   .55   .66   .62
 SKEW  P  3.57  3.94  4.26  4.91  6.83  7.97  4.92  3.91  4.72  6.61  5.04  3.85
 P(W/W)    .63   .68   .65   .66   .64   .61   .65   .62   .57   .62   .68   .65
 P(W/D)    .35   .31   .34   .37   .29   .35   .40   .44   .39   .45   .38   .43
 TMAX AV 78.18 77.81 77.94 78.93 80.59 82.76 83.51 84.19 84.59 83.73 81.16 78.93
 TMIN AV 64.00 64.32 65.36 67.12 69.10 70.81 71.99 72.56 71.99 70.61 69.18 66.30
 SD TMAX  2.76  3.03  2.58  2.04  1.86  1.82  1.60  1.63  1.54  2.16  2.38  2.79
 SD TMIN  4.21  4.03  3.81  3.08  2.60  2.42  2.34  2.27  3.86  3.57  3.55  3.72
 SOL.RAD  366.  426.  518.  562.  618.  617.  616.  612.  574.  508.  428.  373.
 SD SOL   33.8  39.6  38.2  48.9  44.1  48.8  47.3  39.3  31.4  23.3  20.8  25.1
 MX .5 P  2.25  1.93  2.46  1.40  1.23   .73   .40   .81   .56  2.64  1.93  2.26
 DEW PT  63.21 61.00 62.21 63.21 64.42 65.62 66.62 66.62 67.42 66.42 65.42 63.21
Time Pk   .633  .719  .764  .822  .834  .849  .865  .877  .890  .914  .946 1.000
% N       6.49  6.98  6.65  6.98  2.89  1.99  2.11  1.78  2.40  4.16  3.53  6.78
MEAN      3.22  3.61  3.38  3.27  3.05  2.74  2.88  2.70  2.76  2.89  2.86  3.37
STD DEV   1.50  1.60  1.44  1.47  1.40  1.22  1.32  1.15  1.24  1.20  1.35  1.65
SKEW       .76   .58   .52   .57   .63   .48   .85   .81   .55   .52   .87   .87
% NNE     6.13  8.41  8.58  9.48  7.20  6.97  6.74  6.87  7.57  7.96  7.10  8.42
MEAN      3.45  3.92  3.74  4.21  4.10  3.91  3.80  3.59  3.61  3.64  3.56  4.20
STD DEV   1.67  1.81  1.77  2.01  1.99  1.65  1.62  1.42  1.53  1.53  1.56  1.82
SKEW       .62   .58   .84   .75   .67   .65   .57   .56   .55   .61   .69   .69
% NE     10.24 14.72 14.83 18.33 17.86 18.57 19.99 21.54 21.39 18.00 14.04 14.38
MEAN      3.70  4.50  4.67  4.70  4.87  4.74  4.64  4.70  4.39  4.13  4.40  4.83
STD DEV   1.65  1.95  1.99  2.10  2.07  1.93  1.91  1.91  1.92  1.71  1.93  2.20
SKEW       .68   .49   .35   .59   .39   .49   .51   .38   .55   .62   .56   .86
% ENE     8.96 12.53 15.57 17.36 19.69 24.34 25.08 27.48 19.38 16.63 17.03 13.56
MEAN      4.38  5.04  5.14  5.08  5.00  5.06  5.25  5.05  4.68  4.62  4.86  5.12
STD DEV   2.18  2.06  2.17  2.05  2.06  2.03  2.04  1.94  1.92  1.90  1.93  2.29
SKEW       .70   .48   .38   .23   .20   .30   .30   .23   .21   .42   .36   .59
% E       5.97  8.41 10.11 10.21 12.14 15.99 17.28 15.45 11.55 10.20 12.15 10.54
MEAN      4.71  4.70  5.02  4.81  4.73  4.96  5.10  4.87  4.59  4.57  4.93  5.12
STD DEV   2.20  2.02  2.19  2.02  1.92  1.97  1.96  1.92  1.91  1.94  2.22  2.23
SKEW       .34   .40   .29   .28   .13   .31   .32   .31   .23   .53   .51   .46
% ESE     4.35  2.26  3.23  3.91  4.56  6.71  6.22  4.87  5.01  4.10  4.40  3.39
MEAN      4.18  4.01  4.55  4.84  4.41  4.98  4.98  5.30  4.94  4.36  4.90  4.20
STD DEV   1.85  1.76  2.09  2.11  1.84  1.82  1.94  1.96  1.78  1.80  2.16  1.97
SKEW       .26   .37   .25   .37   .22   .03   .12   .13  -.14   .21   .40   .36
% SE      2.83  2.75  2.70  3.41  4.89  4.31  3.09  2.84  3.92  2.92  3.97  2.79
MEAN      3.45  3.70  4.28  4.29  4.41  4.92  5.17  5.15  4.52  4.04  4.24  3.90
STD DEV   1.46  1.45  1.60  1.81  1.67  1.84  1.80  1.95  1.71  1.55  1.85  1.81
SKEW       .70   .38   .45   .55   .23  -.06  -.06   .06   .24   .25   .58  1.13
% SSE     3.26  2.72  2.84  2.77  3.70  1.93  1.47  1.02  2.27  2.08  3.68  2.82
MEAN      3.68  3.66  3.84  4.09  3.88  4.58  4.08  4.28  4.21  3.83  4.21  3.98
STD DEV   1.67  1.50  1.41  1.69  1.55  2.00  1.74  1.68  1.62  1.49  1.84  1.56
SKEW       .49   .45   .61   .66   .50   .38   .53   .32   .05   .20   .57   .48
% S       5.90  3.79  3.68  3.18  3.62  1.46  1.26   .73  2.00  2.76  4.44  4.50
MEAN      4.41  3.76  3.56  3.76  3.51  3.41  3.44  2.98  3.51  3.42  3.97  4.91
STD DEV   2.29  1.67  1.47  1.56  1.46  1.30  1.48  1.17  1.47  1.44  1.73  2.72
SKEW      1.12   .30   .39   .42   .63   .36   .75   .70   .21   .48   .58  1.02
% SSW     3.46  1.93  1.42  1.13  1.09   .74   .40   .30   .91  1.45  1.18  2.41
MEAN      4.41  3.73  3.39  3.48  2.88  3.32  3.15  3.03  3.33  3.55  3.68  5.31
STD DEV   2.25  1.40  1.51  1.54  1.20  1.65  1.11  1.05  1.39  1.55  1.65  2.64
SKEW      1.24  -.07   .50   .25   .31   .20   .32   .19   .34   .21   .55   .54
% SW      2.52  2.12  1.25   .78   .91   .43   .28   .29   .70  1.06   .89  1.72
MEAN      4.71  4.25  3.52  3.42  3.45  3.02  2.90  2.59  3.72  3.80  3.17  5.83
STD DEV   2.25  1.88  1.19  1.36  1.29  1.38  1.00   .78  1.63  1.69  1.61  3.01
SKEW       .65   .38   .68   .08   .69   .31   .05   .02   .28  -.05   .56   .12
% WSW     2.41  1.77  1.02   .77   .74   .40   .32   .27   .56   .84   .51   .81
MEAN      4.40  4.07  3.66  3.45  2.94  3.16  2.95  2.76  2.92  3.87  2.93  4.96
STD DEV   1.95  1.68  1.31  1.51  1.14  1.29   .65   .78  1.20  1.90  1.34  3.24
SKEW       .26   .27  -.28   .43   .50   .16  -.74  -.84   .81   .72   .82   .56
% W       3.58  2.73  2.42  1.71  1.34   .58   .69  1.06  1.34  2.20  2.12  1.78
MEAN      3.85  4.25  3.10  3.18  2.75  2.60  2.62  2.28  2.71  2.87  2.86  2.95
STD DEV   1.89  2.32  1.47  1.33  1.08  1.03   .87   .81  1.11  1.36  1.40  1.28
SKEW       .66  1.03  1.00   .49   .36   .46   .55   .65   .92  1.02  1.18   .49
% WNW     4.02  2.75  3.47  2.12  1.38  1.15   .90   .96  2.10  2.69  2.62  2.18
MEAN      3.50  3.76  3.38  3.28  2.75  2.73  2.68  2.86  2.40  2.77  2.92  3.16
STD DEV   1.75  1.96  1.60  1.33  1.33  1.11   .76  1.07  1.03  1.28  1.30  1.45
SKEW       .84  1.14  1.05   .77   .92   .56   .43   .34  1.02   .78   .79   .87
% NW      4.81  3.45  3.92  2.35  2.25  1.32   .85  1.22  2.27  3.00  2.76  3.38
MEAN      3.45  3.36  3.11  3.03  3.09  2.84  2.51  2.20  2.50  2.55  2.66  3.02
STD DEV   1.69  1.56  1.78  1.53  1.66  1.27   .53  1.01  1.11  1.26  1.45  1.50
SKEW       .54   .57  1.03   .67   .99   .53   .49  1.66   .92   .87   .83   .94
% NNW     5.52  4.72  3.92  3.42  1.70   .89  1.02  1.18  1.25  2.52  2.48  3.84
MEAN      3.39  3.04  2.76  2.80  2.64  4.20  2.35  2.30  2.76  2.65  2.38  3.23
STD DEV   1.62  1.24  1.27  1.42  1.07   .67  1.09   .79  1.28  1.35  1.06  1.74
SKEW       .62   .20   .82   .88   .86   .44  1.17   .34   .53  1.16   .62  1.08
CALM     19.54 17.95 14.40 12.09 14.06 12.24 12.34 12.20 15.40 17.38 17.07 16.63
 
TRIANGULATED DATA (station & weighting factor)
 
---Wind Stations---
WAHIAWA/WHEEL.HI     .660  BARBERS POINT HI     .340                       .000
---Solar Radiation and Max .5 P Stations---
 HONOLULU,  HI       .960   WAKE ISLAND, PI     .040                            
---Dewpoint Stations---
HI HONOLULU          .792  HI LIHUE             .208                            
---Time Peak Stations---
PUPUKEA HEIGHTS HI   .568  PUNALUU PUMP 905.2   .432                            
