 KANEOHE MAUKA 781 HI                    513113 0
 LATT=  21.42 LONG=-157.82 YEARS= 44. TYPE= 1
 ELEVATION =  200. TP5 = 1.17 TP6= 4.74
 MEAN P    .42   .38   .37   .31   .26   .16   .19   .19   .20   .32   .43   .38
 S DEV P   .85   .85   .86   .66   .83   .31   .34   .34   .37   .78   .96   .82
 SKEW  P  4.00  7.05  6.62  6.32 19.33  7.31  6.77  5.27  4.36  9.36  6.23  5.10
 P(W/W)    .74   .75   .77   .81   .78   .76   .81   .77   .75   .76   .80   .79
 P(W/D)    .43   .40   .44   .46   .45   .50   .56   .43   .48   .45   .49   .47
 TMAX AV 77.14 77.20 77.26 78.15 79.70 81.46 82.05 82.71 83.16 81.99 79.66 77.98
 TMIN AV 65.27 65.20 66.07 67.15 68.95 70.60 71.45 71.81 71.24 70.25 68.72 66.88
 SD TMAX  2.86  3.16  2.82  2.47  2.29  1.90  1.84  1.88  1.93  2.18  2.67  2.61
 SD TMIN  3.51  3.53  3.22  3.15  2.90  2.70  2.20  2.75  3.20  3.35  3.26  3.25
 SOL.RAD  364.  424.  517.  560.  617.  616.  615.  612.  573.  507.  427.  372.
 SD SOL   34.2  40.2  38.6  49.4  44.4  49.2  47.5  39.3  31.5  23.3  21.0  25.4
 MX .5 P  2.29  1.97  2.50  1.41  1.24   .72   .37   .78   .52  2.68  1.94  2.29
 DEW PT  63.16 61.17 62.16 63.16 64.23 65.31 66.31 66.31 67.23 66.23 65.15 63.16
Time Pk   .597  .684  .731  .786  .806  .818  .837  .855  .873  .897  .933 1.000
% N       4.67  3.95  4.29  2.41  1.77  1.05   .77   .99  1.33  2.35  3.26  3.64
MEAN      3.93  4.88  5.13  4.61  4.40  3.71  3.88  4.16  3.28  3.83  4.49  5.12
STD DEV   2.08  2.15  2.34  2.14  1.57  1.59  1.13  1.64  1.26  1.45  2.15  2.44
SKEW       .73   .34   .38   .58   .22   .12   .29   .69  -.05   .28   .41   .53
% NNE     5.10  8.29  9.34 10.12  5.95  4.20  5.06  4.79  4.09  5.68  5.92  7.28
MEAN      4.44  5.48  5.37  5.24  5.25  4.70  4.73  4.68  4.14  4.46  4.57  5.07
STD DEV   2.18  2.09  2.38  1.82  1.91  1.56  1.63  1.49  1.47  1.51  1.86  2.04
SKEW       .79   .25   .86   .40   .12   .04   .16   .04  -.04   .45   .32   .44
% NE      7.24 12.41 12.78 19.17 18.88 17.53 20.62 19.47 15.34 14.82 13.85 15.26
MEAN      5.22  6.28  5.75  6.03  5.73  5.60  5.56  5.68  5.24  5.08  5.50  6.02
STD DEV   2.40  2.23  1.87  1.94  1.69  1.49  1.63  1.54  1.68  1.79  2.00  2.29
SKEW       .46   .02  -.03   .30  -.12  -.06   .26  -.06   .27   .33   .26   .13
% ENE    14.85 22.96 27.63 33.89 45.26 45.72 48.13 48.08 37.99 31.17 29.47 29.31
MEAN      5.46  6.10  6.05  6.07  5.76  5.71  5.65  5.69  5.32  5.15  5.58  6.03
STD DEV   1.86  1.94  1.88  1.83  1.55  1.53  1.53  1.44  1.51  1.65  1.73  1.95
SKEW       .23  -.05   .02   .10   .07   .13   .06   .00  -.06   .12   .14  -.12
% E      14.06 15.57 16.47 16.58 18.82 23.90 20.52 21.01 25.34 22.09 20.36 15.61
MEAN      5.38  5.73  6.31  5.86  5.72  5.58  5.44  5.50  5.10  5.07  5.57  5.70
STD DEV   2.04  1.86  2.23  1.97  1.63  1.70  1.60  1.46  1.58  1.76  1.85  2.11
SKEW       .21  -.13   .00   .19   .05   .32   .16   .16   .03   .26   .02   .25
% ESE     5.81  5.09  3.58  4.48  2.88  3.46  2.89  3.00  6.73  6.52  6.00  4.33
MEAN      4.63  4.93  4.67  5.37  4.92  5.18  5.03  5.52  5.13  4.78  4.91  4.51
STD DEV   2.02  1.88  1.88  1.76  1.63  1.52  1.55  1.66  1.55  1.71  1.62  1.76
SKEW       .57   .16   .18  -.08   .20  -.05   .22  -.12  -.04   .27  -.14   .37
% SE      2.20  1.60  1.09   .81   .37   .31   .21   .32   .48   .83  1.26  1.32
MEAN      3.23  3.59  3.29  3.32  3.93  3.86  3.72  5.89  2.85  3.51  3.76  3.66
STD DEV   1.89  1.72  1.65  1.46  1.71   .70  1.62  1.20  1.14  1.43  1.73  1.95
SKEW      1.28  1.29   .62   .50  -.19  -.42  -.12   .38   .09  -.15   .36   .81
% SSE     2.46  1.95  1.08   .91   .23   .27   .07   .11   .35   .61  1.75  1.54
MEAN      3.27  3.94  3.26  2.82  1.78  2.82  2.28  5.86  2.60  3.18  4.24  3.50
STD DEV   1.79  2.20  1.71  1.34  1.22  1.31   .00  2.42  1.58  1.59  2.73  2.28
SKEW       .63   .80   .59   .47  1.57  1.00   .00  -.20   .66   .76  1.11  1.23
% S       7.12  3.66  2.64  1.35   .65   .59   .16   .36  1.17  2.05  3.54  3.71
MEAN      4.08  3.36  3.21  2.83  2.64  2.21  2.59  3.70  2.46  2.35  3.45  2.79
STD DEV   3.02  2.58  2.21  1.83  1.60  1.15  1.02  1.43  1.22  1.49  2.12  1.73
SKEW      1.70  2.30  1.21  1.54  1.17   .70  1.37   .32   .23  1.82   .96   .99
% SSW    10.03  5.97  4.10  1.89   .71   .42   .21   .20  1.27  2.48  3.13  3.99
MEAN      4.20  3.98  2.80  3.24  2.24  1.98  2.42  2.07  2.61  2.13  2.93  3.04
STD DEV   3.14  2.60  1.79  2.95   .87   .66   .66  1.36  1.28  1.03  1.93  2.01
SKEW      1.36  1.03  1.31  2.03   .66   .36   .22   .96   .52  1.33  1.41  1.71
% SW      6.47  4.61  3.48  1.03   .35   .45   .34   .20  1.21  1.82  2.59  2.50
MEAN      4.07  3.70  3.00  2.04  2.09  1.97  1.91  1.63  2.33  2.22  2.81  3.16
STD DEV   3.24  2.24  1.86  1.06   .89   .73   .75   .71  1.06  1.14  1.56  2.42
SKEW      2.02   .72  1.19   .97   .10   .44  -.21   .23   .58   .98   .48  2.42
% WSW     2.82  1.89  1.37   .67   .30   .20   .14   .13   .46   .95  1.12  1.20
MEAN      3.73  3.89  2.94  1.98  2.16  2.03  1.62  2.38  2.39  1.95  2.10  2.44
STD DEV   2.43  2.39  1.92   .92   .68   .53   .71   .84  1.26   .73  1.04  1.46
SKEW       .98  1.05  1.94  1.03   .38  -.59   .43  -.35   .62   .25   .79  1.67
% W       2.51  1.30  1.27   .54   .36   .17   .11   .13   .48  1.01  1.19  1.20
MEAN      3.46  2.79  2.63  2.35  2.60  2.26  1.75  1.62  2.63  2.33  2.18  2.70
STD DEV   1.86  1.38  1.18  1.25  1.32   .87   .95   .65  1.08  1.05  1.13  1.59
SKEW       .70   .67   .53  1.31   .58  -.48   .00  -.30   .48   .47   .66  1.40
% WNW     1.50  1.55  1.35   .70   .30   .14   .03   .07   .39   .74   .64   .79
MEAN      3.12  3.60  2.99  2.60  2.15  2.00   .00   .87  2.57  2.24  2.63  3.14
STD DEV   1.68  2.06  1.27  1.37   .78  1.01   .00   .00  1.13   .93  1.21  2.07
SKEW       .93  1.65   .29   .61   .17   .35   .00   .00  -.03   .86   .19  2.05
% NW      1.87  1.18  1.68   .74   .27   .20   .07   .12   .38   .77   .67   .97
MEAN      4.31  3.57  3.66  3.10  2.44  3.10  2.62  4.68  2.54  2.96  2.63  3.92
STD DEV   2.72  1.75  1.83  1.65   .90   .83   .00   .85   .63   .90  1.48  2.58
SKEW       .98   .57   .92  1.51  -.48   .86   .00   .21   .11   .38   .80   .86
% NNW     3.16  2.79  3.10  1.89   .76   .22   .19   .19   .39  1.18  1.18  1.50
MEAN      4.72  5.00  5.32  4.45  4.05  4.00  3.42  5.13  2.97  3.87  4.53  5.08
STD DEV   2.40  2.26  2.68  2.20  1.35  1.25  1.25  1.34  1.32  1.51  2.64  3.35
SKEW       .44   .27   .52   .98   .91   .10 -1.02   .00   .32   .19  1.05  1.13
CALM      8.17  5.22  4.71  2.90  2.16  1.15   .44   .88  2.50  5.00  4.07  5.82
 
TRIANGULATED DATA (station & weighting factor)
 
---Wind Stations---
KANEOHE BAY   HI    1.000  HONOLULU      HI     .000  PUUNENE MAUI  HI     .000
---Solar Radiation and Max .5 P Stations---
 HONOLULU,  HI       .984   WAKE ISLAND, PI     .016                            
---Dewpoint Stations---
HI HONOLULU          .842  HI KAHULUI           .083  HI LIHUE             .075 
---Time Peak Stations---
LULUKU 781.7 HI      .532  AHUIMANU LOOP 839.1  .307  KAILUA FIRE STATION  .160 
