 ONAWA IA                                136243 0
 LATT=  42.03 LONG= -96.10 YEARS= 93. TYPE= 3
 ELEVATION = 1050. TP5 = 2.62 TP6= 4.78
 MEAN P    .14   .20   .24   .31   .39   .44   .43   .41   .40   .34   .27   .17
 S DEV P   .17   .25   .31   .36   .46   .57   .60   .53   .58   .46   .40   .21
 SKEW  P  2.76  2.53  2.66  2.09  2.24  2.82  2.85  2.84  4.53  2.73  2.70  2.43
 P(W/W)    .30   .28   .41   .46   .45   .44   .35   .33   .40   .41   .39   .35
 P(W/D)    .14   .15   .18   .21   .27   .28   .24   .26   .21   .14   .13   .12
 TMAX AV 30.91 35.58 47.89 63.61 74.51 83.20 88.08 85.53 77.40 66.22 48.43 34.75
 TMIN AV 14.25 17.07 25.74 38.10 49.34 59.22 63.80 61.68 52.66 40.92 27.13 17.15
 SD TMAX 13.36 12.94 14.20 12.37 10.09  8.34  6.73  7.10  9.84 11.53 12.16 12.25
 SD TMIN  8.93  9.92 10.55  9.82  9.30  7.53  6.42  7.00  9.81 10.15  9.97  9.48
 SOL.RAD  181.  261.  354.  428.  498.  553.  562.  490.  395.  292.  196.  153.
 SD SOL   26.0  32.4  49.6  75.4  88.9  86.8  75.1 145.6  71.0  34.0  27.6  26.1
 MX .5 P   .09   .23   .29   .95   .92  1.02  1.03  1.23  1.58   .51   .29   .13
 DEW PT  11.73 17.17 24.74 35.86 47.43 58.86 63.43 62.43 52.17 41.17 27.30 18.17
Time Pk   .635  .745  .795  .848  .858  .863  .888  .899  .906  .933  .957 1.000
% N      10.52  9.21  9.92  9.49  7.37  6.04  6.66  5.43  7.63  9.08  8.53  9.91
MEAN      5.31  5.74  5.63  5.43  4.74  4.02  3.99  3.91  4.31  4.49  5.17  5.04
STD DEV   2.50  2.48  2.56  2.72  2.27  1.92  1.82  1.94  2.10  2.16  2.66  2.47
SKEW       .42   .19   .38   .51   .66   .81   .67   .77   .65   .65   .89   .63
% NNE     5.41  5.31  6.53  6.20  5.96  4.47  4.48  4.71  4.97  3.85  4.07  5.58
MEAN      4.62  5.17  5.70  5.26  4.65  4.01  4.08  4.06  4.31  4.32  4.91  4.67
STD DEV   2.16  2.49  2.76  2.18  2.06  1.78  1.83  1.86  1.78  2.02  2.43  2.15
SKEW       .46   .35   .63   .14   .39   .58   .60   .65   .47   .68   .67   .48
% NE      3.92  4.26  5.69  5.56  5.11  4.46  5.90  5.12  4.66  3.20  3.18  3.59
MEAN      4.38  4.14  4.72  4.67  4.49  3.86  4.05  3.74  3.99  3.87  3.75  3.91
STD DEV   1.91  1.91  2.38  2.20  1.95  1.71  1.79  1.68  1.80  1.64  1.73  1.84
SKEW       .41   .69   .72   .52   .33   .57   .66   .87   .68   .67   .76   .80
% ENE     2.00  3.21  4.06  3.96  4.29  3.32  4.00  4.74  3.25  1.76  1.34  1.85
MEAN      3.77  4.23  4.64  5.07  4.60  3.98  4.07  3.84  3.78  3.56  3.32  3.96
STD DEV   1.78  1.93  2.11  2.15  2.05  1.87  1.80  1.53  1.62  1.46  1.38  1.81
SKEW       .36   .59   .61   .42   .60   .63   .76   .51   .49   .22   .67   .47
% E       2.03  4.40  5.89  4.85  5.92  4.83  5.17  7.27  4.11  2.60  1.71  2.32
MEAN      3.51  4.42  4.30  4.93  4.72  4.22  3.95  3.92  3.63  3.41  3.50  3.60
STD DEV   1.72  2.26  1.98  2.11  2.16  1.94  1.83  1.76  1.61  1.50  1.72  1.67
SKEW       .74   .62   .70   .40   .56   .72   .71   .75   .88   .73  1.05   .61
% ESE     1.93  3.38  4.42  4.05  5.54  4.73  4.80  4.58  3.37  3.12  2.29  2.25
MEAN      3.76  4.26  4.83  5.06  4.91  4.51  4.04  4.06  4.12  3.79  3.96  3.98
STD DEV   1.70  1.81  2.14  2.26  2.30  2.01  1.81  1.78  1.84  1.72  2.15  1.79
SKEW       .52   .66   .39   .52   .66   .52   .69   .70   .62   .63  1.34   .51
% SE      5.20  4.74  5.16  6.88  6.82  7.66  8.89  8.58  6.10  6.17  3.79  4.50
MEAN      4.30  4.37  4.98  5.66  5.10  4.67  4.43  4.47  4.39  4.44  3.91  4.23
STD DEV   2.00  2.01  2.33  2.93  2.20  2.14  1.99  1.94  2.04  1.95  1.97  1.96
SKEW       .50   .57   .48   .86   .36   .60   .63   .63   .61   .48   .89   .77
% SSE     5.19  5.20  5.17  6.61  8.44 10.16  9.66  9.78  9.77  8.35  5.14  5.59
MEAN      4.12  4.17  5.09  5.19  5.04  4.80  4.50  4.48  5.03  4.58  4.22  4.31
STD DEV   1.96  1.89  2.39  2.35  2.14  2.00  1.83  1.94  2.37  2.10  2.04  2.25
SKEW       .70   .70   .71   .39   .40   .47   .45   .62   .58   .88   .80   .92
% S       7.26  6.39  6.21  8.12 10.22 13.87 14.75 15.36 14.86 12.33  9.28  8.35
MEAN      4.15  4.29  5.14  5.48  5.28  5.07  4.78  4.63  5.06  4.81  4.22  4.08
STD DEV   1.94  1.85  2.56  2.63  2.41  2.15  1.95  1.98  2.28  2.24  1.87  1.93
SKEW       .70   .38   .57   .53   .62   .45   .42   .58   .61   .80   .70   .79
% SSW     5.02  4.77  3.88  4.17  4.87  5.35  6.98  6.84  5.88  6.12  5.29  5.39
MEAN      3.90  4.01  4.66  5.64  5.61  4.85  4.94  4.77  4.99  4.87  4.38  3.96
STD DEV   1.85  1.93  2.19  2.69  2.43  2.05  2.11  2.01  2.20  2.16  2.06  1.89
SKEW       .85   .79   .62   .35   .47   .43   .48   .46   .47   .58   .51   .82
% SW      5.29  5.50  3.82  3.58  4.24  3.84  4.43  4.59  4.30  4.43  5.19  5.17
MEAN      3.50  3.59  4.42  4.40  4.48  3.87  4.23  4.16  4.30  4.36  3.83  3.76
STD DEV   1.65  1.68  2.14  2.22  2.05  1.86  1.89  1.93  2.07  2.15  1.76  1.66
SKEW       .92   .81   .67   .87   .42   .90   .69   .75   .83   .82   .86   .62
% WSW     3.55  2.99  2.24  2.97  2.97  2.68  1.67  2.01  2.50  2.42  3.76  3.32
MEAN      3.83  3.62  4.41  4.72  4.57  3.64  3.72  3.64  3.99  4.26  3.77  3.45
STD DEV   1.90  1.67  2.46  2.30  2.26  1.67  1.60  1.70  1.94  2.04  1.67  1.54
SKEW      1.29  1.07   .83   .67   .46   .78   .69   .78   .70   .56   .83  1.04
% W       3.79  4.06  3.45  3.49  3.12  3.38  2.08  1.88  3.07  3.08  5.06  4.58
MEAN      3.64  3.69  4.36  5.15  5.02  4.01  3.30  3.42  3.78  4.12  4.04  3.93
STD DEV   1.63  1.78  2.45  2.90  2.59  2.00  1.54  1.66  1.73  2.18  1.92  2.18
SKEW       .89   .99  1.05   .75   .58  1.08  1.13  1.13   .86   .87   .75  1.51
% WNW     6.20  6.01  5.97  3.99  3.65  3.86  2.06  1.55  3.07  4.55  7.94  5.87
MEAN      5.02  4.71  5.92  5.64  5.08  4.52  3.97  3.76  4.42  4.95  5.26  5.23
STD DEV   2.29  2.26  2.90  2.56  2.32  2.00  1.77  1.67  1.98  2.23  2.44  2.64
SKEW       .50   .84   .62   .42   .25   .67   .68   .69   .67   .30   .57   .84
% NW      9.54  9.27  8.75  7.69  4.49  4.38  2.92  2.37  4.67  7.14 10.98  9.24
MEAN      5.54  5.14  5.93  6.09  5.11  4.42  3.88  4.00  4.39  5.44  5.85  5.63
STD DEV   2.64  2.33  2.85  3.02  2.52  2.11  2.10  1.98  2.07  2.68  2.93  2.75
SKEW       .58   .54   .59   .46   .53   .52  1.07   .78   .68   .51   .59   .91
% NNW     8.87  8.98  9.81  9.38  5.87  4.74  3.98  3.30  4.85  6.85  8.17  7.70
MEAN      5.75  5.74  6.34  6.29  5.15  4.28  4.24  4.17  4.66  5.23  5.87  5.68
STD DEV   2.63  2.41  2.92  2.78  2.41  2.03  2.03  2.07  2.28  2.66  2.95  2.74
SKEW       .45   .26   .53   .34   .39   .52   .66   .77   .53   .63   .71   .82
CALM     14.24 12.38  8.93  9.00 11.17 12.24 11.56 11.94 12.80 14.90 14.16 14.82
 
INTERPOLATED DATA (station & weighting factor)
 
---Wind Stations---
LINCOLN       NB     .357  LINCOLN       NB     .357  SIOUX FALLS   SD     .286
---Solar Radiation and Max .5 P Stations---
 DES MOINES, IOWA    .380   GRAND ISLAND, NEBR  .364   HURON, SOUTH DAKOT  .256 
---Dewpoint Stations---
IA SIOUX CITY        .568  NE OMAHA             .310  IA DES MOINES        .122 
---Time Peak Stations---
SOLDIER IA           .497  MOVILLE IA           .279  SCRIBNER NE          .224 
