 RED OAK IA                              136940 0
 LATT=  41.02 LONG= -95.22 YEARS= 45. TYPE= 3
 ELEVATION = 1040. TP5 = 2.72 TP6= 5.23
 MEAN P    .15   .18   .25   .35   .37   .48   .48   .48   .48   .35   .29   .18
 S DEV P   .20   .26   .34   .45   .57   .67   .69   .76   .70   .48   .39   .23
 SKEW  P  2.40  3.76  2.42  2.72  4.80  3.13  2.52  4.74  3.08  2.32  2.27  2.37
 P(W/W)    .27   .37   .45   .44   .48   .42   .40   .38   .41   .41   .38   .33
 P(W/D)    .16   .17   .22   .26   .29   .29   .24   .26   .23   .16   .15   .17
 TMAX AV 31.76 37.88 49.31 64.76 75.79 84.78 88.70 86.39 78.39 66.82 49.21 36.46
 TMIN AV 14.81 18.72 27.42 39.46 50.64 59.86 64.35 61.76 52.70 41.11 28.36 18.56
 SD TMAX 13.01 12.91 13.97 12.21  9.13  7.27  6.58  6.98  9.16 10.66 12.20 11.85
 SD TMIN  9.54 10.33 10.69 10.26  9.01  7.70  6.40  7.16  9.88 10.56 10.54  9.74
 SOL.RAD  184.  258.  338.  416.  498.  545.  543.  486.  388.  285.  203.  152.
 SD SOL   29.8  37.6  57.8  80.6  88.3  87.9  80.2 143.7  74.7  40.2  29.6  31.0
 MX .5 P   .15   .27   .46  1.08  1.04  1.18  1.25  1.48  1.52   .70   .37   .36
 DEW PT  15.20 19.97 26.48 37.72 48.72 60.72 64.24 63.48 53.52 43.00 29.24 20.48
Time Pk   .608  .719  .764  .824  .845  .854  .872  .886  .900  .924  .950 1.000
% N       7.31  9.14  9.00  8.01  6.10  6.08  5.48  5.20  6.12  7.14  7.18  7.43
MEAN      5.18  4.75  5.59  4.86  4.04  4.03  3.65  3.63  3.48  3.97  4.72  4.47
STD DEV   2.45  2.31  2.41  2.35  1.75  1.93  1.60  1.84  1.59  1.87  2.54  2.09
SKEW       .29   .47   .32   .56   .36   .59   .48   .73   .62   .55   .70   .61
% NNE     3.92  5.07  6.03  5.04  4.95  4.67  3.85  5.73  4.97  4.72  3.96  3.63
MEAN      4.66  4.99  5.47  4.70  4.42  4.18  3.42  3.46  3.71  3.97  4.32  3.87
STD DEV   2.14  1.97  2.21  2.14  1.74  1.78  1.62  1.57  1.63  1.69  2.00  1.81
SKEW       .67   .08   .09   .48   .34   .25   .46   .54   .28   .10   .28   .35
% NE      3.18  3.81  3.90  3.44  3.87  2.41  2.93  3.73  4.21  1.62  1.22  2.18
MEAN      3.74  4.16  4.61  4.23  4.02  3.81  2.98  3.16  3.05  3.29  2.73  3.23
STD DEV   1.82  2.24  2.26  1.95  1.93  1.91  1.45  1.51  1.42  1.53  1.23  1.52
SKEW       .41   .71   .37   .32   .57   .72  1.05   .60   .48   .73   .24   .51
% ENE     2.14  3.58  3.67  3.69  4.50  2.57  2.91  3.43  4.14  1.16  1.17  2.07
MEAN      3.50  4.18  5.08  5.00  4.19  3.88  3.36  3.11  3.17  2.91  2.99  3.39
STD DEV   1.60  1.88  2.30  2.06  1.91  1.89  1.53  1.30  1.47  1.16  1.43  1.64
SKEW       .49   .20   .56   .05   .87   .62   .81   .86   .61   .60   .55   .44
% E       2.63  4.52  4.34  4.70  5.05  4.31  4.14  4.94  4.45  1.70  1.47  2.58
MEAN      3.09  4.12  5.08  5.01  4.23  3.83  2.75  3.26  2.88  2.79  2.81  3.41
STD DEV   1.57  1.88  2.41  2.13  1.99  2.14  1.28  1.46  1.39   .87  1.45  1.67
SKEW       .67   .31   .52   .32   .45  1.05   .71   .54   .70   .50   .72   .57
% ESE     3.81  4.96  5.14  6.17  6.23  6.16  5.86  6.04  5.74  4.03  2.33  4.22
MEAN      3.76  4.55  5.54  5.61  5.26  4.32  3.48  3.42  3.41  3.74  3.30  3.91
STD DEV   1.73  2.11  2.44  2.51  2.54  2.07  1.79  1.49  1.47  1.70  1.57  1.83
SKEW       .30   .52   .44   .27   .54   .59  1.06   .71   .49   .21   .46   .26
% SE      6.18  6.30  6.09  6.32  8.37  9.15  9.48  9.44  7.78  7.64  4.52  6.53
MEAN      4.07  4.19  5.09  5.18  4.76  4.62  3.59  3.48  3.52  4.08  3.53  3.99
STD DEV   2.02  1.94  2.51  2.60  2.43  2.22  1.77  1.59  1.67  2.03  1.83  2.02
SKEW       .62   .51   .32   .59   .68   .73   .83   .95   .71   .52   .68   .64
% SSE     9.82  8.69  8.42 10.21 11.98 14.17 15.26 14.30 12.71 14.21  8.81  9.55
MEAN      4.74  4.53  5.85  6.00  5.88  5.31  4.31  3.99  4.37  4.59  4.22  4.66
STD DEV   2.21  2.02  3.05  2.58  2.75  2.62  1.98  1.73  1.94  2.25  1.95  2.35
SKEW       .43   .55   .92   .41   .43   .47   .52   .51   .48   .72   .35   .77
% S       8.96  7.75  6.57  7.64  9.68 12.73 13.05 11.96 11.39 12.50  9.64  8.99
MEAN      4.58  4.46  5.15  5.39  5.14  4.87  4.05  3.89  4.31  4.20  4.33  4.15
STD DEV   2.24  2.09  2.83  2.68  2.76  2.19  1.89  1.87  2.04  2.04  2.11  2.23
SKEW       .69   .60   .84   .66   .76   .48   .48   .75   .52   .69   .53   .92
% SSW     6.95  5.12  5.25  4.80  5.96  7.62  7.06  6.39  4.78  7.38  6.52  4.49
MEAN      5.22  4.57  6.41  7.33  6.02  5.31  4.52  4.27  5.11  5.00  5.20  4.49
STD DEV   2.70  2.34  3.70  3.49  3.36  2.40  2.20  1.77  2.42  2.42  2.42  2.12
SKEW       .64   .99  1.23   .39  1.34   .20   .55   .22   .44   .69   .49   .34
% SW      2.76  2.50  2.55  2.28  3.07  3.35  2.87  3.29  1.76  2.94  3.06  2.71
MEAN      4.09  4.19  5.43  4.66  4.88  4.03  3.13  3.27  3.80  3.78  3.82  3.74
STD DEV   2.01  1.88  3.36  2.47  2.98  1.94  1.75  1.60  1.68  1.78  2.00  2.14
SKEW       .76   .63  1.26   .59   .91   .32  1.23   .52   .29   .51   .65  1.23
% WSW     2.41  1.56  2.47  1.51  2.38  2.36  1.70  1.89  1.55  2.09  1.94  2.78
MEAN      4.02  3.40  5.29  4.96  4.86  3.55  3.20  3.14  3.31  3.91  3.92  3.81
STD DEV   1.99  1.67  3.43  2.53  2.73  1.61  1.48  1.39  1.44  1.74  2.11  1.66
SKEW       .55   .48  1.01   .59   .68   .39   .32   .55   .17   .13   .82   .29
% W       3.21  1.84  3.23  2.58  2.82  2.19  2.63  1.82  1.88  1.95  3.63  4.05
MEAN      3.96  3.05  5.04  4.70  5.03  3.68  2.86  2.90  3.55  3.83  3.63  4.00
STD DEV   1.90  1.55  2.64  3.00  3.20  1.61  1.45  1.40  2.12  2.21  1.86  2.10
SKEW       .37   .98   .33   .86   .93   .21   .76   .90  1.18   .82   .70  1.01
% WNW     5.82  4.75  6.37  5.31  4.16  2.74  2.87  2.09  3.05  3.86  8.49  5.76
MEAN      5.67  5.52  6.70  7.07  5.04  4.23  3.67  3.43  3.76  4.59  5.30  5.19
STD DEV   2.89  3.00  3.14  3.40  2.49  2.16  1.87  1.61  1.73  2.32  2.75  2.50
SKEW       .54   .68   .41   .30   .72   .53   .56   .83   .64   .67   .67   .77
% NW      8.82 10.22  9.62  9.99  5.54  3.93  3.72  2.93  4.56  5.75 10.72  8.89
MEAN      5.84  5.42  6.75  6.08  4.81  3.48  3.19  3.07  3.50  4.23  5.66  5.22
STD DEV   3.05  2.93  3.70  3.37  2.51  1.81  1.68  1.53  1.76  2.31  2.93  2.66
SKEW       .54   .56   .76   .74   .64   .72   .97   .93   .72   .72   .51   .42
% NNW    14.90 13.20 11.88 12.46  7.63  7.88  5.94  6.35  8.13  9.80 15.99 14.72
MEAN      6.38  5.70  6.61  6.31  4.84  4.60  3.57  3.69  4.03  4.94  6.02  5.83
STD DEV   2.79  2.55  3.20  2.80  2.26  2.21  1.70  1.91  1.90  2.53  2.87  2.75
SKEW       .19   .50   .53   .59   .55   .38   .83  1.03   .43   .50   .32   .46
CALM      7.27  7.00  5.51  5.79  7.72  7.63 10.32 10.40 12.75 11.45  9.42  9.35
 
INTERPOLATED DATA (station & weighting factor)
 
---Wind Stations---
TARKIO        MO     .389  OMAHA/OFFUTT  NB     .383  LAMONI        IA     .227
---Solar Radiation and Max .5 P Stations---
 DES MOINES, IOWA    .453   KANSAS CITY, MISSO  .298   GRAND ISLAND, NEBR  .249 
---Dewpoint Stations---
NE OMAHA             .521  MO ST. JOSEPH        .241  IA DES MOINES        .238 
---Time Peak Stations---
WALLIN 1 NW IA       .720  HAMBURG 2 IA         .163  MISSOURI VLLY 1 NNE  .117 
