 FAYETTE IA                              132864 0
 LATT=  42.83 LONG= -91.80 YEARS= 93. TYPE= 3
 ELEVATION = 1000. TP5 = 2.43 TP6= 4.64
 MEAN P    .17   .21   .27   .32   .38   .42   .44   .44   .42   .32   .28   .21
 S DEV P   .21   .28   .30   .38   .48   .51   .62   .60   .51   .37   .39   .24
 SKEW  P  2.31  3.31  1.82  2.46  3.03  2.04  3.12  2.84  2.09  2.21  2.55  1.86
 P(W/W)    .29   .31   .38   .43   .49   .44   .37   .38   .45   .42   .38   .32
 P(W/D)    .19   .18   .22   .26   .29   .29   .26   .24   .24   .18   .19   .18
 TMAX AV 26.22 30.35 42.64 58.69 70.75 79.49 84.42 82.01 73.64 62.07 44.23 30.14
 TMIN AV 13.77 15.27 23.40 35.13 46.49 56.03 60.35 58.01 49.80 38.50 25.62 16.07
 SD TMAX 11.74 11.34 12.36 12.03 10.02  8.18  7.02  7.14  9.61 11.07 11.83 11.19
 SD TMIN  8.83  9.46 10.53  9.73  9.47  8.21  7.02  7.74 10.14 10.44 10.59  9.68
 SOL.RAD  172.  254.  335.  408.  483.  539.  487.  465.  366.  266.  178.  139.
 SD SOL   27.2  33.3  55.4  82.7  95.2  92.8 101.8 166.3  79.9  41.3  31.8  29.0
 MX .5 P   .11   .22   .33   .96  1.18  1.40  1.30  1.62   .68   .43   .40   .21
 DEW PT  12.70 16.26 23.61 34.73 45.64 58.17 62.96 61.87 52.21 41.65 27.43 17.61
Time Pk   .631  .734  .786  .837  .850  .856  .878  .889  .897  .920  .952 1.000
% N       6.87  7.82  8.26  6.99  6.41  5.94  6.25  5.69  6.15  6.42  6.16  6.47
MEAN      5.15  5.44  5.73  5.72  5.39  4.83  4.45  4.25  4.57  5.08  5.25  5.21
STD DEV   2.23  2.36  2.47  2.43  2.25  2.08  1.87  1.78  1.85  2.04  2.19  2.22
SKEW       .46   .48   .33   .41   .53   .56   .50   .46   .58   .38   .55   .40
% NNE     3.17  3.98  4.27  3.83  3.68  3.09  2.98  3.10  3.19  2.51  2.58  3.15
MEAN      4.34  4.45  4.72  5.22  4.67  4.13  3.70  3.75  3.73  4.21  4.93  4.65
STD DEV   1.78  1.96  2.05  2.07  1.94  1.65  1.59  1.46  1.54  1.69  2.14  1.90
SKEW       .48   .85   .56   .61   .42   .52   .70   .55   .67   .50   .50   .35
% NE      2.56  4.02  4.47  4.15  4.17  3.49  3.27  3.09  3.25  2.20  2.52  2.99
MEAN      4.33  4.66  4.78  5.09  4.33  3.97  3.52  3.39  3.75  3.87  4.40  4.27
STD DEV   2.38  2.36  2.11  2.14  1.97  1.72  1.57  1.40  1.50  1.76  2.12  2.01
SKEW       .69   .80   .51   .55   .74   .89   .98   .92   .46   .91   .74   .65
% ENE     1.41  2.46  3.90  3.67  3.90  3.44  2.76  2.62  2.57  1.70  1.75  2.15
MEAN      4.47  4.85  5.18  5.12  4.55  4.17  3.59  3.36  3.60  3.62  3.87  4.54
STD DEV   2.23  2.06  2.30  2.16  1.79  1.75  1.55  1.42  1.41  1.38  1.71  2.15
SKEW       .73   .42   .45   .50   .53   .65   .74   .74   .70   .59   .72   .64
% E       2.18  4.01  5.20  5.52  5.46  4.39  4.47  3.68  4.01  2.29  2.64  3.02
MEAN      4.28  4.84  5.22  5.64  4.83  4.05  3.72  3.41  3.68  3.70  4.00  4.38
STD DEV   1.92  2.18  2.13  2.43  2.03  1.68  1.48  1.36  1.70  1.48  1.67  2.00
SKEW       .67   .61   .33   .49   .37   .69   .61   .64   .82   .33   .66   .74
% ESE     3.40  5.15  5.87  7.97  7.23  5.91  5.66  5.98  5.53  4.60  4.49  4.35
MEAN      4.58  4.87  5.52  5.87  5.19  4.22  3.78  3.68  3.84  3.84  4.35  4.75
STD DEV   1.98  2.05  2.40  2.47  2.28  1.68  1.56  1.51  1.48  1.46  1.92  2.05
SKEW       .65   .58   .68   .46   .50   .62   .84   .85   .86   .54   .81   .66
% SE      4.86  4.68  6.45  7.84  7.68  7.81  7.52  8.10  8.42  7.81  6.21  5.71
MEAN      5.00  4.93  5.57  5.74  5.31  4.46  4.07  4.09  4.19  4.46  4.74  4.98
STD DEV   2.15  2.19  2.27  2.38  2.34  1.85  1.62  1.59  1.75  1.82  2.07  2.07
SKEW       .53   .49   .43   .32   .66   .64   .57   .60   .71   .78   .60   .82
% SSE     5.75  5.15  5.61  6.47  7.57  7.74  6.55  7.96  8.10  8.77  7.24  6.89
MEAN      5.37  5.32  6.12  6.27  5.81  5.13  4.54  4.74  4.99  5.20  5.25  5.41
STD DEV   2.11  2.20  2.39  2.30  2.24  1.92  1.70  1.89  1.93  1.97  1.96  2.03
SKEW       .58   .44   .31   .23   .43   .37   .49   .72   .57   .50   .51   .39
% S      10.50  9.11  8.55  9.96 12.22 15.67 14.82 15.97 15.56 15.85 12.64 11.20
MEAN      5.58  5.57  6.14  6.60  6.09  5.56  5.15  4.99  5.34  5.80  5.50  5.53
STD DEV   2.15  2.18  2.51  2.49  2.35  2.13  1.97  1.94  2.07  2.22  2.22  2.09
SKEW       .24   .44   .24   .19   .29   .37   .37   .48   .41   .42   .52   .34
% SSW     5.03  4.41  3.84  4.69  6.47  7.89  7.54  8.07  6.72  6.75  6.46  4.95
MEAN      5.43  5.57  5.93  6.83  6.45  5.51  5.30  5.14  5.41  5.65  5.61  5.66
STD DEV   2.40  2.46  2.62  2.75  2.58  2.20  2.04  1.99  2.23  2.16  2.38  2.39
SKEW       .52   .42   .39   .20   .21   .41   .48   .43   .61   .35   .57   .68
% SW      4.37  3.58  3.27  3.65  4.78  5.68  5.43  5.11  4.27  4.41  4.74  4.32
MEAN      4.74  5.24  5.72  6.58  6.04  5.08  4.83  4.71  4.85  5.50  5.39  5.14
STD DEV   2.03  2.33  2.81  3.05  2.71  2.15  1.97  1.86  2.11  2.26  2.57  2.23
SKEW       .58   .66   .60   .33   .30   .42   .51   .31   .61   .24   .72   .50
% WSW     4.19  2.76  2.72  2.95  3.04  3.44  3.24  3.34  3.09  3.31  3.03  3.34
MEAN      4.80  4.85  4.90  6.40  5.82  5.04  4.30  4.48  4.81  4.94  5.29  4.96
STD DEV   2.02  1.90  2.15  3.24  2.63  2.10  1.63  1.75  2.22  2.25  2.28  1.92
SKEW       .88   .39   .70   .64   .70   .53   .52   .55   .71   .64   .57   .59
% W       6.86  5.00  4.46  4.40  4.31  4.51  3.66  3.57  3.57  4.99  6.03  5.79
MEAN      5.47  5.34  5.46  6.58  5.90  5.11  4.37  4.60  4.89  5.28  5.92  5.44
STD DEV   2.48  2.50  2.52  3.13  2.55  2.11  1.94  2.07  2.29  2.37  2.68  2.27
SKEW       .75  1.36   .72   .61   .23   .43   .65   .77   .85   .59   .50   .52
% WNW    10.26  8.86  7.45  6.49  5.51  4.91  5.14  4.23  5.15  6.89  9.22  9.15
MEAN      6.06  5.78  6.17  6.70  6.14  5.33  4.53  4.42  5.13  5.65  6.42  6.03
STD DEV   2.57  2.49  2.68  3.05  2.76  2.24  1.86  1.92  2.21  2.51  2.62  2.51
SKEW       .49   .48   .54   .40   .37   .42   .75   .67   .55   .55   .38   .44
% NW     13.97 13.33 11.37 10.50  6.91  5.41  6.87  6.27  7.18  8.65 11.36 12.73
MEAN      6.25  6.23  6.37  6.84  5.95  5.16  4.81  4.56  5.12  5.74  6.63  6.12
STD DEV   2.73  2.66  2.78  2.90  2.63  2.34  2.12  2.02  2.21  2.50  2.74  2.63
SKEW       .39   .34   .29   .23   .33   .49   .50   .71   .50   .33   .18   .32
% NNW     8.79  9.52  9.39  7.25  5.85  4.86  5.74  4.91  5.69  7.03  7.85  8.51
MEAN      6.07  6.18  6.43  6.51  6.15  5.21  4.84  4.72  5.03  5.66  6.10  6.01
STD DEV   2.51  2.44  2.65  2.48  2.69  2.12  2.00  1.97  2.03  2.23  2.51  2.41
SKEW       .35   .33   .33   .04   .54   .35   .56   .41   .40   .36   .22   .21
CALM      5.77  6.07  4.98  3.70  4.80  5.75  8.13  8.27  7.63  5.84  5.10  5.34
 
INTERPOLATED DATA (station & weighting factor)
 
---Wind Stations---
WATERLOO      IA     .521  DUBUQUE       IA     .244  LA CROSSE     WI     .235
---Solar Radiation and Max .5 P Stations---
 DUBUQUE, IOWA       .530   DES MOINES, IOWA    .257   MINNEAPOLIS, MINNE  .213 
---Dewpoint Stations---
IA DUBUQUE           .439  WI LA CROSSE         .347  IA DES MOINES        .214 
---Time Peak Stations---
LYNXVILLE DAM 9 WI   .380  CENTRAL CITY IA      .367  SPRING VALLEY MN     .253 
