 ANAMOSA 1 NW IA                         13 213 0
 LATT=  42.12 LONG= -91.30 YEARS= 45. TYPE= 3
 ELEVATION =  870. TP5 = 2.39 TP6= 4.61
 MEAN P    .19   .20   .28   .31   .35   .45   .43   .46   .40   .34   .29   .22
 S DEV P   .26   .27   .32   .37   .45   .57   .56   .65   .56   .38   .42   .28
 SKEW  P  2.85  2.89  2.17  2.00  2.92  2.20  3.32  3.12  3.31  1.92  2.84  2.66
 P(W/W)    .30   .35   .45   .47   .49   .45   .34   .40   .47   .42   .41   .37
 P(W/D)    .17   .15   .20   .29   .27   .26   .28   .23   .21   .17   .20   .18
 TMAX AV 27.88 33.24 44.65 60.79 72.54 81.21 84.99 82.96 75.16 64.01 46.55 32.53
 TMIN AV 14.33 16.85 24.89 36.64 47.23 56.46 60.83 58.61 50.05 39.22 27.45 17.53
 SD TMAX 12.08 11.38 12.49 11.77  9.40  6.92  5.88  6.44  8.54 10.54 11.95 11.36
 SD TMIN  9.10  9.90 10.52 10.12  9.56  8.04  7.12  7.68 10.20 10.39 10.65  9.83
 SOL.RAD  164.  239.  313.  394.  473.  530.  461.  453.  360.  265.  178.  134.
 SD SOL   32.4  40.8  64.9  89.3 100.1  97.0 112.0 179.2  83.9  44.0  34.1  32.9
 MX .5 P   .16   .25   .41  1.12  1.05  1.24  1.47  1.46   .78   .43   .45   .23
 DEW PT  14.85 18.32 25.32 35.94 46.40 59.15 64.00 62.47 52.78 42.32 28.25 19.63
Time Pk   .630  .736  .782  .843  .857  .860  .877  .892  .901  .924  .953 1.000
% N       6.31  7.15  7.32  6.69  6.54  5.71  5.79  5.91  6.26  6.31  5.57  5.53
MEAN      4.74  4.74  5.27  4.96  4.51  4.18  3.87  3.68  3.88  4.43  4.61  4.49
STD DEV   2.03  2.03  2.09  2.11  2.07  1.84  1.69  1.56  1.66  1.89  1.88  1.93
SKEW       .49   .37   .10   .25   .54   .32   .28   .37   .53   .17   .39   .38
% NNE     3.97  5.04  5.32  4.30  5.26  3.71  3.88  4.92  4.55  3.49  2.64  3.64
MEAN      4.42  4.48  4.91  4.88  4.24  3.80  3.70  3.57  3.70  3.92  4.78  4.48
STD DEV   1.79  1.80  2.05  2.09  1.83  1.52  1.50  1.39  1.56  1.57  2.03  1.90
SKEW       .38   .56   .37   .72   .51   .17   .55   .40   .49   .19   .30   .35
% NE      3.56  5.07  5.42  5.09  6.39  4.76  4.61  5.09  5.30  2.87  2.64  3.77
MEAN      3.86  4.32  4.62  4.54  3.98  3.50  3.30  3.18  3.35  3.62  3.98  3.95
STD DEV   1.95  2.08  2.11  1.90  1.90  1.56  1.39  1.30  1.39  1.67  1.83  1.93
SKEW       .66   .66   .41   .43   .84   .77   .49   .47   .38  1.09   .54   .96
% ENE     2.22  3.72  4.84  4.16  4.52  3.41  2.65  3.06  3.47  1.85  1.93  2.65
MEAN      4.20  4.44  4.98  4.95  4.17  3.81  3.41  3.17  3.47  3.49  3.88  4.21
STD DEV   1.83  1.74  2.02  2.00  1.55  1.63  1.36  1.29  1.31  1.25  1.48  1.81
SKEW       .50   .21   .35   .65   .39   .53   .33   .40   .43   .29   .49   .30
% E       3.21  4.63  5.49  5.15  5.66  4.13  3.41  3.80  3.49  2.08  2.42  3.35
MEAN      3.93  4.39  4.84  5.09  4.20  3.50  3.18  2.97  3.28  3.22  3.64  3.83
STD DEV   1.84  1.95  1.95  2.20  1.75  1.48  1.22  1.18  1.42  1.36  1.54  1.74
SKEW       .54   .41   .12   .44   .33   .52   .58   .51   .59   .28   .44   .60
% ESE     4.18  5.43  5.88  6.20  5.90  4.81  4.08  4.70  3.90  3.50  3.48  4.46
MEAN      4.49  4.61  5.29  5.34  4.63  4.06  3.50  3.41  3.66  3.75  4.04  4.49
STD DEV   1.89  1.86  2.09  2.02  1.93  1.60  1.35  1.34  1.36  1.54  1.62  1.85
SKEW       .60   .41   .37   .45   .53   .35   .34   .59   .65   .58   .47   .33
% SE      5.33  5.88  7.08  6.88  7.04  7.29  7.28  8.16  7.11  8.07  5.66  7.17
MEAN      4.62  4.51  4.93  5.18  4.80  4.04  3.62  3.68  3.69  3.99  4.24  4.58
STD DEV   2.05  2.04  2.04  2.16  2.13  1.78  1.52  1.51  1.63  1.74  1.84  2.00
SKEW       .39   .51   .35   .30   .56   .61   .60   .55   .67   .71   .43   .66
% SSE     4.89  4.41  5.09  5.59  5.71  6.69  7.22  6.86  6.38  7.33  5.76  5.52
MEAN      5.10  5.04  5.96  6.18  5.55  4.85  4.42  4.48  4.82  4.95  5.13  5.20
STD DEV   2.06  2.15  2.34  2.33  2.23  1.80  1.59  1.79  1.86  1.88  1.93  2.10
SKEW       .35   .33   .30   .31   .56   .24   .25   .58   .53   .36   .29   .33
% S       8.14  7.07  6.93  7.69  9.42 12.97 13.61 12.96 12.21 12.83 10.82  8.84
MEAN      5.30  5.36  5.87  6.23  5.76  5.40  4.84  4.61  5.16  5.52  5.43  5.44
STD DEV   2.35  2.23  2.63  2.53  2.42  2.22  1.93  1.89  2.17  2.24  2.37  2.38
SKEW       .25   .26   .56   .22   .41   .31   .18   .46   .35   .25   .43   .39
% SSW     5.21  4.57  3.74  4.75  6.28  7.90  8.30  7.80  7.48  6.83  6.60  5.13
MEAN      5.62  5.66  6.03  6.94  6.22  5.60  5.34  5.18  5.81  5.97  5.72  5.99
STD DEV   2.37  2.42  2.62  2.71  2.58  2.32  2.02  1.98  2.54  2.41  2.54  2.90
SKEW       .20   .33   .40   .28   .26   .35   .35   .21   .61   .41   .47   .74
% SW      5.03  3.96  3.54  3.72  5.51  6.43  6.30  5.71  5.49  5.42  5.47  5.32
MEAN      4.51  4.76  5.69  5.96  5.83  4.78  4.88  4.76  4.99  5.35  5.22  5.21
STD DEV   2.02  2.27  3.27  2.70  3.65  2.18  2.10  2.07  2.31  2.73  2.71  3.01
SKEW       .52   .60   .75   .32  1.81   .37   .38   .23   .70   .89   .67  1.32
% WSW     4.70  3.38  3.71  2.95  3.49  4.11  3.52  3.62  3.40  3.50  4.02  4.37
MEAN      5.38  5.20  6.11  6.04  6.08  4.86  4.67  4.30  4.94  5.46  5.51  5.48
STD DEV   2.61  2.62  2.82  2.97  3.27  2.02  1.87  1.75  2.21  2.82  2.55  2.82
SKEW       .78   .78   .57   .62  1.41   .35   .53   .49   .44   .67   .53   .78
% W       7.27  6.42  6.08  5.24  4.69  5.17  3.93  3.76  4.24  5.45  8.37  7.46
MEAN      5.32  5.25  5.95  5.96  5.23  4.67  4.08  4.13  4.43  4.63  5.96  5.38
STD DEV   2.78  2.83  3.15  3.14  2.72  2.08  2.02  1.92  2.16  2.28  3.12  2.64
SKEW      1.00  1.42   .74   .78   .73   .52   .68   .70   .87   .72   .94   .65
% WNW     9.93  9.31  7.71  8.26  5.52  5.07  4.73  4.11  5.74  6.66 10.99  9.84
MEAN      6.41  6.40  6.57  7.31  5.97  5.23  4.51  4.50  5.29  5.37  6.52  5.98
STD DEV   2.81  3.00  2.88  3.49  2.86  2.34  2.01  2.05  2.43  2.41  2.89  2.57
SKEW       .46   .59   .46   .53   .65   .50   .62   .73   .77   .58   .64   .50
% NW     12.23 10.75  9.77 10.88  6.34  6.10  5.68  5.38  6.36  8.28 10.56 11.95
MEAN      6.09  6.24  6.51  6.71  5.53  4.70  4.45  4.32  4.84  5.24  6.63  5.92
STD DEV   2.63  2.87  2.96  2.96  2.52  2.17  2.01  1.92  2.08  2.37  2.71  2.53
SKEW       .32   .44   .74   .27   .51   .48   .43   .52   .60   .52   .25   .27
% NNW     9.46  9.04  9.09  8.86  6.14  5.06  5.32  5.19  5.39  7.48  8.87  7.56
MEAN      5.94  5.92  6.16  6.16  5.43  4.95  4.74  4.49  4.70  5.28  5.96  5.69
STD DEV   2.34  2.32  2.39  2.41  2.16  2.06  1.93  1.73  1.88  2.06  2.37  2.12
SKEW       .41   .42   .28   .17   .29   .52   .51   .37   .69   .53   .52   .25
CALM      4.29  4.16  2.95  3.60  5.52  6.74  9.75  8.89  9.31  8.03  4.17  3.56
 
INTERPOLATED DATA (station & weighting factor)
 
---Wind Stations---
IOWA CITY     IA     .439  DUBUQUE       IA     .314  WATERLOO      IA     .247
---Solar Radiation and Max .5 P Stations---
 DUBUQUE, IOWA       .674   DES MOINES, IOWA    .192   CHICAGO, ILLINOIS   .133 
---Dewpoint Stations---
IA DUBUQUE           .532  IL MOLINE            .316  IA DES MOINES        .152 
---Time Peak Stations---
CENTRAL CITY IA      .562  TORONTO IA           .278  BELLEVUE LOCK 12 IA  .160 
