 WINTERSET IA                            139132 0
 LATT=  41.32 LONG= -94.02 YEARS= 45. TYPE= 3
 ELEVATION = 1120. TP5 = 2.68 TP6= 5.16
 MEAN P    .20   .21   .28   .36   .38   .49   .43   .46   .44   .36   .32   .19
 S DEV P   .29   .27   .33   .44   .41   .68   .54   .66   .57   .44   .42   .25
 SKEW  P  4.93  2.77  2.35  2.98  1.81  2.98  2.75  3.01  3.22  2.72  2.58  2.58
 P(W/W)    .25   .35   .41   .44   .48   .41   .40   .41   .44   .39   .38   .33
 P(W/D)    .14   .13   .17   .22   .24   .27   .23   .23   .20   .15   .15   .13
 TMAX AV 30.58 36.09 47.08 63.06 73.54 82.18 86.33 84.05 76.37 65.82 48.73 35.33
 TMIN AV 14.88 17.75 25.80 38.39 49.38 58.56 63.13 60.86 51.94 41.12 27.94 18.14
 SD TMAX 13.27 12.85 13.92 12.15  9.21  7.02  6.47  6.99  8.80 10.72 12.58 12.09
 SD TMIN  9.61 10.18 11.03 10.02  8.90  7.51  6.61  7.20  9.73 10.66 11.02  9.99
 SOL.RAD  179.  256.  332.  409.  488.  543.  539.  472.  376.  279.  195.  147.
 SD SOL   29.6  36.7  58.7  82.2  91.6  88.9  81.6 152.5  77.6  40.6  30.7  30.6
 MX .5 P   .15   .24   .43  1.03   .98  1.46  1.53  1.58  1.10   .65   .34   .29
 DEW PT  14.71 19.02 25.74 37.43 48.43 60.43 64.14 63.28 53.17 42.45 29.14 19.74
Time Pk   .603  .721  .763  .816  .830  .839  .860  .881  .892  .915  .952 1.000
% N       7.11  7.28  7.77  8.25  5.33  5.21  5.27  4.89  4.92  6.87  6.52  6.25
MEAN      5.81  5.54  6.48  5.88  4.84  4.74  4.45  4.44  4.36  4.75  5.55  5.71
STD DEV   2.55  2.20  2.45  2.39  1.94  2.04  1.71  1.96  1.73  1.85  2.58  2.47
SKEW       .30   .17   .16   .26   .29   .37   .30   .37   .29   .32   .39   .36
% NNE     4.44  5.90  5.44  4.89  5.06  5.37  4.34  6.29  5.76  5.67  4.65  4.83
MEAN      5.31  5.96  6.14  5.40  4.91  4.65  4.09  4.05  4.26  4.69  5.12  5.06
STD DEV   2.23  2.43  2.13  2.20  1.84  1.90  1.84  1.68  1.75  1.76  2.21  2.21
SKEW       .30   .24   .00   .20   .02   .26   .52   .41   .38   .11   .26   .26
% NE      4.75  5.36  5.00  5.06  5.34  3.03  3.77  4.86  5.66  2.66  2.28  3.18
MEAN      4.61  4.91  5.13  4.98  4.71  4.52  3.66  3.64  3.62  4.05  3.75  4.05
STD DEV   2.07  2.40  2.15  2.27  2.04  2.09  1.64  1.57  1.58  1.52  1.67  1.92
SKEW       .43   .64   .29   .30   .43   .74   .46   .63   .52   .52   .19   .83
% ENE     2.50  3.53  4.39  3.48  4.32  3.00  3.25  3.52  4.57  1.60  1.60  2.65
MEAN      4.13  4.95  5.70  5.58  4.64  4.27  3.75  3.56  3.76  3.78  3.78  4.00
STD DEV   1.84  2.10  2.33  2.20  2.02  1.87  1.49  1.40  1.49  1.29  1.61  1.85
SKEW       .98   .35   .44   .06   .83   .56   .38   .65   .42   .39   .45   .56
% E       3.34  5.69  6.05  5.84  5.90  4.34  4.13  5.21  4.96  2.07  2.37  3.19
MEAN      3.75  4.94  5.52  6.05  4.76  4.50  3.32  3.74  3.41  3.69  3.64  4.05
STD DEV   1.82  2.09  2.36  2.31  2.03  2.27  1.31  1.49  1.29   .95  1.55  1.81
SKEW       .77   .39   .61   .18   .50  1.20   .37   .52   .47   .38   .88   .66
% ESE     3.23  4.50  5.35  6.16  5.85  5.28  4.12  5.66  5.31  3.47  2.82  4.12
MEAN      3.96  4.82  5.51  5.88  5.35  4.42  3.48  3.83  3.62  3.89  3.94  4.50
STD DEV   1.61  1.83  2.34  2.39  2.27  1.69  1.48  1.39  1.29  1.39  1.54  1.83
SKEW       .38   .26   .79   .22   .40   .31   .91   .56   .45   .19   .43   .25
% SE      5.43  5.67  6.60  7.34  7.97  7.63  8.34  9.36  8.60  7.18  4.43  5.82
MEAN      4.31  4.59  5.40  5.46  4.79  4.68  3.63  3.83  3.75  4.28  4.11  4.42
STD DEV   1.75  1.71  2.09  2.28  2.10  1.89  1.46  1.40  1.43  1.49  1.68  1.90
SKEW       .61   .26   .14   .43   .50   .58   .74   .62   .79   .33   .35   .47
% SSE     8.15  6.53  6.86  6.87 10.04 10.85 12.59 10.81 11.01 10.81  7.27  6.59
MEAN      5.07  4.60  5.70  5.58  5.66  4.98  4.12  4.02  4.25  4.57  4.57  4.66
STD DEV   2.10  1.81  2.22  2.12  2.38  2.15  1.59  1.48  1.55  1.82  1.69  1.92
SKEW       .50   .44   .49   .46   .48   .47   .60   .67   .54   .87   .21   .43
% S       8.38  6.88  6.40  7.53  9.90 13.87 13.10 12.82 12.45 14.70 10.13  8.35
MEAN      4.92  4.67  5.56  5.65  5.16  5.17  4.32  4.07  4.59  4.77  4.90  4.59
STD DEV   1.93  1.80  2.35  2.36  2.26  2.03  1.81  1.64  1.77  1.91  1.99  2.02
SKEW       .43   .36   .64   .72   .61   .47   .58   .84   .40   .74   .51   .73
% SSW     7.41  5.98  5.63  5.72  6.80 11.17  9.21  7.97  6.47 10.15  8.59  6.39
MEAN      5.73  4.84  6.61  6.88  6.10  5.84  4.80  4.44  5.17  5.34  5.60  4.87
STD DEV   2.63  2.04  3.25  2.73  3.30  2.42  2.05  1.81  2.21  2.27  2.28  2.00
SKEW       .60   .67   .95   .42  1.62   .33   .39   .45   .44   .77   .39   .48
% SW      5.05  4.15  3.71  3.58  5.01  5.89  5.41  6.00  3.47  5.17  4.70  4.74
MEAN      4.87  4.77  6.39  5.69  5.66  4.98  4.03  4.05  4.32  4.66  4.62  4.60
STD DEV   2.15  2.44  3.51  2.82  3.43  2.31  1.98  1.78  1.96  2.17  2.29  2.10
SKEW       .93  1.29   .68   .61  1.05   .42  1.00   .54   .69   .85   .94   .85
% WSW     3.84  2.86  2.90  2.32  3.34  3.38  2.96  3.15  2.65  2.84  3.47  4.71
MEAN      4.49  4.39  5.73  5.64  5.74  4.51  3.70  3.87  3.76  4.04  4.68  4.68
STD DEV   1.89  2.08  3.25  2.93  3.43  2.00  1.64  1.72  1.66  1.84  2.45  2.02
SKEW       .72   .67   .60   .96   .85   .59   .51   .67   .74   .64  1.20   .66
% W       4.93  3.70  4.37  3.94  4.27  3.80  4.08  3.18  3.65  3.54  5.34  5.03
MEAN      4.30  4.07  5.76  5.51  5.08  4.36  3.36  3.53  3.99  4.13  4.50  4.74
STD DEV   1.89  2.10  2.97  3.54  3.25  1.89  1.58  1.59  2.51  2.14  2.18  2.24
SKEW       .55  1.10   .47  1.36   .97   .38   .89  1.00  1.81   .82   .91   .79
% WNW     7.94  7.90  7.23  6.64  4.95  3.58  4.54  3.28  4.68  5.56  9.10  7.70
MEAN      6.21  5.58  6.91  7.40  5.53  4.63  3.92  3.87  4.34  4.92  6.13  5.65
STD DEV   3.07  2.76  3.01  3.52  2.67  2.36  1.82  1.99  2.02  2.50  3.06  2.35
SKEW       .55   .83   .37   .28   .45   .74   .79  1.32   .67   .85   .74   .29
% NW     11.50 12.57 11.47 11.15  7.16  4.54  4.66  3.69  5.76  7.03 11.81 10.54
MEAN      6.62  6.35  7.41  7.18  5.72  4.50  4.00  3.90  4.49  5.23  6.54  6.08
STD DEV   2.86  2.91  3.30  3.33  2.76  2.11  2.04  1.85  2.04  2.50  2.95  2.61
SKEW       .25   .40   .46   .56   .49   .75  1.09  1.09   .80   .61   .50   .30
% NNW     9.40  8.81  8.45  9.28  5.97  6.23  4.94  4.70  5.90  7.27 12.22 12.90
MEAN      6.68  6.18  7.18  6.95  5.54  5.21  4.27  4.14  4.81  5.65  6.68  6.25
STD DEV   2.67  2.57  3.14  2.59  2.40  2.31  1.81  1.76  1.94  2.54  2.76  2.57
SKEW       .14   .54   .51   .35   .53   .37   .60   .49   .32   .34   .32   .35
CALM      2.66  2.69  2.41  1.95  2.76  2.82  5.38  4.55  4.19  3.36  2.72  2.93
 
INTERPOLATED DATA (station & weighting factor)
 
---Wind Stations---
DES MOINES    IA     .564  LAMONI        IA     .296  OMAHA/OFFUTT  NB     .140
---Solar Radiation and Max .5 P Stations---
 DES MOINES, IOWA    .792   KANSAS CITY, MISSO  .123   GRAND ISLAND, NEBR  .085 
---Dewpoint Stations---
IA DES MOINES        .688  NE OMAHA             .170  MO ST. JOSEPH        .142 
---Time Peak Stations---
SAINT CHARLES IA     .544  GREENFIELD IA        .268  ANKENY 3 S IA        .188 
