 LAKE PARK IA                            134561 0
 LATT=  43.45 LONG= -95.32 YEARS= 45. TYPE= 3
 ELEVATION = 1480. TP5 = 2.49 TP6= 4.53
 MEAN P    .14   .20   .28   .30   .34   .46   .45   .43   .38   .31   .26   .19
 S DEV P   .25   .26   .29   .37   .39   .60   .66   .58   .49   .38   .36   .29
 SKEW  P  5.34  2.56  1.91  2.44  2.25  3.49  2.83  2.70  2.77  2.39  2.69  3.60
 P(W/W)    .21   .28   .39   .40   .42   .46   .38   .36   .44   .38   .30   .29
 P(W/D)    .12   .11   .15   .22   .27   .24   .21   .22   .20   .13   .13   .10
 TMAX AV 23.50 28.99 39.28 56.86 70.44 79.53 83.78 81.42 72.74 60.88 42.14 28.08
 TMIN AV 12.06 14.10 21.30 34.75 46.86 56.70 61.24 58.68 48.90 37.61 23.96 13.80
 SD TMAX 12.29 12.45 12.61 13.16 10.52  8.26  6.66  7.66  9.78 11.61 12.76 11.65
 SD TMIN  7.60  9.20 10.46  8.78  8.42  6.68  5.82  6.44  8.51  9.10 10.13  8.80
 SOL.RAD  171.  259.  361.  433.  498.  549.  557.  491.  385.  270.  174.  137.
 SD SOL   23.6  27.4  42.6  70.7  87.5  87.7  75.7 140.8  70.8  35.6  28.8  25.2
 MX .5 P   .10   .17   .24   .76   .99  1.48  1.11  1.49   .64   .55   .23   .14
 DEW PT   6.93 12.94 21.37 32.59 44.37 56.47 61.03 60.03 49.03 38.68 24.47 13.93
Time Pk   .644  .747  .798  .850  .864  .874  .896  .905  .913  .931  .959 1.000
% N       4.95  5.76  6.29  7.11  6.87  4.69  5.04  5.06  4.56  5.45  4.53  4.49
MEAN      5.11  5.24  6.11  6.08  5.32  4.59  4.14  4.06  4.14  4.65  5.24  5.05
STD DEV   2.40  2.41  2.82  2.94  2.51  2.19  1.76  1.90  1.93  2.14  2.43  2.36
SKEW       .57   .53   .36   .55   .47   .63   .46   .61   .55   .51   .91   .45
% NNE     3.28  4.77  5.19  4.87  6.27  4.12  4.32  4.12  3.66  3.97  3.19  3.36
MEAN      4.62  5.55  5.94  5.83  5.16  4.37  3.97  3.79  3.99  4.52  5.42  4.83
STD DEV   2.28  2.74  2.83  2.74  2.21  1.97  1.86  1.71  1.78  2.08  2.66  2.18
SKEW       .60   .61   .55   .44   .33   .57   .68   .63   .50   .69   .58   .44
% NE      2.80  4.78  4.57  4.21  5.34  4.98  4.27  4.69  3.81  2.92  2.70  3.17
MEAN      4.18  5.14  5.25  4.99  4.63  4.01  3.59  3.44  3.63  3.70  3.97  4.37
STD DEV   2.25  2.87  2.63  2.41  2.14  1.87  1.76  1.65  1.81  1.75  1.83  2.32
SKEW       .76   .78   .60   .28   .34   .61   .63   .72   .80   .75   .48   .74
% ENE     2.26  3.78  4.83  4.56  4.90  4.14  3.68  3.96  3.26  1.98  2.02  2.50
MEAN      4.31  5.83  6.12  6.32  5.16  4.59  4.12  3.77  3.92  3.90  4.42  4.39
STD DEV   2.25  2.80  2.96  3.00  2.22  1.97  1.85  1.65  1.71  1.58  1.95  2.12
SKEW       .75   .46   .63   .51   .44   .65   .70   .46   .40   .38   .51   .69
% E       2.58  3.05  4.80  4.42  4.46  4.60  3.90  4.55  3.56  2.14  2.14  2.71
MEAN      4.47  4.81  5.29  5.89  4.99  4.38  3.78  3.61  3.79  3.59  4.35  4.21
STD DEV   2.43  2.64  2.60  3.00  2.22  1.97  1.73  1.69  1.64  1.49  1.82  1.98
SKEW       .92  1.12   .63   .47   .41   .62   .67   .75   .41   .57   .46   .47
% ESE     4.96  4.61  7.23  5.89  6.49  6.74  5.20  5.66  4.96  3.87  3.40  4.52
MEAN      4.74  5.05  5.57  5.78  5.55  4.88  4.02  4.04  4.07  4.17  4.56  4.89
STD DEV   2.01  2.25  2.29  2.60  2.55  2.10  1.68  1.71  1.72  1.83  1.92  2.18
SKEW       .42   .60   .35   .45   .50   .46   .66   .63   .61   .71   .36   .59
% SE      5.48  5.90  6.18  6.39  6.08  7.47  7.49  9.65  6.85  7.42  5.42  5.85
MEAN      4.89  4.99  5.54  5.84  5.49  5.03  4.44  4.32  4.49  4.83  4.57  4.94
STD DEV   2.33  2.34  2.48  2.72  2.49  2.28  1.93  1.93  1.92  2.29  2.01  2.29
SKEW       .76   .51   .49   .36   .47   .44   .46   .57   .48   .58   .37   .52
% SSE     7.14  6.92  6.14  7.19  8.23  9.30 11.17 11.49 11.13 10.74  7.55  7.58
MEAN      5.68  5.72  5.98  6.35  6.74  6.07  5.35  5.15  5.52  5.58  5.67  5.56
STD DEV   2.49  2.48  2.48  2.70  2.92  2.54  2.20  2.18  2.23  2.32  2.41  2.40
SKEW       .38   .31   .24   .27   .49   .23   .49   .51   .39   .40   .40   .46
% S       6.78  5.78  5.24  6.63  7.99 10.12 12.45 12.63 10.90  9.83  7.94  6.71
MEAN      5.13  4.90  5.26  6.09  6.26  6.12  5.31  4.99  5.31  5.42  5.11  5.02
STD DEV   2.39  2.36  2.54  2.96  2.62  2.77  2.28  2.17  2.32  2.47  2.17  2.19
SKEW       .46   .62   .56   .45   .21   .31   .45   .45   .44   .58   .39   .36
% SSW     5.12  4.04  3.50  5.24  5.31  7.30  7.94  7.44  6.59  7.15  6.64  5.51
MEAN      4.80  4.92  5.15  5.90  5.95  5.82  5.15  5.09  5.36  5.42  5.31  4.77
STD DEV   2.17  2.14  2.25  2.71  2.71  2.49  2.27  2.24  2.46  2.45  2.37  2.20
SKEW       .66   .40   .44   .41   .34   .24   .43   .35   .47   .89   .36   .72
% SW      4.58  4.53  3.10  3.28  3.79  5.05  4.53  4.80  4.95  5.03  5.29  5.45
MEAN      3.96  4.23  4.15  4.61  4.95  4.48  3.93  4.11  4.00  4.21  4.06  4.16
STD DEV   1.71  1.98  2.05  2.20  2.73  2.10  2.03  2.02  2.00  2.05  1.90  1.92
SKEW       .58   .64   .83   .55   .76   .67   .86   .73   .86   .80   .86   .89
% WSW     4.37  4.62  3.45  2.96  4.15  5.30  3.35  2.86  4.51  4.33  5.50  5.45
MEAN      4.54  4.70  4.91  5.36  6.28  5.35  3.99  3.97  4.59  4.67  4.66  4.79
STD DEV   2.07  2.14  2.21  2.62  3.50  2.63  1.85  1.74  2.24  2.24  2.13  2.08
SKEW       .69   .80   .63   .64  1.09   .82   .62   .43  1.04   .75   .73   .72
% W       6.61  5.82  5.55  4.20  4.52  5.06  4.58  3.78  5.62  5.72  6.85  6.50
MEAN      4.80  4.70  5.19  5.89  5.25  4.99  3.83  3.81  4.48  4.73  5.14  5.00
STD DEV   2.42  2.38  2.67  3.28  2.93  2.63  1.86  1.84  2.24  2.41  2.65  2.36
SKEW       .95  1.09   .98   .74   .85  1.04   .86   .95   .84  1.01   .91   .66
% WNW    13.66 11.27 10.09  8.76  7.14  6.28  5.69  4.31  7.74  8.60 12.94 12.50
MEAN      6.60  6.39  6.77  7.36  6.53  5.95  4.75  4.73  5.69  5.94  7.08  6.38
STD DEV   2.94  3.01  3.12  3.41  3.15  2.91  2.21  2.19  2.70  2.67  3.16  2.71
SKEW       .42   .74   .56   .41   .49   .61   .66   .60   .88   .56   .63   .29
% NW     13.49 12.54 12.46 11.95  8.33  6.27  6.47  5.54  7.71 10.04 13.19 13.06
MEAN      6.71  6.35  7.01  7.51  6.27  5.44  4.75  4.60  5.40  6.13  7.28  6.40
STD DEV   2.99  2.64  3.04  3.30  3.09  2.51  2.26  2.19  2.46  2.86  3.30  2.78
SKEW       .58   .32   .47   .35   .58   .30   .46   .67   .57   .48   .57   .35
% NNW     8.54  8.38  8.62  9.67  7.02  5.03  4.79  4.08  5.32  6.91  7.93  7.63
MEAN      6.77  6.41  7.22  7.48  6.35  5.47  4.95  4.83  5.35  6.02  6.97  6.27
STD DEV   2.98  2.72  3.13  3.00  2.71  2.34  2.11  2.21  2.22  2.71  3.07  2.70
SKEW       .41   .57   .78   .32   .20   .26   .31   .42   .34   .49   .53   .34
CALM      3.47  3.41  2.72  2.64  3.17  3.54  5.07  5.37  4.93  3.84  2.66  2.98
 
INTERPOLATED DATA (station & weighting factor)
 
---Wind Stations---
SIOUX FALLS   SD     .380  REDWOOD FALLS MN     .353  MASON CITY    IA     .267
---Solar Radiation and Max .5 P Stations---
 MINNEAPOLIS, MINNE  .355   DES MOINES, IOWA    .323   HURON, SOUTH DAKOT  .322 
---Dewpoint Stations---
SD SIOUX FALLS       .439  IA SIOUX CITY        .343  MN MINN.-ST. PAUL    .218 
---Time Peak Stations---
LAKEFIELD MN         .383  WORTHINGTON 2 NNE M  .334  SPENCER IA           .283 
