 BURLEY CAA AP ID                        101303 0
 LATT=  42.53 LONG=-113.77 YEARS= 45. TYPE= 3
 ELEVATION = 4150. TP5 =  .91 TP6= 1.97
 MEAN P    .11   .10   .11   .13   .16   .15   .13   .13   .14   .14   .12   .11
 S DEV P   .14   .14   .14   .15   .19   .16   .17   .19   .15   .15   .13   .15
 SKEW  P  2.68  5.20  3.23  1.98  2.67  1.92  2.56  2.83  1.85  2.05  2.20  4.57
 P(W/W)    .51   .49   .41   .41   .47   .43   .25   .40   .40   .36   .46   .47
 P(W/D)    .23   .19   .20   .17   .16   .14   .07   .08   .08   .10   .20   .22
 TMAX AV 34.98 42.10 49.84 59.91 68.61 78.01 87.23 85.62 75.82 63.94 47.79 37.48
 TMIN AV 17.20 22.77 27.01 33.04 40.74 47.85 53.69 51.23 42.61 33.49 25.87 19.42
 SD TMAX 10.76 10.70  9.93 10.36 10.72 10.07  7.03  7.63 10.40 11.21 10.79 10.18
 SD TMIN 12.76  9.75  6.93  6.89  6.56  6.44  5.88  6.18  7.13  7.17  8.88 10.20
 SOL.RAD  156.  242.  351.  471.  564.  609.  622.  551.  441.  296.  183.  132.
 SD SOL   32.8  37.5  49.5  60.6  67.1  68.3  55.0 110.7  55.9  31.6  30.4  31.5
 MX .5 P   .10   .17   .15   .17   .17   .28   .41   .32   .27   .38   .12   .08
 DEW PT  18.64 22.90 25.18 29.64 35.95 39.95 42.40 41.85 35.87 31.87 27.18 22.89
Time Pk   .801  .885  .905  .929  .935  .935  .935  .937  .944  .959  .975 1.000
% N       2.86  2.99  2.87  2.99  3.76  3.88  5.30  4.32  5.52  3.37  3.08  2.42
MEAN      2.44  2.69  2.96  3.17  3.25  3.07  3.03  2.98  2.72  2.35  2.56  2.73
STD DEV   1.10  1.34  1.61  1.51  1.72  1.36  1.46  1.33  1.40  1.02  1.18  1.41
SKEW       .96  1.21  1.64   .75  1.00   .75   .94   .89  1.87  1.06  1.06   .71
% NNE     1.80  1.97  1.72  1.66  2.04  1.81  2.19  1.91  2.15  2.22  1.81  1.70
MEAN      2.82  3.63  3.01  3.42  3.31  3.25  3.17  2.98  2.75  2.64  2.67  3.73
STD DEV   1.23  1.65  1.49  1.62  1.52  1.48  1.40  1.11  1.34  1.14  1.12  1.38
SKEW       .56   .69   .83   .71   .46   .79   .61   .36   .65   .50   .99   .32
% NE      3.50  3.09  3.27  2.66  3.07  3.30  4.06  3.89  3.76  3.55  3.25  3.33
MEAN      2.71  2.71  2.76  3.17  2.94  2.85  2.92  2.88  2.96  2.64  2.71  2.35
STD DEV   1.19  1.37  1.21  1.40  1.27  1.19  1.23  1.22  1.34  1.17  1.20  1.12
SKEW       .97  1.08   .78   .87   .67   .67   .77  1.18   .88   .93   .83  1.04
% ENE     4.29  4.30  4.28  2.82  2.48  2.24  2.31  2.50  2.39  3.21  3.18  3.25
MEAN      5.60  5.08  4.80  4.22  3.90  3.63  3.64  3.69  3.69  3.89  3.88  4.90
STD DEV   2.60  2.28  2.09  1.95  1.69  1.57  1.43  1.66  1.58  1.67  2.40  2.11
SKEW       .44   .32   .51   .48   .53   .13   .13   .47   .54   .37  1.20   .38
% E      27.19 25.99 17.55 13.00 11.67  9.33  9.97 12.09 14.07 19.36 24.98 27.43
MEAN      5.17  5.11  4.70  4.47  4.01  3.89  3.67  4.21  4.09  4.36  4.52  5.36
STD DEV   2.22  2.04  1.93  1.94  1.73  1.65  1.58  1.80  1.70  1.71  1.89  2.10
SKEW       .29   .46   .54   .33   .61   .53   .58   .49   .52   .34   .52   .29
% ESE     6.17  7.52  7.02  5.89  6.15  4.91  5.72  6.44  6.63 10.07 10.76  8.98
MEAN      4.43  4.68  4.59  4.47  4.41  4.31  4.20  4.35  4.17  4.37  4.35  4.76
STD DEV   1.69  1.70  1.78  1.86  1.76  1.62  1.71  1.54  1.57  1.53  1.59  1.86
SKEW       .41   .12   .41   .18   .46   .32   .43   .09   .29   .09   .40   .62
% SE      3.10  4.00  3.53  4.32  5.36  4.59  5.05  6.04  4.87  5.16  4.56  3.89
MEAN      3.26  3.80  3.89  4.03  4.20  4.11  3.98  4.06  3.73  3.51  3.29  3.73
STD DEV   1.53  1.69  2.03  1.74  1.94  1.98  1.86  1.76  1.70  1.47  1.36  1.82
SKEW       .60   .39   .75   .45   .72   .78   .54   .44   .91   .44   .58   .94
% SSE     1.84  2.19  1.72  2.78  3.06  3.28  4.33  4.25  3.19  2.45  1.95  1.54
MEAN      6.14  4.99  4.62  4.99  5.31  4.89  4.90  4.98  4.48  4.75  4.00  5.45
STD DEV   3.86  1.88  2.11  2.26  2.37  2.20  2.24  2.24  1.98  2.22  1.70  2.74
SKEW      1.04  -.37   .13   .53   .60   .87   .90   .28   .64   .11   .27   .43
% S       5.21  4.92  4.87  4.63  4.72  5.29  5.40  6.05  5.13  4.85  5.25  4.72
MEAN      4.14  3.92  4.18  4.94  4.17  3.85  4.30  4.47  3.78  3.76  3.97  4.38
STD DEV   2.04  2.03  2.33  2.05  2.15  2.09  2.32  2.22  1.96  1.89  1.73  1.76
SKEW      1.24  1.14   .60   .23   .72   .89   .83   .82   .68   .39   .31   .32
% SSW     3.83  4.17  4.18  4.02  4.26  4.50  4.18  4.38  3.96  4.15  4.49  3.58
MEAN      4.49  4.00  3.94  4.22  4.34  4.92  4.29  4.30  3.49  4.39  3.62  4.86
STD DEV   2.12  1.36  1.61  1.83  2.02  1.76  1.62  1.69  2.06  2.17  1.57  3.74
SKEW       .33   .40   .33   .49   .32   .28   .49   .36   .79   .94   .18   .55
% SW      7.20  6.59  7.16  7.73  8.05  8.13  7.16  7.31  7.61  6.90  6.98  6.79
MEAN      3.63  4.22  4.63  4.51  4.00  4.00  3.74  3.56  3.84  3.52  3.44  5.21
STD DEV   1.49  1.05  2.10  2.00  1.72  1.77  1.79  1.59  1.64  1.64  1.14  2.36
SKEW      1.13   .23   .43   .54   .47   .86   .89   .97   .54   .65   .24   .01
% WSW     5.96  6.48  8.46  9.06  8.92  8.58  7.71  6.57  6.59  6.99  5.88  5.93
MEAN      5.94  5.60  6.18  5.88  5.71  5.57  4.73  4.76  4.82  5.04  5.83  6.28
STD DEV   2.96  2.42  2.76  2.37  2.59  2.53  2.23  2.07  2.20  2.64  2.49  2.73
SKEW       .46   .38   .57   .47   .74   .63   .81   .58   .59   .94   .41   .57
% W      11.68 11.19 15.25 16.18 16.92 17.49 12.89 13.05 12.95 11.92 11.80 12.48
MEAN      5.10  5.57  6.00  6.45  5.54  5.37  4.62  4.50  4.69  5.26  5.66  5.68
STD DEV   2.88  2.93  2.99  3.21  2.61  2.48  2.25  2.15  2.28  2.93  3.15  3.11
SKEW       .91   .66   .72   .60   .60   .52   .67   .72   .60  1.05   .74  1.05
% WNW     4.55  5.39  8.21  9.39  7.87  8.61  8.40  6.76  6.04  4.99  3.47  4.37
MEAN      5.50  5.40  6.06  6.11  5.71  5.58  5.31  5.05  4.74  4.73  5.46  5.30
STD DEV   2.75  2.55  2.82  2.86  2.67  2.36  2.38  2.37  2.24  2.35  2.76  2.52
SKEW       .89   .60   .68   .79   .55   .67   .59   .66   .57   .85   .97   .73
% NW      4.65  4.18  4.91  6.30  5.17  6.78  7.00  6.70  7.06  4.42  2.85  3.58
MEAN      3.53  3.88  4.42  4.46  4.57  4.42  4.11  3.93  4.07  3.35  3.72  3.53
STD DEV   1.83  2.16  2.13  2.28  2.42  2.27  2.04  1.99  2.07  1.66  1.95  1.73
SKEW       .75   .77   .50   .56  1.07   .77   .77   .72   .77   .61   .84   .72
% NNW     1.81  1.57  2.36  3.75  3.62  3.73  4.60  3.70  3.52  2.33  1.77  1.74
MEAN      3.56  3.27  3.64  4.54  4.23  4.40  4.14  3.99  3.75  3.72  3.20  3.55
STD DEV   1.48  1.11  1.55  2.12  1.89  2.01  1.80  1.86  1.45  1.64  1.23  1.64
SKEW       .46  -.07   .50   .58   .60   .85   .59   .58   .09   .41   .34   .38
CALM      4.32  3.56  2.63  2.71  2.87  3.58  3.78  3.96  4.53  4.17  3.94  4.30
 
INTERPOLATED DATA (station & weighting factor)
 
---Wind Stations---
STREVILL      ID     .401  GOODING       ID     .318  POCATELLO     ID     .281
---Solar Radiation and Max .5 P Stations---
 POCATELLO, IDAHO    .533   BOISE, IDAHO        .242   SALT LAKE CITY, UT  .225 
---Dewpoint Stations---
ID POCATELLO         .533  ID BOISE             .242  UT SALT LAKE CITY    .225 
---Time Peak Stations---
GOODING 1 S ID       .430  CONTACT NV           .323  PLYMOUTH UT          .247 
