 HOOPESTON IL                            114198 0
 LATT=  40.47 LONG= -87.67 YEARS= 91. TYPE= 3
 ELEVATION =  720. TP5 = 2.23 TP6= 4.40
 MEAN P    .24   .24   .29   .33   .35   .41   .42   .40   .41   .35   .31   .26
 S DEV P   .32   .32   .37   .39   .45   .53   .53   .54   .50   .47   .39   .33
 SKEW  P  2.46  2.57  2.93  2.40  2.68  2.91  2.38  2.72  1.97  2.57  2.34  2.64
 P(W/W)    .40   .36   .42   .49   .50   .44   .39   .38   .40   .44   .43   .40
 P(W/D)    .23   .24   .29   .30   .28   .27   .24   .23   .22   .20   .23   .24
 TMAX AV 34.02 37.66 49.42 62.53 73.83 83.07 86.80 84.49 78.12 66.06 50.40 37.26
 TMIN AV 18.07 20.88 30.14 40.14 50.35 59.73 63.54 61.62 54.69 43.42 32.64 22.13
 SD TMAX 11.62 11.52 12.86 11.38 10.05  7.91  6.57  6.61  9.01 10.81 11.84 11.32
 SD TMIN 12.97 12.17 10.45  9.67  9.39  7.74  6.52  7.00  9.38  9.65 10.52 12.10
 SOL.RAD  125.  191.  285.  375.  467.  514.  519.  460.  373.  264.  159.  114.
 SD SOL   52.5  63.5  79.0  98.1 102.0 101.2  91.3 171.9  82.4  50.6  47.6  46.6
 MX .5 P   .44   .48   .52  1.14   .73  2.08  1.74  1.71  1.10   .57   .51   .35
 DEW PT  21.22 22.29 28.97 38.97 48.03 58.84 63.44 62.76 54.08 44.08 31.81 23.29
Time Pk   .627  .724  .771  .816  .826  .839  .854  .870  .883  .906  .940 1.000
% N       5.29  5.32  5.43  5.98  6.16  5.21  5.69  6.65  5.10  4.92  3.59  3.40
MEAN      5.20  5.36  5.42  5.33  4.98  4.13  3.80  3.80  4.29  4.51  4.97  4.86
STD DEV   2.00  2.42  2.36  2.10  2.09  1.73  1.52  1.54  1.69  1.78  2.17  2.21
SKEW       .41   .50   .56   .55   .35   .36   .44   .52   .38   .30   .45   .57
% NNE     4.31  4.55  5.83  7.15  7.98  5.91  6.51  7.29  5.31  5.19  2.50  2.78
MEAN      5.00  5.07  5.36  5.37  5.12  4.47  4.17  3.97  4.33  4.47  4.65  5.15
STD DEV   2.01  2.32  2.17  1.96  1.99  1.77  1.61  1.62  1.81  1.71  1.78  2.25
SKEW       .47   .89   .49   .30   .32   .41   .48   .51   .40   .55   .45   .33
% NE      3.23  4.37  5.30  5.32  6.31  5.36  6.63  7.28  5.54  4.47  2.36  2.40
MEAN      4.87  4.93  5.32  5.29  4.72  4.02  3.64  3.81  4.02  3.87  4.21  4.76
STD DEV   2.14  2.07  2.14  2.18  1.87  1.68  1.40  1.51  1.64  1.75  1.63  2.22
SKEW       .50   .47   .36   .32   .35   .67   .18   .39   .69   .65   .66   .66
% ENE     3.56  4.83  5.43  5.36  5.44  4.31  4.88  5.21  4.39  3.59  2.03  2.59
MEAN      4.82  5.31  5.78  5.48  4.73  4.11  3.64  3.79  3.96  4.05  4.30  4.69
STD DEV   1.92  2.26  2.24  2.22  1.89  1.66  1.45  1.45  1.72  1.77  2.01  1.98
SKEW       .39   .51   .32   .32   .42   .36   .35   .21   .66   .66   .66   .74
% E       2.71  3.76  3.87  4.43  3.81  3.25  3.64  3.49  3.14  3.17  1.63  2.46
MEAN      4.61  4.72  5.45  5.16  4.39  3.63  3.03  3.06  3.20  3.33  3.46  4.24
STD DEV   1.76  1.95  2.33  2.21  1.92  1.57  1.33  1.35  1.39  1.43  1.53  1.74
SKEW       .11   .34   .43   .35   .33   .57   .50   .48   .43   .37   .26   .35
% ESE     3.52  3.45  3.80  4.28  3.83  2.96  3.05  2.97  2.98  3.07  2.01  3.13
MEAN      4.80  4.99  5.33  5.24  4.54  3.90  3.32  3.51  3.46  3.70  3.81  4.44
STD DEV   1.68  1.89  2.13  2.25  1.86  1.53  1.32  1.42  1.37  1.60  1.55  1.54
SKEW       .27   .24   .44   .42   .39   .21   .33   .15   .35   .68   .63   .32
% SE      4.11  3.91  4.09  4.34  4.39  4.19  4.37  4.13  4.63  4.72  3.55  5.08
MEAN      4.93  4.95  4.96  5.02  4.33  3.83  3.37  3.28  3.55  3.58  4.19  4.84
STD DEV   2.18  1.97  2.06  2.41  1.98  1.71  1.31  1.30  1.53  1.68  1.84  1.99
SKEW       .77   .39   .44   .80   .72   .68   .34   .39   .82   .82   .51   .50
% SSE     5.66  5.71  5.98  5.74  5.42  6.78  5.60  4.80  6.69  6.84  6.02  6.89
MEAN      5.60  5.80  5.82  5.62  4.91  4.62  3.67  3.79  4.10  4.50  5.18  5.37
STD DEV   2.26  2.36  2.49  2.35  2.23  2.04  1.49  1.65  1.87  2.14  2.32  2.18
SKEW       .36   .44   .47   .58   .63   .71   .21   .51   .69   .75   .54   .29
% S       8.10  5.96  6.40  6.75  7.68  9.42  8.73  7.17  9.55  8.96  8.86  8.84
MEAN      5.88  5.65  6.23  6.13  5.10  4.68  3.98  3.57  4.52  4.65  5.52  5.53
STD DEV   2.73  2.42  2.82  2.67  2.46  2.09  1.85  1.63  2.24  2.30  2.78  2.63
SKEW       .64   .46   .31   .47   .73   .61   .65   .69   .82  1.02   .71   .67
% SSW    10.75  8.88  7.41  8.48  9.62 11.51 10.59  8.29  9.24 10.77 11.40 11.20
MEAN      6.32  6.33  6.75  6.79  6.12  5.59  4.79  4.20  5.14  5.55  6.05  6.28
STD DEV   2.73  2.52  2.98  2.81  2.79  2.25  2.02  1.85  2.17  2.49  2.63  2.63
SKEW       .83   .39   .30   .33   .54   .36   .37   .47   .36   .50   .51   .33
% SW      6.84  6.98  5.62  5.75  7.64  9.28  9.15  8.18  7.64  8.27  9.50  8.92
MEAN      5.63  5.71  6.16  6.13  5.36  5.19  4.57  4.25  4.53  4.98  5.39  5.54
STD DEV   2.52  2.55  2.88  2.81  2.59  2.28  2.07  1.81  2.16  2.42  2.81  2.54
SKEW       .57   .77   .49   .68   .69   .55   .63   .34   .61   .66  1.11   .73
% WSW     7.12  6.67  8.39  6.70  6.70  6.66  5.93  5.62  5.23  4.78  9.01  8.93
MEAN      6.08  6.04  6.60  6.33  5.63  5.13  4.57  4.24  4.36  4.55  5.67  5.72
STD DEV   3.00  2.77  2.88  3.07  2.40  2.25  1.94  1.70  1.92  2.16  2.52  2.65
SKEW       .90   .76   .45   .78   .51   .47   .53   .44   .65   .61   .58   .94
% W       7.57  7.30  6.87  5.86  4.49  4.62  4.21  3.94  4.62  5.24  9.08  7.38
MEAN      5.85  5.57  6.03  6.45  5.06  4.54  3.98  3.72  3.90  4.49  5.44  5.35
STD DEV   2.67  2.46  2.78  3.11  2.48  2.05  1.86  1.70  1.92  2.36  2.49  2.50
SKEW       .63   .66   .51   .61   .59   .53   .72   .73   .95   .79   .59   .81
% WNW     8.25  9.61  8.11  8.16  5.33  3.95  3.32  3.72  5.29  5.51  9.47  9.59
MEAN      6.30  6.26  6.38  6.53  5.35  4.78  4.17  4.23  4.58  5.15  5.95  5.70
STD DEV   2.38  2.41  2.50  2.44  2.28  1.99  1.74  1.67  1.93  2.34  2.34  2.22
SKEW       .47   .43   .41   .37   .58   .42   .50   .39   .60   .42   .35   .42
% NW      8.29  7.99  7.31  5.89  5.03  4.35  3.77  4.18  5.40  5.93  7.72  6.99
MEAN      6.07  5.89  5.88  6.07  4.81  4.32  4.19  3.93  4.33  4.97  5.73  5.42
STD DEV   2.21  2.30  2.45  2.47  2.04  1.83  1.69  1.63  1.70  2.08  2.38  2.14
SKEW       .23   .20   .51   .38   .50   .45   .30   .51   .49   .31   .40   .41
% NNW     6.59  6.21  5.81  5.70  5.13  4.07  3.82  3.90  4.72  5.01  5.69  4.44
MEAN      5.79  5.75  5.79  6.05  5.08  4.48  4.30  4.07  4.75  5.21  5.81  5.47
STD DEV   2.11  2.28  2.33  2.35  1.93  1.77  1.58  1.62  1.82  2.02  2.24  2.35
SKEW       .44   .45   .35   .27   .33   .33   .23   .28   .36   .40   .51   .61
CALM      4.20  4.44  4.36  4.01  5.02  8.15 10.12 13.22 10.60  9.67  5.54  4.94
 
INTERPOLATED DATA (station & weighting factor)
 
---Wind Stations---
RANTOUL       IL     .479  W. LAFAYETTE  IN     .345  JOLIET        IL     .176
---Solar Radiation and Max .5 P Stations---
 INDIANAPOLIS, INDI  .396   CHICAGO, ILLINOIS   .391   EVANSVILLE, INDIAN  .213 
---Dewpoint Stations---
IN TERRE HAUTE       .403  IL CHICAGO           .322  IL PEORIA            .275 
---Time Peak Stations---
HOOPESTON IL        1.000  KENTLAND IN          .000  PIPER CITY IL        .000 
