 SPARTA IL                               118147 0
 LATT=  38.13 LONG= -89.70 YEARS= 92. TYPE= 3
 ELEVATION =  540. TP5 = 2.48 TP6= 5.10
 MEAN P    .32   .30   .38   .38   .42   .39   .45   .49   .44   .45   .42   .35
 S DEV P   .43   .38   .49   .48   .53   .50   .57   .66   .54   .56   .52   .48
 SKEW  P  2.99  2.49  3.19  2.47  2.57  3.01  2.58  3.32  1.92  2.50  2.46  4.22
 P(W/W)    .42   .39   .44   .48   .47   .43   .38   .38   .42   .43   .42   .44
 P(W/D)    .20   .23   .26   .29   .27   .24   .21   .20   .20   .17   .20   .20
 TMAX AV 41.71 46.10 57.03 68.41 77.67 86.47 90.96 89.22 82.83 71.67 56.73 44.56
 TMIN AV 23.79 26.62 35.60 45.48 54.54 63.35 67.02 65.24 58.30 46.98 36.36 27.32
 SD TMAX 12.66 12.85 12.73 10.60  8.45  7.06  6.07  6.66  8.50 10.17 11.86 11.92
 SD TMIN 12.17 11.49 10.79  9.65  8.31  7.05  5.68  6.44  9.00  9.80 10.62 11.30
 SOL.RAD  163.  244.  337.  430.  521.  569.  565.  513.  439.  319.  216.  156.
 SD SOL   49.7  55.3  69.8  85.6  87.2  84.8  78.1 157.1  67.2  40.9  37.9  42.4
 MX .5 P   .38   .43   .60   .88  1.13  1.26  1.69  1.67   .98   .42   .74   .39
 DEW PT  23.40 25.85 31.40 42.70 52.73 62.58 66.43 64.55 56.70 46.43 33.70 26.70
Time Pk   .598  .706  .773  .828  .845  .851  .866  .873  .885  .915  .945 1.000
% N       7.79  7.56  6.80  6.35  6.25  5.06  5.54  7.37  7.00  6.33  4.72  5.67
MEAN      4.95  4.86  4.89  4.70  3.98  3.69  3.51  3.42  3.87  4.00  4.31  4.27
STD DEV   2.10  2.31  2.21  1.99  1.75  1.75  1.59  1.64  1.87  1.98  2.26  1.92
SKEW       .31   .45   .46   .35   .74   .61   .47   .62   .59   .65   .62   .35
% NNE     5.85  8.09  6.52  6.49  7.37  5.48  5.52  8.61  8.75  7.52  3.50  5.00
MEAN      4.65  4.40  4.75  4.67  4.18  3.61  3.37  3.40  3.72  4.01  4.14  4.25
STD DEV   1.98  1.99  1.94  1.95  1.79  1.61  1.51  1.60  1.69  1.80  1.96  1.89
SKEW       .33   .53   .41   .28   .54   .51   .61   .66   .55   .37   .74   .35
% NE      3.01  3.54  4.30  4.51  4.55  4.55  5.07  6.49  4.85  3.69  2.01  3.25
MEAN      3.40  3.70  4.29  4.25  3.81  3.31  3.13  3.23  3.46  3.47  3.47  4.04
STD DEV   1.59  1.58  1.95  1.97  1.71  1.45  1.39  1.54  1.62  1.65  1.74  1.92
SKEW       .51   .49   .36   .57   .51   .69   .75   .87   .68   .75   .99   .41
% ENE     3.00  4.20  4.82  4.46  4.37  3.86  4.07  4.96  3.93  2.53  2.12  2.62
MEAN      3.28  4.13  4.80  4.06  3.82  3.54  3.32  3.15  3.25  3.23  3.57  3.48
STD DEV   1.43  1.79  2.42  1.78  1.55  1.49  1.43  1.48  1.58  1.70  1.83  1.53
SKEW       .42   .41   .69   .63   .49   .37   .41   .98   .96   .58   .97   .56
% E       2.70  3.79  4.32  4.14  3.45  3.59  3.66  3.78  3.02  2.68  2.33  2.41
MEAN      3.53  3.38  4.07  3.80  3.27  3.16  2.86  2.95  2.91  3.07  3.16  3.10
STD DEV   1.69  1.52  1.98  1.66  1.55  1.60  1.27  1.54  1.29  1.38  1.48  1.39
SKEW       .38   .51   .85   .53   .66  1.13   .72  1.12   .45   .50   .52   .55
% ESE     3.14  3.96  3.53  3.94  2.84  3.08  3.01  2.96  2.50  2.87  2.15  3.07
MEAN      3.74  3.74  4.32  4.28  3.56  3.52  3.18  2.94  3.08  3.16  3.66  3.78
STD DEV   1.72  1.83  1.98  1.97  1.56  1.58  1.31  1.33  1.38  1.35  1.80  1.68
SKEW       .44   .78   .62   .59   .52   .65   .35   .76   .49   .57   .62   .31
% SE      3.74  4.12  4.13  4.09  3.26  4.18  3.94  3.61  3.44  3.65  2.73  3.80
MEAN      3.70  4.04  4.45  4.12  3.59  3.36  3.09  3.20  3.13  3.21  3.52  3.87
STD DEV   1.77  2.02  2.08  1.81  1.79  1.54  1.34  1.45  1.51  1.44  1.81  1.81
SKEW       .61   .77   .64   .46   .64   .53   .53   .51   .57   .54  1.23   .61
% SSE     7.31  6.37  7.64  8.24  7.10  7.39  6.84  5.20  7.13  7.27  6.54  7.77
MEAN      4.27  4.68  5.48  5.11  4.31  3.80  3.43  3.22  3.80  3.93  4.60  4.45
STD DEV   1.98  2.11  2.41  2.13  2.04  1.70  1.41  1.40  1.71  1.85  2.31  2.11
SKEW       .53   .72   .54   .51   .68   .57   .44   .60   .63   .67   .93   .74
% S      10.86  8.70  9.51 11.45 10.70 11.62 10.68  8.88 10.92 12.67 12.73 12.48
MEAN      4.77  4.71  5.63  5.33  4.64  4.03  3.59  3.38  4.10  4.18  4.77  4.80
STD DEV   2.33  2.40  2.77  2.26  2.34  1.81  1.56  1.63  2.02  1.93  2.33  2.22
SKEW       .63   .63   .65   .45   .72   .56   .39  1.07   .83   .71   .72   .85
% SSW     8.79  7.89  7.45  8.47  8.76 11.09 10.14  5.82  7.39  7.02  9.42  9.93
MEAN      5.17  5.42  5.37  5.73  4.79  4.61  4.03  3.56  4.37  4.45  4.79  4.91
STD DEV   2.33  2.76  2.52  2.57  2.32  2.12  1.72  1.52  2.15  2.03  2.34  2.28
SKEW       .44   .66   .37   .56   .57   .57   .47   .37   .72   .53   .78   .50
% SW      3.45  2.98  3.10  3.10  4.44  6.08  5.12  4.22  3.86  3.97  5.12  4.66
MEAN      3.86  4.20  4.24  4.80  4.13  4.22  3.76  3.54  3.72  3.76  3.97  4.24
STD DEV   1.90  2.20  2.44  2.56  1.99  2.03  1.76  1.56  1.77  1.95  1.90  2.13
SKEW       .74   .37   .99   .75   .54   .69   .65   .43   .68   .89   .91   .84
% WSW     3.86  4.05  4.03  3.23  4.83  5.92  4.29  3.25  3.17  3.64  5.66  4.35
MEAN      4.55  4.93  5.95  5.17  4.28  4.37  4.10  3.61  3.88  3.74  4.58  5.06
STD DEV   2.39  2.46  3.09  3.19  2.19  2.01  1.72  1.63  1.93  1.66  2.47  2.97
SKEW       .75   .64   .61  1.15   .79   .63   .40   .53   .79   .58  1.23   .86
% W       3.74  4.42  4.60  4.64  4.34  3.71  2.60  2.57  2.52  3.25  5.29  4.95
MEAN      5.27  5.03  6.34  5.75  4.46  4.32  3.61  3.36  3.76  3.92  4.88  5.26
STD DEV   2.79  2.60  3.01  3.29  2.26  1.92  1.52  1.50  1.85  1.99  2.29  2.58
SKEW       .59   .74   .23   .80   .69   .78   .30   .38   .67   .74   .78   .48
% WNW     6.93  6.90  7.86  6.77  5.04  3.33  2.43  2.76  2.91  4.61  8.48  7.11
MEAN      5.77  5.62  6.54  6.42  5.25  4.34  3.84  3.83  3.94  4.60  5.67  5.38
STD DEV   2.62  2.38  2.70  2.66  2.49  2.08  1.65  1.65  1.81  2.17  2.41  2.30
SKEW       .43   .30   .24   .23   .49   .66   .72   .51   .64   .43   .41   .51
% NW      7.60  7.08  7.22  5.99  4.13  3.11  2.79  3.33  4.14  5.09  8.00  7.48
MEAN      5.48  5.50  6.01  5.77  4.82  4.33  3.65  3.68  4.17  4.44  5.63  5.36
STD DEV   2.46  2.49  2.99  2.49  2.78  2.09  1.67  1.61  2.07  1.95  2.42  2.24
SKEW       .49   .26   .44   .20  1.03   .55   .56   .45   .60   .40   .42   .36
% NNW    11.02  8.33  7.47  7.33  5.37  4.04  4.38  4.99  6.24  6.32  6.81  6.77
MEAN      5.55  5.72  5.59  5.31  4.44  4.10  3.87  3.68  4.19  4.81  5.38  5.05
STD DEV   2.25  2.47  2.53  2.29  1.85  1.70  1.79  1.66  2.11  2.22  2.34  2.30
SKEW       .24   .32   .49   .36   .40   .23   .84   .54   .61   .21   .34   .53
CALM      7.21  7.98  6.70  6.85 13.15 13.86 20.03 21.14 18.33 16.99 12.37  8.76
 
INTERPOLATED DATA (station & weighting factor)
 
---Wind Stations---
BELLEVILLE    IL     .544  VANDALIA      IL     .239  ADVANCE       MO     .216
---Solar Radiation and Max .5 P Stations---
 SAINT LOUIS, MISSO  .575   EVANSVILLE, INDIAN  .274   MEMPHIS, TENNESSEE  .151 
---Dewpoint Stations---
MO ST. LOUIS         .573  IN EVANSVILLE        .274  MO SPRINGFIELD       .153 
---Time Peak Stations---
SPARTA IL           1.000  COULTERVILLE 3 NW    .000  PRAIRIE DU ROCHER I  .000 
