 MARENGO IL                              115326 0
 LATT=  42.25 LONG= -88.60 YEARS= 92. TYPE= 3
 ELEVATION =  820. TP5 = 2.23 TP6= 4.22
 MEAN P    .22   .20   .28   .32   .35   .43   .42   .45   .45   .34   .31   .25
 S DEV P   .30   .21   .32   .37   .39   .52   .52   .53   .52   .43   .35   .29
 SKEW  P  3.46  1.86  2.12  2.35  2.27  2.30  2.57  2.13  2.08  2.60  2.47  2.76
 P(W/W)    .32   .34   .38   .44   .44   .41   .35   .36   .41   .42   .39   .34
 P(W/D)    .20   .18   .23   .26   .26   .26   .23   .23   .23   .19   .20   .20
 TMAX AV 28.95 32.14 43.89 58.61 70.65 80.23 85.23 82.78 75.12 63.06 46.56 32.67
 TMIN AV 15.47 16.79 25.53 36.09 46.30 56.02 60.74 58.87 51.49 40.59 29.02 18.50
 SD TMAX 11.26 10.87 12.36 11.98 10.75  8.70  6.93  7.03  9.44 10.97 11.48 10.82
 SD TMIN  9.60  9.98 10.01  8.97  9.15  7.85  6.68  6.94  9.28  9.68 10.17 10.36
 SOL.RAD  132.  196.  280.  369.  451.  496.  486.  433.  337.  234.  143.  105.
 SD SOL   42.6  54.5  75.2  96.6 106.6 107.7 102.1 187.2  90.3  53.9  45.3  42.3
 MX .5 P   .30   .24   .45  1.24   .76  1.50  1.55  1.22   .87   .44   .31   .25
 DEW PT  13.95 17.75 24.50 35.02 46.60 55.77 61.00 61.00 53.30 43.00 30.55 22.12
Time Pk   .608  .745  .793  .841  .849  .863  .883  .898  .903  .925  .958 1.000
% N       4.32  7.12  8.80  9.02 10.07  8.14  7.94  6.59  7.35  5.27  5.61  4.99
MEAN      5.49  5.62  5.71  5.78  5.23  4.72  4.35  4.52  4.68  5.23  5.52  5.20
STD DEV   2.30  2.16  2.47  2.34  2.06  1.90  1.70  1.73  1.89  1.99  2.28  2.26
SKEW       .81   .41   .62   .33   .48   .50   .80   .42   .49   .21   .32   .55
% NNE     2.56  4.60  7.21  6.94 10.33  7.10  8.07  6.49  5.99  3.41  2.51  2.78
MEAN      5.07  5.08  5.41  5.58  5.47  4.65  4.51  4.55  4.76  4.77  5.24  5.20
STD DEV   2.42  2.29  2.35  2.29  2.04  1.94  1.82  1.74  2.04  2.19  2.42  2.24
SKEW       .53   .81   .81   .46   .40   .62   .64   .57   .60   .25   .42   .48
% NE      3.04  5.47  6.30  6.62  8.33  6.74  6.78  6.44  6.40  3.04  1.87  2.00
MEAN      6.13  4.96  5.15  5.29  4.98  4.07  3.79  4.02  4.47  4.11  4.94  5.29
STD DEV   3.95  2.40  2.37  2.29  2.14  1.82  1.51  1.60  1.93  2.06  2.38  2.40
SKEW      1.18  1.02   .71   .53   .39  1.16   .48   .85   .83  1.16   .51   .31
% ENE     3.03  5.06  5.09  6.43  5.63  4.59  4.66  5.37  4.78  3.10  2.31  2.31
MEAN      5.35  5.22  5.20  4.97  4.88  3.90  3.92  3.89  4.52  4.36  4.36  5.12
STD DEV   2.61  2.29  2.03  2.06  1.88  1.62  1.60  1.49  1.92  1.89  2.02  2.18
SKEW       .72   .42   .34   .52   .37   .71   .37   .57   .54   .64   .74   .24
% E       3.18  4.42  4.96  5.67  5.53  5.39  6.13  6.05  4.62  3.01  2.15  2.96
MEAN      5.03  4.56  4.92  4.69  4.31  3.85  3.32  3.49  3.54  4.00  4.31  5.22
STD DEV   2.08  2.01  2.04  2.00  1.89  1.54  1.32  1.37  1.35  1.61  2.09  2.40
SKEW       .38   .36   .48   .66   .65   .38   .74   .47   .51   .82   .65   .23
% ESE     2.11  2.91  3.21  3.91  3.57  4.02  3.91  3.88  3.12  3.01  1.56  2.55
MEAN      5.18  4.54  4.47  4.67  4.34  4.05  3.54  3.66  3.88  3.92  4.03  4.75
STD DEV   1.91  1.89  1.84  2.05  2.00  1.68  1.49  1.27  1.54  1.58  1.83  1.96
SKEW       .22   .53   .36   .60   .71   .44   .46   .44   .95   .83   .60   .64
% SE      4.29  3.35  3.81  5.10  5.00  4.93  4.36  4.37  5.36  5.07  3.10  4.89
MEAN      5.00  4.09  4.44  4.63  4.34  3.63  3.26  3.38  3.95  4.21  4.45  4.97
STD DEV   2.11  1.65  1.97  2.09  2.02  1.73  1.39  1.40  1.72  1.81  1.78  1.93
SKEW       .56   .42   .62   .51   .81  1.33   .81   .87   .79   .51   .43   .39
% SSE     3.82  3.38  3.59  4.76  4.21  4.38  3.45  3.59  5.04  5.27  4.43  4.54
MEAN      5.35  4.67  5.27  5.33  4.59  4.11  3.36  3.64  4.23  4.60  5.24  4.92
STD DEV   2.23  2.22  2.35  2.33  1.93  1.99  1.34  1.61  1.94  1.87  2.16  2.02
SKEW       .71   .79   .53   .43   .77  1.59   .80   .80   .76   .40   .37   .25
% S       8.43  6.88  7.54  8.92  8.25  9.78  9.14  8.99 11.72 14.07 10.65  9.40
MEAN      5.74  5.85  6.30  6.03  5.23  4.91  4.09  3.83  4.47  5.03  5.54  5.55
STD DEV   2.32  2.35  2.60  2.71  2.40  2.14  1.79  1.61  1.98  2.15  2.44  2.40
SKEW       .66   .25   .23   .53   .50   .77   .72   .71   .79   .60   .56   .48
% SSW     9.76  8.23  7.60  7.25  7.57 10.93  8.85  9.77  9.85 11.50 10.74 10.11
MEAN      6.04  6.16  6.59  6.57  5.93  5.47  4.73  4.53  4.75  5.76  5.87  5.89
STD DEV   2.54  2.40  2.51  2.79  2.42  2.15  1.77  1.84  2.04  2.33  2.38  2.38
SKEW       .62   .20   .23   .33   .52   .42   .48   .57   .48   .63   .25   .54
% SW      8.43  5.83  6.44  5.88  6.96  9.62 10.57  9.99  7.60  9.00  9.80  8.34
MEAN      5.69  5.35  6.00  5.97  5.66  5.26  4.72  4.48  4.75  5.04  5.31  5.62
STD DEV   2.28  2.17  2.55  2.82  2.25  1.98  1.80  1.71  1.98  2.04  2.22  2.27
SKEW       .44   .73   .51   .78   .37   .35   .41   .45   .70   .43   .39   .78
% WSW    10.61  7.59  7.87  6.28  6.53  7.69  7.37  8.65  6.08  7.61 10.14  9.81
MEAN      6.03  6.16  6.40  6.92  6.15  5.41  4.80  4.53  4.79  5.15  5.99  5.74
STD DEV   2.49  2.69  2.62  2.95  2.49  1.99  1.79  1.74  2.00  2.13  2.53  2.32
SKEW       .56   .69   .44   .54   .70   .36   .64   .51   .64   .53   .48   .55
% W      12.61 10.46  7.35  7.25  5.51  5.17  4.95  5.25  5.36  7.69 11.06 10.69
MEAN      6.00  6.12  5.68  6.44  5.70  5.03  4.29  4.12  4.51  5.16  5.59  5.90
STD DEV   2.45  2.39  2.44  2.67  2.30  2.17  1.82  1.82  2.12  2.27  2.24  2.38
SKEW       .63   .41   .47   .77   .32   .60   .49   .68   .77   .70   .46   .53
% WNW     9.04  9.33  6.40  5.58  3.96  3.21  3.79  3.74  4.68  6.02  8.46  9.17
MEAN      6.05  6.27  5.93  6.10  5.65  4.95  4.61  4.28  4.40  4.98  5.84  5.53
STD DEV   2.27  2.33  2.35  2.30  2.18  2.00  1.79  1.76  1.94  1.90  2.10  2.04
SKEW       .49   .25   .27   .51   .42   .31   .29   .53   .93   .46   .15   .19
% NW      9.17  9.46  7.86  5.47  4.28  4.36  4.47  4.27  5.73  6.53  8.55  8.62
MEAN      5.80  5.83  5.55  5.84  5.25  4.88  4.35  4.47  4.64  5.25  5.79  5.40
STD DEV   2.02  2.26  2.13  2.28  1.99  1.90  1.71  1.77  1.72  2.08  2.13  1.94
SKEW       .13   .26   .31   .47   .18   .28   .49   .81   .35   .53   .23   .21
% NNW     4.81  5.03  4.37  3.76  2.95  2.33  3.05  3.52  4.06  4.11  5.67  5.07
MEAN      5.54  5.86  5.94  5.77  4.86  4.27  3.95  4.33  4.55  5.50  6.12  5.45
STD DEV   2.09  2.17  2.51  2.43  2.08  1.99  1.46  1.60  1.71  2.01  2.26  2.04
SKEW       .22   .64   .90   .08   .65   .14   .46   .41   .30   .30   .13   .20
CALM       .89  1.00  1.46  1.09  1.22  1.67  2.54  2.99  2.29  2.30  1.28  1.73
 
INTERPOLATED DATA (station & weighting factor)
 
---Wind Stations---
CHICAGO/MID.  IL     .338  CHICAGO       IL     .338  JOLIET        IL     .325
---Solar Radiation and Max .5 P Stations---
 CHICAGO, ILLINOIS   .420   MILWAUKEE, WISCONS  .367   DUBUQUE, IOWA       .212 
---Dewpoint Stations---
IL ROCKFORD          .525  IL CHICAGO           .250  WI MILWAUKEE         .226 
---Time Peak Stations---
BELVIDERE IL         .779  HORICON WI           .112  KANKAKEE SEWAGE PLT  .109 
