 FARMER CITY IL                          112993 0
 LATT=  40.23 LONG= -88.63 YEARS= 34. TYPE= 3
 ELEVATION =  730. TP5 = 2.29 TP6= 4.54
 MEAN P    .29   .25   .34   .41   .42   .48   .59   .51   .46   .41   .38   .35
 S DEV P   .34   .30   .39   .50   .46   .50   .70   .66   .54   .51   .45   .49
 SKEW  P  2.09  2.63  2.39  2.41  2.36  1.58  2.44  2.56  2.58  2.96  2.61  3.09
 P(W/W)    .35   .37   .45   .43   .46   .40   .36   .31   .35   .40   .41   .40
 P(W/D)    .15   .16   .19   .21   .18   .18   .18   .18   .18   .14   .18   .19
 TMAX AV 32.50 37.63 49.96 63.71 74.96 83.93 86.33 84.13 78.86 66.20 50.94 37.82
 TMIN AV 15.04 19.47 29.74 40.23 50.98 59.58 63.57 61.02 53.90 42.30 32.10 21.60
 SD TMAX 11.91 12.04 12.63 11.06  9.48  6.72  5.71  6.12  8.08 10.48 11.24 11.30
 SD TMIN 13.09 12.87 10.43  9.42  9.05  7.18  6.10  7.14  9.28 10.17  9.93 12.24
 SOL.RAD  135.  201.  291.  384.  478.  521.  526.  468.  386.  270.  171.  120.
 SD SOL   50.1  61.5  78.5  96.5  99.9 100.1  90.0 174.8  79.4  49.2  44.4  45.9
 MX .5 P   .44   .44   .52  1.15   .76  2.00  1.76  1.64  1.07   .49   .33   .32
 DEW PT  21.39 22.91 29.67 40.12 48.29 59.81 64.05 63.29 54.53 44.07 32.07 23.91
Time Pk   .606  .722  .772  .823  .838  .844  .866  .882  .898  .915  .945 1.000
% N       6.39  5.90  6.11  5.46  5.32  4.35  5.13  6.06  5.76  5.34  4.11  5.13
MEAN      5.44  5.41  5.52  5.37  5.21  4.36  4.05  3.96  4.40  4.64  5.08  5.27
STD DEV   2.26  2.48  2.39  2.11  2.12  1.82  1.65  1.59  1.87  1.79  2.19  2.20
SKEW       .31   .52   .56   .48   .22   .32   .44   .51   .46   .33   .60   .25
% NNE     4.07  4.36  4.95  5.57  5.28  4.78  4.83  5.47  5.29  4.06  2.53  2.62
MEAN      4.93  5.35  5.32  5.49  5.19  4.52  4.07  4.03  4.30  4.39  4.45  4.84
STD DEV   2.09  2.50  2.21  2.16  2.04  1.82  1.59  1.61  1.80  1.83  1.79  2.33
SKEW       .45   .66   .53   .38   .31   .40   .53   .41   .53   .66   .57   .46
% NE      3.03  4.17  5.30  5.02  4.99  4.96  5.23  5.77  5.22  3.52  2.32  2.43
MEAN      4.77  5.20  5.56  5.54  5.03  4.41  3.82  3.91  4.12  3.90  4.30  4.78
STD DEV   2.10  2.25  2.35  2.37  2.04  1.83  1.44  1.54  1.74  1.73  1.85  2.29
SKEW       .56   .46   .43   .51   .22   .58   .39   .39   .61   .67   .84   .74
% ENE     2.91  4.77  6.18  5.35  5.57  4.85  5.31  5.15  5.26  3.34  2.29  2.83
MEAN      4.61  5.53  5.93  5.68  5.07  4.35  3.72  3.78  4.02  4.00  4.41  4.60
STD DEV   1.98  2.39  2.48  2.36  2.05  1.74  1.47  1.43  1.72  1.82  2.10  1.90
SKEW       .47   .46   .39   .39   .28   .43   .39   .22   .68   .76   .84   .48
% E       3.29  5.11  5.26  5.50  4.79  4.42  5.12  4.84  4.17  4.04  2.44  3.44
MEAN      4.55  4.90  5.62  5.51  4.73  3.93  3.36  3.41  3.58  3.67  3.80  4.28
STD DEV   1.80  1.95  2.43  2.33  2.04  1.57  1.43  1.44  1.45  1.56  1.65  1.83
SKEW       .32   .48   .44   .38   .49   .51   .62   .47   .44   .63   .65   .50
% ESE     3.19  3.13  3.79  4.34  4.50  3.17  3.57  3.55  3.24  3.01  2.42  3.25
MEAN      4.67  4.82  5.47  5.41  4.80  3.75  3.42  3.54  3.54  3.62  3.95  4.47
STD DEV   1.87  1.88  2.25  2.31  1.96  1.45  1.27  1.39  1.42  1.51  1.67  1.76
SKEW       .46   .41   .51   .53   .40   .35   .40   .34   .41   .54   .54   .25
% SE      3.98  3.68  3.91  4.44  4.50  4.05  3.93  4.05  4.46  4.92  3.81  4.64
MEAN      5.01  5.18  5.35  5.45  4.69  4.10  3.52  3.55  3.68  3.94  4.59  4.93
STD DEV   2.12  2.08  2.12  2.39  2.06  1.70  1.27  1.38  1.53  1.71  1.94  1.95
SKEW       .55   .30   .32   .62   .62   .68   .33   .32   .97   .65   .53   .31
% SSE     6.00  5.77  5.92  6.68  6.27  6.46  5.36  4.94  6.56  7.66  6.32  6.96
MEAN      5.72  5.99  6.14  5.90  5.29  4.55  3.80  3.99  4.25  4.83  5.21  5.58
STD DEV   2.26  2.38  2.51  2.27  2.32  1.81  1.45  1.63  1.83  2.10  2.21  2.24
SKEW       .38   .32   .43   .43   .56   .49   .29   .46   .67   .55   .44   .35
% S      11.49  9.16  8.45 10.45 11.50 11.96 10.90 10.37 12.36 12.85 13.01 12.42
MEAN      6.00  5.94  6.34  6.43  5.60  4.87  4.27  4.05  4.93  5.18  5.82  5.90
STD DEV   2.57  2.31  2.65  2.49  2.38  2.00  1.70  1.72  2.13  2.22  2.48  2.42
SKEW       .44   .26   .34   .37   .40   .58   .51   .57   .55   .65   .60   .49
% SSW     6.63  5.96  5.16  7.02  8.89 10.00  9.03  8.63  7.60  8.51  8.60  7.96
MEAN      5.54  5.78  6.26  6.33  5.91  5.29  4.63  4.32  5.03  5.29  5.64  5.75
STD DEV   2.30  2.29  2.70  2.53  2.61  2.08  1.88  1.79  2.05  2.20  2.39  2.38
SKEW       .63   .43   .26   .34   .52   .38   .32   .35   .39   .29   .56   .34
% SW      4.84  4.67  4.18  4.74  6.27  7.87  7.46  7.10  5.83  5.72  6.30  5.77
MEAN      5.26  5.27  5.95  5.88  5.44  5.23  4.53  4.41  4.56  4.91  5.29  5.17
STD DEV   2.29  2.33  2.82  2.68  2.43  2.22  1.90  1.85  2.13  2.22  2.54  2.34
SKEW       .72   .77   .60   .60   .57   .49   .57   .34   .63   .61   .85   .83
% WSW     5.77  5.14  6.61  4.72  5.88  6.61  5.86  5.17  4.26  4.44  7.24  6.20
MEAN      5.58  5.80  6.79  6.12  5.58  5.13  4.53  4.21  4.50  4.77  5.69  5.67
STD DEV   2.63  2.64  3.35  2.98  2.38  2.20  1.91  1.72  2.08  2.13  2.71  2.70
SKEW       .78   .64   .63   .73   .51   .53   .50   .47   .68   .58   .81   .99
% W       9.55  7.50  8.01  7.08  5.39  5.73  5.25  4.48  4.70  6.39 10.02  8.64
MEAN      6.28  5.89  6.44  6.83  5.42  4.87  4.35  4.05  4.30  5.07  5.86  5.82
STD DEV   2.80  2.74  2.91  3.29  2.59  2.20  1.98  1.77  1.98  2.46  2.78  2.68
SKEW       .54   .83   .53   .67   .56   .54   .58   .62   .73   .55   .65   .76
% WNW     9.11  9.95  9.11  7.72  5.95  4.77  4.56  4.00  5.09  6.23  9.43 10.03
MEAN      6.55  6.32  6.66  7.03  5.52  4.92  4.32  4.22  4.58  5.26  6.31  6.13
STD DEV   2.57  2.51  2.75  2.74  2.40  2.04  1.91  1.77  1.97  2.48  2.73  2.47
SKEW       .29   .42   .42   .32   .47   .38   .47   .57   .62   .55   .42   .36
% NW      7.75  9.28  6.96  6.10  4.89  4.24  4.28  3.99  5.08  6.47  8.04  7.42
MEAN      6.03  6.17  6.06  6.41  5.15  4.55  4.36  4.11  4.56  5.06  5.97  5.59
STD DEV   2.31  2.45  2.53  2.61  2.18  1.86  1.81  1.76  1.96  2.21  2.37  2.19
SKEW       .26   .32   .44   .37   .55   .39   .42   .72   .59   .42   .24   .32
% NNW     7.43  6.68  5.99  5.67  4.72  3.76  4.04  3.94  5.06  5.17  5.54  5.36
MEAN      5.75  5.73  5.67  5.91  5.14  4.68  4.35  4.17  4.76  5.13  5.77  5.38
STD DEV   2.09  2.25  2.29  2.33  2.04  1.78  1.65  1.63  1.95  2.06  2.31  2.23
SKEW       .29   .38   .44   .37   .33   .33   .25   .28   .49   .36   .49   .52
CALM      4.62  4.75  4.17  4.13  5.32  7.94 10.19 12.59 10.08  8.38  5.53  4.94
 
INTERPOLATED DATA (station & weighting factor)
 
---Wind Stations---
RANTOUL       IL     .545  SPRINGFIELD   IL     .230  PEORIA        IL     .225
---Solar Radiation and Max .5 P Stations---
 CHICAGO, ILLINOIS   .365   INDIANAPOLIS, INDI  .327   SAINT LOUIS, MISSO  .307 
---Dewpoint Stations---
IL SPRINGFIELD       .452  IN TERRE HAUTE       .311  IL CHICAGO           .237 
---Time Peak Stations---
DOWNS 2 NE IL        .480  MAROA 1 W IL         .366  HOOPESTON IL         .154 
