 OTTAWA IL                               116526 0
 LATT=  41.37 LONG= -88.83 YEARS= 92. TYPE= 3
 ELEVATION =  470. TP5 = 2.24 TP6= 4.34
 MEAN P    .20   .20   .27   .33   .34   .38   .42   .43   .44   .31   .30   .24
 S DEV P   .27   .25   .35   .41   .42   .49   .62   .61   .58   .38   .36   .31
 SKEW  P  2.65  2.51  3.04  2.26  2.23  2.38  4.91  3.49  2.59  2.40  2.21  3.04
 P(W/W)    .37   .37   .43   .49   .49   .46   .37   .40   .42   .45   .40   .38
 P(W/D)    .21   .21   .25   .28   .27   .26   .23   .22   .22   .17   .20   .21
 TMAX AV 32.88 36.58 48.50 62.74 74.13 83.09 87.47 85.20 78.16 66.42 50.20 36.38
 TMIN AV 17.79 19.98 29.17 39.60 49.93 59.45 63.59 61.73 54.36 43.01 31.79 21.43
 SD TMAX 11.47 11.10 12.54 11.72 10.22  8.10  6.86  6.87  9.26 10.90 11.67 11.03
 SD TMIN 10.49 10.60  9.74  9.29  9.20  7.83  6.62  7.02  9.21  9.48 10.20 10.76
 SOL.RAD  127.  189.  272.  363.  452.  497.  476.  435.  346.  242.  150.  105.
 SD SOL   46.4  59.0  79.5  99.3 106.2 106.7 105.5 183.8  88.5  53.0  45.4  44.3
 MX .5 P   .39   .34   .50  1.37   .78  1.91  1.79  1.51  1.00   .49   .35   .29
 DEW PT  15.89 19.26 25.93 36.28 47.66 56.95 61.95 61.63 53.67 43.32 31.00 22.37
Time Pk   .617  .730  .782  .827  .837  .847  .868  .879  .890  .919  .954 1.000
% N       4.33  7.51  9.50  8.48  9.34  8.10  7.05  5.61  6.99  4.62  5.93  5.67
MEAN      5.81  6.07  6.01  6.20  5.51  5.12  4.64  5.00  5.10  5.72  5.64  5.59
STD DEV   2.28  2.21  2.39  2.29  2.12  2.04  1.79  1.83  1.96  1.99  2.26  2.11
SKEW       .83   .46   .53   .29   .45   .45   .65   .17   .45   .18   .40   .36
% NNE     2.26  4.24  7.28  7.21  9.68  7.92  8.45  6.45  6.34  3.15  2.97  2.78
MEAN      5.37  5.46  5.74  6.11  5.70  4.99  4.78  5.07  5.21  5.33  5.58  5.86
STD DEV   2.76  2.26  2.32  2.48  2.09  1.92  1.83  1.80  2.18  2.38  2.45  2.50
SKEW       .70   .60   .82   .48   .34   .59   .68   .39   .67   .32   .46   .41
% NE      2.58  5.23  6.11  6.95  8.04  6.19  6.35  5.62  5.72  2.68  2.16  2.00
MEAN      6.70  5.48  5.56  5.75  5.29  4.44  4.34  4.47  4.91  4.66  5.65  6.11
STD DEV   3.74  2.38  2.42  2.41  2.13  1.82  1.56  1.61  1.93  2.17  2.77  2.64
SKEW       .87   .77   .74   .64   .34  1.28   .53   .75   .72  1.12   .72   .16
% ENE     2.63  5.09  5.15  6.33  5.92  4.71  4.79  5.20  4.68  2.81  2.15  1.99
MEAN      5.88  5.66  5.26  5.17  4.94  4.07  4.34  4.19  4.90  4.62  4.79  5.83
STD DEV   2.67  2.14  1.92  1.98  1.70  1.38  1.52  1.46  1.93  1.77  2.10  2.25
SKEW       .62   .25   .38   .54   .36   .43   .36   .45   .45   .62   .77   .08
% E       2.97  4.57  5.32  6.74  6.11  5.58  6.34  5.96  5.13  2.90  2.12  2.83
MEAN      5.25  4.85  4.92  4.95  4.41  4.12  3.82  3.84  4.03  4.25  4.75  5.74
STD DEV   1.90  1.92  1.99  1.95  1.61  1.47  1.33  1.36  1.36  1.58  2.10  2.33
SKEW       .22   .57   .71   .67   .57   .32   .69   .57   .54   .86   .66   .11
% ESE     2.14  2.75  3.57  4.53  4.29  4.18  4.13  3.84  3.51  3.07  1.50  2.71
MEAN      5.03  4.27  4.50  4.50  4.39  3.85  3.76  3.70  4.01  3.92  4.04  4.87
STD DEV   1.84  1.73  1.81  1.94  1.88  1.35  1.33  1.18  1.45  1.37  1.61  1.96
SKEW       .22   .61   .54   .78   .80   .46   .32   .52   .84   .80   .39   .57
% SE      3.89  2.41  2.97  4.34  4.44  4.02  3.57  3.30  4.64  3.60  2.48  4.03
MEAN      4.89  4.17  4.46  4.66  4.38  3.47  3.31  3.45  4.12  4.26  4.53  4.90
STD DEV   1.93  1.62  1.85  1.91  1.90  1.41  1.20  1.22  1.68  1.68  1.69  1.83
SKEW       .58   .61   .72   .49   .75  1.11   .74   .72   .79   .54   .37   .37
% SSE     3.72  2.99  3.53  4.53  4.18  4.12  3.29  3.31  4.75  4.92  4.21  4.50
MEAN      4.92  4.64  5.17  5.28  4.58  3.90  3.48  3.72  4.37  4.72  4.95  4.75
STD DEV   1.89  1.99  2.14  2.10  1.86  1.69  1.24  1.46  1.85  1.81  1.85  1.86
SKEW       .68   .69   .54   .35   .63  1.51   .83   .77   .76   .35   .35   .39
% S       9.05  7.59  8.22 10.64  8.84 10.31  9.24  9.92 11.99 14.98 11.15  9.82
MEAN      5.75  5.77  6.27  6.06  5.44  5.00  4.29  4.13  4.58  5.30  5.49  5.65
STD DEV   2.21  2.17  2.43  2.35  2.20  2.08  1.71  1.62  1.77  2.16  2.25  2.21
SKEW       .68   .26   .29   .37   .22   .84   .67   .62   .62   .55   .64   .38
% SSW     7.95  7.59  6.47  5.88  7.03  9.70  7.78  9.90  8.62 10.50 10.16  8.94
MEAN      5.74  5.95  6.39  6.20  5.72  5.13  4.65  4.62  4.67  5.57  5.49  5.60
STD DEV   2.26  2.19  2.40  2.55  2.13  1.88  1.66  1.73  1.87  2.02  2.06  2.15
SKEW       .56   .19   .34   .44   .52   .43   .54   .55   .43   .25   .25   .66
% SW      8.05  5.51  5.72  5.65  7.20  9.36  9.57 10.28  7.79  9.10  8.75  8.28
MEAN      5.53  5.58  5.78  6.19  5.77  5.22  4.67  4.51  4.55  5.21  5.17  5.55
STD DEV   2.02  2.13  2.27  2.62  2.14  1.89  1.64  1.64  1.81  1.99  1.97  1.90
SKEW       .29   .79   .62   .60   .37   .44   .43   .49   .72   .33   .30   .33
% WSW    11.91  8.01  7.86  6.18  7.08  8.36  8.80  9.85  6.60  8.68  9.59  9.84
MEAN      5.79  5.86  6.08  6.59  5.86  5.08  4.71  4.41  4.63  5.15  5.54  5.68
STD DEV   2.20  2.32  2.53  2.70  2.30  1.73  1.73  1.64  1.86  1.98  2.29  2.20
SKEW       .58   .69   .61   .57   .67   .49   .72   .60   .64   .55   .74   .53
% W      15.90 12.02  8.97  8.29  6.71  6.64  6.68  6.98  6.67  9.83 13.11 12.64
MEAN      6.00  5.72  5.55  6.29  5.56  4.82  4.28  4.06  4.40  5.18  5.45  5.85
STD DEV   2.39  2.20  2.26  2.62  2.25  1.97  1.70  1.66  1.87  2.19  2.18  2.35
SKEW       .62   .49   .57   .68   .41   .66   .67   .75   .74   .60   .46   .63
% WNW     9.75 10.18  7.61  5.71  4.45  3.67  5.03  4.39  5.49  7.25  9.37 10.44
MEAN      5.83  5.83  5.82  5.87  5.34  4.66  4.51  4.25  4.39  5.05  5.68  5.55
STD DEV   2.18  2.12  2.15  2.28  2.04  1.81  1.73  1.76  1.90  2.00  2.03  2.05
SKEW       .45   .40   .22   .48   .44   .47   .50   .88  1.00   .58   .20   .31
% NW      7.60  8.26  6.52  4.56  3.21  3.09  3.85  3.68  5.27  6.10  7.96  7.34
MEAN      5.84  5.87  5.75  5.81  5.12  4.89  4.46  4.56  4.96  5.32  5.83  5.54
STD DEV   2.04  2.18  2.13  2.19  1.86  1.89  1.68  1.74  1.75  1.99  2.07  1.82
SKEW       .23   .35   .33   .46   .21   .45   .67   .86   .21   .56   .18   .14
% NNW     4.46  5.40  4.21  2.86  2.08  1.78  2.31  2.94  3.54  4.11  5.25  5.01
MEAN      5.67  6.15  6.02  5.89  5.04  4.44  4.10  4.62  4.85  5.75  6.16  5.81
STD DEV   1.99  1.98  2.25  2.29  2.12  2.08  1.43  1.55  1.70  1.92  2.14  1.99
SKEW       .16   .42   .76   .19   .68   .24   .51   .27   .34   .18   .13   .21
CALM       .86   .75   .85  1.10  1.45  2.24  2.79  2.84  2.30  1.69  1.09  1.15
 
INTERPOLATED DATA (station & weighting factor)
 
---Wind Stations---
CHICAGO/MID.  IL     .336  CHICAGO       IL     .336  CHICAGO/OHARE IL     .329
---Solar Radiation and Max .5 P Stations---
 CHICAGO, ILLINOIS   .531   DUBUQUE, IOWA       .279   INDIANAPOLIS, INDI  .190 
---Dewpoint Stations---
IL ROCKFORD          .352  IL CHICAGO           .331  IL PEORIA            .317 
---Time Peak Stations---
WENONA IL            .539  KANKAKEE SEWAGE PLT  .249  BELVIDERE IL         .212 
