 QUINCY CAA AP IL                        117072 0
 LATT=  39.93 LONG= -91.18 YEARS= 45. TYPE= 3
 ELEVATION =  760. TP5 = 2.53 TP6= 5.06
 MEAN P    .19   .20   .28   .35   .40   .43   .52   .42   .47   .41   .30   .24
 S DEV P   .33   .28   .39   .45   .51   .61   .66   .57   .60   .59   .43   .42
 SKEW  P  4.65  2.52  2.45  2.58  2.05  3.95  2.32  2.39  2.38  3.29  2.90  4.77
 P(W/W)    .36   .44   .48   .46   .48   .44   .41   .38   .42   .46   .47   .46
 P(W/D)    .20   .20   .25   .28   .28   .24   .24   .22   .22   .19   .21   .21
 TMAX AV 33.03 38.01 49.10 63.12 73.48 82.64 86.74 84.45 77.72 66.41 50.68 37.56
 TMIN AV 17.79 21.58 30.59 42.51 52.75 61.99 66.24 63.70 55.63 44.56 32.56 22.43
 SD TMAX 13.16 12.72 13.43 11.73  9.14  7.24  6.61  6.93  8.92 10.62 12.49 12.59
 SD TMIN 10.82 10.98 10.40  9.48  8.41  6.54  5.81  6.45  8.95  9.60 10.64 10.68
 SOL.RAD  173.  251.  337.  427.  519.  567.  545.  509.  435.  312.  217.  155.
 SD SOL   40.4  47.2  65.5  83.5  86.6  85.1  84.6 154.6  65.8  38.2  31.9  37.1
 MX .5 P   .25   .35   .50   .88  1.14  1.89  1.26  1.35  1.13   .38   .44   .24
 DEW PT  19.00 22.43 28.46 39.89 49.81 60.85 65.27 64.00 54.58 43.85 31.16 23.00
Time Pk   .610  .728  .773  .831  .843  .853  .871  .887  .899  .921  .948 1.000
% N       6.00  5.30  4.30  4.30  3.60  3.00  3.10  3.70  4.40  4.30  3.40  2.80
MEAN      6.56  5.52  6.46  5.16  5.33  3.79  4.52  3.93  4.58  5.32  5.36  6.79
STD DEV   2.14  2.75  2.68  2.44  2.34  1.84  2.28  1.93  2.25  2.04  2.47  3.16
SKEW      -.28   .11   .09   .09  -.01   .56   .40   .94   .17   .12   .50   .15
% NNE     3.90  4.80  4.70  4.90  3.80  2.50  3.50  4.50  3.20  3.90  2.10  2.60
MEAN      5.49  6.24  6.65  5.67  5.12  3.63  3.92  3.96  4.07  5.59  4.74  5.95
STD DEV   2.05  2.57  2.74  2.44  2.30  1.70  1.92  1.81  1.82  2.16  2.43  3.00
SKEW      -.20  -.10   .43   .65   .22   .59   .96   .91   .56   .38   .69   .46
% NE      3.70  4.40  5.20  5.60  6.60  4.60  6.00  7.00  5.40  4.10  2.60  2.90
MEAN      4.65  4.81  5.22  4.68  4.30  3.30  3.14  3.32  3.56  4.83  4.28  4.04
STD DEV   2.13  2.14  2.52  2.23  2.19  1.58  1.62  1.57  1.91  2.20  2.01  2.34
SKEW       .51   .17   .18   .40   .55   .79  1.40   .98  1.17   .61   .84  1.10
% ENE     2.40  3.70  3.50  4.30  4.70  3.10  4.50  5.70  3.40  2.30  2.00  1.90
MEAN      4.47  6.03  4.96  5.35  4.58  3.81  3.50  3.61  3.34  4.86  3.79  4.70
STD DEV   1.97  2.65  2.31  2.26  1.95  1.76  1.48  1.53  1.47  2.11  1.22  2.27
SKEW       .49   .22   .42   .28   .24   .78   .65   .74   .69   .71   .15   .40
% E       2.50  3.50  5.10  5.40  4.10  5.10  6.00  7.10  4.00  2.60  2.60  2.50
MEAN      4.24  5.36  6.11  5.56  4.38  3.81  3.17  3.21  3.24  3.35  4.43  4.85
STD DEV   2.22  2.37  3.08  2.49  1.91  2.11  1.51  1.62  1.37  1.23  2.01  2.46
SKEW       .90   .27   .39  -.05   .31  1.00   .84  1.24   .76   .56  1.10   .25
% ESE     3.10  4.10  5.90  4.40  4.10  5.00  3.90  5.70  3.00  2.80  2.00  3.00
MEAN      5.69  5.89  6.62  5.49  5.02  3.85  3.43  3.70  3.82  4.15  4.72  5.49
STD DEV   2.39  2.26  2.49  2.26  2.13  1.75  1.39  1.64  1.72  1.78  2.03  2.10
SKEW       .13   .10  -.01   .14   .18   .66   .56   .66   .49   .94   .88   .05
% SE      5.60  6.00  6.70  6.20  5.40  7.70  7.80  8.30  6.30  5.70  3.90  6.50
MEAN      5.40  5.84  6.41  5.36  4.36  3.85  3.16  3.39  3.77  3.54  4.26  5.25
STD DEV   2.20  2.18  2.72  2.34  2.21  2.04  1.38  1.55  1.79  1.51  1.94  2.24
SKEW       .06  -.22   .39   .22   .55   .67   .96   .93   .93  1.41   .72   .14
% SSE    10.50  9.50  9.50  7.80 11.90  9.40  9.00  9.60  9.10 10.70  6.90  9.60
MEAN      5.85  6.23  6.39  5.58  4.85  4.23  3.66  3.51  4.42  4.54  5.30  5.92
STD DEV   2.05  2.36  2.53  2.18  2.16  1.98  1.54  1.45  1.81  2.07  1.98  2.57
SKEW       .00   .42   .10   .07   .38   .65   .80   .69   .67  1.12   .13   .28
% S       8.40  6.30  7.40  7.60  9.30 12.60 13.80 11.60 14.30 15.00  9.30  9.50
MEAN      5.49  5.72  5.86  5.33  4.42  4.06  3.76  3.21  4.29  4.62  5.16  5.40
STD DEV   2.26  2.28  2.88  2.23  2.20  1.90  1.78  1.53  1.85  2.16  2.33  2.26
SKEW       .08   .07   .72   .08   .57   .61   .52  1.09   .56   .71   .36   .12
% SSW     9.40  9.40  5.70  7.20  9.60 13.70 11.40  8.50 10.00 12.80 12.70 10.00
MEAN      5.86  6.17  5.27  5.58  4.55  4.61  4.57  3.82  4.78  4.93  5.53  5.65
STD DEV   2.17  2.53  2.31  2.37  2.24  1.99  1.93  1.78  2.12  2.17  2.30  2.33
SKEW       .02   .07   .34  -.06   .50   .29   .22   .49   .78   .67   .33   .12
% SW      4.70  5.90  3.70  4.40  5.90  7.30  6.50  5.20  6.20  6.30  7.90  7.40
MEAN      4.74  5.23  5.20  5.04  3.93  4.40  4.24  3.80  3.77  5.11  5.23  5.52
STD DEV   2.38  2.47  2.59  2.61  2.17  2.31  2.08  1.68  1.89  2.44  2.83  2.61
SKEW       .55   .06   .38   .36   .87   .68   .34   .33   .94   .91   .81   .41
% WSW     4.10  3.90  4.10  3.30  4.50  4.40  3.20  3.20  3.90  3.90  5.40  5.50
MEAN      6.21  6.29  7.48  5.59  5.31  4.93  3.94  4.17  4.29  5.04  5.92  6.48
STD DEV   3.21  2.91  3.88  3.13  2.48  1.96  1.94  1.69  2.02  2.27  2.61  2.94
SKEW       .94   .37   .67   .61   .41   .17   .41   .32   .63   .77   .24  1.08
% W       3.80  4.00  4.70  3.70  3.90  3.70  2.60  3.20  4.50  2.60  4.80  6.20
MEAN      6.78  6.19  6.95  4.35  4.56  4.20  3.29  3.52  3.78  4.73  5.69  5.88
STD DEV   3.96  3.17  3.47  2.70  2.51  2.20  1.95  1.78  1.98  2.29  3.15  2.65
SKEW       .77   .65   .32  1.25   .58   .67  1.06   .73   .81   .56   .60   .26
% WNW     7.30  8.30  8.90  8.70  5.70  4.00  3.40  3.40  4.70  4.40 11.10  9.80
MEAN      6.78  7.24  7.45  7.43  5.66  4.79  4.07  4.19  4.78  5.45  6.79  6.64
STD DEV   2.75  2.53  3.06  3.48  2.75  2.25  2.34  2.02  2.23  2.94  3.32  2.73
SKEW       .17  -.44  -.09   .30   .39   .31   .90   .77   .88   .58   .89   .00
% NW     13.80 10.80 12.20 13.70  8.60  6.00  5.20  4.40 10.10  9.30 13.00 11.70
MEAN      7.10  6.33  6.97  6.76  5.43  4.27  3.85  4.00  4.80  5.29  6.91  6.31
STD DEV   2.49  2.89  2.90  3.03  2.60  2.20  2.00  2.03  2.46  2.74  3.00  2.64
SKEW      -.31   .23   .07   .13   .41   .54   .71   .73   .52   .63   .10  -.06
% NNW     9.20  8.10  6.70  6.90  4.70  3.80  4.30  3.70  4.10  6.60  8.80  6.30
MEAN      7.03  6.96  7.19  6.59  5.48  4.57  5.04  4.24  5.24  6.30  6.61  6.38
STD DEV   2.26  2.90  2.63  2.69  2.50  2.00  2.12  1.83  2.58  2.29  2.41  2.92
SKEW      -.38   .21  -.11  -.18   .29   .29  -.03   .57   .52  -.13  -.05   .42
CALM      1.60  1.90  1.60  1.70  3.70  4.10  5.80  5.10  3.30  2.90  1.30  1.80
 
INTERPOLATED DATA (station & weighting factor)
 
---Wind Stations---
QUINCY        IL    1.000  BURLINGTON    IA     .000  SPRINGFIELD   IL     .000
---Solar Radiation and Max .5 P Stations---
 COLUMBIA, MISSOURI  .396   SAINT LOUIS, MISSO  .393   DUBUQUE, IOWA       .211 
---Dewpoint Stations---
IA BURLINGTON        .422  IL SPRINGFIELD       .308  MO COLUMBIA          .270 
---Time Peak Stations---
QUINCY DAM 21 IL     .443  HANNIBAL WATERWORKS  .314  AUGUSTA IL           .243 
