 PLYMOUTH PWR SUB ST IN                  127028 0
 LATT=  41.35 LONG= -86.30 YEARS= 85. TYPE= 3
 ELEVATION =  790. TP5 = 2.16 TP6= 4.17
 MEAN P    .21   .21   .26   .31   .36   .42   .43   .40   .38   .34   .26   .23
 S DEV P   .28   .29   .31   .36   .43   .53   .57   .50   .46   .47   .31   .32
 SKEW  P  4.03  3.39  2.43  2.56  2.37  2.56  2.79  2.48  2.51  3.89  2.26  3.21
 P(W/W)    .42   .42   .42   .53   .49   .46   .34   .39   .45   .46   .47   .43
 P(W/D)    .26   .24   .31   .29   .27   .26   .24   .22   .22   .22   .27   .28
 TMAX AV 33.07 36.21 47.30 60.90 72.39 81.89 85.93 84.05 77.22 65.10 49.41 36.51
 TMIN AV 16.57 18.69 27.73 37.80 47.74 57.20 61.20 59.29 52.47 41.58 31.48 21.17
 SD TMAX 11.15 10.72 12.53 11.84 10.38  8.10  6.43  6.46  8.97 10.60 11.43 10.63
 SD TMIN 12.87 12.04 10.30  9.57  9.50  8.26  6.96  7.52  9.52  9.46 10.09 11.85
 SOL.RAD  119.  182.  277.  366.  458.  506.  510.  452.  365.  255.  149.  105.
 SD SOL   52.7  65.4  81.3 102.3 107.3 106.6  96.6 188.7  85.2  51.8  49.0  48.0
 MX .5 P   .43   .36   .44  1.01   .62  1.75  1.47  1.48   .98   .54   .29   .40
 DEW PT  19.65 21.65 27.05 36.59 47.65 57.05 61.82 61.00 53.23 43.82 32.65 23.24
Time Pk   .681  .774  .810  .852  .866  .875  .888  .897  .908  .934  .959 1.000
% N       4.84  5.59  5.33  4.73  5.52  5.12  6.06  6.51  4.76  4.73  3.73  2.62
MEAN      4.71  4.76  4.63  4.60  4.38  3.71  3.63  3.59  4.12  4.58  4.54  4.58
STD DEV   1.81  1.94  2.05  1.86  1.96  1.62  1.60  1.52  1.79  1.98  2.13  1.95
SKEW       .38   .44   .89   .44   .56   .74   .72   .50   .50   .42   .51   .50
% NNE     3.31  3.88  3.86  3.60  4.48  2.72  3.73  4.19  3.13  3.94  2.46  1.91
MEAN      4.63  4.71  4.60  4.53  4.17  3.79  3.53  3.62  4.22  4.26  4.55  4.91
STD DEV   1.57  1.83  1.83  1.92  1.75  1.57  1.33  1.46  1.68  1.73  1.85  2.23
SKEW       .20   .36   .45   .67   .49   .68   .23   .66   .43   .52   .36   .31
% NE      3.24  3.26  3.83  3.50  4.46  2.94  4.29  4.35  3.95  3.77  2.32  1.88
MEAN      4.53  4.27  4.49  4.40  4.33  3.51  3.27  3.23  3.93  3.86  3.95  4.33
STD DEV   1.82  1.87  1.83  1.95  1.99  1.48  1.37  1.38  1.63  1.63  1.52  2.06
SKEW       .35   .40   .38   .47   .99   .55   .57   .67   .56   .57   .39   .83
% ENE     3.10  4.28  5.31  4.35  4.55  2.86  3.53  3.83  3.19  3.07  1.90  2.36
MEAN      4.42  5.23  5.61  4.86  4.24  3.78  3.46  3.40  3.84  3.88  4.28  4.58
STD DEV   1.64  2.22  2.22  1.98  1.75  1.51  1.51  1.39  1.56  1.64  1.91  2.09
SKEW       .41   .52   .09   .31   .58   .63   .56   .49   .62   .57   .57   .50
% E       2.81  4.55  6.42  5.38  5.17  4.28  3.54  3.35  4.09  3.57  2.05  3.30
MEAN      4.09  5.05  5.93  5.08  3.97  3.70  3.10  3.13  3.54  3.26  3.87  4.56
STD DEV   1.64  2.20  2.43  2.22  1.54  1.61  1.26  1.23  1.45  1.41  1.61  1.86
SKEW       .54   .27   .16   .35   .45   .65   .52   .54   .84   .84   .77   .26
% ESE     4.29  4.96  6.00  6.16  4.85  4.15  3.17  3.32  3.69  3.84  2.40  4.05
MEAN      4.86  5.36  5.78  5.53  4.68  4.27  3.41  3.25  3.74  3.84  3.98  5.36
STD DEV   1.81  2.14  2.19  2.08  1.64  1.68  1.31  1.18  1.40  1.59  1.57  1.77
SKEW       .30   .35   .20   .17   .18   .37   .25   .34   .53   .56   .61   .23
% SE      4.79  4.91  4.75  5.33  4.87  4.93  4.11  5.61  5.39  5.69  3.57  4.86
MEAN      4.59  4.88  5.03  4.81  4.26  3.59  3.24  3.04  3.63  3.72  4.08  4.59
STD DEV   1.85  1.80  2.13  1.90  1.62  1.43  1.32  1.14  1.46  1.52  1.75  1.87
SKEW       .58   .15   .59   .38   .25   .64   .88   .65   .58   .78   .55   .54
% SSE     5.40  4.79  5.17  5.35  4.70  6.35  5.07  5.06  5.86  5.31  6.40  5.66
MEAN      4.64  5.28  5.07  5.27  4.41  4.11  3.58  3.28  3.62  3.94  4.77  4.64
STD DEV   1.83  1.98  1.99  2.02  1.70  1.54  1.50  1.32  1.46  1.63  1.96  1.68
SKEW       .49   .32   .35   .41   .39   .59   .59   .59   .57   .71   .48   .40
% S       8.33  5.84  5.36  5.64  7.17 10.18  8.76  8.11 10.34  9.02  9.69  8.67
MEAN      5.19  5.14  5.54  5.18  4.78  4.48  3.92  3.37  4.14  4.31  5.05  5.17
STD DEV   2.16  2.09  2.33  2.14  2.08  1.77  1.66  1.39  1.92  1.89  2.41  2.27
SKEW       .50   .39   .35   .52   .52   .58   .62   .67   .67   .76   .75   .68
% SSW    12.06  9.25  6.16  7.88  8.29 12.11 11.01  9.53 10.41 11.95 14.07 13.65
MEAN      5.66  5.55  6.09  5.78  5.38  4.92  4.45  3.96  4.63  5.03  5.69  5.55
STD DEV   2.14  2.14  2.54  2.19  2.19  1.82  1.83  1.67  1.80  2.02  2.30  2.12
SKEW       .32   .22   .20   .43   .46   .41   .61   .55   .40   .35   .58   .40
% SW     11.81 10.91  7.14  8.23  8.13  8.72  9.29  8.91 10.43 10.85 13.34 16.11
MEAN      5.14  5.38  5.61  5.35  4.87  4.60  4.18  3.94  4.14  4.49  5.01  5.20
STD DEV   2.07  2.22  2.76  2.29  2.24  1.94  1.78  1.68  1.76  2.03  2.40  2.06
SKEW       .71   .44   .65   .50   .80   .54   .50   .54   .67   .56  1.48   .45
% WSW     8.94  8.24  8.49  7.12  5.80  5.57  5.56  4.97  4.89  5.61 10.35 11.20
MEAN      5.91  5.82  6.27  5.80  5.08  4.69  4.25  3.85  4.00  4.48  5.90  5.48
STD DEV   2.46  2.70  2.76  2.63  2.34  2.00  1.84  1.65  1.67  2.04  2.50  2.12
SKEW       .60   .70   .43   .64   .66   .40   .57   .62   .59   .59   .51   .53
% W       6.47  6.88  5.94  6.12  4.99  4.16  3.69  3.85  4.64  4.23  6.18  7.00
MEAN      5.71  5.50  6.10  5.53  4.92  4.33  3.86  3.86  4.38  4.49  5.21  5.42
STD DEV   2.22  2.43  2.41  2.63  2.17  1.92  1.74  1.77  2.04  2.09  2.28  1.90
SKEW       .33   .47   .21   .62   .41   .66   .59   .70   .64   .44   .42   .38
% WNW     7.29  7.66  7.72  8.58  6.32  5.53  4.72  3.95  5.10  4.62  7.30  6.38
MEAN      6.32  6.18  6.19  6.05  5.21  4.80  4.65  4.61  5.01  5.71  5.98  5.82
STD DEV   2.15  2.45  2.38  2.29  2.14  1.99  1.95  1.89  2.00  2.32  2.32  2.17
SKEW       .06   .13   .23   .16   .48   .44   .66   .46   .35   .41   .18   .25
% NW      5.96  5.44  8.20  7.75  7.90  6.76  6.85  6.57  6.35  6.53  6.46  4.42
MEAN      6.14  5.51  5.97  5.97  5.03  4.82  4.25  4.19  4.99  5.19  5.80  5.43
STD DEV   2.39  2.26  2.41  2.42  2.07  1.93  1.88  1.78  1.97  2.18  2.83  2.07
SKEW       .15   .31   .21   .19   .24   .36   .47   .43   .31   .19   .75   .01
% NNW     5.12  6.61  7.60  7.44  7.09  6.88  6.25  6.59  5.68  5.70  4.57  2.91
MEAN      5.68  5.53  5.84  5.80  5.13  4.66  4.33  4.15  4.70  5.04  5.19  5.34
STD DEV   2.33  2.12  2.40  2.37  2.09  1.95  1.86  1.80  1.97  1.99  2.20  2.30
SKEW       .48   .24   .46   .24   .33   .33   .46   .72   .38   .13   .38   .22
CALM      2.26  2.99  2.76  2.84  5.64  6.81 10.46 11.25  8.07  7.56  3.19  2.95
 
INTERPOLATED DATA (station & weighting factor)
 
---Wind Stations---
SOUTH BEND    IN     .460  GOSHEN        IN     .386  W. LAFAYETTE  IN     .154
---Solar Radiation and Max .5 P Stations---
 FORT WAYNE, INDIAN  .415   CHICAGO, ILLINOIS   .340   INDIANAPOLIS, INDI  .245 
---Dewpoint Stations---
IN SOUTH BEND        .592  IN FORT WAYNE        .231  IL CHICAGO           .177 
---Time Peak Stations---
ROCHESTER IN         .501  MEDARYVILLE ST NRS   .299  LAGRANGE SEWAGE PLT  .200 
