 SPENCER HIWAY 46 BR IN                  128290 0
 LATT=  39.28 LONG= -86.77 YEARS= 43. TYPE= 3
 ELEVATION =  560. TP5 = 2.24 TP6= 4.46
 MEAN P    .27   .29   .34   .35   .41   .45   .51   .44   .39   .35   .38   .32
 S DEV P   .43   .37   .42   .39   .51   .55   .65   .56   .51   .49   .50   .40
 SKEW  P  3.32  2.43  2.46  2.11  2.42  2.49  2.65  2.35  2.08  2.73  2.23  2.18
 P(W/W)    .43   .44   .48   .49   .50   .47   .43   .44   .42   .45   .50   .50
 P(W/D)    .27   .26   .32   .31   .28   .24   .24   .22   .21   .19   .26   .25
 TMAX AV 36.71 41.45 51.67 64.24 74.82 83.17 86.63 85.00 79.20 67.87 53.10 40.68
 TMIN AV 19.04 21.06 29.52 39.31 49.48 58.85 62.90 60.50 52.76 40.16 31.49 22.76
 SD TMAX 12.47 12.50 12.48 11.71  9.24  7.11  5.81  6.04  8.46 10.46 12.11 12.16
 SD TMIN 11.23 11.11 10.36 10.16  8.99  7.34  6.02  6.46  9.22 10.03 10.63 11.16
 SOL.RAD  137.  209.  309.  392.  484.  537.  537.  483.  398.  286.  174.  130.
 SD SOL   51.2  60.3  73.5  94.2  97.5  94.6  86.3 163.7  76.6  45.5  45.1  44.3
 MX .5 P   .42   .58   .50   .87   .76  2.06  1.54  1.83  1.09   .60   .59   .39
 DEW PT  24.71 24.75 31.43 41.43 50.15 60.95 64.80 63.80 55.31 45.31 32.95 25.07
Time Pk   .628  .715  .771  .821  .840  .848  .868  .885  .896  .921  .954 1.000
% N       7.09  6.51  5.85  6.08  7.25  6.21  6.14  8.82  6.98  7.02  5.12  4.76
MEAN      4.38  4.35  4.54  4.34  4.06  3.49  3.08  3.15  3.55  3.55  3.93  4.10
STD DEV   1.84  2.10  2.15  1.96  1.84  1.65  1.48  1.47  1.73  1.72  1.91  2.00
SKEW       .30   .75   .69   .52   .54   .56   .81   .71   .68   .60   .58   .70
% NNE     4.20  5.05  4.74  5.76  6.44  5.12  6.24  8.40  6.37  5.42  3.15  2.85
MEAN      4.40  4.30  4.55  4.38  4.16  3.49  3.34  3.32  3.68  3.65  3.62  4.05
STD DEV   1.70  1.79  1.95  1.74  1.71  1.51  1.49  1.46  1.57  1.60  1.54  1.88
SKEW       .26   .40   .38   .20   .38   .51   .73   .76   .53   .55   .63   .53
% NE      3.84  4.74  4.92  5.23  5.66  4.75  6.64  8.47  7.02  5.81  2.59  2.82
MEAN      4.22  4.18  4.57  4.50  3.89  3.15  2.91  2.93  3.25  3.33  3.40  4.07
STD DEV   1.82  1.87  1.86  1.78  1.70  1.49  1.31  1.40  1.56  1.70  1.50  2.07
SKEW       .32   .55   .28   .23   .54   .67   .75   .86   .79   .74   .54   .65
% ENE     2.56  4.07  4.42  4.01  4.10  3.20  3.84  4.25  3.83  3.35  1.76  2.22
MEAN      4.50  4.54  5.05  4.66  3.90  3.32  3.03  3.02  3.34  3.21  3.72  4.31
STD DEV   2.07  1.93  2.09  1.85  1.72  1.42  1.33  1.30  1.56  1.54  1.60  1.99
SKEW       .64   .57   .29   .32   .48   .37   .57   .69   .70  1.19   .18   .75
% E       2.96  4.04  4.78  4.04  4.69  3.88  4.55  4.80  4.37  4.04  2.41  3.21
MEAN      3.69  4.01  4.92  4.49  3.65  3.10  2.64  2.73  2.80  3.03  3.46  3.97
STD DEV   1.39  1.80  1.98  1.82  1.61  1.44  1.28  1.26  1.29  1.46  1.80  1.88
SKEW      -.02   .65   .15   .39   .52   .74  1.30   .60   .60   .92   .75  1.09
% ESE     3.87  4.33  4.86  5.03  4.75  3.83  4.25  4.34  4.38  4.42  3.04  3.51
MEAN      4.00  4.26  4.82  4.55  3.76  3.30  2.76  2.85  3.19  3.44  3.52  3.64
STD DEV   1.54  1.57  1.82  1.81  1.49  1.43  1.09  1.15  1.28  1.41  1.41  1.46
SKEW       .37   .63   .41   .62   .51   .61   .57   .53   .59   .51   .55   .56
% SE      5.58  6.56  6.81  6.71  6.12  7.14  7.29  7.05  8.19  7.96  6.53  7.68
MEAN      3.99  4.27  4.72  4.33  3.44  3.08  2.65  2.70  2.88  3.05  3.65  3.97
STD DEV   1.67  1.78  2.03  1.73  1.45  1.41  1.14  1.12  1.26  1.35  1.75  1.69
SKEW       .68   .55   .76   .67   .61  1.11   .78   .78   .56   .72   .95   .47
% SSE     6.64  7.17  6.93  6.60  6.71  7.81  6.99  6.52  7.38  7.02  7.45  8.15
MEAN      4.63  4.78  5.32  4.72  3.86  3.59  2.98  2.91  3.43  3.49  4.54  4.67
STD DEV   1.85  1.90  2.19  2.00  1.74  1.55  1.30  1.20  1.47  1.62  1.96  1.90
SKEW       .49   .61   .67   .74   .98   .77   .97   .65   .68   .87   .70   .86
% S      11.06  7.87  7.49  8.71  8.59 11.67 10.54  8.56 10.71 10.82 11.56 11.84
MEAN      5.04  4.96  5.58  5.13  4.18  3.94  3.24  2.95  3.58  3.97  4.63  4.87
STD DEV   2.25  2.24  2.49  2.43  2.07  1.84  1.50  1.34  1.66  2.08  2.24  2.24
SKEW       .69   .54   .51   .98   .78   .78   .74   .74   .65  1.05   .78   .73
% SSW     8.70  6.96  5.95  8.07  7.81 10.07  8.02  5.91  7.59  7.62  9.38  8.27
MEAN      5.84  5.75  6.42  6.28  5.26  4.62  4.15  3.68  4.51  4.78  5.47  5.34
STD DEV   2.47  2.53  2.97  2.68  2.53  2.02  1.87  1.60  1.94  2.08  2.28  2.19
SKEW       .51   .17   .48   .34   .75   .43   .54   .53   .34   .32   .41   .50
% SW      6.75  7.11  6.71  7.54  9.09 10.14 10.10  7.61  7.55  7.82  9.26  8.42
MEAN      5.32  5.41  5.70  5.63  4.68  4.51  4.17  3.58  4.27  4.37  4.82  5.17
STD DEV   2.68  2.59  2.83  2.49  2.32  2.16  1.95  1.67  2.03  2.16  2.30  2.27
SKEW       .97   .57   .71   .44   .64   .59   .65   .49   .51   .62   .70   .46
% WSW     5.33  5.70  5.55  5.36  6.11  6.05  5.77  4.44  3.59  4.11  6.12  6.61
MEAN      5.60  5.51  6.19  5.82  4.71  4.43  4.01  3.72  3.85  4.27  5.26  5.24
STD DEV   2.68  2.61  3.04  2.75  2.24  1.97  1.84  1.69  1.71  1.89  2.58  2.43
SKEW       .65   .65   .79   .48   .64   .47   .66   .60   .54   .47   .93   .53
% W       6.13  5.84  6.94  6.15  4.76  4.23  4.47  3.80  3.51  4.21  7.29  6.88
MEAN      5.73  5.45  6.24  5.79  4.58  4.21  3.68  3.29  3.50  4.14  5.16  5.05
STD DEV   2.62  2.60  2.73  2.84  2.36  2.18  1.73  1.58  1.77  2.15  2.45  2.34
SKEW       .42   .55   .37   .44   .62   .57   .39   .58   .78   .72   .36   .55
% WNW     6.81  8.65  8.88  7.38  4.52  3.51  3.06  3.07  3.58  4.40  8.17  7.56
MEAN      5.83  6.03  6.41  6.38  5.40  4.72  3.70  3.48  4.19  5.03  5.78  5.48
STD DEV   2.29  2.39  2.60  2.49  2.48  2.18  1.85  1.74  2.06  2.27  2.41  2.22
SKEW       .19   .20   .28   .27   .67   .47   .76   .80   .79   .37   .31   .14
% NW     10.69  7.95  8.93  6.78  5.48  4.06  3.76  4.39  5.54  6.50  9.57  9.24
MEAN      5.44  5.48  5.65  5.65  4.67  4.03  3.64  3.23  3.90  4.68  5.44  4.95
STD DEV   2.25  2.32  2.34  2.31  2.04  2.08  1.99  1.67  2.00  2.27  2.38  2.21
SKEW       .30   .28   .28   .17   .20   .82   .84   .72   .68   .45   .40   .36
% NNW     6.65  6.08  5.02  4.85  4.51  4.16  3.58  4.56  4.95  4.78  4.36  4.44
MEAN      4.98  5.27  5.06  5.27  4.63  4.01  3.47  3.39  3.87  4.48  4.83  4.68
STD DEV   1.90  2.26  2.12  2.08  2.05  1.74  1.75  1.60  1.70  2.03  2.10  2.09
SKEW       .46   .46   .29   .15   .39   .35  1.05   .69   .51   .38   .38   .54
CALM      1.16  1.33  1.18  1.65  3.27  4.15  4.76  5.10  4.39  4.74  2.13  1.68
 
INTERPOLATED DATA (station & weighting factor)
 
---Wind Stations---
TERRE HAUTE   IN     .482  INDIANAPOLIS  IN     .361  LOUISVILLE    KY     .157
---Solar Radiation and Max .5 P Stations---
 INDIANAPOLIS, INDI  .604   EVANSVILLE, INDIAN  .260   CHICAGO, ILLINOIS   .136 
---Dewpoint Stations---
IN TERRE HAUTE       .482  IN INDIANAPOLIS      .361  KY LOUISVILLE        .157 
---Time Peak Stations---
MARTINSVILLE C HALL  .398  BRAZIL WATER WORKS   .336  BEDFORD IN           .265 
