 HOWARD KS                               143822 0
 LATT=  37.48 LONG= -96.27 YEARS= 45. TYPE= 3
 ELEVATION = 1110. TP5 = 2.99 TP6= 6.00
 MEAN P    .22   .25   .35   .39   .51   .53   .47   .50   .54   .48   .44   .29
 S DEV P   .33   .30   .40   .52   .66   .69   .55   .67   .74   .66   .58   .39
 SKEW  P  3.66  2.15  1.73  2.83  2.43  3.37  1.92  2.51  3.40  3.48  2.62  2.56
 P(W/W)    .34   .32   .39   .39   .42   .46   .39   .37   .40   .44   .41   .28
 P(W/D)    .12   .14   .17   .22   .26   .23   .19   .19   .19   .15   .12   .13
 TMAX AV 43.37 49.42 59.17 70.64 78.21 86.21 92.24 91.64 83.71 73.40 57.91 46.49
 TMIN AV 19.97 24.81 33.31 44.91 54.38 63.20 67.22 65.32 57.47 46.03 33.65 24.10
 SD TMAX 13.29 13.89 13.12 10.31  7.58  6.85  6.84  7.24  9.13 10.05 11.91 12.34
 SD TMIN 11.59 11.35 11.19 10.58  8.47  6.48  5.41  6.14  9.00  9.84 10.76 10.81
 SOL.RAD  224.  295.  391.  482.  538.  610.  600.  561.  461.  350.  266.  207.
 SD SOL   31.7  41.6  55.7  72.0  86.6  74.7  70.1 162.4  64.5  33.3  23.6  27.9
 MX .5 P   .28   .24   .76   .80  1.23  1.23  1.32  1.16  1.31  1.22   .89   .51
 DEW PT  22.05 26.05 30.99 42.54 54.54 63.48 66.17 64.42 56.48 46.23 33.43 25.74
Time Pk   .560  .671  .728  .790  .812  .817  .844  .859  .872  .901  .933 1.000
% N      10.49  8.82  6.31  6.50  5.03  3.16  3.25  3.53  5.06  6.49  6.04  8.32
MEAN      6.25  6.16  6.08  5.92  4.74  4.20  3.76  4.30  4.88  5.16  5.50  5.90
STD DEV   2.58  2.76  2.76  2.75  2.25  2.02  1.68  2.05  2.28  2.23  2.78  2.64
SKEW       .17   .21   .34   .40   .41   .58   .43   .52   .59   .50   .62   .29
% NNE     9.42  8.89  8.25  6.09  6.72  4.22  5.44  5.66  6.93  8.05  6.09  5.40
MEAN      5.70  5.77  6.03  5.78  4.73  4.86  4.41  4.55  5.08  5.27  5.24  5.13
STD DEV   2.37  2.46  2.46  2.35  2.15  2.19  1.91  2.05  2.24  2.32  2.67  2.27
SKEW       .33   .50   .35   .45   .45   .58   .69   .52   .63   .64   .98   .51
% NE      3.46  4.48  5.49  5.21  5.65  3.72  5.57  6.19  5.60  4.03  3.12  2.94
MEAN      4.11  4.72  5.03  5.33  4.70  4.39  3.89  4.08  4.54  4.39  4.38  4.01
STD DEV   1.65  2.05  2.21  2.34  2.14  2.03  1.79  1.78  1.99  2.10  2.13  1.78
SKEW       .50   .56   .36   .51   .40   .64   .65   .38   .93   .53   .67   .59
% ENE     1.89  2.54  4.08  4.10  4.12  3.54  5.37  5.45  5.55  2.72  2.70  2.13
MEAN      3.72  4.51  5.31  5.19  4.87  4.30  4.33  4.29  4.41  4.37  4.66  4.40
STD DEV   1.39  1.86  2.32  2.04  2.08  1.97  1.67  1.71  1.66  1.64  1.74  1.78
SKEW       .24   .68   .49   .56   .54   .74   .55   .72   .41   .29   .23   .46
% E       2.20  3.03  3.79  3.88  4.01  4.38  5.09  5.45  4.81  3.03  2.09  2.09
MEAN      3.30  3.93  4.79  4.53  4.00  4.18  3.75  3.92  3.95  3.99  3.92  3.56
STD DEV   1.33  1.67  2.15  1.88  1.75  1.78  1.61  1.53  1.58  1.79  1.64  1.66
SKEW       .55   .43   .64   .45   .57   .66   .68   .60   .35   .56   .44   .45
% ESE     3.18  4.14  5.18  5.46  5.69  6.01  7.42  8.91  6.52  4.80  3.31  3.54
MEAN      4.13  4.57  5.17  5.10  4.76  4.68  4.56  4.38  4.36  4.39  4.61  4.30
STD DEV   1.65  1.72  1.91  1.84  1.94  1.77  1.76  1.63  1.58  1.62  1.80  1.53
SKEW       .48   .24   .57   .55   .70   .67   .65   .81   .45   .57   .47   .43
% SE      4.91  5.62  6.73  6.49  8.20  7.31  9.64 10.41  7.93  7.39  4.82  4.54
MEAN      4.11  4.84  5.21  5.20  4.69  4.81  4.32  4.33  4.31  4.65  4.36  4.43
STD DEV   1.73  1.96  2.22  2.23  2.06  1.96  1.74  1.61  1.58  1.85  1.79  1.76
SKEW       .46   .31   .79   .64   .70   .78   .75   .45   .43   .54   .67   .37
% SSE     7.72  8.74  9.19 11.17 13.82 14.90 13.11 14.75 14.12 12.74  9.04  8.96
MEAN      5.83  6.43  6.99  6.78  6.51  6.13  5.40  5.33  5.68  5.75  5.80  5.90
STD DEV   2.33  2.37  2.62  2.60  2.61  2.16  1.90  1.74  2.08  2.24  2.24  2.25
SKEW       .46   .20   .48   .27   .42   .37   .29   .28   .30   .64   .44   .42
% S      13.38 10.81 10.10 13.72 15.60 22.62 17.54 16.90 15.57 17.42 16.34 14.41
MEAN      6.06  6.77  7.48  7.57  6.96  6.52  5.82  5.73  6.29  6.13  6.34  6.21
STD DEV   2.60  2.85  3.51  3.08  3.06  2.38  2.22  1.92  2.34  2.53  2.55  2.70
SKEW       .50   .24   .60   .34   .32   .31   .28   .13   .16   .48   .41   .89
% SSW    10.56  8.74  6.95  8.33  7.56 15.65 13.42 10.45 10.74 11.01 10.37  9.87
MEAN      6.76  6.77  7.67  7.59  6.82  7.21  6.31  6.27  6.65  6.45  6.40  6.05
STD DEV   3.19  3.15  3.84  3.47  3.16  2.67  2.50  2.19  2.81  2.79  2.70  2.68
SKEW       .60   .55   .73   .64   .38   .23   .22  -.12   .21   .37   .53   .85
% SW      3.39  3.56  3.20  2.24  2.50  2.58  4.14  2.86  2.90  2.74  3.90  4.25
MEAN      4.52  4.96  6.28  5.29  4.92  5.05  4.76  5.26  4.66  4.45  4.80  4.78
STD DEV   2.27  2.42  3.96  2.79  2.87  2.35  2.54  2.63  2.31  2.09  2.40  2.53
SKEW       .79   .53  1.27   .73   .77   .68   .89   .34   .38   .50   .75  1.33
% WSW     2.78  3.65  3.00  1.85  1.80  1.59  1.80  1.13  1.55  1.58  2.83  3.41
MEAN      4.30  4.87  6.18  5.19  4.48  4.31  4.20  4.88  4.43  4.11  4.69  4.64
STD DEV   2.02  2.38  3.58  2.48  2.44  1.99  1.75  2.26  2.23  1.95  2.37  2.53
SKEW       .69   .73  1.03   .44  1.00   .56   .26   .38   .51   .53   .88  1.41
% W       2.15  2.57  2.23  1.77  1.85   .91  1.11   .73  1.18  1.46  2.75  3.59
MEAN      3.84  4.44  5.46  4.63  3.51  3.35  3.26  2.93  3.04  3.55  3.81  3.97
STD DEV   2.06  2.26  3.00  2.77  1.81  1.70  1.75  1.22  1.36  1.64  1.89  1.86
SKEW       .91   .81   .63   .80   .98   .69   .67   .99   .61   .68   .93   .82
% WNW     3.70  4.70  5.32  3.61  3.29  1.53   .96   .83  1.70  2.36  5.18  5.47
MEAN      4.67  5.31  6.91  5.72  4.41  4.66  3.42  3.55  3.62  3.89  5.03  4.90
STD DEV   2.45  2.60  3.30  2.99  2.42  2.24  1.59  1.75  1.74  1.91  2.53  2.25
SKEW      1.03   .73   .42   .82   .89  1.11   .42   .83  1.19   .89  1.07   .93
% NW      7.19  6.82  7.34  7.18  4.90  2.45  1.45  1.77  2.19  4.30  8.05  8.24
MEAN      5.16  5.54  6.85  6.69  4.71  4.43  2.88  3.78  3.80  4.52  5.37  5.46
STD DEV   2.52  2.53  3.34  3.46  2.37  2.20  1.41  1.87  1.96  2.37  2.60  2.38
SKEW       .54   .44   .46   .50   .49   .51   .79   .64  1.07   .78   .81   .44
% NNW    12.21 11.38 11.62 11.08  6.34  3.32  2.27  2.98  5.12  7.66 11.24 10.99
MEAN      6.45  6.41  7.26  6.75  5.68  5.02  4.31  4.63  5.11  5.41  6.19  6.52
STD DEV   2.70  2.68  2.98  2.79  2.67  2.17  2.09  1.98  2.37  2.40  2.72  2.96
SKEW       .09   .18   .08   .36   .52   .51   .83   .56   .59   .47   .54   .52
CALM      1.44  1.52  1.19  1.40  2.99  2.18  2.51  2.06  2.54  2.27  2.12  1.82
 
INTERPOLATED DATA (station & weighting factor)
 
---Wind Stations---
CHANUTE       KS     .416  EMPORIA       KS     .316  PONCA CITY    OK     .269
---Solar Radiation and Max .5 P Stations---
 WICHITA, KANSAS     .442   TULSA, OKLAHOMA     .312   TOPEKA, KANSAS      .247 
---Dewpoint Stations---
KS WICHITA           .444  OK TULSA             .309  KS TOPEKA            .248 
---Time Peak Stations---
GRENOLA KS           .504  BEAUMONT KS          .370  IOLA 1 W KS          .126 
