 LEAVENWORTH KS                          144588 0
 LATT=  39.32 LONG= -94.92 YEARS= 45. TYPE= 3
 ELEVATION =  790. TP5 = 2.71 TP6= 5.71
 MEAN P    .22   .24   .34   .36   .46   .51   .64   .50   .61   .52   .37   .29
 S DEV P   .27   .29   .41   .46   .62   .59   .81   .66   .82   .66   .53   .40
 SKEW  P  2.10  2.19  1.95  2.88  2.99  2.22  2.53  2.44  2.89  2.24  3.48  3.26
 P(W/W)    .30   .33   .40   .45   .48   .45   .39   .39   .41   .45   .42   .30
 P(W/D)    .13   .14   .18   .21   .27   .25   .20   .20   .19   .15   .13   .14
 TMAX AV 37.57 43.90 54.49 67.09 76.56 85.08 89.74 88.25 80.44 69.86 54.06 41.84
 TMIN AV 18.39 23.00 31.21 42.97 53.65 62.48 67.17 64.66 56.31 44.79 32.45 23.05
 SD TMAX 13.31 13.46 13.93 11.25  8.30  6.96  6.63  6.84  8.94 10.33 12.12 12.32
 SD TMIN 10.43 10.62 10.40 10.02  8.33  6.78  6.01  6.39  9.08  9.66 10.41 10.17
 SOL.RAD  188.  260.  341.  428.  520.  547.  529.  518.  404.  288.  223.  152.
 SD SOL   34.4  42.9  62.4  80.8  83.6  89.2  87.4 137.6  73.8  45.2  29.0  36.9
 MX .5 P   .21   .29   .68   .98  1.23  1.14  1.35  1.37  1.25  1.32   .56   .68
 DEW PT  19.40 23.75 29.00 40.25 52.31 62.60 65.25 64.60 54.57 44.66 31.46 23.40
Time Pk   .594  .708  .757  .810  .830  .838  .857  .876  .892  .921  .949 1.000
% N       8.04  7.53  8.85  6.27  4.37  3.81  4.35  4.60  5.89  6.27  6.12  6.78
MEAN      5.33  5.29  5.74  4.96  4.40  3.82  3.75  3.72  4.09  4.55  5.03  5.11
STD DEV   2.26  2.34  2.28  1.99  1.82  1.68  1.50  1.60  1.81  1.92  2.09  2.14
SKEW       .35   .41   .32   .29   .37   .52   .55   .47   .56   .39   .58   .59
% NNE     3.67  3.73  4.44  3.90  3.13  2.79  3.11  3.28  3.27  3.61  3.06  3.35
MEAN      4.92  4.84  5.28  4.58  4.38  3.95  3.54  3.61  3.81  4.21  4.55  4.75
STD DEV   1.83  2.04  2.03  1.82  1.79  1.71  1.56  1.58  1.61  1.51  1.75  2.20
SKEW       .19   .61   .54   .72   .77   .72   .95   .64   .47   .38   .39   .79
% NE      1.94  2.42  3.04  2.33  2.90  2.24  2.23  2.30  2.73  1.58  1.59  1.48
MEAN      3.96  4.07  4.52  4.03  3.68  3.42  3.30  3.35  3.58  3.58  3.45  4.19
STD DEV   1.50  1.52  1.87  1.47  1.39  1.34  1.35  1.34  1.39  1.24  1.21  1.66
SKEW       .15   .09   .37   .23   .16   .56   .46   .59   .32   .31   .26   .19
% ENE     1.32  1.68  2.30  1.87  2.04  1.99  1.68  1.93  2.18   .99  1.03   .98
MEAN      3.51  3.92  4.30  4.00  3.91  3.68  3.13  3.16  3.38  3.39  3.65  3.58
STD DEV   1.49  1.53  1.78  1.59  1.36  1.47  1.35  1.23  1.26  1.33  1.46  1.69
SKEW       .40   .16   .34   .64   .23   .41   .65   .41   .24   .44   .44   .48
% E       2.40  3.73  3.89  4.75  4.52  3.53  3.12  3.77  3.57  1.66  1.78  2.48
MEAN      3.76  4.42  4.18  4.76  4.28  3.63  3.32  3.19  3.31  3.63  3.46  3.90
STD DEV   1.59  1.77  1.83  1.86  1.79  1.52  1.34  1.38  1.41  1.69  1.41  1.52
SKEW       .35   .17   .49   .34   .69   .70   .75   .51   .76   .52   .50   .42
% ESE     2.65  3.66  4.05  5.43  3.64  3.45  4.14  4.48  4.03  2.39  2.20  3.24
MEAN      4.05  4.45  4.48  4.90  4.14  3.66  3.42  3.42  3.48  3.32  3.43  4.24
STD DEV   1.88  1.73  1.91  2.05  1.69  1.56  1.41  1.39  1.30  1.35  1.38  1.78
SKEW       .67   .51   .54   .31   .54   .67   .74   .64   .28   .40   .42   .34
% SE      4.01  4.92  6.16  7.47  6.52  7.58  8.20  8.70  7.44  6.49  5.75  5.33
MEAN      3.87  4.12  4.67  4.57  4.22  3.93  3.49  3.55  3.67  3.58  3.56  4.01
STD DEV   1.76  1.79  2.03  1.90  1.92  1.65  1.39  1.54  1.48  1.52  1.43  1.84
SKEW       .67   .80   .53   .37   .94   .53   .63   .83   .73   .55   .54   .66
% SSE     6.08  5.69  6.79  7.99 10.34 11.53 10.90  9.78 10.09 11.36  7.74  6.87
MEAN      4.00  4.21  4.74  4.81  4.46  4.06  3.59  3.56  3.91  4.11  4.00  3.97
STD DEV   1.79  1.75  2.26  2.20  2.01  1.71  1.45  1.53  1.67  1.78  1.74  1.71
SKEW       .60   .58  1.01   .61   .64   .62   .58   .62   .57   .64   .75   .73
% S      10.25  8.18 10.70 12.62 16.96 19.11 15.02 14.72 12.50 14.62 11.56 10.30
MEAN      4.55  4.63  5.55  5.57  4.84  4.65  3.95  3.91  4.36  4.64  4.60  4.60
STD DEV   1.89  1.94  2.36  2.34  1.94  1.89  1.55  1.58  1.92  1.99  2.03  2.10
SKEW       .46   .57   .54   .34   .51   .56   .60   .57   .65   .70   .94   .75
% SSW     5.27  5.45  4.19  5.03  5.93  6.31  6.81  5.29  3.57  5.09  5.33  4.69
MEAN      4.69  4.67  5.74  5.76  5.04  4.41  3.97  3.90  3.86  4.46  4.87  4.66
STD DEV   2.00  1.95  2.59  2.53  2.23  1.88  1.59  1.59  1.75  1.87  2.12  2.19
SKEW       .46   .52   .82   .33   .40   .69   .48   .44   .42   .44   .58   .62
% SW      2.89  2.81  2.82  2.91  3.04  3.55  3.91  2.76  2.47  2.65  2.88  2.86
MEAN      3.96  4.31  4.84  5.13  4.11  3.74  3.55  3.41  3.41  4.00  4.07  4.11
STD DEV   1.67  1.94  2.28  2.15  1.76  1.59  1.47  1.38  1.55  1.70  1.96  1.96
SKEW       .52   .56   .67   .48   .47   .79   .56   .56  1.04   .38   .82  1.12
% WSW     2.01  2.67  2.03  2.18  2.37  2.20  1.64  1.59  1.89  1.95  2.30  2.46
MEAN      3.63  3.96  4.50  4.44  3.97  3.18  3.12  3.04  3.38  3.79  3.78  4.01
STD DEV   1.58  1.71  2.33  2.19  2.17  1.31  1.30  1.42  1.43  1.67  1.55  2.16
SKEW       .93   .74   .69   .81  1.16   .66   .42   .75   .51   .65   .28  1.25
% W       3.28  3.57  3.51  3.12  3.06  2.25  1.82  1.43  2.20  2.46  3.76  3.83
MEAN      4.08  3.93  4.70  4.54  3.57  3.38  2.94  2.91  2.94  3.46  3.66  3.99
STD DEV   1.94  1.85  2.19  2.07  1.93  1.70  1.24  1.26  1.29  1.51  1.68  1.74
SKEW       .98   .94   .76   .36  1.68   .57   .55   .91   .51   .83   .91   .93
% WNW     4.30  4.00  5.23  3.64  3.54  1.89  1.55  1.49  2.25  3.17  5.40  6.26
MEAN      4.99  4.09  5.06  4.74  4.24  3.64  3.13  3.11  3.19  3.94  4.43  4.69
STD DEV   2.26  1.79  2.32  2.36  1.85  1.68  1.65  1.41  1.34  2.12  2.04  2.30
SKEW       .61   .67   .53   .57   .58   .55  1.06   .90   .58  1.21   .77   .82
% NW     10.02 11.38  8.61  7.46  5.13  3.29  3.24  3.59  4.96  6.95 10.42  9.98
MEAN      5.20  5.19  5.54  5.47  4.77  3.93  3.60  3.45  3.77  4.53  5.14  5.22
STD DEV   2.31  2.18  2.51  2.51  2.06  1.84  1.69  1.55  1.59  2.04  2.41  2.28
SKEW       .54   .62   .61   .40   .64   .77   .74   .83   .38   .56   .76   .58
% NNW    11.87 11.17 10.23  9.10  4.89  3.72  3.69  3.78  5.16  7.11  9.80  9.79
MEAN      5.48  5.65  5.90  5.79  4.93  4.32  3.71  3.80  4.14  4.86  5.18  5.53
STD DEV   2.26  2.44  2.43  2.43  2.22  1.89  1.75  1.93  1.84  2.10  2.40  2.37
SKEW       .34   .53   .24   .37   .53   .53   .88  1.02   .69   .56   .73   .36
CALM     20.01 17.47 13.30 13.75 17.57 20.78 24.62 26.62 25.79 21.69 19.33 19.39
 
INTERPOLATED DATA (station & weighting factor)
 
---Wind Stations---
FT.LEAVENWORTHKS     .706  KANSAS CITY   MO     .233  TOPEKA/FORBES KS     .061
---Solar Radiation and Max .5 P Stations---
 KANSAS CITY, MISSO  .606   TOPEKA, KANSAS      .315   DES MOINES, IOWA    .079 
---Dewpoint Stations---
MO KANSAS CITY       .403  MO ST. JOSEPH        .344  KS TOPEKA            .254 
---Time Peak Stations---
GLADSTONE MO         .421  VALLEY FALLS KS      .296  KEARNEY 2 E MO       .283 
