 CAMPBELLSVILLE KY                       151256 0
 LATT=  37.33 LONG= -85.35 YEARS= 44. TYPE= 3
 ELEVATION =  770. TP5 = 2.35 TP6= 4.59
 MEAN P    .35   .41   .40   .41   .43   .48   .51   .46   .55   .37   .38   .43
 S DEV P   .46   .54   .52   .53   .55   .62   .62   .62   .78   .50   .49   .56
 SKEW  P  2.57  2.98  2.67  2.63  2.95  2.37  2.23  2.54  4.31  3.01  2.81  2.25
 P(W/W)    .53   .48   .50   .50   .50   .53   .48   .45   .49   .41   .45   .48
 P(W/D)    .26   .25   .28   .26   .25   .20   .25   .20   .15   .17   .24   .23
 TMAX AV 44.09 48.67 58.28 69.42 77.68 84.90 87.83 86.91 81.35 70.41 58.02 48.02
 TMIN AV 25.59 27.77 35.81 45.19 53.85 61.36 65.51 63.75 57.06 45.35 36.69 29.18
 SD TMAX 12.69 12.26 11.66  9.83  7.62  5.64  4.73  5.02  7.58  9.48 11.12 11.43
 SD TMIN 12.54 12.35 11.11 10.31  8.52  6.51  5.18  5.86  8.29  9.93 10.88 11.81
 SOL.RAD  161.  250.  339.  447.  547.  587.  570.  516.  449.  332.  225.  163.
 SD SOL   46.0  48.2  61.2  69.0  67.1  66.7  65.5 105.5  57.1  33.5  32.5  37.2
 MX .5 P   .39   .56   .70   .72  1.20  1.13  1.61  1.20   .86   .99   .70   .50
 DEW PT  29.57 30.33 34.81 44.57 55.06 63.54 66.54 65.78 58.30 48.03 36.54 29.33
Time Pk   .631  .739  .784  .830  .848  .859  .878  .891  .902  .925  .954 1.000
% N       4.22  4.25  3.41  3.73  3.49  3.62  3.78  4.62  5.12  4.15  2.87  3.11
MEAN      3.46  3.17  3.27  3.20  2.82  2.76  2.43  2.58  2.82  2.91  2.95  3.01
STD DEV   1.64  1.60  1.62  1.56  1.45  1.53  1.19  1.29  1.45  1.45  1.61  1.50
SKEW       .45   .82   .65   .62   .67  1.02   .83   .77   .77   .62   .82   .67
% NNE     4.66  4.88  3.89  3.97  4.58  3.64  4.71  5.79  5.88  5.60  3.79  3.14
MEAN      3.95  3.68  3.58  3.52  3.20  2.91  3.02  2.85  3.20  3.43  3.51  3.72
STD DEV   1.79  1.58  1.68  1.50  1.52  1.40  1.39  1.31  1.64  1.73  1.73  1.89
SKEW       .38   .50   .67   .42   .67   .90   .58   .75   .90   .80   .69   .86
% NE      4.36  6.46  4.45  5.12  5.54  4.62  5.20  7.40  8.28  6.23  3.25  4.15
MEAN      3.17  2.97  3.41  3.04  2.99  2.75  2.60  2.52  2.78  2.75  2.75  2.86
STD DEV   1.44  1.33  1.75  1.46  1.44  1.37  1.32  1.32  1.54  1.47  1.39  1.35
SKEW       .63   .60   .69   .74   .84   .86  1.10  1.17  1.18  1.20   .85   .36
% ENE     2.49  4.02  4.36  3.34  3.42  3.27  3.14  3.88  4.13  3.14  2.10  2.71
MEAN      2.98  3.24  3.95  3.26  3.21  2.86  2.93  2.65  3.06  2.93  2.96  2.98
STD DEV   1.28  1.28  1.75  1.47  1.48  1.27  1.34  1.21  1.49  1.34  1.33  1.36
SKEW       .35   .13   .51   .62   .54   .55   .60   .61  1.08   .74  -.17   .49
% E       3.42  4.42  3.85  3.53  3.93  3.57  3.44  4.31  4.33  3.31  2.32  4.01
MEAN      2.68  2.93  3.05  3.00  2.54  2.48  2.36  2.26  2.36  2.30  2.43  2.67
STD DEV   1.19  1.28  1.47  1.45  1.20  1.13  1.07  1.06  1.15  1.18  1.04  1.23
SKEW       .80   .62   .92   .77   .95   .93   .97   .65   .77  1.03   .32   .80
% ESE     2.32  2.64  2.75  2.44  2.63  2.51  2.18  2.43  2.46  1.98  1.71  2.54
MEAN      2.68  3.21  3.26  3.15  2.89  2.68  2.49  2.52  2.49  2.72  2.87  2.77
STD DEV   1.27  1.47  1.62  1.41  1.29  1.17  1.08  1.15  1.06  1.39  1.28  1.28
SKEW       .81   .55   .79   .84   .54   .75   .74   .89  1.03   .81   .31   .65
% SE      3.09  3.00  3.89  3.09  2.76  3.24  2.90  3.32  3.44  3.53  2.23  3.50
MEAN      2.77  2.86  3.23  3.17  2.40  2.38  2.19  2.16  2.42  2.37  2.83  2.87
STD DEV   1.40  1.41  1.72  1.71  1.09  1.05   .95  1.11  1.09  1.23  1.58  1.57
SKEW       .95  1.04  1.04   .93   .74   .93   .87  1.19   .89  1.13  1.32  1.04
% SSE     5.92  4.91  5.91  5.26  3.76  4.05  2.96  2.62  3.88  3.54  4.65  5.75
MEAN      4.36  4.35  4.48  3.93  3.07  2.99  2.55  2.45  3.24  3.32  4.19  4.13
STD DEV   2.44  2.19  2.28  1.95  1.48  1.43  1.18  1.12  1.60  1.76  2.27  2.24
SKEW       .95   .49   .65   .54   .67   .69   .75   .87   .76   .66   .85   .76
% S      12.36  8.91  8.82 10.76  8.04  7.96  7.08  5.76  7.43  7.20 10.45 11.13
MEAN      4.91  4.54  4.56  4.46  3.50  2.97  2.80  2.62  3.13  3.29  4.35  4.33
STD DEV   2.47  2.34  2.38  2.17  1.90  1.47  1.40  1.37  1.59  1.92  2.36  2.25
SKEW       .54   .63   .67   .50   .80   .97  1.06  1.08   .65  1.00   .93   .61
% SSW    11.72  9.06  9.81 11.70  9.32  9.98  8.35  6.05  6.40  7.23 10.97 11.67
MEAN      4.99  4.81  4.87  4.94  3.79  3.35  3.48  3.11  3.64  3.79  4.37  4.46
STD DEV   2.32  2.22  2.33  2.20  1.92  1.60  1.67  1.43  1.66  1.86  2.06  2.11
SKEW       .62   .44   .58   .38   .74   .83   .67   .64   .38   .47   .49   .67
% SW      7.30  6.80  6.66  7.73  8.74  9.58  9.34  6.54  5.99  6.52  8.70  7.56
MEAN      4.21  4.09  4.52  4.37  3.55  3.31  3.05  2.83  3.22  3.35  3.82  3.94
STD DEV   2.18  2.14  2.48  2.28  1.88  1.64  1.55  1.40  1.63  1.89  2.09  2.08
SKEW       .91   .87   .74   .64   .88   .91   .89   .82   .82   .83   .96   .99
% WSW     6.11  6.87  7.45  6.71  6.86  6.34  6.40  4.79  3.68  4.47  6.93  7.07
MEAN      4.81  5.06  5.38  5.16  4.14  3.73  3.68  3.45  3.41  4.00  4.60  4.83
STD DEV   2.33  2.29  2.52  2.43  2.07  1.82  1.68  1.67  1.56  1.95  2.18  2.16
SKEW       .71   .56   .61   .45   .71   .80   .63   .65   .40   .43   .79   .49
% W       7.29  7.83  8.22  6.79  6.16  5.30  5.28  4.59  3.89  4.90  8.32  7.94
MEAN      4.36  4.44  4.67  4.73  3.88  3.25  3.05  2.75  2.96  3.19  4.23  4.17
STD DEV   2.17  2.32  2.30  2.32  2.22  1.62  1.58  1.44  1.61  1.96  2.13  2.17
SKEW       .65   .63   .41   .42  1.00   .73   .81   .90  1.04  1.02   .56   .60
% WNW     6.04  6.44  6.47  6.13  4.24  2.89  2.80  2.80  2.69  3.64  6.36  5.92
MEAN      4.77  4.81  4.82  4.95  3.87  3.40  3.09  3.00  3.52  3.93  4.40  4.47
STD DEV   2.14  2.27  2.14  2.12  1.94  1.64  1.50  1.42  1.77  2.11  2.06  2.12
SKEW       .43   .39   .19   .18   .56   .66   .65   .49   .67   .64   .45   .34
% NW      5.96  5.57  5.53  5.20  4.18  3.15  3.12  3.22  3.90  4.25  5.36  4.52
MEAN      4.13  4.20  4.26  4.11  3.22  2.96  2.71  2.58  2.87  3.36  3.85  3.66
STD DEV   1.79  2.15  1.95  2.01  1.62  1.49  1.35  1.34  1.52  1.68  1.92  1.75
SKEW       .48   .56   .44   .66   .50   .88   .84   .83   .82   .44   .61   .54
% NNW     4.11  3.75  4.47  3.73  3.22  2.84  2.62  2.73  3.52  3.22  3.64  3.01
MEAN      3.98  4.03  4.03  3.89  3.44  3.01  2.93  2.86  3.24  3.59  3.88  3.44
STD DEV   1.63  1.81  1.81  1.78  1.63  1.43  1.23  1.30  1.49  1.58  1.70  1.61
SKEW       .39   .38   .56   .47   .57   .54   .39   .47   .52   .26   .36   .57
CALM      8.57 10.16 10.12 10.78 19.10 23.39 26.83 29.08 24.98 27.12 16.28 12.24
 
INTERPOLATED DATA (station & weighting factor)
 
---Wind Stations---
FT.KNOX       KY     .434  BOWLING GREEN KY     .297  CORBIN        KY     .269
---Solar Radiation and Max .5 P Stations---
 LOUISVILLE, KENTUC  .491   NASHVILLE, TENNESE  .273   KNOXVILLE, TENNESS  .236 
---Dewpoint Stations---
KY LOUISVILLE        .486  TN NASHVILLE         .271  TN KNOXVILLE         .244 
---Time Peak Stations---
ST MARY KY           .479  LIBERTY KY           .347  TOMPKINSVILLE KY     .174 
