 WILLIAMSBURG KY                         158709 0
 LATT=  36.73 LONG= -84.17 YEARS= 36. TYPE= 3
 ELEVATION = 1010. TP5 = 2.41 TP6= 5.08
 MEAN P    .32   .35   .40   .39   .43   .44   .44   .44   .48   .40   .43   .39
 S DEV P   .36   .38   .48   .44   .52   .49   .49   .46   .58   .46   .49   .54
 SKEW  P  2.23  1.77  2.55  1.99  2.99  1.83  2.53  1.65  2.99  1.82  2.12  4.65
 P(W/W)    .55   .52   .48   .49   .52   .48   .47   .43   .45   .45   .51   .49
 P(W/D)    .26   .30   .29   .25   .25   .23   .25   .24   .18   .18   .24   .28
 TMAX AV 45.21 49.38 59.68 70.44 77.84 84.13 87.01 85.99 80.42 70.22 59.71 48.93
 TMIN AV 24.31 25.66 33.67 41.99 51.18 59.43 64.00 62.95 56.71 43.62 35.44 27.80
 SD TMAX 12.47 12.64 12.29 11.08  8.34  5.63  5.08  5.30  7.61  9.34 11.07 11.82
 SD TMIN 11.91 11.62 10.47  9.77  8.70  6.26  4.79  5.28  8.07  9.71 10.39 11.67
 SOL.RAD  175.  257.  346.  466.  543.  580.  561.  509.  440.  333.  232.  176.
 SD SOL   47.5  52.1  65.8  69.7  74.3  74.5  74.1 145.4  65.6  38.7  35.7  38.4
 MX .5 P   .35   .48   .59   .95  1.36  1.09  1.38  1.05  1.14   .55   .63   .51
 DEW PT  30.09 30.09 34.37 43.39 54.18 62.18 65.46 65.18 57.91 47.65 36.11 29.39
Time Pk   .637  .742  .792  .831  .842  .852  .866  .882  .897  .924  .955 1.000
% N       3.76  4.03  3.72  3.86  3.02  3.36  3.32  3.67  4.87  4.24  3.83  3.16
MEAN      3.08  2.86  2.79  3.03  2.49  2.68  2.32  2.51  2.54  2.70  2.73  2.62
STD DEV   1.47  1.43  1.36  1.37  1.29  1.47  1.13  1.15  1.23  1.43  1.54  1.37
SKEW       .57  1.09   .81   .59  1.13  1.36  1.27   .89   .93  1.07   .96  1.03
% NNE     5.81  5.30  4.35  3.80  4.97  4.29  4.82  5.33  6.12  5.87  4.35  4.14
MEAN      3.46  3.11  3.13  3.19  2.76  2.57  2.85  2.58  2.87  3.13  2.87  2.65
STD DEV   1.48  1.45  1.48  1.44  1.35  1.30  1.42  1.18  1.49  1.70  1.41  1.36
SKEW       .38   .92   .75   .77   .84  1.60   .88  1.03   .93   .93  1.03  1.17
% NE      6.91  9.33  7.01  6.37  7.10  6.98  6.55  9.18  9.92 10.31  6.32  6.77
MEAN      2.35  2.38  2.82  2.48  2.38  2.29  2.28  2.16  2.25  2.29  2.34  2.08
STD DEV   1.07  1.03  1.36  1.27  1.14  1.04  1.26  1.07  1.11  1.35  1.10   .80
SKEW      1.20   .97   .76  1.30  1.17  1.16  1.65  1.41  1.57  2.04   .98   .37
% ENE     2.40  2.68  3.06  2.37  3.03  2.90  3.03  3.86  4.17  3.43  2.08  2.49
MEAN      2.23  2.27  2.98  2.38  2.76  2.11  2.42  2.00  2.39  2.33  2.24  2.15
STD DEV    .95   .82  1.34  1.11  1.44   .82  1.22   .81  1.22  1.21   .69   .88
SKEW       .62  -.24   .78  1.13   .75   .40  1.02   .43  2.05  1.43 -1.09   .43
% E       2.12  2.21  2.05  1.80  2.58  2.58  2.48  3.25  3.23  2.20  1.70  2.24
MEAN      2.16  2.31  2.42  2.29  2.24  2.10  2.19  1.97  1.95  2.19  2.15  2.10
STD DEV    .95  1.06  1.03  1.00  1.14   .90  1.08   .81   .77  1.05   .66   .91
SKEW       .98   .83   .71   .85  1.21   .86  1.42   .52   .45  1.35  -.93  1.04
% ESE     1.82  1.77  2.70  1.94  2.55  2.23  2.12  2.49  2.35  2.08  1.68  1.97
MEAN      2.33  2.66  2.93  2.81  2.26  2.37  2.23  2.19  2.13  2.29  2.42  2.32
STD DEV    .93  1.20  1.55  1.23   .89  1.05  1.01  1.02   .95  1.00  1.18  1.15
SKEW       .74   .78  1.04   .95   .70   .92  1.25  1.07  1.56   .69   .97  1.07
% SE      3.71  3.28  4.35  3.26  3.23  3.31  3.04  3.85  4.26  4.32  2.68  4.28
MEAN      2.53  2.68  2.93  2.87  2.15  2.16  2.15  1.90  2.23  2.24  2.63  2.76
STD DEV   1.25  1.28  1.54  1.48   .90   .93   .93   .93  1.03  1.09  1.52  1.36
SKEW      1.12  1.46  1.29   .93   .85  1.21   .86  1.43  1.16  1.03  1.48   .88
% SSE     8.45  6.35  6.44  5.68  4.27  4.15  3.24  3.53  4.27  4.04  5.39  7.60
MEAN      3.71  4.18  3.90  3.70  2.69  2.68  2.23  2.14  2.82  2.96  3.85  3.77
STD DEV   1.94  2.06  2.19  1.88  1.25  1.32  1.06   .89  1.30  1.69  2.06  1.94
SKEW       .88   .56   .98   .66   .87   .85  1.03  1.33   .85   .71  1.16   .61
% S      12.45  9.00  7.99  9.93  7.75  7.48  6.93  6.55  6.76  6.09 10.35 10.54
MEAN      4.10  4.00  4.08  3.92  2.97  2.50  2.76  2.35  2.71  2.70  3.72  3.64
STD DEV   2.22  2.10  2.28  2.09  1.56  1.24  1.37  1.23  1.38  1.49  2.17  2.07
SKEW       .72   .82  1.08   .63   .99  1.42  1.18  1.23  1.03   .94  1.18   .99
% SSW    12.00  8.90  9.57 11.93  9.39  9.56  9.82  6.09  5.09  5.46 10.00 10.76
MEAN      4.79  4.24  4.23  4.66  3.43  2.96  3.42  2.82  3.32  3.50  3.86  3.75
STD DEV   2.57  2.16  2.19  2.38  1.84  1.49  1.68  1.43  1.59  1.82  2.11  2.09
SKEW       .80   .73   .75   .43   .87  1.36   .78   .92   .32   .56   .82  1.08
% SW      5.48  5.96  6.57  6.84  7.45  8.23  7.52  5.38  4.52  4.63  6.76  6.49
MEAN      3.81  3.80  4.21  4.07  3.25  2.86  2.99  2.55  2.64  2.94  3.60  3.66
STD DEV   1.96  2.21  2.53  2.14  1.58  1.36  1.47  1.26  1.30  1.76  2.13  2.13
SKEW       .99  1.20   .84   .63   .90  1.25   .89   .92  1.06  1.06  1.08  1.24
% WSW     7.15  7.54  8.25  8.03  7.41  6.59  5.68  4.90  4.22  4.21  7.24  7.68
MEAN      4.34  4.38  4.70  4.46  3.67  3.39  3.27  3.00  2.95  3.52  3.95  4.08
STD DEV   2.16  2.19  2.46  2.23  1.95  1.69  1.51  1.57  1.41  1.79  1.89  2.06
SKEW      1.05   .89   .68   .65  1.02  1.07   .90  1.07   .73   .60   .67   .70
% W       5.97  7.09  7.38  6.20  5.76  4.93  4.30  4.64  3.78  4.50  6.34  6.28
MEAN      4.39  4.37  4.43  4.24  3.72  3.00  2.92  2.53  2.81  2.89  3.83  3.76
STD DEV   2.16  2.19  2.13  2.13  2.15  1.41  1.56  1.27  1.41  1.62  1.78  1.98
SKEW       .73   .65   .41   .58  1.39   .74  1.08  1.10   .74  1.14   .48   .97
% WNW     4.96  5.46  6.48  5.82  3.92  2.46  2.54  2.76  2.51  3.21  5.99  5.49
MEAN      4.48  4.83  4.75  4.71  3.70  3.45  3.05  2.89  3.36  3.64  4.18  4.31
STD DEV   1.87  2.17  2.09  2.11  1.77  1.55  1.51  1.34  1.68  1.86  2.07  2.17
SKEW       .24   .35   .20   .31   .57   .55   .79   .62   .83   .67   .73   .50
% NW      4.02  3.99  4.95  4.84  4.36  3.07  3.46  3.42  3.78  3.98  4.31  3.36
MEAN      3.81  3.57  4.11  3.60  3.19  2.97  2.77  2.74  2.72  3.04  3.72  3.30
STD DEV   1.72  1.83  1.88  1.90  1.65  1.48  1.44  1.47  1.40  1.61  1.94  1.54
SKEW       .39   .63   .44  1.00   .82   .96  1.04  1.07   .94   .82   .75   .60
% NNW     3.05  2.87  3.60  4.10  3.31  2.69  2.39  2.44  2.55  2.38  3.55  2.73
MEAN      3.46  3.49  3.71  3.64  3.21  2.78  2.84  2.73  2.95  3.25  3.38  3.29
STD DEV   1.58  1.59  1.67  1.70  1.56  1.38  1.13  1.29  1.38  1.65  1.64  1.67
SKEW       .61   .38   .50   .63   .77  1.01   .71   .58   .72   .63   .66   .80
CALM      9.96 14.14 11.83 13.07 19.86 25.16 28.95 28.67 27.63 29.12 17.35 14.04
 
INTERPOLATED DATA (station & weighting factor)
 
---Wind Stations---
CORBIN        KY     .683  KNOXVILLE     TN     .198  LEXINGTON     KY     .119
---Solar Radiation and Max .5 P Stations---
 KNOXVILLE, TENNESS  .457   LEXINGTON, KENTUCK  .315   ASHEVILLE, NORTH C  .228 
---Dewpoint Stations---
TN KNOXVILLE         .462  KY LEXINGTON         .278  TN BRISTOL           .260 
---Time Peak Stations---
STEARNS KY           .378  BARBOURVILLE WTR WK  .367  MIDDLESBORO KY       .255 
