 DIX DAM KY                              152214 0
 LATT=  37.80 LONG= -84.72 YEARS= 40. TYPE= 3
 ELEVATION =  920. TP5 = 2.27 TP6= 4.31
 MEAN P    .33   .41   .39   .37   .42   .40   .48   .46   .45   .33   .37   .39
 S DEV P   .40   .50   .43   .48   .47   .43   .65   .57   .59   .42   .46   .50
 SKEW  P  1.95  2.58  1.99  2.92  1.88  2.00  3.43  2.19  2.33  2.50  3.07  2.72
 P(W/W)    .38   .41   .43   .49   .49   .48   .45   .42   .43   .44   .48   .45
 P(W/D)    .24   .25   .29   .28   .26   .24   .26   .20   .19   .19   .24   .24
 TMAX AV 42.88 47.66 57.65 68.82 76.73 83.88 87.25 86.41 81.06 70.35 58.06 47.18
 TMIN AV 25.14 27.52 35.38 45.05 53.69 61.79 66.02 64.58 58.47 47.00 37.79 29.54
 SD TMAX 12.26 12.71 12.13 10.30  7.95  5.74  4.91  5.11  7.57  9.37 11.20 11.76
 SD TMIN 11.57 11.81 10.89  9.95  8.50  6.36  5.07  5.69  8.05  9.51 10.51 11.40
 SOL.RAD  170.  262.  354.  472.  576.  621.  608.  555.  487.  353.  241.  172.
 SD SOL   40.8  42.4  55.3  60.9  58.6  57.4  54.5  89.6  45.6  25.2  25.2  31.8
 MX .5 P   .37   .62   .54   .60  1.34  1.05  1.47  1.17  1.03   .70   .61   .41
 DEW PT  27.45 27.65 32.56 42.47 53.38 61.58 65.29 64.38 56.47 46.47 34.56 28.07
Time Pk   .643  .733  .779  .828  .849  .866  .887  .897  .910  .931  .958 1.000
% N       4.72  5.05  5.00  5.19  5.58  5.00  4.52  6.64  6.61  6.17  4.17  4.17
MEAN      4.21  4.22  4.15  4.00  3.71  3.36  3.13  3.14  3.45  3.67  3.44  3.89
STD DEV   1.73  1.77  1.72  1.67  1.67  1.44  1.33  1.27  1.41  1.48  1.52  1.64
SKEW       .56   .40   .39   .53   .77   .60   .86   .78   .67   .52   .67   .78
% NNE     4.37  4.82  4.45  4.67  5.49  5.05  4.83  5.93  6.61  5.82  3.43  3.31
MEAN      4.56  4.26  4.23  4.33  3.90  3.52  3.33  3.37  3.60  3.70  4.02  4.13
STD DEV   2.04  1.74  1.71  1.76  1.62  1.48  1.30  1.35  1.36  1.51  1.76  1.90
SKEW       .64   .30   .34   .51   .48   .57   .62   .66   .53   .61   .73   .99
% NE      3.84  5.81  5.49  5.01  6.51  6.18  6.13  7.45  8.54  6.06  3.13  3.77
MEAN      3.94  3.86  4.24  4.07  3.67  3.33  3.06  3.11  3.55  3.35  3.35  3.75
STD DEV   1.56  1.52  1.74  1.70  1.48  1.44  1.18  1.25  1.44  1.39  1.37  1.48
SKEW       .62   .56   .41   .52   .44   .95   .47   .64   .66   .73   .50   .81
% ENE     3.31  4.97  5.09  3.88  4.21  4.04  4.21  4.67  5.70  4.15  2.48  3.00
MEAN      3.88  4.22  4.35  3.86  3.59  3.24  3.02  3.01  3.36  3.24  3.51  3.71
STD DEV   1.47  1.69  1.74  1.59  1.46  1.29  1.19  1.19  1.36  1.22  1.32  1.42
SKEW       .59   .59   .34   .47   .54   .74   .63   .65   .70   .49   .43   .37
% E       2.58  3.43  3.72  3.34  3.34  3.60  3.46  3.84  3.87  3.78  2.60  3.15
MEAN      3.59  3.81  3.82  3.79  3.40  2.87  2.72  2.73  3.02  2.98  3.48  3.65
STD DEV   1.37  1.45  1.72  1.63  1.50  1.08  1.13  1.21  1.13  1.18  1.37  1.37
SKEW       .54   .54   .56   .49   .88   .65  1.05  1.15   .60   .99   .70   .51
% ESE     2.76  3.32  3.29  3.27  3.27  3.25  3.09  3.22  3.89  3.79  2.76  3.25
MEAN      3.54  3.63  3.76  3.71  3.18  2.74  2.59  2.64  2.84  3.03  3.39  3.54
STD DEV   1.38  1.37  1.50  1.53  1.28  1.00   .95   .96  1.06  1.18  1.24  1.33
SKEW       .55   .60   .67   .57   .71   .53   .73   .58   .83   .88   .68   .55
% SE      3.93  4.29  4.70  5.00  5.10  5.17  4.56  5.18  5.76  5.63  4.68  4.83
MEAN      3.43  3.70  3.84  3.51  3.08  2.80  2.60  2.52  2.90  2.93  3.38  3.52
STD DEV   1.39  1.50  1.66  1.39  1.29   .99   .92   .91  1.02  1.04  1.20  1.30
SKEW       .76   .73  1.02   .64   .94   .74   .70   .71   .95   .53   .87   .84
% SSE     8.19  7.53  7.34  7.90  7.71  7.88  7.53  7.26  8.05  8.36  9.30  9.45
MEAN      4.61  4.67  4.69  4.19  3.41  3.15  2.88  2.80  3.24  3.36  4.26  4.46
STD DEV   2.04  2.14  2.17  1.91  1.48  1.33  1.14  1.05  1.24  1.47  1.83  1.93
SKEW       .72   .79   .71   .97   .87  1.12   .83   .76   .85   .93   .95   .93
% S      11.73 10.08 10.10 11.90 11.65 12.38 12.17 10.87 11.40 11.64 14.68 13.53
MEAN      5.24  5.08  5.19  4.86  4.09  3.68  3.36  3.12  3.73  3.86  4.90  4.92
STD DEV   2.40  2.32  2.30  2.17  1.85  1.53  1.39  1.25  1.62  1.69  2.20  2.00
SKEW       .80   .73   .59   .67   .77   .86   .97   .87   .91   .78   .77   .73
% SSW    10.81  9.17  9.27 10.64  9.97 11.37 11.68  8.00  7.57  8.57 10.76 11.16
MEAN      5.61  5.57  5.97  5.68  4.60  4.23  3.89  3.57  4.13  4.43  5.15  5.40
STD DEV   2.42  2.49  2.56  2.52  2.14  1.82  1.64  1.55  1.85  2.00  2.31  2.26
SKEW       .48   .53   .34   .39   .61   .70   .66   .84   .66   .67   .68   .58
% SW      7.67  6.54  6.48  7.45  7.42  8.12  8.44  6.44  5.14  5.69  7.41  7.76
MEAN      5.37  5.45  5.52  5.63  4.63  4.37  4.17  3.66  4.19  4.42  4.97  5.29
STD DEV   2.32  2.39  2.64  2.51  2.06  1.92  1.77  1.59  1.77  1.98  2.15  2.22
SKEW       .53   .54   .63   .43   .50   .51   .58   .63   .47   .51   .54   .38
% WSW     7.18  6.67  6.83  6.83  5.95  5.64  5.91  4.61  3.51  4.30  6.53  6.38
MEAN      5.49  5.56  6.09  5.91  4.69  4.51  4.12  3.81  4.14  4.43  5.33  5.23
STD DEV   2.37  2.38  2.74  2.60  2.07  1.89  1.68  1.60  1.64  2.00  2.33  2.18
SKEW       .49   .47   .67   .46   .48   .46   .59   .46   .57   .59   .49   .41
% W       7.40  6.97  7.95  6.07  5.16  4.22  4.49  4.10  3.20  4.54  6.62  6.73
MEAN      5.32  5.31  5.74  5.49  4.36  4.07  3.68  3.41  3.59  4.06  4.91  5.20
STD DEV   2.18  2.27  2.44  2.39  2.04  1.80  1.52  1.52  1.60  1.84  2.12  2.18
SKEW       .26   .48   .41   .42   .51   .59   .49   .73   .81   .70   .50   .40
% WNW     7.02  7.95  7.74  6.57  4.84  3.60  3.51  3.23  3.48  4.68  7.00  7.18
MEAN      5.36  5.69  5.70  5.63  4.42  3.87  3.50  3.56  3.74  4.27  5.07  5.13
STD DEV   2.21  2.37  2.33  2.38  2.00  1.72  1.55  1.47  1.65  1.93  2.11  2.11
SKEW       .33   .37   .26   .31   .67   .63   .59   .64   .75   .76   .41   .33
% NW      5.38  5.62  5.26  4.61  3.73  3.25  3.25  3.72  3.83  4.02  5.23  5.01
MEAN      4.50  4.74  4.76  4.64  3.67  3.49  3.26  3.14  3.53  3.94  4.69  4.44
STD DEV   1.78  2.00  1.89  1.98  1.54  1.51  1.47  1.33  1.60  1.69  2.09  1.84
SKEW       .33   .37   .34   .36   .44   .42   .71   .79   .70   .59   .49   .47
% NNW     4.63  4.21  3.94  3.77  3.61  2.98  2.95  3.72  3.66  3.49  3.01  3.11
MEAN      4.51  4.46  4.44  4.18  3.75  3.46  3.37  3.36  3.47  3.80  4.23  4.08
STD DEV   1.70  1.99  1.86  1.71  1.65  1.45  1.41  1.45  1.41  1.58  1.84  1.63
SKEW       .30   .36   .55   .34   .56   .54   .74   .67   .66   .46   .50   .19
CALM      4.40  3.51  3.39  3.88  6.44  8.12  9.27 11.21  9.16  9.23  6.11  4.10
 
INTERPOLATED DATA (station & weighting factor)
 
---Wind Stations---
LEXINGTON     KY     .637  LONDON        KY     .183  LOUISVILLE    KY     .180
---Solar Radiation and Max .5 P Stations---
 LEXINGTON, KENTUCK  .714   LOUISVILLE, KENTUC  .200   KNOXVILLE, TENNESS  .086 
---Dewpoint Stations---
KY LEXINGTON         .709  KY LOUISVILLE        .200  TN KNOXVILLE         .091 
---Time Peak Stations---
LIBERTY KY           .352  COLLEGE HILL LOCK11  .344  TAYLORSVILLE 2 KY    .304 
