 MELVILLE LA                             166117 0
 LATT=  30.68 LONG= -91.73 YEARS= 36. TYPE= 4
 ELEVATION =   30. TP5 = 3.37 TP6= 7.96
 MEAN P    .45   .51   .45   .62   .59   .45   .39   .39   .43   .53   .48   .54
 S DEV P   .65   .71   .74   .99   .85   .62   .49   .49   .62   .85   .65   .83
 SKEW  P  2.76  2.67  3.53  2.82  2.91  3.44  2.44  2.26  2.56  3.13  2.10  3.57
 P(W/W)    .52   .49   .46   .47   .48   .53   .59   .54   .54   .44   .48   .52
 P(W/D)    .29   .28   .29   .21   .19   .21   .30   .23   .21   .12   .21   .25
 TMAX AV 61.32 64.54 71.36 78.44 84.51 89.75 91.26 90.78 86.77 79.64 70.47 64.06
 TMIN AV 39.77 42.64 48.97 56.69 63.54 69.61 72.21 71.45 66.88 55.30 47.03 41.81
 SD TMAX 11.97 10.49  8.62  6.19  4.75  4.00  3.66  3.59  4.93  6.68  9.13 10.02
 SD TMIN 11.96 10.73 10.13  8.43  5.66  4.07  2.33  2.92  6.20  9.43 10.87 11.31
 SOL.RAD  225.  272.  346.  424.  485.  484.  470.  454.  422.  366.  278.  210.
 SD SOL   59.9  75.8  91.1 102.9 107.6 118.7 118.5 248.1  89.0  51.7  46.7  56.0
 MX .5 P  1.13  1.02  1.11  1.84  1.80  1.06  1.92  1.65  2.28  1.23  1.41  1.11
 DEW PT  42.42 44.71 48.56 56.92 63.84 69.64 72.72 71.92 67.92 56.92 48.69 43.27
Time Pk   .432  .552  .640  .727  .760  .781  .821  .844  .864  .903  .946 1.000
% N       9.93  8.25  8.04  5.34  5.33  4.21  3.55  5.39  8.72 10.11 10.04  9.26
MEAN      4.90  4.67  4.59  4.30  3.94  3.21  3.02  3.16  3.77  4.03  4.65  4.70
STD DEV   1.96  1.81  1.89  1.78  1.72  1.25  1.08  1.19  1.60  1.78  1.90  1.95
SKEW       .50   .36   .45   .53   .78   .73   .60   .72   .79   .85   .48   .47
% NNE     7.35  6.26  5.01  3.88  3.66  2.94  2.76  4.61  9.02  8.20  6.92  6.01
MEAN      4.61  4.61  4.39  4.30  3.76  3.29  3.03  3.16  3.71  3.85  4.48  4.36
STD DEV   1.80  1.64  1.63  1.72  1.55  1.17  1.14  1.21  1.46  1.56  1.86  1.79
SKEW       .53   .49   .59   .55   .71   .65   .92   .92   .73   .80   .58   .67
% NE      6.69  7.49  6.66  5.32  5.11  5.46  5.03  6.98 12.94 10.39  7.83  6.88
MEAN      4.12  4.16  4.03  3.84  3.37  3.11  2.94  3.03  3.56  3.35  3.81  3.91
STD DEV   1.63  1.52  1.53  1.66  1.33  1.24  1.15  1.16  1.46  1.43  1.56  1.44
SKEW       .65   .44   .35   .75   .61   .89   .75   .82   .85   .94   .88   .51
% ENE     4.26  4.83  4.36  3.70  4.05  4.35  3.62  5.41  7.98  5.73  4.47  4.34
MEAN      4.21  4.09  4.15  3.78  3.66  3.25  3.40  3.29  3.74  3.36  3.79  3.73
STD DEV   1.71  1.54  1.60  1.42  1.42  1.24  1.50  1.35  1.56  1.30  1.42  1.43
SKEW       .75   .59   .63   .70   .74   .60  1.01  1.05   .78   .70   .76   .73
% E       5.68  6.26  5.88  6.38  7.17  7.65  6.93  8.22 11.47  9.79  6.16  7.04
MEAN      3.80  4.00  3.77  3.73  3.49  3.20  3.11  3.20  3.63  3.36  3.57  3.59
STD DEV   1.66  1.58  1.50  1.48  1.41  1.32  1.39  1.35  1.60  1.31  1.51  1.33
SKEW       .83   .61   .59   .65   .60   .89  1.03  1.03  1.09   .57   .79   .58
% ESE     4.92  4.33  4.72  5.11  5.42  4.60  4.14  4.17  5.46  5.59  4.77  5.68
MEAN      3.97  4.34  4.20  3.97  3.73  3.32  3.21  3.32  3.39  3.75  3.91  4.07
STD DEV   1.36  1.71  1.65  1.44  1.42  1.32  1.32  1.35  1.32  1.53  1.48  1.51
SKEW       .50   .66   .64   .65   .64   .93   .83  1.06   .82   .81   .68   .48
% SE      8.05  6.18  7.50 10.48  8.42  6.85  7.04  6.00  6.86  6.29  7.37  7.81
MEAN      3.98  4.21  4.31  4.30  3.78  3.32  3.12  3.03  3.23  3.50  3.93  4.03
STD DEV   1.51  1.71  1.79  1.76  1.51  1.37  1.46  1.26  1.43  1.48  1.55  1.62
SKEW       .60   .63   .63   .74   .53   .88  1.20   .82  1.13   .87   .66   .63
% SSE     5.39  4.88  6.73  9.16  7.08  4.68  3.72  3.41  2.83  3.06  5.01  5.51
MEAN      4.45  4.62  4.84  5.08  4.52  3.56  3.25  3.24  3.42  3.94  4.49  4.65
STD DEV   1.72  1.80  1.96  2.04  1.81  1.44  1.35  1.35  1.31  1.68  1.78  1.79
SKEW       .83   .57   .72   .65   .52   .85   .94   .93   .52   .71   .42   .50
% S      12.43 11.37 14.95 15.87 13.85 11.63  8.58  6.65  4.71  4.36  9.07  9.85
MEAN      4.92  5.12  5.44  5.15  4.57  4.04  3.27  3.27  3.55  3.59  4.79  4.95
STD DEV   2.01  2.15  2.16  2.03  1.82  1.89  1.43  1.39  1.59  1.68  2.12  2.04
SKEW       .70   .62   .44   .52   .40  1.73   .94   .91   .96   .92   .64   .51
% SSW     4.32  4.71  5.26  5.20  5.02  5.56  4.68  3.53  1.59  1.49  2.92  3.61
MEAN      5.22  5.11  5.27  4.91  4.41  4.06  3.60  3.33  3.29  3.47  4.47  4.68
STD DEV   2.12  2.09  1.97  1.96  1.73  1.63  1.42  1.43  1.33  1.43  2.05  1.96
SKEW       .38   .41   .38   .32   .52   .47   .53  1.02   .72   .65   .65   .46
% SW      3.49  4.98  4.32  4.31  6.65  8.59  8.91  6.36  2.20  2.28  3.15  3.48
MEAN      4.84  4.72  4.55  4.34  3.92  3.74  3.53  3.20  3.05  3.43  4.23  4.32
STD DEV   2.14  2.04  1.86  1.83  1.70  1.53  1.51  1.32  1.27  1.74  2.24  2.05
SKEW       .42   .54   .42   .59   .67   .57   .82  1.04   .50  1.14   .78   .82
% WSW     2.44  3.41  2.96  2.27  2.88  4.82  6.08  4.08  1.49  1.25  2.03  2.43
MEAN      4.27  4.42  4.49  4.01  3.53  3.48  3.51  3.24  3.15  3.45  4.00  4.01
STD DEV   1.73  1.94  1.73  1.73  1.43  1.31  1.36  1.20  1.26  1.47  1.67  1.64
SKEW       .62   .73   .48   .59   .57   .73   .54   .75   .65  1.00   .67   .67
% W       2.98  3.76  3.16  3.02  3.72  5.39  7.59  6.67  2.24  2.59  3.30  3.24
MEAN      4.05  3.99  4.29  3.72  3.38  3.29  3.43  3.22  2.88  3.28  3.63  4.00
STD DEV   1.91  1.79  2.04  1.72  1.28  1.35  1.30  1.23  1.12  1.48  1.64  1.88
SKEW       .61   .69   .87   .89   .51   .81   .44   .42   .63   .75   .88   .75
% WNW     2.93  3.41  3.01  2.47  2.01  2.38  3.06  3.04  1.21  2.03  2.75  3.24
MEAN      4.48  4.34  4.84  4.50  3.51  3.31  3.22  3.22  3.06  3.38  4.04  4.33
STD DEV   1.83  1.79  1.91  1.91  1.44  1.20  1.16  1.16  1.21  1.37  1.67  1.83
SKEW       .46   .51   .44   .41   .61   .25   .50   .37  1.01   .63   .47   .65
% NW      4.52  5.16  4.60  4.19  3.04  2.45  3.30  3.22  1.92  3.31  5.00  5.25
MEAN      4.83  4.86  4.96  4.52  3.61  3.01  3.16  3.00  3.21  3.79  4.35  4.53
STD DEV   2.03  2.04  1.99  2.04  1.46  1.16  1.13  1.15  1.26  1.66  1.91  2.05
SKEW       .36   .52   .30   .63   .66   .60   .45   .59   .50   .90   .62   .59
% NNW     5.20  5.24  4.52  2.90  2.57  1.77  1.92  2.40  2.37  3.34  4.70  4.99
MEAN      4.92  5.09  5.19  4.50  4.11  3.15  3.10  3.13  3.42  3.98  4.65  4.67
STD DEV   1.95  1.94  1.99  1.79  1.66  1.09  1.19  1.19  1.43  1.77  1.98  1.99
SKEW       .45   .33   .28   .45   .48   .74   .70   .86   .66   .87   .59   .62
CALM      9.48  9.41  8.45 10.43 14.07 16.65 19.07 19.95 17.09 20.23 14.52 11.36
 
INTERPOLATED DATA (station & weighting factor)
 
---Wind Stations---
BATON ROUGE   LA     .384  LAFAYETTE     LA     .380  ALEXANDRIA    LA     .236
---Solar Radiation and Max .5 P Stations---
 BATON ROUGE, LOUIS  .701   JACKSON, MISSISSIP  .176   GALVESTON, TEXAS    .123 
---Dewpoint Stations---
LA BATON ROUGE       .511  LA ALEXANDRIA        .284  LA LAKE CHARLES      .205 
---Time Peak Stations---
OLD RIVER LOCK LA    .479  LAFAYETTE LA         .291  CLINTON 5 SE LA      .230 
