 RESERVE LA                              167767 0
 LATT=  30.07 LONG= -90.57 YEARS= 45. TYPE= 4
 ELEVATION =   10. TP5 = 3.48 TP6= 8.58
 MEAN P    .55   .68   .66   .74   .65   .56   .49   .48   .61   .58   .56   .62
 S DEV P   .73   .89   .85  1.11   .88   .62   .55   .63   .82   .70   .77   .81
 SKEW  P  2.74  2.31  2.59  3.43  2.72  1.71  1.84  3.82  2.69  2.02  2.45  2.67
 P(W/W)    .45   .46   .38   .40   .44   .47   .54   .50   .52   .36   .38   .41
 P(W/D)    .26   .24   .23   .17   .17   .26   .34   .31   .22   .14   .19   .23
 TMAX AV 61.49 64.66 70.96 78.42 84.58 89.84 91.31 90.95 87.22 80.17 70.80 64.29
 TMIN AV 41.13 43.97 50.19 57.62 64.82 70.89 73.02 72.54 69.00 58.15 49.14 43.38
 SD TMAX 11.39 10.34  8.75  6.36  5.00  4.21  3.74  3.93  5.13  6.59  9.07 10.24
 SD TMIN 10.66  9.91  9.23  7.95  5.71  3.76  2.63  2.93  5.23  8.75 10.21 10.65
 SOL.RAD  220.  265.  340.  415.  457.  454.  431.  426.  389.  361.  279.  202.
 SD SOL   57.0  71.4  84.7  95.7 104.8 114.9 117.5 203.4  90.8  49.3  43.1  54.0
 MX .5 P  1.40  1.00  1.07  1.50  1.61  1.35  2.14  2.00  1.87  1.48  2.19  1.18
 DEW PT  45.30 47.30 50.83 58.19 65.30 71.19 73.00 72.65 69.19 58.73 50.37 45.83
Time Pk   .408  .524  .607  .711  .746  .767  .803  .826  .846  .898  .939 1.000
% N      10.17  8.79  6.85  5.11  4.81  4.06  3.29  5.15  7.02  9.54  9.47  8.42
MEAN      4.95  4.78  4.65  4.36  3.80  3.29  2.96  3.08  3.63  4.00  4.56  4.69
STD DEV   2.11  2.08  2.11  2.06  1.76  1.44  1.27  1.36  1.70  2.11  2.07  2.04
SKEW       .31   .35   .48   .54   .66   .83   .65   .59   .69  1.33   .51   .38
% NNE     7.62  6.70  5.10  3.99  4.02  3.54  2.50  4.32  7.71  8.77  8.68  8.06
MEAN      4.52  4.61  4.39  4.24  3.71  3.28  3.05  3.15  3.69  3.91  4.25  4.45
STD DEV   1.96  1.89  1.98  1.95  1.65  1.48  1.35  1.40  1.74  2.01  2.01  1.99
SKEW       .40   .35   .49   .58   .58   .61   .80   .83   .69  1.34   .49   .48
% NE      7.01  7.14  5.86  3.91  4.72  4.60  3.95  6.07 11.27 10.24  7.76  7.70
MEAN      4.03  4.17  4.12  3.83  3.56  3.20  2.99  3.15  3.75  3.64  3.71  3.79
STD DEV   1.86  1.76  1.80  1.75  1.59  1.40  1.33  1.41  1.71  1.77  1.74  1.73
SKEW       .58   .43   .39   .48   .63   .66   .63   .62   .63  1.05   .70   .58
% ENE     6.51  6.03  5.07  4.01  4.80  4.28  3.63  5.40 10.45  8.74  7.00  6.60
MEAN      3.79  4.10  4.02  3.75  3.61  3.21  3.08  3.28  3.94  3.67  3.62  3.69
STD DEV   1.59  1.75  1.79  1.60  1.56  1.46  1.39  1.51  1.88  1.61  1.60  1.58
SKEW       .66   .59   .54   .50   .55   .60   .81   .80   .90   .75   .64   .44
% E       7.51  6.54  6.01  6.00  6.72  5.94  5.25  6.93 10.30  8.60  7.46  7.69
MEAN      3.48  3.81  3.62  3.61  3.44  3.04  2.91  3.04  3.55  3.39  3.39  3.41
STD DEV   1.55  1.70  1.57  1.62  1.52  1.41  1.38  1.44  1.77  1.56  1.56  1.55
SKEW       .74   .57   .59   .48   .65   .86   .97   .92   .93   .69   .80   .74
% ESE     5.72  4.72  5.85  6.45  6.39  4.78  3.71  4.15  5.90  5.69  5.82  5.41
MEAN      3.64  4.11  4.13  3.81  3.57  3.30  2.98  2.96  3.51  3.44  3.54  3.63
STD DEV   1.45  1.82  1.76  1.64  1.54  1.48  1.39  1.37  1.65  1.47  1.44  1.56
SKEW       .61   .56   .46   .58   .65   .69   .97   .99   .92   .64   .59   .60
% SE      5.67  5.11  7.72  9.52  7.65  6.17  4.78  4.53  5.45  5.09  5.93  5.67
MEAN      3.43  3.77  4.10  3.90  3.65  3.13  2.97  2.81  3.11  3.16  3.58  3.66
STD DEV   1.42  1.67  1.86  1.80  1.65  1.43  1.44  1.30  1.56  1.47  1.49  1.73
SKEW       .56   .60   .58   .72   .79   .78  1.04   .95  1.18  1.02   .61   .74
% SSE     6.38  5.69  8.16 11.74  9.03  6.41  4.36  4.11  3.68  3.29  5.57  5.71
MEAN      4.13  4.41  4.74  4.52  4.23  3.44  3.18  2.97  3.61  3.55  4.33  4.00
STD DEV   1.89  1.93  2.18  2.02  1.89  1.48  1.39  1.33  1.75  1.66  1.97  1.86
SKEW       .74   .52   .63   .77   .47   .64   .69   .77   .94   .70   .47   .71
% S       8.08  8.61 11.19 14.05 11.31  9.47  7.51  5.88  4.00  3.24  5.94  7.60
MEAN      4.32  4.71  5.12  4.93  4.37  3.70  3.16  3.06  3.45  3.23  4.25  4.46
STD DEV   1.91  2.21  2.23  2.07  1.91  1.62  1.44  1.39  1.59  1.58  2.06  2.04
SKEW       .57   .57   .37   .39   .40   .65   .75   .68   .83   .85   .73   .51
% SSW     4.38  6.04  6.24  6.59  6.78  7.37  6.42  4.66  2.02  1.36  2.87  3.75
MEAN      4.71  4.99  5.02  4.53  4.13  3.68  3.20  3.05  3.39  3.21  4.22  4.39
STD DEV   2.08  2.19  2.13  1.89  1.76  1.44  1.39  1.35  1.49  1.63  1.85  2.02
SKEW       .43   .42   .43   .30   .57   .39   .56   .82   .74  1.01   .45   .46
% SW      2.68  4.49  3.78  3.92  4.84  6.47  7.43  4.92  1.76  1.45  1.95  2.53
MEAN      3.96  4.29  4.43  3.85  3.37  3.27  3.13  2.90  2.70  2.91  3.64  3.77
STD DEV   1.80  1.95  1.97  1.79  1.54  1.43  1.41  1.31  1.20  1.48  1.72  1.81
SKEW       .56   .60   .48   .55   .68   .64   .73   .95   .65   .79   .52   .53
% WSW     2.20  3.20  2.70  2.38  2.81  4.32  5.61  3.57  1.46  1.19  1.76  2.02
MEAN      3.78  4.21  4.33  3.80  3.22  3.25  3.19  2.87  2.85  2.75  3.39  3.58
STD DEV   1.74  1.91  1.98  1.80  1.45  1.46  1.39  1.22  1.39  1.22  1.58  1.71
SKEW       .59   .69   .47   .63   .66   .74   .65   .91   .88   .81   .58   .82
% W       3.13  3.78  3.29  2.63  3.20  4.99  7.55  5.38  2.13  2.34  2.91  3.07
MEAN      3.83  4.29  4.28  3.84  2.98  2.93  2.92  2.79  2.63  2.85  3.38  3.57
STD DEV   1.85  2.06  2.14  2.25  1.51  1.34  1.35  1.22  1.28  1.34  1.68  1.70
SKEW       .50   .66   .71  1.02   .89   .79   .94   .77  1.09   .79   .75   .66
% WNW     2.66  3.30  3.17  2.21  1.84  2.58  3.71  3.18  1.37  1.82  2.53  2.57
MEAN      4.37  4.70  4.60  4.47  3.07  3.19  3.06  2.95  2.78  3.15  3.87  4.19
STD DEV   2.09  2.17  1.99  2.12  1.38  1.43  1.27  1.19  1.33  1.49  1.92  1.92
SKEW       .46   .53   .28   .32   .65   .62   .61   .55   .96   .80   .61   .46
% NW      4.36  4.47  4.44  2.85  2.48  2.53  3.49  3.28  1.95  2.87  4.21  4.73
MEAN      4.97  4.92  5.00  4.39  3.29  3.05  3.01  2.97  3.03  3.67  4.55  4.52
STD DEV   2.24  2.28  2.25  2.07  1.53  1.38  1.32  1.33  1.50  2.02  2.28  2.06
SKEW       .37   .42   .29   .42   .69   .73   .63   .66   .75   .87   .61   .42
% NNW     6.38  5.76  4.98  3.49  2.88  2.44  2.40  2.98  2.90  4.62  5.65  6.33
MEAN      5.31  5.18  5.11  4.57  3.99  3.17  3.14  3.16  3.47  4.01  4.92  4.98
STD DEV   2.27  2.23  2.21  2.11  1.85  1.36  1.33  1.39  1.66  1.87  2.32  2.24
SKEW       .27   .30   .30   .55   .72   .47   .49   .56   .80   .38   .41   .41
CALM      9.57  9.60  9.64 11.17 15.71 20.09 24.43 25.51 20.71 21.21 14.56 12.04
 
INTERPOLATED DATA (station & weighting factor)
 
---Wind Stations---
NEW ORLEANS   LA     .594  BATON ROUGE   LA     .248  NEW IBERIA    LA     .157
---Solar Radiation and Max .5 P Stations---
 NEW ORLEANS, LOUIS  .560   BATON ROUGE, LOUIS  .372   GALVESTON, TEXAS    .068 
---Dewpoint Stations---
LA NEW ORLEANS       .540  LA BATON ROUGE       .352  LA LAKE CHARLES      .108 
---Time Peak Stations---
GONZALES LA          .430  N O ADBON WSFO CI L  .354  MORGAN CITY LA       .217 
