 STOCKBRIDGE MA                          198181 0
 LATT=  42.28 LONG= -73.32 YEARS= 37. TYPE= 4
 ELEVATION =  850. TP5 = 2.17 TP6= 4.81
 MEAN P    .30   .32   .32   .34   .33   .36   .38   .36   .41   .38   .36   .35
 S DEV P   .34   .35   .32   .37   .38   .41   .44   .49   .55   .42   .39   .47
 SKEW  P  2.38  1.77  1.53  2.01  2.75  2.08  2.21  2.75  2.96  1.89  2.08  4.32
 P(W/W)    .34   .36   .34   .48   .51   .44   .40   .44   .42   .44   .44   .41
 P(W/D)    .25   .25   .27   .27   .26   .29   .26   .27   .24   .19   .27   .25
 TMAX AV 32.02 34.50 42.27 56.55 68.00 75.76 79.94 77.66 70.09 60.83 48.31 35.98
 TMIN AV 12.43 13.69 22.44 32.80 42.38 51.22 56.09 54.78 47.39 37.32 29.35 18.12
 SD TMAX 10.27 10.04  9.71 10.82  9.41  7.65  5.74  6.15  8.29  9.00  9.98 10.13
 SD TMIN 13.21 12.78  9.71  8.29  8.70  7.82  7.15  7.57  9.19  9.52  9.28 11.57
 SOL.RAD  142.  210.  289.  352.  436.  480.  481.  420.  328.  232.  149.  116.
 SD SOL   37.4  47.4  68.1  96.2 104.4 105.7  97.1 165.9  88.3  51.7  41.4  36.7
 MX .5 P   .48   .27   .41   .39   .65   .96  1.62  1.05   .94   .94   .36   .34
 DEW PT  18.56 18.42 25.04 35.04 45.62 56.15 61.38 60.62 53.81 43.85 36.51 21.85
Time Pk   .733  .808  .845  .874  .884  .894  .907  .918  .928  .943  .965 1.000
% N      13.76 13.29 11.94  9.96  9.28  7.19  7.30 10.24 10.93 11.66 11.06 12.00
MEAN      3.93  3.97  4.08  4.16  3.73  3.49  3.17  3.30  3.42  3.59  3.60  3.82
STD DEV   1.97  2.04  2.04  2.05  1.82  1.75  1.49  1.59  1.70  1.81  1.90  1.97
SKEW       .76   .92   .76   .60   .65   .83   .78   .76   .93   .72  1.00   .87
% NNE     6.90  6.13  6.74  6.03  6.05  4.35  4.03  5.19  5.59  6.50  5.20  5.41
MEAN      4.00  3.91  4.26  4.43  4.00  3.54  3.24  3.31  3.53  3.99  3.66  3.53
STD DEV   2.16  2.07  2.08  2.08  1.93  1.70  1.56  1.56  1.76  2.07  2.05  1.91
SKEW       .59   .61   .57   .60   .56   .65   .80   .66   .77   .65  1.01   .80
% NE      2.66  2.75  3.42  3.53  3.91  3.18  2.61  3.65  3.15  3.88  2.76  2.20
MEAN      2.66  3.13  3.53  3.75  3.24  3.13  2.72  2.72  2.75  3.05  2.80  2.63
STD DEV   1.67  1.78  1.99  1.92  1.70  1.57  1.31  1.37  1.52  1.65  1.72  1.55
SKEW      1.68   .99   .99   .62   .98   .72   .81   .92  1.13   .88  1.57  1.34
% ENE      .81  1.02  1.45  1.34  1.74  1.32   .95  1.40  1.25  1.46  1.26   .69
MEAN      2.16  2.75  3.19  3.42  3.38  3.13  2.69  2.54  2.77  3.14  3.30  2.12
STD DEV   1.00  1.47  1.73  1.74  1.75  1.52  1.17  1.15  1.34  1.80  2.24   .90
SKEW       .77  1.12   .81   .86   .89   .94   .76   .77   .81   .78  1.87   .55
% E        .77  1.11  1.27  1.34  1.78  1.39  1.07  1.59  1.34  1.28  1.33   .81
MEAN      1.73  2.42  2.78  2.88  2.98  2.78  2.36  2.31  2.24  2.44  2.69  1.91
STD DEV    .68  1.30  1.51  1.50  1.63  1.48  1.08  1.14  1.18  1.34  1.66   .99
SKEW       .80  1.01   .95   .96  1.06   .75   .48   .97  1.55   .90  1.23  1.04
% ESE      .82  1.01  1.34  1.55  1.79  1.49  1.37  1.39  1.36  1.33  1.35  1.03
MEAN      2.13  2.40  3.15  3.26  3.11  2.71  2.54  2.57  2.32  2.51  2.88  2.33
STD DEV   1.04  1.21  1.77  1.65  1.54  1.33  1.20  1.31  1.01  1.23  2.19  1.21
SKEW       .99  1.41   .98   .82   .90   .94   .75  1.13   .83   .84  1.94  1.24
% SE      2.39  2.54  2.79  3.48  3.96  3.62  4.19  3.86  3.65  3.22  2.98  2.74
MEAN      2.40  2.66  3.22  3.42  3.05  2.75  2.61  2.63  2.53  2.51  2.79  2.41
STD DEV   1.26  1.35  1.76  1.90  1.61  1.41  1.32  1.38  1.28  1.29  1.55  1.33
SKEW      1.19   .90  1.28   .88   .98  1.08  1.02  1.09   .97  1.24  1.11  1.47
% SSE     6.12  5.94  7.24  8.85  9.57 10.28  9.80  9.21  9.59  7.87  7.79  6.60
MEAN      3.67  3.87  4.36  4.61  4.12  3.90  3.54  3.43  3.45  3.49  3.65  3.68
STD DEV   1.76  1.92  2.26  2.18  1.92  1.76  1.65  1.63  1.58  1.75  1.79  1.94
SKEW       .78   .77   .76   .47   .66   .55   .73   .81   .74  1.16   .91   .81
% S      10.28 10.09 10.11 13.18 16.35 19.44 19.24 16.97 15.90 14.30 12.54 11.21
MEAN      3.96  4.01  4.47  4.65  4.28  4.03  3.69  3.39  3.61  3.72  3.80  3.74
STD DEV   2.03  1.96  2.16  2.24  2.05  1.84  1.78  1.64  1.77  1.79  2.04  1.87
SKEW       .74   .65   .50   .44   .56   .54   .66   .77   .71   .71  1.03   .72
% SSW     5.14  4.08  4.19  6.37  7.06  9.31  8.56  7.73  7.27  6.57  5.53  5.70
MEAN      3.89  3.76  4.21  4.44  4.05  3.94  3.68  3.44  3.68  3.68  3.83  3.65
STD DEV   2.00  2.01  2.23  2.26  2.01  1.82  1.77  1.75  1.90  1.85  2.11  1.84
SKEW       .78   .83   .78   .57   .63   .56   .69   .79   .70   .80  1.16   .85
% SW      3.96  3.65  2.99  3.72  3.94  6.03  7.18  5.67  4.82  4.30  4.81  5.35
MEAN      3.37  3.51  3.77  3.68  3.27  3.37  3.18  2.97  3.14  3.18  3.45  3.33
STD DEV   1.95  1.91  2.15  2.03  1.78  1.76  1.57  1.55  1.74  1.72  1.84  1.75
SKEW      1.20  1.04   .90   .86   .81   .80   .70   .81   .94   .94   .80   .97
% WSW     3.24  3.19  3.30  3.56  3.16  3.45  4.20  3.58  2.86  3.08  4.05  4.11
MEAN      4.28  4.11  4.85  4.49  4.15  3.71  3.62  3.33  3.28  3.77  3.95  4.11
STD DEV   2.20  2.08  2.65  2.39  2.17  1.82  1.73  1.67  1.78  1.96  2.01  2.12
SKEW       .64   .61   .64   .69   .55   .59   .54   .78   .92   .64   .57   .65
% W       6.84  7.43  7.62  7.21  6.13  6.09  7.01  5.84  5.53  5.79  7.37  7.82
MEAN      4.85  5.06  5.21  4.83  4.45  3.87  3.61  3.46  3.50  3.96  4.27  4.53
STD DEV   2.49  2.58  2.55  2.46  2.37  1.92  1.72  1.78  1.90  2.08  2.25  2.32
SKEW       .59   .60   .42   .51   .51   .58   .56   .67   .90   .61   .57   .60
% WNW    11.27 12.20 12.19 10.52  7.58  6.39  6.14  5.54  6.21  6.99  9.67 10.96
MEAN      5.83  6.17  6.10  5.98  5.38  4.73  4.18  4.01  4.19  4.73  4.99  5.63
STD DEV   2.63  2.75  2.64  2.57  2.57  2.26  1.92  1.91  2.03  2.29  2.37  2.61
SKEW       .30   .25   .25   .13   .27   .36   .47   .40   .44   .50   .44   .38
% NW     10.64 11.57 10.87  8.60  6.92  6.06  5.72  5.93  6.38  7.17  8.90 10.16
MEAN      5.13  5.31  5.23  5.27  4.56  4.06  3.71  3.44  3.71  4.12  4.67  4.98
STD DEV   2.56  2.55  2.42  2.51  2.31  2.18  1.83  1.81  1.95  2.19  2.35  2.54
SKEW       .49   .44   .41   .38   .41   .73   .60   .67   .61   .52   .48   .48
% NNW     8.61  8.99  8.51  7.12  5.98  5.08  4.31  4.80  5.63  5.83  6.77  7.20
MEAN      4.47  4.53  4.62  4.66  4.26  3.83  3.49  3.37  3.53  3.84  4.10  4.12
STD DEV   2.06  2.09  2.11  2.20  2.04  1.77  1.66  1.51  1.64  1.85  2.00  1.93
SKEW       .55   .57   .72   .64   .62   .69   .86   .70   .70   .84   .68   .61
CALM      5.75  5.00  4.01  3.62  4.88  5.32  6.27  7.45  8.57  8.78  6.63  6.03
 
INTERPOLATED DATA (station & weighting factor)
 
---Wind Stations---
WINDSOR/BRADL CT     .334  HARTFORD/BRAI CT     .334  ALBANY/CNTY   NY     .333
---Solar Radiation and Max .5 P Stations---
 ALBANY, NEW YORK    .422   HARTFORD (WINDSOR   .421   NEW YORK, NEW YORK  .157 
---Dewpoint Stations---
NY ALBANY            .427  CT HARTFORD          .338  CT NEW HAVEN         .235 
---Time Peak Stations---
CHURCHTOWN RSRVR NY  .366  LITTLEVILLE LAKE MA  .363  ALBANY 4 S NY        .271 
