 HAGERSTOWN MD                           183975 0
 LATT=  39.65 LONG= -77.73 YEARS= 45. TYPE= 3
 ELEVATION =  660. TP5 = 2.81 TP6= 5.24
 MEAN P    .29   .28   .34   .32   .34   .35   .36   .38   .42   .43   .33   .34
 S DEV P   .34   .34   .39   .36   .38   .46   .50   .45   .63   .59   .41   .39
 SKEW  P  2.00  2.89  2.76  2.73  1.99  2.61  3.63  2.35  5.28  3.11  2.24  2.02
 P(W/W)    .38   .40   .43   .49   .47   .46   .41   .40   .44   .42   .45   .40
 P(W/D)    .24   .24   .24   .27   .31   .27   .25   .24   .19   .17   .25   .22
 TMAX AV 39.19 42.67 52.50 64.69 74.93 82.93 86.82 85.08 78.13 66.82 53.89 42.35
 TMIN AV 22.97 24.88 32.07 41.96 51.34 59.49 63.68 61.91 54.99 44.29 35.57 26.52
 SD TMAX 10.40 10.73 11.67 10.88  8.64  6.86  5.72  5.81  8.07  8.96  9.99 10.20
 SD TMIN 10.08  9.93  9.04  8.67  7.90  6.74  5.46  5.89  8.25  8.85  9.20  9.57
 SOL.RAD  151.  233.  308.  388.  505.  502.  520.  440.  370.  273.  185.  139.
 SD SOL   45.1  50.6  71.6  92.0  87.9 101.3  88.6 176.1  82.3  48.8  40.5  40.1
 MX .5 P   .37   .32   .41   .72  1.23   .96  1.31  1.36  1.21   .77   .31   .38
 DEW PT  22.77 22.77 27.97 38.36 49.36 59.16 62.96 62.37 55.96 44.76 33.57 24.18
Time Pk   .689  .770  .805  .852  .866  .874  .888  .899  .908  .933  .959 1.000
% N       8.10  7.09  7.28  7.80  6.87  5.61  5.30  6.78  7.41  8.50  4.83  7.56
MEAN      3.27  3.47  4.04  4.24  3.65  3.36  3.15  3.05  3.34  3.56  3.36  3.09
STD DEV   1.77  1.86  2.00  2.03  1.76  1.58  1.35  1.44  1.52  1.59  2.02  1.74
SKEW      1.24   .76   .65   .47   .79   .55   .68   .74   .58   .68  1.11  1.04
% NNE     6.89  8.15  7.15  5.68  7.91  5.62  4.71  7.04  8.06  9.18  4.42  6.92
MEAN      3.52  3.77  3.73  3.83  3.61  3.38  3.15  3.32  3.40  3.91  3.77  3.34
STD DEV   1.79  1.82  1.74  1.63  1.56  1.42  1.32  1.54  1.46  1.63  1.97  1.56
SKEW       .90   .68   .61   .35   .41   .52   .68  1.00   .47   .53   .87   .96
% NE      5.05  4.37  5.44  5.38  5.91  5.09  4.82  5.24  6.60  6.87  3.27  4.83
MEAN      2.93  2.95  3.00  3.43  3.12  2.95  2.92  2.96  2.76  3.23  3.09  2.82
STD DEV   1.44  1.38  1.43  1.64  1.40  1.34  1.21  1.30  1.24  1.52  1.83  1.45
SKEW       .92   .45   .81   .87   .68   .59   .49   .71   .81   .75  1.51  1.62
% ENE      .83  1.01  1.83  1.74  1.92  2.29  2.18  2.24  1.77  1.42   .83   .54
MEAN      2.56  2.48  3.22  2.90  2.88  2.97  2.89  2.58  2.95  2.60  2.69  2.16
STD DEV   1.28   .99  1.44  1.29  1.20  1.33  1.13  1.05  1.14  1.01  1.11   .81
SKEW       .87   .27   .50   .62   .49   .46   .41   .95   .71   .07   .92   .10
% E        .85  1.23  1.93  1.75  2.26  2.25  2.45  2.55  2.42  1.61  1.16   .79
MEAN      2.08  1.98  3.78  2.82  2.42  2.94  2.88  2.49  2.82  2.81  2.94  1.94
STD DEV    .82   .81  1.92  1.32   .94  1.27  1.51  1.19  1.23  1.46  2.44   .96
SKEW       .22   .47   .76   .73   .65   .62   .85  1.22   .95  1.45  1.88   .94
% ESE      .53   .87  1.65  1.15  1.53  1.84  1.93  2.15  1.39  1.03  1.09   .53
MEAN      2.63  2.42  3.13  3.27  2.80  3.54  3.12  3.12  2.46  3.64  4.25  3.01
STD DEV   1.08  1.04  1.42  1.57  1.16  1.96  1.38  1.57  1.25  2.27  3.46  2.04
SKEW       .75   .49   .57   .29   .42   .65   .61   .90   .75   .88  1.42   .05
% SE      1.61  1.97  2.27  2.35  3.05  2.80  2.78  3.33  2.48  2.16  2.29  1.33
MEAN      2.28  2.32  3.12  3.08  2.82  2.75  2.90  2.81  3.11  2.49  2.82  2.43
STD DEV   1.04  1.10  1.66  1.69  1.38  1.33  1.36  1.38  1.60   .99  1.86  1.30
SKEW      1.01   .65   .77   .76   .92  1.02   .77  1.02   .86   .49  1.61  1.57
% SSE     2.49  3.37  3.02  3.65  4.49  5.12  4.11  3.56  3.33  2.95  3.69  2.21
MEAN      2.98  3.38  3.98  3.66  3.52  3.38  3.05  3.28  3.12  2.95  3.65  2.61
STD DEV   1.51  1.45  2.16  1.98  1.70  1.75  1.43  1.59  1.50  1.19  2.06  1.29
SKEW       .67   .17   .91   .94   .62   .66   .58   .87   .76   .51  1.01  1.19
% S       6.70  6.33  5.01  6.91  6.54  8.62  7.64  7.91  8.70  7.56  6.90  5.62
MEAN      3.25  3.44  3.62  3.84  3.17  3.18  3.03  2.99  3.34  3.03  3.53  2.81
STD DEV   1.66  1.79  1.87  2.01  1.58  1.48  1.47  1.38  1.75  1.38  1.86  1.29
SKEW      1.11   .80   .70   .84   .86   .85   .98  1.17  1.26  1.01  1.10  1.21
% SSW    10.23  7.18  5.87  7.91  7.60  7.42  8.16  8.21  7.92  6.31  7.37  7.58
MEAN      3.41  3.38  4.05  4.11  3.40  3.45  3.26  3.19  3.20  3.19  3.52  3.05
STD DEV   1.69  1.62  1.96  2.04  1.46  1.55  1.48  1.50  1.36  1.40  1.70  1.62
SKEW      1.17   .90   .56   .69   .57   .70   .66  1.10   .78  1.05   .94  1.50
% SW      7.29  4.88  3.94  5.47  5.16  6.59  6.97  5.40  5.91  5.31  6.39  6.19
MEAN      2.93  2.74  3.52  3.72  3.22  3.08  3.03  2.78  2.89  3.03  3.05  2.74
STD DEV   1.44  1.28  1.71  1.96  1.53  1.41  1.44  1.26  1.24  1.39  1.47  1.28
SKEW      1.46   .97   .77   .88   .91   .60   .96  1.32   .54  1.17   .93  1.29
% WSW     2.48  2.85  3.23  5.04  4.20  3.72  3.96  2.72  2.43  3.53  3.79  3.62
MEAN      3.48  3.60  4.48  4.38  3.64  3.31  3.42  2.86  3.08  3.56  3.63  3.57
STD DEV   1.91  1.95  2.21  2.47  1.86  1.49  1.55  1.10  1.38  1.72  1.80  1.84
SKEW       .76  1.01   .34   .82   .68   .64  1.23   .68   .44   .56   .70   .87
% W       6.19  6.01  6.78  8.36  6.35  6.69  6.11  4.58  4.89  5.52  9.37  9.18
MEAN      5.43  5.39  5.37  5.28  4.53  3.50  3.81  3.44  3.60  3.89  4.98  5.18
STD DEV   3.25  3.21  2.89  2.84  2.29  1.77  1.86  1.55  2.14  2.21  2.58  2.67
SKEW       .72   .95   .78   .87   .48   .69   .89   .55   .92   .77   .62   .48
% WNW     9.99 11.60 13.78 11.07  7.21  6.49  7.19  4.70  5.43  5.19 12.06 12.45
MEAN      7.12  7.52  7.50  6.55  5.37  4.64  4.65  4.29  5.08  5.02  6.46  6.35
STD DEV   3.28  3.26  3.61  2.75  2.33  2.17  2.25  1.90  2.19  2.37  3.13  2.79
SKEW       .51   .33   .51   .13   .44   .55   .77   .58   .39   .22   .45   .42
% NW     10.89 13.45 14.14 11.94  7.67  7.27  6.59  6.27  6.79  7.04  9.61 10.87
MEAN      6.10  6.34  6.50  6.24  5.12  4.55  3.94  3.76  4.55  5.22  5.74  5.47
STD DEV   3.16  3.11  3.16  3.03  2.49  2.33  1.88  1.84  2.39  2.62  2.68  2.63
SKEW       .47   .51   .49   .51   .59   .64   .45   .66   .69   .51   .28   .52
% NNW     5.06  5.02  5.75  4.23  3.77  3.72  3.52  2.93  3.49  3.33  3.66  3.47
MEAN      4.72  5.32  5.61  5.52  4.41  4.46  3.47  3.50  3.75  4.78  4.05  4.28
STD DEV   2.66  3.07  2.69  2.52  2.33  2.25  1.76  1.62  1.94  2.48  2.07  2.27
SKEW       .89   .61   .36   .24   .42   .44   .85   .81   .56   .85   .73   .75
CALM     14.73 14.68 11.02  9.63 17.55 18.97 21.59 24.32 20.98 22.66 19.09 16.09
 
INTERPOLATED DATA (station & weighting factor)
 
---Wind Stations---
CAMP DETRICK  MD     .534  FREDERICK     MD     .466                       .000
---Solar Radiation and Max .5 P Stations---
 WASHINGTON, DISTRI  .500   WILMINGTON, DELAWA  .279   PITTSBURGH, PENNSY  .220 
---Dewpoint Stations---
PA HARRISBURG        .411  MD BALTIMORE         .388  WV ELKINS            .201 
---Time Peak Stations---
CATOCTIN MT PK MD    .430  CHAMBERSBURG PA      .285  KEARNEYSVILLE 1NW W  .285 
