 EASTPORT 2 ME                           172426 0
 LATT=  44.90 LONG= -66.98 YEARS= 66. TYPE= 4
 ELEVATION =   80. TP5 = 1.86 TP6= 4.33
 MEAN P    .29   .28   .28   .27   .28   .27   .29   .30   .35   .34   .36   .30
 S DEV P   .38   .36   .36   .36   .36   .37   .42   .44   .48   .46   .47   .39
 SKEW  P  2.96  2.14  2.86  2.73  2.68  2.74  3.23  2.74  2.55  2.85  2.45  2.92
 P(W/W)    .48   .49   .47   .51   .50   .47   .44   .41   .42   .47   .51   .50
 P(W/D)    .36   .33   .32   .31   .31   .31   .28   .28   .28   .27   .32   .33
 TMAX AV 30.22 30.77 37.80 47.56 57.82 65.99 71.54 71.22 64.58 55.37 45.11 34.17
 TMIN AV 15.87 16.23 24.04 32.84 40.61 47.38 52.53 53.41 48.86 41.39 32.64 20.17
 SD TMAX 10.50  8.94  7.87  7.56  8.10  8.22  6.83  6.47  6.53  7.15  8.30 10.50
 SD TMIN 10.19  9.32  8.65  5.00  4.42  3.88  3.36  3.59  5.42  6.79  8.40 10.56
 SOL.RAD  139.  230.  306.  406.  488.  518.  536.  472.  371.  270.  164.  133.
 SD SOL   32.3  35.4  57.0  75.4  85.6  92.3  77.6 133.0  71.5  34.3  31.0  25.4
 MX .5 P   .53   .27   .32   .45   .46  1.12   .97   .93   .52   .79   .41   .40
 DEW PT  18.00 20.00 25.00 33.00 40.00 47.00 55.00 57.00 52.00 42.00 33.00 22.00
Time Pk   .796  .852  .877  .906  .914  .921  .929  .939  .945  .967  .983 1.000
% N       9.73  9.77  9.01  8.80  6.82  4.79  3.84  4.59  5.53  6.72  9.20  9.19
MEAN      4.51  4.85  4.74  4.83  4.83  4.01  3.96  3.98  3.82  4.35  4.30  4.41
STD DEV   2.23  2.47  2.08  2.10  2.09  1.70  1.70  1.69  1.70  2.19  1.93  2.15
SKEW       .99   .77   .69   .85   .55   .54   .66   .57   .74  1.18   .86   .85
% NNE     5.86  5.15  6.36  4.98  3.95  3.18  1.70  2.92  3.50  3.96  5.09  4.90
MEAN      4.82  5.01  4.71  4.90  4.71  4.16  3.49  3.91  4.01  4.22  4.26  4.51
STD DEV   2.09  2.44  2.10  2.13  2.10  1.67  1.44  1.69  1.74  1.72  1.85  1.96
SKEW       .42  1.21   .71   .97  1.03   .42   .60   .61   .71   .35   .81   .55
% NE      3.23  3.36  4.12  3.28  3.08  2.61  1.22  1.94  2.11  2.62  3.15  2.81
MEAN      4.16  4.21  4.47  4.08  3.85  3.76  3.01  3.17  3.50  3.80  3.63  3.94
STD DEV   1.81  2.11  1.89  1.67  1.59  1.52  1.10  1.35  1.58  1.52  1.47  1.65
SKEW       .45  1.21   .55   .64   .67   .59   .62   .80  1.09   .62   .65   .83
% ENE     1.64  1.47  2.59  1.99  2.14  1.54   .70   .93   .92  1.49  1.78  1.29
MEAN      4.06  4.09  4.25  3.85  3.51  3.40  2.99  3.09  3.36  3.55  3.80  3.98
STD DEV   1.87  1.78  1.78  1.73  1.29  1.36  1.12  1.03  1.35  1.38  1.77  1.76
SKEW       .51   .55   .80  1.03   .69   .46   .35   .44   .65   .53   .92   .63
% E       1.28  1.61  2.46  1.92  2.51  1.85  1.00  1.18  1.08  1.45  1.61  1.25
MEAN      3.46  4.25  3.92  3.66  3.41  3.23  2.83  3.08  2.95  3.40  3.37  3.62
STD DEV   1.76  2.15  1.66  1.57  1.46  1.33  1.19  1.25  1.18  1.57  1.82  1.81
SKEW       .77   .76   .47   .67   .78  1.40  1.85   .80   .68   .53  1.94   .92
% ESE     1.07  1.32  1.85  2.32  2.25  1.69  1.21  1.02  1.13  1.44  1.44  1.04
MEAN      3.83  4.03  4.29  4.17  3.47  3.72  3.15  3.11  3.27  3.74  3.77  3.70
STD DEV   1.95  2.05  2.05  2.21  1.44  1.52  1.22  1.30  1.33  1.83  2.37  1.77
SKEW       .55   .88   .64  1.23  1.40   .60   .32   .92   .53   .89  1.76   .66
% SE      1.78  2.09  2.45  2.98  3.36  3.38  2.83  2.43  2.42  2.96  2.76  1.84
MEAN      3.62  3.41  3.99  3.82  3.55  3.33  3.19  3.15  3.34  3.79  3.71  3.92
STD DEV   1.86  1.60  1.89  1.79  1.48  1.42  1.26  1.37  1.39  2.02  1.85  2.15
SKEW      1.07   .89   .68   .69   .53   .76   .71  1.29   .99  1.24  1.23   .94
% SSE     2.00  2.49  2.82  4.65  5.94  6.22  6.95  5.32  5.15  4.53  3.66  2.52
MEAN      3.90  4.15  4.10  4.18  4.03  3.88  3.71  3.83  3.81  3.71  3.76  3.81
STD DEV   1.92  1.94  1.97  1.92  1.79  1.67  1.62  1.83  1.74  1.80  1.77  2.03
SKEW       .71   .86   .74   .66   .88   .63   .64  1.43   .78   .93  1.13  1.07
% S       4.03  5.16  5.80  9.84 13.88 17.00 16.87 15.04 13.26 10.37  7.38  4.64
MEAN      3.89  4.16  4.20  4.41  4.26  4.06  3.92  3.80  3.98  3.81  4.18  3.87
STD DEV   1.96  2.25  1.94  1.83  1.77  1.68  1.63  1.61  1.74  1.69  2.15  1.96
SKEW      1.04  1.91   .81   .48   .45   .52   .60   .61   .75   .68  1.74  1.16
% SSW     2.71  2.76  2.61  4.52  6.78  8.71  8.49  7.37  7.55  6.31  4.22  3.34
MEAN      4.03  3.85  3.97  4.40  4.21  4.00  3.80  3.75  3.87  3.90  4.36  3.88
STD DEV   1.93  1.67  1.76  1.89  1.87  1.72  1.64  1.66  1.62  1.80  2.21  1.77
SKEW       .83   .80   .74   .42   .87   .69   .60  1.07   .61  1.00  1.27   .80
% SW      3.19  3.10  3.33  3.74  4.22  5.53  6.91  5.87  5.12  4.83  4.02  3.93
MEAN      3.56  3.44  3.63  3.77  3.70  3.59  3.47  3.27  3.38  3.44  3.57  3.52
STD DEV   1.64  1.53  1.58  1.67  1.67  1.58  1.55  1.45  1.51  1.50  1.67  1.60
SKEW       .73   .62   .61   .61   .82   .74   .84   .89   .88   .74  1.05   .76
% WSW     4.14  3.90  4.35  4.38  4.23  4.77  5.62  5.37  4.62  4.74  4.27  4.56
MEAN      3.84  3.99  4.26  4.12  4.06  3.80  3.71  3.52  3.55  3.85  3.91  4.06
STD DEV   1.88  1.82  1.92  2.01  1.76  1.60  1.58  1.45  1.52  1.63  1.82  1.91
SKEW      1.01   .65   .71  1.16   .52   .58   .71   .55   .77   .86   .78   .85
% W       7.02  7.39  6.75  5.70  4.98  4.59  6.00  5.92  5.67  6.16  6.39  6.79
MEAN      4.72  4.71  4.80  4.52  4.39  3.99  3.87  3.86  3.81  4.20  4.25  4.44
STD DEV   2.26  2.11  2.21  1.99  1.95  1.70  1.67  1.70  1.64  1.87  1.83  1.98
SKEW       .95   .68   .62   .61   .53   .74   .78   .85   .79   .70   .63   .67
% WNW    11.11 11.15 11.12  8.30  6.16  5.44  6.07  5.84  6.57  7.86  8.78 10.96
MEAN      5.50  5.53  5.85  5.46  5.19  4.84  4.50  4.44  4.52  5.05  5.12  5.16
STD DEV   2.51  2.39  2.52  2.37  2.46  2.23  1.88  2.00  1.99  2.18  2.30  2.31
SKEW       .80   .73   .60   .47  1.07   .69   .51   .68   .59   .60   .57   .72
% NW     10.69  9.39 10.08  7.85  6.38  4.74  4.97  5.36  5.45  6.20  7.11  8.99
MEAN      5.45  5.63  5.82  5.61  5.38  4.92  4.63  4.42  4.70  5.17  5.01  5.29
STD DEV   2.46  2.60  2.45  2.47  2.46  2.06  2.03  1.97  2.24  2.29  2.23  2.40
SKEW       .65   .65   .43   .61   .97   .48   .48   .66  1.01   .57   .50   .58
% NNW     7.63  6.59  7.09  6.86  5.67  4.10  3.97  4.38  4.26  5.12  5.79  6.16
MEAN      5.14  5.35  5.39  5.21  5.15  4.89  4.55  4.37  4.12  4.83  4.64  4.82
STD DEV   2.45  2.70  2.37  2.34  2.36  2.23  1.96  2.04  1.87  2.18  2.13  2.50
SKEW       .57   .68   .64   .69   .77   .69   .53   .58   .71   .46   .66   .81
CALM     22.94 23.30 17.24 17.91 17.68 19.72 21.69 24.57 25.68 23.31 23.33 25.74
 
INTERPOLATED DATA (station & weighting factor)
 
---Wind Stations---
OLD TOWN/DEWI ME     .522  BANGOR/INT    ME     .478                       .000
---Solar Radiation and Max .5 P Stations---
 PORTLAND, MAINE     .576   CONCORD, NEW HAMPS  .424                            
---Dewpoint Stations---
ME EASTPORT         1.000  ME CARIBOU           .000                            
---Time Peak Stations---
ORONO 2 ME           .675  EUSTIS ME            .325                            
