 FORT KENT ME                            172878 0
 LATT=  47.25 LONG= -68.60 YEARS= 48. TYPE= 3
 ELEVATION =  520. TP5 = 1.36 TP6= 3.45
 MEAN P    .24   .23   .26   .26   .25   .28   .31   .33   .29   .26   .29   .26
 S DEV P   .25   .26   .30   .26   .29   .35   .36   .47   .40   .35   .35   .32
 SKEW  P  1.72  1.82  2.58  1.81  1.95  2.84  2.41  3.06  3.05  2.47  2.51  2.67
 P(W/W)    .39   .35   .42   .43   .52   .50   .50   .50   .47   .48   .48   .46
 P(W/D)    .27   .25   .21   .24   .26   .28   .30   .32   .31   .31   .29   .26
 TMAX AV 20.74 24.49 35.34 47.60 62.89 72.59 77.18 74.86 65.56 53.71 38.76 25.12
 TMIN AV   .48   .87 12.44 26.36 37.62 47.58 52.85 50.55 41.95 32.89 23.00  6.77
 SD TMAX 11.78 10.82 10.19  9.62 11.14  9.20  7.29  7.50  8.94  9.95  9.33 10.91
 SD TMIN 15.99 15.42 13.90  8.39  7.98  7.99  6.88  7.53  8.69  8.48 10.07 13.85
 SOL.RAD  131.  229.  347.  401.  473.  475.  507.  449.  330.  216.  114.  106.
 SD SOL   26.6  27.3  38.6  74.7  92.2 109.8  89.3 152.8  81.2  43.7  38.2  25.6
 MX .5 P   .26   .15   .16   .24   .45   .51   .82  1.13   .45   .24   .24   .18
 DEW PT   8.92  7.62 16.75 28.87 38.35 49.48 55.83 54.52 47.87 37.05 28.05 13.75
Time Pk   .785  .852  .872  .893  .900  .905  .913  .918  .934  .948  .967 1.000
% N       7.35  7.10  8.28  8.03  7.21  5.91  4.14  4.76  4.00  5.94  6.12  6.01
MEAN      4.88  5.05  4.70  4.70  4.63  4.49  4.21  4.16  4.30  4.24  4.52  4.47
STD DEV   2.28  2.50  2.08  2.03  2.01  1.91  1.83  1.72  1.87  1.83  2.27  2.26
SKEW       .68   .73   .64   .84   .70   .67   .82   .83   .86   .69  1.34  1.31
% NNE     3.29  3.79  5.61  4.55  4.09  3.14  1.75  2.24  1.82  3.23  3.86  2.64
MEAN      4.29  4.74  4.60  4.69  4.48  4.19  3.58  3.60  3.61  4.04  4.02  4.48
STD DEV   2.19  2.56  2.12  1.93  1.95  1.82  1.75  1.48  1.59  1.88  1.67  2.37
SKEW      1.35  1.03   .74   .42   .65   .84  1.33   .81   .88  1.34   .60  1.16
% NE      3.43  3.19  4.77  3.68  3.21  3.28  1.66  2.05  1.56  2.47  3.14  2.96
MEAN      4.39  3.87  4.42  4.15  3.77  3.65  3.20  3.34  3.32  3.43  3.88  3.95
STD DEV   2.38  2.17  2.15  1.97  1.69  1.63  1.40  1.46  1.58  1.47  1.73  2.09
SKEW       .77  1.02   .74   .86   .96  1.02  1.12   .68  1.36   .70   .73   .99
% ENE     2.30  2.20  2.91  2.10  2.14  1.96   .89  1.39  1.13  1.48  1.74  1.57
MEAN      4.47  3.98  4.49  4.07  3.86  3.79  3.08  3.35  2.97  3.72  3.56  4.64
STD DEV   2.22  2.22  2.40  2.05  1.81  1.79  1.23  1.71  1.18  1.84  1.64  2.76
SKEW       .52  1.05   .74   .85   .74  1.07  1.09  1.11   .90   .82   .86   .75
% E       2.21  3.05  3.26  2.58  3.24  2.72  1.40  1.48  1.54  2.03  2.53  2.23
MEAN      3.15  3.26  3.71  3.47  3.71  3.52  2.89  3.08  2.91  3.28  3.56  3.70
STD DEV   1.55  1.76  1.89  1.53  1.56  1.58  1.10  1.50  1.20  1.52  1.71  2.05
SKEW      1.13  1.31   .88   .91   .73  1.00  1.33  1.48   .81  1.27  1.29  1.09
% ESE     1.83  2.33  2.91  2.90  3.14  2.74  1.85  1.56  1.86  1.96  2.13  2.11
MEAN      3.44  3.41  3.55  3.74  4.02  3.51  3.18  3.17  3.27  3.74  3.89  3.53
STD DEV   1.66  1.70  1.68  1.60  1.70  1.41  1.24  1.33  1.33  1.70  2.03  1.82
SKEW      1.13  1.19  1.02   .83   .84  1.06   .70  1.24   .54  1.11  1.08  1.13
% SE      2.91  4.43  4.54  5.76  6.33  6.47  4.79  3.86  4.63  5.38  4.88  4.51
MEAN      3.80  3.79  3.82  4.26  4.02  3.89  3.61  3.64  3.60  3.99  3.80  4.11
STD DEV   1.91  1.86  1.70  1.85  1.70  1.60  1.51  1.65  1.45  1.86  1.68  2.11
SKEW      1.01  1.05  1.06   .59   .87   .76   .83  1.19   .80   .93  1.02  1.23
% SSE     4.76  4.25  4.87  7.04  7.34  9.09  8.11  6.73  7.94  7.27  6.81  6.60
MEAN      4.57  4.50  4.70  5.12  4.82  4.33  4.09  3.90  4.23  4.31  4.76  4.60
STD DEV   2.16  2.05  2.08  2.22  2.04  1.75  1.69  1.69  1.82  1.83  2.01  2.08
SKEW       .86  1.01   .88   .55   .65   .61   .70  1.03   .80   .87   .59   .69
% S       5.58  4.53  3.60  6.34  7.23  9.81 10.35  9.50 11.06  8.94  7.45  7.29
MEAN      4.43  4.26  4.31  4.74  4.61  4.48  4.01  4.01  4.60  4.32  4.41  4.33
STD DEV   2.06  2.03  2.08  2.18  2.26  1.98  1.77  1.88  2.29  2.05  2.09  2.02
SKEW       .71   .78   .93   .71   .88   .61   .90  1.06  1.00   .96   .94   .93
% SSW     3.53  3.10  2.04  3.19  4.14  6.18  8.08  7.36  7.64  5.71  3.87  3.77
MEAN      4.47  4.67  4.16  4.49  4.66  4.80  4.47  4.30  4.65  4.48  4.55  4.07
STD DEV   2.22  2.56  2.17  2.13  2.34  2.18  2.04  2.02  2.20  2.02  2.11  1.85
SKEW      1.15   .90   .90   .99   .97   .69   .78   .89   .83   .88   .84   .69
% SW      3.89  3.85  3.55  3.67  5.42  6.08  8.46  8.08  8.03  6.56  6.20  5.10
MEAN      4.10  4.20  4.56  4.11  4.52  4.26  4.08  4.08  4.44  4.12  4.29  4.07
STD DEV   2.01  2.22  2.47  2.01  2.18  2.11  1.80  1.91  2.03  1.89  2.09  2.07
SKEW      1.37  1.37   .98   .96   .74   .93   .84   .89   .87  1.17  1.30  1.09
% WSW     6.15  6.36  4.72  4.66  5.52  6.33  8.81  8.17  8.10  7.47  7.49  7.47
MEAN      5.33  5.52  5.56  5.15  5.56  4.90  4.72  4.51  4.82  4.95  5.11  5.42
STD DEV   2.74  3.11  2.94  2.48  2.66  2.30  2.10  2.05  2.24  2.23  2.50  2.77
SKEW      1.02  1.02   .64   .83   .59   .87   .77   .86   .75   .73   .72   .64
% W      10.31  9.64  7.42  6.91  6.90  5.92  8.40  7.61  8.09  8.45 10.98  9.63
MEAN      6.02  6.19  6.20  5.78  5.53  4.93  4.98  4.73  5.00  5.50  5.51  5.74
STD DEV   3.08  3.32  3.03  2.78  2.44  2.33  2.28  2.19  2.22  2.40  2.59  2.85
SKEW      1.06  1.07   .79   .83   .52   .91   .77   .84   .85   .65   .89  1.00
% WNW     8.39  8.82  9.16  7.61  6.31  5.04  5.99  6.80  6.58  7.05  7.97  7.83
MEAN      6.48  6.58  7.13  6.81  6.13  5.80  5.62  5.33  5.80  5.88  5.97  5.86
STD DEV   2.92  2.91  3.02  3.02  2.63  2.45  2.43  2.35  2.52  2.49  2.59  2.65
SKEW       .77   .68   .59   .51   .36   .55   .67   .97   .85   .53   .71   .77
% NW     13.90 12.75 13.28 12.39  9.30  8.07  7.35  8.26  8.59  9.39 10.46 11.20
MEAN      6.41  6.77  7.07  6.45  6.40  5.77  5.33  5.16  5.69  6.22  5.83  6.45
STD DEV   2.72  2.99  2.77  2.78  2.75  2.47  2.18  2.11  2.37  2.58  2.53  2.92
SKEW       .54   .56   .32   .46   .60   .66   .50   .59   .57   .64   .71   .53
% NNW     8.79  7.62  8.36  8.44  8.58  5.94  5.06  5.47  5.29  6.61  4.85  6.84
MEAN      6.09  6.27  5.85  6.04  6.09  5.74  5.31  5.12  5.24  5.72  5.36  5.89
STD DEV   2.72  2.95  2.58  2.63  2.55  2.45  2.32  2.27  2.40  2.50  2.54  3.00
SKEW       .68   .53   .48   .46   .33   .43   .77   .78   .99   .46   .67  1.22
CALM     11.34 12.97 10.70 10.19  9.87 11.39 12.88 14.75 12.14 10.02  9.60 12.29
 
INTERPOLATED DATA (station & weighting factor)
 
---Wind Stations---
CARIBOU/MUN   ME     .552  PRESQUE ISLE  ME     .448                       .000
---Solar Radiation and Max .5 P Stations---
 CARIBOU, MAINE      .865   MOUNT WASHINGTON,   .135                            
---Dewpoint Stations---
ME CARIBOU           .825  ME EASTPORT          .175                            
---Time Peak Stations---
FORT KENT ME        1.000  ALLAGASH 2 WSW ME    .000  GRAND LK MATAGAMON   .000 
