 PORT HURON FIRE DEP MI                  206680 0
 LATT=  42.95 LONG= -82.45 YEARS= 45. TYPE= 3
 ELEVATION =  600. TP5 = 1.89 TP6= 3.69
 MEAN P    .16   .18   .21   .25   .27   .34   .31   .33   .28   .25   .26   .19
 S DEV P   .24   .25   .26   .31   .34   .42   .37   .44   .35   .33   .35   .25
 SKEW  P  3.92  2.60  2.48  2.28  2.48  2.72  2.27  2.45  2.35  2.40  3.06  2.79
 P(W/W)    .42   .42   .43   .52   .45   .43   .38   .42   .47   .50   .50   .46
 P(W/D)    .29   .27   .27   .32   .27   .28   .27   .27   .27   .25   .31   .32
 TMAX AV 30.89 33.22 42.28 55.71 67.53 77.73 82.41 80.81 73.52 61.82 47.51 35.38
 TMIN AV 17.50 18.42 25.63 35.64 45.54 55.52 61.58 60.32 53.24 42.85 32.94 22.39
 SD TMAX  9.62  9.22 10.97 12.21 11.41  9.19  6.98  6.84  8.60  9.83  9.93  9.27
 SD TMIN  9.76 10.06  8.95  7.84  7.68  7.04  5.82  6.44  8.32  8.47  8.68  9.73
 SOL.RAD  121.  202.  304.  347.  480.  541.  539.  465.  349.  255.  134.  106.
 SD SOL   43.5  49.7  63.8 100.0  93.3  89.3  81.3 153.3  83.3  44.0  45.6  39.2
 MX .5 P   .24   .30   .36   .53   .81   .76  1.48  1.43   .63   .40   .24   .26
 DEW PT  19.11 18.89 24.70 34.67 44.49 55.45 59.63 59.04 52.67 43.04 32.07 22.67
Time Pk   .679  .779  .827  .864  .874  .882  .901  .906  .910  .928  .954 1.000
% N       6.52  7.68  8.31  7.81  8.34  7.39  7.58  8.59  8.12  6.95  5.66  5.73
MEAN      4.41  4.66  4.66  4.56  4.31  3.68  3.46  3.55  3.74  3.83  4.29  4.55
STD DEV   2.10  2.21  2.13  2.02  1.95  1.74  1.64  1.69  1.84  1.92  2.22  2.40
SKEW       .91   .73   .76   .48   .40   .69   .71   .59   .54   .69   .87   .81
% NNE     3.59  4.67  5.30  6.04  6.28  5.30  5.17  4.93  4.13  3.82  2.79  3.07
MEAN      4.08  4.44  4.60  4.67  4.11  3.75  3.45  3.75  3.67  3.85  3.99  4.06
STD DEV   1.80  1.98  1.99  2.00  1.67  1.59  1.44  1.60  1.55  1.90  1.81  2.04
SKEW       .55   .59   .64   .51   .42   .58   .57   .69   .47   .71   .50   .72
% NE      3.39  4.24  5.67  5.84  5.33  5.12  4.95  4.27  3.83  3.16  2.31  2.42
MEAN      4.35  4.11  4.32  4.38  3.81  3.63  3.43  3.42  3.57  3.47  3.90  4.34
STD DEV   1.97  1.80  1.69  1.90  1.56  1.50  1.44  1.38  1.56  1.68  1.83  2.09
SKEW       .45   .57   .27   .63   .33   .45   .55   .47   .54   .81   .61   .50
% ENE     3.12  3.72  4.55  4.56  4.53  4.24  3.91  3.40  3.33  2.55  2.18  1.83
MEAN      4.32  4.04  4.41  4.28  3.79  3.48  3.35  3.33  3.64  3.48  4.34  4.72
STD DEV   1.83  1.91  1.90  1.74  1.53  1.41  1.36  1.30  1.41  1.47  1.84  1.85
SKEW       .55   .82   .80   .52   .44   .38   .36   .41   .27   .33   .45   .30
% E       3.09  3.83  5.91  5.76  5.79  5.56  4.77  4.43  4.48  3.35  2.71  3.24
MEAN      4.02  3.52  4.27  4.03  3.53  3.35  3.27  3.15  3.39  3.29  3.58  4.01
STD DEV   1.79  1.54  1.86  1.85  1.45  1.40  1.33  1.23  1.41  1.48  1.69  1.71
SKEW       .38   .63   .72   .75   .50   .42   .36   .35   .37   .58   .62   .39
% ESE     2.00  2.61  4.19  3.99  4.17  3.63  2.91  3.06  3.45  2.72  2.25  2.37
MEAN      4.16  4.13  4.40  4.30  3.86  3.48  3.25  3.42  3.50  3.56  4.01  4.05
STD DEV   1.68  1.73  1.87  1.82  1.57  1.40  1.17  1.40  1.24  1.48  1.73  1.65
SKEW       .47   .28   .61   .44   .39   .43   .20   .42   .12   .53   .48   .38
% SE      2.93  3.20  4.27  5.36  6.12  5.24  4.55  4.95  4.89  4.38  2.94  2.55
MEAN      4.33  4.19  4.22  4.17  4.09  3.56  3.42  3.46  3.57  3.62  4.31  4.03
STD DEV   1.87  1.83  1.84  1.75  1.62  1.41  1.27  1.24  1.35  1.49  1.97  1.79
SKEW       .65   .67   .60   .48   .44   .39   .30   .20   .25   .51   .48   .35
% SSE     3.24  3.08  3.99  5.83  6.51  6.15  5.66  5.31  5.92  5.12  4.15  3.25
MEAN      4.11  4.10  4.27  4.51  4.17  3.87  3.80  3.78  3.96  4.04  4.78  4.33
STD DEV   1.82  1.75  1.73  1.78  1.71  1.52  1.46  1.42  1.59  1.60  1.93  1.77
SKEW       .80   .70   .55   .38   .40   .34   .47   .42   .59   .43   .47   .34
% S       7.60  6.69  7.21  8.35  8.88 10.34  9.34  9.15 10.54 10.99  9.95  8.70
MEAN      4.33  4.56  4.60  4.59  4.26  4.03  3.81  3.85  4.17  4.18  4.81  4.56
STD DEV   1.86  1.92  2.01  2.02  1.76  1.73  1.56  1.65  1.69  1.82  2.16  2.04
SKEW       .65   .42   .53   .64   .42   .53   .54   .62   .50   .63   .68   .76
% SSW     6.11  4.80  3.65  3.95  4.77  5.93  5.57  5.77  6.42  6.89  7.06  6.64
MEAN      5.34  5.30  5.28  5.37  4.78  4.35  3.96  4.04  4.52  4.50  5.18  5.13
STD DEV   2.52  2.28  2.40  2.43  2.12  1.86  1.65  1.67  1.89  1.94  2.25  2.07
SKEW      1.21   .40   .78   .45   .66   .63   .57   .55   .41   .46   .47   .39
% SW     10.45  7.39  6.05  5.80  6.33  7.03  7.04  7.61  7.46  9.28 11.46 11.59
MEAN      5.86  5.63  6.12  5.70  5.17  4.38  4.09  3.99  4.45  4.74  5.52  5.52
STD DEV   2.61  2.37  2.85  2.69  2.35  1.87  1.77  1.73  2.02  2.09  2.37  2.23
SKEW       .92   .53   .73   .39   .56   .37   .67   .53   .40   .41   .68   .43
% WSW    10.02  7.40  5.40  5.39  5.46  6.42  6.06  5.82  4.81  6.69  8.93  9.21
MEAN      5.67  5.58  6.12  5.87  5.13  4.56  4.07  3.91  4.16  4.63  5.41  5.26
STD DEV   2.32  2.32  2.82  2.65  2.31  1.85  1.71  1.71  1.80  1.99  2.36  2.16
SKEW       .52   .59   .62   .62   .79   .40   .43   .57   .46   .39   .81   .74
% W      12.82 11.50  9.95  8.68  7.86  8.07  8.29  7.61  7.78  8.98 11.94 12.58
MEAN      5.28  5.44  5.49  5.49  4.95  4.44  3.92  3.86  4.21  4.40  5.10  5.21
STD DEV   2.23  2.30  2.52  2.55  2.31  1.98  1.75  1.79  2.07  2.12  2.34  2.24
SKEW       .57   .50   .66   .61   .57   .54   .55   .78   .81   .69   .68   .59
% WNW     8.91 10.31  8.34  6.50  5.50  4.77  5.91  5.41  5.97  6.81  8.56  9.85
MEAN      5.54  5.80  5.74  5.67  5.02  4.61  4.11  3.92  4.62  4.72  5.14  5.22
STD DEV   2.31  2.46  2.48  2.34  2.21  2.10  1.77  1.77  2.13  2.13  2.23  2.17
SKEW       .39   .49   .62   .54   .51   .57   .54   .63   .58   .64   .54   .39
% NW      7.34  8.29  7.65  6.77  5.16  4.50  5.42  6.04  6.10  6.38  7.27  7.52
MEAN      5.21  5.25  5.44  5.32  4.67  4.07  4.03  3.79  4.06  4.49  4.88  5.17
STD DEV   2.17  2.24  2.13  2.32  2.02  1.89  1.82  1.77  1.90  2.08  2.25  2.15
SKEW       .36   .55   .26   .59   .35   .48   .45   .64   .50   .55   .42   .40
% NNW     5.00  6.63  5.90  5.58  4.54  4.28  5.39  5.96  5.72  5.49  5.05  5.38
MEAN      4.97  5.10  5.20  4.95  4.46  3.99  3.77  3.71  4.19  4.35  4.78  5.05
STD DEV   2.18  2.21  2.26  2.05  1.90  1.84  1.84  1.63  1.87  2.12  2.20  2.26
SKEW       .38   .51   .49   .31   .32   .47   .56   .50   .28   .67   .27   .39
CALM      3.88  3.90  3.66  3.76  4.39  6.09  7.45  7.69  7.02  6.52  4.76  4.06
 
INTERPOLATED DATA (station & weighting factor)
 
---Wind Stations---
MOUNT CLEMENS MI     .607  DETROIT/CITY  MI     .393                       .000
---Solar Radiation and Max .5 P Stations---
 DETROIT, MICHIGAN   .702   BUFFALO, NEW YORK   .176   MILWAUKEE, WISCONS  .122 
---Dewpoint Stations---
MI DETROIT           .599  PA ERIE              .218  MI ALPENA            .183 
---Time Peak Stations---
BROWN CITY 5 SSW MI  .573  HARBOR BEACH MI      .283  ROCK CREEK 2 S OH    .144 
