 OWOSSO SEWAGE PLANT MI                  206300 0
 LATT=  43.02 LONG= -84.18 YEARS= 45. TYPE= 3
 ELEVATION =  740. TP5 = 1.94 TP6= 3.70
 MEAN P    .17   .18   .21   .27   .29   .35   .32   .37   .32   .25   .24   .20
 S DEV P   .24   .20   .24   .31   .39   .46   .40   .48   .39   .37   .31   .24
 SKEW  P  5.88  2.01  2.16  2.59  2.70  2.26  2.48  3.41  2.19  5.67  3.25  2.63
 P(W/W)    .39   .38   .39   .47   .43   .40   .37   .39   .46   .47   .46   .45
 P(W/D)    .25   .22   .25   .26   .22   .25   .24   .24   .24   .22   .27   .28
 TMAX AV 29.58 32.36 42.48 57.22 69.42 78.70 82.60 80.28 72.75 61.44 46.83 34.45
 TMIN AV 15.63 16.51 24.28 35.30 45.45 54.88 58.98 57.01 50.22 40.44 30.97 20.66
 SD TMAX 10.06  9.79 11.70 11.73 10.20  7.75  6.25  6.69  8.63 10.28 10.81  9.71
 SD TMIN  9.83 10.08 10.26  9.51  9.58  8.34  7.15  7.45  9.25  9.36  9.13 10.10
 SOL.RAD  118.  207.  306.  357.  480.  544.  537.  463.  370.  252.  133.  105.
 SD SOL   51.8  56.2  73.6 113.1 108.5 102.9  95.1 289.0  87.5  52.5  53.6  46.1
 MX .5 P   .26   .38   .33   .48   .80   .83  1.34  1.44   .55   .54   .32   .32
 DEW PT  16.36 17.28 23.27 33.84 45.12 54.78 58.43 58.43 51.84 41.57 31.42 21.35
Time Pk   .636  .739  .780  .822  .837  .847  .864  .869  .881  .903  .937 1.000
% N       4.01  4.67  4.17  4.44  4.53  3.85  4.39  5.03  4.07  4.21  3.65  3.64
MEAN      4.56  4.65  4.62  4.89  4.39  3.94  3.79  3.79  3.94  4.46  4.63  4.96
STD DEV   2.06  1.98  2.17  2.16  1.87  1.66  1.70  1.65  1.68  1.98  2.25  2.17
SKEW       .59   .66   .85   .52   .52   .71   .67   .64   .59   .58   .87   .40
% NNE     3.35  4.20  4.86  4.48  5.13  3.72  3.24  4.53  3.30  3.65  2.79  2.46
MEAN      4.82  5.33  5.40  5.60  5.00  4.18  3.95  4.30  4.49  4.62  5.01  5.13
STD DEV   2.12  2.33  2.30  2.27  1.91  1.85  1.71  1.78  1.77  2.05  2.04  2.47
SKEW       .51   .60   .47   .36   .15   .57   .60   .41   .34   .43   .32   .60
% NE      3.85  4.66  5.66  5.00  5.63  4.73  3.94  4.57  3.68  3.38  2.43  2.45
MEAN      5.20  5.32  5.33  5.22  4.77  4.20  3.93  3.93  4.07  4.27  4.61  4.76
STD DEV   2.36  2.38  2.06  2.16  1.95  1.87  1.71  1.70  1.71  1.93  2.11  2.18
SKEW       .53   .42   .32   .33   .33   .64   .61   .64   .62   .71   .57   .52
% ENE     3.02  4.89  6.44  5.38  5.19  4.22  3.92  3.96  3.58  2.99  2.26  2.71
MEAN      4.87  5.18  5.77  5.17  4.62  3.94  3.83  3.74  3.81  3.79  4.46  4.64
STD DEV   2.24  2.34  2.33  2.12  1.81  1.59  1.54  1.50  1.48  1.55  2.10  2.00
SKEW       .54   .63   .56   .32   .53   .69   .44   .50   .50   .50   .66   .33
% E       2.61  3.62  5.35  5.08  5.32  4.26  3.75  3.64  3.89  3.05  2.02  3.44
MEAN      4.39  4.46  5.30  4.79  4.09  3.64  3.39  3.29  3.50  3.63  3.97  4.73
STD DEV   2.05  1.87  2.23  2.17  1.66  1.49  1.39  1.37  1.39  1.53  1.85  2.00
SKEW       .76   .59   .36   .54   .56   .56   .68   .84   .60   .76   .84   .51
% ESE     3.29  3.25  4.47  4.25  5.01  3.05  2.75  2.51  2.72  2.66  2.05  3.19
MEAN      5.00  4.90  5.46  5.10  4.60  3.63  3.44  3.17  3.68  3.85  4.18  5.06
STD DEV   2.06  1.98  2.31  2.21  1.80  1.57  1.46  1.26  1.46  1.78  1.94  2.15
SKEW       .27   .46   .29   .49   .32   .78   .68   .71   .66   .84   .73   .41
% SE      3.48  3.66  4.36  4.82  5.03  4.07  3.15  3.81  3.97  3.78  3.44  3.25
MEAN      4.95  4.98  5.05  5.01  4.49  3.58  3.27  3.30  3.75  3.92  4.72  4.83
STD DEV   2.11  2.10  2.04  2.15  1.83  1.56  1.43  1.40  1.54  1.68  2.10  1.95
SKEW       .33   .31   .23   .36   .34   .66   .73   .68   .63   .69   .46   .27
% SSE     4.64  4.55  4.42  5.46  5.57  5.51  4.23  4.66  6.63  6.08  5.82  4.93
MEAN      4.97  5.41  5.38  5.16  4.80  4.09  3.61  3.59  4.48  4.44  5.34  5.38
STD DEV   2.02  2.18  2.16  2.17  1.95  1.73  1.54  1.35  1.74  1.77  2.32  2.15
SKEW       .21   .31   .37   .40   .48   .68   .73   .48   .52   .54   .59   .50
% S       7.25  6.16  5.47  6.22  7.23  9.16  8.26  8.02  9.49  9.96 10.10  8.34
MEAN      5.32  5.23  5.41  5.21  4.65  4.20  3.82  3.74  4.28  4.64  5.13  5.19
STD DEV   2.35  2.20  2.38  2.17  1.85  1.80  1.66  1.62  1.85  2.02  2.14  2.16
SKEW       .55   .28   .34   .43   .42   .72   .91   .77   .72   .66   .52   .75
% SSW     9.20  6.22  5.21  5.90  6.28  9.41  8.21  8.15  9.91  9.72 11.32 10.01
MEAN      5.62  5.34  5.81  5.37  5.02  4.65  4.23  4.11  4.64  4.93  5.46  5.73
STD DEV   2.18  2.14  2.65  2.27  2.17  1.94  1.86  1.74  2.01  2.02  2.26  2.28
SKEW       .38   .31   .64   .56   .48   .54   .76   .79   .59   .61   .95   .59
% SW     12.31  9.28  7.04  7.52  7.89 10.22 10.26 10.43  9.78 11.34 11.21 12.37
MEAN      5.67  5.53  5.67  5.40  5.10  4.46  4.05  4.08  4.42  4.95  5.40  5.71
STD DEV   2.32  2.24  2.82  2.43  2.29  1.97  1.84  1.85  2.06  2.11  2.45  2.37
SKEW       .43   .34   .94   .61   .61   .56   .68   .74   .79   .45   .77   .52
% WSW    11.58  9.89  8.92  9.41  9.03 10.10  9.95  8.93  8.31  9.05 10.52 11.86
MEAN      6.25  5.97  6.21  6.45  5.88  5.04  4.47  4.30  4.85  5.27  5.81  5.92
STD DEV   2.89  2.74  3.05  2.81  2.87  2.17  1.97  1.94  2.30  2.37  2.62  2.51
SKEW       .91   .71   .82   .54  1.16   .48   .71   .68   .84   .55   .73   .65
% W      11.00 10.64  9.65  9.67  8.54  8.17  9.43  7.80  8.53  8.25 10.69 11.10
MEAN      6.09  5.79  6.09  6.20  5.48  4.96  4.30  4.10  4.71  5.00  5.71  5.80
STD DEV   2.81  2.60  2.81  2.77  2.62  2.28  1.98  1.99  2.26  2.42  2.47  2.45
SKEW       .59   .57   .64   .60   .54   .49   .65   .87   .73   .68   .45   .42
% WNW     8.82 10.03  9.12  8.49  6.68  6.27  7.13  5.95  7.34  6.61  8.15  8.55
MEAN      6.02  6.07  6.42  5.97  5.35  4.95  4.38  4.24  5.24  5.22  5.88  5.67
STD DEV   2.61  2.53  2.64  2.52  2.32  2.24  1.97  1.97  2.29  2.21  2.45  2.31
SKEW       .52   .32   .39   .46   .37   .60   .58   .78   .44   .32   .38   .36
% NW      5.27  6.74  6.92  6.60  5.22  4.53  6.29  5.95  5.03  5.84  5.55  5.42
MEAN      5.30  5.26  5.64  5.49  4.62  4.29  4.09  3.86  4.38  4.67  5.09  4.92
STD DEV   2.42  2.35  2.32  2.26  2.00  1.92  1.86  1.77  2.00  2.04  2.22  2.14
SKEW       .51   .59   .38   .44   .46   .69   .61   .73   .57   .48   .66   .60
% NNW     3.99  4.80  5.51  5.13  4.38  4.03  5.03  5.06  4.37  4.74  5.02  3.71
MEAN      5.00  4.94  5.38  5.40  4.52  4.26  4.16  4.03  4.50  4.67  5.19  5.16
STD DEV   2.20  1.98  2.23  2.16  1.89  1.86  1.72  1.71  1.92  1.96  2.20  2.11
SKEW       .39   .49   .39   .24   .52   .53   .52   .70   .94   .47   .54   .34
CALM      2.36  2.70  2.45  2.14  3.36  4.69  6.05  7.01  5.39  4.73  2.94  2.60
 
INTERPOLATED DATA (station & weighting factor)
 
---Wind Stations---
FLINT         MI     .403  LANSING       MI     .340  SAGINAW       MI     .257
---Solar Radiation and Max .5 P Stations---
 GRAND RAPIDS, MICH  .519   DETROIT, MICHIGAN   .481                            
---Dewpoint Stations---
MI FLINT             .494  MI LANSING           .428  MI ALPENA            .078 
---Time Peak Stations---
OWOSSO SEWAGE PLANT 1.000  HOWELL MI            .000  JACKSON 3 N MI       .000 
