 MANISTEE POWER CO MI                    205065 0
 LATT=  44.22 LONG= -86.30 YEARS= 45. TYPE= 3
 ELEVATION =  600. TP5 = 1.99 TP6= 3.78
 MEAN P    .13   .13   .19   .26   .25   .33   .35   .36   .32   .26   .23   .15
 S DEV P   .19   .17   .25   .29   .31   .43   .49   .49   .42   .34   .29   .20
 SKEW  P  5.01  2.74  2.98  1.79  2.50  2.78  2.83  2.99  2.95  2.58  2.94  2.68
 P(W/W)    .65   .54   .46   .46   .44   .41   .33   .35   .49   .53   .59   .60
 P(W/D)    .31   .29   .25   .28   .26   .25   .23   .27   .30   .27   .30   .32
 TMAX AV 29.68 31.83 40.58 54.13 65.97 75.38 80.11 78.09 70.77 59.75 45.23 33.78
 TMIN AV 16.87 16.69 23.88 34.73 43.59 52.50 58.45 57.69 51.28 42.11 32.22 22.24
 SD TMAX  8.69  8.54 10.26 11.26 10.77  8.42  6.78  6.85  8.28  9.59 10.07  8.55
 SD TMIN  9.43 10.17  9.87  8.44  8.50  7.90  7.03  7.32  8.44  8.48  8.28  8.78
 SOL.RAD  132.  212.  308.  374.  471.  527.  532.  456.  357.  245.  138.  109.
 SD SOL   45.7  53.8  74.2 111.4 117.9 115.8 102.4 324.8  94.8  54.7  51.1  43.5
 MX .5 P   .23   .28   .24   .44   .58   .78   .81  1.21   .79   .60   .35   .22
 DEW PT  17.53 18.07 23.23 33.46 43.19 54.19 59.42 59.15 51.46 42.46 30.92 21.80
Time Pk   .734  .825  .860  .896  .900  .907  .920  .930  .939  .955  .969 1.000
% N       4.58  5.46  6.12  5.44  6.05  4.64  4.70  5.95  4.92  5.01  5.91  4.66
MEAN      4.58  4.13  4.83  4.96  4.28  4.06  3.87  3.77  3.82  4.27  4.79  4.39
STD DEV   2.23  1.97  2.43  2.22  1.96  2.07  1.88  1.87  1.85  1.97  2.50  2.06
SKEW       .47   .49   .56   .34   .49   .60   .68   .69   .68   .46   .84   .31
% NNE     3.81  4.53  4.74  5.28  5.20  3.81  3.32  5.38  3.41  4.51  4.52  3.75
MEAN      4.37  4.39  4.59  4.97  4.22  3.84  3.39  3.45  3.67  4.23  4.62  4.56
STD DEV   1.86  1.98  1.99  2.30  1.92  1.82  1.60  1.63  1.67  1.99  2.08  2.07
SKEW       .34   .38   .27   .52   .46   .50   .68   .66   .28   .54   .42   .40
% NE      3.69  4.93  5.16  5.49  5.72  4.07  3.82  5.11  4.04  4.00  2.71  3.36
MEAN      3.76  3.76  4.26  4.34  3.95  2.94  3.06  3.11  2.83  3.59  3.28  3.87
STD DEV   2.00  1.88  2.19  2.30  1.89  1.37  1.51  1.61  1.36  2.01  1.77  2.01
SKEW       .84   .97   .64   .51   .60   .76   .68   .86   .87   .74  1.01   .53
% ENE     3.75  5.16  5.73  5.30  6.43  4.55  4.35  5.84  4.29  3.87  2.89  3.42
MEAN      4.01  4.70  5.30  4.70  4.03  3.18  3.40  3.18  3.41  3.38  4.01  3.65
STD DEV   2.27  2.64  2.65  2.20  1.80  1.39  1.52  1.53  1.66  1.66  2.10  1.94
SKEW       .97   .89   .42   .47   .46   .78   .44   .76   .70   .87   .54  1.05
% E       4.18  4.77  5.92  5.67  5.88  4.82  4.15  4.05  3.88  3.77  3.02  4.80
MEAN      3.36  3.63  4.67  4.84  3.60  3.13  3.10  2.84  3.05  2.98  3.39  4.32
STD DEV   1.94  1.96  2.29  2.58  1.73  1.45  1.55  1.40  1.47  1.39  2.05  2.44
SKEW       .92  1.02   .52   .84   .70   .69   .84   .75   .92   .94  1.04   .58
% ESE     5.35  5.13  6.52  6.31  5.59  4.48  3.26  3.79  3.91  3.81  3.27  4.70
MEAN      4.78  4.72  5.28  5.60  4.38  3.74  3.40  3.40  3.70  3.77  4.29  4.47
STD DEV   2.33  2.06  2.53  2.40  1.95  1.65  1.54  1.54  1.88  1.86  2.27  2.16
SKEW       .47   .58   .59   .36   .50   .59   .60   .69   .82   .68   .82   .57
% SE      4.10  3.57  4.23  4.34  4.89  3.98  2.86  3.68  3.68  4.36  3.68  3.95
MEAN      4.26  4.44  4.58  5.07  4.60  3.85  3.34  3.33  3.80  3.72  4.32  4.67
STD DEV   2.11  1.94  2.06  2.37  2.13  1.77  1.62  1.57  1.88  1.83  2.12  2.27
SKEW       .42   .32   .50   .37   .36   .64   .83   .58   .78   .63   .51   .39
% SSE     4.39  3.58  3.56  3.28  4.15  3.66  2.88  3.52  3.64  4.03  4.21  3.89
MEAN      5.16  5.35  5.26  5.53  5.03  4.38  3.98  3.81  4.74  4.50  5.45  5.28
STD DEV   2.28  2.16  2.33  2.21  2.17  1.76  1.72  1.62  2.15  1.80  2.24  2.31
SKEW       .35   .29   .27  -.06   .46   .45   .21   .43   .52   .40   .35   .56
% S       5.26  4.83  4.50  4.56  5.35  6.73  5.95  5.44  6.69  7.44  6.53  5.39
MEAN      5.07  5.40  4.85  4.94  4.96  4.52  4.00  3.93  4.62  4.88  5.33  5.50
STD DEV   2.50  2.52  2.57  2.42  2.67  2.16  2.02  1.97  2.24  2.31  2.45  2.97
SKEW       .37   .36   .62   .28   .65   .53   .44   .42   .56   .35   .37   .79
% SSW     7.29  6.98  6.18  6.64  7.44 10.56  9.96  9.07 10.86 12.30 10.43  7.96
MEAN      6.19  6.24  6.30  5.91  5.86  5.61  5.11  4.92  5.54  6.02  6.33  6.22
STD DEV   2.92  2.52  2.92  2.86  2.88  2.51  2.47  2.39  2.52  2.68  2.86  3.05
SKEW       .31   .12   .34   .39   .64   .39   .50   .76   .39   .32   .88   .88
% SW      8.09  7.59  6.59  7.13  7.93 11.10 11.55 10.37 10.27 10.57  9.23  8.54
MEAN      6.28  5.70  5.73  5.46  5.63  4.95  4.47  4.38  4.99  5.33  6.11  6.16
STD DEV   2.96  2.85  3.12  2.73  3.48  2.49  2.29  2.12  2.31  2.49  3.04  3.16
SKEW       .21   .36   .53   .48  1.38   .48   .56   .66   .40   .33   .63   .39
% WSW     8.79  7.64  6.65  7.08  6.88  8.88 10.09  7.83  8.87  7.25  8.59 11.01
MEAN      6.52  6.29  6.50  5.76  5.88  5.37  4.73  4.72  5.16  5.43  5.79  6.34
STD DEV   3.26  2.89  3.56  2.73  3.24  2.46  2.15  2.23  2.48  2.73  2.67  2.89
SKEW       .81   .52   .72   .46   .79   .38   .71   .55   .59   .58   .69   .74
% W       9.35  8.35  6.40  6.74  6.55  6.95  7.80  5.86  7.84  6.78  9.13  9.33
MEAN      5.94  5.42  5.10  5.67  4.84  4.89  4.08  4.08  4.70  4.98  5.61  5.59
STD DEV   3.13  2.78  2.69  2.68  2.54  2.35  1.91  1.94  2.49  2.66  2.92  2.37
SKEW       .75   .62   .51   .34   .57   .37   .45   .48   .88   .66   .90   .35
% WNW    10.26  8.62  8.96  9.08  6.65  7.01  7.66  6.15  7.83  6.90  9.87 10.73
MEAN      6.17  5.72  6.23  6.05  5.47  5.28  4.75  4.46  5.11  5.46  6.13  5.74
STD DEV   2.66  2.52  2.84  2.69  2.55  2.50  2.20  2.22  2.33  2.56  2.69  2.32
SKEW       .32   .32   .29   .34   .29   .48   .50   .55   .37   .35   .37   .29
% NW      7.23  8.16  7.01  6.43  5.32  4.63  6.38  6.22  6.42  6.70  7.26  6.98
MEAN      5.34  5.27  5.54  5.11  4.68  4.32  3.90  3.89  4.62  4.98  5.35  4.85
STD DEV   2.54  2.67  2.70  2.41  2.70  2.34  2.02  2.17  2.34  2.45  2.53  2.33
SKEW       .38   .39   .45   .26   .67   .52   .62   .81   .44   .25   .41   .51
% NNW     6.34  7.94  8.78  7.84  6.66  5.88  5.90  5.99  5.54  5.73  6.30  5.00
MEAN      5.60  5.61  5.84  5.58  4.95  4.63  4.33  4.15  4.84  5.06  5.34  5.12
STD DEV   2.59  2.61  2.51  2.28  2.32  2.20  1.95  2.05  2.46  2.20  2.50  2.47
SKEW       .53   .51   .35   .12   .35   .35   .37   .60   .67   .28   .53   .55
CALM      3.44  2.71  2.98  3.39  3.31  4.12  5.31  5.72  3.94  2.99  2.34  2.58
 
INTERPOLATED DATA (station & weighting factor)
 
---Wind Stations---
CADILLAC      MI     .471  MUSKEGON      MI     .285  GREEN BAY     WI     .244
---Solar Radiation and Max .5 P Stations---
 GREEN BAY, WISCONS  .521   GRAND RAPIDS, MICH  .479                            
---Dewpoint Stations---
MI MUSKEGON          .416  MI GRAND RAPIDS      .314  MI ESCANABA          .270 
---Time Peak Stations---
LUDINGTON ST PK MI   .759  TRAVERSE CITY MI     .241                            
