 MUSKEGON WB AP MI                       205712 0
 LATT=  43.17 LONG= -86.23 YEARS= 45. TYPE= 3
 ELEVATION =  630. TP5 = 2.04 TP6= 3.84
 MEAN P    .13   .12   .19   .24   .26   .27   .29   .37   .33   .26   .23   .17
 S DEV P   .18   .16   .25   .32   .35   .35   .36   .47   .50   .34   .32   .24
 SKEW  P  3.58  3.25  3.14  2.31  2.44  2.51  2.42  2.78  3.95  3.39  3.00  3.81
 P(W/W)    .69   .60   .54   .53   .46   .42   .34   .39   .46   .50   .61   .65
 P(W/D)    .38   .35   .34   .31   .26   .25   .25   .24   .28   .27   .35   .41
 TMAX AV 29.67 31.54 40.97 54.67 66.87 76.02 80.43 78.71 70.91 59.47 45.65 34.17
 TMIN AV 18.05 18.69 25.33 35.78 45.40 54.69 60.17 58.93 51.58 41.80 32.68 23.04
 SD TMAX  9.23  8.81 10.82 11.13  9.84  7.62  5.70  5.85  7.94  9.14  9.71  8.87
 SD TMIN  9.27  9.42  9.38  8.79  8.39  7.53  6.47  7.13  8.97  9.02  8.45  8.94
 SOL.RAD  132.  213.  309.  373.  474.  531.  535.  458.  360.  247.  139.  110.
 SD SOL   48.0  55.4  74.9 111.9 115.8 112.8 100.6 321.8  93.8  55.3  52.8  45.2
 MX .5 P   .23   .32   .30   .55   .67   .89   .92  1.18   .68   .58   .35   .29
 DEW PT  20.00 20.00 24.00 34.00 44.00 55.00 60.00 60.00 52.00 43.00 32.00 24.00
Time Pk   .714  .807  .838  .874  .886  .899  .910  .917  .924  .938  .959 1.000
% N       5.18  6.65  6.57  6.52  5.17  4.84  4.76  5.38  6.15  5.42  6.96  5.52
MEAN      4.36  4.64  4.71  4.68  4.13  4.18  3.99  3.86  4.00  4.36  4.70  4.30
STD DEV   2.14  2.43  2.09  2.11  2.00  2.02  1.86  1.85  1.72  1.95  2.19  1.97
SKEW       .89   .93   .48   .49   .68   .58   .84   .65   .44   .53   .96   .25
% NNE     2.43  3.42  3.83  3.33  2.73  2.61  2.00  3.61  3.48  2.86  3.50  2.41
MEAN      3.85  3.95  4.07  4.10  3.61  3.43  3.38  2.99  3.39  3.82  4.01  4.05
STD DEV   1.73  1.78  1.67  1.66  1.46  1.45  1.24  1.27  1.36  1.79  1.73  1.71
SKEW       .90   .53   .47   .48   .51   .68   .27   .93   .29   .68   .40   .51
% NE      4.38  5.11  4.50  4.42  5.99  3.84  3.89  5.75  6.33  4.25  3.21  3.53
MEAN      3.69  3.28  4.23  4.01  3.45  2.73  2.99  2.71  2.99  3.10  3.44  3.46
STD DEV   1.95  1.47  1.96  1.84  1.51  1.23  1.47  1.25  1.39  1.44  1.91  1.74
SKEW      1.10   .67   .67   .49   .50   .67   .89  1.00   .87   .73  1.77   .63
% ENE     4.00  6.32  5.65  4.46  5.49  4.07  3.62  4.15  4.41  2.93  2.86  4.16
MEAN      4.75  4.86  5.64  5.34  4.15  3.66  3.77  3.35  3.51  3.51  4.54  4.54
STD DEV   2.83  2.41  2.54  2.44  1.74  1.57  1.64  1.57  1.51  1.64  2.21  2.11
SKEW      1.51   .65   .45   .39   .37   .80   .27   .85   .77   .63   .40   .49
% E       8.72 10.79 11.73  9.44 10.16  7.87  5.61  6.25  6.96  8.29  6.45  9.17
MEAN      4.41  4.74  5.65  5.68  4.48  3.87  3.62  3.22  3.62  3.58  4.06  4.55
STD DEV   2.36  2.43  2.55  2.65  2.01  1.74  1.85  1.57  1.85  1.80  1.96  2.18
SKEW       .72  1.01   .47   .33   .46   .53   .54   .88  1.07   .84   .64   .47
% ESE     5.22  4.85  5.67  5.69  4.51  3.43  2.79  3.72  5.09  5.28  4.39  5.84
MEAN      4.72  4.39  5.07  5.53  4.76  3.57  3.27  3.10  3.62  3.63  4.06  4.58
STD DEV   2.16  2.05  2.24  2.48  2.05  1.63  1.51  1.48  1.71  1.63  1.88  1.84
SKEW       .66   .82   .47   .59   .36   .79  1.12  1.47   .92   .94   .85   .48
% SE      5.62  4.42  5.20  5.33  4.64  4.15  3.95  4.84  6.16  6.82  6.97  7.10
MEAN      4.13  3.99  4.51  4.33  4.07  3.71  2.80  2.78  3.16  3.55  4.03  4.08
STD DEV   2.06  2.05  2.20  2.12  1.99  1.82  1.26  1.32  1.54  1.71  1.85  1.72
SKEW       .64   .69   .67   .56   .65  1.04  1.22  1.19  1.10  1.09   .71   .42
% SSE     3.73  3.21  2.72  2.58  2.08  2.75  2.56  2.93  3.72  3.98  4.72  4.57
MEAN      4.84  4.66  5.05  5.05  4.38  3.65  3.27  3.29  3.74  4.16  4.54  4.86
STD DEV   1.88  2.08  2.20  2.12  1.81  1.66  1.44  1.36  1.79  1.87  1.62  2.00
SKEW       .19   .58   .37   .12   .42   .76   .66   .78   .95   .83   .73   .51
% S       5.63  5.29  5.38  5.66  5.70  7.07  7.56  7.49  8.01  8.26  5.67  5.02
MEAN      5.89  6.00  6.19  5.81  5.35  4.70  4.57  4.46  5.04  5.79  5.96  6.10
STD DEV   2.94  2.68  3.11  3.02  2.98  2.49  2.45  2.52  2.57  2.83  2.85  3.05
SKEW       .33   .27   .51   .31   .71   .64   .52   .76   .40   .11   .57   .41
% SSW     4.77  4.46  5.67  6.42  6.86  9.29  9.83  7.89  7.23  8.36  6.35  4.04
MEAN      7.60  7.61  7.55  7.17  6.68  6.14  5.87  5.58  6.15  6.84  7.45  7.52
STD DEV   3.02  2.69  2.80  2.93  2.98  2.44  2.43  2.09  2.27  2.44  3.08  2.97
SKEW      -.15  -.21  -.16   .02   .52  -.01   .02   .11  -.06  -.23  1.07   .03
% SW      6.16  5.70  6.10  7.64  9.47 13.28 12.29 10.22  8.31  8.88  6.89  5.52
MEAN      7.57  7.32  7.04  6.17  5.72  5.36  5.03  5.13  5.70  6.30  7.38  7.51
STD DEV   2.97  3.04  3.08  2.72  2.69  2.32  2.26  1.98  2.21  2.42  3.48  3.12
SKEW       .07   .08   .16   .22   .52   .19   .25   .07   .00  -.04  1.01   .15
% WSW     7.31  5.55  5.41  6.00  6.60  7.78  8.26  5.77  5.30  5.20  7.63  7.21
MEAN      7.60  6.68  6.64  6.02  5.20  5.08  4.80  4.84  5.31  6.20  7.36  7.33
STD DEV   3.20  2.77  3.09  2.67  2.21  1.95  1.99  1.64  2.11  2.83  3.19  2.89
SKEW       .50   .27   .34   .37   .31   .25   .94   .13   .44   .34  1.13   .96
% W      10.99  8.28  7.75  8.73  9.28  9.44 10.41  8.21  7.77  7.80 10.36 11.21
MEAN      6.62  5.98  5.55  5.65  4.54  4.49  4.26  4.37  5.27  5.76  6.59  6.23
STD DEV   2.60  2.62  2.62  2.46  1.81  1.87  1.63  1.74  2.45  2.61  2.68  2.31
SKEW       .36   .31   .71   .60   .16   .47   .20   .29  1.08   .35   .53   .22
% WNW    11.21  8.34  7.97  8.53  7.57  6.73  7.49  6.68  6.75  6.49  9.90 10.05
MEAN      6.35  5.98  6.04  5.63  5.07  4.54  4.52  4.79  5.24  5.94  6.61  6.34
STD DEV   2.58  2.52  2.51  2.13  1.92  2.03  1.76  1.93  2.04  2.44  2.63  2.21
SKEW       .42   .31   .46   .15   .16   .58   .29   .36   .52   .23   .46   .20
% NW      7.06  7.90  6.82  6.22  5.02  4.36  4.87  5.14  5.74  5.72  6.80  6.70
MEAN      6.03  5.80  5.88  5.34  4.64  4.21  4.47  4.43  4.76  5.42  5.89  5.60
STD DEV   2.84  2.75  2.65  2.34  2.09  1.99  1.88  2.07  2.23  2.43  2.59  2.67
SKEW       .47   .31   .23   .27   .40   .45   .27   .40   .40   .28   .40   .36
% NNW     5.48  6.54  6.46  5.88  4.23  2.82  2.99  3.43  3.39  5.08  4.78  5.09
MEAN      5.60  6.11  5.68  5.70  4.90  4.55  4.61  4.36  4.85  5.25  5.56  5.29
STD DEV   2.64  2.83  2.52  2.27  2.32  2.15  2.04  2.21  2.41  2.29  2.46  2.53
SKEW       .88   .44   .37   .26   .46   .40   .46   .74   .76   .26   .62   .55
CALM      2.23  3.23  2.61  3.08  4.54  5.61  7.18  8.36  5.28  4.33  2.45  2.91
 
INTERPOLATED DATA (station & weighting factor)
 
---Wind Stations---
MUSKEGON      MI    1.000  GRAND RAPIDS  MI     .000  MILWAUKEE     WI     .000
---Solar Radiation and Max .5 P Stations---
 GRAND RAPIDS, MICH  .551   MILWAUKEE, WISCONS  .276   GREEN BAY, WISCONS  .173 
---Dewpoint Stations---
MI MUSKEGON         1.000  MI GRAND RAPIDS      .000  WI MILWAUKEE         .000 
---Time Peak Stations---
GRAND HAVEN WSWT PL  .692  CASNOVIA 2 NW        .230  LUDINGTON ST PK MI   .078 
