 FAYETTE SACK BAY MI                     202737 0
 LATT=  45.63 LONG= -86.68 YEARS= 62. TYPE= 3
 ELEVATION =  620. TP5 = 2.09 TP6= 3.93
 MEAN P    .18   .17   .24   .30   .33   .32   .33   .35   .35   .29   .28   .20
 S DEV P   .19   .18   .32   .33   .36   .37   .40   .42   .42   .34   .31   .20
 SKEW  P  2.56  2.08  5.86  2.14  2.55  2.56  2.48  2.10  3.03  2.78  2.38  1.74
 P(W/W)    .36   .33   .36   .39   .39   .38   .36   .36   .41   .41   .41   .37
 P(W/D)    .15   .12   .22   .23   .24   .28   .26   .27   .29   .22   .16   .15
 TMAX AV 25.26 27.75 35.47 47.49 59.42 68.93 75.34 73.95 65.80 55.12 41.78 30.13
 TMIN AV 11.20 12.20 19.96 31.06 40.60 50.11 57.16 57.06 50.66 41.18 30.25 18.26
 SD TMAX  9.32  8.67  7.79  8.67  8.07  6.62  5.42  5.25  6.64  7.44  8.13  8.21
 SD TMIN 11.32 11.15 10.09  6.75  6.41  6.01  6.00  6.24  7.85  7.73  8.37 10.11
 SOL.RAD  145.  217.  310.  391.  463.  511.  528.  449.  345.  238.  142.  112.
 SD SOL   34.2  44.7  64.7  93.1 109.7 111.1  94.3 220.4  90.4  50.2  42.4  35.9
 MX .5 P   .17   .16   .29   .46   .68   .81  1.02  1.11   .88   .46   .27   .12
 DEW PT  11.37 13.25 19.91 31.80 41.06 52.20 58.68 57.80 50.03 40.89 27.97 16.71
Time Pk   .728  .809  .841  .870  .882  .890  .900  .907  .911  .931  .952 1.000
% N       6.28 11.05 12.71 11.20 10.74  8.52  8.30  8.88  8.17  7.45  7.47  6.90
MEAN      5.79  5.78  5.79  5.64  5.27  4.57  4.31  4.42  4.68  5.44  6.02  5.97
STD DEV   2.54  2.63  2.70  2.62  2.46  2.21  1.95  2.01  1.92  2.52  2.90  2.52
SKEW       .31   .33   .29   .23   .34   .50   .42   .47   .23   .56   .73   .23
% NNE     3.40  5.26  7.59  7.68  7.99  6.95  6.30  5.96  4.85  4.53  4.03  3.64
MEAN      5.35  5.10  5.24  5.16  4.81  4.27  4.20  4.36  4.40  4.82  5.26  5.59
STD DEV   2.29  2.39  2.31  2.15  2.00  1.72  1.69  1.77  1.76  2.12  2.14  2.31
SKEW       .13   .41   .66   .34   .36   .21   .35   .45   .33   .57   .21   .23
% NE      3.67  5.32  7.06  7.18  7.43  7.10  6.02  5.81  4.08  3.40  3.20  3.45
MEAN      4.74  4.34  4.39  4.58  4.32  3.97  3.85  3.89  3.83  3.94  4.53  4.88
STD DEV   2.10  2.10  2.04  1.95  1.78  1.60  1.51  1.57  1.63  1.86  1.99  2.15
SKEW       .31   .62   .61   .41   .28   .17   .20   .39   .40   .61   .65   .31
% ENE     1.86  2.22  3.43  3.26  3.08  2.42  2.58  2.80  2.14  1.51  1.67  2.10
MEAN      4.11  3.71  4.13  4.04  3.86  3.52  3.39  3.29  3.38  3.61  3.97  4.13
STD DEV   1.92  1.75  1.84  1.76  1.75  1.49  1.32  1.28  1.38  1.64  1.73  1.84
SKEW       .54   .64   .43   .41   .43   .39   .25   .29   .41   .62   .29   .58
% E       1.79  1.90  2.77  3.44  2.98  2.51  2.43  2.21  1.96  1.68  1.71  2.45
MEAN      3.56  3.19  4.11  4.37  3.58  2.88  2.93  2.77  3.14  2.80  3.35  3.66
STD DEV   1.67  1.50  2.09  2.11  1.63  1.27  1.28  1.24  1.38  1.21  1.58  1.65
SKEW       .51   .51   .55   .70   .46   .52   .50   .60   .47   .62   .32   .40
% ESE     1.32  1.11  1.55  2.42  2.22  1.74  1.30  1.29  1.32  1.21  1.19  1.61
MEAN      3.74  3.42  4.06  4.69  3.88  3.44  3.06  3.04  3.15  3.33  3.49  3.62
STD DEV   1.71  1.57  1.84  1.99  1.53  1.50  1.37  1.29  1.23  1.37  1.48  1.58
SKEW       .45   .51   .25   .40   .29   .39   .23   .28   .25   .25   .61   .28
% SE      1.87  1.97  2.62  3.23  3.63  2.73  2.10  2.25  2.38  2.69  2.07  2.17
MEAN      3.91  3.97  4.18  4.68  4.48  3.62  3.09  3.21  3.79  4.04  3.89  4.17
STD DEV   1.88  1.84  1.81  2.08  1.96  1.58  1.34  1.36  1.88  2.04  1.91  2.04
SKEW       .35   .23   .18   .23   .27   .31   .30   .45   .86   .72   .48   .58
% SSE     4.22  3.46  4.07  4.55  4.99  4.08  3.24  3.74  4.67  5.23  4.39  4.29
MEAN      4.68  4.47  4.58  5.12  5.04  4.18  3.85  3.95  4.61  4.89  4.51  4.70
STD DEV   2.20  2.12  2.10  2.16  2.15  1.92  1.64  1.74  2.01  2.11  2.02  2.28
SKEW       .31   .49   .27   .34   .34   .42   .31   .50   .52   .44   .48   .77
% S       9.58  7.59  8.88  9.20 10.37 10.82 10.03 10.81 13.55 14.52 11.14 10.25
MEAN      4.88  4.91  4.91  4.98  5.07  4.21  3.92  4.05  4.50  4.93  4.83  5.05
STD DEV   2.40  2.40  2.47  2.30  2.37  1.98  1.86  1.94  2.10  2.21  2.30  2.45
SKEW       .62   .56   .72   .55   .50   .60   .70   .80   .66   .49   .67   .60
% SSW     9.26  8.31  6.84  7.35  7.57 10.35 10.45 10.47 11.89 12.29 11.07  9.92
MEAN      5.25  5.32  4.98  5.23  5.20  4.80  4.29  4.29  4.81  5.03  5.29  5.34
STD DEV   2.55  2.55  2.62  2.48  2.60  2.36  2.06  2.15  2.42  2.45  2.61  2.51
SKEW       .48   .43   .57   .46   .47   .64   .62   .71   .65   .66   .72   .48
% SW      8.76  7.20  5.31  6.29  7.08  9.50 10.66 10.63  9.68  9.89  8.82  8.99
MEAN      4.87  5.00  4.69  5.17  5.24  4.85  4.31  4.30  4.61  4.67  5.14  5.01
STD DEV   2.38  2.57  2.42  2.65  2.78  2.36  2.15  2.21  2.34  2.31  2.53  2.45
SKEW       .59   .71   .61   .57   .85   .54   .62   .67   .55   .68   .63   .75
% WSW     6.84  5.05  3.85  3.89  4.13  5.45  5.91  5.75  5.15  5.14  6.05  7.22
MEAN      4.59  4.70  4.65  5.25  5.15  4.83  4.29  4.38  4.30  4.75  4.95  4.82
STD DEV   2.11  2.26  2.37  2.48  2.33  2.43  2.00  2.17  1.95  2.29  2.40  2.18
SKEW       .93   .77   .75   .46   .30   .84   .47   .74   .55   .63   .84   .72
% W      11.52  7.99  5.70  5.51  5.04  5.95  7.04  5.88  6.88  7.21  9.78 10.15
MEAN      4.79  4.65  4.61  5.24  4.88  4.58  4.02  3.75  4.11  4.66  4.93  4.70
STD DEV   2.01  2.14  2.33  2.50  2.38  2.30  1.92  1.83  2.04  2.23  2.24  2.00
SKEW       .54   .50   .65   .27   .37   .63   .53   .65   .70   .65   .57   .48
% WNW     8.83  7.49  5.58  4.70  3.79  3.81  4.35  4.23  5.43  5.28  8.39  8.44
MEAN      5.20  5.20  5.01  5.31  4.92  4.76  4.37  3.94  4.57  4.76  5.37  5.13
STD DEV   2.03  2.19  2.25  2.53  2.36  2.41  2.15  2.01  2.18  2.09  2.25  2.07
SKEW       .25   .41   .41   .38   .18   .46   .58   .55   .48   .35   .44   .54
% NW      8.12  7.99  5.84  5.79  4.46  4.25  4.54  4.26  4.93  5.78  7.76  7.37
MEAN      5.51  5.30  5.00  5.21  4.57  4.20  4.17  4.06  4.40  5.14  5.59  5.26
STD DEV   2.18  2.30  2.41  2.49  2.32  2.22  2.02  2.01  2.03  2.22  2.39  2.07
SKEW       .20   .31   .45   .27   .45   .43   .44   .48   .43   .39   .25   .16
% NNW     6.62  8.14  7.12  7.19  6.21  5.15  4.93  4.83  4.91  5.77  5.70  5.77
MEAN      6.09  5.75  5.60  5.54  4.98  4.68  4.37  4.24  4.81  5.37  5.92  5.79
STD DEV   2.37  2.45  2.55  2.40  2.37  2.20  1.95  1.95  2.09  2.28  2.40  2.30
SKEW       .16   .23   .21   .15   .35   .32   .35   .42   .51   .21   .27   .27
CALM      6.04  7.91  9.16  7.17  8.23  8.63  9.81 10.14  8.09  6.53  5.63  5.36
 
INTERPOLATED DATA (station & weighting factor)
 
---Wind Stations---
GWINN         MI     .436  TRAVERSE CITY MI     .309  GREEN BAY     WI     .255
---Solar Radiation and Max .5 P Stations---
 GREEN BAY, WISCONS  .671   MADISON, WISCONSIN  .329                            
---Dewpoint Stations---
MI ESCANABA          .740  WI GREEN BAY         .145  MI SAULT STE. MARIE  .115 
---Time Peak Stations---
IRON MNTN WATERWKS   .354  WAKEFIELD MI         .348  TRAVERSE CITY MI     .298 
