 GUNFLINT LODGE MN                       213417 0
 LATT=  48.08 LONG= -90.75 YEARS= 33. TYPE= 3
 ELEVATION = 1580. TP5 = 2.12 TP6= 4.02
 MEAN P    .19   .20   .27   .32   .34   .38   .44   .44   .38   .28   .26   .19
 S DEV P   .16   .18   .22   .35   .32   .36   .50   .51   .47   .30   .28   .23
 SKEW  P  1.91  3.14  1.77  3.12  2.10  2.07  3.47  3.40  4.25  2.29  2.81  7.34
 P(W/W)    .21   .18   .27   .35   .37   .44   .35   .39   .44   .38   .39   .22
 P(W/D)    .14   .13   .12   .12   .16   .22   .21   .22   .19   .16   .14   .14
 TMAX AV 16.17 22.09 35.15 50.32 66.09 72.34 77.73 74.48 63.17 50.76 33.78 19.92
 TMIN AV -1.57  2.09 11.23 24.64 37.57 46.97 53.38 51.41 42.80 32.88 19.28  4.59
 SD TMAX 12.99 12.09 10.85 11.81 11.69  8.57  7.37  8.02  9.32 10.19 10.46 11.48
 SD TMIN 18.47 18.32 14.75 10.00  9.40  7.26  6.44  6.75  8.16  8.15 10.73 15.34
 SOL.RAD  160.  252.  360.  418.  488.  527.  549.  478.  358.  229.  138.  116.
 SD SOL   17.9  20.7  35.0  69.8  87.6  92.9  75.8 137.9  73.0  40.2  31.2  22.9
 MX .5 P   .11   .16   .16   .39   .90  1.30  1.29  1.19   .77   .85   .18   .15
 DEW PT   1.79  6.39 14.20 27.20 37.40 50.00 56.00 54.80 46.60 37.00 22.80  9.19
Time Pk   .708  .779  .817  .842  .851  .861  .873  .883  .888  .913  .942 1.000
% N       5.06  6.21  6.83  6.81  5.98  3.98  2.85  3.59  3.20  4.14  4.90  3.79
MEAN      4.85  4.70  4.90  5.27  5.03  4.43  4.05  4.17  4.32  4.63  5.38  4.64
STD DEV   2.14  1.94  2.24  2.23  2.06  1.79  1.67  1.80  1.84  2.30  2.68  1.98
SKEW       .62   .57   .76   .52   .46   .45   .54   .53   .69   .94   .82   .63
% NNE     2.67  3.42  4.47  4.90  4.93  2.53  1.50  2.38  2.05  2.67  3.34  2.80
MEAN      4.70  4.64  4.99  5.60  5.44  4.79  4.07  4.30  4.37  4.80  5.28  4.87
STD DEV   2.03  2.00  2.21  2.19  1.98  1.80  1.41  1.77  1.76  2.01  2.20  1.98
SKEW       .63   .75   .76   .29   .30   .39   .52   .53   .69   .55   .50   .59
% NE      3.84  4.82  5.50  4.97  5.47  3.91  2.78  3.39  3.52  3.53  3.89  4.18
MEAN      3.99  4.39  4.69  4.74  4.51  4.10  3.70  3.53  3.98  3.96  4.47  4.57
STD DEV   1.72  1.87  2.35  2.21  1.96  1.83  1.56  1.52  1.78  1.74  2.06  2.16
SKEW       .84   .85   .90   .69   .65   .96   .65   .87   .96   .75   .64   .76
% ENE     2.50  3.01  4.26  4.24  4.61  3.29  2.91  3.04  2.93  2.73  2.73  2.73
MEAN      4.34  4.94  5.02  5.51  5.03  4.34  4.04  4.14  4.03  4.26  5.28  5.36
STD DEV   1.63  2.02  2.27  2.46  2.07  1.75  1.47  1.80  1.61  1.65  2.38  2.38
SKEW       .63   .70   .90   .79   .78   .68   .36   .99   .60   .53   .52   .59
% E       3.71  4.05  7.26  9.69  9.88  8.22  6.18  6.07  5.17  4.67  3.69  3.58
MEAN      4.53  4.62  4.90  5.70  5.34  4.53  4.03  4.13  4.52  4.38  4.94  5.11
STD DEV   2.28  1.96  2.20  2.48  2.26  1.93  1.60  1.76  1.96  1.82  2.30  2.40
SKEW      1.26   .95   .74   .68  1.01   .78   .65   .69   .89   .53   .80   .77
% ESE     3.48  3.91  6.40  7.50  8.24  6.50  5.37  5.97  5.40  5.75  3.76  3.71
MEAN      5.51  5.53  6.10  6.10  5.57  4.84  4.43  4.61  5.15  5.21  5.60  5.95
STD DEV   2.32  2.40  3.01  2.48  2.21  1.92  1.60  1.70  2.22  2.09  2.57  2.48
SKEW       .73   .58  1.09   .53   .48   .61   .48   .42   .89   .63  1.07   .56
% SE      4.70  5.32  5.24  4.67  5.62  6.70  5.64  6.54  6.34  7.34  5.38  5.62
MEAN      4.59  5.14  4.80  4.71  4.62  4.01  3.96  3.98  4.23  4.56  4.78  4.65
STD DEV   2.10  2.24  2.18  2.12  2.11  1.64  1.62  1.66  1.82  2.07  1.94  2.05
SKEW       .53   .52   .58   .77   .84   .72   .67   .78   .81   .78   .57   .68
% SSE     3.54  3.28  3.22  3.15  3.70  4.22  4.03  4.61  5.09  5.50  4.31  4.17
MEAN      4.83  5.23  5.09  5.55  5.04  4.77  4.33  4.46  5.10  5.30  5.22  5.02
STD DEV   2.12  2.25  1.98  2.39  2.17  2.05  1.76  1.89  2.26  2.13  2.07  2.02
SKEW       .74   .55   .42   .41   .43   .56   .73   .68   .66   .45   .38   .48
% S       5.96  5.19  4.83  4.55  4.96  6.84  6.69  7.05  8.34  7.78  7.36  7.14
MEAN      4.22  4.31  4.68  4.64  4.77  4.22  4.16  4.19  4.72  4.73  4.39  4.26
STD DEV   2.00  1.99  2.15  2.41  2.23  1.85  1.79  1.89  2.06  2.17  1.95  1.91
SKEW      1.01   .66   .59  1.27   .69   .64   .57   .63   .61   .71   .72   .86
% SSW     4.28  3.11  2.22  2.58  3.03  3.33  3.76  4.15  5.21  4.98  5.25  4.57
MEAN      4.34  4.39  4.70  4.97  5.29  4.51  4.33  4.47  4.70  4.73  4.60  4.31
STD DEV   1.82  1.87  2.13  2.06  2.43  1.91  1.76  1.84  1.87  1.92  1.93  1.77
SKEW       .70   .60   .65   .50   .70   .66   .55   .47   .55   .48   .74   .78
% SW      5.38  3.84  2.54  2.71  3.13  3.86  4.52  4.05  4.49  4.38  5.42  4.77
MEAN      4.28  4.54  4.41  4.73  4.84  4.28  4.17  4.19  4.27  4.48  4.39  4.22
STD DEV   1.96  2.01  2.16  2.23  2.45  1.98  1.79  1.81  1.80  1.99  1.96  2.00
SKEW       .79   .53   .91   .64   .69   .88   .75   .58   .56   .55   .82   .80
% WSW     6.87  5.42  3.49  3.50  3.67  4.56  5.29  4.91  5.96  5.51  6.30  6.56
MEAN      5.38  5.12  5.53  5.87  6.00  5.40  4.90  5.06  5.45  5.56  5.31  5.50
STD DEV   2.04  2.16  2.27  2.41  2.63  2.40  2.01  2.03  2.37  2.33  2.17  2.43
SKEW       .35   .58   .62   .33   .43   .62   .76   .49   .57   .90   .60   .96
% W      12.04 12.80  9.62  9.44  7.47  9.28 12.28 10.12 10.38  9.72 10.63 10.43
MEAN      5.51  5.27  5.32  6.11  5.94  5.36  5.14  4.80  5.41  5.69  5.96  5.49
STD DEV   2.62  2.38  2.55  2.84  2.78  2.38  2.26  2.05  2.59  2.67  2.67  2.45
SKEW       .98   .76   .70   .48   .64   .66   .61   .60   .75   .65   .61   .53
% WNW    11.97 11.48 10.73 10.83  9.62 11.31 12.87 10.33 10.28 10.18 11.46 11.64
MEAN      6.07  5.85  5.67  6.32  6.11  5.45  5.12  4.81  5.49  5.92  6.47  6.23
STD DEV   2.36  2.43  2.46  2.52  2.39  2.17  2.13  1.87  2.23  2.51  2.49  2.43
SKEW       .55   .59   .65   .39   .47   .61   .80   .63   .48   .53   .30   .48
% NW      9.93  9.16  8.30  9.55  8.26  8.61  9.33  8.49  7.78  7.89  8.77  9.50
MEAN      5.30  5.09  5.05  5.46  4.99  4.41  4.20  4.05  4.52  5.18  5.62  5.16
STD DEV   2.13  2.29  2.39  2.49  2.22  1.95  1.76  1.76  2.09  2.33  2.51  2.04
SKEW       .44   .49   .75   .78   .55   .79   .78   .97   .80   .56   .37   .37
% NNW     5.81  6.07  6.14  5.54  4.99  3.53  3.46  4.13  4.04  5.16  5.55  5.49
MEAN      5.57  5.31  5.59  5.77  5.38  4.92  4.30  4.52  4.91  5.41  6.06  5.33
STD DEV   2.06  2.14  2.38  2.31  2.11  1.99  1.77  1.78  2.00  2.26  2.64  1.99
SKEW       .29   .67   .53   .29   .32   .49   .73   .58   .50   .42   .61   .40
CALM      8.33  8.83  9.00  5.42  6.42  9.38 10.60 11.27  9.78  8.10  7.28  9.22
 
INTERPOLATED DATA (station & weighting factor)
 
---Wind Stations---
HOUGHTON      MI     .506  INTERNAT.FALLSMN     .494                       .000
---Solar Radiation and Max .5 P Stations---
 DULUTH, MINNESOTA   .696   MINNEAPOLIS, MINNE  .304                            
---Dewpoint Stations---
MN INTERNATIONAL FA  .601  MI MARQUETTE         .399                            
---Time Peak Stations---
GUNFLINT LODGE MN   1.000  WALES 2 E MN         .000  ONTONAGON MI         .000 
