 VANDALIA MO                             238577 0
 LATT=  39.30 LONG= -91.50 YEARS= 45. TYPE= 3
 ELEVATION =  770. TP5 = 2.60 TP6= 5.20
 MEAN P    .26   .30   .36   .39   .51   .51   .61   .51   .51   .46   .40   .36
 S DEV P   .32   .32   .39   .44   .60   .60   .78   .61   .67   .53   .45   .42
 SKEW  P  2.50  2.14  1.77  2.51  2.82  2.01  2.67  1.98  2.79  2.27  2.38  2.39
 P(W/W)    .34   .36   .39   .44   .42   .42   .36   .36   .41   .38   .38   .35
 P(W/D)    .14   .13   .17   .18   .21   .19   .18   .15   .15   .15   .15   .13
 TMAX AV 36.92 41.99 53.32 66.04 75.92 84.37 88.72 87.51 80.15 69.08 54.09 41.64
 TMIN AV 17.91 21.97 31.39 42.74 52.89 61.34 65.75 63.69 55.45 44.19 33.46 23.55
 SD TMAX 13.22 12.95 13.59 11.49  8.36  6.78  6.17  6.74  8.59 10.37 12.56 12.36
 SD TMIN 12.67 11.73 10.92  9.77  8.20  6.69  5.60  6.19  8.95  9.81 10.82 11.30
 SOL.RAD  173.  252.  338.  430.  523.  570.  569.  514.  442.  316.  220.  156.
 SD SOL   41.2  47.9  65.1  82.0  84.1  82.9  75.1 145.9  63.4  37.5  31.8  37.5
 MX .5 P   .26   .36   .52   .86  1.11  2.19  1.27  1.34  1.24   .42   .41   .25
 DEW PT  20.44 23.66 28.88 40.43 51.33 61.55 65.78 64.00 55.11 44.88 31.88 24.44
Time Pk   .571  .695  .737  .798  .816  .827  .846  .870  .884  .908  .938 1.000
% N       5.27  5.45  5.04  4.18  3.91  3.08  3.08  3.99  4.81  3.77  2.55  3.42
MEAN      5.12  5.03  5.99  4.76  4.66  3.81  3.90  3.97  4.26  4.50  4.59  5.57
STD DEV   1.72  1.99  2.23  1.97  1.95  1.62  1.87  1.32  1.56  1.40  1.75  2.14
SKEW      -.06   .19   .39   .60   .27   .41   .86   .26  -.13  -.44   .72   .41
% NNE     4.99  5.42  4.62  4.68  3.67  2.59  2.70  4.21  4.49  3.40  2.16  2.30
MEAN      4.92  4.99  5.92  4.94  4.80  3.69  3.47  4.08  4.20  4.63  5.20  5.13
STD DEV   1.74  1.87  2.09  1.80  1.86  1.36  1.54  1.54  1.49  1.60  2.03  2.06
SKEW       .09   .19   .74   .44   .33  -.07   .61   .51   .72   .46   .41   .56
% NE      4.09  5.05  3.91  5.07  7.92  5.49  6.76  8.46  8.45  5.32  2.21  2.93
MEAN      4.28  4.47  4.72  4.75  4.24  3.57  3.74  3.64  4.03  4.24  4.73  4.10
STD DEV   1.68  1.76  1.73  1.71  1.81  1.41  1.52  1.32  1.51  1.53  1.73  1.61
SKEW       .25   .20   .21   .23   .84   .40   .99   .53  1.03   .71  1.17   .18
% ENE     3.40  4.35  4.98  6.51  6.98  4.32  5.12  6.31  5.43  3.82  2.60  3.52
MEAN      4.27  5.23  5.47  5.34  4.39  4.13  3.68  3.75  3.93  3.99  4.88  4.62
STD DEV   1.59  2.20  2.16  1.94  1.61  1.47  1.28  1.32  1.30  1.34  1.51  1.75
SKEW       .32   .90   .27   .50   .86   .57   .33   .81   .86   .67   .64   .36
% E       2.39  3.90  4.24  4.95  3.95  4.20  4.23  5.34  3.49  3.18  2.04  2.81
MEAN      3.92  4.90  5.56  5.28  4.16  3.97  3.49  3.49  3.51  3.50  4.48  4.44
STD DEV   1.64  1.99  2.34  2.12  1.35  1.44  1.52  1.34  1.22   .96  1.64  1.51
SKEW       .30   .75   .52   .30   .14   .33   .71   .49  -.07   .00   .80   .54
% ESE     3.61  4.53  4.85  4.46  6.04  5.18  5.77  5.19  3.48  3.84  2.07  3.03
MEAN      4.91  5.09  5.80  5.27  4.91  4.09  3.74  3.68  3.85  4.11  4.64  4.98
STD DEV   1.59  1.72  1.92  1.73  1.72  1.47  1.25  1.29  1.33  1.27  1.74  1.59
SKEW       .32   .17   .33  -.08   .39   .50   .70   .01   .57   .59   .53   .31
% SE      4.45  4.95  5.52  5.27  7.04  6.00  7.82  7.94  5.73  6.55  3.78  4.96
MEAN      5.13  5.10  5.52  5.37  4.49  4.12  3.69  3.60  4.03  4.19  4.77  4.90
STD DEV   1.98  1.71  2.03  1.67  1.67  1.49  1.25  1.26  1.31  1.31  1.81  1.68
SKEW       .63  -.07   .38  -.15   .34   .47   .54   .05   .09   .77   .59   .33
% SSE     8.89  8.91  9.44  9.57 10.09 10.70 12.03  8.85 11.18 16.21  8.97 12.21
MEAN      5.46  5.81  6.34  5.63  4.98  4.44  3.96  3.77  4.59  4.83  5.55  5.94
STD DEV   2.02  2.16  2.26  1.84  1.69  1.48  1.19  1.17  1.55  1.72  1.89  2.04
SKEW       .41   .46   .17   .41   .29   .48   .14   .10  1.01  1.11   .54   .38
% S       7.38  6.77  7.05  7.24  7.91 11.62 11.40 10.49 10.64 11.59  9.02 11.69
MEAN      5.42  5.67  6.03  5.74  4.73  4.60  4.01  3.70  4.34  4.83  5.32  5.66
STD DEV   2.20  2.05  2.18  2.00  1.75  1.68  1.38  1.21  1.31  1.93  2.04  2.00
SKEW       .33   .50   .53   .34   .58   .69   .31   .58   .15  1.27   .65   .60
% SSW    10.17 10.72  9.44 10.21 11.65 16.58 13.91 11.10 10.33 10.78 13.57 11.87
MEAN      5.88  5.93  6.04  6.25  5.01  4.74  4.50  3.91  4.64  4.77  5.76  5.66
STD DEV   2.25  2.36  2.38  2.41  1.97  1.78  1.67  1.33  1.67  1.78  2.13  2.09
SKEW       .50   .47   .56   .30   .56   .70   .33   .14  1.14  1.34   .50   .89
% SW      5.24  3.82  3.81  3.79  4.79  5.80  5.51  5.72  6.15  5.10  7.01  4.92
MEAN      4.79  4.43  5.18  5.06  4.55  4.42  4.04  3.74  4.11  4.40  5.27  5.51
STD DEV   1.98  1.66  2.49  2.26  2.19  1.85  1.63  1.40  1.51  1.71  2.18  3.03
SKEW       .60   .33  1.53   .76   .61  1.03   .66   .35   .60   .33   .65  1.72
% WSW     6.94  5.08  6.13  4.15  5.72  5.97  5.22  5.22  4.25  5.43  8.82  7.19
MEAN      5.65  5.60  6.70  5.42  5.12  4.28  3.93  3.84  4.33  4.80  5.64  6.25
STD DEV   2.47  2.82  3.12  2.69  2.25  1.56  1.50  1.67  1.58  1.96  2.12  2.81
SKEW       .80   .90   .53  1.19   .81   .30   .30  1.75   .58  1.00   .58  1.15
% W       4.04  4.11  4.78  3.38  3.04  3.19  2.50  3.12  3.26  2.97  5.60  4.83
MEAN      5.30  5.39  6.27  4.74  4.57  3.98  3.46  3.47  3.56  4.36  5.45  5.19
STD DEV   2.41  2.57  2.61  2.28  2.33  1.45  1.32  1.50  1.59  1.98  2.30  2.02
SKEW       .46   .93   .41  1.15   .74   .65   .40   .78   .78  1.10   .90   .50
% WNW     9.22  9.21 10.06  8.39  5.52  4.57  3.27  3.97  4.61  5.01 12.72  9.30
MEAN      6.04  5.89  6.72  6.90  5.45  4.31  4.00  3.94  4.50  5.07  6.24  6.04
STD DEV   2.40  2.21  2.68  2.87  2.68  1.85  1.65  1.60  1.73  2.15  2.65  2.18
SKEW       .25   .15   .34   .40   .60   .48   .87   .66   .69   .72   .86   .35
% NW      9.73  8.43  7.64  9.25  5.30  4.60  4.28  3.74  8.12  6.12 11.10  9.11
MEAN      5.92  5.50  5.75  6.30  4.73  4.10  3.82  3.89  4.54  4.94  6.07  5.52
STD DEV   2.21  2.17  2.20  2.58  2.20  1.71  1.66  1.62  1.81  2.19  2.40  2.08
SKEW       .08   .42   .44   .53  1.00   .15   .88   .47   .34   .80   .37   .65
% NNW     9.30  8.49  7.66  8.09  5.05  4.35  3.78  4.09  4.21  5.70  5.10  5.27
MEAN      5.63  5.95  6.03  5.79  5.00  4.36  4.50  4.09  4.80  5.46  5.71  5.60
STD DEV   2.08  2.32  2.11  2.21  2.09  1.69  1.55  1.52  1.95  1.85  2.24  1.95
SKEW       .29   .51   .31   .29   .74   .17   .85   .27   .72   .62   .47   .25
CALM       .83   .76   .86   .73  1.50  1.76  2.60  2.31  1.34  1.27   .68   .74
 
INTERPOLATED DATA (station & weighting factor)
 
---Wind Stations---
NEW FLORENCE  MO     .481  QUINCY        IL     .273  COLUMBIA      MO     .247
---Solar Radiation and Max .5 P Stations---
 COLUMBIA, MISSOURI  .500   SAINT LOUIS, MISSO  .365   DES MOINES, IOWA    .136 
---Dewpoint Stations---
MO COLUMBIA          .449  MO ST. LOUIS         .328  IA BURLINGTON        .223 
---Time Peak Stations---
MIDDLETOWN MO        .567  HANNIBAL WATERWORKS  .279  MOBERLY AP MO        .155 
