 WELDON SPRING EXPERIMEN MO              238805 0
 LATT=  38.67 LONG= -90.73 YEARS= 32. TYPE= 3
 ELEVATION =  600. TP5 = 2.51 TP6= 5.12
 MEAN P    .28   .36   .37   .34   .45   .44   .49   .36   .41   .40   .37   .35
 S DEV P   .37   .49   .45   .41   .62   .62   .64   .43   .56   .50   .50   .42
 SKEW  P  2.24  2.76  2.41  2.47  2.90  2.77  2.30  2.03  2.64  2.43  3.13  2.13
 P(W/W)    .32   .32   .40   .42   .45   .42   .43   .35   .41   .44   .45   .34
 P(W/D)    .14   .15   .22   .25   .21   .22   .19   .20   .19   .18   .19   .15
 TMAX AV 37.62 43.03 53.18 66.43 76.38 83.49 88.08 86.88 79.54 69.26 54.99 42.77
 TMIN AV 18.35 21.80 31.87 43.22 51.88 60.60 64.81 62.61 55.13 43.22 33.86 23.10
 SD TMAX 14.04 13.64 14.45 11.97  8.80  6.65  6.07  6.75  8.99 10.48 12.60 13.30
 SD TMIN 11.11 11.33 11.11 10.12  9.11  6.90  6.25  6.73  9.51 10.05 10.88 10.85
 SOL.RAD  171.  250.  340.  432.  527.  571.  569.  521.  447.  318.  222.  157.
 SD SOL   45.9  52.7  69.5  86.4  87.3  86.7  79.0 162.9  65.5  40.1  34.5  41.1
 MX .5 P   .33   .36   .51   .87  1.06  1.26  1.59  1.61   .97   .40   .45   .27
 DEW PT  22.01 25.01 30.01 41.76 52.25 62.17 66.08 64.00 55.92 45.92 32.92 25.92
Time Pk   .602  .722  .777  .840  .851  .859  .875  .886  .893  .918  .948 1.000
% N       4.74  5.24  4.61  4.19  4.28  3.05  3.97  4.59  4.92  3.99  2.93  3.76
MEAN      4.29  4.34  4.77  4.17  3.85  3.36  3.26  3.35  3.56  3.64  3.87  4.25
STD DEV   1.69  1.71  1.88  1.76  1.66  1.51  1.55  1.27  1.47  1.41  1.56  1.71
SKEW       .34   .35   .42   .67   .47   .55   .99   .60   .67   .11   .64   .49
% NNE     3.86  4.42  3.93  4.08  3.92  2.53  2.93  4.51  4.41  2.96  2.24  2.22
MEAN      3.80  3.85  4.26  4.00  3.92  3.42  3.15  3.50  3.49  3.51  4.13  3.87
STD DEV   1.49  1.47  1.63  1.51  1.57  1.41  1.29  1.39  1.36  1.38  1.51  1.60
SKEW       .60   .46   .73   .56   .63   .46   .60   .70   .98   .92   .50   .68
% NE      3.11  3.64  3.12  3.92  5.23  4.00  5.20  6.15  6.40  3.87  1.72  2.40
MEAN      3.52  3.73  3.84  3.90  3.67  3.30  3.30  3.15  3.50  3.21  3.77  3.54
STD DEV   1.41  1.43  1.49  1.48  1.54  1.50  1.30  1.14  1.35  1.28  1.48  1.49
SKEW       .53   .38   .56   .40   .77   .72   .75   .54   .90   .78  1.31   .50
% ENE     2.44  3.61  4.38  4.88  5.17  3.62  4.24  4.72  4.60  3.21  2.03  2.73
MEAN      3.78  4.32  4.87  4.53  3.86  3.69  3.29  3.34  3.69  3.22  4.25  3.70
STD DEV   1.37  1.78  1.95  1.66  1.48  1.36  1.21  1.23  1.39  1.24  1.55  1.42
SKEW       .40   .64   .40   .50   .76   .54   .49   .56   .81   .77   .73   .48
% E       2.56  4.13  4.84  4.97  4.09  3.79  4.29  4.94  3.48  3.13  2.39  3.19
MEAN      3.83  4.27  4.86  4.55  3.88  3.64  3.29  3.28  3.20  3.13  3.79  3.88
STD DEV   1.51  1.64  1.98  1.71  1.42  1.32  1.40  1.27  1.26  1.18  1.46  1.43
SKEW       .14   .50   .60   .24   .19   .31   .46   .29   .07   .52   .69   .66
% ESE     3.91  4.63  5.17  4.95  5.85  4.75  5.03  5.33  4.30  4.32  2.96  3.79
MEAN      4.06  4.29  4.92  4.78  4.09  3.70  3.30  3.36  3.29  3.33  3.87  4.07
STD DEV   1.49  1.66  1.91  1.76  1.58  1.45  1.24  1.26  1.29  1.24  1.56  1.56
SKEW       .65   .56   .52   .41   .70   .61   .70   .26   .72   .79   .65   .58
% SE      4.84  5.66  6.25  5.94  6.61  5.19  6.43  6.71  6.14  7.14  4.83  5.69
MEAN      4.49  4.74  4.98  5.03  4.03  3.79  3.39  3.23  3.47  3.54  4.34  4.34
STD DEV   1.91  1.95  2.12  1.84  1.70  1.64  1.38  1.29  1.35  1.39  2.05  1.85
SKEW       .72   .38   .38   .11   .50   .87   .59   .32   .41   .68   .77   .60
% SSE     8.85  8.55  9.04  9.64  8.83  8.98  8.65  6.93  9.25 12.47  8.56 10.14
MEAN      5.23  5.47  6.19  5.74  4.93  4.34  3.96  3.78  4.35  4.58  5.22  5.37
STD DEV   2.04  2.09  2.40  2.13  1.98  1.53  1.42  1.43  1.66  1.79  2.09  2.00
SKEW       .40   .26   .36   .45   .43   .25   .19   .17   .78   .65   .66   .37
% S      10.09  8.43  8.10  9.30  9.79 13.66 11.47 10.61 11.31 11.73 11.45 12.93
MEAN      5.35  5.33  5.84  5.67  4.71  4.40  3.87  3.66  4.21  4.38  5.07  5.33
STD DEV   2.22  2.13  2.36  2.24  1.98  1.71  1.47  1.42  1.55  1.88  2.14  2.11
SKEW       .47   .36   .48   .46   .63   .56   .36   .50   .28   .93   .58   .51
% SSW     7.21  7.30  6.97  8.21  9.17 13.53 11.11  8.85  8.39  7.81  8.78  8.40
MEAN      5.02  5.10  5.48  5.55  4.76  4.41  4.12  3.62  4.17  4.15  5.02  4.79
STD DEV   2.03  2.17  2.29  2.25  1.87  1.63  1.55  1.33  1.52  1.64  2.12  2.00
SKEW       .43   .49   .42   .44   .53   .54   .44   .35   .74   .80   .65   .83
% SW      4.20  3.35  3.21  3.52  4.78  6.42  6.37  5.69  5.50  5.01  5.74  4.52
MEAN      4.34  4.01  4.92  4.54  4.15  4.01  3.76  3.41  3.70  3.64  4.33  4.42
STD DEV   1.91  1.56  2.36  1.97  1.93  1.56  1.49  1.38  1.42  1.43  1.93  2.31
SKEW       .65   .42  1.17   .85   .65   .72   .64   .49   .54   .57   .97  1.32
% WSW     5.42  4.71  5.22  4.19  5.09  6.60  6.08  5.30  4.24  4.77  7.14  5.60
MEAN      4.77  5.03  5.71  5.24  4.51  4.06  3.92  3.52  3.91  4.19  4.54  5.19
STD DEV   2.08  2.54  2.65  2.69  2.16  1.62  1.48  1.51  1.45  1.85  1.84  2.33
SKEW       .71  1.02   .54  1.08   .95   .54   .35  1.03   .45   .89   .82   .76
% W       5.63  5.86  6.71  5.37  5.20  5.00  5.03  4.60  3.89  4.71  7.27  6.80
MEAN      4.76  5.15  5.79  5.16  4.32  3.77  3.47  3.31  3.28  3.85  4.87  4.87
STD DEV   2.24  2.55  2.69  2.64  2.30  1.55  1.48  1.48  1.46  1.80  2.13  2.10
SKEW       .73   .83   .58   .97   .90   .83   .54   .78   .84  1.06   .79   .63
% WNW    11.51 11.33 11.82  9.65  6.47  5.43  3.75  4.41  4.60  6.20 12.67 10.66
MEAN      5.52  5.53  6.05  6.05  4.93  3.99  3.63  3.59  3.92  4.60  5.48  5.48
STD DEV   2.29  2.25  2.57  2.57  2.46  1.68  1.48  1.52  1.65  1.83  2.25  2.18
SKEW       .43   .51   .55   .53   .84   .84   .70   .91   .87   .66   .70   .58
% NW     10.26  9.73  8.03  7.83  5.70  5.04  5.43  4.75  7.11  6.42 10.79  9.52
MEAN      5.07  5.18  5.17  5.40  4.20  3.67  3.37  3.43  3.91  4.29  5.16  4.87
STD DEV   2.03  2.10  2.06  2.19  1.94  1.58  1.46  1.49  1.61  1.84  2.08  1.99
SKEW       .46   .42   .47   .45   .85   .42   .91   .76   .62   .71   .45   .65
% NNW     9.46  7.45  6.82  6.99  5.57  4.35  4.53  5.27  5.87  6.36  4.80  5.45
MEAN      4.78  4.97  4.93  4.87  4.15  3.82  3.73  3.48  4.06  4.44  4.81  4.69
STD DEV   1.86  2.01  1.86  1.97  1.69  1.54  1.45  1.34  1.68  1.67  1.94  1.72
SKEW       .59   .51   .46   .40   .73   .38  1.03   .47   .78   .68   .97   .30
CALM      1.88  1.98  1.81  2.31  4.29  4.08  5.44  6.57  5.55  5.89  3.64  2.24
 
INTERPOLATED DATA (station & weighting factor)
 
---Wind Stations---
ST. LOUIS     MO     .565  NEW FLORENCE  MO     .263  FARMINGTON    MO     .172
---Solar Radiation and Max .5 P Stations---
 SAINT LOUIS, MISSO  .829   EVANSVILLE, INDIAN  .092   KANSAS CITY, MISSO  .078 
---Dewpoint Stations---
MO ST. LOUIS         .751  MO COLUMBIA          .164  MO SPRINGFIELD       .085 
---Time Peak Stations---
WENTZVILLE MO        .452  WASHINGTON 2 MO      .321  JEFFERSON CT WTR PL  .227 
