 CUT BANK CAA AP MT                      242173 0
 LATT=  48.60 LONG=-112.37 YEARS= 87. TYPE= 3
 ELEVATION = 3840. TP5 = 1.04 TP6= 2.37
 MEAN P    .07   .07   .08   .13   .22   .27   .22   .21   .19   .12   .08   .07
 S DEV P   .11   .08   .10   .16   .30   .37   .29   .29   .26   .15   .11   .09
 SKEW  P  7.97  2.30  2.99  2.33  2.74  3.04  2.99  2.95  2.93  3.24  5.01  3.56
 P(W/W)    .36   .39   .36   .42   .48   .48   .42   .42   .43   .36   .36   .36
 P(W/D)    .13   .12   .13   .14   .19   .24   .15   .14   .13   .10   .10   .11
 TMAX AV 27.52 32.05 39.72 52.80 62.68 70.51 79.75 77.94 66.79 56.27 40.76 31.71
 TMIN AV  7.12 10.92 17.92 28.19 37.27 45.23 49.90 47.94 39.11 30.90 19.56 12.05
 SD TMAX 18.63 16.41 14.20 12.63 10.90  9.95  8.57  9.37 12.29 13.07 14.17 16.31
 SD TMIN 19.14 16.82 13.78  9.22  6.99  6.00  5.65  5.86  7.83  9.74 13.54 16.55
 SOL.RAD  135.  227.  361.  429.  523.  578.  634.  527.  402.  259.  149.  107.
 SD SOL   19.1  22.4  29.9  66.4  80.0  81.6  50.5 131.9  58.4  24.3  20.9  19.1
 MX .5 P   .06   .08   .13   .14   .42   .50   .39   .90   .28   .19   .08   .09
 DEW PT  10.56 16.56 19.99 27.71 34.71 42.57 46.14 44.71 38.14 31.85 24.42 16.99
Time Pk   .757  .837  .868  .914  .920  .923  .930  .931  .933  .947  .966 1.000
% N      10.86  8.99  8.99  7.60  7.48  6.05  6.93  7.86  7.38  6.20  6.11  7.84
MEAN      5.32  5.47  5.59  6.12  5.65  5.21  4.36  4.37  5.24  4.78  5.27  5.59
STD DEV   2.92  3.04  3.22  3.37  3.25  2.80  2.68  2.39  3.13  2.93  2.93  3.23
SKEW       .69   .56   .69   .48   .60   .58  1.36   .73   .64   .72   .52   .62
% NNE     2.34  1.87  2.28  3.43  3.07  2.61  2.70  3.02  2.64  1.80  1.93  1.78
MEAN      3.80  4.05  4.28  5.11  4.79  4.82  3.96  4.05  4.20  3.63  4.00  3.46
STD DEV   2.22  2.05  2.18  2.16  2.67  2.57  1.83  1.96  2.36  2.03  2.06  1.79
SKEW      1.08  1.22   .61   .28   .69   .70   .78   .59   .83  1.01   .66   .92
% NE      1.99  1.89  2.49  3.54  3.56  3.35  3.86  3.54  3.16  2.05  1.50  1.52
MEAN      2.44  2.75  3.01  3.89  3.37  3.65  3.11  2.91  2.66  2.49  2.44  2.19
STD DEV   1.22  1.53  1.67  2.10  2.17  2.39  1.76  1.51  1.44  1.33  1.18  1.04
SKEW       .92  1.10   .95   .88  1.16  1.07   .99   .82  1.02  1.19  1.13   .87
% ENE      .56   .56   .90  1.30  1.59  1.30  1.32  1.12   .90   .44   .47   .52
MEAN      3.10  3.29  3.41  3.63  4.11  3.88  3.40  3.13  3.12  2.76  3.14  2.56
STD DEV   1.22  1.01  1.18  1.79  2.01  1.49  1.48  1.28  1.07  1.32  1.08   .95
SKEW      -.30   .04   .16   .92   .76   .56   .82   .60   .56   .62   .50   .19
% E       1.70  1.90  2.77  3.13  4.31  3.21  3.57  3.13  2.41  1.84  1.29  1.38
MEAN      2.71  2.96  3.04  3.33  3.99  3.46  3.24  3.09  3.23  2.72  2.69  2.48
STD DEV   1.23  1.42  1.61  1.66  2.14  1.74  1.40  1.56  1.57  1.26  1.32  1.18
SKEW       .90   .55  1.00   .89   .79   .82   .63   .64   .63   .42   .94   .63
% ESE     1.60  1.59  1.96  2.66  3.61  3.13  3.01  2.51  2.52  1.96  1.77  1.34
MEAN      3.07  3.32  3.61  4.18  4.74  4.18  3.87  3.71  3.71  3.43  3.27  3.22
STD DEV   1.38  1.40  1.52  1.65  2.11  1.91  1.58  1.45  1.43  1.47  1.30  1.21
SKEW       .61   .12   .33   .15   .40   .67   .52   .16   .03   .29   .32   .30
% SE      7.17  5.96  7.21  7.74  7.47  6.44  7.40  6.94  7.00  7.22  5.34  5.84
MEAN      3.52  3.34  3.60  4.08  4.09  4.09  3.64  3.58  3.77  3.49  3.26  3.29
STD DEV   1.81  1.75  1.80  2.05  2.04  1.98  1.73  1.75  1.85  1.80  1.58  1.66
SKEW       .70   .75   .57   .71   .64   .57   .61   .70   .52   .89   .50   .80
% SSE     3.36  3.33  3.77  3.70  2.59  2.57  3.32  2.94  3.45  4.07  3.91  3.22
MEAN      3.80  3.76  4.17  4.63  4.59  3.88  4.18  4.26  4.00  4.29  3.97  3.68
STD DEV   1.60  1.49  1.92  1.91  2.12  1.57  1.77  1.78  1.63  1.82  1.53  1.53
SKEW       .68   .53   .77   .44   .44   .52   .64   .66   .42   .55   .60   .79
% S       3.42  3.27  3.83  3.73  3.03  3.45  3.99  3.38  3.20  3.60  4.07  3.26
MEAN      3.58  3.60  3.75  3.74  3.81  3.55  3.32  3.43  3.61  3.50  3.64  3.62
STD DEV   2.12  1.81  1.88  1.84  2.01  1.75  1.67  1.63  1.78  1.83  1.73  1.82
SKEW      1.64   .65   .77   .78   .70   .59   .84   .88   .81   .74   .65   .67
% SSW     1.68  1.64  1.62  1.80  1.32  1.88  1.63  1.54  2.04  2.17  1.99  1.90
MEAN      4.91  4.69  4.37  4.56  4.24  4.40  3.79  3.70  4.66  4.77  4.55  4.87
STD DEV   2.40  2.45  1.92  1.96  2.22  2.10  1.74  1.49  2.40  2.28  2.20  2.60
SKEW       .37   .56   .49   .34   .68   .77   .69   .43   .68   .73   .77   .64
% SW      6.58  7.54  7.67  6.88  5.94  8.10  6.91  8.14  7.37  9.07  9.95  9.00
MEAN      7.16  7.90  7.18  7.30  5.75  6.46  5.08  5.86  6.51  7.09  7.76  8.09
STD DEV   4.05  4.10  3.90  4.39  3.36  3.76  2.97  3.34  4.00  3.38  4.25  4.28
SKEW       .38   .44   .41   .75   .66   .49   .75   .58   .91   .28   .56   .51
% WSW    18.07 21.13 17.41 14.15 14.10 15.54 13.17 11.56 12.76 19.39 20.97 23.22
MEAN     10.30 10.29  9.61  9.24  8.69  8.39  7.56  7.50  8.19  9.17 10.16 10.58
STD DEV   3.54  3.46  3.53  3.60  3.50  3.38  3.14  3.02  3.46  3.31  3.90  3.75
SKEW       .24   .26   .04   .36   .33   .23   .17   .22   .54   .32   .50   .33
% W      16.48 18.28 15.44 15.16 16.52 18.26 16.45 15.30 16.43 17.70 18.46 18.32
MEAN      8.62  8.35  8.17  7.61  7.09  6.54  5.95  5.91  6.43  7.62  8.14  8.64
STD DEV   3.61  3.43  3.41  3.49  3.23  2.92  2.89  2.83  3.03  3.29  3.55  3.49
SKEW       .36   .38   .15   .57   .37   .57   .62   .52   .53   .39   .58   .48
% WNW     3.86  4.09  4.04  5.41  6.83  6.77  6.85  7.39  6.48  5.43  4.87  4.30
MEAN      5.72  6.34  5.87  6.18  5.82  5.56  4.79  4.90  4.96  5.66  5.76  5.87
STD DEV   2.67  2.64  2.76  3.07  2.68  2.57  2.15  2.31  2.32  2.68  2.51  2.73
SKEW       .28   .35   .60   .79   .50   .61   .76   .65   .65   .59   .66   .37
% NW      6.59  6.48  6.21  8.20  8.48  8.28  8.28  9.18  8.80  5.95  6.60  4.90
MEAN      5.09  5.08  6.07  5.80  5.63  5.64  4.37  4.69  5.19  4.96  5.81  5.50
STD DEV   2.92  3.00  3.75  3.21  3.06  2.96  2.44  2.74  2.97  3.05  3.30  3.18
SKEW       .58   .85   .73   .44   .44   .52   .77   .93   .55   .71   .45   .72
% NNW     7.46  5.93  6.88  6.70  5.82  5.08  5.08  5.83  6.55  4.54  4.60  5.90
MEAN      6.81  6.81  7.25  7.53  6.70  5.98  5.37  5.53  6.74  6.89  6.69  7.16
STD DEV   3.12  3.35  3.56  3.31  2.98  2.53  2.58  2.67  3.21  3.37  3.00  3.39
SKEW       .08   .30   .37   .10   .18   .23   .67   .38   .21   .20   .06   .30
CALM      6.43  5.67  6.64  4.99  4.26  3.98  5.44  6.53  6.92  6.53  6.16  5.74
 
INTERPOLATED DATA (station & weighting factor)
 
---Wind Stations---
CUT BANK      MT    1.000  KALISPELL     MT     .000  GREAT FALLS   MT     .000
---Solar Radiation and Max .5 P Stations---
 KALISPELL, MONTANA  .570   HAVRE, MONTANA      .430                            
---Dewpoint Stations---
MT KALISPELL         .571  MT HAVRE             .429                            
---Time Peak Stations---
SHELBY AP MT         .563  BROWNING MT          .437                            
