 WISDOM MT                               249067 0
 LATT=  45.62 LONG=-113.45 YEARS= 44. TYPE= 3
 ELEVATION = 6060. TP5 = 1.11 TP6= 2.17
 MEAN P   0.07  0.06  0.07  0.09  0.13  0.16  0.13  0.14  0.14  0.10  0.08  0.07
 S DEV P  0.08  0.07  0.07  0.11  0.17  0.20  0.16  0.17  0.19  0.12  0.08  0.09
 SQEW  P  2.35  2.16  2.23  2.17  2.73  2.51  3.94  2.14  3.47  2.04  1.96  3.23
 P(W/W)   0.45  0.42  0.43  0.44  0.58  0.59  0.45  0.48  0.48  0.42  0.49  0.47
 P(W/D)   0.22  0.21  0.24  0.23  0.24  0.25  0.18  0.17  0.16  0.17  0.24  0.24
 TMAX AV 25.84 31.17 36.65 47.24 58.38 67.39 78.01 76.59 66.17 54.09 37.62 28.02
 TMIN AV  3.60  6.34 10.10 20.63 28.59 35.78 37.46 34.55 27.19 20.51 12.80  5.86
 SD TMAX 12.90 10.30  8.83  9.93 10.20  9.63  7.14  8.33 11.17 10.99 10.45 11.30
 SD TMIN 17.38 15.54 13.19  8.27  6.51  5.65  5.81  6.10  7.49  8.65 12.24 14.74
 SOL.RAD  140.  234.  361.  447.  542.  596.  647.  543.  420.  274.  162.  116.
 SD SOL   24.3  26.6  34.6  60.2  69.8  70.2  43.8 102.6  53.9  25.7  23.6  23.1
 MX .5 P   .10   .13   .11   .16   .20   .93   .62   .49   .22   .12   .08   .08
 DEW PT  10.32 16.02 19.28 25.53 33.94 39.64 41.09 40.34 34.94 29.54 21.58 16.28
Time Pk   .788  .871  .888  .905  .905  .908  .911  .917  .917  .931  .960 1.000
% N       4.06  3.69  4.07  4.77  5.64  6.21  6.06  5.09  4.72  4.10  3.47  3.55
MEAN      2.88  3.78  3.85  4.26  3.84  3.85  3.58  3.35  3.37  3.39  2.84  2.82
STD DEV   1.79  2.77  2.21  2.40  2.02  2.02  1.78  1.54  1.78  2.18  1.45  1.55
SKEW      1.82  1.31   .89   .79   .78  1.03  1.07   .80  1.30  1.46  1.25  1.08
% NNE     2.78  3.33  4.18  6.43  6.83  5.96  5.68  5.37  6.35  5.93  4.48  3.38
MEAN      4.25  4.28  4.89  6.01  5.04  4.47  4.43  3.68  4.54  3.60  3.11  3.16
STD DEV   3.00  2.69  2.68  2.67  2.37  2.02  1.93  1.75  2.24  2.13  1.77  1.97
SKEW       .66   .56   .55   .38   .51  1.65   .65   .70   .66   .92   .82  1.08
% NE      5.73  6.32  6.89  8.17  8.91  7.74  7.61  7.97  8.30  6.90  5.80  5.74
MEAN      4.56  4.44  4.37  4.65  4.22  4.05  3.76  3.84  4.03  3.82  3.97  4.18
STD DEV   2.37  2.40  2.29  2.28  2.06  1.90  1.71  1.88  2.03  2.09  2.15  2.35
SKEW       .77   .66   .58   .66   .76   .60   .83   .87   .81  1.02   .79   .98
% ENE     2.79  2.68  3.19  3.09  3.18  3.09  2.62  2.70  3.37  2.58  2.61  2.06
MEAN      3.83  3.93  4.02  3.87  3.28  3.49  3.06  3.00  3.23  3.07  4.24  3.85
STD DEV   1.94  2.06  1.63  1.57  1.51  1.35  1.32  1.24  1.36  1.44  1.89  1.66
SKEW       .96   .67  1.47   .65   .65  1.66   .61   .65   .73   .73   .47   .49
% E       5.58  6.48  6.38  5.02  4.65  4.42  4.34  4.23  4.19  3.64  4.38  4.76
MEAN      2.58  2.91  3.04  2.97  2.93  3.03  3.07  2.96  2.80  2.71  2.70  2.81
STD DEV   1.05  1.32  1.33  1.19  1.22  1.24  1.25  1.27  1.09  1.15  1.10  1.25
SKEW       .49   .96   .90   .74   .76   .92   .78  1.00   .64   .89   .56  1.02
% ESE     2.00  1.88  1.80  1.75  1.82  1.94  2.01  2.03  1.60  1.71  2.04  1.69
MEAN      2.78  2.77  3.08  3.31  3.11  3.37  3.72  3.32  2.88  2.91  3.08  2.87
STD DEV   1.09  1.03  1.17  1.37  1.24  1.34  1.67  1.37  1.02  1.02  1.28  1.09
SKEW       .64   .31   .63   .82  1.15   .73   .79   .92   .67   .36   .72  1.89
% SE     10.58  9.86  9.24  7.93  7.91  7.18  6.89  7.34  7.62  8.54  9.99 11.13
MEAN      2.92  2.84  3.10  3.23  3.33  3.44  3.33  3.21  2.89  2.87  2.93  2.87
STD DEV   1.39  1.27  1.57  1.60  1.67  1.74  1.71  1.43  1.24  1.21  1.28  1.24
SKEW      1.05   .96  1.25  1.01  1.13  1.07  1.14   .89   .93   .80  1.01   .88
% SSE     4.39  4.18  4.46  4.16  4.05  4.36  4.58  4.69  3.92  4.49  5.04  4.40
MEAN      4.03  4.05  3.90  4.04  4.24  4.20  3.83  4.02  3.63  3.74  3.68  3.78
STD DEV   2.20  2.26  2.04  2.04  2.44  2.34  1.99  2.09  1.78  1.89  1.74  1.87
SKEW      1.42  1.25  1.03   .93  1.27  1.12  1.25  1.26  1.47  1.19  1.14  1.10
% S      14.22 13.46 14.69 13.20 10.80 11.48 11.19 12.41 13.25 15.11 15.09 14.81
MEAN      4.23  4.55  4.23  4.47  3.83  3.88  3.80  3.73  3.61  3.73  3.91  4.18
STD DEV   2.46  2.63  2.35  2.46  1.98  2.08  1.99  1.90  1.87  1.95  2.07  2.34
SKEW      1.19  1.08  1.22   .93  1.14  1.20  1.39  1.32  1.21  1.30  1.21  1.17
% SSW    14.19 12.81 10.32  8.88  8.01  9.12  9.14  9.17 10.08 11.38 12.27 13.37
MEAN      5.19  4.94  4.93  4.87  4.26  4.56  4.17  4.32  4.27  4.08  4.02  4.77
STD DEV   2.43  2.37  2.38  2.35  1.93  2.25  2.01  1.91  2.00  1.84  2.09  2.32
SKEW       .61   .59   .69   .55   .88   .87   .68   .91   .95   .85   .85   .64
% SW     12.32 12.04 10.38  9.64  8.41  8.58  8.27  9.31  9.41 10.03 11.34 13.68
MEAN      4.92  4.68  4.99  4.69  4.40  4.21  4.01  4.02  4.22  4.00  4.59  4.47
STD DEV   2.60  2.38  2.84  2.50  2.42  2.31  2.20  2.14  2.38  2.17  2.62  2.27
SKEW       .74   .86   .69   .72   .85   .95  1.18  1.15  1.11  1.09  1.08  1.01
% WSW     3.50  4.19  4.58  4.33  4.03  4.41  4.10  4.39  4.12  3.78  4.26  3.69
MEAN      5.23  4.29  5.56  5.27  4.68  4.71  4.47  4.61  3.98  3.98  4.10  4.40
STD DEV   2.67  1.90  2.89  2.44  2.28  2.01  2.01  1.94  2.00  2.06  1.99  2.48
SKEW       .34   .45   .27   .35   .57  1.67  1.82   .52   .58   .62   .39   .55
% W       2.44  2.89  3.87  5.21  5.36  5.32  5.38  4.95  5.01  4.54  3.30  2.48
MEAN      3.26  4.57  4.64  4.84  4.18  3.78  3.50  3.64  3.93  4.09  4.08  4.27
STD DEV   1.79  2.55  2.40  2.43  2.21  1.97  1.90  2.01  2.09  2.24  2.24  2.48
SKEW       .86   .87   .50   .59   .67   .74   .97   .94   .81  1.00   .59  1.30
% WNW      .77  1.05  1.39  2.04  2.26  2.36  2.66  2.23  1.75  1.49   .93   .76
MEAN      3.07  4.18  5.16  5.18  4.18  4.46  4.17  3.83  4.32  4.60  4.57  3.27
STD DEV   1.64  2.28  2.74  2.59  1.93  2.19  2.12  1.75  2.41  2.49  2.47  1.71
SKEW      1.14   .82   .37   .38   .54   .49   .94   .79   .87   .61   .52   .65
% NW      4.35  5.45  6.40  7.14  8.27  8.66  9.29  8.90  7.14  5.74  4.50  3.64
MEAN      2.48  3.40  3.86  4.16  3.83  3.38  3.30  3.37  2.98  2.99  3.08  2.50
STD DEV   1.30  2.00  2.29  2.40  2.26  1.72  1.62  1.72  1.35  1.47  1.68  1.30
SKEW      1.00  1.22   .98   .89  1.27   .94   .95  1.13   .93   .88  1.21  1.26
% NNW     1.02  1.39  1.68  2.40  2.95  2.66  3.13  2.79  1.91  1.69  1.51  1.16
MEAN      2.74  3.20  3.62  4.20  3.68  3.86  3.52  3.64  3.54  3.57  2.96  2.24
STD DEV   1.32  1.55  1.78  2.08  1.60  1.95  1.53  1.53  1.75  2.05  1.40  1.10
SKEW       .40   .94  1.03   .79   .79   .92   .80   .51   .95  1.13   .50   .59
CALM      9.30  8.29  6.57  5.84  6.89  6.44  7.08  6.34  7.26  8.45  9.01  9.66
 
INTERPOLATED DATA (station & weighting factor)
 
---Wind Stations---
DILLON        MT     .551  DUBOIS        ID     .234  SUPERIOR      MT     .215
---Solar Radiation and Max .5 P Stations---
 HELENA, MONTANA     .478   GREAT FALLS, MONTA  .286   BOISE, IDAHO        .236 
---Dewpoint Stations---
MT BUTTE             .553  MT MISSOULA          .299  ID POCATELLO         .148 
---Time Peak Stations---
WISDOM MT           1.000  GIBBONS PASS MT      .000  DIVIDE 2 NW MT       .000 
