 BABB 6 NE MT                            24 392 0
 LATT=  48.93 LONG=-113.35 YEARS= 44. TYPE= 3
 ELEVATION = 4460. TP5 =  .98 TP6= 2.28
 MEAN P    .15   .16   .15   .22   .33   .39   .28   .27   .29   .23   .18   .14
 S DEV P   .14   .16   .14   .22   .38   .54   .36   .33   .31   .26   .21   .15
 SKEW  P  2.26  2.65  2.88  2.81  2.27  3.26  3.11  2.55  2.28  3.60  3.23  2.41
 P(W/W)    .30   .32   .34   .40   .54   .49   .35   .40   .42   .31   .22   .33
 P(W/D)    .15   .13   .15   .15   .16   .20   .15   .18   .16   .10   .13   .14
 TMAX AV 30.02 36.14 39.94 50.32 60.57 68.00 75.70 75.33 65.73 56.14 41.91 33.73
 TMIN AV  6.63 13.58 17.15 26.50 34.43 40.56 43.83 43.28 35.79 29.85 20.39 12.08
 SD TMAX 17.49 13.50 12.48 11.06 10.04  8.70  7.73  8.62 11.82 12.03 12.56 14.74
 SD TMIN 20.37 15.94 14.41  9.03  6.51  6.04  5.56  5.58  7.11  9.74 13.32 16.99
 SOL.RAD  135.  227.  361.  429.  523.  578.  634.  527.  402.  259.  149.  107.
 SD SOL   19.0  22.1  29.5  65.5  79.0  80.5  49.8 126.9  57.8  24.1  20.7  19.0
 MX .5 P   .07   .08   .13   .15   .38   .53   .37  1.01   .32   .15   .08   .09
 DEW PT  14.30 20.30 23.00 29.00 36.30 43.00 46.41 45.11 39.00 34.00 26.70 20.00
Time Pk   .800  .868  .890  .916  .921  .926  .933  .937  .939  .949  .965 1.000
% N       3.65  3.70  4.44  4.92  4.83  5.42  5.06  5.08  4.69  3.08  3.41  3.54
MEAN      3.39  3.73  3.68  4.13  3.77  3.59  3.29  3.38  3.61  3.54  3.71  3.42
STD DEV   1.62  1.85  1.80  2.00  1.87  1.78  1.49  1.56  1.81  1.70  1.80  1.68
SKEW       .79   .79   .74   .67   .76   .86   .81   .85   .78   .91   .69   .77
% NNE     2.15  2.16  2.61  2.95  2.90  2.61  2.57  2.58  2.39  1.89  1.34  1.63
MEAN      2.52  2.56  3.16  4.40  3.80  3.42  3.62  2.49  3.59  2.55  2.65  2.19
STD DEV   1.27  1.20  1.39  1.54  1.41  1.30  1.32  1.05  1.52  1.19  1.26   .95
SKEW       .87   .48   .45   .35   .45  2.10   .67   .48   .53   .54   .45   .53
% NE      3.44  3.81  4.20  5.35  5.29  5.21  5.13  4.77  4.42  3.36  2.13  3.07
MEAN      2.90  2.90  3.02  3.78  3.49  3.52  3.07  3.16  3.09  2.92  2.91  2.69
STD DEV   1.24  1.22  1.29  1.78  1.60  1.65  1.30  1.39  1.37  1.23  1.36  1.20
SKEW       .95   .44   .53   .66   .74   .77   .86   .80   .81   .71   .85  1.27
% ENE     1.47  1.34  1.66  2.21  2.96  2.69  2.86  2.68  2.16  1.58   .93  1.32
MEAN      2.00  2.05  2.81  3.55  2.87  3.28  2.45  2.35  2.34  2.17  2.88  2.77
STD DEV    .81   .89   .97  1.63  1.35  1.14  1.00   .98   .95   .94   .92   .73
SKEW       .33   .45  2.10   .87   .47  2.09   .33   .44   .30   .41   .46   .31
% E       2.70  2.82  2.91  3.26  3.91  3.62  4.07  3.46  3.12  2.67  2.59  2.74
MEAN      2.32  2.45  2.68  2.99  3.32  3.00  2.88  2.74  2.66  2.54  2.51  2.38
STD DEV   1.01  1.02  1.16  1.37  1.61  1.34  1.22  1.14  1.14  1.04  1.04  1.00
SKEW       .89   .69   .81   .94   .97   .86   .69   .76   .75   .69   .71   .77
% ESE     1.24  1.23  1.37  1.58  2.14  2.01  2.24  1.72  1.34  1.10   .94  1.04
MEAN      2.48  2.56  2.81  3.30  3.50  3.42  3.17  3.12  2.87  2.65  2.74  2.46
STD DEV    .91   .99  1.09  1.33  1.74  1.50  1.30  1.41  1.10   .83  1.05   .90
SKEW       .40   .49   .63   .40  1.16   .75   .63   .76   .77   .23   .18   .57
% SE     11.64 10.80  9.41  9.02  9.06  8.45  7.61  7.74  8.09  8.48 10.17 12.46
MEAN      2.44  2.54  2.65  3.04  3.34  3.05  3.00  2.84  2.91  2.64  2.50  2.34
STD DEV   1.09  1.08  1.15  1.29  1.61  1.33  1.30  1.24  1.17  1.24  1.03   .93
SKEW       .73   .36   .71   .61  1.17   .86   .80   .68   .44  1.15   .89   .50
% SSE     1.48  1.54  1.86  2.10  2.20  2.22  2.34  2.03  1.66  1.12  1.03   .90
MEAN      2.88  3.48  2.87  3.29  3.34  3.42  3.30  3.23  3.26  3.06  3.00  2.79
STD DEV   1.35  1.72  1.17  1.43  1.43  1.29  1.43  1.28  1.40  1.35  1.22  1.25
SKEW       .83   .46   .55   .69   .53   .38   .61   .73   .79  1.04  1.04   .84
% S       5.78  5.64  7.06  7.20  7.12  7.40  7.12  6.91  7.38  7.17  6.89  6.53
MEAN      3.94  3.99  3.81  3.74  3.41  3.17  3.16  3.17  3.35  3.42  3.92  4.04
STD DEV   2.31  2.31  1.98  1.86  1.60  1.47  1.45  1.50  1.63  1.70  2.18  2.21
SKEW       .92   .93   .86   .86   .88   .92   .86   .88   .89   .82  1.07   .74
% SSW     6.85  6.52  6.53  5.58  4.37  4.68  4.65  4.50  5.66  6.56  7.70  7.09
MEAN      5.57  5.40  4.98  4.87  3.96  3.94  3.38  3.96  4.23  4.49  4.36  5.27
STD DEV   2.36  2.49  2.10  2.11  1.67  1.70  1.52  1.70  1.83  1.72  1.86  2.11
SKEW       .54   .38   .42   .27   .73   .65   .24   .44   .59   .35   .29   .29
% SW     24.05 21.48 17.13 14.21 10.88 11.96 10.63 11.60 14.77 20.19 24.05 24.58
MEAN      6.05  5.84  5.33  5.13  4.52  4.54  3.90  4.15  4.58  5.24  5.76  5.96
STD DEV   2.52  2.48  2.35  2.28  2.17  2.13  1.94  2.00  2.17  2.19  2.49  2.35
SKEW       .55   .53   .57   .56   .69   .70  1.06   .82   .87   .64   .96   .57
% WSW    10.08 11.49 10.42 10.09  8.80  9.44  7.30  8.23  9.13 11.75 11.75 11.52
MEAN      5.48  5.02  5.52  5.76  5.01  5.31  4.71  5.00  4.03  4.73  5.08  5.17
STD DEV   2.17  2.31  2.40  2.56  2.24  1.89  1.74  1.99  2.08  2.05  2.27  2.27
SKEW       .27   .36   .08   .47   .47  2.05  2.29   .58   .66   .29   .31   .31
% W       4.29  5.40  6.38  7.78  8.80  8.45  8.51  9.02  8.75  7.62  6.00  4.77
MEAN      4.31  4.59  5.01  5.28  4.84  4.49  4.11  4.20  4.46  4.81  4.74  4.59
STD DEV   2.36  2.53  2.60  2.75  2.44  2.19  2.15  2.11  2.38  2.52  2.61  2.63
SKEW       .96   .80   .60   .89   .76   .64   .90   .87   .76   .78   .75  1.28
% WNW     1.62  2.35  2.84  3.10  4.54  4.14  4.31  4.66  3.30  2.62  1.95  1.64
MEAN      3.83  4.30  4.75  4.90  4.69  4.62  4.57  4.63  4.58  4.68  4.38  4.10
STD DEV   1.82  2.14  2.19  2.32  2.27  2.14  1.94  1.86  2.19  2.19  2.11  2.11
SKEW       .64   .90   .54   .91   .71   .61   .58   .52   .70   .71   .62   .70
% NW      7.13  8.61  9.86 10.60 11.53 11.63 12.31 12.56 10.90  8.26  7.01  5.80
MEAN      3.78  3.95  4.30  4.59  4.38  4.06  3.94  3.91  4.17  4.25  3.90  4.15
STD DEV   1.85  1.92  2.20  2.15  2.12  1.96  1.96  1.83  2.08  2.11  1.86  2.07
SKEW       .95   .92   .78   .67   .74   .77   .91   .73   .77   .79   .77   .86
% NNW     2.59  2.72  3.10  3.55  3.06  2.43  3.19  2.76  3.04  1.99  2.10  2.09
MEAN      3.97  4.21  4.68  4.80  4.27  3.99  3.98  3.81  4.35  4.31  3.73  3.36
STD DEV   1.80  1.90  2.18  2.14  1.87  1.91  1.69  1.74  1.99  2.10  1.61  1.72
SKEW       .42   .81   .63   .50   .65   .45   .50   .58   .81   .50   .33   .56
CALM      9.88  8.38  8.24  6.54  7.61  7.68 10.14  9.59  9.21 10.53 10.04  9.18
 
INTERPOLATED DATA (station & weighting factor)
 
---Wind Stations---
GREAT FALLS   MT     .337  GREAT FALLS   MT     .337  SUPERIOR      MT     .327
---Solar Radiation and Max .5 P Stations---
 KALISPELL, MONTANA  .731   HAVRE, MONTANA      .269                            
---Dewpoint Stations---
MT KALISPELL         .703  MT MISSOULA          .297                            
---Time Peak Stations---
BROWNING MT          .661  SHIFT DAM MT         .339                            
