 EKALAKA MT                              242689 0
 LATT=  45.88 LONG=-104.53 YEARS= 97. TYPE= 3
 ELEVATION = 3430. TP5 = 1.85 TP6= 3.34
 MEAN P    .07   .08   .10   .18   .24   .30   .25   .23   .23   .18   .09   .07
 S DEV P   .07   .08   .13   .22   .33   .42   .30   .31   .32   .24   .12   .08
 SKEW  P  2.13  2.32  3.51  2.54  3.56  3.47  2.26  2.96  2.86  3.81  3.55  2.23
 P(W/W)    .34   .27   .34   .45   .48   .50   .34   .32   .40   .37   .38   .32
 P(W/D)    .14   .14   .17   .17   .22   .25   .18   .14   .14   .11   .12   .14
 TMAX AV 29.36 33.29 42.18 56.64 67.44 76.81 86.15 84.55 72.90 59.83 43.17 33.13
 TMIN AV  8.34 11.37 19.09 30.49 40.50 49.70 56.10 53.99 43.68 32.92 20.81 12.56
 SD TMAX 15.31 14.45 13.99 13.02 11.59 10.24  8.20  8.62 12.17 12.84 13.18 13.54
 SD TMIN 16.00 15.15 12.67  9.31  8.75  7.80  7.56  7.84  9.33  9.36 11.09 13.65
 SOL.RAD  155.  249.  376.  450.  536.  587.  623.  532.  412.  278.  168.  126.
 SD SOL   29.4  31.1  37.1  63.8  73.8  73.7  53.0 115.3  61.4  33.0  31.3  29.8
 MX .5 P   .25   .21   .35   .42   .59   .86  1.20   .87   .61   .51   .26   .20
 DEW PT   8.95 13.17 19.31 28.27 38.54 48.04 52.00 49.23 39.69 31.73 22.27 14.36
Time Pk   .680  .770  .809  .880  .885  .891  .904  .908  .914  .944  .970 1.000
% N       3.92  4.97  5.76  7.71  7.20  7.27  6.33  6.65  6.69  5.65  4.33  3.99
MEAN      4.39  4.56  5.26  5.58  5.49  4.92  4.51  4.76  4.86  4.77  5.33  4.63
STD DEV   2.14  2.30  2.76  2.50  2.45  2.27  2.03  2.03  2.34  2.10  2.64  2.08
SKEW       .77   .61   .80   .47   .53   .61   .66   .66   .65   .68   .71   .59
% NNE     3.54  3.72  4.59  4.51  4.79  4.84  5.22  4.85  4.23  3.44  2.43  2.99
MEAN      4.09  4.26  4.93  5.17  5.09  5.20  4.90  4.74  4.83  4.86  4.91  4.26
STD DEV   1.58  1.72  2.24  2.14  2.00  2.35  2.36  1.95  2.06  2.10  2.11  1.88
SKEW       .55   .87   .68   .64   .40   .84   .87   .52   .70   .72   .45   .52
% NE      3.18  3.38  4.05  5.01  6.45  6.32  6.59  6.91  4.52  3.87  2.19  2.88
MEAN      3.72  3.92  4.36  5.18  4.98  4.72  4.41  4.45  4.49  4.33  4.12  3.60
STD DEV   1.59  1.52  2.02  2.21  2.09  1.97  2.02  1.97  1.94  1.94  1.81  1.48
SKEW       .55   .55   .68   .73   .67   .57   .89   .91   .75   .83   .66   .42
% ENE     1.59  2.00  2.42  3.58  4.57  3.82  4.63  4.63  2.93  1.97   .93  1.26
MEAN      3.25  4.35  4.03  4.96  5.04  4.98  4.35  4.58  4.61  4.07  3.10  3.65
STD DEV   1.29  1.94  1.62  2.10  2.07  1.98  1.77  2.38  1.86  1.92  1.37  1.07
SKEW       .45   .49   .82   .34   .53   .15   .78   .97   .42   .54   .41   .42
% E       1.40  2.10  2.37  3.69  4.87  3.98  5.27  5.43  3.57  1.97  1.31  1.35
MEAN      3.04  3.77  4.04  4.79  4.65  4.24  4.25  3.99  4.15  3.38  3.47  3.25
STD DEV   1.23  1.52  1.88  2.20  1.92  1.92  1.94  1.76  1.79  1.45  1.39  1.23
SKEW       .50   .33   .75   .59   .45   .71   .68   .76   .58   .29   .43   .61
% ESE     1.59  1.97  3.47  3.99  5.11  4.08  4.32  4.40  3.05  2.11  1.49  1.78
MEAN      3.84  4.10  4.89  5.12  5.33  4.91  4.50  4.93  4.87  4.40  3.66  3.76
STD DEV   1.89  1.61  2.13  2.11  2.01  1.98  1.98  1.98  2.21  1.70  1.40  1.47
SKEW       .49   .37   .66   .21   .28   .48   .66   .35   .65   .38   .26   .64
% SE      5.29  6.29  6.79  7.51  8.64  7.63  9.26  8.82  7.10  6.45  5.58  5.51
MEAN      4.09  4.30  4.81  5.26  5.14  4.87  4.59  4.36  4.55  4.66  4.37  4.08
STD DEV   1.84  1.75  2.00  2.29  2.20  2.08  2.09  1.79  1.92  1.99  1.86  1.71
SKEW       .61   .58   .47   .57   .62   .65  1.20   .52   .52   .59   .60   .58
% SSE    10.07 10.82 10.70 11.40 10.26  9.90 11.38 10.93 11.34 12.45 11.57 10.84
MEAN      4.62  4.66  5.22  5.64  5.72  5.37  4.91  5.13  5.16  5.11  4.89  4.68
STD DEV   1.84  2.00  2.22  2.44  2.68  2.37  2.45  2.48  2.09  2.22  2.03  1.99
SKEW       .39   .60   .68   .63   .88   .57  1.15   .76   .46   .65   .76   .59
% S       7.31  7.37  6.57  6.32  5.88  6.25  7.05  7.18  7.95  9.29  8.91  8.16
MEAN      3.76  3.74  3.97  4.40  4.29  4.26  3.95  4.30  4.10  4.16  4.04  3.61
STD DEV   1.64  1.63  1.83  2.10  1.94  2.07  1.95  1.97  1.85  1.98  1.75  1.56
SKEW       .51   .64   .64   .74   .83   .71   .94   .72   .47   .66   .64   .84
% SSW     7.45  6.50  4.78  4.05  4.29  4.28  4.55  4.45  4.18  7.27  7.42  6.47
MEAN      4.44  3.98  4.16  4.22  4.44  4.27  4.28  4.26  3.85  4.58  4.48  4.23
STD DEV   2.24  1.83  2.00  1.77  2.13  2.01  2.12  2.21  1.87  2.34  2.25  2.23
SKEW       .63   .88   .97   .47   .63   .58   .75   .57   .62   .81   .76   .72
% SW      5.61  5.00  3.59  2.84  2.65  3.58  2.50  2.73  3.14  4.07  4.89  4.65
MEAN      4.46  3.95  3.88  4.14  4.18  3.94  3.60  3.68  3.63  4.40  4.18  4.04
STD DEV   2.30  1.71  1.68  1.91  1.89  1.99  1.69  1.70  1.96  2.88  2.19  2.34
SKEW       .93   .79   .50   .83   .85  1.32   .95   .79  1.03  1.32   .98  1.03
% WSW     7.51  6.28  4.15  3.59  3.66  4.62  3.10  3.35  4.06  5.97  6.32  6.57
MEAN      4.96  4.92  4.54  4.81  4.97  5.15  4.29  4.41  4.34  5.04  5.04  4.63
STD DEV   2.41  2.24  2.03  1.87  2.25  2.77  1.86  2.19  1.84  2.65  2.61  2.06
SKEW       .79   .74   .55   .28  1.05  1.17   .69   .87   .80   .84   .94  1.09
% W       9.53  8.60  6.28  5.51  5.70  6.44  4.85  5.34  6.79  7.72  9.98 10.84
MEAN      5.01  4.71  4.73  4.78  4.83  4.72  4.33  4.30  4.67  4.66  4.87  4.90
STD DEV   2.09  2.04  2.23  2.15  2.21  2.27  1.96  1.92  2.19  2.16  2.03  2.10
SKEW       .37   .74   .72   .66   .75   .95  1.04   .99   .72  1.03   .87   .60
% WNW    10.90 10.95 10.15  8.60  8.20  9.03  6.96  6.81  9.65  9.62 12.90 13.55
MEAN      5.72  5.56  6.18  6.38  6.21  6.01  5.35  5.14  6.14  6.22  6.36  6.30
STD DEV   2.47  2.50  3.15  3.65  3.00  2.90  2.61  2.35  3.02  3.55  2.97  2.86
SKEW       .65   .91   .91  1.38  1.00   .80   .92   .65   .78  1.31   .90   .83
% NW      8.39  8.48 10.47  9.20  8.02  7.81  7.18  7.40  9.75  8.83  9.52  8.93
MEAN      5.99  5.87  6.31  6.64  6.40  5.65  5.69  5.24  6.12  6.28  6.87  6.73
STD DEV   2.92  2.91  3.04  3.37  3.20  2.66  2.87  2.48  2.92  3.54  3.22  3.20
SKEW       .87  1.00   .79   .92   .82   .52   .71   .71   .68  1.22   .50   .45
% NNW     7.55  7.30  9.91  9.31  6.42  5.65  6.44  5.43  6.71  5.48  5.99  5.58
MEAN      6.44  5.59  6.24  6.89  6.12  5.76  5.74  5.50  6.03  6.18  6.73  6.41
STD DEV   2.95  2.61  2.94  3.17  2.83  2.67  2.67  2.71  2.71  3.22  2.99  3.03
SKEW       .53   .73   .66   .52   .52   .46   .65   .88   .39   .90   .47   .47
CALM      5.22  4.21  3.87  3.09  3.30  4.55  4.35  4.61  4.37  3.91  4.16  4.65
 
INTERPOLATED DATA (station & weighting factor)
 
---Wind Stations---
MILES CITY    MT     .421  DICKINSON/MUN.ND     .303  MOORCRAFT     WY     .276
---Solar Radiation and Max .5 P Stations---
 MILES CITY, MONTAN  .508   RAPID CITY, SOUTH   .260   WILLISTON, NORTH D  .232 
---Dewpoint Stations---
MT MILES CITY        .500  SD RAPID CITY        .272  ND WILLISTON         .228 
---Time Peak Stations---
MARMARTH M D U CO N  .401  BROADUS MT           .318  BOWMAN COURT HOUSE   .281 
