 GASTONIA NC                             313356 0
 LATT=  35.27 LONG= -81.18 YEARS= 63. TYPE= 3
 ELEVATION =  810. TP5 = 2.72 TP6= 5.78
 MEAN P    .37   .41   .43   .36   .38   .36   .37   .44   .50   .50   .35   .38
 S DEV P   .45   .48   .52   .46   .51   .47   .48   .65   .72   .75   .48   .50
 SKEW  P  1.97  1.85  2.31  2.18  2.84  2.28  2.52  3.21  2.35  2.82  2.64  2.61
 P(W/W)    .51   .50   .46   .49   .50   .51   .53   .49   .50   .49   .49   .50
 P(W/D)    .25   .26   .27   .23   .23   .25   .29   .25   .17   .15   .20   .24
 TMAX AV 52.37 55.98 64.07 73.83 81.36 87.84 89.95 88.62 83.09 73.31 62.95 53.87
 TMIN AV 32.26 33.73 40.09 48.53 57.20 65.07 68.47 67.63 61.69 49.79 40.27 33.59
 SD TMAX 10.24  9.97  9.98  8.53  7.10  5.97  5.32  5.34  7.06  7.42  9.12  9.66
 SD TMIN 10.51 10.07  9.80  8.67  7.33  5.62  3.94  4.21  7.16  8.83 10.07  9.71
 SOL.RAD  207.  282.  357.  471.  528.  566.  545.  487.  404.  322.  244.  199.
 SD SOL   44.4  51.3  70.1  75.1  85.5  84.9  85.2 183.8  82.9  48.5  38.1  37.5
 MX .5 P   .53   .39   .60   .74   .99  1.22  1.80  1.23  1.64   .65   .71   .54
 DEW PT  32.53 32.36 36.32 45.56 55.70 63.70 67.00 66.86 60.86 50.00 38.54 31.84
Time Pk   .580  .680  .726  .794  .810  .821  .845  .863  .879  .908  .942 1.000
% N       6.29  6.21  5.82  5.14  5.62  6.22  5.18  6.77  8.29  8.97  7.64  6.41
MEAN      3.52  3.67  3.85  4.08  3.60  3.34  3.19  3.38  3.44  3.62  3.57  3.64
STD DEV   1.51  1.58  1.56  1.78  1.66  1.44  1.28  1.40  1.58  1.56  1.58  1.59
SKEW       .93   .82   .64   .75  1.04   .92   .76   .87  1.32   .99   .94   .72
% NNE     5.92  6.76  6.49  4.62  5.49  5.82  4.54  7.51 10.29 11.59  6.73  6.51
MEAN      3.95  4.04  4.12  4.45  4.00  3.72  3.87  4.01  4.25  4.34  3.94  4.01
STD DEV   1.70  1.58  1.61  1.78  1.67  1.49  1.55  1.62  1.79  1.75  1.61  1.78
SKEW       .62   .73   .47   .68   .80   .52   .76   .64   .88   .54   .55   .94
% NE      6.76  7.96  6.96  4.70  6.97  6.92  6.67  8.07 11.17 10.27  6.97  7.65
MEAN      3.89  3.90  3.95  3.95  4.07  3.68  3.62  3.66  3.89  3.93  3.55  3.73
STD DEV   1.81  1.49  1.49  1.75  1.70  1.47  1.50  1.45  1.60  1.62  1.41  1.62
SKEW       .86   .53   .48  1.06   .65   .64   .68   .66   .90   .58   .65   .73
% ENE     4.43  4.73  4.32  3.25  5.13  4.81  4.18  4.36  6.82  5.39  3.42  3.47
MEAN      3.57  3.63  3.83  3.74  3.80  3.56  3.53  3.40  3.69  3.66  3.20  3.33
STD DEV   1.52  1.54  1.51  1.47  1.55  1.40  1.44  1.36  1.45  1.52  1.28  1.31
SKEW       .69   .79   .52   .58   .62   .44   .78   .75   .70   .55   .57   .53
% E       2.92  3.43  3.89  3.13  4.49  4.33  4.19  3.96  4.73  3.58  2.82  2.69
MEAN      3.04  2.98  3.28  3.43  3.31  3.14  2.98  2.96  3.07  3.03  2.88  2.71
STD DEV   1.25  1.20  1.27  1.40  1.30  1.27  1.14  1.19  1.17  1.23  1.17  1.01
SKEW       .83   .96   .62   .68   .68   .61   .77   .73   .69   .59   .89   .56
% ESE     1.92  2.48  2.42  2.82  3.28  3.57  3.20  2.88  3.20  2.32  1.80  1.79
MEAN      2.55  2.80  3.03  3.27  3.21  3.06  2.82  2.91  2.96  2.84  2.66  2.65
STD DEV    .83  1.15  1.19  1.26  1.21  1.20   .99  1.15  1.10  1.07  1.06   .82
SKEW       .35   .93   .51   .65   .69   .66   .46   .74   .69   .63   .83   .75
% SE      2.34  3.00  3.35  3.90  3.77  4.16  3.88  4.27  3.91  2.65  2.72  2.81
MEAN      2.61  2.81  2.91  3.31  3.04  2.93  2.99  2.81  2.76  2.68  2.60  2.69
STD DEV    .98  1.08  1.18  1.37  1.18  1.15  1.19  1.06  1.09  1.04  1.03  1.16
SKEW       .63   .94  1.04   .93   .89   .75   .70   .89   .88   .65   .99   .95
% SSE     2.65  3.33  3.41  5.20  4.08  3.98  4.58  4.13  3.69  3.12  3.24  3.22
MEAN      2.88  3.17  3.54  3.48  3.07  3.10  2.91  2.97  2.75  2.72  3.06  2.96
STD DEV   1.22  1.35  1.53  1.55  1.25  1.27  1.11  1.17  1.05  1.08  1.40  1.26
SKEW      1.02  1.16  1.00   .95   .82   .92   .72   .99   .95   .78  1.27  1.13
% S       6.91  6.46  7.52 10.24  8.51  7.65  8.29  7.26  5.82  5.12  6.53  6.35
MEAN      3.47  3.65  3.90  3.86  3.36  3.26  3.14  3.12  3.01  3.01  3.48  3.48
STD DEV   1.64  1.66  1.83  1.59  1.39  1.32  1.22  1.21  1.17  1.28  1.57  1.77
SKEW      1.03   .88   .95   .63   .91  1.05   .80   .81   .84   .91   .89  1.37
% SSW     9.12  7.59  8.33 11.06  8.40  7.01  8.68  5.93  4.51  4.22  6.91  7.39
MEAN      4.47  4.54  4.90  4.79  4.16  3.88  3.72  3.56  3.40  3.63  4.15  4.24
STD DEV   1.93  1.98  2.10  1.94  1.72  1.61  1.53  1.45  1.38  1.48  1.83  1.84
SKEW       .52   .57   .57   .51   .68   .67   .72   .75   .47   .66   .61   .57
% SW      9.50  8.63  9.06 10.82  9.74  9.28 10.90  7.74  5.46  5.63  7.84  9.26
MEAN      4.40  4.64  4.82  4.92  4.08  3.76  3.63  3.34  3.31  3.64  4.15  4.17
STD DEV   2.20  2.27  2.24  2.27  1.77  1.59  1.50  1.37  1.31  1.74  1.96  1.95
SKEW       .87   .84   .55   .64   .78   .71   .71   .75   .59   .86   .78   .76
% WSW     5.75  5.57  5.22  6.18  5.22  5.22  5.87  4.23  3.05  3.33  5.02  6.07
MEAN      4.21  4.35  4.67  4.73  3.97  3.63  3.58  3.30  3.25  3.47  3.88  3.98
STD DEV   2.03  2.07  2.35  2.23  1.75  1.60  1.43  1.30  1.29  1.45  1.84  1.80
SKEW       .78   .67   .76   .77   .65   .70   .67   .63   .61   .68   .75   .58
% W       4.10  4.16  4.51  4.02  4.14  4.60  4.14  3.68  2.77  2.89  4.00  4.31
MEAN      3.63  4.03  4.49  4.29  3.64  3.24  3.05  3.03  2.98  3.15  3.87  3.86
STD DEV   1.77  1.89  2.18  2.02  1.71  1.46  1.23  1.24  1.20  1.34  1.88  1.95
SKEW       .90   .78   .71   .68   .91  1.20   .74   .90   .69   .69   .86   .91
% WNW     4.81  5.15  6.12  4.55  3.95  3.73  3.31  3.65  2.66  3.23  4.71  4.38
MEAN      4.23  4.61  5.20  4.73  3.59  3.31  3.04  2.92  3.08  3.37  4.13  4.29
STD DEV   2.11  2.16  2.53  2.26  1.65  1.52  1.27  1.31  1.31  1.64  1.99  2.36
SKEW       .71   .56   .60   .56   .78  1.14  1.00  1.15   .87  1.14   .65   .98
% NW      9.28  9.32  8.76  7.88  7.05  7.37  6.62  7.70  6.81  9.32 10.43  9.36
MEAN      4.39  4.61  4.75  4.50  3.50  3.20  2.98  2.95  3.03  3.41  4.07  4.16
STD DEV   2.21  2.33  2.36  2.25  1.65  1.49  1.44  1.33  1.44  1.61  2.09  2.09
SKEW       .80   .77   .75   .73  1.12  1.34  2.18  1.51  1.58  1.24   .85   .89
% NNW     6.51  6.30  6.38  5.46  5.23  4.90  3.78  4.80  4.24  6.34  6.79  5.52
MEAN      4.26  4.14  4.47  4.35  3.65  3.23  3.08  3.11  3.23  3.42  3.98  3.89
STD DEV   2.07  1.91  2.12  2.01  1.61  1.40  1.31  1.34  1.50  1.42  1.90  1.80
SKEW       .89   .57   .67   .71   .92  1.33   .91  1.09  1.28   .97   .86   .83
CALM     10.67  8.99  7.42  7.05  8.98 10.43 12.07 13.05 12.62 12.03 12.46 12.74
 
INTERPOLATED DATA (station & weighting factor)
 
---Wind Stations---
CHARLOTTE     NC     .586  HICKORY       NC     .245  SPARTANBURG   SC     .169
---Solar Radiation and Max .5 P Stations---
 GREENSBORO, NORTH   .577   ASHEVILLE, NORTH C  .274   RALEIGH, NORTH CAR  .149 
---Dewpoint Stations---
NC CHARLOTTE         .701  SC SPARTANBURG       .161  SC GREENVILLE        .139 
---Time Peak Stations---
LOCKHART SC          .367  SHELBY 2 NC          .321  MOUNT PLEASANT NC    .312 
