 NEW BERN AIRPORT NC                     316108 0
 LATT=  35.08 LONG= -77.03 YEARS= 44. TYPE= 4
 ELEVATION =   20. TP5 = 3.09 TP6= 6.13
 MEAN P    .38   .42   .39   .37   .43   .54   .55   .57   .62   .46   .41   .40
 S DEV P   .48   .50   .47   .46   .56   .69   .72   .88  1.08   .65   .55   .58
 SKEW  P  2.58  1.97  2.42  2.10  2.82  2.88  3.27  4.16  4.05  2.71  2.52  2.84
 P(W/W)    .47   .45   .43   .38   .45   .47   .52   .53   .50   .44   .39   .41
 P(W/D)    .27   .27   .26   .23   .27   .24   .32   .29   .21   .16   .21   .23
 TMAX AV 54.74 57.65 64.28 73.64 80.28 85.86 88.72 87.63 83.22 74.74 66.26 57.63
 TMIN AV 34.02 35.77 41.81 49.96 58.96 66.43 70.86 70.14 64.61 53.31 43.15 35.87
 SD TMAX 11.55 11.32 10.43  9.03  7.36  6.12  4.79  5.00  6.15  7.49  9.45 11.09
 SD TMIN 10.03  9.89  9.24  8.61  7.13  5.61  3.98  4.20  6.37  9.23  9.83 10.44
 SOL.RAD  215.  298.  359.  451.  510.  555.  533.  464.  386.  304.  229.  194.
 SD SOL   36.7  40.7  64.4  77.5  88.2  85.5  86.1 168.7  84.4  49.7  38.4  34.5
 MX .5 P   .53   .62   .61   .61  1.17  1.68  1.43   .90  1.07   .76   .90   .80
 DEW PT  37.37 37.09 41.47 50.03 59.22 66.88 70.50 69.84 65.65 55.33 45.11 36.39
Time Pk   .514  .628  .681  .752  .775  .790  .819  .839  .857  .891  .936 1.000
% N       4.40  9.20  6.80  4.40  5.90  4.60  2.50  6.30 11.10 12.30  6.40  9.20
MEAN      4.00  4.34  4.18  4.73  3.89  3.95  3.16  3.62  3.94  4.71  4.23  4.53
STD DEV   1.64  1.74  1.73  1.78  1.52  1.59  1.17  1.79  1.49  1.88  1.71  1.68
SKEW       .40   .26   .34   .41   .09   .63   .32  1.80   .38   .06   .13   .03
% NNE     6.30  7.80  5.00  3.70  7.30  7.10  5.40  9.80 17.90 18.70  5.90  9.50
MEAN      4.49  4.55  4.41  3.99  4.05  4.06  3.96  3.83  4.43  4.51  4.08  4.73
STD DEV   1.61  1.86  1.77  1.45  1.45  1.57  1.24  1.47  1.43  1.66  1.35  1.69
SKEW      -.13   .38  1.29   .49   .27   .48  -.05   .78   .44   .40   .30   .10
% NE      5.70  6.10  5.70  5.30  6.20  6.70  5.60  7.30 10.20 11.30  3.50  5.90
MEAN      3.67  3.49  3.32  3.52  3.13  3.30  3.51  3.12  3.62  2.96  2.80  2.78
STD DEV   1.69  1.45  1.38  1.33  1.46  1.44  1.45  1.24  1.58  1.23  1.48  1.03
SKEW       .83   .49   .53   .44   .79   .65   .37   .51   .70   .88  1.49  1.06
% ENE     4.00  3.80  7.00  3.30  4.40  4.00  3.00  4.00  3.70  5.50  3.00  2.90
MEAN      3.08  3.14  3.38  3.14  3.03  3.24  3.30  3.09  2.96  3.10  2.66  2.92
STD DEV   1.20  1.06  1.23  1.14  1.26  1.23  1.29  1.21  1.00  1.27  1.04  1.10
SKEW       .63   .15   .41   .29   .65   .52   .50   .85   .41   .78   .98   .67
% E       1.90  5.40  4.10  2.00  2.90  3.90  2.50  3.40  3.00  3.60  2.60  1.70
MEAN      2.29  2.71  2.98  2.73  2.65  2.85  2.63  2.34  2.44  2.25  2.21  2.18
STD DEV    .82  1.02  1.27  1.08  1.02  1.25  1.01   .85   .88   .85   .69   .78
SKEW      1.24   .64   .74   .48   .61   .99   .70  1.29  1.02  1.36  2.12  1.68
% ESE     3.30  3.50  4.40  3.10  2.50  4.50  2.00  3.70  3.60  2.40  2.70  2.00
MEAN      2.92  2.89  3.01  3.15  2.89  3.20  3.10  3.00  2.78  2.70  2.81  2.83
STD DEV   1.30  1.05  1.16  1.04   .92  1.15  1.33  1.11   .90  1.07   .88   .98
SKEW      1.54   .62   .62   .32   .49   .69  1.03   .95   .73   .49   .48   .71
% SE      2.70  3.20  3.30  2.20  4.30  3.90  3.20  3.70  3.50  3.00  2.90  2.00
MEAN      2.64  2.63  3.28  3.37  2.91  2.85  2.98  2.50  2.51  2.47  2.78  2.36
STD DEV   1.26  1.03  1.86  1.33   .98  1.08  1.16   .89   .93   .91  1.17   .81
SKEW      1.53  1.88  1.66   .47   .43   .73   .85   .81  1.45   .92  1.41  1.47
% SSE     3.30  1.80  3.70  4.00  4.90  5.60  5.20  6.10  3.90  1.90  3.30  3.20
MEAN      4.07  3.16  4.38  3.89  3.43  3.40  3.30  3.61  3.25  2.97  3.92  4.94
STD DEV   2.52  1.40  2.02  1.63  1.27  1.21  1.32  1.57  1.26   .99  1.41  2.27
SKEW      1.63  1.59   .32   .59   .50   .23   .75  1.24   .68   .38   .56   .39
% S       6.80  4.60  5.30 11.20  9.80 11.60 14.90 13.40  7.30  3.80  7.00  5.40
MEAN      3.97  4.47  4.82  4.40  3.81  3.86  3.69  3.42  3.52  3.73  3.63  3.69
STD DEV   1.49  2.22  2.21  1.91  1.53  1.61  1.49  1.43  1.43  1.65  1.61  1.68
SKEW       .22   .62   .72   .55   .36   .60   .61  1.15   .77   .79   .96  1.01
% SSW    16.10  9.60  9.90 16.00 10.70 12.10 14.00 10.00  6.50  3.60  9.50  7.40
MEAN      4.82  5.38  5.85  5.45  4.82  4.13  4.02  3.88  4.00  3.92  4.69  4.44
STD DEV   1.63  2.05  2.11  1.86  1.64  1.39  1.22  1.34  1.31  1.28  1.66  1.88
SKEW       .33   .73   .75   .26   .50   .32   .08   .49   .10   .11   .43   .98
% SW     11.30  9.00  8.60 11.30 11.40 11.00 16.30 10.30  6.90  6.70 12.00  8.50
MEAN      4.19  4.26  4.80  4.63  4.14  3.70  3.63  3.26  3.54  3.26  3.74  3.64
STD DEV   1.88  1.65  2.12  1.80  1.54  1.48  1.38  1.18  1.31  1.24  1.65  1.93
SKEW       .97   .84   .68   .63   .21   .49   .36   .15   .25   .89   .89  1.37
% WSW     8.70  6.90  5.20  7.40  6.00  4.90  8.50  4.20  3.70  2.40  6.30  7.50
MEAN      4.68  4.63  5.04  5.04  4.40  4.13  3.83  3.43  3.55  3.54  4.29  3.98
STD DEV   2.06  2.14  2.29  2.12  1.62  1.64  1.42  1.24  1.19  1.45  2.03  1.67
SKEW       .64  1.08   .65   .50   .39   .47   .23   .30   .30   .50   .64   .76
% W       6.80  4.90  5.80  5.80  4.50  3.40  3.40  3.30  2.50  2.00  6.30  6.90
MEAN      3.90  4.11  4.50  4.98  3.99  3.86  3.45  3.08  3.41  2.87  3.57  3.58
STD DEV   1.79  1.93  2.22  2.13  1.70  1.58  1.28  1.35  1.34  1.35  1.94  1.58
SKEW       .58  1.06   .55   .43   .34   .75   .36   .58   .33   .97  1.21   .81
% WNW     5.90  6.20  7.60  6.30  4.00  3.60  1.80  1.70  2.00  2.10  6.90  5.40
MEAN      4.47  5.41  5.62  4.99  4.18  3.92  3.01  3.59  3.52  3.43  4.93  4.53
STD DEV   1.93  2.22  2.25  1.76  1.49  1.45   .96  1.54  1.20  1.29  1.81  1.94
SKEW       .37   .46   .18   .21   .26   .31   .17   .61  -.19   .55   .05   .15
% NW      5.30  6.70  6.90  6.10  4.00  3.00  2.70  3.20  4.10  5.40  8.00  7.80
MEAN      4.61  4.66  4.58  4.31  3.70  3.35  2.64  2.81  2.71  3.46  3.78  3.88
STD DEV   2.15  2.18  2.12  1.92  1.56  1.67  1.12  1.35  1.24  1.62  1.69  1.72
SKEW       .37   .60   .74   .80   .29   .93   .97  1.16  1.25   .82   .69   .55
% NNW     3.30  6.20  6.30  4.00  4.10  2.40  1.70  2.30  3.20  6.70  5.10  5.40
MEAN      4.89  5.13  5.17  5.17  4.06  3.63  2.94  3.45  3.33  4.80  4.54  4.73
STD DEV   1.70  1.88  2.04  1.69  1.53  1.50  1.17  1.49  1.31  1.80  1.61  1.75
SKEW      -.02   .18   .33   .36   .02   .68   .75   .18   .28   .13   .13   .14
CALM      4.40  5.10  4.40  3.80  7.10  7.60  7.40  7.10  6.90  8.50  8.40  9.50
 
INTERPOLATED DATA (station & weighting factor)
 
---Wind Stations---
NEW BERN      NC    1.000  CHERRY POINT  NC     .000  JACKSONVILLE  NC     .000
---Solar Radiation and Max .5 P Stations---
 RALEIGH, NORTH CAR  .544   NORFOLK, VIRGINIA   .456                            
---Dewpoint Stations---
NC WILMINGTON        .380  NC CAPE HATTERAS     .339  NC RALEIGH           .281 
---Time Peak Stations---
HOBUCKEN BRIDGE NC   .445  MOREHEAD CITY NC     .376  WILSON NC            .179 
