 OXFORD EXP STA NC                       316507 0
 LATT=  36.28 LONG= -78.62 YEARS= 44. TYPE= 3
 ELEVATION =  500. TP5 = 2.93 TP6= 5.82
 MEAN P    .36   .40   .39   .36   .39   .44   .48   .49   .49   .45   .38   .35
 S DEV P   .43   .43   .45   .47   .48   .59   .63   .64   .63   .61   .54   .40
 SKEW  P  2.51  1.63  1.90  4.19  2.14  2.86  3.03  2.98  2.51  2.08  3.44  2.16
 P(W/W)    .46   .44   .44   .41   .48   .43   .47   .43   .45   .46   .45   .46
 P(W/D)    .24   .25   .26   .22   .25   .23   .23   .23   .16   .16   .21   .21
 TMAX AV 50.23 53.75 61.96 72.21 79.49 85.88 89.18 87.40 81.99 72.17 62.41 52.75
 TMIN AV 29.85 31.64 37.91 46.62 55.52 63.14 67.09 66.14 59.57 48.25 39.20 31.79
 SD TMAX 11.01 10.83 10.62  9.29  7.42  6.14  5.15  5.64  7.15  8.24  9.74 10.61
 SD TMIN 10.31  9.91  9.63  8.95  7.33  5.79  4.35  4.75  7.29  9.29  9.87 10.22
 SOL.RAD  234.  296.  357.  467.  507.  567.  536.  476.  385.  308.  235.  197.
 SD SOL   30.4  41.4  64.4  71.5  88.0  80.6  83.9 156.6  84.1  48.2  36.4  33.6
 MX .5 P   .52   .50   .66   .50   .88  1.90  1.26  1.05  1.01   .84   .77   .92
 DEW PT  30.52 30.13 34.39 44.39 55.56 63.56 67.56 66.74 60.56 49.31 37.74 29.56
Time Pk   .625  .718  .766  .817  .835  .844  .862  .875  .893  .919  .958 1.000
% N       5.36  6.07  5.56  5.16  5.07  5.27  4.07  5.86  8.63 10.11  6.29  5.93
MEAN      4.06  4.09  4.13  4.64  3.91  3.69  3.48  3.43  3.82  4.17  3.76  3.79
STD DEV   1.87  1.75  1.71  1.94  1.53  1.54  1.42  1.36  1.65  1.74  1.68  1.50
SKEW       .69   .59   .75   .70   .66   .84   .81   .71   .93   .68   .79   .69
% NNE     4.35  5.55  4.35  4.03  5.29  5.06  3.95  5.48  9.17 10.04  5.48  5.28
MEAN      4.38  4.33  4.36  4.57  4.33  4.22  3.99  4.05  4.26  4.51  4.42  4.14
STD DEV   1.84  1.59  1.69  1.78  1.61  1.67  1.55  1.60  1.69  1.76  1.84  1.77
SKEW       .63   .13   .36   .43   .47   .48   .33   .52   .58   .51   .67   .84
% NE      6.26  7.17  6.72  4.99  7.89  8.15  7.13  8.90 10.98 10.44  5.54  6.32
MEAN      4.28  4.21  4.32  4.08  4.16  4.14  3.85  3.89  4.05  4.20  3.95  3.90
STD DEV   1.83  1.65  1.58  1.63  1.72  1.76  1.66  1.65  1.63  1.71  1.68  1.69
SKEW       .78   .45   .35   .56   .54   .81   .64   .70   .55   .66   .82   .89
% ENE     3.06  4.22  4.44  3.48  4.61  4.72  3.90  4.82  5.06  4.21  2.61  2.64
MEAN      3.69  3.86  4.17  4.15  3.88  3.81  3.70  3.74  3.84  3.82  3.49  3.57
STD DEV   1.46  1.59  1.60  1.65  1.45  1.49  1.52  1.54  1.43  1.46  1.59  1.42
SKEW       .59   .66   .29   .55   .46   .64   .69   .65   .38   .47   .84   .71
% E       2.53  3.24  3.87  3.16  4.13  4.48  3.99  4.89  5.27  3.84  2.91  2.45
MEAN      3.09  3.58  3.64  3.73  3.35  3.52  3.53  3.28  3.44  3.34  3.11  3.07
STD DEV   1.11  1.36  1.40  1.46  1.32  1.47  1.53  1.28  1.26  1.30  1.10  1.10
SKEW       .60   .74   .78   .70   .72   .92  1.01   .85   .52   .75   .76   .63
% ESE     1.76  2.71  2.80  2.88  3.27  3.12  2.79  3.06  3.25  2.36  2.10  1.60
MEAN      3.15  3.54  3.81  3.55  3.28  3.30  3.07  3.22  3.31  3.28  3.01  3.48
STD DEV   1.28  1.25  1.56  1.30  1.34  1.22   .98  1.24  1.28  1.18  1.03  1.70
SKEW      1.13   .50   .77   .44   .91   .82   .53   .56   .79   .90   .60  1.09
% SE      1.98  2.57  2.81  3.13  3.42  3.91  3.54  3.82  3.63  2.25  2.60  1.87
MEAN      3.28  3.68  3.82  3.78  3.23  3.49  3.17  3.04  3.18  3.02  3.46  3.19
STD DEV   1.34  1.63  1.54  1.66  1.22  1.44  1.11  1.14  1.19  1.08  1.29  1.28
SKEW       .96   .92   .68   .86   .69   .79   .68   .78   .92   .49   .74   .80
% SSE     2.14  2.74  3.27  4.43  3.78  4.06  3.72  3.76  3.30  2.28  2.51  2.31
MEAN      3.49  3.83  4.09  4.24  3.61  3.67  3.43  3.36  3.38  3.07  3.65  3.71
STD DEV   1.40  1.86  1.77  1.78  1.31  1.41  1.37  1.29  1.28  1.15  1.51  1.48
SKEW       .77  1.27   .82   .59   .49   .60   .92   .77   .91   .62   .65   .65
% S       5.82  5.34  6.01  8.46  7.73  8.06  9.30  7.88  6.03  4.23  6.02  6.12
MEAN      3.83  3.94  4.10  4.24  3.67  3.61  3.56  3.37  3.36  3.37  3.79  3.96
STD DEV   1.60  1.77  1.78  1.66  1.43  1.40  1.40  1.26  1.21  1.30  1.62  1.78
SKEW       .82   .93   .77   .59   .77   .70   .74   .62   .62   .91   .92   .87
% SSW    12.03  8.65  9.16 13.13  9.76  8.81 12.15  8.50  6.33  6.32  8.31  8.73
MEAN      4.33  4.43  4.79  4.65  3.96  3.69  3.75  3.57  3.57  3.46  4.02  3.93
STD DEV   1.84  1.81  2.19  1.84  1.61  1.39  1.39  1.32  1.33  1.36  1.71  1.73
SKEW       .84   .56   .95   .69   .68   .61   .66   .69   .64   .89   .83   .89
% SW     14.08 10.44  9.87 12.24 11.04 11.32 14.59 10.40  7.68  7.32  9.90 11.47
MEAN      4.23  4.32  4.72  4.63  3.86  3.82  3.63  3.39  3.37  3.44  3.74  3.83
STD DEV   1.96  1.87  2.13  1.98  1.57  1.50  1.35  1.28  1.34  1.42  1.71  1.67
SKEW      1.07   .85   .94   .67   .74   .62   .67   .66   .89  1.04  1.13  1.06
% WSW     5.77  5.69  5.71  5.57  5.88  5.56  5.68  4.01  3.03  3.30  5.33  6.32
MEAN      3.89  4.01  4.38  4.53  3.81  3.56  3.53  3.32  3.30  3.34  3.65  3.73
STD DEV   1.82  1.76  1.97  1.95  1.61  1.39  1.33  1.28  1.32  1.37  1.58  1.64
SKEW      1.05   .85   .82   .77   .85   .64   .86   .65   .68   .95  1.06   .88
% W       5.55  5.85  6.41  5.48  4.75  4.84  4.65  4.16  3.43  4.37  6.29  6.07
MEAN      3.93  4.19  4.56  4.42  3.65  3.48  3.22  3.35  3.20  3.20  3.76  3.84
STD DEV   1.80  1.84  1.95  2.00  1.56  1.41  1.17  1.33  1.23  1.34  1.74  1.66
SKEW       .80   .62   .59   .59   .85   .65   .74   .79   .86   .96   .97   .73
% WNW     7.22  7.32  9.05  5.94  4.23  3.46  2.95  2.72  2.26  3.47  6.56  6.82
MEAN      4.90  5.04  5.34  4.98  4.01  3.79  3.30  3.49  3.40  3.59  4.46  4.48
STD DEV   2.07  2.22  2.28  2.04  1.71  1.62  1.27  1.43  1.44  1.45  2.07  2.01
SKEW       .50   .48   .37   .29   .61   .71   .70   .87   .57   .72   .73   .53
% NW      8.11  9.21  8.48  6.58  5.62  4.43  3.43  4.13  4.31  5.75  8.06  8.30
MEAN      4.88  4.89  5.20  4.94  4.03  3.86  3.51  3.31  3.53  3.92  4.35  4.48
STD DEV   2.09  2.16  2.28  2.07  1.68  1.70  1.64  1.47  1.41  1.63  1.92  2.04
SKEW       .49   .74   .64   .42   .64   .81  1.15  1.01   .66   .69   .67   .67
% NNW     4.78  5.55  5.32  4.26  3.52  3.29  2.50  2.92  3.66  4.97  5.10  5.22
MEAN      4.46  4.47  4.56  4.77  4.20  3.68  3.39  3.39  3.83  4.06  4.24  4.19
STD DEV   1.93  1.86  2.09  1.89  1.62  1.49  1.36  1.28  1.70  1.65  1.79  1.73
SKEW       .63   .48   .82   .43   .51   .70  1.16   .80  1.26   .77   .60   .60
CALM      9.18  7.75  6.16  7.08  9.96 11.53 11.78 14.68 14.00 14.82 14.35 12.56
 
INTERPOLATED DATA (station & weighting factor)
 
---Wind Stations---
RALEIGH/R-D.  NC     .439  DANVILLE      VA     .299  ROCKY MOUNT   NC     .262
---Solar Radiation and Max .5 P Stations---
 RALEIGH, NORTH CAR  .669   RICHMOND, VIRGINIA  .182   GREENSBORO, NORTH   .149 
---Dewpoint Stations---
NC RALEIGH           .565  NC GREENSBORO        .258  VA RICHMOND          .177 
---Time Peak Stations---
FRANKLINTON NC       .533  BUGGS ISLAND DAM VA  .288  BURLINGTON 3 NNE NC  .180 
