 TARBORO NC                              318500 0
 LATT=  35.90 LONG= -77.53 YEARS= 44. TYPE= 4
 ELEVATION =   50. TP5 = 3.08 TP6= 6.07
 MEAN P    .36   .39   .38   .37   .38   .50   .45   .55   .54   .39   .37   .34
 S DEV P   .44   .43   .44   .42   .51   .61   .54   .71   .82   .60   .46   .43
 SKEW  P  2.59  1.71  2.23  1.81  3.39  2.18  2.79  2.36  3.19  3.30  2.13  2.47
 P(W/W)    .49   .43   .43   .40   .45   .40   .48   .45   .45   .45   .42   .42
 P(W/D)    .27   .28   .29   .22   .26   .24   .28   .28   .19   .18   .20   .24
 TMAX AV 52.47 55.29 63.45 73.94 81.08 87.34 90.46 89.03 83.85 74.03 64.44 54.91
 TMIN AV 30.04 31.98 38.52 47.00 56.09 63.67 68.15 67.14 60.77 48.96 39.12 31.83
 SD TMAX 11.46 11.22 11.02  9.73  7.51  6.13  4.91  5.38  6.77  7.91  9.76 10.96
 SD TMIN 10.17  9.97  9.65  9.42  7.74  6.45  4.79  5.08  7.50  9.90 10.03 10.40
 SOL.RAD  222.  301.  363.  461.  514.  557.  531.  470.  388.  309.  238.  199.
 SD SOL   36.1  41.4  64.1  74.7  86.6  84.4  86.3 164.5  84.3  49.5  37.2  34.7
 MX .5 P   .53   .60   .63   .59  1.16  1.84  1.41   .99  1.07   .85   .90   .82
 DEW PT  33.75 33.29 37.54 46.75 57.00 65.00 68.75 68.04 63.08 52.36 41.15 32.61
Time Pk   .569  .675  .725  .791  .816  .830  .856  .871  .882  .913  .947 1.000
% N       7.19  5.69  4.96  6.59  4.16  4.41  3.02  4.82  7.16  8.06  5.68  5.79
MEAN      4.85  4.24  3.96  4.87  3.77  3.61  3.26  5.20  4.55  4.04  4.04  4.23
STD DEV   2.35  2.00  1.75  2.06  1.44  1.58  1.50  1.00  1.43  1.71  2.02  1.82
SKEW       .65   .47   .70   .17   .17   .60   .69   .72   .82   .51   .76   .49
% NNE     4.81  6.70  4.72  4.57  5.23  5.23  3.40  5.34  9.38  8.96  6.69  6.07
MEAN      4.38  4.40  4.66  4.95  4.05  4.53  4.04  5.14  7.36  4.41  4.33  4.66
STD DEV   1.92  1.74  1.79  2.21  1.72  2.02  1.57  2.67  3.06  1.36  1.72  2.27
SKEW       .58   .36   .27   .63   .43   .41   .14   .57   .12   .32   .37   .98
% NE      8.54  8.95  8.19  5.76 10.17 10.67  8.50 11.75 12.15 14.28  6.67  8.69
MEAN      4.23  4.14  4.29  4.15  4.30  4.30  3.80  4.12  4.10  4.42  4.14  3.75
STD DEV   1.99  1.66  1.64  2.17  1.96  2.09  1.66  2.24  1.81  1.87  1.76  1.77
SKEW       .67   .17   .24   .80   .71   .74   .55  1.02   .60   .60   .53   .73
% ENE     3.08  4.63  4.68  3.59  4.84  3.76  4.38  5.57  5.72  3.77  2.00  2.26
MEAN      3.10  3.69  4.13  3.66  3.87  4.05  3.76  4.20  4.13  3.78  3.15  3.08
STD DEV   1.27  1.53  1.44  1.57  1.42  1.80  1.67  1.82  2.02  1.43  1.29  1.46
SKEW       .47   .23   .40   .49   .69   .38   .51   .47   .99   .40   .61   .57
% E       2.23  2.98  3.34  2.33  3.85  3.32  3.59  5.99  5.78  4.27  2.23  1.54
MEAN      2.67  3.06  3.37  3.19  2.93  3.39  3.47  3.40  3.35  3.13  2.60  2.50
STD DEV   1.04  1.20  1.71  1.44  1.16  1.58  1.79  1.80  1.44  1.56   .96  1.28
SKEW       .27   .57  1.19   .42   .74   .54   .94  1.02   .59  1.25   .63   .72
% ESE     1.37  2.11  2.40  2.22  2.25  2.63  2.90  2.35  3.17  1.60  1.52   .67
MEAN      2.90  3.34  3.20  3.17  3.07  3.20  2.98  3.09  3.32  2.81  2.87  2.63
STD DEV    .86   .88  1.32   .91  1.23  1.24   .99   .90  1.41   .82  1.16  1.33
SKEW       .62   .21   .53   .25  1.24   .69   .45   .52   .86   .38   .48   .56
% SE      2.26  3.23  3.07  2.87  3.48  4.67  3.33  5.37  3.79  2.88  2.42  1.75
MEAN      2.65  3.30  3.99  3.32  2.75  3.51  3.13  3.11  2.87  2.71  3.52  3.27
STD DEV   1.18  1.43  1.89  1.40  1.18  1.62  1.63  1.94  1.04  1.15  1.66  1.16
SKEW      1.03   .60   .63   .83   .74   .59   .82  1.60   .49   .79   .83   .40
% SSE     2.09  3.68  3.78  5.01  3.49  4.67  3.60  4.21  3.16  2.16  2.47  2.45
MEAN      3.58  3.58  3.90  4.08  3.55  3.68  3.32  3.69  3.09  2.84  3.65  4.11
STD DEV   1.04  1.65  1.94  1.83  1.52  1.51  1.29  1.22  1.23   .88  1.54  1.55
SKEW       .65   .99   .82   .36   .75   .56   .41   .74   .57   .29   .48   .44
% S       5.49  5.78  4.65  7.78  5.89  6.91  7.20  6.66  5.78  4.57  4.64  5.55
MEAN      3.17  3.58  3.95  4.27  3.47  3.50  3.36  3.69  3.15  3.14  3.33  3.79
STD DEV   1.32  1.64  1.88  1.81  1.47  1.51  1.44  1.67  1.28  1.29  1.34  2.16
SKEW       .70   .58   .59   .43   .37   .44   .73   .68   .55   .37   .56   .99
% SSW     8.36  8.33  8.71 13.71  9.37  9.20 12.43  9.67  5.94  6.00  6.36  6.94
MEAN      4.02  4.40  4.98  4.52  4.10  3.58  3.75  3.67  3.56  3.38  3.81  3.87
STD DEV   1.60  1.78  2.37  1.79  1.71  1.30  1.49  1.37  1.09  1.38  1.59  1.89
SKEW       .43   .37   .98   .48   .49   .54   .63   .49   .26   .89   .60   .63
% SW     12.91 10.03 11.08 13.77 13.28 13.62 17.89  9.88  6.95  6.57 10.64 10.20
MEAN      4.49  4.57  5.08  4.77  4.06  3.89  3.84  3.60  3.50  3.61  3.69  3.89
STD DEV   2.10  2.64  2.35  2.16  1.55  1.63  1.55  1.56  1.44  1.65  1.87  1.88
SKEW       .58  1.22   .43   .40   .46   .44   .46   .56   .51   .69   .95   .84
% WSW     6.06  5.46  6.62  5.51  7.65  5.62  7.34  3.57  3.40  2.43  4.85  6.93
MEAN      4.48  4.59  5.11  4.61  4.25  3.62  3.77  3.47  3.20  3.89  3.93  4.24
STD DEV   1.82  1.87  2.24  2.07  1.59  1.49  1.51  1.31  1.27  1.26  1.71  1.76
SKEW       .54   .87   .63   .71   .34   .67   .49   .12   .62   .49   .74   .87
% W       4.96  3.65  5.90  4.54  3.86  4.23  3.97  3.59  2.80  3.87  5.46  5.03
MEAN      3.46  3.67  4.70  4.13  3.93  3.36  3.04  3.15  2.98  3.15  3.71  3.51
STD DEV   1.74  1.77  2.39  1.93  1.72  1.46  1.37  1.34  1.26  1.57  1.90  1.63
SKEW       .74   .54   .85   .73   .65   .45   .56   .60   .71   .96   .87   .67
% WNW     6.34  6.19  8.97  5.51  3.66  3.24  2.47  2.35  2.05  2.33  5.95  6.18
MEAN      4.70  4.97  4.85  4.76  4.49  3.59  3.27  3.45  3.66  3.46  4.24  4.26
STD DEV   1.76  2.03  2.20  1.89  2.04  1.81  1.41  1.52  1.67  1.01  2.06  1.89
SKEW       .27   .27   .70   .19   .53   .57   .78  1.20   .51   .37   .49   .29
% NW      6.82  7.36  6.19  3.88  3.89  2.89  2.14  2.43  3.45  4.90  7.19  8.03
MEAN      4.74  4.73  5.02  4.55  3.84  3.70  3.53  2.75  4.36  3.51  4.07  4.13
STD DEV   2.24  1.94  2.30  1.95  1.79  1.82  1.24  1.26  2.15  1.61  1.73  1.86
SKEW       .36   .42   .39   .34   .50   .58  1.06   .98   .70   .74   .51   .53
% NNW     5.76  5.32  5.25  4.43  3.26  2.82  1.86  1.99  3.54  4.35  6.09  5.49
MEAN      4.90  4.71  4.77  4.85  4.21  3.68  3.31  2.70  5.14  3.91  4.24  4.47
STD DEV   2.38  2.20  1.73  1.78  1.81  1.84  1.29   .74  1.05  1.28  2.09  2.15
SKEW       .51   .49   .43   .29   .43   .77   .95   .75   .49   .47   .76   .62
CALM     11.82  9.86  7.46  7.89 11.60 12.03 12.06 14.42 15.78 19.24 19.22 16.68
 
INTERPOLATED DATA (station & weighting factor)
 
---Wind Stations---
ROCKY MOUNT   NC     .644  KINSTON/STALL.NC     .229  WEEKSVILLE    NC     .126
---Solar Radiation and Max .5 P Stations---
 RALEIGH, NORTH CAR  .509   NORFOLK, VIRGINIA   .350   CHARLESTON, SOUTH   .141 
---Dewpoint Stations---
NC RALEIGH           .463  VA NORFOLK           .286  NC WILMINGTON        .251 
---Time Peak Stations---
GREENVILLE NC        .409  WILSON NC            .355  ROANOKE RAPIDS NC    .236 
