 LEEDS ND                                325078 0
 LATT=  48.28 LONG= -99.43 YEARS= 45. TYPE= 3
 ELEVATION = 1520. TP5 = 2.14 TP6= 3.70
 MEAN P    .14   .13   .18   .25   .27   .31   .32   .26   .25   .22   .16   .15
 S DEV P   .17   .13   .28   .31   .31   .42   .39   .34   .32   .30   .21   .14
 SKEW  P  3.36  2.43  6.25  3.92  2.23  2.54  2.54  2.34  2.47  2.63  3.67  1.83
 P(W/W)    .29   .21   .30   .36   .45   .44   .32   .35   .41   .30   .33   .19
 P(W/D)    .13   .10   .12   .14   .18   .24   .23   .21   .17   .13   .11   .12
 TMAX AV 13.63 20.76 32.44 51.79 67.19 75.93 81.57 80.94 68.71 55.78 34.68 19.91
 TMIN AV -4.35  1.89 12.68 28.65 40.45 50.54 54.96 52.23 42.02 31.35 16.61  3.27
 SD TMAX 15.46 14.04 12.83 13.55 12.24  8.97  7.42  9.12 11.79 12.54 13.04 13.59
 SD TMIN 15.99 15.74 14.15  9.18  8.84  7.12  6.19  7.03  8.22  8.95 11.74 14.47
 SOL.RAD  164.  257.  368.  456.  545.  589.  610.  523.  402.  283.  172.  133.
 SD SOL   28.5  30.5  42.6  65.6  74.6  76.9  60.0 136.5  68.0  33.8  32.2  29.6
 MX .5 P   .06   .06   .14   .27   .62   .63  1.01   .85   .79   .31   .06   .10
 DEW PT  -3.25  3.39 14.11 29.32 39.40 50.56 56.44 55.24 44.64 34.64 19.32  5.63
Time Pk   .655  .755  .809  .856  .863  .871  .893  .899  .903  .928  .958 1.000
% N       5.92  5.29  6.63  7.82  6.79  4.37  4.41  4.28  4.31  3.85  4.05  4.56
MEAN      6.44  5.56  6.75  6.83  6.82  5.81  4.60  4.64  5.15  6.17  5.29  5.63
STD DEV   3.22  2.81  3.80  3.13  3.16  2.67  2.10  2.10  2.33  2.80  2.73  2.96
SKEW       .42   .71  1.18   .35   .51   .52   .57   .45   .38   .07   .64   .69
% NNE     3.90  2.52  4.40  5.46  6.74  4.83  4.35  4.29  4.59  6.19  2.57  2.84
MEAN      5.75  5.51  6.47  6.53  6.02  5.54  5.01  4.92  5.23  6.29  4.72  5.56
STD DEV   2.90  2.72  3.45  2.84  2.63  2.88  2.17  2.11  2.42  2.50  2.41  2.72
SKEW       .72   .60   .85   .37   .42   .94   .61   .67   .58   .16   .66   .41
% NE      2.12  2.19  2.93  2.78  4.44  3.93  3.83  3.86  2.47  2.36  1.56  2.10
MEAN      4.70  4.34  5.47  4.94  5.31  4.87  4.10  4.20  4.31  4.74  3.42  4.09
STD DEV   2.62  1.83  3.16  2.38  2.42  2.27  1.90  2.06  2.01  2.30  1.60  1.85
SKEW       .93   .31   .67   .61   .64   .58   .91   .56   .65   .44   .71   .44
% ENE     1.80  3.26  2.88  4.17  5.65  3.67  3.27  4.32  3.08  1.93  1.84  3.00
MEAN      5.13  5.23  5.94  6.09  5.21  5.43  4.60  4.57  4.72  5.21  4.16  5.00
STD DEV   2.41  2.42  2.96  2.67  2.02  2.62  1.89  1.93  1.79  1.93  1.80  2.08
SKEW       .20   .34   .73   .35   .45   .72   .54   .61   .41  -.14   .20   .47
% E       1.82  2.78  2.46  2.97  4.02  3.01  3.08  3.37  2.69  1.43  2.33  2.18
MEAN      3.95  4.23  4.51  5.61  4.43  4.35  4.11  3.91  4.16  3.91  3.82  4.48
STD DEV   2.11  1.86  1.94  2.73  1.91  2.22  1.78  1.84  2.00  1.37  1.71  2.22
SKEW       .68   .24   .08   .46   .46   .84   .22   .67   .59   .33   .46   .44
% ESE     3.29  4.66  5.63  5.30  7.61  5.57  5.12  7.80  4.71  3.15  3.80  4.21
MEAN      4.95  5.26  5.79  5.96  5.63  5.56  4.88  4.41  4.56  5.32  4.85  4.86
STD DEV   2.37  2.24  2.40  2.76  2.42  2.34  2.10  1.82  2.07  2.06  2.11  2.47
SKEW       .27   .40   .41   .60   .45   .35   .42   .51   .51   .55   .34  1.03
% SE      4.22  4.86  5.69  4.50  6.12  6.06  5.97  7.12  4.94  4.00  2.78  4.89
MEAN      4.83  4.88  6.01  5.64  5.77  5.23  4.22  4.34  4.43  5.28  4.35  4.74
STD DEV   2.22  2.51  2.62  2.84  2.72  2.60  2.21  2.05  2.21  3.04  2.01  2.54
SKEW       .42   .61   .41   .67   .39   .73  1.21   .73   .66   .81   .48   .76
% SSE     5.62  8.13  7.43  9.54  8.68  8.32  8.89 11.37  8.29  8.75  6.06  7.15
MEAN      6.09  6.33  6.15  6.67  6.64  6.05  5.48  5.35  6.11  6.58  6.19  5.63
STD DEV   2.71  2.71  2.54  2.67  2.72  2.64  2.31  2.05  2.66  2.84  2.73  2.66
SKEW       .46   .23   .39   .24   .23   .60   .60   .55   .36   .58   .49   .75
% S       6.81  7.79  6.14  7.83  5.76  5.49  7.37  7.81  6.28  7.82  5.74  7.01
MEAN      5.39  5.10  5.55  6.30  5.73  5.18  5.05  5.26  5.37  6.31  5.85  5.21
STD DEV   2.59  2.55  3.04  2.89  2.71  2.54  2.51  2.72  2.78  2.89  2.81  2.53
SKEW       .71   .54  1.67   .58   .62   .75   .71   .61   .49   .60   .41   .56
% SSW     5.50  4.78  4.82  5.67  6.73  7.11  9.16  6.73  6.63  8.76  7.89  5.26
MEAN      4.91  5.24  5.32  6.33  5.62  5.53  5.07  5.52  5.47  5.67  5.21  5.03
STD DEV   2.28  2.23  2.11  2.88  2.47  2.47  2.24  3.13  2.71  2.44  2.23  2.20
SKEW       .52   .24   .32   .66   .45   .66   .47  1.77   .78   .50   .50   .49
% SW      4.95  5.19  4.84  3.77  4.65  6.43  5.62  4.46  5.73  6.72  5.73  6.17
MEAN      4.44  4.22  4.39  5.12  4.74  5.07  3.82  3.84  4.32  4.86  4.36  4.11
STD DEV   2.15  2.09  1.98  2.42  2.05  2.69  1.87  1.82  2.10  2.32  1.98  1.85
SKEW       .59   .60   .45   .61   .57  1.14   .95   .89   .60   .50  1.16   .50
% WSW     5.48  5.25  4.23  4.05  3.75  7.98  5.93  4.58  7.03  7.98  5.70  6.02
MEAN      5.36  5.67  4.82  5.78  5.38  6.24  4.55  4.79  5.74  5.46  5.09  4.71
STD DEV   2.58  2.62  2.26  2.51  2.54  2.99  2.10  2.32  2.64  2.60  2.12  1.99
SKEW       .43   .48   .88   .71   .57   .90  1.10   .62   .64   .93   .33   .50
% W       6.77  5.53  5.63  3.63  3.44  5.21  4.57  4.04  5.62  5.51  5.99  6.83
MEAN      5.45  5.22  5.03  5.70  5.15  5.69  4.64  4.25  4.83  5.72  5.21  4.98
STD DEV   2.64  2.64  2.40  2.79  2.55  2.70  2.09  2.07  2.72  3.25  2.34  2.44
SKEW       .60   .52   .81   .43   .66   .58   .47   .85   .99   .68   .57   .70
% WNW    10.31  8.95  8.29  6.45  6.59  9.36  7.96  6.78 10.82 10.96 13.12 11.19
MEAN      7.08  6.98  6.34  7.51  6.91  6.84  5.73  5.64  6.84  6.87  6.61  6.42
STD DEV   2.86  3.09  2.56  4.19  3.11  3.02  2.63  2.68  3.08  3.18  2.96  2.70
SKEW       .47  1.07   .30  1.61   .54   .65   .68   .80   .49   .84  1.34   .57
% NW     12.45 14.24 12.76 10.80  8.01  7.71  9.68  7.68 11.01  9.91 14.83 13.54
MEAN      6.99  6.83  6.43  7.30  6.67  5.89  5.38  4.96  5.98  6.75  7.49  6.63
STD DEV   3.32  3.42  3.14  3.69  3.48  2.91  2.65  2.36  3.00  3.06  3.63  3.25
SKEW       .47   .76   .62   .65   .93   .48   .94   .64   .72   .54   .68   .52
% NNW    17.62 13.20 14.08 14.37  9.74  9.00  8.29  9.38  9.98  8.98 14.37 11.65
MEAN      7.69  7.18  7.58  7.87  7.19  6.46  5.75  5.86  6.16  7.28  7.49  6.81
STD DEV   3.19  3.02  3.59  3.17  3.11  2.73  2.45  2.36  2.58  2.99  3.33  3.06
SKEW       .26   .26   .91   .23   .64   .34   .57   .34   .45   .28   .59   .45
CALM      1.55  1.38  1.12   .81  1.28  1.90  2.55  2.15  1.73  1.68  1.62  1.41
 
INTERPOLATED DATA (station & weighting factor)
 
---Wind Stations---
MINOT         ND     .382  JAMESTOWN     ND     .323  PEMBINA       ND     .296
---Solar Radiation and Max .5 P Stations---
 BISMARCK, NORTH DA  .737   RAPID CITY, SOUTH   .263                            
---Dewpoint Stations---
ND DEVILS LAKE       .800  ND WILLISTON         .118  MN INTERNATIONAL FA  .082 
---Time Peak Stations---
ROLETTE ND           .446  SARLES ND            .293  CARRINGTON 4 N ND    .261 
