 GRAFTON STATE SCH ND                    323594 0
 LATT=  48.42 LONG= -97.42 YEARS= 45. TYPE= 3
 ELEVATION =  830. TP5 = 1.92 TP6= 3.66
 MEAN P    .12   .10   .15   .22   .25   .32   .28   .29   .24   .23   .13   .11
 S DEV P   .18   .13   .19   .29   .31   .40   .34   .44   .41   .36   .18   .13
 SKEW  P  4.93  3.51  2.87  2.19  2.16  2.17  2.09  4.02  3.54  4.37  2.93  3.88
 P(W/W)    .28   .24   .31   .40   .47   .41   .35   .35   .39   .36   .33   .33
 P(W/D)    .15   .13   .14   .15   .21   .28   .27   .23   .20   .14   .14   .13
 TMAX AV 14.04 21.29 33.43 53.79 69.96 78.07 83.13 82.03 70.59 57.26 35.52 19.71
 TMIN AV -4.12  2.17 13.90 30.19 42.46 52.04 56.36 54.15 44.50 33.86 18.47  3.48
 SD TMAX 14.48 13.71 12.23 14.09 12.28  8.61  7.00  8.31 10.94 11.96 12.97 13.20
 SD TMIN 15.40 15.45 14.21  9.51  9.64  7.63  6.49  7.13  8.74  8.90 11.88 14.25
 SOL.RAD  157.  252.  365.  433.  521.  560.  584.  499.  376.  247.  147.  117.
 SD SOL   13.9  15.9  29.2  61.6  74.9  81.0  63.2 121.4  64.0  29.5  23.3  17.8
 MX .5 P   .52   .40   .60   .73   .75  1.32  2.12  1.13  1.23   .86   .52   .38
 DEW PT  -3.18  3.37 13.75 28.62 38.85 50.32 56.16 54.78 44.55 34.55 19.53  5.67
Time Pk   .625  .736  .794  .846  .858  .867  .884  .890  .897  .921  .952 1.000
% N       8.87  9.03  9.98 10.69  8.44  5.94  5.29  5.81  5.66  5.46  6.21  7.23
MEAN      6.74  5.73  6.96  7.14  7.12  5.84  4.36  4.52  5.08  6.62  5.00  6.08
STD DEV   3.13  3.07  4.22  3.47  3.35  2.74  2.13  2.09  2.31  3.13  2.46  3.08
SKEW       .33   .88  1.54   .36   .29   .48   .58   .40   .34   .05   .50   .63
% NNE     3.86  2.77  4.63  5.64  7.11  5.36  4.96  4.87  5.59  6.70  2.64  3.20
MEAN      5.29  5.07  5.78  6.58  5.99  5.05  4.58  4.53  5.04  5.85  4.38  5.16
STD DEV   2.58  2.57  3.08  2.97  2.62  2.48  1.98  2.03  2.41  2.36  2.20  2.44
SKEW       .47   .61   .85   .36   .39   .62   .55   .69   .33   .21   .67   .43
% NE      1.53  1.64  2.98  2.63  4.07  3.16  3.13  3.21  2.29  1.90  1.33  1.83
MEAN      4.29  3.51  5.33  4.65  4.71  4.26  3.67  3.94  3.86  4.29  3.03  3.81
STD DEV   2.39  1.53  3.18  2.46  2.22  2.14  1.62  1.98  1.88  2.09  1.33  1.72
SKEW       .97   .37   .72   .89   .48   .77   .62   .63   .83   .54   .70   .42
% ENE     1.41  2.37  2.39  3.55  5.33  2.96  3.32  3.51  2.64  1.62  1.94  2.67
MEAN      4.58  4.50  5.54  5.59  4.83  4.64  4.12  4.04  4.21  4.76  4.19  4.39
STD DEV   2.23  2.19  2.91  2.81  2.04  2.42  1.74  1.79  1.88  1.64  1.85  1.82
SKEW       .25   .18   .87   .50   .69   .72   .50   .89   .50  -.23   .09   .41
% E       1.37  1.73  1.95  2.97  4.53  2.94  3.00  3.38  2.55  1.19  2.60  1.54
MEAN      3.47  3.53  3.98  5.53  4.26  3.98  3.64  3.51  3.66  3.67  3.89  3.99
STD DEV   1.93  1.77  1.91  2.84  1.82  2.11  1.67  1.66  1.89  1.00  1.80  1.90
SKEW       .73   .45   .48   .64   .43   .84   .11   .73   .79   .25   .31   .39
% ESE     2.14  3.47  4.29  4.21  6.86  4.61  4.71  7.33  4.07  2.42  3.40  3.22
MEAN      4.41  4.77  5.06  5.79  5.24  4.86  4.29  3.95  4.11  5.66  4.49  4.28
STD DEV   2.04  2.04  2.00  2.82  2.26  2.07  1.84  1.63  1.95  2.07  1.91  2.05
SKEW       .38   .48   .43   .65   .58   .42   .63   .58   .57   .57   .29   .52
% SE      3.82  4.13  4.71  4.28  5.21  4.98  4.80  5.69  4.09  3.61  2.74  4.44
MEAN      5.13  4.71  5.28  5.35  5.62  4.73  3.75  4.06  4.08  5.45  4.28  4.65
STD DEV   2.38  2.47  2.21  2.56  2.77  2.40  2.07  1.88  2.03  3.48  2.06  2.69
SKEW       .44   .63   .45   .67   .68   .80  1.50   .67   .55   .90   .53  1.00
% SSE     8.68 11.86 10.15 11.39  9.34  9.31  9.63 12.69 10.69 12.29  8.33 11.20
MEAN      6.74  7.01  6.35  7.00  6.62  6.07  5.19  5.24  6.12  6.86  6.48  6.14
STD DEV   2.98  2.98  2.51  2.82  2.77  2.70  2.33  2.03  2.74  3.10  2.90  2.95
SKEW       .67   .24   .43   .51   .41   .70   .69   .64   .47   .81   .50   .87
% S       9.04 10.42  7.50  8.90  6.59  7.22  8.66  8.98  8.19  9.14  7.85  9.96
MEAN      5.83  5.45  5.85  6.39  5.79  5.37  4.90  5.16  5.70  6.48  6.27  5.68
STD DEV   2.76  2.65  3.59  2.98  2.78  2.69  2.47  2.63  3.07  2.80  2.91  2.62
SKEW       .76   .49  2.53   .83   .79   .73   .72   .76   .56   .53   .33   .56
% SSW     5.48  4.19  4.59  5.09  6.97  7.67 10.28  6.71  6.83  8.89  7.69  4.83
MEAN      4.54  5.20  4.98  5.95  5.96  5.72  4.70  5.22  5.15  5.41  5.22  4.77
STD DEV   2.22  2.15  2.22  2.99  3.14  2.86  2.13  3.45  2.80  2.52  2.41  2.34
SKEW       .93   .27   .62   .87  1.01   .81   .38  2.60   .97   .57   .60   .75
% SW      3.01  2.99  4.04  2.58  3.24  5.18  4.78  3.30  4.47  4.76  3.06  3.39
MEAN      4.00  3.77  4.05  5.08  4.97  5.04  3.76  3.71  4.44  4.78  4.00  3.55
STD DEV   1.92  1.85  1.86  2.51  2.30  2.75  2.03  1.84  2.33  2.53  1.79  1.63
SKEW       .65   .71   .77   .59   .67  1.06  1.07   .92   .76   .69  1.41   .51
% WSW     2.86  2.48  3.06  3.10  2.80  7.54  5.37  3.96  6.32  6.51  3.78  2.77
MEAN      4.48  5.22  4.29  5.86  5.38  5.88  4.23  4.48  5.52  5.07  4.80  3.85
STD DEV   2.45  2.56  2.10  2.42  2.68  3.18  2.22  2.29  2.61  2.53  2.11  1.95
SKEW       .68   .43   .62   .42   .38  1.07  1.30   .66   .75   .75   .31   .80
% W       5.84  4.41  4.83  3.46  3.80  5.48  5.09  4.37  5.30  5.46  4.79  5.44
MEAN      4.93  4.85  4.69  5.80  5.22  5.61  4.24  3.79  4.28  5.51  5.24  4.55
STD DEV   2.72  2.92  2.49  3.13  2.91  2.87  2.19  2.10  2.70  3.72  2.70  2.54
SKEW       .81   .85   .98   .35   .45   .54   .66   .94  1.10   .94  1.00   .90
% WNW     8.33  6.76  7.05  5.13  6.28  8.74  7.83  7.27 10.20 10.82 11.32 10.11
MEAN      6.55  6.50  5.79  7.22  6.85  6.12  5.24  5.29  6.03  6.77  6.52  5.78
STD DEV   2.88  2.83  2.59  4.60  3.23  2.92  2.72  2.65  2.92  3.26  3.14  2.66
SKEW       .56   .56   .36  2.25   .44   .70   .80   .90   .53   .81  1.02   .59
% NW     10.04 12.39  9.66  8.66  6.62  6.36  7.82  6.44  8.40  7.51 13.44 12.37
MEAN      6.41  6.16  5.73  6.85  6.08  5.13  4.62  4.52  5.16  6.30  6.95  5.98
STD DEV   3.16  3.32  2.94  3.59  3.03  2.62  2.51  2.34  2.82  2.99  3.42  3.10
SKEW       .61   .88   .75   .65   .61   .51  1.25   .66   .80   .56   .60   .56
% NNW    22.16 17.26 16.52 16.45 10.87  9.90  8.35  9.95 10.45 10.08 16.87 14.05
MEAN      8.00  7.37  7.67  8.19  7.52  6.26  5.20  5.38  5.98  7.30  7.47  6.91
STD DEV   3.38  3.31  3.82  3.59  3.38  2.81  2.45  2.57  2.83  3.23  3.60  3.29
SKEW       .33   .29   .77   .42   .44   .48   .71   .66   .63   .46   .72   .57
CALM      1.67  2.09  1.66  1.27  1.94  2.67  3.03  2.44  2.32  1.74  1.98  1.71
 
INTERPOLATED DATA (station & weighting factor)
 
---Wind Stations---
GRAND FORKS   ND     .438  PEMBINA       ND     .427  JAMESTOWN     ND     .135
---Solar Radiation and Max .5 P Stations---
 DULUTH, MINNESOTA   .517   WILLISTON, NORTH D  .483                            
---Dewpoint Stations---
ND DEVILS LAKE       .616  MN INTERNATIONAL FA  .233  ND WILLISTON         .151 
---Time Peak Stations---
PEMBINA CAA AP ND    .406  GRAND FORKS UNIVER   .404  SARLES ND            .190 
