 NORTH LOUP NE                           256040 0
 LATT=  41.50 LONG= -98.77 YEARS= 45. TYPE= 3
 ELEVATION = 1960. TP5 = 2.65 TP6= 4.65
 MEAN P    .15   .19   .28   .33   .39   .43   .44   .44   .38   .32   .27   .19
 S DEV P   .14   .20   .37   .34   .45   .51   .57   .53   .48   .32   .30   .20
 SKEW  P  1.41  1.84  3.32  1.87  2.89  2.64  3.64  2.46  3.39  1.75  2.06  2.15
 P(W/W)    .20   .21   .35   .40   .44   .44   .34   .28   .37   .36   .20   .22
 P(W/D)    .09   .11   .14   .17   .22   .22   .21   .21   .16   .11   .10   .09
 TMAX AV 33.93 39.95 48.71 63.66 73.26 82.89 87.08 85.23 77.07 66.53 49.40 37.77
 TMIN AV 10.17 15.88 24.27 36.02 47.70 57.66 62.53 60.43 50.27 37.77 24.41 14.47
 SD TMAX 14.61 14.25 14.28 12.42  9.76  8.28  6.96  7.18 10.23 11.61 13.08 13.49
 SD TMIN 12.61 12.19 10.38  9.04  8.51  7.27  5.83  6.34  9.30  8.84  9.64 10.99
 SOL.RAD  190.  264.  360.  428.  502.  552.  574.  495.  404.  301.  203.  162.
 SD SOL   26.4  35.1  51.8  80.2  92.0  90.8  74.4 167.8  72.0  34.7  28.7  26.4
 MX .5 P   .05   .21   .41   .95  1.18   .72   .96  1.14  2.19   .32   .26   .07
 DEW PT  12.43 18.50 22.79 33.58 44.50 56.86 60.86 59.86 48.79 37.58 24.50 17.22
Time Pk   .591  .703  .755  .813  .829  .838  .855  .868  .881  .912  .952 1.000
% N       9.88  9.50 10.20  9.85  8.08  6.07  5.71  4.71  7.49  8.14  8.20  7.42
MEAN      6.39  6.73  6.93  6.76  6.00  5.34  4.91  4.90  5.41  5.74  6.33  6.09
STD DEV   2.82  2.98  3.12  2.82  2.61  2.45  2.12  2.14  2.30  2.53  2.75  2.70
SKEW       .45   .45   .44   .28   .26   .47   .43   .40   .29   .48   .35   .43
% NNE     3.82  4.36  5.93  5.57  6.14  5.14  4.94  4.16  5.06  4.49  2.96  3.53
MEAN      5.38  5.71  6.76  6.18  5.85  5.15  4.94  4.73  5.01  5.32  5.60  5.34
STD DEV   2.30  2.46  2.96  2.41  2.47  2.25  2.13  1.94  2.10  2.27  2.42  2.34
SKEW       .45   .25   .52   .16   .30   .44   .48   .44   .44   .51   .36   .43
% NE      2.64  3.11  4.48  4.86  5.25  4.72  4.94  4.52  4.29  2.79  1.90  2.42
MEAN      4.35  4.61  5.75  5.43  5.11  4.57  4.51  4.22  4.33  4.30  4.31  4.30
STD DEV   1.99  1.97  2.62  2.34  2.39  2.04  1.97  1.90  1.88  2.03  2.09  2.00
SKEW       .68   .46   .52   .34   .44   .55   .52   .68   .46   .69   .72   .57
% ENE     1.45  2.07  2.90  3.59  3.70  3.73  3.79  4.07  2.92  1.53  1.12  1.41
MEAN      3.89  4.45  5.28  5.57  5.04  4.61  4.44  4.43  4.28  3.90  4.51  4.23
STD DEV   1.54  1.91  2.31  2.34  2.11  2.03  1.79  1.82  1.70  1.58  2.04  1.99
SKEW       .62   .62   .69   .29   .37   .55   .55   .63   .56   .78   .60   .71
% E       1.96  3.37  3.92  4.53  4.65  4.89  4.81  5.32  3.70  1.91  1.62  1.94
MEAN      3.59  4.52  5.18  5.37  4.84  4.51  4.08  3.94  4.07  3.61  3.87  3.73
STD DEV   1.65  2.09  2.38  2.40  2.14  1.98  1.67  1.58  1.76  1.62  1.70  1.73
SKEW       .91   .63   .64   .45   .52   .67   .62   .69   .65   .77   .76   .90
% ESE     2.69  3.85  4.82  5.21  6.11  6.30  6.66  6.75  4.92  3.38  2.38  2.59
MEAN      3.89  4.68  5.19  5.44  5.25  4.89  4.42  4.35  4.36  4.05  4.14  4.13
STD DEV   1.75  2.13  2.18  2.26  2.14  2.01  1.79  1.67  1.78  1.58  1.86  1.76
SKEW       .78   .70   .49   .31   .45   .52   .55   .63   .65   .64   .90   .81
% SE      4.24  5.14  6.51  7.03  7.90  9.12 10.22 10.61  7.34  6.92  3.79  4.44
MEAN      4.36  4.49  5.31  5.76  5.57  5.26  4.52  4.50  4.43  4.82  4.36  4.32
STD DEV   2.15  2.02  2.34  2.64  2.43  2.18  1.95  1.77  1.88  2.09  1.94  1.94
SKEW       .86   .78   .56   .49   .40   .35   .65   .52   .75   .63   .83   .63
% SSE     5.58  5.83  6.58  8.19 10.32 12.47 13.52 13.49 11.08  9.64  5.22  5.22
MEAN      5.26  5.31  6.05  6.94  6.62  6.35  5.52  5.46  5.73  5.79  5.23  5.17
STD DEV   2.26  2.17  2.51  2.82  2.61  2.39  2.12  2.03  2.19  2.45  2.11  2.13
SKEW       .35   .38   .36   .23   .25   .18   .29   .26   .27   .58   .42   .51
% S       8.50  7.73  8.21  9.46 11.27 14.19 15.73 16.28 15.48 12.78  9.84  8.34
MEAN      5.39  5.43  6.41  7.17  6.87  6.57  5.81  5.82  6.29  5.92  5.52  5.45
STD DEV   2.39  2.39  2.78  2.96  2.66  2.56  2.24  2.21  2.45  2.46  2.26  2.44
SKEW       .57   .45   .48   .33   .16   .17   .22   .22   .21   .49   .49   .69
% SSW     5.69  4.56  4.48  4.80  5.29  6.80  7.39  7.77  6.87  6.75  7.02  5.44
MEAN      5.33  5.48  6.16  6.75  6.67  6.23  5.56  5.71  5.99  5.74  5.62  5.40
STD DEV   2.25  2.34  2.64  2.67  2.73  2.47  2.14  2.16  2.41  2.41  2.29  2.28
SKEW       .43   .48   .43   .18   .15   .14   .27   .15   .15   .35   .28   .39
% SW      5.37  5.00  3.34  2.89  3.22  3.42  3.66  3.31  3.77  4.23  5.70  5.77
MEAN      4.29  4.47  4.91  5.49  5.23  4.53  4.51  4.28  4.46  4.58  4.53  4.41
STD DEV   1.84  1.92  2.24  2.49  2.39  2.22  1.97  1.89  2.14  2.08  2.01  1.88
SKEW       .75   .38   .61   .31   .45   .96   .38   .60   .55   .76   .57   .63
% WSW     6.24  5.66  3.38  2.97  2.64  2.50  2.16  2.12  3.20  3.95  6.10  7.07
MEAN      4.22  4.29  4.42  5.08  4.90  4.38  3.84  3.96  4.23  4.20  4.23  4.31
STD DEV   1.56  1.66  1.88  2.43  2.31  2.02  1.55  1.61  1.91  1.73  1.62  1.64
SKEW       .50   .51   .68   .64   .52   .76   .59   .71   .75   .64   .64   .57
% W       7.13  6.41  4.10  3.58  3.67  3.07  2.14  2.53  3.65  5.05  7.08  7.64
MEAN      4.30  4.20  4.38  5.19  4.74  4.11  3.33  3.41  3.77  4.03  4.34  4.26
STD DEV   1.80  1.81  2.09  2.65  2.49  1.96  1.39  1.49  1.83  1.93  1.75  1.65
SKEW       .86   .73  1.10   .72   .83   .84   .71  1.05   .93  1.02   .70   .73
% WNW     6.80  6.87  5.48  4.68  4.26  3.27  2.04  2.21  3.70  5.64  8.16  8.11
MEAN      4.83  4.94  5.84  6.15  5.47  4.60  3.64  3.88  4.26  4.67  5.06  5.10
STD DEV   2.26  2.35  3.28  3.14  2.84  2.27  1.63  1.78  2.02  2.38  2.31  2.40
SKEW       .98  1.03  1.16   .75   .89   .69   .81  1.09   .82  1.10   .82  1.02
% NW     10.64  9.75 10.04  8.96  6.43  5.02  3.53  3.45  5.40  8.40 12.50 11.76
MEAN      6.28  5.79  7.40  7.33  5.94  4.98  4.16  4.25  4.76  5.55  6.53  6.37
STD DEV   3.17  2.83  3.79  3.47  2.94  2.49  2.08  2.23  2.42  2.83  3.25  3.09
SKEW       .77   .66   .83   .40   .56   .52   .92   .82   .73   .73   .69   .76
% NNW    12.68 12.56 12.43 11.29  7.83  5.89  4.41  4.10  6.56  9.92 12.41 12.35
MEAN      7.05  7.18  7.91  8.15  6.56  5.61  5.00  4.87  5.90  6.38  7.56  7.27
STD DEV   3.11  3.13  3.45  3.55  2.90  2.61  2.25  2.31  2.60  2.92  3.57  3.26
SKEW       .47   .49   .63   .38   .42   .33   .60   .63   .27   .42   .56   .52
CALM      4.68  4.14  3.16  2.52  3.25  3.33  4.35  4.66  4.53  4.57  4.00  4.50
 
INTERPOLATED DATA (station & weighting factor)
 
---Wind Stations---
GRAND ISLAND  NB     .502  NORFOLK       NB     .287  NORTH PLATTE  NB     .212
---Solar Radiation and Max .5 P Stations---
 GRAND ISLAND, NEBR  .610   NORTH PLATTE, NEBR  .258   HURON, SOUTH DAKOT  .132 
---Dewpoint Stations---
NE GRAND ISLAND      .502  NE NORFOLK           .287  NE NORTH PLATTE      .212 
---Time Peak Stations---
SPALDING NE          .500  BROKEN BOW 2NE       .267  GIBBON NE            .233 
