 GENEVA NE                               253175 0
 LATT=  40.53 LONG= -97.60 YEARS= 45. TYPE= 3
 ELEVATION = 1630. TP5 = 2.67 TP6= 5.19
 MEAN P    .17   .23   .33   .39   .47   .55   .47   .50   .50   .40   .32   .21
 S DEV P   .19   .30   .44   .47   .53   .67   .59   .61   .65   .53   .40   .25
 SKEW  P  2.64  2.79  3.78  3.18  2.76  2.17  2.46  3.50  3.33  3.14  1.93  2.76
 P(W/W)    .19   .23   .32   .37   .41   .40   .31   .28   .34   .36   .27   .19
 P(W/D)    .11   .12   .17   .18   .23   .22   .20   .22   .18   .11   .10   .09
 TMAX AV 34.54 40.61 50.56 64.68 74.40 83.92 88.63 86.57 78.25 67.10 50.14 38.34
 TMIN AV 13.28 18.74 27.45 39.39 50.82 60.45 65.12 63.28 53.92 42.10 28.19 18.28
 SD TMAX 13.56 13.93 14.14 12.04  9.27  8.03  7.36  7.62  9.95 11.02 12.36 12.87
 SD TMIN 12.08 11.57 10.52  9.29  8.12  6.86  5.64  5.98  8.84  9.08  9.81 10.74
 SOL.RAD  192.  263.  350.  425.  509.  549.  557.  502.  404.  296.  212.  160.
 SD SOL   29.4  38.5  56.4  80.3  87.1  88.7  78.0 144.5  72.2  39.1  28.9  30.5
 MX .5 P   .11   .28   .40  1.09  1.29   .94   .87  1.24  2.36   .77   .42   .30
 DEW PT  15.15 20.52 25.88 36.41 46.68 59.15 62.52 61.26 51.04 40.67 27.41 19.52
Time Pk   .583  .689  .739  .808  .824  .836  .860  .880  .891  .920  .952 1.000
% N      11.62  9.97 10.58  9.20  7.28  5.71  5.83  4.40  7.66  9.11  9.01 10.47
MEAN      5.96  6.46  6.15  5.96  5.23  4.71  4.52  4.45  4.94  5.09  5.61  5.86
STD DEV   2.37  2.52  2.51  2.50  2.19  2.01  1.88  1.92  2.10  2.14  2.30  2.37
SKEW       .31   .21   .23   .31   .43   .49   .48   .56   .41   .53   .24   .30
% NNE     5.54  5.16  6.57  6.06  5.56  4.60  4.71  4.54  5.65  4.02  3.91  5.48
MEAN      5.24  5.67  6.23  5.76  5.09  4.69  4.69  4.61  4.93  4.92  5.09  5.29
STD DEV   2.24  2.45  2.66  2.12  2.14  1.91  1.94  1.93  1.89  2.07  2.17  2.23
SKEW       .29   .16   .53  -.02   .34   .29   .44   .44   .37   .65   .30   .28
% NE      3.67  3.68  5.30  5.41  4.78  4.22  5.84  4.90  4.82  3.00  2.89  3.07
MEAN      4.81  4.59  5.33  5.24  4.92  4.48  4.58  4.26  4.55  4.39  4.15  4.51
STD DEV   1.98  1.91  2.36  2.18  2.01  1.90  1.92  1.72  1.89  1.85  1.76  1.96
SKEW       .37   .52   .47   .39   .22   .51   .53   .54   .46   .66   .47   .38
% ENE     1.97  2.65  3.97  4.27  4.17  3.40  4.36  5.14  3.88  1.79  1.53  1.64
MEAN      4.13  4.37  4.99  5.41  4.80  4.39  4.49  4.40  4.27  3.77  3.95  4.39
STD DEV   1.64  1.79  2.03  2.13  1.94  1.93  1.80  1.65  1.65  1.55  1.58  2.00
SKEW       .33   .57   .44   .19   .42   .54   .58   .53   .39   .50   .51   .63
% E       2.25  4.11  5.38  5.47  5.56  4.93  5.36  7.21  4.43  2.59  1.91  2.25
MEAN      3.82  4.74  4.82  5.19  4.99  4.56  4.43  4.35  4.09  3.60  3.70  3.87
STD DEV   1.72  2.20  2.02  2.14  2.18  2.01  1.90  1.76  1.69  1.53  1.76  1.77
SKEW       .73   .53   .52   .31   .47   .67   .50   .62   .72   .71  1.14   .69
% ESE     2.15  3.61  3.92  4.49  5.91  5.53  5.66  5.14  4.01  3.22  2.43  2.35
MEAN      3.83  4.64  4.97  5.31  5.23  4.91  4.57  4.61  4.47  4.13  4.08  4.23
STD DEV   1.64  1.91  2.10  2.23  2.22  2.10  1.89  1.80  1.82  1.64  2.02  1.78
SKEW       .53   .50   .30   .38   .54   .54   .48   .53   .58   .45  1.16   .56
% SE      4.27  4.18  4.82  6.78  7.10  8.17  9.54  8.54  5.97  5.79  3.65  3.89
MEAN      4.57  4.62  5.36  6.05  5.42  5.10  4.79  4.79  4.78  4.91  4.40  4.50
STD DEV   2.08  1.98  2.31  2.85  2.14  2.01  1.99  1.87  2.01  1.93  1.85  1.94
SKEW       .56   .60   .42   .65   .22   .41   .58   .55   .64   .34   .58   .65
% SSE     4.90  5.32  5.67  7.27  9.87 12.33 11.49 11.19 10.32  8.60  4.88  5.36
MEAN      4.74  4.83  5.72  6.05  5.64  5.55  5.07  4.98  5.57  5.26  4.79  4.91
STD DEV   2.13  2.02  2.57  2.49  2.18  2.00  1.87  1.91  2.32  2.23  2.02  2.17
SKEW       .59   .58   .66   .24   .24   .20   .29   .49   .34   .81   .59   .62
% S       9.11  7.52  8.45 10.05 12.44 16.04 18.09 18.58 17.25 15.61 10.55  9.36
MEAN      5.11  5.19  6.19  6.35  5.97  5.98  5.55  5.39  5.94  5.59  5.13  4.98
STD DEV   2.09  2.00  2.60  2.49  2.36  2.21  1.96  1.96  2.33  2.26  1.96  2.05
SKEW       .52   .24   .40   .31   .51   .21   .23   .40   .46   .61   .46   .62
% SSW     5.46  4.95  4.39  4.26  5.06  5.75  7.18  7.43  6.28  6.40  5.96  5.40
MEAN      4.98  5.10  5.59  6.14  6.28  5.63  5.68  5.50  5.64  5.44  5.26  4.96
STD DEV   1.94  1.99  2.38  2.50  2.45  2.11  2.11  2.03  2.22  2.16  2.09  1.96
SKEW       .52   .45   .55   .16   .35   .22   .23   .23   .31   .45   .23   .39
% SW      5.78  5.98  3.84  3.50  4.01  3.66  4.17  4.18  4.32  4.40  5.66  5.90
MEAN      4.37  4.55  5.05  5.26  5.12  4.43  4.90  4.68  4.90  4.90  4.38  4.58
STD DEV   1.82  1.83  2.08  2.28  2.12  1.86  1.93  1.91  2.04  2.17  1.81  1.77
SKEW       .75   .49   .30   .52   .25   .50   .36   .44   .46   .52   .56   .35
% WSW     6.05  5.41  3.27  3.70  3.03  2.62  1.87  2.12  3.14  3.37  5.64  6.53
MEAN      4.45  4.24  4.77  4.95  4.78  3.95  3.92  3.93  4.25  4.31  4.29  4.17
STD DEV   1.78  1.60  2.19  2.18  2.10  1.52  1.53  1.60  1.74  1.64  1.49  1.44
SKEW       .92   .63   .49   .59   .35   .57   .52   .56   .58   .38   .43   .62
% W       5.85  5.99  4.17  4.28  3.88  3.43  1.86  2.21  3.39  4.45  6.75  6.68
MEAN      4.13  4.13  4.60  5.25  4.86  4.03  3.34  3.46  3.81  4.09  4.27  4.11
STD DEV   1.48  1.65  2.31  2.62  2.25  1.72  1.27  1.45  1.51  1.83  1.68  1.72
SKEW       .66   .70   .99   .76   .56   .69   .64   .93   .87   .83   .60  1.10
% WNW     5.66  5.64  5.42  3.91  3.98  3.33  1.64  1.74  2.60  4.67  7.19  5.72
MEAN      4.92  4.56  5.82  5.54  4.98  4.24  3.51  3.76  4.05  4.64  4.80  5.01
STD DEV   2.08  1.88  2.99  2.63  2.29  1.82  1.31  1.48  1.63  1.97  2.02  2.26
SKEW       .68   .68   .87   .65   .37   .67   .47   .79   .70   .73   .62   .82
% NW      7.78  8.08  8.22  6.71  4.44  4.06  2.36  2.10  3.47  6.83  9.92  8.09
MEAN      5.77  5.37  6.64  6.36  5.25  4.50  3.83  4.15  4.34  5.53  5.89  5.89
STD DEV   2.55  2.33  3.17  2.89  2.37  1.99  1.87  1.95  1.92  2.45  2.81  2.67
SKEW       .56   .56   .75   .27   .41   .44  1.09   .80   .66   .54   .57   .64
% NNW     8.64  9.17  9.64  8.69  5.09  3.86  3.02  2.88  4.38  6.69  8.69  8.17
MEAN      6.19  6.61  7.04  6.86  5.60  4.66  4.62  4.47  5.33  5.78  6.51  6.30
STD DEV   2.51  2.56  3.07  2.83  2.31  2.01  2.05  2.01  2.24  2.49  2.77  2.59
SKEW       .42   .14   .84   .30   .30   .28   .70   .65   .25   .33   .40   .46
CALM      9.29  8.57  6.41  5.88  7.87  8.28  7.09  7.78  8.28  9.47  9.37  9.67
 
INTERPOLATED DATA (station & weighting factor)
 
---Wind Stations---
GRAND ISLAND  NB     .372  LINCOLN       NB     .366  CONCORDIA     KS     .262
---Solar Radiation and Max .5 P Stations---
 GRAND ISLAND, NEBR  .629   TOPEKA, KANSAS      .209   KANSAS CITY, MISSO  .163 
---Dewpoint Stations---
NE GRAND ISLAND      .372  NE LINCOLN           .366  KS CONCORDIA         .262 
---Time Peak Stations---
YORK NE              .440  HEBRON NE            .400  GENOA NE             .159 
