 BROKEN BOW NO 1 NE                      251200 0
 LATT=  41.40 LONG= -99.63 YEARS= 99. TYPE= 3
 ELEVATION = 2470. TP5 = 2.62 TP6= 4.54
 MEAN P    .14   .15   .22   .31   .35   .40   .41   .37   .33   .29   .21   .18
 S DEV P   .17   .17   .27   .41   .42   .52   .51   .48   .45   .47   .27   .25
 SKEW  P  2.96  2.59  2.57  3.16  2.55  2.86  2.20  2.82  2.99  4.54  2.43  3.95
 P(W/W)    .24   .27   .33   .44   .45   .46   .34   .36   .40   .36   .32   .29
 P(W/D)    .08   .10   .13   .19   .24   .25   .23   .20   .16   .11   .08   .08
 TMAX AV 35.62 39.47 48.35 61.88 71.84 81.82 88.11 86.32 77.50 65.93 49.52 38.60
 TMIN AV 11.25 15.12 22.81 34.51 45.63 55.55 60.73 58.73 48.38 35.65 22.99 14.60
 SD TMAX 15.20 15.34 15.31 13.06 11.22  9.67  7.93  8.09 11.28 12.95 13.78 14.06
 SD TMIN 13.40 12.69 10.66  9.60  9.31  7.98  6.68  6.91 10.16  9.60  9.86 11.71
 SOL.RAD  190.  264.  360.  428.  502.  552.  574.  494.  404.  301.  203.  162.
 SD SOL   27.4  36.6  54.0  83.7  95.9  94.8  77.5 191.0  74.7  36.2  29.9  27.4
 MX .5 P   .06   .15   .57   .81  1.23   .73  1.32  1.14  1.75   .27   .24   .07
 DEW PT  13.00 17.66 22.34 32.45 43.21 54.78 59.00 58.00 47.21 36.23 23.89 17.11
Time Pk   .564  .694  .759  .820  .834  .844  .859  .868  .883  .910  .939 1.000
% N       9.56  7.39  8.58  9.32  6.46  5.46  5.03  4.31  6.85  7.18  7.76  7.59
MEAN      6.61  6.65  7.78  7.04  5.72  5.07  4.68  4.82  5.55  5.49  6.28  6.35
STD DEV   3.08  3.07  3.94  2.94  2.78  2.34  2.38  2.32  2.48  2.60  2.99  2.96
SKEW       .45   .56   .37   .15   .40   .51   .64   .57   .31   .39   .35   .47
% NNE     5.74  6.59  7.78  7.17  7.39  7.70  7.10  5.89  5.86  7.93  4.93  4.24
MEAN      5.23  5.53  6.60  6.63  5.87  5.38  4.98  4.54  4.82  5.32  5.60  5.91
STD DEV   2.20  2.51  3.02  2.71  2.94  2.43  2.35  2.07  2.18  2.26  2.69  2.59
SKEW       .24   .40   .43   .30   .50   .50   .69   .48   .30   .39   .28   .15
% NE      2.55  3.00  3.70  4.13  4.77  4.28  5.00  3.94  3.59  3.21  2.73  1.83
MEAN      3.85  4.28  4.85  4.92  5.11  4.57  4.42  3.84  3.81  3.81  3.97  4.08
STD DEV   1.77  1.84  2.37  2.18  2.43  2.17  2.14  1.71  1.88  1.73  1.91  1.83
SKEW       .75   .33   .43   .56   .47   .51   .73   .30   .81   .69   .54   .39
% ENE     2.84  2.91  4.38  4.96  5.18  4.92  5.49  6.05  4.51  3.10  2.04  1.51
MEAN      3.59  4.84  4.93  5.40  5.11  4.63  4.33  4.22  3.95  3.39  4.18  3.32
STD DEV   1.48  2.28  2.30  2.18  2.38  1.97  1.92  1.89  1.76  1.41  2.15  1.64
SKEW       .62   .70   .78   .22   .65   .26   .39   .83   .56   .81   .70   .87
% E       2.01  3.00  3.01  4.62  4.83  5.40  5.78  5.65  4.50  2.50  1.90  1.59
MEAN      3.15  4.24  5.31  4.72  5.21  4.50  4.13  4.04  3.72  3.22  3.15  3.54
STD DEV   1.27  2.21  2.48  2.03  2.50  1.97  2.01  1.85  1.67  1.33  1.33  1.72
SKEW       .62   .80   .38   .44   .56   .37  1.04   .91   .60   .68   .87   .74
% ESE     2.10  3.27  4.54  4.86  5.61  7.39  6.37  7.47  5.16  3.64  1.96  2.21
MEAN      3.53  4.34  5.26  5.00  5.03  5.24  4.32  4.16  4.01  3.57  3.74  3.68
STD DEV   1.44  2.09  2.29  2.12  2.30  2.03  1.90  1.72  1.49  1.35  1.52  1.70
SKEW       .76   .87   .55   .46   .56   .19   .57   .86   .34   .39   .66   .91
% SE      2.81  3.59  4.32  5.44  6.11  5.96  6.75  7.49  4.72  4.20  2.55  2.51
MEAN      3.47  4.49  4.45  4.89  4.87  4.93  4.43  4.03  3.89  3.94  3.70  3.83
STD DEV   1.47  2.04  1.67  2.01  2.21  2.10  2.03  1.69  1.67  1.68  1.81  1.67
SKEW       .46   .67   .20   .51   .74   .60   .73   .57   .83   .73  1.08   .55
% SSE     5.52  6.48  8.09 10.65 12.47 12.56 12.78 12.79 10.62  8.46  6.20  4.47
MEAN      4.73  5.84  5.89  6.61  6.44  6.00  5.29  5.04  5.15  5.16  4.60  4.55
STD DEV   1.90  2.50  2.44  2.70  2.68  2.48  2.03  2.00  2.18  2.38  2.09  2.02
SKEW       .24   .56   .26   .38   .29   .26   .41   .36   .46   .75   .80   .74
% S       8.56  5.42  7.63  7.88 12.29 12.98 16.41 14.55 15.38 11.58  7.69  5.99
MEAN      5.03  5.35  6.42  6.57  6.79  6.84  6.07  6.06  6.08  5.92  5.07  4.58
STD DEV   2.23  2.41  3.00  2.89  3.04  2.90  2.34  2.35  2.58  2.69  2.30  2.20
SKEW       .56   .19   .54   .36   .26   .24   .38   .15   .34   .41   .58   .87
% SSW     6.21  4.71  5.22  5.65  5.87  7.64  9.49  9.71  8.33  6.99  6.42  4.25
MEAN      4.94  5.33  6.22  5.98  6.59  6.72  5.94  5.86  6.03  5.47  5.14  4.82
STD DEV   2.05  2.47  2.74  2.55  3.06  2.89  2.37  2.54  2.60  2.58  2.34  2.22
SKEW       .39   .50   .47   .34   .65   .13   .12   .15   .29   .47   .51   .55
% SW      4.60  3.82  4.00  3.13  2.49  3.76  3.43  3.42  3.82  4.25  5.12  5.11
MEAN      4.00  4.21  4.76  5.35  5.04  5.30  4.58  4.73  4.28  4.18  4.21  4.23
STD DEV   1.77  1.70  2.22  2.49  2.80  2.54  2.18  2.04  2.18  2.10  2.20  1.82
SKEW       .56   .38   .64   .61   .57   .51   .31   .63   .63   .80  1.03   .63
% WSW     5.93  4.92  3.44  2.49  2.58  2.98  2.53  2.82  2.96  4.06  5.52  6.88
MEAN      4.12  3.89  4.46  4.54  4.28  4.05  3.65  3.59  4.00  3.42  4.00  4.02
STD DEV   1.78  1.43  1.87  2.01  1.96  1.87  1.53  1.60  1.80  1.27  1.80  1.56
SKEW       .76   .51   .59   .41   .72   .64   .52   .65   .58   .60   .88   .53
% W       5.98  6.93  4.39  3.08  3.36  2.53  2.34  3.03  3.26  4.89  6.83  8.59
MEAN      3.61  3.84  4.18  4.59  4.19  3.80  3.13  3.08  3.62  3.35  3.58  3.85
STD DEV   1.42  1.45  2.07  2.42  2.24  1.97  1.55  1.21  1.86  1.55  1.42  1.45
SKEW       .53   .40  1.08   .83   .85   .99  1.02   .88   .94  1.16   .74   .53
% WNW     9.38 11.48  5.65  5.11  4.64  3.62  2.46  3.05  4.99  8.78 12.33 14.25
MEAN      4.35  4.63  4.80  4.85  4.57  4.78  3.43  3.70  3.64  3.87  4.40  4.45
STD DEV   1.89  2.10  2.28  2.39  2.41  2.89  1.52  1.73  1.79  1.90  1.97  1.75
SKEW       .99  1.27   .91   .88  1.07   .91  1.13  1.25  1.34  1.79  1.03   .80
% NW     12.51 11.56  8.20  7.06  6.47  4.93  3.12  3.65  5.71  8.41 12.09 14.17
MEAN      5.51  5.70  6.47  6.28  5.47  4.78  3.47  3.79  4.02  4.87  5.53  5.70
STD DEV   2.74  2.68  3.58  3.23  3.04  2.83  1.67  2.00  1.99  2.44  2.78  2.69
SKEW      1.16   .79   .85  1.08  1.35   .96  1.14  1.16   .90   .85   .74   .89
% NNW    10.88 12.77 15.03 12.86  8.00  5.95  3.92  4.14  6.88  8.28 11.03 12.66
MEAN      6.54  7.38  7.91  8.29  6.42  5.74  4.34  4.66  5.29  6.03  7.05  7.11
STD DEV   3.21  3.24  3.56  3.72  3.28  2.90  1.96  2.24  2.60  2.87  3.62  3.09
SKEW       .51   .46   .47   .44   .75   .61   .57   .57   .54   .46   .50   .42
CALM      2.73  2.07  2.04  1.66  1.50  1.75  1.99  2.00  2.85  2.62  2.93  2.13
 
INTERPOLATED DATA (station & weighting factor)
 
---Wind Stations---
LEXINGTON     NB     .515  GRAND ISLAND  NB     .291  VALENTINE     NB     .194
---Solar Radiation and Max .5 P Stations---
 NORTH PLATTE, NEBR  .491   GRAND ISLAND, NEBR  .379   HURON, SOUTH DAKOT  .130 
---Dewpoint Stations---
NE NORTH PLATTE      .435  NE GRAND ISLAND      .340  NE VALENTINE         .225 
---Time Peak Stations---
BROKEN BOW 2NE      1.000  ANSELMO NE           .000  ELM CREEK 1SSW NE    .000 
