 MERRIMAN NE                             255470 0
 LATT=  42.92 LONG=-101.68 YEARS= 45. TYPE= 3
 ELEVATION = 3250. TP5 = 2.15 TP6= 3.69
 MEAN P    .13   .13   .17   .26   .32   .38   .35   .31   .28   .23   .15   .12
 S DEV P   .18   .16   .19   .32   .38   .40   .42   .39   .31   .30   .16   .15
 SKEW  P  3.02  2.21  2.17  2.94  2.56  1.67  3.14  2.73  1.98  2.54  1.82  2.54
 P(W/W)    .15   .28   .27   .36   .44   .42   .33   .29   .29   .30   .27   .18
 P(W/D)    .09   .11   .15   .18   .21   .22   .21   .16   .13   .09   .09   .09
 TMAX AV 34.39 40.28 46.95 60.09 71.01 81.22 88.60 87.27 77.62 66.00 48.07 37.52
 TMIN AV 14.74 17.24 22.14 32.31 43.27 52.81 58.52 56.35 45.73 34.75 22.61 15.81
 SD TMAX 14.48 14.36 14.58 13.63 11.70  9.83  8.40  8.65 12.10 13.44 14.16 13.43
 SD TMIN  8.54  9.49  9.80  9.02  8.44  7.28  6.18  6.50  9.11  8.75  9.41  8.96
 SOL.RAD  193.  281.  406.  489.  538.  604.  594.  537.  434.  316.  211.  166.
 SD SOL   35.2  38.2  42.4  62.7  80.7  72.4  67.9 138.2  66.8  37.9  35.5  34.9
 MX .5 P   .06   .08   .19   .29   .44   .91  1.25   .96   .33   .52   .15   .07
 DEW PT  12.75 15.48 20.77 29.52 39.24 50.27 54.76 53.25 41.98 32.76 21.76 16.24
Time Pk   .636  .747  .788  .853  .863  .870  .889  .900  .910  .932  .956 1.000
% N       7.85  6.44  7.85  8.99  4.82  6.82  6.69  5.54  5.49  7.02  5.40  5.44
MEAN      5.18  5.23  6.42  5.67  5.30  4.82  4.57  4.54  4.63  4.96  5.41  4.88
STD DEV   3.09  3.02  3.82  2.71  2.68  2.38  2.27  2.15  2.17  2.32  2.53  2.44
SKEW      1.03   .87   .74   .48   .56   .38   .69   .75   .53   .38   .17   .74
% NNE     3.38  4.40  5.60  5.80  5.87  6.94  6.04  5.24  4.20  4.52  2.82  2.24
MEAN      4.14  4.52  5.16  5.40  5.42  4.69  4.43  4.62  4.56  4.68  4.60  4.66
STD DEV   2.11  1.74  2.67  2.56  3.22  2.24  2.16  2.21  1.97  2.08  2.35  2.26
SKEW       .81   .11   .45   .62   .73   .68   .53   .70  -.01   .49   .28   .55
% NE      3.88  4.18  4.80  5.24  5.31  5.16  6.44  4.46  4.39  3.47  2.56  1.95
MEAN      3.48  4.18  3.88  4.35  4.63  4.22  4.40  3.89  3.99  3.67  3.57  3.32
STD DEV   1.71  2.38  2.08  2.18  2.38  1.92  2.10  1.84  1.90  1.77  1.60  1.57
SKEW       .66   .67   .64   .67   .69   .37   .66   .28   .58   .56   .14   .54
% ENE     2.94  2.69  4.13  4.18  4.43  4.61  4.64  4.35  4.49  2.14  1.62  1.88
MEAN      2.93  3.66  3.36  4.20  3.77  3.99  3.63  3.55  3.54  2.70  2.98  2.62
STD DEV   1.46  1.65  1.46  1.86  1.94  1.84  1.64  1.64  1.54  1.24  1.38  1.45
SKEW       .59   .41   .60   .27  1.06   .34   .49   .94   .56   .87   .32  1.08
% E       3.53  3.84  4.10  5.24  5.91  5.56  6.81  5.81  4.25  3.80  2.43  2.91
MEAN      2.70  3.23  3.85  4.00  4.20  3.70  3.76  3.54  3.37  2.93  2.51  2.83
STD DEV   1.28  1.71  1.88  2.10  1.96  1.71  1.90  1.64  1.51  1.27   .93  1.34
SKEW       .58   .60   .55   .69   .33   .63  1.17   .93   .47   .66   .37   .82
% ESE     2.41  2.62  3.71  4.06  4.83  5.13  5.46  5.24  4.66  3.02  1.93  2.11
MEAN      2.90  3.15  4.39  4.41  4.23  4.65  4.06  3.90  3.92  3.44  3.15  2.99
STD DEV   1.25  1.57  1.74  2.25  2.18  2.07  1.99  1.74  1.67  1.47  1.44  1.66
SKEW      -.05   .18   .31   .44   .72   .31   .63   .77   .39   .72   .76  1.21
% SE      1.93  3.25  3.58  5.31  7.12  5.19  6.96  7.26  4.87  3.45  2.07  1.86
MEAN      2.90  4.32  4.17  5.08  5.26  4.45  5.15  4.60  4.53  3.78  3.24  3.46
STD DEV   1.42  1.85  2.06  2.62  2.51  2.39  2.60  2.25  2.34  1.79  1.47  1.85
SKEW       .43   .06   .51   .66   .58  1.15   .72   .46   .92   .50   .48   .37
% SSE     2.20  3.47  4.08  7.30 10.37  8.24  8.18  8.14  6.70  4.69  2.89  2.04
MEAN      3.73  5.31  5.95  7.17  6.68  6.00  6.00  5.83  5.86  5.58  5.19  3.57
STD DEV   1.81  2.47  3.27  3.55  3.21  2.94  2.52  2.71  2.79  3.05  3.46  2.01
SKEW       .31   .31   .57   .53   .63   .28   .38   .38   .37   .73   .87   .55
% S       4.86  3.68  5.79  6.92 12.08  8.62 10.06  9.62 10.31  7.25  4.98  2.81
MEAN      4.33  4.04  5.31  6.01  6.65  5.99  6.10  6.46  6.19  5.58  5.30  3.66
STD DEV   2.48  2.10  2.88  3.13  3.20  3.13  2.80  2.99  2.92  3.08  3.21  2.20
SKEW       .56   .34   .50   .52   .27   .57   .48   .27   .26   .50   .82   .92
% SSW     5.53  4.46  4.52  6.11  5.55  6.40  7.34  9.36  8.33  6.06  5.79  5.22
MEAN      4.08  4.46  4.84  5.23  5.42  5.53  5.45  5.52  5.53  5.03  4.92  3.65
STD DEV   2.01  2.13  2.30  2.57  2.96  2.61  2.51  2.63  2.70  2.84  2.76  1.93
SKEW       .36   .26   .12   .52  1.02   .30   .21   .57   .47   .61   .73   .81
% SW      7.93  7.41  6.03  4.86  3.70  5.64  5.02  6.41  6.68  8.21  9.63  9.61
MEAN      3.16  3.09  3.34  3.83  4.31  4.18  3.94  3.83  4.01  3.64  3.77  3.73
STD DEV   1.57  1.64  1.67  1.94  2.33  2.21  2.18  1.92  2.02  1.94  2.06  2.14
SKEW       .79   .82   .67  1.07   .73   .95   .91  1.09   .77   .88   .83   .92
% WSW     8.84  9.36  6.41  4.40  4.50  5.79  5.20  5.49  5.55  8.05  9.62 10.69
MEAN      3.77  3.53  3.64  4.15  4.09  3.37  3.22  3.48  3.54  3.46  3.69  3.60
STD DEV   1.87  1.72  1.88  2.05  2.11  1.70  1.60  1.56  2.15  1.82  1.81  1.68
SKEW      1.12   .64  1.17   .47  1.02  1.09   .91   .89  1.36  1.57  1.08   .76
% W       9.97 10.68  7.36  5.00  4.62  3.96  4.11  5.52  5.11  7.93 10.30 13.42
MEAN      3.61  3.64  3.94  3.24  4.64  2.99  2.93  3.09  3.32  3.39  3.41  3.81
STD DEV   1.80  1.69  2.63  1.70  2.75  1.35  1.27  1.54  1.83  1.77  1.53  1.84
SKEW       .72   .46  1.13   .72   .95   .79   .68   .90   .97  1.16   .48   .54
% WNW    10.23 10.55  8.14  7.07  6.05  6.13  4.35  5.25  6.95 10.50 13.79 14.12
MEAN      4.88  4.86  5.37  5.09  5.32  4.49  3.91  4.01  4.48  4.42  5.16  5.14
STD DEV   2.29  2.54  3.46  3.40  3.27  2.47  2.04  2.16  2.45  2.45  2.68  2.43
SKEW       .44  1.32  1.79  1.57  1.42   .89  1.12  1.48  1.24  1.55  1.24   .79
% NW     11.90 10.50  9.14  7.86  7.16  7.43  5.06  5.52  8.06  8.52 12.06 11.54
MEAN      6.26  5.96  6.74  7.05  6.58  5.38  4.55  4.64  5.45  5.71  6.73  6.51
STD DEV   3.89  3.17  4.29  4.35  3.62  2.96  2.65  2.57  2.92  3.28  3.46  3.42
SKEW       .99   .77   .83   .91   .57   .60  1.02   .96   .49   .79   .44   .57
% NNW     8.69  9.02 11.13  8.71  5.45  5.45  5.33  4.57  5.96  7.21  7.39  7.95
MEAN      5.92  6.25  6.67  6.98  5.59  5.40  5.11  5.09  5.33  5.97  6.45  6.25
STD DEV   3.67  2.79  3.55  3.51  2.96  2.74  2.77  2.34  2.73  2.85  3.49  3.06
SKEW       .80   .58   .66   .55   .66  1.03   .74   .35   .70   .53   .62   .74
CALM      3.77  3.54  3.68  3.05  2.11  2.92  2.16  2.26  4.02  4.14  4.70  4.10
 
INTERPOLATED DATA (station & weighting factor)
 
---Wind Stations---
VALENTINE     NB     .394  CHADRON       NB     .318  PHILIP        SD     .288
---Solar Radiation and Max .5 P Stations---
 RAPID CITY, SOUTH   .419   SCOTTSBLUFF, NEBRA  .362   HURON, SOUTH DAKOT  .219 
---Dewpoint Stations---
NE VALENTINE         .507  SD RAPID CITY        .255  NE SCOTTSBLUFF       .239 
---Time Peak Stations---
MISSION SD           .389  PENDER NE            .388  WIND CAVE SD         .223 
