 LONG VALLEY NJ                          285003 0
 LATT=  40.78 LONG= -74.78 YEARS= 62. TYPE= 4
 ELEVATION =  540. TP5 = 2.42 TP6= 5.20
 MEAN P    .40   .41   .41   .40   .41   .42   .51   .54   .52   .46   .49   .44
 S DEV P   .44   .39   .48   .44   .47   .55   .67   .68   .69   .58   .61   .49
 SKEW  P  2.45  1.57  2.57  2.05  2.28  2.58  3.01  2.76  2.80  2.22  2.42  2.00
 P(W/W)    .36   .31   .39   .45   .46   .42   .41   .41   .41   .37   .40   .36
 P(W/D)    .25   .24   .26   .27   .29   .28   .28   .25   .22   .21   .25   .24
 TMAX AV 36.44 38.77 47.53 60.16 70.67 78.70 83.19 81.00 74.14 64.36 52.14 39.99
 TMIN AV 18.26 18.99 25.84 35.43 44.99 53.79 58.64 57.16 49.73 38.71 30.53 21.48
 SD TMAX  9.59  9.75 10.92 11.03  9.34  7.80  6.16  6.28  8.04  8.90  9.65  9.69
 SD TMIN  9.60  9.67  8.71  8.07  8.18  7.22  6.49  7.15  9.31  9.39  9.13  9.75
 SOL.RAD  137.  206.  295.  373.  441.  481.  469.  406.  339.  247.  155.  120.
 SD SOL   48.9  59.5  78.1 102.7 115.9 118.2 113.5 233.4  96.1  57.0  49.1  44.9
 MX .5 P   .33   .41   .39   .54   .77   .94  1.09  1.30   .91   .60   .76   .44
 DEW PT  21.40 21.78 26.58 37.17 47.17 56.96 61.58 61.37 54.78 44.61 33.58 23.61
Time Pk   .680  .759  .801  .838  .852  .864  .880  .893  .907  .928  .956 1.000
% N       5.10  5.43  5.94  5.49  4.77  4.01  3.73  4.65  5.29  5.73  3.71  4.48
MEAN      4.86  4.83  5.11  4.88  4.38  3.96  3.76  3.69  3.97  4.46  4.19  4.36
STD DEV   2.41  2.48  2.49  2.20  2.15  1.81  1.64  1.83  1.75  2.09  2.14  1.99
SKEW       .59   .74   .71   .61   .94   .84   .60  1.22   .55   .63   .88   .63
% NNE     4.56  4.87  4.82  4.15  4.06  3.36  3.16  4.77  5.81  5.90  4.00  4.64
MEAN      4.18  4.68  4.63  4.29  4.19  3.58  3.32  3.63  3.85  4.38  3.96  4.03
STD DEV   1.77  2.45  2.35  1.82  1.94  1.61  1.30  1.54  1.63  2.04  1.76  1.83
SKEW       .71  1.05   .87   .51   .74   .89   .62   .75   .44   .81   .53  1.33
% NE      4.98  5.69  5.23  4.64  5.10  3.44  3.58  5.14  5.28  5.53  4.19  5.20
MEAN      4.18  4.24  4.36  4.22  4.05  3.47  3.19  3.34  3.54  3.93  3.94  3.95
STD DEV   2.05  1.86  2.13  1.98  1.75  1.66  1.38  1.49  1.60  1.84  1.84  1.88
SKEW       .72   .49   .98   .80   .44   .72   .97   .57   .57   .51   .82   .68
% ENE     4.44  5.14  5.71  4.78  5.10  3.47  3.15  3.94  4.70  5.34  3.67  4.94
MEAN      4.05  4.18  4.46  4.52  3.81  3.57  3.39  3.46  3.76  4.19  4.07  4.10
STD DEV   2.17  2.10  1.98  2.03  1.66  1.51  1.47  1.52  1.76  1.86  1.70  1.90
SKEW      1.23   .64   .52   .37   .49   .50   .57   .64   .72   .48   .51   .91
% E       3.64  3.94  5.26  5.51  6.19  4.55  3.48  3.91  4.21  4.71  3.81  2.93
MEAN      3.40  3.79  4.15  4.06  3.75  3.31  3.10  3.03  3.53  3.84  3.84  3.52
STD DEV   1.76  2.02  1.90  1.85  1.85  1.52  1.44  1.35  1.82  1.89  1.92  1.82
SKEW      1.03   .76   .54   .41   .81   .68   .86   .64  1.12   .79   .77  1.04
% ESE     1.67  2.99  3.53  4.35  5.50  4.20  2.85  3.11  3.47  3.45  3.36  1.91
MEAN      3.22  3.76  4.42  4.22  3.98  3.55  3.43  3.39  3.66  4.10  5.14  4.48
STD DEV   1.64  1.91  2.03  1.87  1.84  1.50  1.45  1.42  1.75  1.96  3.42  2.63
SKEW       .82   .74   .60   .45   .71   .62   .45   .58   .86   .59   .95   .97
% SE      1.50  1.89  2.65  3.43  4.16  4.33  3.27  3.54  3.33  3.30  2.50  1.60
MEAN      3.67  3.55  4.31  4.33  3.92  3.69  3.60  3.49  3.44  3.61  4.12  3.99
STD DEV   1.95  1.78  1.98  2.03  1.86  1.67  1.57  1.49  1.57  1.70  2.43  2.21
SKEW       .92   .78   .45   .47   .66   .65   .45   .54   .59   .66  1.08   .56
% SSE     1.49  2.12  2.55  3.42  4.05  4.67  3.95  4.34  3.80  2.54  2.35  1.87
MEAN      3.40  3.58  4.75  4.56  4.10  3.93  3.85  3.69  3.82  3.62  4.19  5.13
STD DEV   1.56  1.88  2.31  2.16  2.07  1.67  1.69  1.58  1.94  1.51  2.15  3.17
SKEW       .67   .99   .58   .49   .70   .50   .65   .65   .98   .64   .60   .82
% S       3.33  3.88  4.78  5.91  6.68  8.00  6.72  7.13  6.37  4.34  4.98  3.29
MEAN      3.98  3.94  4.60  4.45  4.05  3.89  3.83  3.76  3.68  3.66  4.04  4.21
STD DEV   1.99  1.88  2.42  2.22  1.92  1.69  1.66  1.71  1.92  1.68  1.98  2.36
SKEW       .85  1.03   .83   .67   .79   .49   .65   .62  1.34   .72   .81   .88
% SSW     4.54  4.16  4.20  6.38  6.92  8.81  8.30  7.90  7.33  6.27  6.00  5.47
MEAN      4.22  4.57  4.94  4.80  4.35  4.04  3.89  3.85  4.01  3.79  4.27  4.37
STD DEV   2.10  2.58  2.83  2.27  2.05  1.74  1.66  1.83  2.02  1.78  2.18  2.56
SKEW       .94   .84  1.11   .46   .83   .59   .56  1.12   .94   .81   .95  1.48
% SW      7.79  6.27  5.77  7.21  8.58 10.25 11.60 10.76  9.18  9.25  8.60  8.85
MEAN      4.36  4.54  4.83  4.52  4.17  3.88  3.88  3.58  3.54  3.79  4.54  4.08
STD DEV   2.21  2.31  2.63  2.20  2.02  1.88  1.75  1.64  1.66  1.84  2.68  1.94
SKEW       .77   .99   .91   .67   .73   .86   .70   .77   .66   .92  1.05   .79
% WSW     9.08  7.53  6.27  7.22  7.23  8.38  9.40  8.09  7.62  8.26  8.88 10.18
MEAN      4.90  5.35  5.25  5.19  5.10  4.19  3.98  3.93  3.80  4.35  4.86  4.77
STD DEV   2.42  2.96  2.70  2.34  2.68  1.96  1.77  1.77  1.85  2.10  2.45  2.29
SKEW      1.03   .83   .88   .51   .62   .87   .73   .69   .75   .74   .85   .87
% W      11.80  9.91  8.42  7.54  6.05  7.41  8.68  6.82  6.86  7.99 10.99 11.16
MEAN      6.08  6.28  6.35  5.75  4.96  4.23  4.01  3.88  3.90  4.39  5.42  5.67
STD DEV   3.16  3.16  3.24  2.95  2.58  2.06  1.96  1.93  2.07  2.21  2.70  2.82
SKEW       .78   .68   .68   .57   .51   .81   .79   .75   .83   .70   .64   .93
% WNW    12.36 11.63 10.99 10.11  6.68  7.52  7.97  6.56  6.47  7.42 11.48 12.54
MEAN      6.89  7.09  7.18  6.77  5.76  4.94  4.55  4.40  4.48  5.25  5.97  6.60
STD DEV   3.25  3.30  3.41  3.08  2.66  2.29  2.24  2.19  2.21  2.46  2.83  3.01
SKEW       .45   .40   .63   .43   .35   .49   .94   .94   .67   .58   .51   .51
% NW     11.15 11.83 11.65  9.42  6.97  6.61  7.82  6.50  7.53  7.60  9.28  9.99
MEAN      6.71  7.15  6.91  6.65  5.70  5.20  4.37  4.06  4.48  5.35  5.99  6.42
STD DEV   3.12  3.25  3.05  3.03  2.55  2.47  2.05  1.93  2.18  2.54  2.78  2.90
SKEW       .45   .28   .35   .48   .35   .59   .87   .53   .55   .54   .60   .47
% NNW     7.15  8.04  8.99  7.06  6.20  4.90  4.75  4.76  5.47  5.93  6.77  5.82
MEAN      6.11  6.58  6.17  6.06  5.67  5.10  4.49  4.35  4.80  5.44  5.96  6.00
STD DEV   2.79  3.05  2.63  2.55  2.49  2.33  2.01  2.07  2.10  2.33  2.79  2.76
SKEW       .34   .45   .46   .30   .41   .53   .45   .59   .37   .25   .44   .40
CALM      5.40  4.62  3.23  3.41  5.72  6.09  7.62  8.11  7.23  6.48  5.43  5.19
 
INTERPOLATED DATA (station & weighting factor)
 
---Wind Stations---
NEWARK/INT    NJ     .396  ALLENTOWN/BET PA     .368  BEAR MOUNTAIN NY     .236
---Solar Radiation and Max .5 P Stations---
 NEWARK, NEW JERSEY  .627   WILMINGTON, DELAWA  .232   ALBANY, NEW YORK    .141 
---Dewpoint Stations---
NJ NEWARK            .409  PA ALLENTOWN         .380  PA SCRANTON          .211 
---Time Peak Stations---
CLINTON 2 N NJ       .550  CHARLOTTEBURG NJ     .234  PEN ARGYL PA         .216 
