 FLEMINGTON 1 NE NJ                      283029 0
 LATT=  40.52 LONG= -74.85 YEARS= 67. TYPE= 4
 ELEVATION =  130. TP5 = 2.45 TP6= 5.23
 MEAN P    .34   .31   .35   .34   .36   .39   .46   .46   .46   .42   .39   .36
 S DEV P   .39   .34   .41   .40   .47   .51   .59   .65   .62   .55   .51   .42
 SKEW  P  2.41  1.88  2.04  2.13  2.56  2.89  2.49  3.63  2.66  2.50  2.20  1.82
 P(W/W)    .44   .43   .43   .51   .50   .45   .42   .44   .41   .42   .43   .41
 P(W/D)    .26   .28   .29   .29   .30   .28   .26   .25   .22   .20   .26   .27
 TMAX AV 38.80 41.15 50.65 62.52 73.70 82.05 86.97 84.66 77.99 67.13 54.55 42.12
 TMIN AV 20.31 21.13 28.40 37.28 47.20 56.53 62.02 60.35 52.99 41.46 32.89 23.75
 SD TMAX  9.84  9.86 11.05 10.72  9.29  7.87  6.26  6.66  8.32  9.16  9.72  9.65
 SD TMIN 10.08  9.66  8.58  7.88  8.19  7.33  6.41  7.00  9.20  9.54  9.50  9.65
 SOL.RAD  139.  208.  297.  376.  445.  485.  472.  410.  344.  250.  159.  121.
 SD SOL   48.7  59.4  77.9 102.2 115.0 117.1 112.5 232.3  95.2  56.5  48.5  44.8
 MX .5 P   .32   .41   .40   .54   .77   .96  1.09  1.28   .93   .60   .71   .46
 DEW PT  23.30 22.70 27.90 37.75 48.65 58.20 62.90 62.90 55.70 46.30 34.45 24.40
Time Pk   .683  .770  .807  .847  .858  .869  .884  .897  .911  .930  .956 1.000
% N       4.73  4.77  5.28  5.06  4.49  4.00  4.17  4.72  5.42  5.00  3.79  4.06
MEAN      4.39  4.58  4.82  4.86  4.26  3.89  3.55  3.50  3.89  4.02  3.97  4.13
STD DEV   2.20  2.36  2.35  2.26  2.09  1.78  1.67  1.62  1.84  1.93  2.15  2.12
SKEW       .63   .74   .66   .53   .67   .65   .80   .81   .66   .62   .85   .75
% NNE     4.16  4.17  4.44  3.89  3.74  3.39  3.33  4.65  5.54  5.45  3.90  4.27
MEAN      4.04  4.02  4.41  4.14  3.83  3.47  3.17  3.43  3.72  3.97  3.70  3.66
STD DEV   1.92  1.90  2.08  1.86  1.68  1.55  1.31  1.52  1.71  1.95  1.79  1.91
SKEW       .72   .90   .70   .66   .71   .66   .57   .74   .61   .85   .77  1.36
% NE      4.72  5.60  5.11  4.40  4.55  3.81  3.69  4.77  5.38  5.55  4.26  5.17
MEAN      4.23  3.92  4.18  4.01  3.75  3.55  3.08  3.30  3.41  3.65  3.61  3.83
STD DEV   2.31  1.89  2.05  1.85  1.59  1.61  1.39  1.54  1.66  1.81  1.96  1.98
SKEW       .92   .69   .93   .70   .43   .55   .87   .56   .88   .75  1.13   .80
% ENE     4.84  5.90  6.04  5.07  5.88  4.05  3.67  4.35  5.52  5.81  4.17  5.35
MEAN      4.15  4.25  4.59  4.51  4.00  3.66  3.37  3.37  3.74  4.04  3.80  4.05
STD DEV   2.19  2.15  2.09  2.16  1.82  1.68  1.51  1.50  1.76  1.97  1.98  2.17
SKEW       .94   .67   .68  1.10   .61   .66   .55   .52   .71   .61   .85  1.13
% E       3.61  4.41  5.63  5.75  6.14  4.72  3.75  4.00  4.80  4.49  4.13  3.40
MEAN      3.38  3.77  4.25  4.22  3.74  3.45  3.05  2.98  3.41  3.57  3.63  3.14
STD DEV   1.82  2.10  2.02  1.96  1.92  1.68  1.42  1.36  1.73  1.82  1.93  1.61
SKEW      1.10   .83   .53   .48  1.10   .75   .60   .60   .79   .81   .84  1.06
% ESE     1.81  2.53  3.76  4.59  5.15  4.15  3.19  3.11  3.72  3.39  2.96  1.87
MEAN      2.99  3.31  4.27  4.23  3.91  3.59  3.31  3.19  3.45  3.72  3.68  3.60
STD DEV   1.48  1.65  1.88  1.83  1.76  1.57  1.43  1.38  1.49  1.83  1.88  1.93
SKEW       .83   .76   .48   .34   .54   .53   .46   .62   .58   .72  1.28  1.00
% SE      1.42  1.78  2.57  3.23  3.81  3.94  3.42  3.52  3.34  2.75  2.54  1.45
MEAN      3.15  3.13  3.88  3.76  3.74  3.41  3.34  3.22  3.37  3.38  3.56  3.25
STD DEV   1.68  1.43  1.79  1.69  1.70  1.56  1.46  1.44  1.60  1.82  1.82  1.76
SKEW      1.07   .69   .47   .47   .51   .56   .47   .60   .72  1.02  1.23   .72
% SSE     1.39  2.02  2.45  3.41  3.58  4.32  4.06  3.98  3.38  2.63  2.62  1.59
MEAN      3.01  3.45  4.26  4.05  3.75  3.51  3.61  3.48  3.49  3.42  3.67  3.99
STD DEV   1.51  1.89  2.05  1.85  1.64  1.55  1.52  1.52  1.55  1.65  1.80  2.09
SKEW       .89  1.18   .67   .49   .42   .58   .46   .70   .52  1.06   .74   .61
% S       2.63  3.05  3.39  4.77  5.09  6.29  6.16  5.80  4.81  3.71  4.06  2.79
MEAN      3.37  3.73  4.20  4.15  3.82  3.57  3.55  3.45  3.57  3.29  3.69  3.57
STD DEV   1.73  2.00  2.12  1.96  1.74  1.65  1.60  1.61  1.74  1.65  1.93  1.84
SKEW       .96  1.07   .60   .55   .62   .67   .68   .59   .75   .95   .81   .80
% SSW     4.69  4.49  4.08  6.33  7.11  8.20  7.67  7.35  6.55  5.97  5.79  5.00
MEAN      3.95  3.92  4.47  4.60  4.12  3.89  3.65  3.54  3.69  3.64  3.98  4.02
STD DEV   1.98  1.97  2.27  2.22  1.91  1.84  1.67  1.71  1.73  1.81  2.15  2.15
SKEW       .87   .82   .90   .46   .75   .76   .70   .86   .73   .81  1.13  1.11
% SW      7.49  6.45  5.37  7.83  9.12 10.81 11.70 10.15  9.21  8.90  8.11  8.63
MEAN      3.97  3.93  4.46  4.50  4.15  3.80  3.68  3.38  3.63  3.59  3.87  3.93
STD DEV   2.06  2.07  2.26  2.26  1.97  1.82  1.74  1.59  1.73  1.79  2.02  1.94
SKEW       .82   .96   .72   .83   .81   .77   .73   .75   .78   .92   .89   .85
% WSW     8.50  7.70  6.42  7.72  7.92  9.56  9.74  8.49  7.08  8.10  8.83  9.46
MEAN      4.30  4.52  4.82  4.82  4.34  3.91  3.72  3.43  3.50  3.79  4.32  4.14
STD DEV   2.27  2.35  2.42  2.45  2.08  1.83  1.76  1.60  1.76  1.92  2.25  2.02
SKEW      1.12   .78   .70   .83   .71   .76   .72   .77   .88   .88   .82   .83
% W      12.41 11.07  9.79  8.77  7.59  7.87  8.43  8.24  7.55  8.40 11.90 12.66
MEAN      5.31  5.61  5.83  5.39  4.53  3.83  3.63  3.36  3.64  4.00  4.88  4.99
STD DEV   2.77  2.84  2.99  2.76  2.34  1.88  1.83  1.71  2.04  2.10  2.55  2.47
SKEW       .93   .55   .66   .58   .72   .75   .86   .86  1.43   .85   .76   .62
% WNW    12.40 11.97 12.14  9.55  6.64  6.71  6.58  6.25  5.84  7.39 11.02 12.00
MEAN      6.15  6.58  6.74  6.14  5.12  4.54  4.09  3.88  4.14  4.70  5.59  5.95
STD DEV   2.82  2.95  3.14  2.74  2.49  2.22  2.00  2.03  2.17  2.43  2.70  2.78
SKEW       .48   .33   .61   .43   .53   .73   .78   .97   .79   .96   .56   .44
% NW     10.52 10.35 11.06  8.26  6.52  5.91  6.28  5.50  6.02  6.91  8.12  8.97
MEAN      6.10  6.42  6.38  6.04  5.20  4.59  3.98  3.77  4.19  4.93  5.48  5.86
STD DEV   2.84  2.84  2.78  2.66  2.34  2.23  1.81  1.86  2.13  2.39  2.61  2.76
SKEW       .49   .29   .37   .35   .35   .60   .52   .64   .67   .59   .60   .36
% NNW     7.17  7.31  7.65  6.83  5.80  4.68  4.66  4.56  5.36  5.98  5.59  5.97
MEAN      5.73  6.07  5.76  5.85  5.21  4.62  4.04  3.93  4.37  4.91  5.17  5.54
STD DEV   2.57  2.66  2.50  2.46  2.24  2.12  1.78  1.85  1.98  2.34  2.47  2.65
SKEW       .30   .35   .39   .21   .37   .51   .48   .63   .51   .44   .54   .36
CALM      7.48  6.43  4.74  4.60  6.82  7.55  9.48 10.60 10.49  9.60  8.12  7.46
 
INTERPOLATED DATA (station & weighting factor)
 
---Wind Stations---
WILLOW GROVE  PA     .375  ALLENTOWN/BET PA     .340  NEWARK/INT    NJ     .286
---Solar Radiation and Max .5 P Stations---
 NEWARK, NEW JERSEY  .566   WILMINGTON, DELAWA  .303   ALBANY, NEW YORK    .131 
---Dewpoint Stations---
NJ TRENTON           .451  PA ALLENTOWN         .298  NJ NEWARK            .251 
---Time Peak Stations---
CLINTON 2 N NJ       .552  WINDSOR NJ           .261  PEN ARGYL PA         .188 
