 HIGHTSTOWN 1 N NJ                       283951 0
 LATT=  40.28 LONG= -74.52 YEARS= 62. TYPE= 4
 ELEVATION =  100. TP5 = 2.42 TP6= 5.24
 MEAN P    .33   .31   .36   .33   .34   .36   .46   .45   .49   .39   .39   .36
 S DEV P   .39   .35   .41   .39   .45   .49   .68   .66   .76   .52   .50   .43
 SKEW  P  1.95  1.88  2.00  1.99  2.48  3.51  2.98  3.61  3.28  2.53  2.08  1.91
 P(W/W)    .41   .39   .41   .48   .46   .42   .43   .43   .41   .41   .42   .37
 P(W/D)    .27   .27   .29   .29   .29   .28   .28   .26   .22   .20   .26   .27
 TMAX AV 39.13 41.47 50.21 61.74 72.67 81.12 85.61 83.63 76.87 66.24 54.67 42.68
 TMIN AV 22.59 23.87 30.87 39.56 49.32 58.18 63.37 61.94 54.64 43.87 35.62 26.34
 SD TMAX 10.44 10.14 10.94 10.37  9.03  7.90  6.13  6.27  7.93  8.71  9.60 10.09
 SD TMIN 10.09  9.49  8.44  7.74  7.83  6.87  6.02  6.66  8.77  9.40  9.28  9.65
 SOL.RAD  136.  206.  297.  377.  444.  484.  471.  405.  344.  251.  158.  121.
 SD SOL   46.6  56.3  72.6  94.3 106.7 108.5 104.4 196.1  89.1  52.9  46.0  42.4
 MX .5 P   .56   .42   .37   .51   .74   .97  1.14  1.33   .98   .51   .74   .43
 DEW PT  24.31 23.19 28.48 38.19 49.31 58.67 63.67 63.48 56.19 47.28 35.00 25.17
Time Pk   .666  .760  .792  .835  .843  .854  .871  .887  .899  .926  .959 1.000
% N       5.25  4.80  5.31  4.70  4.16  3.92  4.13  4.94  5.96  5.63  4.25  4.60
MEAN      3.94  4.06  4.22  4.25  3.76  3.46  3.18  3.15  3.49  3.62  3.63  3.83
STD DEV   1.89  1.95  2.05  2.04  1.83  1.64  1.49  1.41  1.56  1.78  1.86  1.88
SKEW       .59   .64   .71   .63   .77   .62   .78   .64   .52   .93   .90   .65
% NNE     5.00  4.88  5.24  4.40  3.92  3.82  3.88  5.43  6.14  6.44  4.68  5.05
MEAN      4.35  3.98  4.53  4.01  3.77  3.45  3.28  3.41  3.65  3.91  3.83  3.80
STD DEV   2.16  1.82  2.21  1.79  1.68  1.66  1.43  1.52  1.69  1.80  1.85  1.98
SKEW       .80   .93   .81   .57   .63  1.01   .60   .73   .61   .60   .68   .89
% NE      4.54  5.47  5.30  4.96  5.23  4.23  3.90  5.22  5.68  5.98  3.97  5.06
MEAN      4.47  4.08  4.29  4.18  4.01  3.58  3.27  3.48  3.62  4.04  3.85  4.18
STD DEV   2.45  1.96  2.05  1.91  1.81  1.63  1.51  1.62  1.78  2.00  2.05  2.19
SKEW       .83   .57   .89   .52   .46   .51   .69   .57   .70   .67   .80   .71
% ENE     3.05  4.14  5.07  5.04  5.11  4.29  3.48  3.86  4.61  4.57  3.08  3.06
MEAN      4.43  4.49  4.76  4.64  4.31  3.93  3.47  3.60  4.00  4.22  4.12  4.04
STD DEV   2.41  2.27  2.19  2.22  2.03  1.75  1.56  1.61  2.10  2.06  2.55  2.29
SKEW       .63   .69   .68   .87   .59   .48   .47   .37   .95   .50  1.19  1.04
% E       2.90  3.38  4.56  4.82  5.41  4.56  3.45  3.95  4.59  3.79  3.43  2.64
MEAN      3.46  3.65  4.20  4.10  3.76  3.58  3.10  3.08  3.40  3.51  3.48  3.24
STD DEV   1.94  1.95  2.04  1.87  1.94  1.70  1.47  1.43  1.75  1.87  2.04  1.77
SKEW       .89   .92   .48   .42   .95   .72   .55   .52   .87   .93  1.09   .85
% ESE     1.70  2.51  3.69  4.58  5.05  4.41  3.29  3.32  3.80  3.22  2.96  1.77
MEAN      2.93  3.27  3.88  3.97  3.70  3.52  3.28  3.23  3.26  3.38  3.52  3.45
STD DEV   1.42  1.61  1.65  1.64  1.58  1.50  1.37  1.34  1.35  1.62  1.81  1.84
SKEW       .74   .85   .48   .38   .54   .59   .48   .40   .51   .88  1.31   .83
% SE      1.56  2.29  2.94  4.09  4.36  4.48  4.28  3.97  4.19  2.87  3.08  1.69
MEAN      3.16  3.18  3.78  3.93  3.68  3.43  3.45  3.21  3.36  3.30  3.50  3.42
STD DEV   1.51  1.43  1.68  1.61  1.55  1.50  1.47  1.40  1.51  1.66  1.78  1.99
SKEW      1.04   .54   .59   .47   .45   .61   .62   .56   .68   .78  1.21   .94
% SSE     1.77  2.43  2.87  3.97  3.96  4.71  4.88  4.40  3.85  2.90  2.84  1.81
MEAN      3.33  3.56  4.30  4.12  3.72  3.53  3.59  3.54  3.51  3.36  3.64  4.01
STD DEV   1.79  1.74  2.10  1.84  1.65  1.56  1.49  1.60  1.52  1.69  1.76  2.15
SKEW       .97   .79   .87   .48   .47   .59   .37   .65   .40  1.03   .76   .61
% S       3.21  3.64  3.87  5.16  5.89  6.72  7.10  6.39  5.52  4.24  4.64  3.23
MEAN      3.83  4.01  4.38  4.27  3.88  3.51  3.50  3.38  3.49  3.36  3.66  3.69
STD DEV   2.11  2.20  2.23  2.11  1.90  1.69  1.64  1.61  1.73  1.71  2.00  1.92
SKEW       .97  1.05   .63   .64   .70   .71   .71   .62   .76   .89   .95   .72
% SSW     5.01  5.15  4.39  6.37  7.56  8.12  8.62  7.64  7.34  6.28  6.21  5.20
MEAN      4.26  4.43  4.71  4.80  4.48  4.04  3.86  3.54  3.83  3.75  4.03  4.07
STD DEV   2.29  2.38  2.50  2.31  2.22  1.98  1.84  1.77  1.89  1.86  2.19  2.23
SKEW       .86   .95   .80   .62   .84   .85   .84   .88   .83   .72  1.12   .88
% SW      7.26  6.84  5.69  7.33  8.65 10.51 12.05  9.92  9.12  8.65  7.91  8.47
MEAN      4.29  4.48  4.83  4.85  4.36  4.15  3.94  3.53  3.78  3.82  4.10  4.11
STD DEV   2.39  2.32  2.56  2.52  2.16  2.04  1.86  1.68  1.94  2.01  2.23  2.03
SKEW       .88   .91   .86   .88   .84   .74   .61   .66  1.00  1.00   .93   .71
% WSW     8.29  7.38  6.74  7.54  7.88  9.43  9.24  8.43  6.31  7.94  8.46  9.20
MEAN      4.58  4.89  5.34  5.23  4.67  4.16  3.90  3.59  3.62  3.88  4.45  4.27
STD DEV   2.54  2.61  2.71  2.73  2.34  1.96  1.86  1.67  1.85  1.93  2.33  2.07
SKEW      1.19   .81   .64   .80   .75   .66   .65   .70   .78   .70   .81   .84
% W      13.31 11.76 10.40  9.08  8.62  8.77  8.36  8.71  7.61  8.69 12.27 13.74
MEAN      5.06  5.55  5.71  5.25  4.64  3.94  3.61  3.36  3.49  3.88  4.60  4.81
STD DEV   2.69  2.83  3.16  2.74  2.31  1.89  1.76  1.64  1.90  2.06  2.44  2.44
SKEW       .98   .75  1.04   .73   .76   .78   .80   .74  1.24   .86   .84   .79
% WNW    13.51 13.33 12.31  9.76  7.15  6.66  6.32  6.37  5.89  7.61 11.15 12.97
MEAN      5.63  6.18  6.24  5.92  5.01  4.24  3.90  3.62  3.93  4.40  5.05  5.50
STD DEV   2.66  2.85  2.99  2.74  2.54  2.02  1.84  1.78  2.00  2.31  2.48  2.61
SKEW       .66   .50   .73   .57   .85   .72   .69   .88   .85   .97   .78   .63
% NW     10.63 10.15 10.75  7.98  6.34  5.60  5.68  5.20  6.08  7.24  8.67  9.31
MEAN      5.38  5.76  5.70  5.59  4.85  4.20  3.63  3.51  3.79  4.37  4.95  5.19
STD DEV   2.52  2.56  2.55  2.55  2.24  2.02  1.65  1.74  1.90  2.07  2.36  2.45
SKEW       .71   .51   .52   .49   .49   .62   .52   .66   .74   .62   .65   .58
% NNW     6.93  6.77  6.87  5.87  5.14  4.08  4.25  4.46  5.13  5.99  5.84  6.14
MEAN      4.93  5.22  5.03  5.08  4.44  4.01  3.47  3.36  3.77  4.09  4.44  4.76
STD DEV   2.30  2.43  2.20  2.27  2.04  1.86  1.58  1.58  1.69  1.87  2.15  2.38
SKEW       .58   .61   .50   .49   .67   .55   .69  1.09   .63   .52   .63   .74
CALM      6.00  5.06  4.02  4.27  5.58  5.68  7.12  7.81  8.16  7.94  6.61  6.16
 
INTERPOLATED DATA (station & weighting factor)
 
---Wind Stations---
LAKEHURST     NJ     .453  WILLOW GROVE  PA     .278  NEWARK/INT    NJ     .268
---Solar Radiation and Max .5 P Stations---
 NEWARK, NEW JERSEY  .433   NEW YORK, NEW YORK  .329   PHILADELPIA, PENNS  .238 
---Dewpoint Stations---
NJ TRENTON           .642  PA PHILADELPHIA      .191  NY NEW YORK          .167 
---Time Peak Stations---
WINDSOR NJ           .690  FREEHOLD NJ          .226  CLINTON 2 N NJ       .084 
