 FORT SUMNER NM                          293294 0
 LATT=  34.47 LONG=-104.25 YEARS= 45. TYPE= 3
 ELEVATION = 4030. TP5 = 2.03 TP6= 3.77
 MEAN P    .13   .14   .13   .17   .23   .26   .31   .36   .29   .35   .19   .14
 S DEV P   .14   .16   .21   .19   .31   .40   .44   .56   .39   .61   .27   .14
 SKEW  P  1.89  1.96  3.43  2.29  2.59  3.92  2.82  3.09  2.94  3.97  2.68  1.56
 P(W/W)    .30   .32   .31   .33   .38   .38   .37   .40   .45   .40   .36   .39
 P(W/D)    .07   .07   .08   .07   .11   .14   .21   .19   .13   .09   .07   .07
 TMAX AV 53.37 58.12 65.92 74.54 82.41 90.68 92.21 90.22 83.91 74.78 63.01 54.47
 TMIN AV 22.21 26.09 32.07 40.82 49.84 59.14 63.38 61.70 53.95 41.85 30.65 23.58
 SD TMAX 12.02 12.05 10.55  9.54  8.19  7.58  6.43  6.15  8.29  9.72 11.08 11.84
 SD TMIN  9.57  8.77  8.11  7.38  6.73  5.47  3.53  3.73  6.37  7.63  8.40  8.58
 SOL.RAD  301.  392.  504.  609.  670.  705.  661.  607.  550.  423.  340.  282.
 SD SOL   15.2  15.7  20.7  26.8  34.5  34.1  42.8  85.4  35.8  16.2   8.4  12.2
 MX .5 P   .11   .09   .18   .31  1.13  1.28  1.41  1.47   .79   .69   .17   .42
 DEW PT  19.24 21.24 21.74 27.68 36.65 46.12 53.40 54.70 46.70 36.43 24.98 20.73
Time Pk   .563  .693  .744  .832  .842  .848  .867  .876  .879  .909  .958 1.000
% N       5.45  7.04  3.99  3.74  3.73  2.77  3.34  3.39  3.38  5.46  5.14  5.73
MEAN      4.40  5.28  4.30  4.16  5.35  4.23  3.73  3.95  4.08  4.88  4.65  5.40
STD DEV   2.27  3.03  2.35  2.03  3.02  2.06  1.65  1.40  2.68  2.28  1.99  3.18
SKEW       .61   .94  1.19   .64   .83   .80   .76   .72  1.20   .33   .36   .60
% NNE     4.04  5.67  3.12  3.73  3.33  2.02  2.68  2.39  4.26  3.18  4.51  2.76
MEAN      4.90  6.64  5.47  5.16  5.95  4.89  3.80  3.80  4.29  4.62  5.41  3.56
STD DEV   2.16  3.07  2.94  2.03  2.72  2.13  1.67  1.67  2.05  2.19  2.68  1.56
SKEW       .97   .56  1.26   .31   .40   .38   .44   .31   .24   .30   .54   .74
% NE      4.45  4.52  4.57  4.18  3.55  4.35  4.47  4.61  4.11  4.56  5.20  3.74
MEAN      5.01  5.85  5.25  4.93  6.04  5.17  4.78  3.84  4.67  5.02  5.19  4.13
STD DEV   2.21  3.04  2.71  2.39  2.41  2.23  2.21  1.68  1.71  1.97  2.88  2.56
SKEW       .67   .54  1.22   .56   .56   .44   .59  1.06   .99   .07   .90   .92
% ENE     2.54  2.19  3.35  3.13  2.73  2.87  3.32  4.68  3.62  4.17  2.48  4.12
MEAN      4.35  3.26  5.05  4.96  4.56  4.96  4.84  4.49  4.49  4.66  4.55  4.39
STD DEV   1.50  1.20  2.06  2.18  1.96  2.24  1.96  1.81  1.57  2.02  1.83  1.93
SKEW       .56   .61   .36   .49   .44   .19   .47   .44   .73   .39   .35   .47
% E       2.92  2.57  3.56  4.59  3.25  3.83  5.70  4.68  4.41  3.14  4.54  4.58
MEAN      3.94  3.47  4.05  4.44  4.31  4.55  4.12  3.76  3.37  3.74  3.73  3.52
STD DEV   1.39  1.61  1.81  1.91  1.92  1.90  1.71  1.58  1.50  1.89  1.59  1.28
SKEW       .41  1.46   .14   .48   .35   .69   .68   .34   .54   .97   .69   .22
% ESE     1.28  2.32  1.93  3.09  2.40  3.99  3.26  2.56  2.15  1.63  2.09  2.39
MEAN      3.77  3.70  3.92  4.35  4.13  4.99  4.63  4.09  3.61  4.02  3.12  3.20
STD DEV   1.15  1.35  1.33  1.71  1.78  2.10  1.90  1.44  1.30  1.63  1.26  1.36
SKEW       .05  -.02   .03   .43   .35   .39  -.04   .28   .39   .43   .40   .31
% SE      2.34  2.37  3.18  3.04  5.14  6.56  7.14  3.90  4.63  4.12  2.47  1.90
MEAN      3.23  3.67  3.99  5.59  4.64  5.90  4.83  3.80  3.55  3.55  3.91  5.22
STD DEV   1.41  1.57  1.65  2.97  2.09  2.55  2.09  1.45  1.43  1.35  1.25   .68
SKEW       .32   .27   .78   .71   .64   .05   .61   .29   .37   .18   .47   .22
% SSE     3.20  3.94  3.76  5.07  6.48  8.94  9.11  6.49  6.33  4.75  3.95  3.15
MEAN      4.58  4.21  4.59  5.10  5.60  5.65  4.80  4.55  4.34  3.88  4.18  3.82
STD DEV    .84  1.78  2.01  2.96  2.32  2.24  1.95  1.96  1.29  1.57  1.33   .82
SKEW       .24  1.24   .05  1.18   .40   .48   .27   .35  -.20   .70  -.39   .28
% S       6.20  7.46  8.64  9.64 12.73 14.00 19.52 15.97 15.26 10.00 10.90  7.11
MEAN      4.40  4.87  5.20  6.20  5.38  5.18  4.65  4.62  4.78  4.72  4.96  4.79
STD DEV   2.14  2.17  2.26  2.69  2.17  1.96  1.90  1.83  1.82  2.19  2.30  2.57
SKEW       .51   .21   .36   .77   .49   .13   .41   .45   .25   .53   .70   .83
% SSW     5.87  6.51  8.41  9.83 12.82 10.38 12.46 12.51 11.16 10.67  7.89  7.48
MEAN      5.80  5.58  6.28  6.42  6.30  5.71  5.23  5.08  4.96  5.41  5.46  5.88
STD DEV   2.66  2.59  2.51  2.88  2.82  2.27  2.11  1.84  1.86  2.16  2.43  2.32
SKEW       .23   .78   .60   .86   .47   .35   .49   .23   .34   .29   .46   .61
% SW     11.18 12.68 11.59 12.71 11.56 12.64 10.56 13.69 11.34 13.42  9.87 10.62
MEAN      6.00  6.44  6.69  6.80  6.77  6.21  5.02  4.92  5.08  5.02  5.59  5.63
STD DEV   2.54  2.77  3.02  3.10  3.22  2.72  2.06  2.00  2.21  2.28  2.54  2.29
SKEW       .38   .54   .97   .80   .56   .29   .30   .62   .76   .39  1.35   .76
% WSW    13.99  8.03 11.19 10.98  9.31  8.69  4.26  6.56  6.01  8.42 10.73  9.75
MEAN      6.36  6.20  7.18  7.65  6.83  5.92  4.57  4.43  4.90  5.50  6.05  6.12
STD DEV   2.75  3.09  2.88  3.45  3.27  2.40  2.19  1.74  1.97  2.20  2.60  2.49
SKEW       .63   .58   .46   .67   .68   .31   .78   .30   .44   .67  1.05   .39
% W      15.80 12.79 14.03 11.15  9.54  6.47  3.40  4.54  6.95  9.66 11.51 14.32
MEAN      6.37  5.81  7.42  7.24  6.68  5.08  3.73  4.05  4.36  4.77  5.90  6.01
STD DEV   3.36  3.00  3.71  3.31  3.21  2.24  1.64  1.82  2.17  2.16  3.35  2.72
SKEW       .86   .75   .75   .68   .83   .36   .76   .47   .85   .51  1.32   .50
% WNW     4.07  5.84  5.05  4.24  3.68  2.37   .79  1.67  2.25  2.70  2.83  5.50
MEAN      5.82  5.80  6.77  6.90  5.76  4.59  3.76  3.79  4.33  4.17  5.66  5.55
STD DEV   3.32  3.01  3.91  3.77  2.58  2.05   .96  1.69  2.46  2.10  3.28  2.61
SKEW      1.41   .85   .72  1.64   .49   .56   .35   .39   .61   .49  1.09  1.49
% NW      3.60  4.35  3.92  2.62  2.74  1.94  1.96  2.51  2.46  2.65  3.14  4.00
MEAN      4.31  5.09  4.79  4.76  4.01  4.82  4.14  3.32  3.54  3.74  4.61  3.94
STD DEV   2.47  2.74  2.73  3.25  1.63  2.21  1.60  1.54  1.49  2.01  2.20  2.10
SKEW       .86   .89   .85  1.69   .26   .82  -.13   .26   .38   .72   .68   .45
% NNW     3.12  4.17  3.39  2.59  2.07  2.59  1.52  2.14  2.15  2.88  2.82  3.43
MEAN      4.59  4.63  5.06  5.04  3.96  5.15  4.24  3.64  3.83  5.06  4.23  4.17
STD DEV   2.39  2.16  2.54  1.71  1.84  2.04   .78  1.20  1.77  2.39  2.18  2.17
SKEW       .67   .91   .46   .25   .68   .23   .29   .05   .52   .22  1.21   .52
CALM      9.98  7.44  6.21  5.59  4.96  5.63  6.52  7.75  9.57  8.52 10.12  9.56
 
INTERPOLATED DATA (station & weighting factor)
 
---Wind Stations---
MELROSE RANGE NM     .545  ROSWELL/WALK. NM     .254  LAS VEGAS     NM     .201
---Solar Radiation and Max .5 P Stations---
 ROSWELL, NEW MEXIC  .493   ALBUQURQUE, NEW ME  .265   AMARILLO, TEXAS     .242 
---Dewpoint Stations---
NM ROSWELL           .490  NM ALBUQUERQUE       .264  NM CLAYTON           .246 
---Time Peak Stations---
SUMNER LAKE NM       .746  CLOVIS 13N NM        .149  TWO RIVERS RSRVR NM  .105 
