 HACHITA NM                              293775 0
 LATT=  31.92 LONG=-108.32 YEARS= 45. TYPE= 3
 ELEVATION = 4500. TP5 = 1.43 TP6= 2.77
 MEAN P    .22   .21   .19   .19   .15   .23   .30   .32   .29   .28   .23   .27
 S DEV P   .18   .22   .19   .25   .16   .28   .34   .35   .29   .29   .24   .32
 SKEW  P  1.29  2.09  3.13  3.85  2.10  3.07  2.14  2.30  1.70  1.85  1.96  2.50
 P(W/W)    .26   .31   .40   .25   .25   .22   .35   .27   .36   .33   .30   .42
 P(W/D)    .08   .07   .05   .03   .03   .04   .21   .19   .10   .08   .05   .07
 TMAX AV 57.61 62.63 68.84 77.56 85.45 94.81 94.31 91.59 87.68 77.89 66.27 57.93
 TMIN AV 26.02 28.29 32.96 39.67 47.38 57.38 63.35 61.49 54.89 43.89 31.93 26.38
 SD TMAX  8.51  8.56  8.03  7.16  6.62  5.40  5.22  4.72  6.17  7.45  8.40  8.66
 SD TMIN  7.57  8.02  7.79  7.95  7.13  6.95  3.72  3.68  5.65  7.02  7.60  7.42
 SOL.RAD  326.  411.  540.  648.  716.  712.  654.  616.  569.  443.  362.  305.
 SD SOL   21.5  19.1  19.5  24.4  32.1  28.9  42.0  79.6  34.3  15.6  12.2  17.5
 MX .5 P   .45   .16   .47   .15   .29   .43   .47   .79   .46   .44   .11   .17
 DEW PT  25.71 24.28 24.71 26.00 29.29 39.01 55.43 56.71 48.57 39.00 28.85 26.28
Time Pk   .585  .716  .775  .840  .849  .856  .874  .877  .884  .913  .948 1.000
% N       5.79  6.33  3.84  3.23  2.57  4.02  4.29  5.07  6.11  5.89  5.85  6.98
MEAN      3.18  3.49  3.35  3.84  3.80  3.88  4.40  3.68  3.28  2.79  3.10  3.25
STD DEV   1.24  1.57  1.16  1.75  1.52  1.77  2.00  1.84  1.67  1.08  1.26  1.32
SKEW       .39  1.06   .83   .61   .45   .66   .67  1.27  1.13   .72   .77  1.19
% NNE     2.93  3.13  2.63  2.01  2.43  2.14  3.48  3.71  3.78  3.58  3.24  3.72
MEAN      3.02  3.05  3.22  3.66  4.51  3.77  4.15  3.17  3.03  2.85  3.06  3.03
STD DEV   1.31  1.14  1.51   .91   .98  1.76  2.22  1.47  1.24  1.16  1.29  1.22
SKEW      1.16   .45   .76   .44   .48   .63  1.06  1.22   .86   .67   .91   .79
% NE      4.98  4.48  3.41  3.18  3.28  3.64  5.90  6.43  6.96  5.79  4.88  5.14
MEAN      3.38  3.22  3.02  4.09  2.97  3.75  3.90  3.54  3.43  3.18  2.96  3.01
STD DEV   1.97  1.76  1.35  1.46  1.38  2.02  2.26  1.78  1.71  1.51  1.54  1.48
SKEW      1.35  1.41   .96  1.47  1.32  1.47  1.12  1.12  1.34  1.23  1.24  1.61
% ENE     3.06  2.60  2.35  2.41  2.33  2.51  4.34  3.89  5.26  4.50  3.66  3.18
MEAN      3.76  4.67  4.15  3.96  3.34  4.71  4.62  3.49  3.96  3.69  4.14  3.18
STD DEV   2.74  2.31  2.20  2.30   .92  2.20  2.31  1.66  2.10  2.01  2.32  1.55
SKEW      1.69   .46   .79  1.45   .50   .79   .60   .89   .96  1.27   .82   .94
% E       4.39  3.92  3.27  3.83  3.64  4.44  6.71  6.32  8.13  6.51  5.22  4.81
MEAN      3.50  4.08  3.90  3.91  4.18  4.14  4.28  3.98  4.32  4.20  4.51  3.97
STD DEV   1.69  2.44  2.27  2.21  2.20  2.22  2.14  1.93  2.04  2.14  2.44  2.01
SKEW       .96   .91  1.01  1.07   .68  1.23   .92   .98   .90   .62   .79   .59
% ESE     3.65  3.79  3.38  4.02  4.19  3.42  6.38  5.99  7.29  7.04  5.28  3.84
MEAN      3.61  4.33  4.35  4.69  4.32  4.34  4.44  4.31  4.62  4.44  4.41  3.84
STD DEV   1.90  2.11  1.92  2.18  2.17  1.84  1.88  1.84  2.11  2.10  2.15  1.86
SKEW      1.22   .83   .57   .70   .94   .93   .58   .81   .67   .49   .79  1.19
% SE      7.11  6.53  5.20  5.61  5.61  6.98 10.67  9.68 10.90  8.69  7.93  6.73
MEAN      3.57  3.70  3.80  4.10  3.97  3.95  4.27  3.97  4.02  3.70  3.35  3.21
STD DEV   1.78  1.74  1.77  1.86  1.85  1.82  1.86  1.77  1.80  1.67  1.57  1.41
SKEW      1.05   .66   .74   .83   .62   .95   .75   .74   .90   .85  1.08   .84
% SSE     4.49  3.46  3.35  2.93  3.46  3.81  4.81  4.33  5.15  4.18  5.10  3.71
MEAN      3.33  3.49  3.65  4.46  4.23  3.93  4.07  3.87  3.87  3.61  3.12  3.17
STD DEV   1.69  1.55  1.50  2.09  1.97  1.74  1.75  1.75  1.76  1.80  1.29  1.42
SKEW      1.18   .76   .72   .62   .88   .49   .69   .58   .80  1.01   .91  1.13
% S       5.26  4.74  4.33  5.17  5.20  5.29  5.56  5.53  4.48  5.37  4.60  4.89
MEAN      3.15  3.48  3.67  4.17  4.47  4.13  3.82  3.65  3.56  3.66  3.05  3.02
STD DEV   1.48  1.60  1.75  2.17  2.04  1.79  1.91  1.71  1.75  1.99  1.50  1.48
SKEW       .81   .67   .62   .91   .85   .55  1.05   .72  1.58  1.06  1.24   .90
% SSW     2.55  2.49  3.63  3.36  4.68  4.00  2.42  2.34  2.49  2.72  3.00  2.55
MEAN      3.97  4.22  5.42  5.44  5.43  4.99  3.75  3.22  3.66  4.19  4.19  4.07
STD DEV   2.67  2.61  3.24  3.39  2.71  2.16  1.99  1.61  1.79  2.35  2.52  3.21
SKEW      1.48  1.34   .90   .80   .55   .25  1.06  1.13   .87  1.20   .97  1.85
% SW      5.83  5.81  8.21  8.39 10.41  8.21  4.79  4.15  4.03  5.51  5.08  5.39
MEAN      4.81  4.79  6.80  6.26  6.26  5.81  3.95  3.74  3.75  4.54  3.81  4.86
STD DEV   3.12  3.15  3.96  3.35  3.08  2.78  2.07  1.83  1.81  2.45  2.47  3.39
SKEW       .96  1.00   .89   .76   .69   .52  1.12   .85   .92  1.04  1.26  1.06
% WSW     5.45  6.16 10.03 11.95 12.71 11.30  4.91  4.23  3.53  5.11  4.79  4.53
MEAN      5.69  6.14  7.66  7.14  6.66  6.08  4.63  3.95  4.37  5.38  5.16  5.84
STD DEV   3.38  3.05  3.76  3.22  2.84  2.60  2.32  1.84  2.19  2.68  2.65  3.72
SKEW       .68   .37   .41   .28   .38   .32   .68   .64   .88   .61   .62   .92
% W       8.73 10.02 11.99 13.98 13.76 12.06  7.32  8.02  6.76  6.99  8.90  7.32
MEAN      5.35  5.79  6.64  6.82  5.94  5.35  4.67  4.39  4.45  4.66  5.07  5.16
STD DEV   2.94  3.06  3.09  2.97  2.61  2.16  2.15  1.90  1.90  2.21  2.82  2.87
SKEW       .77   .73   .35   .44   .57   .59   .66   .58   .63   .58   .97   .85
% WNW    10.86 12.86 15.35 14.68 11.45 11.61  8.81  9.84  6.17  7.61 10.90 11.56
MEAN      5.71  5.93  6.50  6.18  5.47  5.18  5.27  4.91  4.51  4.51  5.26  5.80
STD DEV   2.76  2.66  2.88  2.75  2.51  2.02  2.23  2.21  2.19  2.02  2.56  2.73
SKEW       .53   .50   .39   .57  1.31   .67   .62   .68   .53   .69   .65   .62
% NW     12.16 13.06 10.28  7.72  7.62  8.43 10.27 10.21  7.57  9.16  8.48 11.06
MEAN      4.40  4.60  4.89  4.83  4.71  4.50  4.74  4.47  3.91  3.59  4.26  4.45
STD DEV   2.13  2.26  2.46  2.22  2.07  1.92  2.21  2.11  1.88  1.76  2.29  2.33
SKEW       .86   .95   .80   .78   .79   .52   .86   .81  1.43  1.02  1.16   .99
% NNW     5.67  5.43  3.95  2.75  3.25  3.60  4.99  4.76  4.52  5.14  5.68  6.59
MEAN      3.63  3.71  4.00  3.93  3.88  4.06  4.26  3.91  3.61  3.07  3.52  3.73
STD DEV   1.52  1.73  2.05  1.72  1.59  1.49  2.04  1.79  1.63  1.18  1.55  1.69
SKEW       .46  1.01  1.14   .19   .60  1.05   .88   .72   .95   .45   .61  1.47
CALM      7.06  5.20  4.67  4.72  3.34  4.49  4.38  5.45  6.90  6.21  7.44  7.97
 
INTERPOLATED DATA (station & weighting factor)
 
---Wind Stations---
COLUMBUS      NM     .434  SILVER CITY   NM     .351  DOUGLAS       AZ     .215
---Solar Radiation and Max .5 P Stations---
 WALNUT GULCH, ARIZ  .427   EL PASO, TEXAS      .388   ALBUQURQUE, NEW ME  .184 
---Dewpoint Stations---
TX EL PASO           .573  AZ TUCSON            .427                            
---Time Peak Stations---
DOUGLAS AZ           .559  JORNADA EXP RANGE N  .441                            
