 GLENWOOD NM                             293577 0
 LATT=  33.32 LONG=-108.88 YEARS= 45. TYPE= 3
 ELEVATION = 4720. TP5 = 1.58 TP6= 3.08
 MEAN P    .24   .23   .20   .18   .22   .20   .22   .22   .25   .32   .25   .31
 S DEV P   .26   .25   .22   .21   .35   .24   .30   .29   .32   .37   .28   .34
 SKEW  P  1.96  1.62  1.76  2.20  4.43  2.14  3.39  4.38  2.58  1.94  2.21  2.29
 P(W/W)    .39   .42   .39   .32   .42   .35   .52   .49   .45   .51   .39   .46
 P(W/D)    .11   .09   .11   .06   .05   .07   .28   .27   .14   .09   .08   .10
 TMAX AV 56.52 61.15 66.36 74.94 82.08 91.06 91.84 89.27 85.71 76.63 65.16 57.42
 TMIN AV 24.92 27.47 31.40 37.17 43.20 52.02 60.06 58.61 51.86 41.62 30.13 25.07
 SD TMAX  8.52  8.86  8.76  7.74  6.97  5.85  5.33  4.74  5.58  7.76  8.61  8.53
 SD TMIN  7.19  6.86  6.31  5.98  6.35  7.02  3.72  3.80  5.87  6.44  6.82  7.06
 SOL.RAD  313.  400.  529.  639.  715.  715.  654.  607.  564.  438.  350.  291.
 SD SOL   22.4  19.9  20.7  26.0  31.7  28.3  42.2  84.0  34.7  14.9  13.2  18.8
 MX .5 P   .26   .17   .23   .18   .36   .34   .48   .94   .26   .40   .16   .24
 DEW PT  23.84 22.80 22.84 24.34 27.18 35.06 52.72 54.51 47.30 36.01 26.76 24.13
Time Pk   .635  .731  .792  .857  .870  .874  .885  .896  .905  .930  .962 1.000
% N       4.77  5.92  3.04  2.33  2.06  3.74  3.84  4.59  4.58  4.08  4.87  5.78
MEAN      3.49  3.92  3.52  4.35  4.09  4.25  5.13  4.15  3.70  3.08  3.37  3.50
STD DEV   1.21  1.68  1.14  2.02  1.52  2.00  2.18  2.12  1.88  1.16  1.29  1.41
SKEW       .20  1.10  1.12   .66   .35   .87   .36  1.90  1.16   .59   .73  1.49
% NNE     1.71  2.03  1.68  1.31  1.34  1.41  2.33  2.15  2.25  1.85  1.91  1.92
MEAN      2.98  3.26  2.95  3.98  5.06  4.18  4.25  2.97  2.96  2.72  3.23  3.02
STD DEV   1.05  1.02  1.13   .68   .63  1.99  2.06  1.31   .95   .79  1.07   .86
SKEW       .66   .13   .49   .41   .35   .76   .90  1.06   .47   .15   .46   .27
% NE      7.37  6.22  3.93  4.49  4.66  5.09  6.92  7.45  8.52  6.93  6.80  7.53
MEAN      3.71  3.88  3.35  4.52  3.09  4.04  4.20  3.75  3.90  3.67  3.40  3.52
STD DEV   1.72  1.80  1.24   .78  1.18  1.82  2.28  1.73  1.79  1.55  1.32  1.31
SKEW      1.09  1.10   .89   .59  1.28   .98   .85   .97  1.24  1.23   .94  1.16
% ENE     6.14  5.27  4.42  4.09  3.84  3.96  4.97  5.15  6.78  6.86  7.15  6.46
MEAN      4.06  5.30  4.66  3.79  3.49  4.91  4.58  3.50  4.05  3.80  4.86  3.63
STD DEV   2.40  2.31  2.45  1.92   .60  2.01  2.23  1.62  2.05  2.01  2.39  1.38
SKEW      1.20   .13   .85  1.29   .36   .60   .63   .86   .92  1.52   .49   .38
% E       5.73  5.25  4.13  4.43  4.60  5.48  7.64  7.76  8.95  7.89  5.88  6.33
MEAN      4.25  4.40  4.52  3.76  4.28  4.12  4.20  4.27  4.33  4.64  5.17  4.83
STD DEV   1.84  1.82  2.47  1.84  2.09  1.78  1.83  1.89  1.78  2.14  2.30  2.25
SKEW       .93   .38   .96   .92   .63  1.11   .71   .97   .83   .52   .51   .59
% ESE     2.86  2.63  2.75  3.18  3.82  3.09  5.20  5.54  5.94  5.97  4.03  3.30
MEAN      3.93  4.62  4.72  4.62  4.36  4.61  4.46  4.53  4.63  4.73  4.84  4.47
STD DEV   1.91  2.03  2.03  1.99  1.93  1.71  1.89  1.77  1.94  2.04  2.11  2.17
SKEW      1.03   .76   .62   .51   .57   .87   .74   .70   .60   .32   .51  1.00
% SE      6.55  5.31  4.87  5.45  5.51  7.17 10.87 10.07 10.69  8.34  7.32  6.33
MEAN      4.22  4.28  4.43  4.62  4.44  4.46  4.45  4.21  4.31  4.41  3.87  3.75
STD DEV   1.99  1.92  2.04  1.91  2.04  1.83  1.77  1.77  1.72  1.79  1.73  1.55
SKEW       .97   .76   .81   .87   .70   .91   .77   .92   .78   .75  1.05   .85
% SSE     3.87  2.72  3.11  2.57  3.41  3.50  4.06  3.80  4.84  3.83  4.50  3.55
MEAN      3.88  4.00  4.38  5.06  4.87  4.38  4.30  4.15  4.40  4.20  3.85  3.75
STD DEV   1.95  1.75  1.79  2.24  2.07  1.89  1.74  1.75  1.90  1.91  1.56  1.71
SKEW      1.23   .82   .75   .46   .60   .50   .65   .58   .74   .85   .87  1.11
% S       5.11  5.45  4.49  5.93  5.81  5.80  5.65  5.90  4.39  5.77  4.45  4.88
MEAN      3.48  4.04  4.34  4.73  5.00  4.80  3.98  3.97  4.14  4.24  3.61  3.57
STD DEV   1.63  1.69  2.03  2.28  2.09  2.00  1.78  1.66  1.77  2.26  1.73  1.73
SKEW      1.09   .56   .54   .87   .91   .60   .92   .69   .86  1.28  1.11   .99
% SSW     4.21  4.12  5.99  5.67  6.68  5.77  3.38  3.13  3.63  3.68  3.98  3.82
MEAN      4.59  5.04  6.30  6.35  6.30  5.90  3.78  3.22  4.37  4.78  4.59  4.30
STD DEV   2.74  2.77  3.32  3.84  2.91  2.59  1.55  1.46  2.07  2.42  2.40  3.05
SKEW      1.19   .76   .85   .90   .51   .28   .84  1.00   .79  1.17   .87  2.11
% SW      6.27  6.02  8.98  9.70 11.39  9.49  5.08  4.43  4.75  5.44  5.26  5.76
MEAN      4.94  4.87  6.91  6.60  6.70  6.10  3.95  4.05  4.54  5.06  4.47  4.97
STD DEV   2.98  2.96  3.55  3.33  3.13  2.77  1.80  1.77  2.04  2.39  2.68  3.01
SKEW      1.11  1.10   .74   .60   .69   .56  1.14   .82   .90   .92  1.11  1.03
% WSW     4.99  6.31 10.41 11.96 11.93 11.29  4.68  4.25  4.81  5.23  4.81  4.77
MEAN      5.38  6.70  7.55  7.66  6.98  6.21  4.68  4.23  5.13  6.11  5.73  6.02
STD DEV   3.12  3.05  3.41  3.43  2.87  2.59  2.34  2.00  2.32  2.92  2.52  3.51
SKEW       .69   .32   .45   .35   .23   .34   .66   .70   .48   .65   .37   .70
% W       6.71 10.05 11.52 12.82 12.66 10.57  6.17  8.01  6.42  6.64  8.06  6.07
MEAN      5.64  6.21  6.98  7.44  6.25  5.60  4.74  4.74  5.07  5.24  5.44  5.26
STD DEV   2.81  2.92  2.92  3.20  2.76  2.32  2.06  1.88  1.97  2.27  2.77  2.54
SKEW       .73   .42   .22   .48   .45   .79   .49   .42   .41   .42   .85   .81
% WNW     8.59  9.88 11.23 11.12  8.00  7.87  7.74  7.62  5.54  6.47  9.71  9.03
MEAN      5.44  5.81  6.34  6.26  5.52  5.44  5.19  4.85  4.68  4.52  5.10  5.06
STD DEV   2.60  2.47  2.87  2.74  2.38  2.21  2.04  2.14  2.23  1.94  2.21  2.29
SKEW       .75   .57   .47   .51   .62   .62   .43   .67   .62   .65   .61   .77
% NW     10.91 11.82  8.73  6.61  6.49  6.61 10.25  8.67  6.74  9.01  7.51  9.85
MEAN      4.05  4.57  4.76  4.89  4.59  4.61  4.66  4.43  4.33  3.81  4.12  4.22
STD DEV   1.74  2.06  2.20  2.16  1.89  1.86  2.02  1.90  1.99  1.57  1.91  1.83
SKEW      1.01  1.11   .79   .89   .80   .49   .82   .90  1.70   .88  1.07   .86
% NNW     5.25  4.16  3.27  1.94  2.72  2.51  3.94  3.94  3.08  4.03  5.13  5.81
MEAN      3.78  4.38  4.12  4.22  4.14  4.25  4.50  3.83  3.99  3.51  3.82  3.80
STD DEV   1.48  1.96  1.91  1.66  1.79  1.35  2.01  1.62  1.69  1.38  1.52  1.71
SKEW       .43  1.25  1.29   .11   .92   .92   .91   .63   .82   .41   .30  1.66
CALM      8.88  6.87  7.33  6.31  4.98  6.58  7.36  7.52  8.18  8.04  8.60  8.79
 
INTERPOLATED DATA (station & weighting factor)
 
---Wind Stations---
SILVER CITY   NM     .504  ZUNI          NM     .262  DOUGLAS       AZ     .234
---Solar Radiation and Max .5 P Stations---
 WALNUT GULCH, ARIZ  .409   ALBUQURQUE, NEW ME  .299   PHOENIX, ARIZONA    .291 
---Dewpoint Stations---
AZ TUCSON            .374  AZ WINSLOW           .332  TX EL PASO           .294 
---Time Peak Stations---
DUNCAN AZ            .475  WHITERIVER AZ        .279  HILLSBORO 1 SSE NM   .246 
