 TAOS NM                                 298668 0
 LATT=  36.42 LONG=-105.57 YEARS= 45. TYPE= 3
 ELEVATION = 6980. TP5 = 1.75 TP6= 3.33
 MEAN P    .15   .12   .14   .16   .18   .16   .16   .18   .20   .20   .16   .15
 S DEV P   .17   .15   .16   .18   .28   .20   .20   .23   .25   .28   .20   .19
 SKEW  P  1.97  2.96  2.29  2.44  4.87  2.40  2.58  2.69  2.22  4.41  2.41  3.61
 P(W/W)    .32   .33   .35   .34   .49   .38   .44   .50   .43   .45   .38   .36
 P(W/D)    .13   .15   .16   .13   .12   .14   .29   .28   .15   .11   .12   .12
 TMAX AV 39.84 44.87 52.48 62.80 71.59 81.80 85.56 82.93 76.90 66.19 51.38 41.83
 TMIN AV  9.36 15.45 22.18 28.97 37.19 45.37 50.88 49.57 42.22 31.74 20.12 11.62
 SD TMAX  8.45  8.60  9.21  8.89  8.03  6.86  4.91  5.12  6.49  8.68  9.71  8.54
 SD TMIN 10.63  9.38  7.42  6.73  6.03  5.59  3.71  4.10  5.48  6.52  8.29  9.50
 SOL.RAD  273.  353.  479.  570.  613.  656.  621.  563.  508.  397.  405.  250.
 SD SOL   19.0  23.4  25.0  37.7  52.9  50.8  55.6 107.6  46.2  19.9  28.4  17.3
 MX .5 P   .10   .07   .14   .35   .76  1.12   .91  1.09   .43   .50   .13   .12
 DEW PT  16.55 19.46 20.70 27.12 36.29 43.99 50.80 53.27 44.33 32.71 23.39 18.46
Time Pk   .696  .791  .831  .879  .889  .890  .902  .906  .913  .933  .961 1.000
% N       8.05  7.69  5.02  4.35  4.31  4.23  6.60  6.51  4.96  5.75  8.09  9.28
MEAN      4.94  5.05  4.93  4.80  4.66  4.32  4.35  4.04  4.15  4.52  5.01  5.03
STD DEV   2.23  2.51  2.24  2.28  2.21  2.00  2.10  1.85  1.89  2.10  2.28  2.33
SKEW       .70   .86   .54   .44   .75   .70   .91   .90   .60   .57   .81   .73
% NNE     7.38  7.21  5.24  4.57  5.19  4.62  6.96  6.85  6.64  7.58  8.91  8.58
MEAN      4.58  4.98  4.82  4.56  4.56  4.31  4.24  3.88  3.91  4.28  4.57  4.96
STD DEV   2.02  2.43  2.22  2.03  2.12  1.95  2.05  1.63  1.67  1.77  1.97  2.36
SKEW       .96   .81   .61   .61   .75   .83  1.02   .69   .62   .52   .97   .90
% NE      5.62  6.27  4.71  4.93  5.56  5.20  7.26  6.71  6.32  6.69  6.93  6.29
MEAN      3.64  3.84  4.04  4.03  4.16  3.76  3.77  3.44  3.57  3.52  3.79  3.57
STD DEV   1.76  1.79  1.94  1.92  2.01  1.65  1.88  1.59  1.57  1.54  1.66  1.66
SKEW      1.21   .79  1.08   .84   .78   .90  1.14  1.02   .90   .90   .97   .90
% ENE     2.99  3.47  2.54  3.23  3.15  3.46  4.05  3.93  4.03  4.13  3.77  3.26
MEAN      3.51  3.83  4.22  4.35  4.23  4.35  4.29  3.90  3.91  3.76  3.77  3.65
STD DEV   1.42  1.48  2.00  2.10  1.79  1.95  2.28  1.85  1.90  1.57  1.38  1.52
SKEW       .50   .79  1.23   .78   .64  1.34  1.07  1.05  1.30  1.20   .47   .73
% E       2.98  2.96  2.69  3.41  3.26  3.77  4.85  4.43  4.37  4.32  3.76  3.21
MEAN      3.24  3.42  3.65  3.94  4.06  3.88  4.20  3.66  3.79  3.40  3.46  3.11
STD DEV   1.59  1.63  1.76  2.06  2.03  1.86  2.34  1.83  1.96  1.65  1.71  1.56
SKEW      1.19   .89   .56   .95   .67   .86   .94   .93  1.13   .89   .98  1.81
% ESE     2.12  2.01  2.27  3.00  3.39  4.54  5.23  4.62  4.09  3.20  2.44  1.89
MEAN      3.54  3.30  4.22  4.65  5.14  5.07  4.76  4.45  4.37  4.26  3.73  3.27
STD DEV   1.78  1.42  2.18  2.50  2.61  2.72  2.43  2.24  2.07  2.22  1.83  1.80
SKEW      1.11   .99  1.23   .80   .70   .78   .70   .78   .63  1.00  1.05  1.23
% SE      4.39  4.02  4.22  4.80  5.71  6.34  7.10  6.42  6.27  5.17  4.11  3.74
MEAN      4.04  4.44  4.78  5.01  5.20  4.96  4.62  4.21  4.26  3.99  4.33  3.90
STD DEV   2.07  2.20  2.39  2.51  2.64  2.47  2.27  1.98  2.06  2.02  2.32  2.07
SKEW      1.04   .53   .93   .70   .68   .72   .87   .80   .81   .84   .69   .91
% SSE     6.29  5.31  6.01  8.30  7.44  8.72  8.57  7.55  9.60  7.37  6.25  4.86
MEAN      5.37  5.29  5.45  6.00  5.84  5.83  4.89  4.59  4.92  5.10  5.34  5.03
STD DEV   2.66  2.56  2.35  2.61  2.82  2.53  2.26  2.06  2.12  2.33  2.37  2.47
SKEW       .52   .55   .38   .40   .70   .49   .65   .66   .68   .56   .56   .51
% S       8.14  7.53  8.31  8.57  8.42  8.70  8.85  8.86  9.96  9.45  7.93  7.63
MEAN      4.92  4.90  5.29  5.88  5.58  5.33  4.51  4.47  4.89  4.98  4.98  4.52
STD DEV   2.54  2.33  2.53  2.77  2.59  2.46  2.09  2.09  2.26  2.45  2.38  2.39
SKEW       .56   .49   .61   .39   .54   .55   .67   .77   .61   .80   .41   .66
% SSW     6.70  6.85  7.86  8.13  9.45  9.65  6.79  7.20  8.26  7.86  6.62  5.89
MEAN      5.37  5.16  6.07  6.39  6.50  5.92  4.77  4.74  5.16  5.50  5.34  5.37
STD DEV   2.73  2.60  3.11  3.02  3.08  2.77  2.20  2.07  2.32  2.71  2.75  2.94
SKEW       .50   .62   .75   .60   .54   .49   .63   .58   .48   .66   .69   .67
% SW      7.97  8.41 10.32 11.05 11.09 10.87  6.96  7.83  8.40  8.55  6.42  7.10
MEAN      5.62  5.62  6.65  6.96  6.91  6.56  4.61  4.68  5.21  5.28  5.09  5.52
STD DEV   3.31  3.23  3.45  3.60  3.31  3.24  2.38  2.34  2.71  2.83  2.88  3.30
SKEW       .90   .80   .62   .45   .36   .42   .74   .58   .53   .69   .89  1.05
% WSW     7.39  7.76 11.30 11.18 10.57 10.35  4.63  5.36  6.59  7.12  6.02  6.15
MEAN      7.14  6.76  8.21  8.52  7.95  7.41  5.15  5.19  6.21  6.31  6.40  6.63
STD DEV   3.69  3.51  3.70  3.83  3.35  3.13  2.59  2.45  2.91  3.06  3.05  3.39
SKEW       .49   .66   .49   .51   .31   .08   .51   .42   .18   .36   .46   .67
% W       6.12  6.61  7.92  6.37  6.22  4.68  3.89  4.38  4.06  4.55  4.84  5.78
MEAN      5.39  5.51  7.03  6.94  6.32  5.98  4.19  4.32  4.65  4.97  5.10  5.51
STD DEV   3.01  3.07  3.80  3.64  3.32  3.02  2.41  2.32  2.61  2.95  2.88  3.36
SKEW      1.35  1.11   .73   .46   .49   .49   .85   .74   .72  1.08  1.01  1.49
% WNW     4.02  4.98  6.53  5.82  4.13  2.88  2.68  3.11  2.71  2.59  3.70  4.05
MEAN      5.53  5.62  7.53  7.26  6.32  5.27  4.65  4.52  4.67  4.85  5.49  6.21
STD DEV   2.71  2.99  3.73  3.70  3.16  2.85  2.50  2.47  2.41  2.71  3.09  3.52
SKEW       .85   .93   .50   .61   .44   .63   .85   .63   .75   .86  1.08  1.09
% NW      4.69  5.08  4.98  4.08  3.50  3.10  3.66  3.88  3.20  3.22  4.57  4.95
MEAN      4.31  4.60  5.81  5.24  4.64  4.46  4.32  4.06  4.14  3.78  4.52  4.55
STD DEV   2.39  2.62  3.34  2.79  2.59  2.39  2.52  2.37  2.31  2.01  2.62  2.67
SKEW      1.05   .92   .76   .68   .79   .87  1.03  1.06  1.13   .97  1.36  1.22
% NNW     6.08  6.10  4.96  3.63  3.27  2.75  4.15  4.18  3.30  3.80  6.48  6.80
MEAN      5.05  5.72  5.69  5.49  5.01  4.31  4.37  4.17  4.06  4.30  5.25  5.33
STD DEV   2.21  2.74  2.64  2.39  2.58  2.07  2.24  2.16  2.09  2.14  2.53  2.57
SKEW       .52   .53   .43   .61   .74   .66   .98   .84   .77   .66   .61   .61
CALM      9.15  7.68  5.17  4.53  5.37  6.10  7.73  8.20  7.22  8.65  9.22 10.59
 
INTERPOLATED DATA (station & weighting factor)
 
---Wind Stations---
LAS VEGAS     NM     .359  SANTA FE      NM     .344  ALAMOSA       CO     .298
---Solar Radiation and Max .5 P Stations---
 ALBUQURQUE, NEW ME  .434   PUEBLO, COLORADO    .343   ROSWELL, NEW MEXIC  .223 
---Dewpoint Stations---
NM ALBUQUERQUE       .380  NM CLAYTON           .315  CO PUEBLO            .305 
---Time Peak Stations---
EAGLE NEST NM        .615  LAS VEGAS NM         .202  EL VADO DAM NM       .183 
