 HOPE NM                                 294112 0
 LATT=  32.82 LONG=-104.73 YEARS= 27. TYPE= 3
 ELEVATION = 4100. TP5 = 2.03 TP6= 3.72
 MEAN P    .22   .26   .16   .33   .38   .51   .42   .45   .50   .38   .32   .30
 S DEV P   .23   .22   .15   .46   .42   .75   .58   .59   .59   .40   .33   .29
 SKEW  P  1.99  1.38  1.92  2.29  2.75  3.45  2.48  3.39  2.31  1.73  1.49  1.48
 P(W/W)    .12   .33   .20   .16   .37   .27   .31   .35   .43   .31   .27   .25
 P(W/D)    .06   .05   .04   .05   .07   .11   .12   .15   .12   .07   .05   .06
 TMAX AV 56.73 62.71 69.45 77.62 84.90 92.40 92.69 90.40 84.46 77.17 65.83 58.68
 TMIN AV 27.04 30.01 34.97 41.95 50.48 58.86 62.92 62.00 55.60 45.71 34.47 27.56
 SD TMAX 11.44 10.92  9.97  8.75  7.60  7.20  5.76  6.17  8.36  9.27 10.66 11.08
 SD TMIN  8.51  8.38  8.24  7.54  6.48  5.14  3.72  3.70  6.00  7.30  8.59  8.99
 SOL.RAD  316.  411.  524.  626.  689.  707.  650.  622.  557.  442.  353.  295.
 SD SOL   16.2  14.8  18.0  23.4  28.8  32.9  46.2  78.6  36.1  14.9   9.8  13.9
 MX .5 P   .23   .16   .33   .37  1.08   .97  1.52  1.58   .96   .74   .27   .09
 DEW PT  21.68 23.36 23.36 29.03 37.66 48.33 56.44 55.49 49.52 40.30 28.06 23.95
Time Pk   .587  .707  .760  .859  .867  .869  .885  .893  .899  .931  .963 1.000
% N       6.46  6.54  4.98  4.87  4.18  3.21  3.48  3.72  5.14  6.36  6.17  7.07
MEAN      6.75  3.93  3.65  5.01  4.53  5.98  4.10  3.74  4.05  3.52  4.92  4.37
STD DEV   1.83  1.87  1.92  1.90  2.16  1.78  2.02  1.61  1.85  1.90  2.88  2.27
SKEW       .61   .57   .67   .54   .59   .66   .78  2.04   .58   .69   .74   .69
% NNE     4.10  4.35  2.93  3.63  3.33  2.49  2.84  2.85  3.31  3.63  4.03  3.93
MEAN      6.16  4.81  4.63  6.16  3.84  4.96  4.31  4.23  4.87  4.10  4.44  4.11
STD DEV   2.59  2.50  1.82  2.76  1.84  2.37  2.23  1.91  1.74  1.75  2.21  2.11
SKEW       .44   .58   .48   .41   .61   .52   .97   .68   .59   .51   .49   .91
% NE      3.05  3.77  3.38  3.30  3.07  2.88  3.60  3.96  5.21  3.82  3.32  3.22
MEAN      5.39  3.94  4.69  5.36  4.17  4.59  4.36  4.45  4.65  4.41  4.32  3.63
STD DEV   3.15  2.12  2.25  2.34  2.31  2.31  2.21  2.06  2.34  2.25  2.08  1.69
SKEW      1.00   .87   .70   .40  1.19   .79   .80  1.02   .84  1.01   .66  1.20
% ENE     3.15  3.23  3.80  4.76  3.93  4.74  6.83  6.58  8.28  6.59  3.54  2.59
MEAN      5.74  4.94  5.62  5.53  5.50  5.14  4.82  4.49  4.71  4.91  4.92  5.46
STD DEV   2.51  2.31  2.66  2.35  2.37  2.43  2.17  1.95  2.07  2.16  2.45  2.86
SKEW       .67   .77   .70   .69   .59   .99   .76   .85   .73  1.03   .86  1.10
% E       5.30  5.58  5.76  8.82  6.58  9.19  8.68  9.10  8.14  6.80  4.15  4.72
MEAN      5.15  5.16  5.27  5.34  5.30  5.08  4.58  4.52  4.25  4.31  4.41  4.71
STD DEV   2.63  2.57  2.32  2.20  2.29  2.25  2.06  1.93  1.71  1.74  1.94  2.31
SKEW       .93  1.11   .60   .88   .84   .69   .71   .67   .93   .79   .79   .99
% ESE     2.12  2.12  2.66  3.71  3.91  6.83  6.65  6.00  5.02  3.56  2.40  1.98
MEAN      3.66  4.38  4.51  4.93  5.17  5.07  5.08  4.89  4.51  4.24  3.83  3.63
STD DEV   1.36  1.81  1.96  2.07  2.46  2.00  2.05  2.07  1.88  1.74  1.59  1.60
SKEW       .47   .67   .90   .59   .88   .48   .38   .51   .50   .54   .52   .51
% SE      3.36  3.33  4.51  5.19  6.01  9.10 10.76  9.08  6.90  5.58  4.27  3.29
MEAN      3.37  3.79  5.01  4.73  4.80  5.38  4.71  4.42  4.27  4.01  3.45  3.28
STD DEV   1.44  1.99  2.27  1.71  2.08  2.77  1.93  1.77  1.94  1.74  1.55  1.36
SKEW       .71   .80   .51   .30   .53  1.38   .40   .38   .66   .59   .66   .82
% SSE     6.83  6.67  8.09  8.03  9.57 12.94 13.63 10.67 10.59  9.08  7.25  6.44
MEAN      3.26  4.05  5.35  4.94  5.45  5.41  4.65  4.42  4.47  4.72  3.84  3.92
STD DEV   1.38  1.49  2.26  1.67  2.19  2.18  1.80  1.65  1.64  2.01  1.46  1.53
SKEW       .51   .45   .41   .31   .47   .72   .41   .21   .18   .38   .52   .45
% S       7.49  8.48  8.99  8.75  9.80 12.73 13.25 12.98 12.05 10.22  8.44  7.70
MEAN      3.93  4.43  4.55  4.75  4.93  5.01  4.17  4.07  4.20  3.90  3.81  3.81
STD DEV   1.72  1.56  2.05  2.17  2.17  2.44  1.76  1.78  1.90  1.79  1.67  1.61
SKEW       .64   .63   .69   .51   .67  1.05   .49   .58   .53   .72   .85   .82
% SSW     3.34  3.49  4.08  4.28  5.57  4.82  3.96  4.41  3.87  3.44  3.25  3.37
MEAN      4.40  4.20  4.56  4.88  5.52  5.22  3.91  3.75  3.93  4.17  4.02  4.18
STD DEV   2.29  2.18  2.43  2.44  3.10  2.88  1.59  1.62  2.00  2.14  2.51  2.10
SKEW      1.02  1.03  1.28   .90   .79  1.02   .61   .54  1.05  1.13  1.36   .82
% SW      3.35  3.73  5.02  5.20  5.36  4.30  3.73  4.02  4.29  4.24  3.85  3.26
MEAN      5.41  4.31  5.21  5.36  5.23  4.99  3.99  3.78  3.96  4.04  4.07  3.80
STD DEV   3.93  2.51  3.31  2.82  3.00  2.74  1.95  1.91  2.03  2.10  2.40  2.15
SKEW      1.51  1.22  1.22   .69  1.15  1.06   .80  1.12  1.33  1.13  1.23  1.43
% WSW     6.08  7.77  7.15  7.52  7.35  5.12  4.54  4.29  4.85  6.71  7.58  6.75
MEAN      5.41  5.82  6.74  6.91  6.11  5.30  4.66  4.15  4.29  4.95  4.61  5.18
STD DEV   3.41  3.48  3.88  3.86  3.47  2.78  2.44  1.99  2.08  2.93  2.51  3.18
SKEW      1.62  1.20  1.13  1.14  1.25   .99   .92  1.04  1.17  1.46  1.49  1.54
% W      13.61 13.57 13.46 11.78 13.92  9.04  6.86  7.67  6.00  8.09 12.35 13.34
MEAN      5.84  6.30  8.05  7.30  6.27  5.19  4.55  4.18  4.37  5.03  5.40  5.67
STD DEV   3.41  3.96  4.45  4.22  3.51  2.77  2.33  2.32  1.95  2.87  3.22  3.45
SKEW      1.39  1.20   .81  1.07  1.03   .92   .90  1.06   .61  1.21  1.37  1.40
% WNW     8.97  8.78 10.70  7.13  5.87  3.18  1.80  2.50  2.71  4.41  8.33  9.84
MEAN      7.65  7.79  8.72  7.61  6.54  5.24  4.70  4.47  4.36  5.51  6.40  7.23
STD DEV   4.54  4.56  4.55  4.62  3.68  2.80  2.38  2.28  2.21  2.97  3.96  4.42
SKEW      1.02   .80   .74  1.09   .94  1.05   .77   .61   .92   .78  1.18   .95
% NW      4.92  5.19  4.51  3.59  3.42  2.10  1.80  2.44  2.47  3.41  4.99  4.79
MEAN      4.98  5.78  6.57  5.65  4.95  4.78  3.36  3.80  3.47  5.03  5.20  5.83
STD DEV   3.98  3.50  4.18  3.57  2.75  2.95  1.76  2.01  1.93  3.12  3.35  4.33
SKEW      1.32   .87   .93   .98  1.10  1.29  1.16  1.01   .95  1.19  1.15  1.53
% NNW     4.60  4.56  3.59  3.13  2.84  2.18  2.08  2.31  2.71  3.95  4.57  4.50
MEAN      5.00  4.25  5.04  4.73  4.32  5.49  3.47  3.64  3.47  3.59  4.77  4.60
STD DEV   3.17  2.54  2.47  2.34  1.50  3.08  1.41  1.68  1.66  1.57  2.94  3.20
SKEW      1.09  1.05   .89  1.15   .78   .74   .97   .47   .55   .89  1.04  1.08
CALM     13.25  8.77  6.36  6.16  5.31  5.12  5.60  7.45  8.45 10.07 11.56 13.20
 
INTERPOLATED DATA (station & weighting factor)
 
---Wind Stations---
ROSWELL/WALK. NM     .382  ROSWELL       NM     .382  GUADALUPE PASSTX     .236
---Solar Radiation and Max .5 P Stations---
 ROSWELL, NEW MEXIC  .691   EL PASO, TEXAS      .242   SAN ANTONIO, TEXAS  .067 
---Dewpoint Stations---
NM ROSWELL           .620  TX EL PASO           .217  TX MIDLAND           .163 
---Time Peak Stations---
HOPE NM             1.000  TWO RIVERS RSRVR NM  .000  BONITO DAM NM        .000 
