 CROSSROADS 1 NNE NM                     292207 0
 LATT=  33.52 LONG=-103.33 YEARS= 45. TYPE= 3
 ELEVATION = 4120. TP5 = 2.10 TP6= 3.85
 MEAN P    .22   .20   .23   .30   .46   .46   .52   .49   .50   .49   .29   .21
 S DEV P   .19   .20   .24   .31   .52   .49   .55   .61   .54   .53   .28   .23
 SKEW  P  1.73  2.10  1.93  2.01  2.42  1.80  2.09  3.60  2.01  1.96  2.59  3.86
 P(W/W)    .20   .23   .25   .29   .35   .32   .33   .34   .32   .38   .10   .17
 P(W/D)    .05   .06   .04   .06   .09   .12   .13   .12   .10   .07   .05   .04
 TMAX AV 54.64 59.04 66.87 75.48 82.61 89.79 90.71 88.98 82.84 74.72 63.35 55.59
 TMIN AV 22.73 26.34 32.21 40.95 49.95 58.83 62.41 61.17 54.78 43.45 32.30 24.79
 SD TMAX 11.72 11.81 10.75  9.37  8.07  7.16  6.06  6.18  8.31  9.20 10.66 11.79
 SD TMIN  9.03  8.48  8.46  7.71  6.42  4.84  3.22  3.48  6.35  7.18  8.44  8.68
 SOL.RAD  309.  402.  516.  620.  678.  701.  646.  621.  551.  436.  348.  290.
 SD SOL   16.1  15.6  19.3  24.6  32.2  35.1  47.8  78.9  36.8  15.0   9.2  13.4
 MX .5 P   .23   .16   .41   .35  1.13  1.10  1.56  1.56   .95   .72   .30   .09
 DEW PT  22.87 25.00 25.34 33.17 43.90 53.41 58.64 57.41 52.26 42.92 30.04 24.55
Time Pk   .533  .676  .743  .822  .843  .851  .868  .880  .890  .917  .943 1.000
% N       5.02  6.42  4.32  4.37  4.31  2.09  2.45  2.95  3.09  4.78  5.54  4.99
MEAN      4.96  5.96  5.61  5.41  5.66  4.97  4.00  4.23  4.45  4.91  5.50  5.71
STD DEV   2.47  3.01  2.99  2.82  2.84  2.43  2.20  2.01  2.89  2.44  2.62  3.22
SKEW       .58   .53   .79   .66   .44   .53  1.12   .89  1.13   .41   .37   .62
% NNE     4.75  5.35  4.09  4.11  3.81  2.37  2.38  2.16  3.94  4.25  5.07  4.26
MEAN      6.14  7.50  6.99  6.50  6.79  6.15  4.55  4.31  5.38  5.78  6.31  5.41
STD DEV   2.77  3.51  3.39  2.77  3.12  2.57  2.21  2.17  2.67  2.74  2.88  2.42
SKEW       .45   .20   .73   .25   .33   .14   .45   .40   .40   .30   .39   .37
% NE      4.63  4.28  4.30  5.06  4.52  3.45  3.80  4.16  5.21  5.93  5.11  3.70
MEAN      5.82  6.30  5.77  6.02  6.52  5.79  4.84  4.26  5.33  5.63  5.54  4.90
STD DEV   2.78  3.35  2.94  2.77  2.74  2.51  2.28  1.98  2.19  2.52  2.90  2.77
SKEW       .55   .55   .75   .52   .32   .21   .47   .69   .59   .19   .68   .68
% ENE     2.40  1.91  2.97  3.50  2.78  2.94  3.13  4.01  3.50  3.59  2.17  2.93
MEAN      4.91  4.26  5.40  5.95  5.23  5.25  4.96  4.54  4.74  4.90  4.97  4.49
STD DEV   1.85  1.87  2.10  2.47  2.36  2.27  2.10  2.05  1.69  2.23  1.98  2.03
SKEW       .40   .49   .18   .40   .67   .15   .37   .51   .55   .27   .16   .50
% E       3.12  3.27  4.16  5.34  4.73  4.73  6.48  5.98  6.64  3.99  4.15  3.63
MEAN      4.49  4.05  4.81  4.90  4.89  4.86  4.36  3.95  3.71  3.96  4.06  3.56
STD DEV   1.76  2.00  2.33  2.03  2.23  2.03  1.89  1.83  1.65  2.03  1.88  1.46
SKEW       .33  1.12   .32   .17   .49   .57   .53   .72   .51   .82   .71   .36
% ESE     1.44  2.87  2.63  3.68  3.29  5.21  5.15  4.96  4.17  2.62  1.83  1.99
MEAN      4.06  4.23  4.70  5.14  4.80  5.35  4.59  4.17  3.80  4.14  3.71  3.61
STD DEV   1.44  1.81  1.66  2.18  2.09  2.30  2.00  1.70  1.54  1.87  1.47  1.51
SKEW       .02   .21  -.13   .32   .40   .46   .26   .59   .54   .72   .30   .13
% SE      1.93  3.05  4.35  5.17  7.51  9.85 11.57  9.67  9.47  5.80  2.60  1.59
MEAN      3.47  4.11  4.66  5.62  5.20  6.02  4.97  4.17  3.94  4.00  4.18  4.33
STD DEV   1.55  1.86  2.05  2.87  2.43  2.47  2.18  1.75  1.63  1.83  1.70  1.03
SKEW       .65   .40   .66   .57   .70   .19   .48   .40   .40   .53   .59   .32
% SSE     1.82  3.17  4.01  4.81  6.96 12.15 12.17  8.87  7.49  4.58  1.96  1.44
MEAN      4.66  4.43  5.51  5.45  6.10  6.19  5.24  4.73  4.52  4.36  4.66  3.67
STD DEV   1.54  2.03  2.28  2.72  2.60  2.30  2.06  2.01  1.60  2.05  1.92  1.18
SKEW       .47  1.02   .01   .78   .46   .21   .12   .38   .05   .79   .10   .28
% S       4.87  6.53  7.91 10.17 12.69 16.63 19.34 17.18 15.77 10.99  9.05  5.79
MEAN      4.45  4.71  5.21  6.04  5.50  5.66  4.91  4.65  4.69  4.60  4.75  4.54
STD DEV   1.93  2.16  2.16  2.54  2.23  2.05  2.00  1.88  1.87  2.12  2.18  2.30
SKEW       .40   .48   .31   .50   .36   .02   .29   .35   .31   .61   .70   .86
% SSW     6.64  6.75  8.13  9.17 11.15 10.40 11.42 10.95  9.47 10.31  8.17  8.11
MEAN      5.38  5.43  6.02  6.19  6.04  5.65  4.96  4.81  4.52  4.88  5.04  5.48
STD DEV   2.29  2.38  2.45  2.72  2.54  2.22  1.99  1.90  1.77  2.00  2.21  2.12
SKEW       .26   .72   .67   .94   .52   .32   .38   .32   .26   .56   .61   .58
% SW     14.65 14.69 13.85 11.97 10.94 10.11  8.36 10.64  9.92 13.82 12.47 13.71
MEAN      5.75  6.09  6.75  6.44  6.22  5.70  4.72  4.47  4.34  4.77  5.14  5.58
STD DEV   2.34  2.65  2.91  2.90  2.88  2.39  2.03  1.83  1.77  2.25  2.22  2.38
SKEW       .48   .63   .89   .77   .66   .37   .37   .52   .51   .88  1.05   .83
% WSW    15.09  9.67 10.91 10.02  7.43  6.66  3.58  4.83  4.67  7.83 11.41 12.01
MEAN      6.46  6.09  7.44  7.29  6.52  5.58  4.26  4.17  4.57  5.22  6.14  6.26
STD DEV   2.78  2.87  3.16  3.34  3.03  2.17  1.89  1.74  2.00  2.15  2.63  2.82
SKEW       .49   .59   .64   .68   .66   .31   .52   .65   .49   .74   .90   .64
% W      16.49 13.48 12.99 10.49  8.80  5.43  2.64  3.79  5.91  9.09 13.47 16.32
MEAN      6.44  5.84  7.48  6.97  6.56  5.52  3.89  3.77  4.40  4.47  5.81  6.09
STD DEV   3.11  2.71  3.69  3.03  3.08  2.33  1.70  1.63  2.32  2.00  3.12  2.76
SKEW       .75   .68   .77   .70   .67   .37   .68   .32  1.16   .50  1.29   .65
% WNW     5.83  6.36  5.61  4.47  3.40  2.00   .73  1.30  1.78  3.03  4.32  6.83
MEAN      5.72  5.67  7.14  6.50  5.95  4.63  3.61  3.74  3.78  4.08  5.72  5.57
STD DEV   3.03  2.71  3.87  3.34  2.83  1.76  1.06  1.80  1.86  2.00  3.16  2.58
SKEW      1.21   .70   .75  1.29   .53   .30   .21   .15   .19   .66   .91  1.47
% NW      5.08  5.10  3.92  3.04  3.00  1.47  1.53  1.68  2.02  3.13  5.32  5.87
MEAN      4.39  4.81  5.63  5.10  4.67  4.86  3.96  3.28  3.45  3.65  4.44  4.33
STD DEV   2.15  2.36  2.89  3.06  1.97  2.12  1.94  1.58  1.56  1.74  2.05  1.94
SKEW       .82  1.05   .96  1.24   .30   .57   .42   .44   .39   .52   .69   .22
% NNW     3.02  4.02  3.06  2.31  1.82  1.72   .92  1.38  1.38  1.92  3.02  3.50
MEAN      5.03  5.31  6.03  5.41  4.55  5.00  3.90  3.72  3.75  4.20  4.68  4.49
STD DEV   2.51  2.40  3.20  2.35  1.93  2.14  1.36  1.79  1.92  1.90  2.31  2.19
SKEW       .62   .55   .50   .28   .45   .30   .70   .55   .57   .36  1.01   .41
CALM      3.20  3.06  2.69  2.30  2.90  2.85  4.30  5.46  5.59  4.35  4.38  3.41
 
INTERPOLATED DATA (station & weighting factor)
 
---Wind Stations---
HOBBS         NM     .353  CLOVIS        NM     .334  MELROSE RANGE NM     .313
---Solar Radiation and Max .5 P Stations---
 ROSWELL, NEW MEXIC  .657   EL PASO, TEXAS      .213   OKLAHOMA CITY, OKL  .130 
---Dewpoint Stations---
NM ROSWELL           .425  TX LUBBOCK           .341  TX MIDLAND           .234 
---Time Peak Stations---
PLAIN TX             .456  MALJAMAR NM          .320  CLOVIS 13N NM        .224 
