 FORT BAYARD NM                          293265 0
 LATT=  32.80 LONG=-108.15 YEARS= 96. TYPE= 3
 ELEVATION = 6150. TP5 = 1.44 TP6= 2.82
 MEAN P    .20   .20   .17   .15   .18   .20   .24   .27   .29   .28   .22   .23
 S DEV P   .22   .22   .20   .19   .22   .28   .30   .35   .35   .39   .28   .24
 SKEW  P  2.46  1.97  3.19  2.60  2.24  3.13  2.39  2.89  2.32  3.08  2.57  1.68
 P(W/W)    .36   .40   .41   .35   .38   .40   .54   .54   .45   .47   .40   .46
 P(W/D)    .10   .10   .09   .06   .05   .09   .32   .31   .16   .09   .07   .09
 TMAX AV 51.68 55.28 60.28 68.64 76.85 86.55 86.55 84.29 80.08 71.11 60.08 52.40
 TMIN AV 24.99 27.34 31.11 37.00 44.33 53.56 58.36 56.89 51.48 41.80 31.28 25.82
 SD TMAX  8.41  8.31  8.26  7.67  6.61  5.99  5.50  4.85  5.79  7.14  8.19  8.33
 SD TMIN  7.19  7.22  6.82  6.58  6.40  6.13  3.57  3.63  5.15  6.52  7.20  6.99
 SOL.RAD  324.  410.  537.  645.  712.  714.  658.  619.  568.  444.  359.  302.
 SD SOL   19.8  18.1  18.7  23.7  31.0  28.4  41.1  77.9  33.9  14.6  11.3  16.4
 MX .5 P   .44   .16   .45   .17   .32   .50   .50   .76   .47   .47   .10   .17
 DEW PT  23.81 23.35 23.66 25.43 29.77 39.00 53.32 55.38 47.28 37.30 27.48 24.50
Time Pk   .621  .723  .777  .852  .861  .863  .876  .882  .887  .916  .954 1.000
% N      10.46  9.66  7.02  5.98  4.74  5.62  6.96  7.99  8.27  8.82 10.40 11.61
MEAN      3.34  3.62  3.81  3.76  3.58  3.64  3.73  3.47  3.36  3.14  3.34  3.43
STD DEV   1.57  1.65  1.79  1.72  1.66  1.75  1.77  1.61  1.59  1.53  1.69  1.66
SKEW       .74   .67   .62   .54   .69   .89   .93   .82   .87   .99  1.07   .99
% NNE     6.93  6.18  4.41  3.50  3.15  3.35  4.35  4.84  5.33  5.32  6.97  7.68
MEAN      3.10  3.44  3.44  3.34  3.34  3.49  3.65  3.29  3.14  2.88  3.09  3.23
STD DEV   1.40  1.61  1.64  1.49  1.71  1.79  1.92  1.75  1.50  1.35  1.42  1.37
SKEW      1.08  1.22   .96   .80  1.07  1.34  1.08  1.41   .90  1.06  1.01   .73
% NE      5.55  5.21  3.94  4.04  3.61  3.49  5.11  5.27  5.86  5.77  6.67  6.54
MEAN      2.77  2.91  3.00  3.05  3.05  3.09  3.31  3.09  3.08  2.81  2.95  2.82
STD DEV   1.33  1.33  1.55  1.64  1.42  1.58  1.74  1.55  1.69  1.39  1.69  1.33
SKEW      1.45   .89  1.24  1.71  1.33  1.45  1.23  1.16  1.47  1.25  1.76  1.39
% ENE     3.21  3.25  2.51  2.55  2.76  2.69  3.65  3.85  4.33  4.03  4.27  3.47
MEAN      3.12  3.53  3.38  3.88  3.33  3.50  3.70  3.38  3.71  3.37  3.59  3.09
STD DEV   1.98  2.34  1.86  2.29  1.60  1.82  2.07  1.83  2.18  1.87  2.16  1.79
SKEW      1.42  1.34  1.64  1.39   .83  1.14  1.02  1.22  1.25   .97  1.14  1.47
% E       4.85  5.81  4.45  4.96  5.54  5.59  7.68  7.01  8.07  7.98  6.61  6.07
MEAN      3.17  3.90  3.57  4.02  4.13  3.77  3.94  3.49  3.75  3.67  3.54  3.30
STD DEV   1.86  2.37  2.05  2.19  2.32  2.11  2.05  1.73  1.92  1.96  2.18  2.00
SKEW      1.47  1.04  1.20   .88  1.00  1.40   .90   .93   .92   .78  1.09  1.14
% ESE     2.70  2.93  2.89  3.41  4.05  4.58  6.14  5.36  5.77  5.24  3.81  2.79
MEAN      3.13  3.48  3.49  3.94  3.87  3.94  4.00  3.53  3.81  3.91  3.46  3.01
STD DEV   1.63  1.89  1.74  1.91  1.97  1.94  1.95  1.64  1.92  1.94  1.86  1.54
SKEW      1.42   .94   .80   .91   .99  1.28   .97  1.01   .82   .52   .73   .89
% SE      5.22  4.80  4.64  5.22  5.88  7.16  9.56  8.67  7.56  6.07  4.74  4.91
MEAN      3.02  3.09  3.35  3.47  3.55  3.65  3.67  3.36  3.26  3.14  2.76  2.77
STD DEV   1.55  1.48  1.60  1.76  1.76  1.80  1.70  1.61  1.55  1.59  1.26  1.33
SKEW       .94   .95   .79   .98   .91  1.00   .86  1.10   .80  1.07   .94   .82
% SSE     4.53  4.17  4.18  4.68  5.41  6.50  8.21  7.49  6.20  4.65  3.76  3.74
MEAN      3.60  3.34  3.54  4.15  3.86  3.92  3.79  3.58  3.47  3.30  2.98  3.28
STD DEV   1.82  1.68  1.73  2.04  1.93  1.82  1.78  1.58  1.57  1.72  1.35  1.53
SKEW       .66   .80   .98   .79  1.17   .86   .78   .73   .59  1.05   .66   .54
% S       6.89  6.58  6.77  6.52  7.72  8.88  9.90 10.09  8.10  7.36  5.99  5.94
MEAN      3.53  3.60  3.86  4.08  3.92  3.69  3.61  3.52  3.23  3.47  3.18  3.37
STD DEV   1.84  1.80  1.88  2.16  2.02  1.74  1.81  1.70  1.49  2.02  1.69  1.91
SKEW       .67   .71   .69   .93   .92   .81  1.07   .94   .76  1.29   .86  1.07
% SSW     3.42  3.49  4.39  4.42  4.72  4.86  4.32  4.00  3.52  3.74  3.31  2.97
MEAN      3.98  4.33  4.90  4.62  4.48  4.30  3.60  3.39  3.24  3.68  3.54  3.80
STD DEV   2.07  2.44  2.69  2.35  2.21  2.00  1.70  1.50  1.49  2.13  2.06  2.46
SKEW      1.01   .99  1.13   .63   .64   .58   .83   .72   .81  1.12  1.14  1.40
% SW      5.78  6.19  7.68  7.90  8.43  7.16  5.06  4.91  4.31  5.08  4.81  5.10
MEAN      4.75  4.90  5.67  5.29  5.09  4.61  3.68  3.44  3.57  3.79  4.19  4.58
STD DEV   2.68  2.93  3.05  2.54  2.53  2.17  1.80  1.65  1.81  2.19  2.39  2.75
SKEW       .74   .95   .68   .59   .51   .53  1.00   .98   .82  1.13   .88   .91
% WSW     5.85  6.57 10.22 11.15 10.63  8.24  3.66  3.37  3.41  4.41  4.21  4.33
MEAN      5.90  6.07  7.09  6.82  6.24  5.52  3.98  3.98  3.97  5.00  5.01  6.13
STD DEV   2.83  3.02  3.22  3.01  2.73  2.40  2.08  1.85  1.88  2.82  2.50  3.53
SKEW       .34   .54   .49   .33   .49   .35  1.15   .54   .44   .96   .49   .50
% W       6.10  8.41 11.51 12.12 11.65  9.61  4.78  4.83  5.01  5.18  5.46  5.54
MEAN      5.57  5.81  6.67  6.49  5.94  5.22  4.07  3.90  4.06  4.38  4.82  5.28
STD DEV   3.02  3.06  3.14  3.12  2.69  2.46  2.14  1.99  1.89  2.32  2.55  2.99
SKEW       .63   .82   .43   .81   .31   .55   .83   .76   .67   .70   .92  1.06
% WNW     4.10  5.29  6.65  6.48  5.33  4.62  2.84  2.98  2.56  2.47  3.58  3.68
MEAN      5.38  5.56  6.37  5.85  5.13  4.62  4.17  4.07  3.75  3.96  4.93  5.43
STD DEV   2.78  2.87  2.97  2.79  2.38  2.11  2.25  2.06  1.77  1.90  2.42  2.86
SKEW       .62   .75   .51   .70   .68   .72  1.01   .70   .58   .69   .63   .78
% NW      4.33  5.21  5.32  4.80  4.30  4.37  4.21  3.91  3.49  3.51  3.89  4.69
MEAN      4.12  4.53  5.13  4.69  4.29  3.71  3.37  3.50  3.31  3.13  3.86  3.93
STD DEV   2.34  2.53  2.58  2.37  2.20  1.77  1.69  1.71  1.81  1.84  2.40  2.32
SKEW       .83   .85   .54   .54   .74   .61   .81   .76   .93  1.06  1.09  1.04
% NNW     3.58  4.11  3.59  3.08  2.67  2.89  3.16  3.46  2.94  2.92  3.62  3.79
MEAN      3.52  3.76  4.49  4.27  3.81  3.66  3.79  3.55  3.17  3.09  3.42  3.66
STD DEV   1.77  1.92  2.20  2.08  1.90  1.81  1.96  1.66  1.58  1.52  1.85  1.99
SKEW       .64   .78   .55   .71   .74   .81   .84   .88   .76   .62   .96  1.31
CALM     16.51 12.05  9.77  9.09  9.42 10.37 10.51 11.93 15.27 17.41 17.80 17.14
 
INTERPOLATED DATA (station & weighting factor)
 
---Wind Stations---
EL PASO/BIGGS TX     .336  EL PASO       TX     .336  DOUGLAS       AZ     .328
---Solar Radiation and Max .5 P Stations---
 EL PASO, TEXAS      .382   WALNUT GULCH, ARIZ  .354   ALBUQURQUE, NEW ME  .264 
---Dewpoint Stations---
TX EL PASO           .410  AZ TUCSON            .307  NM ALBUQUERQUE       .283 
---Time Peak Stations---
HILLSBORO 1 SSE NM   .491  DUNCAN AZ            .306  JORNADA EXP RANGE N  .203 
