 CONTACT NV                              261905 0
 LATT=  41.78 LONG=-114.75 YEARS= 45. TYPE= 3
 ELEVATION = 5370. TP5 =  .82 TP6= 1.74
 MEAN P    .10   .08   .11   .12   .18   .18   .13   .16   .17   .15   .12   .12
 S DEV P   .12   .09   .13   .13   .21   .20   .16   .17   .19   .17   .14   .12
 SKEW  P  2.89  2.45  3.37  2.56  3.01  2.39  2.93  1.94  2.69  2.70  2.67  2.18
 P(W/W)    .40   .42   .36   .41   .54   .57   .31   .42   .44   .39   .36   .43
 P(W/D)    .16   .14   .18   .14   .17   .12   .10   .09   .08   .09   .17   .16
 TMAX AV 39.35 44.34 49.49 59.41 68.72 78.78 89.32 86.77 77.57 65.58 49.42 40.34
 TMIN AV 15.04 19.65 23.52 27.91 35.51 42.51 48.06 45.97 37.62 28.48 21.74 15.38
 SD TMAX  8.86  9.43  9.19 10.13 10.64  9.82  5.85  6.73  9.36 10.85 10.68  9.41
 SD TMIN 11.84  9.77  7.67  6.84  6.79  6.65  5.88  6.51  6.91  7.47  9.43 10.85
 SOL.RAD  189.  283.  402.  513.  593.  658.  640.  584.  478.  338.  228.  168.
 SD SOL   23.8  25.4  33.9  47.1  57.2  51.7  48.9  91.1  45.2  19.1  17.2  21.4
 MX .5 P   .08   .15   .13   .17   .15   .30   .43   .23   .25   .25   .10   .09
 DEW PT  17.16 22.14 23.89 28.16 34.44 37.99 39.54 38.09 32.81 28.81 25.44 20.97
Time Pk   .758  .850  .887  .925  .928  .928  .928  .928  .932  .945  .959 1.000
% N       2.93  3.53  7.06 10.14  4.13  2.60  2.96  2.32  2.48  2.78  2.71  3.21
MEAN      2.58  2.89  3.25  4.18  4.03  4.16  3.21  3.07  2.84  3.25  2.34  2.21
STD DEV   1.52  1.78  1.68  2.02  2.34  2.32  1.74  1.54  1.11  1.82  1.03   .95
SKEW      1.30  1.27  1.21   .80  1.47  1.11  1.05  1.19  1.25  1.25  1.25  1.78
% NNE     2.57  3.36  6.56  5.81  2.69  1.95  1.48  2.13  1.36  1.80  2.12  1.98
MEAN      2.98  3.06  4.10  4.44  4.35  3.02  2.95  3.02  3.22  2.88  2.50  2.46
STD DEV   1.73  1.93  2.43  1.92  2.36  1.56  1.40  1.10   .53  1.24  1.17   .96
SKEW      1.07  1.38   .97   .50   .55  1.08   .75   .49   .32   .48  1.18  1.28
% NE      3.64  4.31  2.80  2.73  3.95  3.59  3.56  3.08  3.18  3.26  2.95  3.47
MEAN      2.66  2.57  2.79  4.23  3.43  3.97  2.81  2.78  2.81  2.62  2.54  2.57
STD DEV   1.39  1.11  1.32  2.23  1.76  1.65  1.29   .99  1.13  1.12  1.10  1.16
SKEW      1.72   .92  1.29   .98   .96   .47  1.63   .87  1.14  2.18  1.17   .99
% ENE     4.52  5.43  4.02  2.53  4.38  3.21  2.83  3.81  4.10  3.82  4.78  4.92
MEAN      3.68  3.51  3.59  3.16  4.04  4.16  3.58  3.22  3.86  3.17  3.11  3.54
STD DEV   1.68  1.58  1.64  1.27  2.12  1.75  1.62  1.28  1.37  1.39  1.35  1.51
SKEW       .81  1.02  1.01   .44  1.02   .37   .29   .55   .31   .90  1.16   .55
% E      15.44 14.85 10.51  7.00  6.91  5.75  7.52  7.49  8.37 11.75 14.00 15.65
MEAN      3.52  3.47  3.67  3.45  3.81  3.49  3.37  3.69  3.28  3.18  3.11  3.33
STD DEV   1.64  1.37  1.41  1.56  1.67  1.40  1.30  1.38  1.22  1.18  1.04  1.36
SKEW       .86   .89   .68   .62   .98  1.05   .70   .59   .59  1.64   .57  1.06
% ESE     4.15  4.33  4.05  3.07  4.72  4.61  5.09  9.27  7.43  6.12  5.83  3.49
MEAN      3.39  3.15  3.47  3.40  3.90  3.67  3.68  3.54  3.76  3.30  3.13  3.08
STD DEV   1.41  1.07  1.41  1.49  1.72  1.34  1.39  1.27  1.21  1.14  1.13  1.18
SKEW       .73   .71   .76   .61   .71   .50   .53   .46   .36   .46   .95   .88
% SE      1.93  1.71  2.19  2.75  3.22  2.95  3.93  4.03  2.99  2.87  2.30  1.77
MEAN      2.55  2.63  3.14  3.36  4.06  3.55  3.47  3.95  3.04  2.80  2.64  2.57
STD DEV   1.21  1.11  1.30  1.51  1.66  1.50  1.37  1.59  1.69  1.01  1.09   .99
SKEW       .62   .83   .32   .94   .42  1.04   .71   .76  1.26   .61  1.62   .28
% SSE     1.75  1.43  2.13  3.62  4.41  3.33  5.49  6.94  6.41  3.76  2.50  1.66
MEAN      3.47  2.77  3.76  3.94  4.22  4.14  4.24  4.32  3.86  3.29  3.60  2.75
STD DEV   1.98  1.31  1.77  1.66  2.05  1.90  1.78  1.74  1.53  1.36  2.05  1.34
SKEW       .91   .68   .77   .46   .76   .84   .63   .40   .67   .73  1.02  1.08
% S       2.00  1.96  2.61  4.52  2.85  3.00  3.74  3.30  2.52  2.21  2.30  1.78
MEAN      3.91  3.28  3.49  3.81  4.14  3.82  4.18  3.97  3.49  3.30  3.30  2.97
STD DEV   2.64  1.73  1.65  1.68  1.73  2.07  1.72  1.84  1.00  1.56  1.62  1.49
SKEW      1.23  1.33   .53   .30   .51   .95   .40   .32   .41   .90   .55   .69
% SSW     2.55  2.07  2.98  3.90  3.65  2.78  4.70  2.70  3.23  1.65  2.97  1.92
MEAN      3.57  2.94  4.18  3.98  4.21  4.01  4.10  3.69  3.50  2.56  3.33  2.91
STD DEV   1.96  1.20  1.88  1.55  1.80  1.87  1.91  1.78  1.42   .83  1.73  1.25
SKEW       .93  1.00   .64   .38   .43   .47   .63   .61   .70   .61   .99  1.42
% SW      4.62  4.23  4.54  4.92  5.14  5.33  6.11  5.44  5.08  4.95  4.97  4.36
MEAN      3.80  2.81  3.77  4.23  3.62  3.08  4.18  3.82  2.88  3.30  3.22  3.24
STD DEV   2.41  1.11  1.94  1.95  1.47  1.04  2.02  2.51   .90  1.41  1.73  1.53
SKEW      1.20   .97   .64  1.36   .55   .68   .56  1.16  -.76   .16  1.02   .90
% WSW     7.40  7.00  5.87  5.76  7.40  7.85  7.26  6.72  7.23  5.54  9.04  8.07
MEAN      4.13  3.56  3.69  4.48  4.54  5.14  4.13  4.20  4.10  3.87  4.03  3.72
STD DEV   2.41  1.86  1.72  1.84  2.13  2.50  2.01  1.98  1.95  2.06  1.99  2.05
SKEW      1.09  1.14  1.18   .29   .89   .82  1.05   .76   .86  1.56   .73  1.36
% W       9.72  7.99  9.34  8.86 11.81 12.25  9.84  9.74  9.31 10.27 11.09 12.10
MEAN      4.47  3.85  4.88  4.87  5.04  5.10  4.63  4.69  4.15  4.38  4.47  4.29
STD DEV   2.75  1.93  3.19  1.73  2.58  2.50  2.22  2.08  1.87  2.42  2.65  2.55
SKEW      1.19   .85  1.08   .40   .73   .67   .55   .77   .58  1.24  1.22  1.26
% WNW     9.98  8.13  9.12  8.44 13.14 16.15 12.52 12.30 16.22  9.94 11.71 11.22
MEAN      5.18  4.76  5.73  5.72  5.54  5.64  5.14  5.04  4.97  4.81  4.93  4.99
STD DEV   2.86  2.72  3.68  2.82  2.58  2.44  2.21  2.11  2.29  2.69  2.88  2.81
SKEW       .96   .91  1.57   .63   .50   .70   .58   .40   .81  1.17   .95   .73
% NW      8.34 10.23  9.31  7.88  7.42 10.00 10.77  8.08  6.47 10.58  6.60  8.84
MEAN      4.10  3.90  4.45  4.60  4.33  4.61  4.23  4.08  4.06  3.78  3.21  3.43
STD DEV   2.45  2.50  2.60  2.48  2.14  2.33  2.06  1.89  2.06  2.17  2.16  2.10
SKEW      1.03  1.23   .97  1.01   .72  1.19   .85   .87  1.01  1.35  1.91  1.23
% NNW     4.95  6.73  8.81 11.18  7.16  7.26  5.07  5.18  4.90  9.15  2.84  3.55
MEAN      4.15  3.78  4.00  4.77  4.15  4.67  4.14  3.67  4.09  4.27  2.98  3.56
STD DEV   2.47  1.93  2.05  2.34  2.18  2.24  1.89  1.59  2.12  1.92  1.76  1.94
SKEW       .88   .56   .84   .79  1.16   .87   .75   .56   .97   .50  1.22   .64
CALM     13.46 12.66  8.14  6.85  6.99  7.44  7.24  7.48  8.76  9.72 11.32 11.82
 
INTERPOLATED DATA (station & weighting factor)
 
---Wind Stations---
LUCIN         UT     .423  GOODING       ID     .300  ELKO          NV     .277
---Solar Radiation and Max .5 P Stations---
 ELKO, NEVADA        .451   POCATELLO, IDAHO    .284   BOISE, IDAHO        .265 
---Dewpoint Stations---
NV ELKO              .451  ID POCATELLO         .283  ID BOISE             .265 
---Time Peak Stations---
CONTACT NV          1.000  METROPOLIS NV        .000  PEQUOP NV            .000 
