 MCDERMITT NV                            264935 0
 LATT=  42.00 LONG=-117.72 YEARS= 24. TYPE= 3
 ELEVATION = 4520. TP5 =  .78 TP6= 1.50
 MEAN P    .14   .13   .13   .15   .18   .21   .15   .18   .20   .15   .14   .16
 S DEV P   .16   .23   .15   .18   .24   .26   .16   .23   .24   .18   .16   .15
 SKEW  P  2.69  5.39  3.29  3.06  3.72  2.80  2.00  2.19  3.00  2.58  3.92  1.39
 P(W/W)    .33   .42   .38   .48   .47   .50   .35   .17   .39   .33   .42   .38
 P(W/D)    .10   .10   .11   .12   .12   .09   .05   .06   .07   .09   .13   .10
 TMAX AV 38.23 45.41 51.92 60.22 68.47 80.23 89.09 88.03 76.70 65.40 47.59 39.57
 TMIN AV 15.15 20.25 24.99 28.92 35.04 42.90 48.19 46.32 36.36 27.37 22.26 16.43
 SD TMAX  8.67  9.80  8.71 10.23 11.01 10.04  7.49  7.75 11.13 12.19  9.76  9.59
 SD TMIN 10.95  9.94  7.76  7.96  8.01  7.90  7.47  7.43  7.49  7.73  9.85 10.21
 SOL.RAD  209.  311.  434.  542.  614.  691.  653.  607.  502.  369.  260.  192.
 SD SOL   18.9  18.0  24.7  37.3  48.7  39.1  42.6  73.0  37.5  10.9   9.0  15.2
 MX .5 P   .11   .09   .12   .19   .18   .29   .26   .22   .21   .19   .09   .11
 DEW PT  18.42 22.21 23.00 26.26 31.79 35.05 35.58 34.32 30.26 27.74 24.26 20.16
Time Pk   .725  .858  .877  .905  .905  .905  .905  .910  .910  .919  .953 1.000
% N       2.24  2.09  3.14  5.53  5.44  5.46  5.70  4.50  5.17  4.30  2.80  2.92
MEAN      2.95  3.90  4.08  5.51  4.33  4.02  3.75  3.24  3.55  3.48  2.89  3.82
STD DEV   1.76   .83  1.98  2.32  1.81  2.00  1.46  1.45  1.37  1.77  1.44  2.16
SKEW      1.67   .36   .38  -.01   .40   .51   .72   .67   .32   .80   .91   .92
% NNE     2.39  3.87  2.77  3.49  6.84  7.33 11.31  7.90  9.51  4.45  4.19  2.57
MEAN      3.18  3.05  3.49  4.27  4.49  3.91  4.00  3.48  3.80  3.94  3.98  2.87
STD DEV   1.65  1.50  1.69  2.00  1.90  1.80  1.64  1.45  1.51  1.95  1.80  1.26
SKEW       .99   .60   .50   .65   .40   .82   .63   .47   .41   .92   .44   .43
% NE      6.63  8.21  5.45  5.77  8.13  6.50  6.50  5.68  6.38  6.56  7.96  6.42
MEAN      3.28  3.74  3.55  3.95  3.94  3.94  3.87  3.56  3.52  3.52  3.16  3.20
STD DEV   1.42  1.61  1.62  1.76  1.69  1.92  1.87  1.57  1.56  1.71  1.35  1.36
SKEW       .77   .69   .91   .25   .66   .71   .71   .67   .63   .68   .68   .62
% ENE     5.38  7.78  3.24  4.57  6.31  6.01  6.76  5.28  6.20  4.76  5.14  5.18
MEAN      3.47  3.37  3.10  3.57  3.78  3.77  3.44  3.51  3.33  3.48  3.22  3.14
STD DEV   1.47  1.47  1.37  1.56  1.43  1.80  1.47  1.46  1.34  1.59  1.44  1.33
SKEW       .48   .65   .63   .80   .24   .64   .65   .62   .66   .67   .89  1.28
% E       3.51  3.46  2.35  3.38  4.77  3.42  3.32  4.02  2.82  3.63  3.77  3.28
MEAN      2.85  2.46  2.80  3.12  3.57  2.95  2.80  3.07  3.05  2.85  2.56  2.70
STD DEV   1.16  1.03  1.05  1.29  1.59  1.50  1.26  1.31  1.25  1.31  1.09  1.47
SKEW       .33   .71   .16   .44  1.27   .96   .95  1.01  1.06   .86   .86  1.14
% ESE     3.15  4.29  2.69  4.52  3.94  3.47  2.82  3.40  3.56  3.42  3.79  3.65
MEAN      2.70  2.43  2.74  3.31  3.06  2.85  3.08  3.00  3.28  2.68  2.68  2.72
STD DEV   1.06   .84  1.29  1.63  1.26  1.18  1.46  1.25  1.65   .90   .96  1.47
SKEW       .43   .35   .74  1.09   .49   .72  1.37   .54  1.35   .84   .58  1.10
% SE      2.61  2.88  2.63  2.58  2.53  3.36  4.09  4.80  5.16  5.09  4.67  3.05
MEAN      2.37  2.43  2.58  2.85  2.86  2.67  2.95  3.12  3.48  2.64  2.72  3.67
STD DEV   1.02  1.20  1.02  1.22  1.25  1.19  1.27  1.58  1.77   .99  1.30  1.29
SKEW       .21   .99   .70   .76  1.28  1.33  1.43  1.20  1.32   .60  1.43   .01
% SSE     5.30  7.30  5.33  6.33  5.59  5.43  5.22  6.13  6.63  7.30  7.87  6.46
MEAN      3.63  3.13  3.14  3.47  3.22  3.10  3.08  3.44  3.27  3.37  3.13  3.09
STD DEV   1.83  1.41  1.36  1.63  1.62  1.52  1.41  1.55  1.28  1.90  1.46  1.60
SKEW      1.03   .94   .92  1.57  1.15  1.33  1.18  1.16   .88  1.57  1.76  1.01
% S       9.41  8.48  8.69  6.51  5.55  6.15  4.62  6.39  7.84 11.59 10.55 11.13
MEAN      4.22  3.13  3.53  3.35  3.10  3.30  3.19  3.09  3.08  3.68  3.30  3.68
STD DEV   2.20  1.33  1.81  1.97  1.37  2.07  1.76  1.58  1.37  2.19  1.85  1.75
SKEW      1.33   .61  1.10  2.22   .72  1.82  1.56  2.24  1.16  1.55  1.85   .58
% SSW    14.92 10.45 10.07  7.41  5.20  4.10  3.48  4.70  4.89  8.05  9.85 12.97
MEAN      5.65  4.36  4.55  4.18  3.85  3.92  4.23  3.61  4.03  4.81  3.95  4.59
STD DEV   3.27  2.51  2.49  2.35  2.09  2.08  1.99  1.81  2.01  3.10  2.18  2.73
SKEW      1.01  1.23  1.12   .91  1.10  1.10   .94   .79   .92  1.37  1.06  1.16
% SW      5.16  5.51  5.48  4.24  4.06  3.89  5.24  5.38  6.29  6.08  6.48  5.82
MEAN      5.06  4.23  4.43  3.90  4.11  4.59  4.87  4.50  4.23  5.11  4.55  5.21
STD DEV   2.49  2.36  2.66  1.83  1.81  2.24  2.48  2.51  2.29  2.87  2.76  2.60
SKEW       .56  1.03  1.58   .33   .47   .66   .54   .87   .67   .83   .90   .76
% WSW    10.70  8.22 10.52  7.16  5.78  6.52  5.58  6.51  5.21  5.27  5.18  6.61
MEAN      6.18  5.31  5.18  5.22  5.08  5.57  5.02  4.51  4.94  5.26  4.85  5.17
STD DEV   3.03  2.94  2.72  2.61  2.92  2.66  2.54  2.34  2.55  2.86  2.62  2.96
SKEW       .80   .62  1.00   .69   .69   .68   .37  1.11   .43   .92   .58   .93
% W       8.13  4.83  8.17  8.63  7.72 10.13  7.48  8.39  6.86  7.24  7.86  6.64
MEAN      5.55  5.11  5.13  4.86  4.67  4.60  5.54  4.90  4.43  4.38  5.13  4.52
STD DEV   2.52  2.98  2.43  2.86  2.50  2.26  2.50  2.53  2.34  2.40  2.99  2.61
SKEW       .17   .41   .33   .70   .89   .56   .38   .66   .82   .71   .89   .71
% WNW     6.15  5.16 12.27  9.15  8.98  8.59  6.52  6.48  5.05  5.06  3.71  4.61
MEAN      4.72  4.02  4.99  5.15  4.65  4.86  4.74  4.44  4.35  4.39  4.00  4.46
STD DEV   2.32  2.41  2.42  2.67  2.28  2.15  2.08  2.00  2.12  2.36  2.40  2.85
SKEW       .77  1.03   .58   .67   .73   .52   .35   .70   .82   .80   .91  1.00
% NW      3.33  3.34  4.53  5.27  6.38  6.16  6.13  5.71  4.30  4.20  2.68  3.72
MEAN      4.02  3.85  4.69  4.26  4.31  3.98  4.44  3.54  4.09  4.27  3.04  4.53
STD DEV   2.13  2.20  2.55  1.95  1.94  1.82  2.00  1.73  2.07  2.53  1.43  2.79
SKEW       .59   .61   .46   .81   .49   .59   .47   .79   .42  1.00  1.02   .87
% NNW     3.36  4.43  5.74  9.54  7.42  7.45  6.92  5.90  5.00  3.99  2.41  4.39
MEAN      4.02  3.58  4.69  5.44  4.65  4.76  4.16  3.70  4.07  4.86  2.79  4.48
STD DEV   2.34  1.80  2.35  2.69  2.02  2.34  1.85  1.55  1.67  2.72  1.26  2.43
SKEW       .90   .95   .71   .49   .46   .73   .49   .72   .83   .52   .72   .94
CALM      7.64  9.67  6.89  5.94  5.33  6.06  8.28  8.86  9.11  9.01 11.23 10.59
 
INTERPOLATED DATA (station & weighting factor)
 
---Wind Stations---
ROME          OR     .505  WINNEMUCCA    NV     .291  BATTLE MOUNT. NV     .204
---Solar Radiation and Max .5 P Stations---
 WINNEMUCCA, NEVADA  .458   BURNS, OREGON       .272   ELKO, NEVADA        .271 
---Dewpoint Stations---
NV WINNEMUCCA        .474  NV ELKO              .263  OR BURNS             .263 
---Time Peak Stations---
MCDERMITT NV        1.000  OWYHEE NV            .000  RYE PATCH DAM NV     .000 
