 DYER NV                                 262431 0
 LATT=  37.72 LONG=-118.08 YEARS= 42. TYPE= 3
 ELEVATION = 4950. TP5 =  .97 TP6= 2.59
 MEAN P    .14   .20   .14   .21   .17   .15   .17   .18   .23   .21   .25   .14
 S DEV P   .20   .27   .18   .22   .22   .19   .21   .30   .26   .27   .31   .25
 SKEW  P  2.64  3.37  2.31  1.55  1.96  3.01  2.18  3.89  1.77  2.43  2.42  3.72
 P(W/W)    .24   .32   .28   .28   .36   .29   .32   .35   .32   .27   .26   .23
 P(W/D)    .06   .06   .08   .05   .06   .05   .07   .06   .05   .04   .05   .06
 TMAX AV 46.03 53.22 58.69 66.99 76.23 86.36 93.33 91.00 83.31 71.84 57.00 47.22
 TMIN AV 16.11 21.93 25.72 31.05 39.34 47.15 53.20 51.03 42.78 32.68 22.70 16.28
 SD TMAX  9.03  8.94  9.30  9.65  9.30  8.23  5.35  5.83  7.73  9.40  9.48  8.50
 SD TMIN  9.11  8.58  8.27  7.20  7.06  6.83  6.17  6.45  7.48  8.19  8.80  8.81
 SOL.RAD  219.  321.  433.  569.  650.  710.  705.  641.  520.  383.  266.  192.
 SD SOL   32.0  30.0  37.8  37.4  41.9  34.9  29.1  69.3  41.5  20.4  22.5  32.0
 MX .5 P   .22   .20   .22   .13   .15   .08   .32   .30   .24   .41   .15   .26
 DEW PT  27.89 30.71 29.88 33.13 36.00 39.39 44.41 44.70 41.28 36.86 32.21 29.89
Time Pk   .784  .890  .917  .927  .930  .936  .936  .941  .941  .953  .987 1.000
% N      14.36 16.34 16.60 14.62 13.56 11.02  8.62  8.65 11.35 13.24 15.64 15.25
MEAN      4.48  4.92  5.44  5.28  5.02  4.69  3.73  3.54  4.27  4.66  4.73  4.49
STD DEV   2.44  2.49  2.63  2.54  2.44  2.32  1.77  1.74  2.24  2.46  2.59  2.49
SKEW       .88   .72   .65   .66   .70   .78   .90  1.11   .88   .79   .89  1.01
% NNE     4.94  5.56  5.62  5.16  5.11  4.37  2.99  2.92  3.72  4.11  4.78  4.36
MEAN      4.43  4.59  4.93  4.85  4.53  4.30  3.60  3.23  3.72  4.40  4.37  4.33
STD DEV   2.44  2.46  2.36  2.36  2.15  2.02  1.79  1.50  1.84  2.44  2.41  2.50
SKEW       .64   .76   .48   .46   .68   .55  1.20  1.09   .77   .92   .82   .94
% NE      2.99  2.50  2.76  2.78  3.03  2.85  2.43  2.43  2.30  2.29  2.80  2.87
MEAN      2.95  3.11  3.52  3.42  3.53  3.29  2.84  2.85  3.03  2.72  2.76  2.76
STD DEV   1.66  1.64  1.92  1.84  1.79  1.61  1.35  1.16  1.39  1.29  1.37  1.50
SKEW      1.41  1.30  1.22  1.16   .91   .97  1.51   .84  1.23  1.83  1.50  1.83
% ENE     1.27  1.23  1.19   .98  1.33  1.26  1.27   .97  1.18  1.13  1.22  1.15
MEAN      2.53  2.64  2.84  2.61  3.05  2.99  3.18  2.85  2.70  2.93  2.51  2.34
STD DEV   1.01  1.09  1.16  1.06  1.27  1.30  1.46  1.28  1.05  1.20   .94   .88
SKEW       .84  1.93  1.21   .72   .78  1.78  1.83  1.45  1.11   .94   .85  1.26
% E       2.14  2.16  1.80  1.99  1.86  1.94  2.07  2.08  1.90  1.57  1.84  1.98
MEAN      2.43  2.44  2.82  2.89  3.19  2.89  3.26  2.88  2.79  2.64  2.46  2.45
STD DEV    .93   .93  1.21  1.37  1.80  1.20  1.66  1.31  1.40  1.15   .97  1.05
SKEW      1.12  1.17  1.05  1.30  1.71  1.20  1.28   .91  1.51  1.03   .65  2.83
% ESE     1.71  1.66  1.53  1.52  1.41  1.35  1.74  1.52  1.55  1.36  1.54  1.55
MEAN      2.74  3.09  3.33  3.68  3.57  3.57  3.45  3.24  3.30  3.02  2.87  3.00
STD DEV   1.10  1.35  1.60  1.77  1.81  1.73  1.58  1.41  1.62  1.33  1.25  1.34
SKEW       .68  1.55  2.07  1.28  1.54  1.14   .90  1.53  1.62   .87  1.12  1.56
% SE      4.01  3.79  3.79  3.60  3.41  3.32  4.74  5.29  4.15  3.68  3.97  3.60
MEAN      3.36  3.68  4.34  4.40  4.23  4.24  4.41  4.27  3.99  3.89  3.36  3.05
STD DEV   2.01  1.80  2.27  2.40  2.37  2.06  2.05  2.02  1.98  2.08  1.97  1.77
SKEW      1.65  1.06   .96   .92  1.05   .70   .63   .66   .98  1.02  1.76  3.29
% SSE     5.20  6.82  7.29  7.11  6.49  6.46  9.33 11.32  9.58  8.13  5.58  4.83
MEAN      4.32  5.10  5.76  5.69  5.77  5.50  5.38  5.24  5.14  5.09  4.75  4.74
STD DEV   2.55  2.63  2.70  2.80  2.66  2.29  2.23  2.07  2.22  2.28  2.60  2.67
SKEW      1.61   .73   .69   .71   .60   .45   .69   .72   .72   .69   .86   .78
% S       8.46  9.22 10.27 10.28 10.06 11.56 14.25 15.82 13.77 12.23  9.66  7.95
MEAN      4.00  4.78  5.27  5.28  5.31  5.28  5.00  5.00  4.74  4.58  4.14  4.07
STD DEV   2.33  2.43  2.61  2.71  2.46  2.46  2.13  2.09  2.10  2.20  2.39  2.53
SKEW      1.37   .75   .71   .91   .59   .77   .55   .53   .70  1.02  1.18  1.41
% SSW     2.23  3.10  3.17  3.75  4.44  4.61  5.70  5.82  4.74  3.72  2.78  2.33
MEAN      3.14  3.81  4.50  4.61  4.61  4.41  4.46  4.44  4.09  3.74  3.29  3.20
STD DEV   1.63  1.85  2.07  2.25  2.08  2.06  1.91  1.91  1.77  1.82  1.85  1.80
SKEW      1.80  1.11   .70   .85   .58   .83   .68   .84   .76  1.19  1.68  1.30
% SW      2.51  2.27  3.03  3.46  4.28  4.93  5.57  5.14  4.32  3.15  2.34  2.27
MEAN      3.07  3.10  3.93  3.87  3.96  3.78  3.61  3.61  3.37  2.96  2.70  3.00
STD DEV   1.96  1.75  2.31  2.08  2.15  1.94  1.72  1.73  1.62  1.48  1.36  1.62
SKEW      1.68  2.03  1.33  1.05  1.33  1.20  1.01  1.44  1.22  1.72  3.19  1.53
% WSW     1.46  1.63  2.26  2.89  3.78  4.17  3.73  2.90  2.81  2.13  1.49  1.31
MEAN      3.16  3.28  4.58  4.69  4.43  4.10  3.84  3.75  3.57  3.53  3.24  3.09
STD DEV   1.62  1.69  2.41  2.43  2.31  2.04  1.90  1.80  1.84  1.98  1.70  1.77
SKEW      1.46  1.10   .69   .68   .99   .99  1.40  1.16  2.13  1.88  1.55  2.25
% W       3.74  3.74  5.13  6.14  7.08  7.67  6.65  5.10  4.60  4.12  3.92  3.59
MEAN      3.62  3.76  4.74  4.90  4.69  4.22  3.85  3.78  3.63  3.61  3.61  3.58
STD DEV   1.86  2.10  2.68  2.74  2.48  2.22  1.97  1.91  1.98  1.94  1.92  1.88
SKEW      1.26  1.41  1.03   .93   .79  1.34   .98  1.12  1.53  1.63  1.67  1.04
% WNW     5.91  5.70  6.36  6.93  7.21  7.60  5.91  4.91  5.33  5.30  5.47  5.61
MEAN      4.21  4.43  5.14  5.13  4.97  4.49  3.84  3.88  4.13  4.13  4.07  4.23
STD DEV   1.89  2.04  2.49  2.56  2.44  2.21  1.80  1.88  2.06  1.93  1.73  1.83
SKEW       .86  1.32   .85  1.01   .96  1.05  1.36  1.20  1.67  1.57   .87   .86
% NW     13.24 11.90 10.88 11.27 10.59 11.07  9.68  8.71  9.40 11.00 12.27 13.27
MEAN      3.82  4.20  4.70  4.67  4.41  4.06  3.43  3.19  3.49  3.71  3.83  3.78
STD DEV   1.79  2.02  2.51  2.30  2.18  1.98  1.59  1.39  1.61  1.72  1.78  1.82
SKEW      1.17  1.30  1.35   .96   .96  1.14  1.25  1.25  1.40  1.09  1.49  1.29
% NNW    11.63 12.16 11.15 11.04  9.89  9.35  7.77  8.32 10.95 12.76 12.36 13.38
MEAN      3.73  4.28  4.68  4.81  4.48  4.17  3.37  3.27  3.68  3.88  3.83  3.89
STD DEV   1.76  2.27  2.41  2.49  2.21  2.05  1.51  1.41  1.77  1.96  1.89  1.96
SKEW      1.25  1.39   .91  1.04   .88   .99  1.26  1.40  1.38  1.52  1.29  1.46
CALM     14.22 10.19  7.16  6.47  6.42  6.48  7.53  8.10  8.33 10.22 12.40 14.66
 
INTERPOLATED DATA (station & weighting factor)
 
---Wind Stations---
BISHOP        CA     .562  TONAPAH       NV     .309  FALLON        NV     .129
---Solar Radiation and Max .5 P Stations---
 FRESNO, CALIFORNIA  .437   RENO, NEVADA        .316   LAS VEGAS, NEVADA   .247 
---Dewpoint Stations---
CA FRESNO            .424  NV RENO              .323  NV LAS VEGAS         .252 
---Time Peak Stations---
MONTGOMERY MNTC STN  .634  INDEPENDENCE CA      .213  SMOKEY VALLEY NV     .153 
