 LEANORD CREEK RCH NV                    264527 0
 LATT=  41.52 LONG=-118.72 YEARS= 39. TYPE= 3
 ELEVATION = 4220. TP5 =  .81 TP6= 1.70
 MEAN P    .12   .12   .12   .12   .12   .14   .13   .16   .17   .13   .14   .13
 S DEV P   .14   .14   .15   .16   .15   .21   .17   .23   .19   .17   .14   .15
 SKEW  P  2.14  2.48  2.71  2.52  2.36  3.07  2.35  3.60  1.51  2.61  1.52  2.57
 P(W/W)    .44   .46   .45   .42   .45   .52   .26   .31   .40   .40   .46   .47
 P(W/D)    .18   .18   .15   .13   .12   .09   .06   .06   .06   .08   .15   .17
 TMAX AV 39.58 47.10 54.28 63.35 73.05 82.97 92.43 89.98 80.36 67.47 50.76 40.99
 TMIN AV 19.94 26.03 29.67 34.41 42.16 49.76 55.96 54.59 46.51 37.75 28.30 21.38
 SD TMAX  8.17  8.60  8.91 10.11 10.66  9.85  6.47  7.46  9.75 10.64  9.13  8.48
 SD TMIN  9.83  8.21  6.90  7.13  7.46  7.25  6.06  6.37  7.30  7.30  7.95  9.17
 SOL.RAD  210.  309.  417.  542.  613.  689.  678.  622.  502.  363.  254.  187.
 SD SOL   20.3  20.1  31.8  38.2  49.4  40.0  34.2  64.7  38.3  14.1  12.5  18.5
 MX .5 P   .13   .10   .11   .16   .18   .25   .18   .29   .15   .20   .10   .12
 DEW PT  19.76 23.23 23.24 26.24 31.70 35.39 36.31 35.08 31.61 29.16 24.70 21.29
Time Pk   .830  .881  .881  .912  .912  .912  .918  .925  .925  .937  .969 1.000
% N       5.32  5.75  6.21  7.39  8.08  8.07  7.29  7.04  8.93  8.19  5.93  5.58
MEAN      3.26  3.48  3.83  4.11  4.03  3.81  3.61  3.49  3.62  3.63  3.37  3.26
STD DEV   1.51  1.73  1.86  1.90  1.84  1.61  1.45  1.40  1.50  1.71  1.65  1.62
SKEW      1.14  1.19  1.13   .93   .96   .83   .78   .80   .99  1.24  1.18  1.25
% NNE     3.91  4.14  3.94  4.77  5.37  5.60  4.84  3.84  5.31  5.29  4.19  3.89
MEAN      3.73  3.67  4.04  3.97  4.08  4.00  3.87  3.55  3.86  4.08  3.49  3.31
STD DEV   1.70  1.71  1.85  1.70  1.71  1.76  1.57  1.41  1.53  1.79  1.55  1.39
SKEW      1.14   .82   .88   .70   .55   .88   .81   .63   .61   .82  1.01   .84
% NE      7.84  7.51  5.69  5.74  7.08  7.31  6.46  5.84  8.19  7.66  7.43  7.15
MEAN      3.48  3.61  3.74  3.90  3.88  3.81  3.82  3.55  3.85  3.77  3.55  3.21
STD DEV   1.49  1.53  1.63  1.72  1.68  1.53  1.59  1.45  1.59  1.62  1.67  1.34
SKEW      1.28   .81   .81   .77   .72   .63   .64   .52   .70   .66   .97   .90
% ENE     3.92  4.27  3.10  2.45  2.88  3.22  2.96  2.94  3.14  2.97  3.59  3.63
MEAN      3.31  3.35  3.41  3.47  3.53  3.53  3.53  3.32  3.40  3.36  3.26  3.16
STD DEV   1.29  1.33  1.28  1.44  1.45  1.44  1.45  1.36  1.38  1.36  1.28  1.20
SKEW       .73   .43   .45   .59   .68   .74   .86   .95   .84   .61   .83   .97
% E       4.20  4.53  3.69  3.58  3.67  4.20  4.52  4.57  4.63  4.63  4.47  4.25
MEAN      2.75  2.82  3.04  2.98  3.20  3.14  2.99  2.97  3.07  2.86  2.77  2.74
STD DEV   1.07  1.11  1.16  1.08  1.30  1.21  1.06  1.13  1.30  1.12   .99  1.06
SKEW       .65   .63   .64   .43   .88   .86   .65   .92  1.08   .77   .57   .61
% ESE     2.42  2.52  2.55  2.35  2.37  2.80  3.14  3.06  2.76  2.95  2.74  2.50
MEAN      2.64  2.71  2.85  2.94  2.97  2.97  2.85  2.88  2.93  2.81  2.70  2.63
STD DEV    .89   .87   .97  1.04  1.12  1.06   .91   .95  1.03   .92   .93   .91
SKEW       .58   .45   .40   .73   .72   .81   .42   .63  1.00   .37   .54   .64
% SE      4.06  3.71  3.83  3.71  4.01  3.94  4.37  4.45  5.26  4.92  5.00  4.47
MEAN      2.55  2.77  2.97  3.08  3.15  3.11  3.11  3.00  2.89  2.86  2.76  2.71
STD DEV    .92  1.13  1.23  1.18  1.36  1.16  1.19  1.13   .98  1.09  1.04  1.00
SKEW       .60   .86  1.06   .69  1.28  1.13   .87  1.00   .72   .74   .90   .65
% SSE     3.96  4.06  3.89  3.60  3.19  3.07  3.58  3.90  3.96  4.05  3.93  4.00
MEAN      3.27  3.36  3.53  3.39  3.43  3.31  3.44  3.23  3.13  2.96  3.01  3.21
STD DEV   1.54  1.65  1.58  1.42  1.45  1.35  1.42  1.26  1.18  1.18  1.21  1.50
SKEW      1.11  1.37   .90   .97   .98   .77  1.00   .94  1.07   .88  1.00  1.27
% S      10.18  9.94  9.01  6.55  5.39  5.15  5.84  6.48  5.93  7.07  9.25  9.79
MEAN      3.67  3.58  3.63  3.58  3.45  3.49  3.53  3.45  3.30  3.24  3.47  3.71
STD DEV   1.82  1.72  1.63  1.57  1.48  1.53  1.54  1.47  1.44  1.47  1.62  1.94
SKEW      1.09  1.20  1.01   .91  1.02   .98   .96  1.03  1.15  1.10  1.09  1.24
% SSW     5.41  4.92  4.58  3.51  2.92  2.57  3.19  3.11  2.81  3.02  3.93  4.18
MEAN      4.40  4.13  4.25  4.21  3.99  4.04  3.98  3.80  3.79  3.77  3.75  4.25
STD DEV   2.25  2.12  2.01  2.00  1.94  1.88  1.69  1.65  1.65  2.00  1.79  2.27
SKEW      1.00  1.06   .89   .92   .97   .75   .57   .78   .74  1.10   .90   .90
% SW      5.44  5.48  6.82  5.64  5.15  4.20  4.70  5.24  4.16  4.58  4.97  4.94
MEAN      4.45  4.35  5.02  4.84  4.81  4.70  4.46  4.29  4.18  4.28  4.02  4.41
STD DEV   2.53  2.36  2.45  2.59  2.33  2.33  2.01  1.93  2.04  2.28  2.18  2.59
SKEW       .94   .87   .68   .93   .68   .78   .51   .61   .69   .93  1.02  1.01
% WSW     4.37  4.71  7.08  5.96  5.87  5.14  5.70  5.79  4.40  4.10  4.18  3.93
MEAN      4.50  4.75  5.30  5.33  5.14  5.00  5.08  4.80  4.50  4.49  4.34  4.28
STD DEV   2.43  2.60  2.51  2.65  2.32  2.31  2.12  2.01  2.03  2.25  2.19  2.38
SKEW       .74   .90   .61   .70   .50   .57   .39   .42   .53   .68   .70   .94
% W       5.92  7.00  9.69 10.76 10.91 10.92 10.83 10.66  7.85  7.07  6.65  6.15
MEAN      3.98  4.18  4.87  4.90  4.95  5.00  4.80  4.63  4.35  4.08  3.94  3.77
STD DEV   2.08  2.23  2.39  2.29  2.18  2.19  2.05  1.96  2.00  2.10  2.01  2.03
SKEW       .82   .86   .63   .64   .51   .66   .55   .57   .67   .92   .87  1.26
% WNW     3.20  3.78  5.46  7.21  6.89  7.43  6.74  6.49  5.11  4.13  3.38  3.33
MEAN      3.56  3.73  4.68  4.79  4.72  4.74  4.50  4.41  4.06  3.78  3.51  3.58
STD DEV   1.83  1.87  2.19  2.13  2.07  2.06  1.74  1.79  1.76  1.82  1.71  1.90
SKEW      1.20   .92   .69   .58   .76   .76   .36   .60   .80   .99  1.13  1.26
% NW      3.67  4.81  5.76  7.98  8.19  8.79  8.23  7.65  6.49  5.90  4.63  4.24
MEAN      3.30  3.78  4.19  4.41  4.25  4.24  4.08  3.87  3.78  3.63  3.50  3.36
STD DEV   1.57  1.85  1.97  1.99  1.80  1.75  1.62  1.52  1.64  1.69  1.68  1.74
SKEW       .96   .91   .72   .69   .67   .69   .72   .53   .79   .78   .83  1.03
% NNW     3.38  4.54  4.92  6.41  6.88  7.10  5.65  5.49  5.65  5.23  3.68  3.46
MEAN      3.55  4.14  4.32  4.70  4.41  4.06  3.79  3.59  3.92  3.98  3.55  3.53
STD DEV   1.87  2.15  2.03  2.14  1.96  1.74  1.56  1.44  1.75  1.94  1.70  1.77
SKEW      1.32   .85   .82   .62   .67   .65   .91   .96  1.04   .92   .75  1.03
CALM     22.85 18.40 13.80 12.31 11.07 10.52 11.93 13.49 15.48 18.22 22.07 24.58
 
INTERPOLATED DATA (station & weighting factor)
 
---Wind Stations---
WINNEMUCCA    NV     .482  LOVELOCK      NV     .305  BURNS         OR     .213
---Solar Radiation and Max .5 P Stations---
 WINNEMUCCA, NEVADA  .534   BURNS, OREGON       .238   RENO, NEVADA        .228 
---Dewpoint Stations---
NV WINNEMUCCA        .536  OR BURNS             .237  NV RENO              .227 
---Time Peak Stations---
LEANORD CREEK RCH N 1.000  MCDERMITT NV         .000  LOVELOCK NV          .000 
