 HAWTHORNE BABBITT NV                    263515 0
 LATT=  38.53 LONG=-118.65 YEARS= 38. TYPE= 3
 ELEVATION = 4180. TP5 =  .88 TP6= 2.13
 MEAN P    .13   .14   .11   .15   .13   .19   .15   .11   .16   .16   .15   .11
 S DEV P   .12   .15   .13   .16   .15   .26   .19   .12   .21   .20   .19   .13
 SKEW  P  1.72  2.02  2.50  1.73  1.95  2.92  2.79  1.93  2.90  2.80  2.70  2.39
 P(W/W)    .28   .23   .27   .30   .42   .31   .35   .38   .36   .30   .38   .22
 P(W/D)    .07   .07   .09   .08   .07   .06   .05   .05   .05   .05   .06   .07
 TMAX AV 47.84 54.60 60.24 68.49 77.10 87.35 94.98 92.60 83.90 71.67 58.00 48.64
 TMIN AV 22.08 26.37 31.20 36.96 44.45 52.78 59.27 56.95 48.90 38.99 29.80 22.70
 SD TMAX  9.99  9.76  9.40  9.75 10.46  8.93  8.25  6.79  9.08  9.69  9.19  9.28
 SD TMIN  8.61  8.33  7.37  7.50  7.16  7.13  5.77  5.91  7.27  7.28  7.60  8.12
 SOL.RAD  230.  324.  421.  554.  624.  699.  712.  656.  540.  384.  263.  197.
 SD SOL   21.9  22.8  37.0  38.6  48.6  37.7  24.6  52.2  31.5  14.6  17.6  23.5
 MX .5 P   .16   .13   .13   .11   .17   .14   .16   .32   .18   .28   .13   .16
 DEW PT  23.95 28.06 27.78 31.19 34.81 38.77 41.98 41.53 38.33 34.23 29.06 26.37
Time Pk   .735  .870  .892  .919  .920  .924  .924  .931  .934  .951  .988 1.000
% N       8.78 10.80 11.39 11.47 10.67  9.04  7.12  6.53  8.75  9.64  9.84  8.91
MEAN      3.75  4.29  4.58  4.67  4.27  3.89  3.08  2.97  3.52  4.01  3.84  3.63
STD DEV   2.26  2.53  2.45  2.57  2.22  2.09  1.44  1.48  1.93  2.33  2.25  2.17
SKEW      1.22   .96   .88   .89   .86  1.06  1.05  1.45  1.31  1.02  1.11  1.28
% NNE     4.33  4.82  5.40  5.10  5.13  4.61  3.25  3.37  4.50  4.83  4.78  4.32
MEAN      3.70  4.00  4.25  4.38  4.08  3.86  3.46  3.05  3.52  4.03  3.59  3.56
STD DEV   2.05  2.23  2.18  2.18  2.01  1.89  1.87  1.45  1.76  2.28  1.88  1.97
SKEW      1.04  1.03   .72   .80   .65   .95  1.22  1.32   .99  1.06  1.03   .93
% NE      3.10  3.10  3.13  3.20  3.18  3.17  2.32  2.51  3.28  3.52  3.73  3.46
MEAN      2.75  3.06  3.52  3.50  3.50  3.27  2.96  2.94  3.19  3.02  2.85  2.83
STD DEV   1.47  1.56  1.83  1.75  1.70  1.54  1.36  1.19  1.47  1.43  1.40  1.52
SKEW      1.60  1.21  1.21  1.02   .89   .79  1.22   .96  1.02  1.41  1.35  1.94
% ENE     1.97  1.97  1.84  1.63  1.62  1.55  1.31  1.17  1.81  1.99  1.87  1.80
MEAN      2.81  2.75  3.05  3.09  3.22  3.01  2.99  2.70  2.80  2.85  2.62  2.50
STD DEV   1.18  1.11  1.31  1.35  1.36  1.28  1.26   .96  1.09  1.11  1.01   .96
SKEW       .90  1.35  1.02   .88   .69  1.07  1.15   .73   .88   .74   .90  1.16
% E       2.78  2.51  2.27  2.12  1.96  2.05  1.63  1.69  2.45  2.23  2.57  2.68
MEAN      2.44  2.52  2.80  2.72  2.98  2.91  2.81  2.75  2.64  2.58  2.39  2.37
STD DEV   1.05  1.09  1.28  1.27  1.58  1.28  1.35  1.20  1.24  1.04   .94  1.04
SKEW      1.93  1.24  1.09  1.05  1.35  1.05  1.31   .95  1.48   .85  1.04  2.17
% ESE     2.14  2.00  1.82  1.77  1.43  1.40  1.30  1.25  1.57  1.72  1.73  1.79
MEAN      2.52  2.86  2.95  3.21  3.07  3.07  3.03  2.84  2.90  2.66  2.61  2.69
STD DEV   1.05  1.27  1.48  1.56  1.42  1.48  1.40  1.14  1.27  1.10  1.20  1.19
SKEW      1.17  1.32  1.70  1.24  1.23  1.09  1.41  1.09  1.25   .89  1.37  1.33
% SE      3.84  3.86  3.48  3.14  2.82  2.48  3.25  3.59  3.54  3.23  3.58  3.30
MEAN      3.07  3.26  3.53  3.62  3.43  3.35  3.48  3.37  3.23  3.17  2.96  2.87
STD DEV   1.86  1.69  1.79  2.01  1.84  1.53  1.67  1.52  1.36  1.47  1.58  1.61
SKEW      2.03  1.49  1.09  1.27  1.20   .75  1.46   .97   .63   .81  1.86  2.68
% SSE     5.28  6.24  5.95  5.05  4.23  3.96  5.49  6.76  6.04  5.49  4.92  4.71
MEAN      3.54  4.06  4.63  4.20  4.27  3.86  4.06  3.75  4.04  3.87  3.60  3.97
STD DEV   2.18  2.35  2.66  2.37  2.25  1.56  1.85  1.56  1.84  1.79  2.07  2.43
SKEW      1.69  1.26  1.74  1.27  1.48   .73  1.18  1.18  1.18  1.23  1.21  1.12
% S       8.90  9.05  8.14  7.28  6.78  6.80  8.90  9.60  9.47  9.04  8.29  7.61
MEAN      3.95  4.17  4.36  3.97  3.99  3.87  3.80  3.54  3.64  3.70  3.54  4.06
STD DEV   2.39  2.37  2.48  2.20  1.94  2.03  1.85  1.61  1.62  1.97  2.17  2.73
SKEW      1.32  1.03  1.33  1.66   .91  1.30  1.08  1.10   .96  1.61  1.61  1.44
% SSW     3.56  4.50  4.04  3.78  3.94  3.87  4.75  4.73  4.18  4.00  3.41  3.00
MEAN      4.68  4.95  4.56  4.38  4.50  4.07  3.90  3.85  3.88  4.20  3.89  4.38
STD DEV   2.96  2.88  2.50  2.55  2.30  1.99  1.90  1.86  1.72  2.43  2.18  2.78
SKEW      1.45  1.30   .99  1.24  1.08   .88   .88  1.05   .84  1.80  1.22  1.32
% SW      3.66  3.46  4.39  4.05  4.69  5.03  5.79  5.33  4.38  4.14  3.43  2.97
MEAN      4.55  4.12  4.87  4.39  4.23  3.90  3.79  3.82  3.69  3.70  3.58  3.89
STD DEV   3.12  2.55  3.11  2.48  2.34  1.82  1.80  1.82  1.58  2.09  2.21  2.41
SKEW      1.47  1.78  1.41  1.08  1.42  1.13  1.23  1.48  1.05  1.61  2.55  1.60
% WSW     2.93  3.06  4.62  4.85  5.48  5.52  5.36  4.60  3.91  3.52  2.84  2.26
MEAN      4.52  4.16  5.46  5.64  5.00  4.63  4.15  4.01  3.98  4.20  3.96  4.11
STD DEV   2.62  2.46  2.82  3.17  2.76  2.42  2.09  2.07  1.96  2.56  2.23  2.54
SKEW      1.30  1.12   .66   .78  1.03  1.02  1.27  1.20  1.72  1.50  1.32  1.81
% W       4.64  5.40  8.38 10.06 11.55 11.99 10.93  9.86  7.10  5.72  4.78  4.30
MEAN      3.87  3.85  4.93  4.95  4.76  4.32  4.06  3.88  3.70  3.73  3.64  3.80
STD DEV   2.24  2.30  2.83  2.77  2.62  2.35  2.06  1.91  1.98  2.21  2.14  2.31
SKEW      1.22  1.26   .89   .89   .82  1.19   .90  1.04  1.35  1.51  1.77  1.21
% WNW     3.75  4.14  6.36  7.28  8.49  8.85  8.46  7.74  5.68  4.20  3.65  3.53
MEAN      3.97  3.82  4.82  4.75  4.64  4.25  3.91  3.90  3.80  3.79  3.58  3.69
STD DEV   2.06  2.08  2.49  2.46  2.39  2.24  1.89  1.85  2.02  1.99  1.74  1.84
SKEW      1.13  1.30   .78  1.01   .89  1.07  1.17  1.00  1.54  1.35  1.04   .97
% NW      6.64  6.76  7.07  8.29  8.29  8.92  8.47  8.04  6.94  6.64  6.65  6.96
MEAN      3.19  3.59  4.04  3.95  3.89  3.61  3.25  3.14  3.25  3.15  3.37  3.21
STD DEV   1.61  1.92  2.14  2.00  2.06  1.81  1.45  1.39  1.56  1.56  1.68  1.59
SKEW      1.34  1.37  1.17   .96  1.08  1.16  1.11  1.18  1.31  1.15  1.28  1.22
% NNW     4.93  6.33  6.42  7.04  6.69  6.41  5.36  5.65  5.75  5.76  5.42  5.86
MEAN      3.52  3.89  4.31  4.32  4.03  3.64  3.11  2.93  3.27  3.44  3.38  3.58
STD DEV   1.89  2.21  2.33  2.37  2.09  1.88  1.38  1.31  1.70  1.95  1.79  2.08
SKEW      1.09  1.19   .94  1.16   .87  1.13  1.11  1.44  1.43  1.40  1.22  1.46
CALM     28.82 22.00 15.33 13.82 13.04 14.40 16.27 17.62 20.69 24.45 28.53 32.56
 
INTERPOLATED DATA (station & weighting factor)
 
---Wind Stations---
FALLON        NV     .403  BISHOP        CA     .313  RENO/STEAD    NV     .284
---Solar Radiation and Max .5 P Stations---
 RENO, NEVADA        .513   WINNEMUCCA, NEVADA  .273   BAKERSFIELD, CALIF  .214 
---Dewpoint Stations---
NV RENO              .482  CA FRESNO            .311  NV ELY               .207 
---Time Peak Stations---
MONTGOMERY MNTC STN  .404  WABUSKA 5 SE NV      .383  SMOKEY VALLEY NV     .213 
