 NORWICH NY                              306085 0
 LATT=  42.55 LONG= -75.53 YEARS= 67. TYPE= 3
 ELEVATION = 1070. TP5 = 2.29 TP6= 4.24
 MEAN P    .19   .20   .24   .26   .29   .32   .33   .31   .33   .29   .26   .22
 S DEV P   .24   .24   .29   .30   .33   .40   .43   .42   .39   .42   .34   .28
 SKEW  P  2.70  2.53  2.32  2.54  2.21  2.83  4.68  3.00  1.85  3.59  2.72  2.42
 P(W/W)    .48   .50   .47   .53   .54   .48   .44   .44   .50   .51   .50   .52
 P(W/D)    .40   .37   .36   .37   .32   .34   .33   .32   .29   .29   .40   .42
 TMAX AV 30.81 32.61 41.92 54.96 67.72 76.07 80.86 78.75 71.30 60.04 46.92 34.23
 TMIN AV 11.76 11.70 20.97 32.09 41.85 50.77 55.23 53.63 46.51 36.10 28.47 16.98
 SD TMAX 10.25 10.28 11.67 12.21 10.25  8.01  6.33  6.84  8.90 10.40 10.64 10.03
 SD TMIN 13.59 13.43 11.39  8.96  9.21  8.21  7.83  7.72  9.67  9.42  9.82 12.38
 SOL.RAD  123.  197.  276.  341.  431.  481.  485.  427.  331.  230.  127.  102.
 SD SOL   44.6  53.4  75.7 105.3 112.9 112.6 102.1 190.1  91.6  54.2  49.6  42.1
 MX .5 P   .34   .24   .38   .45   .86  1.20  1.33  1.10   .83   .54   .44   .23
 DEW PT  17.14 17.61 23.88 34.34 44.34 54.54 58.73 58.54 52.07 41.54 31.07 20.68
Time Pk   .759  .842  .882  .914  .918  .923  .931  .940  .944  .953  .976 1.000
% N       3.05  3.16  3.98  4.14  4.50  3.81  3.42  4.33  3.36  3.56  2.25  2.32
MEAN      4.31  3.76  4.29  4.39  4.26  4.06  3.48  3.65  3.84  3.89  3.77  3.68
STD DEV   2.10  1.94  2.05  2.08  1.85  1.89  1.67  1.59  1.83  1.56  1.57  1.75
SKEW       .55  1.11   .40   .57   .62   .66   .73   .53   .65   .48   .64  1.14
% NNE     1.00   .99  1.62  2.04  1.94  1.73  1.92  2.23  1.77  1.89  1.11   .95
MEAN      3.32  3.70  4.22  4.46  4.03  3.64  3.63  3.42  3.33  3.73  3.39  3.36
STD DEV   1.44  1.64  1.93  1.98  2.07  1.36  1.52  1.38  1.40  1.46  1.64  1.46
SKEW       .44   .87   .73   .19   .47   .42   .35   .64   .54   .61   .54   .62
% NE      2.60  3.03  2.46  3.16  3.01  2.11  2.14  3.02  2.42  2.40  2.45  2.05
MEAN      2.97  3.08  3.36  3.58  3.22  2.87  2.79  3.09  3.04  3.04  3.34  3.02
STD DEV   1.41  1.43  1.67  1.59  1.58  1.27  1.30  1.40  1.25  1.38  1.53  1.25
SKEW       .85   .79   .84   .43   .80   .48   .65   .65   .81   .54   .44   .46
% ENE     1.50  1.56  1.86  1.84  1.88  1.58  1.31  2.24  1.51  1.56  1.15  1.20
MEAN      3.53  3.90  3.88  3.74  3.47  3.11  3.28  3.11  3.21  3.22  3.70  3.05
STD DEV   1.51  2.33  1.78  1.59  1.72  1.14  1.23  1.32  1.23  1.26  1.82  1.38
SKEW       .83  1.13   .69   .63   .58   .31   .40  1.03   .45   .44   .52  2.50
% E       2.84  2.79  2.48  2.38  2.44  2.36  1.87  2.40  1.94  2.56  2.07  2.30
MEAN      4.12  3.92  3.96  3.86  3.39  3.49  2.72  2.92  3.42  3.44  4.55  3.84
STD DEV   1.95  2.13  1.82  1.80  1.68  1.66  1.29  1.35  1.37  1.70  2.63  1.74
SKEW       .74   .99   .48   .46   .75   .64   .50  1.00   .32   .89   .67   .44
% ESE     9.42  7.65  6.93  5.81  5.19  4.08  3.49  4.80  6.07  5.99  8.29  8.43
MEAN      4.90  4.82  5.60  5.17  4.47  3.99  3.34  3.51  4.07  4.43  5.21  4.60
STD DEV   2.00  2.08  2.36  2.30  1.96  1.73  1.59  1.37  1.75  2.17  2.52  1.98
SKEW       .51   .74   .85   .73   .47   .41   .78   .55   .35  1.47  1.20   .62
% SE      4.79  5.59  6.41  5.94  7.91  7.52  5.28  6.26  7.16  7.52  7.13  5.38
MEAN      4.60  5.04  5.55  4.77  4.49  3.95  3.26  3.43  3.73  4.36  4.48  4.51
STD DEV   2.22  2.49  2.64  2.46  2.28  1.81  1.57  1.54  1.67  2.46  2.25  2.00
SKEW       .63   .87   .46   .64   .77   .63   .67   .71   .69  1.13   .81   .49
% SSE     4.36  4.43  5.03  5.09  5.24  5.23  4.27  5.05  5.13  5.87  5.98  4.54
MEAN      5.25  5.03  5.56  5.49  4.70  4.10  3.76  3.69  4.07  4.42  5.05  5.50
STD DEV   2.33  2.25  2.41  2.33  2.10  1.79  1.72  1.73  1.81  1.93  2.25  1.88
SKEW       .23   .46   .28   .26   .33   .58   .70   .70   .48   .40   .54   .31
% S       7.61  7.37  6.64  7.36  7.07  7.85  7.15  7.00 10.02  9.09  8.49  7.87
MEAN      5.17  4.99  5.05  5.18  4.42  4.02  3.74  3.72  4.31  4.27  4.90  4.87
STD DEV   2.22  2.20  2.24  2.37  2.09  1.81  1.85  1.83  1.96  1.84  2.40  2.08
SKEW       .32   .43   .51   .28   .55   .40   .58   .72   .41   .31   .62   .35
% SSW     4.53  3.91  3.02  4.52  4.18  5.86  5.64  4.44  6.14  5.41  5.95  5.54
MEAN      5.09  4.86  5.00  5.31  4.55  4.27  4.33  3.96  4.79  4.62  4.87  4.92
STD DEV   2.22  1.93  2.16  2.30  1.98  1.87  1.96  1.80  1.96  1.81  2.20  1.95
SKEW       .49   .04   .19   .19   .15   .40   .44   .57   .23   .30   .46   .35
% SW      4.51  4.21  3.25  4.22  4.84  6.66  8.08  6.43  6.70  5.91  6.60  6.70
MEAN      4.26  4.11  4.45  4.35  3.74  3.74  3.51  3.47  3.63  3.86  4.32  4.41
STD DEV   2.17  1.81  2.08  1.97  1.94  1.69  1.63  1.49  1.65  1.71  1.89  1.80
SKEW       .96   .44   .54   .45   .86   .91   .80   .81   .68   .57   .48   .42
% WSW     4.74  4.59  3.79  5.16  5.04  5.50  6.85  6.43  5.55  5.53  6.03  6.93
MEAN      4.97  4.70  5.12  4.82  4.29  4.10  3.85  3.71  3.99  4.41  4.65  5.07
STD DEV   2.23  2.27  2.19  2.05  2.03  1.92  1.63  1.57  1.76  1.89  1.98  1.95
SKEW       .48   .68   .15   .49   .58   .64   .85   .56   .77   .33   .40   .22
% W      10.74 10.31  9.80  9.53  8.25  8.32 10.47  8.54  8.58  7.62  9.02  9.82
MEAN      5.79  5.47  5.83  5.31  4.40  3.99  3.84  3.64  4.01  4.67  5.02  5.42
STD DEV   2.91  2.54  2.72  2.37  2.07  1.93  1.75  1.74  2.01  2.38  2.23  2.41
SKEW       .80   .41   .48   .42   .67   .56   .50   .68   .80  1.40   .28   .31
% WNW    15.51 15.70 18.45 16.67 14.52 13.30 14.34 11.48 11.10 11.15 12.76 14.94
MEAN      6.70  6.59  6.51  6.08  5.28  5.06  4.61  4.33  4.58  5.13  5.72  6.10
STD DEV   2.83  2.70  2.51  2.46  2.26  2.19  1.94  1.88  1.92  2.20  2.31  2.41
SKEW       .49   .37   .26   .25   .45   .38   .32   .42   .39   .30   .22   .38
% NW     10.54 12.42 12.57 10.80 10.19  9.17  8.35  8.15  7.25  8.14  7.84  8.88
MEAN      5.86  6.27  5.79  5.41  5.17  4.88  4.06  4.06  4.26  4.71  5.51  5.50
STD DEV   2.64  2.81  2.50  2.42  2.29  2.28  1.95  1.91  1.93  2.19  2.41  2.37
SKEW       .35   .30   .44   .37   .21   .46   .68   .56   .54   .38   .43   .41
% NNW     5.35  5.26  6.21  6.09  5.67  5.13  4.34  4.77  4.11  5.09  4.34  3.72
MEAN      5.59  5.51  5.13  5.45  5.22  4.64  3.98  4.08  4.40  5.14  5.24  5.14
STD DEV   2.38  2.27  1.89  2.25  2.06  2.09  1.81  1.87  1.94  1.85  1.79  1.99
SKEW       .13   .16   .02   .12   .15   .64   .70   .62   .55   .16   .15  -.02
CALM      7.02  7.08  5.46  5.24  8.24  9.78 11.11 12.41 11.15 10.73  8.46  8.37
 
INTERPOLATED DATA (station & weighting factor)
 
---Wind Stations---
BINGHAMTON/BR NY     .464  UTICA/ONEIDA  NY     .358  SCHENECTADY   NY     .179
---Solar Radiation and Max .5 P Stations---
 SYRACUSE, NEW YORK  .551   ALBANY, NEW YORK    .279   NEWARK, NEW JERSEY  .170 
---Dewpoint Stations---
NY BINGHAMTON        .464  NY SYRACUSE          .340  NY ALBANY            .196 
---Time Peak Stations---
EDMESTON 3 N NY      .405  EAST SIDNEY NY       .351  HUNTS CORNERS NY     .244 
