 POUGHKEEPSIE FAA APT NY                 306820 0
 LATT=  41.63 LONG= -73.88 YEARS= 44. TYPE= 4
 ELEVATION =  160. TP5 = 2.23 TP6= 4.93
 MEAN P    .25   .27   .30   .34   .36   .36   .41   .43   .41   .43   .35   .29
 S DEV P   .29   .31   .35   .44   .48   .43   .51   .62   .55   .55   .42   .36
 SKEW  P  2.32  1.96  1.99  3.02  2.84  2.07  3.13  2.75  2.50  2.72  2.27  2.57
 P(W/W)    .39   .44   .43   .47   .47   .41   .39   .38   .41   .40   .46   .41
 P(W/D)    .29   .27   .29   .30   .31   .27   .26   .24   .21   .18   .26   .29
 TMAX AV 34.23 37.41 46.40 59.46 70.44 79.18 83.92 81.97 73.97 63.38 50.60 38.31
 TMIN AV 16.98 18.53 26.21 36.41 46.19 55.26 60.56 59.06 50.66 39.36 31.09 20.98
 SD TMAX 10.10  9.96 10.56 10.82  9.79  8.07  6.51  6.57  8.45  9.17  9.54 10.09
 SD TMIN  9.96 10.17  9.03  8.38  8.33  7.46  6.42  7.22  9.36  9.61  9.30 10.14
 SOL.RAD  140.  208.  290.  356.  436.  479.  478.  413.  330.  235.  149.  116.
 SD SOL   38.7  48.4  67.3  93.4 102.4 103.7  96.1 161.4  86.6  50.9  41.7  37.2
 MX .5 P   .62   .32   .40   .39   .67   .96  1.49  1.11  1.02   .84   .40   .40
 DEW PT  20.69 20.69 26.19 36.19 46.19 56.46 63.11 61.19 55.19 44.92 33.87 23.23
Time Pk   .699  .771  .809  .842  .861  .872  .884  .900  .906  .931  .955 1.000
% N       9.60  9.20  7.90  5.80  4.70  3.00  3.80  4.70  4.50  5.40  4.70  6.10
MEAN      2.89  2.94  3.68  3.54  2.98  2.59  2.39  2.58  2.96  2.97  2.87  3.44
STD DEV   1.60  1.65  1.88  1.86  1.69  1.22  1.15  1.44  1.56  1.68  1.48  1.82
SKEW       .85  1.09   .75   .59   .80   .62   .87  1.17  1.19   .98   .73   .64
% NNE    13.00  9.00 10.70 11.40 11.10  7.90  6.00  8.60  9.00 12.10  8.20  8.90
MEAN      4.05  3.47  4.16  4.26  3.59  3.47  3.08  3.04  3.18  3.79  3.70  3.85
STD DEV   1.91  1.67  1.96  1.91  1.77  1.56  1.53  1.56  1.64  1.82  1.79  2.03
SKEW       .29   .77   .66   .40   .77   .51   .47   .88   .65   .49   .58  1.03
% NE      1.90  2.60  2.50  2.90  3.30  2.20  1.70  2.70  2.70  3.40  2.60  2.30
MEAN      2.28  2.10  2.94  2.56  2.54  2.46  2.14  2.10  2.02  2.79  2.52  2.81
STD DEV   1.13  1.25  1.68  1.28  1.27  1.23  1.10  1.09  1.01  1.47  1.36  1.49
SKEW       .83  2.55   .85   .81   .70   .74  1.17  1.35  1.15   .76   .96   .54
% ENE     2.10  2.40  2.90  2.40  3.60  2.70  2.50  2.90  2.50  2.60  2.70  1.70
MEAN      1.73  2.48  2.81  2.31  2.15  2.38  2.18  1.91  1.86  2.25  2.58  1.95
STD DEV    .78  1.13  1.42  1.19  1.08  1.09  1.02   .86   .79  1.20  1.49  1.11
SKEW      1.17   .82   .46   .97  1.05   .97  1.09   .88   .79   .93   .72  1.29
% E       2.40  2.50  1.60  1.80  2.40  2.00  1.70  2.60  2.10  2.10  2.90  2.00
MEAN      1.49  1.69  1.55  1.85  1.81  1.92  1.90  1.82  1.83  1.73  2.47  1.87
STD DEV    .51   .74   .63   .85   .77  1.03   .98   .74   .81   .78  1.75  1.08
SKEW       .09  1.19   .72   .90   .93  1.54  1.82   .90   .92  1.17  1.62  1.55
% ESE     3.60  3.00  4.20  4.20  6.10  5.70  4.90  5.10  4.60  4.70  4.90  3.60
MEAN      1.96  2.12  3.35  3.15  2.55  2.20  2.14  2.16  2.00  2.22  2.80  2.86
STD DEV   1.01  1.06  1.83  1.93  1.34   .98  1.04   .93   .83  1.29  1.72  1.96
SKEW      1.62  1.38   .55  1.88   .92  1.05  1.33   .97   .75  1.75  1.15  1.36
% SE      2.10  2.30  2.60  2.70  3.70  4.30  4.10  3.60  3.60  3.10  2.40  2.00
MEAN      2.07  2.10  3.15  2.87  2.54  2.16  2.26  2.07  2.21  2.18  2.31  1.86
STD DEV   1.15  1.05  1.75  1.34  1.28   .97  1.03   .94  1.09   .86  1.03   .76
SKEW      1.48  1.18   .88   .48   .65  1.32  1.00  1.11   .95   .65   .81  1.03
% SSE     6.80  7.20  7.90 10.30  9.00 12.10  9.90  7.90  9.30  8.40  6.60  6.80
MEAN      3.22  3.17  4.16  4.11  3.06  3.43  2.90  3.13  3.29  3.10  3.29  3.38
STD DEV   1.81  1.71  2.09  1.92  1.41  1.53  1.30  1.43  1.59  1.65  1.62  1.84
SKEW      1.19  1.03   .52   .69   .52   .52  1.09   .96   .75  1.45   .76  1.05
% S       4.30  4.30  3.50  5.20  5.10  7.50  6.60  7.60  6.10  4.60  4.20  4.30
MEAN      2.82  2.98  3.42  3.76  3.14  3.48  2.92  2.78  3.30  2.82  3.48  2.90
STD DEV   1.41  1.89  1.71  1.88  1.45  1.57  1.37  1.14  1.61  1.18  1.64  1.45
SKEW       .98  1.38   .45   .37   .46   .38   .81   .48   .75   .81   .62   .51
% SSW     7.50  6.00  6.10  8.90  7.80 11.60 11.90  8.40  9.60  8.10  8.60 10.20
MEAN      3.42  3.54  3.89  4.25  3.54  3.92  3.62  3.45  3.54  3.68  4.32  3.82
STD DEV   1.47  1.82  1.89  1.92  1.44  1.41  1.52  1.40  1.47  1.43  2.17  1.51
SKEW       .14   .77   .63   .30   .08   .13   .75   .16   .39   .13  1.16   .36
% SW      4.80  5.00  4.40  5.40  4.00  5.00  6.30  4.90  4.10  4.70  6.30  7.90
MEAN      2.94  3.23  3.73  3.77  3.37  3.65  3.41  3.27  3.18  3.82  4.10  4.04
STD DEV   1.47  1.54  1.79  1.57  1.58  1.43  1.41  1.42  1.51  1.46  1.69  1.64
SKEW       .28   .65   .51   .35   .88   .01   .25   .53   .46  -.01   .21   .07
% WSW     7.90  6.80  6.90  8.80  5.40  5.80  6.00  4.10  5.50  5.90  8.20 10.90
MEAN      4.46  4.46  4.93  5.20  4.34  4.44  3.90  3.94  4.05  4.35  4.74  5.07
STD DEV   2.14  2.13  2.23  2.33  1.90  1.52  1.65  1.71  1.68  1.78  2.02  1.81
SKEW       .45   .41   .06   .59   .29  -.12   .77   .51  -.08   .35   .38  -.04
% W       3.10  3.80  3.80  2.70  2.10  1.70  2.10  1.70  2.10  1.70  2.90  3.10
MEAN      3.91  3.87  4.94  4.94  3.13  3.62  2.62  3.03  3.44  3.68  3.53  4.30
STD DEV   2.33  2.10  2.42  2.57  1.75  1.74  1.26  1.48  1.67  1.74  1.98  1.94
SKEW       .53   .22   .24   .51   .60   .58   .48   .54   .38   .35   .63   .13
% WNW     6.80 10.60 11.00  5.20  3.90  4.40  4.30  2.70  3.70  3.40  4.20  6.50
MEAN      5.32  5.77  6.14  5.28  4.59  4.76  4.28  3.43  4.35  4.33  5.04  5.55
STD DEV   2.36  2.64  2.64  2.33  2.49  2.01  1.92  1.54  2.08  2.26  2.17  2.08
SKEW       .27   .24   .35   .20   .34   .29   .30   .53   .26   .60   .24   .09
% NW      2.80  4.50  4.20  2.80  2.60  2.10  2.00  2.10  2.40  2.00  2.60  3.10
MEAN      3.56  4.37  5.24  4.78  3.79  3.90  2.88  2.26  3.07  3.35  3.84  3.70
STD DEV   2.31  2.69  2.60  2.18  2.07  2.31  1.48  1.12  1.60  2.11  2.28  2.00
SKEW       .87   .67   .59   .20   .61   .86   .65   .78   .80  1.16   .76   .60
% NNW     8.50  9.50  9.20  8.80  7.80  6.20  5.10  5.40  5.20  5.50  5.40  5.60
MEAN      3.68  4.83  4.91  4.72  4.60  4.12  3.33  3.16  3.34  4.11  4.26  4.07
STD DEV   1.96  2.59  2.25  2.23  2.42  1.97  1.61  1.64  1.54  2.04  2.24  2.22
SKEW       .78   .46   .20   .46   .55   .44   .52   .84   .75   .50   .57   .82
CALM     12.80 11.50 10.60 10.70 17.30 15.80 21.10 24.80 22.90 22.60 22.80 15.10
 
INTERPOLATED DATA (station & weighting factor)
 
---Wind Stations---
POUGHKEEPSIE  NY    1.000  NEWBURGH/STEW NY     .000  WHITE PLAINS  NY     .000
---Solar Radiation and Max .5 P Stations---
 NEW YORK, NEW YORK  .374   HARTFORD (WINDSOR   .339   ALBANY, NEW YORK    .287 
---Dewpoint Stations---
CT BRIDGEPORT        .414  NJ NEWARK            .316  NY ALBANY            .270 
---Time Peak Stations---
POUGHKEEPSIE 1 N NY  .650  CARMEL 1 SW NY       .230  PLEASANTVILLE NY     .120 
