 MINEOLA NY                              305377 0
 LATT=  40.73 LONG= -73.63 YEARS= 45. TYPE= 4
 ELEVATION =  130. TP5 = 2.41 TP6= 5.21
 MEAN P    .34   .36   .42   .42   .38   .37   .44   .48   .45   .50   .46   .39
 S DEV P   .40   .42   .49   .52   .48   .47   .53   .74   .62   .66   .56   .45
 SKEW  P  2.57  1.80  2.27  2.24  2.21  3.14  2.27  4.40  3.23  2.70  2.55  2.14
 P(W/W)    .43   .42   .39   .45   .43   .38   .38   .37   .41   .36   .39   .42
 P(W/D)    .25   .25   .27   .26   .26   .25   .23   .25   .20   .17   .24   .27
 TMAX AV 37.75 39.56 47.08 57.88 68.21 77.84 82.92 81.33 74.00 63.75 53.15 41.98
 TMIN AV 25.77 26.77 33.09 41.63 50.81 60.46 66.37 65.19 58.17 48.23 40.09 30.06
 SD TMAX  9.33  9.53  9.33  9.53  9.19  7.95  6.52  6.43  7.75  8.45  8.65  9.30
 SD TMIN  8.97  8.73  7.40  6.50  6.38  5.70  4.74  5.32  7.01  7.57  7.71  8.73
 SOL.RAD  136.  206.  298.  377.  443.  483.  471.  404.  342.  249.  155.  121.
 SD SOL   42.0  50.6  65.1  85.3  97.0  98.5  94.8 153.7  81.8  47.9  41.8  38.1
 MX .5 P   .90   .41   .40   .38   .70  1.04  1.26  1.23  1.16   .55   .54   .49
 DEW PT  22.15 22.89 27.00 37.74 47.00 57.00 62.43 62.00 56.00 46.00 34.85 25.63
Time Pk   .623  .711  .747  .797  .813  .822  .839  .866  .876  .903  .929 1.000
% N       8.00  6.82  8.32  7.32  6.04  5.72  5.06  7.15  7.33  7.15  5.64  6.53
MEAN      5.28  5.05  5.26  5.24  4.66  4.06  3.76  4.07  4.21  4.38  4.36  4.85
STD DEV   2.35  2.25  2.34  2.34  2.02  1.75  1.53  1.59  1.70  1.92  1.96  2.29
SKEW       .67   .72   .69   .55   .67   .85   .85   .70   .72   .73   .93   .82
% NNE     5.73  5.20  5.50  6.06  5.84  3.61  4.16  5.68  6.00  7.52  4.78  5.01
MEAN      5.18  4.74  5.32  5.09  4.60  4.26  3.95  4.12  4.35  4.88  4.71  4.74
STD DEV   2.23  1.93  2.49  2.02  2.06  1.66  1.41  1.73  1.89  2.10  2.30  2.26
SKEW       .66   .72  1.28   .51  1.11   .52   .48   .97   .82   .53   .69   .94
% NE      5.29  4.30  4.56  4.35  4.52  3.51  3.05  4.51  5.18  7.19  3.42  4.66
MEAN      5.21  4.99  5.22  4.81  4.15  3.69  3.45  4.16  3.94  4.87  4.39  4.79
STD DEV   2.60  2.49  2.62  2.11  1.69  1.54  1.26  1.68  1.57  2.05  2.25  2.43
SKEW       .76  1.43  1.25   .48   .66   .68   .59   .57   .87   .43   .68  1.05
% ENE     2.65  3.36  3.96  3.33  3.45  2.66  1.75  2.69  3.81  4.56  2.55  2.64
MEAN      5.12  5.34  5.68  5.05  4.46  4.03  3.66  4.13  4.28  4.80  4.54  4.76
STD DEV   2.82  2.56  2.43  2.26  1.84  1.93  1.57  1.66  1.92  1.89  2.21  2.06
SKEW       .92   .95   .37   .76   .77   .85  1.04   .49   .99   .53  1.51   .44
% E       1.85  3.06  4.03  3.21  3.24  2.79  1.81  3.10  3.32  3.62  2.25  2.12
MEAN      3.84  4.90  5.85  5.09  4.61  4.16  3.99  4.32  4.00  4.82  6.14  4.42
STD DEV   1.97  2.57  2.48  2.61  1.76  1.88  1.81  2.12  1.74  2.33  5.14  2.38
SKEW      1.33   .89   .39   .94   .36   .79  1.03  1.39   .78   .56  1.97  1.25
% ESE     1.51  2.31  2.48  3.18  3.99  3.02  2.43  2.55  2.76  2.96  2.21  1.46
MEAN      4.60  4.46  5.66  5.22  4.68  4.66  4.10  4.39  4.47  5.74  5.34  5.28
STD DEV   2.63  2.24  2.50  2.34  1.94  1.95  1.62  1.83  1.77  3.06  2.97  2.87
SKEW       .70  1.19   .66   .53   .79   .56   .53   .53   .69  1.31   .99  1.23
% SE      1.50  2.74  3.19  4.39  4.76  5.34  3.78  3.75  3.54  3.16  2.47  1.67
MEAN      5.15  4.54  5.91  5.14  4.54  4.61  4.25  4.41  4.17  4.95  4.47  5.67
STD DEV   2.94  2.14  3.17  2.32  1.96  1.91  1.75  2.08  1.79  2.57  2.26  2.88
SKEW       .85   .74   .89   .65   .75   .51   .44  1.48   .88  1.25   .99   .37
% SSE     1.66  3.09  2.90  5.02  5.54  6.64  5.43  5.87  5.08  2.93  2.63  1.76
MEAN      4.80  5.36  5.47  5.35  4.61  4.79  4.70  4.67  4.72  4.51  5.44  6.56
STD DEV   2.59  2.59  2.76  2.32  1.78  1.94  1.82  2.00  1.90  1.88  2.74  3.33
SKEW       .96   .92   .78   .65   .53   .49   .32  1.17   .49   .77   .54   .06
% S       3.52  4.49  5.42  8.34  8.76 12.63 11.20 10.09  9.17  5.73  5.20  3.14
MEAN      5.83  4.91  5.57  5.46  4.79  5.09  4.89  4.75  5.29  4.69  5.69  5.26
STD DEV   2.90  2.49  2.51  2.44  2.04  2.05  1.99  2.07  2.46  2.06  2.77  2.33
SKEW       .74  1.03   .83   .59   .71   .48   .64   .80   .76   .72   .55   .20
% SSW     4.82  4.20  4.55  7.92  8.58 10.32 11.77  9.62  8.72  6.44  5.13  4.65
MEAN      5.51  5.46  5.62  6.06  5.08  4.88  5.01  4.92  5.15  4.92  5.43  5.24
STD DEV   2.71  2.59  2.53  2.61  2.22  2.05  1.99  2.13  2.19  2.18  2.66  2.34
SKEW       .77   .67   .96   .68   .66   .58   .49   .69   .64   .78  1.22   .74
% SW      5.89  5.86  4.45  6.00  7.52  7.65 10.43  8.95  7.16  7.21  8.14  7.20
MEAN      4.68  4.60  4.83  5.25  4.98  4.45  4.43  4.28  4.57  4.74  4.79  4.59
STD DEV   1.99  1.88  2.05  2.07  2.27  1.83  1.74  1.64  1.76  1.95  2.05  2.17
SKEW       .81   .71   .69   .75  1.17   .59   .65   .54   .46   .68   .68  1.46
% WSW     6.62  5.53  3.97  4.69  4.63  3.68  5.67  4.22  3.66  4.74  7.10  8.39
MEAN      5.08  5.40  5.30  5.36  4.71  4.10  4.34  4.11  4.37  4.50  5.07  4.74
STD DEV   2.14  2.40  2.29  2.31  2.06  1.75  1.66  1.68  1.75  1.79  2.29  2.01
SKEW       .60   .85   .84   .81   .76   .99   .62   .71   .52   .54   .64   .79
% W       6.79  6.46  5.07  4.99  3.62  3.32  4.24  3.30  3.33  4.18  7.97  8.59
MEAN      5.75  6.65  6.45  5.77  4.49  4.18  4.00  3.61  4.12  4.86  5.15  5.12
STD DEV   2.48  3.04  3.09  2.46  1.90  1.89  1.70  1.57  1.70  2.32  2.49  2.25
SKEW       .45   .44   .57   .48   .61   .70   .75   .71  1.07   .65   .67   .55
% WNW    10.73  9.12 10.01  6.10  3.68  4.45  3.90  3.10  4.02  5.24  9.24 11.26
MEAN      6.30  6.64  6.58  5.99  4.86  4.76  4.29  4.23  4.58  4.91  5.89  5.74
STD DEV   2.69  2.79  2.51  2.27  2.10  2.06  1.82  1.72  1.83  2.12  2.36  2.28
SKEW       .73   .35   .50   .41   .72   .71   .72   .75   .55   .51   .33   .43
% NW     11.85 11.59 11.62  7.30  5.04  7.07  5.39  4.03  5.26  7.40  9.08 10.04
MEAN      5.93  6.42  6.45  5.78  5.01  4.67  4.30  4.01  4.65  5.28  5.35  6.08
STD DEV   2.51  2.67  2.51  2.22  2.20  2.02  1.84  1.70  1.94  2.31  2.22  2.58
SKEW       .80   .31   .33   .25   .38   .70   .88   .71   .74   .53   .40   .32
% NNW    12.51 12.85 12.80  8.94  7.95  6.46  6.63  6.12  7.12  7.06  9.02  9.66
MEAN      5.98  6.24  5.97  5.64  5.22  4.82  4.17  4.25  4.82  5.04  5.49  5.93
STD DEV   2.46  2.60  2.30  2.08  2.22  2.11  1.57  1.71  1.96  2.13  2.49  2.51
SKEW       .31   .32   .36   .28   .52  1.00   .71   .90   .95   .57   .50   .34
CALM      9.11  9.09  7.10  8.95 12.82 11.21 13.34 15.37 14.56 12.95 13.16 11.17
 
INTERPOLATED DATA (station & weighting factor)
 
---Wind Stations---
HEMPSTEAD/MIT NY     .851  NY/JFK INT    NY     .119  BRIDGEPORT    CT     .029
---Solar Radiation and Max .5 P Stations---
 NEW YORK, NEW YORK  .776   PHILADELPIA, PENNS  .120   PROVIDENCE, RHODE   .104 
---Dewpoint Stations---
NY NEW YORK          .739  NJ NEWARK            .153  CT BRIDGEPORT        .108 
---Time Peak Stations---
MINEOLA NY          1.000  SCARSDALE 2 ESE NY   .000  UPTON NY             .000 
