 BUFFALO WB AIRPORT NY                   301012 0
 LATT=  42.93 LONG= -78.73 YEARS= 71. TYPE= 3
 ELEVATION =  710. TP5 = 1.65 TP6= 3.60
 MEAN P    .15   .15   .17   .20   .23   .28   .29   .34   .31   .24   .23   .18
 S DEV P   .21   .21   .23   .24   .31   .40   .39   .47   .43   .33   .28   .24
 SKEW  P  4.50  3.55  3.15  2.02  3.09  4.21  2.64  2.96  3.65  3.01  2.48  2.58
 P(W/W)    .69   .68   .60   .58   .51   .46   .38   .40   .46   .53   .59   .68
 P(W/D)    .54   .49   .45   .38   .32   .29   .28   .28   .29   .28   .44   .51
 TMAX AV 31.31 32.30 40.68 53.11 64.79 74.47 79.44 77.88 70.86 59.66 47.05 35.51
 TMIN AV 18.66 18.64 25.68 35.77 46.38 56.66 62.01 60.60 53.65 43.49 34.01 23.47
 SD TMAX 10.95 11.00 12.17 12.08 10.58  8.25  6.12  6.31  8.60 10.04 10.81 10.49
 SD TMIN 10.21  9.92  9.31  8.08  7.86  6.92  5.84  6.38  8.38  8.34  8.95  9.94
 SOL.RAD  121.  179.  298.  282.  498.  558.  558.  490.  274.  285.  137.  111.
 SD SOL   42.1  56.0  64.8 121.0  87.4  84.0  75.0 139.5 105.8  32.9  43.2  36.1
 MX .5 P   .19   .24   .38   .78   .70   .69   .95  1.40  1.05   .49   .29   .19
 DEW PT  19.00 19.00 25.00 35.00 45.00 55.00 59.00 59.00 52.00 43.00 33.00 23.00
Time Pk   .706  .792  .819  .860  .871  .876  .890  .904  .915  .936  .964 1.000
% N       4.96  1.87  4.00  7.62  5.74  8.24  5.24  7.99  2.27  3.89  2.94  1.67
MEAN      4.62  2.65  4.30  4.32  4.36  4.00  4.05  4.12  3.34  4.73  4.19  3.25
STD DEV   1.92  1.20  1.89  1.84  2.02  1.84  1.70  2.02   .83  2.12  2.38  1.11
SKEW       .55   .29   .44   .50   .66  1.25   .78   .98   .36   .82  1.14   .36
% NNE     3.09  2.37  3.22  4.39  5.42  2.87  2.19  4.05  2.65  3.92  3.22  1.06
MEAN      4.00  3.85  3.88  4.89  4.27  4.14  3.38  3.84  4.54  4.13  4.53  5.68
STD DEV   1.59  1.34  1.54  1.99  2.03  1.56  1.02  1.81  1.74  1.84  1.95  1.21
SKEW       .42   .24   .75   .52   .97   .26   .34   .69  -.17   .72   .26   .47
% NE      2.78  2.11  3.89  7.39  4.20  2.55  2.05  4.18  2.41  6.83  4.29  2.88
MEAN      3.83  2.92  5.02  4.75  4.55  4.02  2.33  3.55  4.44  4.21  4.90  4.51
STD DEV   1.45  1.30  2.48  1.98  1.90  1.35  1.08  2.28  2.05  1.72  2.52  2.44
SKEW      -.19   .33   .32   .58   .13   .48   .37  1.47   .65  1.30   .93   .38
% ENE     7.43  2.68  4.36  3.28  3.49  3.69  1.27  2.32  2.21  2.37  2.70  3.67
MEAN      4.96  5.25  5.00  5.33  4.80  4.02  2.22  3.70  5.56  4.33  4.80  4.74
STD DEV   2.12  1.31  2.52  1.21  2.23  1.72   .98  1.74  1.14  1.05  1.98  2.72
SKEW       .48   .46   .57   .36   .91   .77   .29   .68   .46  1.24   .63   .53
% E       4.73  4.35  4.61  7.40  4.22  2.41  1.48  3.93  2.51  4.12  4.18  3.38
MEAN      3.89  4.14  4.47  4.56  4.14  3.71  2.01  3.18  2.56  3.64  3.28  3.78
STD DEV   1.50  1.28  2.40  2.38  1.81  1.45   .94  1.48   .81  1.71  1.83  2.08
SKEW       .58   .26   .73   .73   .40   .28   .48  1.02   .61  1.35  1.16  1.08
% ESE     3.07  1.60  4.27  2.92  1.90  1.47   .91  2.09  1.08  4.20  1.89  2.60
MEAN      3.16  3.28  4.53  4.94  3.68  3.04  1.74  2.76  1.76  2.86  2.84  3.60
STD DEV   1.29  1.09  2.01  1.95   .99   .84   .74  1.08  1.04  1.19  1.14  1.51
SKEW       .91   .83   .80   .52   .69   .65   .47   .67   .79  1.26   .72   .57
% SE      1.13  1.87  3.21  2.29  1.86  1.37  1.29  3.38  2.63  2.08  2.99  2.20
MEAN      3.17  2.71  3.63  4.50  3.11  3.08  3.12  2.66  2.67  2.67  3.15  2.88
STD DEV   1.07   .96  1.73  1.53  1.28   .85  1.01  1.22  1.28  1.16  1.59  1.38
SKEW       .97   .49   .77   .36   .78   .64   .71   .80   .86  1.36   .72  1.37
% SSE     2.54  2.44  2.99  1.87  2.21  2.22  2.43  2.79  2.69  1.82  3.25  4.55
MEAN      4.91  6.11  4.64  5.69  4.55  3.23  3.56  3.43  3.69  2.89  5.73  5.77
STD DEV   2.68  2.00  2.70  1.56  1.62  1.11  1.88  1.61  1.71  1.61  2.63  2.54
SKEW       .58   .42  1.70   .36   .44   .40   .26   .70   .61   .35   .96   .14
% S       4.86  5.93  5.37  3.97  4.42  5.78  5.32  5.75  7.49  5.63  6.67  5.05
MEAN      5.27  6.95  4.88  4.94  4.56  4.47  4.01  3.90  4.72  3.47  5.55  5.27
STD DEV   2.64  3.06  2.64  1.61  2.10  2.06  1.89  1.77  2.77  1.57  2.69  2.72
SKEW       .40  -.17  1.10   .52  -.03   .45   .36   .76   .92   .38   .52   .61
% SSW    11.93 15.72  6.39  8.85 10.38 15.37 19.31 13.83 17.47  9.92 14.86 15.09
MEAN      6.90  6.67  5.83  6.11  5.78  5.71  5.37  5.04  5.41  4.23  6.34  6.59
STD DEV   3.12  3.04  2.45  3.02  2.79  2.42  2.50  2.44  2.39  1.68  2.81  2.62
SKEW       .56   .53   .46   .63   .47   .33   .67   .38   .35   .37   .26   .20
% SW     10.05 14.43  8.49 11.79 14.84 13.99 16.40 13.22 16.82 19.14 13.55 14.92
MEAN      6.64  7.44  6.66  6.73  5.33  6.05  5.50  4.93  5.31  5.30  5.79  7.42
STD DEV   3.16  4.22  3.15  3.20  2.42  2.64  2.62  2.14  2.67  2.55  2.67  3.13
SKEW       .37   .94   .46   .48   .79   .15   .73   .46   .80   .60   .64   .17
% WSW    10.23 12.93 10.01 11.63  8.15  7.66  6.12  4.58  7.03  7.34  8.76 14.06
MEAN      7.24  7.08  7.09  7.41  5.79  6.07  6.01  4.93  5.52  5.47  6.79  7.61
STD DEV   3.13  3.13  2.73  3.87  2.51  2.15  3.17  2.42  2.27  2.14  3.23  2.90
SKEW       .56   .57   .79   .71   .53   .37   .54   .77   .38   .41   .67   .60
% W       8.04  8.52  6.38  6.50  5.45  4.73  3.80  4.18  7.54  4.95  6.87  7.20
MEAN      6.79  7.06  6.37  5.36  4.85  5.64  3.76  3.64  4.67  4.58  6.58  6.27
STD DEV   3.45  2.69  2.71  2.42  2.60  2.14  1.57  2.12  2.38  2.20  3.14  3.05
SKEW       .43   .19   .18   .30   .93   .16   .61   .85   .71   .53   .37   .37
% WNW     7.13  8.07  8.25  6.15  6.01  5.60  6.47  4.38  6.23  4.85  6.43  6.89
MEAN      7.18  6.99  5.50  5.78  4.72  6.24  4.66  4.59  5.10  4.38  6.32  7.23
STD DEV   3.18  2.27  2.42  2.00  2.18  2.10  1.73  1.50  2.00  1.47  2.65  2.87
SKEW       .49   .16   .62   .46   .61   .18   .32   .32   .72   .35   .19  -.03
% NW      6.36  7.67 11.45  4.55  6.83  7.31  8.92  5.13  5.91  4.93  4.88  5.17
MEAN      5.36  6.67  5.08  4.50  4.80  5.00  4.25  3.78  4.68  3.94  5.50  7.09
STD DEV   2.49  1.92  2.25  2.03  2.07  2.69  2.12  1.52  2.09  1.83  3.04  3.11
SKEW       .50   .53   .69   .60   .56   .79   .84   .47   .62   .65   .74   .49
% NNW     5.94  2.74  6.83  2.72  6.53  5.05  7.08  6.74  3.34  6.04  5.63  4.08
MEAN      5.96  3.08  4.13  3.81  4.67  4.59  4.83  4.30  4.81  4.57  5.52  5.39
STD DEV   2.74  1.45  1.87  1.61  2.09  2.03  1.93  1.88  2.23  1.87  2.64  1.90
SKEW       .40   .31   .97   .72   .93  1.19   .57   .39   .56   .25   .60  -.03
CALM      5.56  4.56  6.26  6.71  8.38  9.66  9.69 11.55  9.85  7.90  6.93  5.49
 
INTERPOLATED DATA (station & weighting factor)
 
---Wind Stations---
NIAGARA FALLS NY     .409  NIAGARA FALLS NY     .409  DUNKIRK       NY     .183
---Solar Radiation and Max .5 P Stations---
 BUFFALO, NEW YORK  1.000   SYRACUSE, NEW YORK  .000                            
---Dewpoint Stations---
NY BUFFALO          1.000  NY ROCHESTER         .000  PA ERIE              .000 
---Time Peak Stations---
PAVILION NY          .555  MOUNT MORRIS 2 W NY  .445                            
