 GOUVERNEUR NY                           303346 0
 LATT=  44.35 LONG= -75.47 YEARS= 44. TYPE= 3
 ELEVATION =  440. TP5 = 2.10 TP6= 4.67
 MEAN P    .16   .20   .21   .25   .27   .27   .28   .35   .34   .27   .25   .20
 S DEV P   .20   .26   .25   .27   .31   .34   .38   .45   .46   .33   .30   .26
 SKEW  P  2.50  2.53  2.34  1.80  1.83  2.90  3.17  2.39  3.40  2.35  2.86  2.51
 P(W/W)    .50   .47   .51   .54   .50   .44   .40   .42   .47   .56   .57   .54
 P(W/D)    .45   .36   .31   .33   .32   .33   .31   .33   .33   .28   .42   .46
 TMAX AV 27.83 30.42 40.18 55.15 67.78 75.97 80.63 78.46 70.17 59.34 45.51 32.09
 TMIN AV 14.75 15.13 20.75 32.60 42.70 51.99 56.48 54.72 47.22 37.36 28.70 17.64
 SD TMAX 11.75 11.09 11.44 11.26  9.51  7.01  5.66  6.16  8.34  9.93 10.44 11.41
 SD TMIN  9.92 10.02 10.88  9.15  9.21  8.40  7.38  8.22  9.76  9.93 10.23 10.72
 SOL.RAD  142.  210.  287.  347.  433.  476.  477.  421.  322.  229.  146.  115.
 SD SOL   37.1  47.3  69.6  99.2 107.7 109.6 100.7 173.8  91.2  52.9  42.3  36.9
 MX .5 P   .39   .24   .45   .36   .64  1.02  1.76   .96   .88   .93   .34   .29
 DEW PT  17.09 15.31 22.20 31.12 43.03 53.41 57.79 57.79 50.71 42.49 30.71 18.42
Time Pk   .741  .822  .847  .875  .882  .891  .902  .909  .916  .936  .958 1.000
% N       5.14  5.45  4.15  5.83  4.84  4.66  4.96  5.57  5.35  5.10  4.95  4.63
MEAN      3.11  3.34  3.60  3.67  3.37  3.04  2.71  2.78  2.81  3.02  2.90  3.25
STD DEV   1.34  1.60  1.58  1.58  1.57  1.48  1.15  1.19  1.28  1.46  1.18  1.41
SKEW       .57   .76   .68   .46   .61   .86   .49   .70   .92  1.04  1.12   .79
% NNE     2.66  2.28  2.72  2.08  2.84  1.42  1.28  2.28  1.65  2.05  1.60  1.66
MEAN      3.70  3.76  3.77  4.19  4.02  3.32  3.45  3.10  2.80  3.22  1.95  1.89
STD DEV   1.62  1.42  1.37  1.40  1.55   .84   .77  1.44   .90   .86   .89   .78
SKEW       .54   .03   .54   .07  -.25   .28   .24   .50   .44   .13   .30   .20
% NE     10.08  8.71  8.96  7.98  7.35  4.43  5.63  7.92  6.63  8.72  8.04  7.21
MEAN      3.33  3.27  3.56  3.42  3.29  2.92  2.72  2.82  2.75  2.78  3.10  3.19
STD DEV   1.44  1.52  1.55  1.50  1.54  1.34  1.36  1.33  1.17  1.26  1.49  1.69
SKEW       .83   .90   .62   .53   .58   .64   .91   .64   .73  1.10   .95  1.45
% ENE     2.70  3.13  3.35  2.29  2.45  1.40  1.34  1.54  1.44  2.48  1.98  2.51
MEAN      4.20  3.99  4.04  3.94  4.35  2.70  3.31  3.78  3.04  3.29  3.96  4.80
STD DEV   1.45  1.74  1.46  1.55  1.65  1.16   .54  1.07   .57  1.73  1.98  1.47
SKEW       .01   .53   .11  -.14  -.36  1.10   .45   .51   .59   .67   .18  1.08
% E      10.06  9.39  8.44  8.02  9.46  6.53  5.87  7.59  6.72  7.03  7.58  7.37
MEAN      3.71  3.76  3.54  3.71  3.44  2.72  2.47  2.64  2.79  3.49  3.34  3.81
STD DEV   1.71  1.80  1.64  1.91  1.64  1.24  1.14  1.28  1.39  1.57  1.76  1.89
SKEW       .88   .90   .92   .98   .90   .80   .67   .85   .65   .73  1.66  1.06
% ESE     1.85  2.08  2.11  2.21  1.76  1.41  1.03  1.43  1.70  2.00  2.35  2.34
MEAN      1.48  1.68  2.86  3.65  3.31  1.87  1.32  1.25  1.27  1.74  1.51  1.48
STD DEV    .58   .76   .96   .96   .66   .51   .58   .49   .47  1.18   .71   .58
SKEW       .30   .62   .46   .38   .22   .38   .32   .41   .21   .90   .53   .36
% SE      2.14  1.99  2.28  3.09  2.84  2.76  1.89  2.83  2.42  2.59  3.05  2.73
MEAN      2.33  3.02  3.63  3.40  3.14  2.58  2.20  2.18  2.29  3.03  2.95  2.80
STD DEV    .76  1.50  1.79  1.68  1.54  1.24   .80   .91   .93  1.38  1.57  1.10
SKEW       .24   .76   .45   .75   .75  1.55  -.51   .31   .54   .51  1.20  1.02
% SSE     1.23  1.46  1.36  1.59  1.56  1.45  1.19  1.28  1.48  1.38  2.17  1.64
MEAN      2.32  3.36  2.66  4.46  3.64  2.80  1.62  1.70  1.69  1.92  2.36  3.52
STD DEV   1.26  1.34  1.55  1.25  1.08   .91   .81   .85   .78   .99  1.21  1.06
SKEW       .38   .37   .58   .25   .31   .37   .51   .46   .30   .42   .34   .44
% S       5.58  5.47  4.25  5.43  6.39  5.18  4.69  6.24  6.98  5.85  6.90  5.79
MEAN      4.27  4.20  4.32  4.32  3.60  3.08  2.97  3.15  3.64  3.52  4.41  4.03
STD DEV   2.16  1.88  2.36  2.29  1.83  1.41  1.35  1.44  1.64  1.41  2.11  1.65
SKEW      1.15   .66   .78  1.32  2.01  1.12  1.03  1.03  1.19  1.08   .81   .77
% SSW     3.51  3.08  2.39  3.22  4.38  4.91  4.71  4.22  4.94  4.35  4.33  4.05
MEAN      4.64  4.79  4.76  5.25  4.20  3.68  3.10  4.02  4.22  3.86  5.32  4.76
STD DEV   1.34  2.13  2.08  2.40  1.98  1.71  1.61  1.34  2.00  1.74  2.51  2.51
SKEW       .23   .56   .52  1.41   .53   .56   .89   .18   .86   .24   .27   .57
% SW     12.55  9.37 15.41 12.33 13.64 18.10 17.27 14.97 16.18 15.15 13.71 14.68
MEAN      5.15  4.69  4.52  5.04  4.50  3.95  3.55  3.64  3.79  3.99  5.00  5.03
STD DEV   2.47  2.47  2.12  2.50  2.03  1.70  1.53  1.48  1.82  1.93  2.48  2.29
SKEW       .45   .73   .81   .80   .63   .64   .55   .53   .92   .76   .69   .43
% WSW     3.58  4.78  7.45  8.86  8.61 11.06  9.77  7.22  5.16  6.02  4.35  4.22
MEAN      6.67  6.11  6.02  6.14  6.07  5.36  5.01  5.05  5.62  5.61  6.04  6.23
STD DEV   3.24  2.37  2.49  2.32  2.90  1.89  1.62  1.51  2.23  2.27  2.51  2.46
SKEW       .56   .72   .62   .51  1.39   .69   .10   .46   .79   .62   .18   .43
% W      18.49 22.22 19.39 17.23 17.74 20.39 22.65 17.87 17.74 18.50 16.84 20.52
MEAN      5.99  5.26  5.44  4.97  4.47  4.15  3.95  3.79  3.95  4.36  5.06  5.38
STD DEV   3.23  2.53  2.81  2.18  1.98  1.77  1.62  1.69  1.85  2.26  2.45  2.76
SKEW       .91   .73   .95   .58   .66   .42   .39   .75   .90  1.08   .78   .77
% WNW     4.14  4.84  4.33  3.82  2.90  2.63  2.69  2.51  2.80  2.83  3.84  4.10
MEAN      6.85  5.90  5.43  5.02  4.58  4.09  3.98  3.85  5.07  4.97  5.51  5.00
STD DEV   3.10  2.66  1.74  1.96  1.69  1.41  1.26   .89  1.08  1.20  1.31  1.87
SKEW       .03   .35   .22   .39  -.18   .29   .25   .23   .24   .25   .20  -.01
% NW      7.31  7.55  5.46  7.42  4.14  4.20  4.68  4.66  6.75  4.73  9.13  8.16
MEAN      3.95  4.07  4.01  3.99  3.66  3.67  3.16  3.07  3.28  3.12  3.74  3.89
STD DEV   2.01  1.98  1.67  1.71  1.53  1.73  1.39  1.38  1.53  1.36  1.81  1.95
SKEW       .91   .51   .59   .16   .21   .44   .73   .76   .89   .91   .70   .82
% NNW     1.87  2.11  1.97  2.78  1.56  1.30  1.12  1.09  1.27  2.01  2.05  1.51
MEAN      3.95  3.84  4.12  4.19  3.85  3.99  3.58  3.43  3.61  4.06  3.80  3.48
STD DEV   1.60  1.57  1.53  1.53  1.53  1.34   .86   .73   .84  1.84  1.43   .97
SKEW       .17   .23  -.28   .14   .11   .13   .29   .20   .44   .20   .84   .28
CALM      7.10  6.03  5.91  5.83  7.57  8.15  9.26 10.75 10.82  9.33  7.05  6.80
 
INTERPOLATED DATA (station & weighting factor)
 
---Wind Stations---
CANTON/WBO    NY     .532  WATERTOWN/INT NY     .319  ROME/GRIFFIS  NY     .149
---Solar Radiation and Max .5 P Stations---
 ALBANY, NEW YORK    .612   HARTFORD (WINDSOR   .388                            
---Dewpoint Stations---
NY CANTON            .701  NY OSWEGO            .189  NY ROCHESTER         .110 
---Time Peak Stations---
MASSENA SNELL LOCK   .646  MORRISVILLE AG INST  .354                            
