 WANAKENA RANGER SCH NY                  308944 0
 LATT=  44.15 LONG= -74.90 YEARS= 67. TYPE= 3
 ELEVATION = 1510. TP5 = 2.09 TP6= 4.67
 MEAN P    .17   .17   .20   .23   .26   .28   .33   .32   .31   .28   .24   .18
 S DEV P   .21   .21   .24   .24   .28   .34   .43   .43   .39   .35   .28   .23
 SKEW  P  3.96  3.00  2.97  1.79  1.93  2.08  2.94  3.65  2.54  3.19  3.01  3.00
 P(W/W)    .62   .60   .59   .59   .58   .54   .50   .49   .52   .59   .61   .68
 P(W/D)    .51   .45   .41   .36   .36   .36   .36   .36   .36   .32   .46   .49
 TMAX AV 27.08 29.20 38.23 51.52 65.78 73.79 77.66 75.43 67.68 56.69 42.50 30.34
 TMIN AV 14.74 14.82 17.92 28.51 39.86 48.84 53.20 51.71 44.72 34.70 25.56 16.41
 SD TMAX 10.98 10.52 11.11 11.82 10.09  7.70  6.01  6.48  8.80 10.85 10.93 10.53
 SD TMIN  9.50  9.48 10.55  9.63  9.43  8.65  7.40  7.94  9.75  9.64 10.93 10.06
 SOL.RAD  142.  210.  286.  347.  432.  475.  475.  420.  321.  229.  145.  115.
 SD SOL   37.2  47.4  69.8  99.4 108.1 110.1 101.3 174.8  91.6  53.0  42.5  37.0
 MX .5 P   .39   .24   .46   .35   .64  1.03  1.77   .95   .87   .91   .35   .29
 DEW PT  15.96 14.38 21.60 31.04 42.80 53.42 58.04 57.82 50.62 41.98 30.41 17.81
Time Pk   .758  .831  .853  .882  .888  .896  .906  .910  .918  .935  .957 1.000
% N       6.29  6.41  5.11  7.06  5.63  5.30  5.26  5.96  5.76  5.64  5.88  6.07
MEAN      3.14  3.44  3.73  3.71  3.38  3.18  2.87  2.82  2.77  3.07  2.96  3.27
STD DEV   1.41  1.70  1.64  1.61  1.51  1.53  1.30  1.17  1.29  1.50  1.37  1.52
SKEW       .60   .76   .60   .40   .60   .70   .54   .68   .90  1.04  1.36   .85
% NNE     1.63  1.65  1.73  1.45  2.11  1.05   .83  1.39   .87   .93   .80  1.01
MEAN      3.24  3.31  3.50  4.00  3.76  3.18  3.22  2.86  2.49  3.02  1.67  1.71
STD DEV   1.42  1.19  1.21  1.44  1.43   .80   .67  1.37   .73   .83   .77   .71
SKEW       .68  -.02   .46   .19  -.23   .30   .21   .53   .29   .17   .44   .12
% NE      6.37  5.78  6.24  6.16  6.19  3.55  4.59  5.97  4.93  6.32  5.83  4.02
MEAN      2.77  2.76  3.16  3.16  3.11  2.74  2.55  2.56  2.44  2.44  2.67  2.77
STD DEV   1.18  1.28  1.33  1.38  1.38  1.23  1.16  1.17   .98  1.09  1.23  1.52
SKEW       .92  1.12   .61   .64   .57   .71   .86   .62   .62  1.10   .98  1.37
% ENE     1.10  1.88  2.17  1.46  1.98  1.17   .91  1.04   .72  1.44   .92   .89
MEAN      3.84  3.77  3.84  3.68  4.36  2.78  3.34  3.71  2.99  3.15  3.86  4.54
STD DEV   1.27  1.61  1.32  1.40  1.59  1.21   .51   .94   .54  1.58  1.92  1.38
SKEW       .01   .50  -.07  -.23  -.51  1.24   .17   .32   .32   .45   .00   .82
% E       9.82  9.07  8.45  7.97  9.54  6.61  5.98  7.42  6.64  6.57  7.32  6.82
MEAN      3.75  3.85  3.63  3.82  3.74  2.85  2.66  2.83  2.92  3.70  3.36  3.91
STD DEV   1.81  1.85  1.71  1.92  1.82  1.26  1.22  1.37  1.49  1.70  1.80  2.09
SKEW      1.01   .54   .85   .87   .89   .65   .68   .67   .61   .58  1.38  1.19
% ESE     2.63  2.96  3.01  2.94  2.64  2.32  1.81  2.05  2.58  2.80  3.17  3.11
MEAN      1.62  1.81  2.98  3.67  3.51  1.99  1.40  1.39  1.48  1.67  1.66  1.60
STD DEV    .70   .87   .97   .84   .78   .63   .59   .59   .64   .84   .73   .76
SKEW       .16   .64   .38   .18   .29   .28   .26   .26   .31   .56   .36   .51
% SE      3.00  3.28  3.47  4.70  5.38  5.02  3.76  4.56  3.90  4.26  4.17  3.33
MEAN      2.86  3.56  3.72  3.81  3.58  3.08  2.64  2.53  2.75  3.19  3.32  3.12
STD DEV   1.17  1.71  1.77  1.87  1.61  1.40   .98   .99  1.16  1.13  1.60  1.33
SKEW       .40   .57   .48   .76   .53  1.14  -.53  -.07   .39   .29   .77   .77
% SSE     2.15  2.44  2.12  2.77  2.88  3.45  2.92  2.73  3.05  2.68  2.66  2.41
MEAN      2.16  3.19  2.34  4.49  3.80  3.07  1.87  1.85  2.09  1.97  2.26  3.59
STD DEV    .98  1.02  1.17  1.10  1.06   .93   .89   .86   .92   .88  1.06  1.03
SKEW       .25   .22   .36   .14   .24   .21   .32   .25   .23   .34   .34   .32
% S       3.53  3.43  2.81  3.90  4.85  4.09  3.64  4.86  4.99  3.72  4.87  3.40
MEAN      3.18  3.18  3.43  3.57  3.04  2.68  2.75  2.74  3.05  3.00  3.66  3.00
STD DEV   1.65  1.43  1.78  1.83  1.57  1.18  1.29  1.27  1.35  1.17  1.79  1.19
SKEW      1.15   .72   .68  1.27  2.07  1.14  1.06  1.03  1.20  1.06   .75   .66
% SSW     1.12  1.06   .90  1.59  1.68  1.55  1.98  1.73  1.81  1.80  1.98  1.76
MEAN      3.25  3.74  3.96  4.47  3.75  3.14  2.62  3.44  3.39  3.05  4.16  3.36
STD DEV    .76  1.59  1.59  2.08  1.85  1.53  1.40  1.10  1.65  1.50  2.07  2.01
SKEW       .32   .49   .45  1.52   .54   .72   .93   .18  1.09   .56   .33   .72
% SW     12.17  8.36 14.01  9.90 10.79 14.75 14.67 12.96 14.74 13.93 13.69 14.55
MEAN      4.39  4.19  4.09  4.46  4.05  3.47  3.05  3.07  3.18  3.44  4.13  3.97
STD DEV   1.98  2.23  1.89  2.23  1.98  1.51  1.45  1.31  1.63  1.74  1.95  1.84
SKEW       .52   .68   .71   .78   .58   .52   .73   .58  1.04   .89   .54   .62
% WSW     2.89  3.50  5.00  4.91  4.87  6.78  5.23  4.20  3.50  4.76  3.60  3.83
MEAN      5.44  5.53  5.32  5.26  5.43  4.63  4.29  4.31  4.80  4.83  4.82  4.87
STD DEV   2.63  2.06  2.05  2.07  2.79  1.71  1.50  1.40  1.98  1.94  1.99  1.87
SKEW       .43   .58   .37   .46  1.43   .73   .17   .53   .79   .63   .06   .40
% W      19.84 22.94 19.49 17.77 18.11 21.05 23.12 18.50 18.26 19.02 17.70 21.37
MEAN      5.16  4.81  4.69  4.56  4.28  3.87  3.57  3.34  3.37  3.73  4.30  4.53
STD DEV   2.72  2.35  2.31  2.10  1.97  1.76  1.59  1.58  1.60  1.90  2.21  2.43
SKEW       .80   .68   .89   .61   .70   .44   .53   .81   .90  1.09   .95   .88
% WNW     4.14  5.32  5.66  5.46  4.16  3.88  3.94  3.62  3.49  3.50  3.89  4.38
MEAN      6.43  5.44  5.12  4.89  4.63  4.15  3.75  3.60  4.54  4.57  4.87  4.43
STD DEV   3.07  2.54  1.60  2.03  1.83  1.48  1.17   .92   .88  1.01  1.19  1.71
SKEW       .03   .31   .21   .34  -.18   .26  -.04   .29   .29   .25   .29   .03
% NW      8.30  8.85  7.34  9.19  5.74  5.48  5.94  5.94  7.61  5.82  9.73  9.11
MEAN      3.90  3.97  4.05  4.11  3.84  3.76  3.33  3.04  3.19  3.30  3.56  3.83
STD DEV   2.16  2.01  1.82  1.90  1.68  1.74  1.49  1.41  1.59  1.57  1.83  2.10
SKEW      1.04   .38   .60   .25   .19   .52   .60   .81  1.00   .92   .73   .88
% NNW     2.53  2.65  2.79  3.64  2.27  1.90  1.66  1.82  1.85  2.65  2.57  2.23
MEAN      3.87  3.97  4.19  4.25  4.01  4.02  3.69  3.46  3.71  4.07  3.70  3.36
STD DEV   1.66  1.76  1.70  1.55  1.64  1.52   .90   .80   .92  1.90  1.46  1.01
SKEW       .19   .31  -.29   .18   .07   .26   .22   .21   .48   .19   .94   .32
CALM     12.47 10.41  9.60  9.11 11.21 12.03 13.76 15.23 15.39 14.24 11.19 11.64
 
INTERPOLATED DATA (station & weighting factor)
 
---Wind Stations---
CANTON/WBO    NY     .534  ROME/GRIFFIS  NY     .249  PLATTSBURGH   NY     .217
---Solar Radiation and Max .5 P Stations---
 ALBANY, NEW YORK    .630   HARTFORD (WINDSOR   .370                            
---Dewpoint Stations---
NY CANTON            .583  VT BURLINGTON        .214  NY OSWEGO            .203 
---Time Peak Stations---
INDIAN LAKE 2 SW NY  .465  MASSENA SNELL LOCK   .332  MORRISVILLE AG INST  .204 
