 GRAFTON 1 NW NY                         303360 0
 LATT=  42.78 LONG= -73.47 YEARS= 42. TYPE= 3
 ELEVATION = 1560. TP5 = 2.04 TP6= 4.55
 MEAN P    .21   .23   .25   .27   .30   .34   .35   .35   .34   .32   .32   .24
 S DEV P   .27   .29   .29   .32   .36   .44   .45   .50   .43   .44   .37   .31
 SKEW  P  2.41  2.84  2.15  2.48  2.09  2.42  2.22  3.13  2.03  3.97  2.31  2.89
 P(W/W)    .45   .47   .50   .58   .58   .56   .49   .51   .52   .54   .52   .49
 P(W/D)    .38   .35   .37   .36   .37   .34   .32   .31   .29   .27   .36   .36
 TMAX AV 28.48 31.38 40.14 54.21 66.47 73.89 78.31 76.04 67.99 57.86 44.74 32.70
 TMIN AV 14.04 15.30 22.32 33.67 44.36 53.02 57.84 56.36 49.14 39.45 29.45 18.14
 SD TMAX 10.81 10.67 10.64 11.24  9.46  7.33  5.56  6.03  8.13  9.69 10.33 10.79
 SD TMIN  9.51 10.14 10.37  9.12  8.52  7.10  6.06  6.72  8.43  9.18  9.58 10.55
 SOL.RAD  137.  210.  278.  352.  429.  467.  466.  416.  318.  230.  143.  114.
 SD SOL   38.2  47.1  71.9  97.8 109.2 112.6 104.2 177.4  92.3  52.2  42.5  36.6
 MX .5 P   .39   .22   .48   .30   .62  1.14  1.74   .88   .82   .71   .37   .26
 DEW PT  16.06 16.21 23.91 33.91 44.18 55.06 60.18 59.18 52.91 41.94 32.50 20.06
Time Pk   .729  .812  .850  .880  .889  .896  .909  .919  .927  .944  .966 1.000
% N       7.88  7.40  7.67  7.88  6.73  5.23  5.15  6.48  5.82  6.88  5.53  6.27
MEAN      3.38  3.25  3.79  3.78  3.37  3.12  2.87  3.13  3.25  3.42  3.22  3.24
STD DEV   1.80  1.75  2.06  1.80  1.74  1.59  1.38  1.57  1.69  1.84  1.78  1.69
SKEW       .78  1.15   .91   .57   .76   .76   .77   .76   .71   .67   .89   .78
% NNE     3.85  3.84  4.33  4.43  4.16  3.02  2.66  3.43  2.92  3.68  3.08  3.12
MEAN      3.70  3.51  3.89  4.15  3.81  3.28  3.03  3.40  3.55  3.62  3.57  3.39
STD DEV   2.01  1.92  1.81  1.95  1.83  1.64  1.55  1.73  1.83  1.87  2.02  1.82
SKEW       .65   .55   .38   .38   .47   .64   .60   .57   .41   .60   .49   .65
% NE      4.25  3.89  3.41  3.31  3.82  3.24  2.61  3.17  2.88  3.63  3.03  3.76
MEAN      2.79  2.76  3.14  3.36  2.88  2.63  2.50  2.28  2.44  2.81  2.66  2.61
STD DEV   1.72  1.67  1.82  1.76  1.64  1.36  1.38  1.16  1.39  1.66  1.71  1.54
SKEW      1.56  1.31   .98   .62  1.47   .88  1.61  1.06  1.14  1.00  1.73  1.21
% ENE     4.41  4.21  3.40  3.05  3.51  2.02  1.67  2.23  2.18  3.62  3.41  2.41
MEAN      3.14  2.86  3.37  3.50  3.30  2.75  2.50  2.45  2.71  3.21  3.35  2.75
STD DEV   1.68  1.36  1.60  1.73  1.65  1.34  1.17  1.24  1.30  1.69  2.03  1.25
SKEW       .98  1.28   .64   .91   .85  1.07  1.14   .87   .64   .73  1.07   .65
% E       2.42  2.40  2.38  1.64  3.42  1.95  1.40  2.13  1.81  2.45  2.28  1.87
MEAN      2.36  2.59  3.08  3.06  2.72  2.48  2.06  2.06  2.01  2.40  2.63  2.49
STD DEV   1.15  1.41  1.36  1.44  1.35  1.20   .94   .90  1.05  1.19  1.96  1.27
SKEW       .92  1.27   .86   .71  1.04   .89   .66   .88  1.44   .79  1.50   .42
% ESE     1.46  1.43  1.76  1.78  2.03  1.37  1.20  1.26  1.20  2.07  1.59  1.61
MEAN      2.57  2.81  3.34  3.61  3.20  2.84  2.42  2.39  2.61  3.00  3.20  2.93
STD DEV   1.05  1.22  1.50  1.79  1.49  1.23  1.08  1.11  1.21  1.34  1.83  1.40
SKEW       .29   .82   .94  1.00   .86   .63   .63   .74   .40   .47  1.42   .73
% SE      1.51  1.69  1.85  2.40  3.17  2.48  2.80  3.11  2.61  2.36  2.43  2.09
MEAN      2.73  3.03  3.74  3.74  3.06  2.78  2.72  2.62  2.66  2.82  3.33  3.15
STD DEV   1.68  1.63  2.05  2.22  1.53  1.40  1.51  1.38  1.46  1.51  1.79  1.72
SKEW      1.27   .85   .63   .83   .87   .80  1.01  1.00   .91   .84   .61   .63
% SSE     5.96  6.19  7.08  8.24  8.87  8.56  8.35  7.91  9.09  7.43  7.93  6.31
MEAN      4.63  4.58  5.24  5.27  4.57  4.04  3.83  3.59  3.89  4.17  4.41  4.28
STD DEV   2.10  1.83  2.33  2.31  2.07  1.76  1.87  1.70  1.76  1.92  1.85  2.03
SKEW       .54   .36   .37   .38   .43   .36   .59   .51   .36   .46   .37   .50
% S       7.95  7.15  6.57  7.92 10.68 13.21 12.68 12.21 12.17 10.60  9.71  9.44
MEAN      4.33  4.49  4.61  4.53  3.96  3.74  3.51  3.53  3.88  3.78  4.08  4.03
STD DEV   2.22  2.32  2.35  2.19  1.99  1.70  1.76  1.81  1.93  1.81  2.14  2.03
SKEW       .36   .56   .53   .41   .68   .51   .73   .64   .46   .60   .55   .56
% SSW     5.05  4.10  5.00  5.98  5.90  8.19  8.05  7.46  7.72  7.06  6.89  7.42
MEAN      4.16  4.14  4.16  4.40  3.81  3.58  3.38  3.24  3.57  3.56  4.02  3.74
STD DEV   2.11  2.07  2.15  2.07  1.89  1.57  1.60  1.53  1.81  1.63  2.01  1.86
SKEW       .85   .90   .94   .70   .70   .58   .81   .76   .75   .82   .90   .88
% SW      4.31  3.85  3.53  4.14  4.39  7.00  7.12  5.17  5.91  5.01  5.26  5.64
MEAN      3.36  3.25  3.67  3.62  3.04  3.08  2.81  2.68  2.70  3.00  3.16  3.43
STD DEV   2.01  1.88  2.14  1.84  1.52  1.63  1.36  1.39  1.54  1.63  1.78  1.97
SKEW      1.24  1.06  1.07   .94   .79  1.08   .82   .91  1.11  1.08   .95  1.03
% WSW     5.39  5.03  5.60  5.61  4.92  6.82  6.53  5.50  5.17  5.40  6.27  7.26
MEAN      4.65  4.11  4.85  4.45  4.06  3.92  3.48  3.19  3.46  3.88  4.10  4.58
STD DEV   2.47  2.18  2.64  2.22  2.19  1.95  1.69  1.70  1.93  2.00  2.10  2.36
SKEW       .62   .56   .67   .64   .69   .76   .62   .78  1.02   .69   .79   .56
% W       8.87  9.61  8.96  9.45  8.36  9.11  9.27  8.42  7.73  7.77  9.46  9.63
MEAN      5.01  5.24  5.00  5.24  4.27  3.97  3.74  3.42  3.55  3.98  4.38  4.94
STD DEV   2.74  2.93  2.58  2.70  2.22  1.99  1.80  1.81  1.96  2.12  2.26  2.69
SKEW       .67   .94   .58   .62   .77   .47   .52   .83   .88   .64   .62   .67
% WNW    15.20 15.43 16.25 14.99 11.08  9.45  9.92  8.61 10.25 10.39 13.34 14.49
MEAN      5.92  6.35  6.20  5.95  5.13  4.95  4.27  4.08  4.51  4.77  5.11  5.67
STD DEV   2.92  2.96  2.87  2.79  2.48  2.43  1.93  1.95  2.15  2.27  2.30  2.60
SKEW       .52   .42   .48   .38   .45   .41   .47   .43   .43   .53   .31   .39
% NW      8.71 10.90  9.79  7.78  7.78  7.43  8.21  7.72  7.50  7.51  7.85  7.40
MEAN      4.51  4.76  4.64  4.63  4.12  3.84  3.44  3.38  3.40  3.91  4.09  4.23
STD DEV   2.66  2.84  2.60  2.58  2.37  2.31  1.88  1.92  1.88  2.19  2.35  2.39
SKEW       .90   .76   .77   .72   .76   .93   .85   .86   .69   .64   .66   .64
% NNW     6.43  7.26  7.72  7.50  6.06  4.22  4.25  5.07  4.69  5.40  4.71  4.87
MEAN      4.12  4.24  4.22  4.10  3.93  3.73  3.33  3.33  3.38  3.77  3.86  3.66
STD DEV   2.10  2.20  2.06  1.97  1.95  1.90  1.50  1.59  1.61  1.91  1.95  1.85
SKEW       .80   .80   .94   .93  1.04   .89   .79   .79   .69   .95   .65   .74
CALM      6.35  5.72  4.64  3.89  5.17  6.70  8.12 10.10 10.24  8.78  7.26  6.40
 
INTERPOLATED DATA (station & weighting factor)
 
---Wind Stations---
ALBANY/CNTY   NY     .477  PITTSFIELD    MA     .318  GLENS FALLS/W NY     .204
---Solar Radiation and Max .5 P Stations---
 ALBANY, NEW YORK    .712   HARTFORD (WINDSOR   .170   CONCORD, NEW HAMPS  .117 
---Dewpoint Stations---
NY ALBANY            .731  CT HARTFORD          .149  NH CONCORD           .121 
---Time Peak Stations---
BENNINGTON 3 N VT    .419  ALBANY 4 S NY        .370  MANCHESTER DEPOT VT  .211 
