 NORWALK OH                              336118 0
 LATT=  41.25 LONG= -82.62 YEARS= 93. TYPE= 3
 ELEVATION =  720. TP5 = 2.00 TP6= 3.63
 MEAN P    .22   .21   .26   .26   .28   .36   .39   .36   .35   .26   .24   .22
 S DEV P   .26   .25   .31   .31   .35   .46   .46   .47   .43   .32   .30   .26
 SKEW  P  2.91  2.87  2.69  2.71  2.99  2.71  2.46  2.92  2.34  2.61  3.01  2.43
 P(W/W)    .45   .40   .44   .53   .54   .48   .43   .42   .43   .47   .46   .44
 P(W/D)    .29   .28   .31   .33   .31   .29   .27   .24   .25   .23   .29   .31
 TMAX AV 34.84 36.23 46.87 59.00 70.93 80.28 84.60 82.64 76.40 64.47 49.99 37.77
 TMIN AV 19.42 19.69 27.64 36.90 47.12 56.44 60.53 58.64 52.40 41.71 32.56 23.02
 SD TMAX 11.53 11.37 13.03 12.46 10.84  8.81  7.08  7.02  9.22 10.66 11.41 10.95
 SD TMIN 10.88 10.68 10.15  9.40  9.29  8.00  6.85  7.24  9.21  9.39  9.54 10.47
 SOL.RAD  126.  193.  301.  339.  485.  557.  557.  488.  341.  284.  150.  116.
 SD SOL   46.6  57.2  67.7 104.6  90.5  82.6  74.2 139.1  88.3  38.7  45.4  40.6
 MX .5 P   .20   .37   .35   .45   .73  1.26  1.18  1.15   .67   .36   .35   .30
 DEW PT  22.32 22.08 28.08 37.63 47.63 57.42 61.42 61.21 54.21 43.66 32.66 23.87
Time Pk   .672  .766  .816  .861  .867  .872  .887  .898  .906  .931  .957 1.000
% N       3.32  4.79  5.29  6.11  7.21  6.29  7.46  7.63  5.62  4.63  3.07  2.93
MEAN      4.69  4.96  4.92  4.94  4.63  4.42  4.13  4.03  4.23  4.30  4.72  4.83
STD DEV   1.95  2.07  1.93  1.93  1.87  1.75  1.62  1.57  1.71  1.74  2.04  2.07
SKEW       .43   .47   .47   .42   .38   .44   .37   .39   .43   .37   .58   .38
% NNE     3.56  4.61  5.39  5.58  7.57  5.25  5.69  6.19  4.61  3.60  2.09  1.91
MEAN      5.11  5.09  5.35  5.18  4.95  4.55  4.30  4.25  4.38  4.49  4.81  4.85
STD DEV   2.04  1.92  2.11  1.93  1.94  1.69  1.61  1.64  1.76  1.75  2.19  1.86
SKEW       .46   .37   .48   .39   .47   .43   .36   .38   .50   .44   .61   .16
% NE      3.27  3.87  4.82  4.79  5.66  4.04  4.56  5.00  3.94  3.58  2.05  2.13
MEAN      4.85  4.94  5.00  4.73  4.29  3.97  3.78  3.66  3.86  4.20  3.99  4.59
STD DEV   2.03  1.91  2.02  2.03  1.76  1.65  1.56  1.52  1.60  1.83  1.90  1.96
SKEW       .50   .36   .40   .51   .40   .61   .56   .41   .59   .50   .73   .35
% ENE     2.46  3.86  4.89  4.33  4.49  3.52  3.19  3.43  3.30  2.87  1.60  2.05
MEAN      4.82  4.84  5.19  4.83  4.36  3.92  3.67  3.61  3.74  4.06  4.24  4.58
STD DEV   1.97  1.89  1.98  1.75  1.81  1.38  1.47  1.43  1.43  1.46  1.76  1.68
SKEW       .63   .49   .44   .17   .50   .28   .72   .37   .37   .40   .66   .45
% E       2.41  2.84  3.87  3.84  3.87  3.18  3.00  3.06  3.71  2.89  1.99  2.41
MEAN      4.30  4.15  4.70  4.62  4.00  3.58  3.38  3.14  3.49  3.47  4.04  4.25
STD DEV   1.61  1.51  1.82  1.83  1.61  1.50  1.41  1.32  1.41  1.40  1.62  1.66
SKEW       .30   .16   .42   .42   .37   .48   .53   .67   .57   .49   .19   .25
% ESE     2.61  2.99  3.49  3.36  3.14  2.83  2.49  2.86  2.97  2.79  2.14  2.92
MEAN      4.23  4.32  4.77  4.45  4.05  3.71  3.29  3.22  3.44  3.63  4.22  4.51
STD DEV   1.47  1.60  1.66  1.70  1.56  1.43  1.34  1.34  1.29  1.36  1.64  1.70
SKEW       .46   .38   .32   .51   .47   .36   .60   .57   .49   .41   .35   .67
% SE      2.77  3.39  4.01  3.66  4.10  3.94  3.68  4.24  4.93  4.33  3.63  3.57
MEAN      4.31  4.52  4.57  4.29  3.79  3.15  2.85  2.74  3.08  3.41  4.07  4.28
STD DEV   1.74  1.79  1.90  1.80  1.64  1.32  1.17  1.15  1.25  1.44  1.87  1.71
SKEW       .52   .41   .48   .58   .57   .72   .60   .79   .81   .81   .81   .55
% SSE     5.57  5.16  5.89  5.52  5.35  5.93  5.31  5.69  7.05  7.37  6.97  6.45
MEAN      5.13  5.34  5.40  4.87  4.26  3.74  3.27  3.33  3.69  4.06  4.79  5.05
STD DEV   1.98  2.04  2.22  2.01  1.73  1.53  1.22  1.38  1.46  1.67  1.94  1.99
SKEW       .47   .35   .53   .53   .64   .74   .71   .86   .61   .87   .63   .59
% S      10.67  8.44  7.66  9.12  9.29 12.08 10.76 10.54 12.50 14.04 12.32 11.83
MEAN      5.89  5.79  5.76  5.38  4.78  4.31  3.71  3.64  4.21  4.53  5.40  5.72
STD DEV   2.17  2.29  2.38  2.30  2.13  1.85  1.56  1.53  1.73  1.83  2.22  2.25
SKEW       .36   .31   .52   .53   .83   .80   .81   .69   .63   .54   .57   .48
% SSW    11.19  8.93  7.37  8.29  7.92 10.91 10.08  8.85 10.11 11.45 12.03 11.75
MEAN      6.58  6.40  6.52  6.12  5.43  4.98  4.47  4.18  4.76  5.12  5.92  6.31
STD DEV   2.59  2.46  2.68  2.48  2.25  1.94  1.79  1.66  1.92  2.06  2.25  2.30
SKEW       .52   .40   .36   .43   .59   .49   .59   .52   .54   .62   .37   .33
% SW     11.78  9.90  7.60  9.00  8.98 11.75 11.73 10.34  9.64 11.34 13.09 12.88
MEAN      6.45  6.17  6.41  6.28  5.27  4.98  4.44  4.08  4.64  5.06  5.84  6.05
STD DEV   2.63  2.50  2.83  2.70  2.35  2.07  1.90  1.70  1.94  2.06  2.38  2.39
SKEW       .67   .37   .58   .59   .70   .44   .67   .60   .65   .50   .77   .48
% WSW    14.04 11.58  9.88  9.40  7.98  8.00  8.24  7.62  7.07  7.97 13.56 13.56
MEAN      6.91  6.54  6.87  6.64  5.76  5.17  4.78  4.33  4.80  5.09  6.31  6.23
STD DEV   2.79  2.52  2.79  2.77  2.37  2.01  1.93  1.72  1.96  2.14  2.41  2.40
SKEW       .75   .39   .45   .62   .34   .37   .62   .53   .64   .52   .53   .55
% W       9.18  8.96  9.28  7.31  6.64  5.72  5.67  5.64  6.02  5.76  8.34  9.37
MEAN      6.42  6.33  6.45  6.24  5.43  4.88  4.44  4.17  4.74  5.13  5.93  6.09
STD DEV   2.44  2.48  2.56  2.41  2.14  2.07  1.81  1.81  2.14  2.19  2.27  2.29
SKEW       .43   .25   .33   .32   .38   .39   .46   .56   .55   .41   .24   .26
% WNW     7.82  8.91  9.36  7.85  6.45  5.02  5.05  5.37  6.30  5.49  7.39  7.79
MEAN      6.38  6.45  6.67  6.42  5.61  5.08  4.87  4.49  5.19  5.39  5.99  6.03
STD DEV   2.35  2.49  2.53  2.26  2.11  2.01  1.90  1.72  1.99  2.06  2.32  2.13
SKEW       .33   .37   .43   .27   .40   .38   .43   .31   .33   .40   .45   .26
% NW      4.73  5.72  5.70  5.40  4.40  4.39  4.60  4.46  4.54  5.30  4.93  4.23
MEAN      5.78  5.61  5.92  5.75  4.80  4.55  4.36  4.14  4.64  5.20  5.62  5.46
STD DEV   2.20  2.32  2.36  2.12  1.86  1.83  1.87  1.66  1.90  2.11  2.34  2.11
SKEW       .10   .33   .32   .18   .39   .40   .55   .25   .33   .29   .36   .21
% NNW     3.54  4.71  4.13  4.60  4.51  4.18  4.38  4.50  4.14  3.93  3.42  2.85
MEAN      5.38  5.54  5.61  5.24  4.64  4.64  4.37  4.21  4.72  5.09  5.34  5.84
STD DEV   2.10  2.26  2.17  1.93  1.79  1.84  1.68  1.60  1.82  1.98  2.15  2.12
SKEW       .35   .37   .37   .11   .49   .55   .29   .25   .17   .29   .34   .21
CALM      1.13  1.33  1.34  1.81  2.45  3.05  4.13  4.53  3.46  2.64  1.34  1.34
 
INTERPOLATED DATA (station & weighting factor)
 
---Wind Stations---
MANSFIELD     OH     .424  CLEVELAND     OH     .314  TOLEDO        OH     .262
---Solar Radiation and Max .5 P Stations---
 CLEVELAND, OHIO     .478   TOLEDO, OHIO        .298   COLUMBUS, OHIO      .224 
---Dewpoint Stations---
OH CLEVELAND         .452  OH TOLEDO            .338  OH COLUMBUS          .210 
---Time Peak Stations---
BAY STONE LAB OH     .383  TIFFIN WTR WRK OH    .380  WOOSTER EXP STATION  .237 
