 CLEVELAND WB AP OH                      331657 0
 LATT=  41.40 LONG= -81.85 YEARS= 45. TYPE= 3
 ELEVATION =  790. TP5 = 1.95 TP6= 3.60
 MEAN P    .15   .16   .20   .23   .28   .33   .35   .35   .33   .23   .22   .18
 S DEV P   .23   .23   .26   .28   .35   .41   .45   .43   .38   .31   .30   .26
 SKEW  P  3.58  3.35  2.80  2.35  3.13  2.61  1.97  2.13  1.84  3.83  2.85  3.35
 P(W/W)    .60   .60   .59   .59   .53   .44   .42   .43   .45   .52   .59   .61
 P(W/D)    .45   .41   .40   .37   .30   .31   .29   .27   .27   .27   .39   .44
 TMAX AV 33.60 36.09 45.57 58.25 69.46 78.59 82.65 80.83 74.15 62.94 49.82 37.93
 TMIN AV 19.31 20.82 28.51 38.43 48.46 57.56 62.16 60.81 54.29 43.86 34.70 24.63
 SD TMAX 12.15 11.68 13.27 12.58 10.58  8.46  6.59  6.61  8.85 10.33 11.34 11.55
 SD TMIN 11.79 11.36  9.76  9.31  8.65  7.67  6.35  6.38  8.41  8.56  9.28 10.77
 SOL.RAD  125.  183.  303.  286.  502.  562.  562.  494.  278.  289.  141.  115.
 SD SOL   49.8  64.3  72.1 130.0  92.3  87.6  78.7 162.4 113.5  39.5  51.1  43.5
 MX .5 P   .19   .36   .28   .53   .77  1.48  1.31  1.12   .67   .34   .23   .23
 DEW PT  21.79 21.79 26.69 37.00 46.69 56.21 60.21 59.91 53.21 42.21 32.00 23.17
Time Pk   .695  .788  .829  .866  .874  .878  .892  .900  .911  .936  .956 1.000
% N       4.18  5.86  6.96  8.07 10.13  9.48 10.83 10.79  7.42  5.73  2.74  2.82
MEAN      4.59  4.59  4.77  4.74  4.49  4.39  4.35  4.42  4.39  4.69  4.78  4.98
STD DEV   1.92  2.05  1.85  1.74  1.71  1.52  1.47  1.54  1.65  1.72  2.01  2.05
SKEW       .47   .45   .37   .22   .26   .24   .00   .20   .22   .28   .51   .40
% NNE     3.43  5.73  7.57  6.97  9.34  6.56  6.26  6.71  4.86  4.15  2.02  1.81
MEAN      4.77  5.15  5.32  4.95  4.95  4.66  4.64  4.54  4.51  4.71  4.71  4.98
STD DEV   1.90  1.94  2.00  1.91  1.81  1.72  1.59  1.56  1.71  1.69  2.15  1.70
SKEW       .41   .25   .35   .52   .22   .37   .33   .21   .35   .31   .80   .30
% NE      2.75  3.75  5.52  4.51  5.10  3.29  3.90  3.33  3.43  3.01  1.49  1.82
MEAN      4.66  4.63  5.06  4.62  4.30  3.99  3.82  3.82  3.95  3.79  3.95  4.64
STD DEV   2.10  1.86  2.11  2.20  1.93  1.75  1.62  1.59  1.66  1.70  1.81  2.05
SKEW       .44   .36   .43   .75   .61   .66   .50   .36   .37   .69   .45   .67
% ENE     1.88  1.97  2.65  2.29  2.36  1.72  1.95  2.07  2.15  1.82  1.42  1.60
MEAN      4.44  4.09  4.49  4.13  3.65  3.39  3.41  3.23  3.49  3.79  4.49  4.42
STD DEV   1.92  1.72  1.85  1.55  1.41  1.18  1.24  1.23  1.21  1.29  1.71  1.56
SKEW       .53   .50   .52   .39   .36  -.02   .51   .27   .43   .22   .17   .41
% E       1.83  1.96  2.49  2.75  2.44  2.09  2.22  2.20  3.61  2.65  1.58  1.83
MEAN      3.97  3.97  4.25  4.57  3.69  3.26  3.05  2.98  3.53  3.52  4.29  4.10
STD DEV   1.55  1.82  1.66  1.89  1.55  1.49  1.37  1.23  1.41  1.47  1.59  1.48
SKEW       .22   .49   .23   .62   .17   .55   .74   .46   .64   .48   .05  -.01
% ESE     2.17  2.95  3.60  3.45  2.85  2.90  2.19  2.67  3.23  3.23  2.31  2.83
MEAN      4.15  4.22  4.67  4.72  3.65  3.47  3.25  3.21  3.40  3.59  4.08  4.44
STD DEV   1.54  1.68  1.86  1.91  1.63  1.53  1.45  1.37  1.35  1.38  1.67  1.58
SKEW       .65   .41   .21   .58   .47   .52   .61   .34   .59   .40   .26  -.05
% SE      3.04  4.05  4.68  4.30  4.27  4.48  4.36  4.69  5.49  5.71  4.01  4.52
MEAN      4.02  4.43  4.51  4.24  3.47  3.02  2.77  2.72  2.95  3.47  4.15  3.99
STD DEV   1.72  2.07  2.01  1.81  1.50  1.38  1.16  1.11  1.23  1.54  1.86  1.79
SKEW       .67   .52   .38   .60   .64   .79   .54   .75   .73   .82   .60   .98
% SSE     5.66  5.55  5.59  6.31  6.33  7.24  6.77  6.27  8.66  9.27  8.17  7.20
MEAN      4.61  4.67  5.16  4.71  4.16  3.47  3.17  3.27  3.60  4.02  4.93  4.84
STD DEV   2.02  2.05  2.12  2.13  1.89  1.49  1.25  1.37  1.45  1.57  2.14  2.15
SKEW       .52   .49   .40   .70   .72   .81  1.16   .97   .69   .59   .65   .69
% S      14.31 11.41  9.62 11.67 12.65 15.53 14.12 15.09 16.68 17.64 17.41 16.25
MEAN      5.68  5.41  5.45  5.43  4.78  4.35  3.87  3.70  4.30  4.63  5.45  5.72
STD DEV   2.18  2.24  2.27  2.28  2.05  1.87  1.59  1.66  1.79  1.92  2.12  2.16
SKEW       .25   .35   .35   .54   .46   .68   .60   .83   .54   .59   .44   .38
% SSW    11.08  8.79  7.21  8.02  7.94 11.17 11.13 10.00  9.96 11.78 11.64 11.57
MEAN      5.77  5.67  5.98  5.60  5.30  4.72  4.46  4.01  4.51  4.89  5.46  5.83
STD DEV   2.21  2.12  2.58  2.35  2.25  1.86  1.84  1.60  1.94  1.88  2.08  2.10
SKEW       .44   .35   .48   .57   .56   .43   .70   .49   .61   .46   .46   .31
% SW     12.29  9.94  7.53  8.33  7.75  9.70 10.85  9.98  9.30 10.05 13.76 12.78
MEAN      6.08  5.81  6.23  5.72  5.25  4.77  4.49  4.16  4.56  5.07  5.88  5.83
STD DEV   2.40  2.31  2.88  2.51  2.42  1.93  1.81  1.66  1.92  1.97  2.24  2.24
SKEW       .68   .35  1.03   .58   .85   .32   .44   .49   .62   .41   .59   .53
% WSW    12.03  9.06  8.52  7.31  6.63  5.89  5.60  5.34  5.51  6.52 13.65 13.34
MEAN      6.94  6.52  7.06  6.78  5.59  5.19  4.92  4.49  4.94  5.44  6.71  6.41
STD DEV   2.63  2.54  3.01  3.07  2.40  2.08  2.07  1.71  2.05  2.34  2.47  2.37
SKEW       .55   .29   .55   .71   .23   .38   .47   .39   .60   .30   .42   .46
% W       7.50  7.51  8.18  5.92  4.62  4.03  4.05  3.79  3.89  3.71  6.12  7.11
MEAN      6.74  6.79  6.89  6.42  5.64  5.36  4.86  4.60  5.29  5.64  6.47  6.39
STD DEV   2.44  2.68  2.72  2.52  2.24  2.22  1.90  1.99  2.36  2.45  2.34  2.09
SKEW       .25   .16   .29   .21   .16   .27   .26   .49   .49   .46   .06  -.01
% WNW     8.18  8.70  8.04  7.56  5.25  4.04  4.21  4.11  4.69  4.39  6.12  7.10
MEAN      6.27  6.74  6.64  6.34  5.83  5.12  5.20  4.75  5.52  5.71  6.03  6.44
STD DEV   2.30  2.49  2.51  2.21  2.14  2.06  2.05  1.78  1.97  2.06  2.16  2.03
SKEW       .34   .15   .19   .07   .28   .20   .24   .07   .28   .22   .25   .12
% NW      5.06  6.21  5.86  5.22  4.13  4.07  3.71  4.00  3.74  4.14  3.98  3.93
MEAN      5.79  5.48  5.74  5.38  4.67  4.59  4.53  4.40  5.05  5.54  5.69  5.80
STD DEV   2.22  2.39  2.28  2.15  1.91  1.85  1.95  1.58  1.87  2.07  2.31  2.17
SKEW       .03   .32   .08   .17   .33   .51   .60  -.02   .09   .14  -.07   .11
% NNW     3.19  4.64  4.41  4.89  5.39  5.05  5.07  4.80  4.20  3.76  2.53  2.49
MEAN      5.51  5.28  5.40  5.03  4.65  4.70  4.21  4.31  4.84  5.33  5.47  6.10
STD DEV   2.21  2.18  2.28  1.90  1.78  1.77  1.53  1.49  1.66  2.00  2.22  2.21
SKEW       .16   .34   .23   .11   .49   .59   .07   .09  -.07   .31   .36   .16
CALM      1.42  1.88  1.50  2.41  2.85  2.91  2.81  4.09  3.10  2.29   .92  1.00
 
INTERPOLATED DATA (station & weighting factor)
 
---Wind Stations---
CLEVELAND     OH    1.000  AKRON         OH     .000  MANSFIELD     OH     .000
---Solar Radiation and Max .5 P Stations---
 CLEVELAND, OHIO    1.000   DETROIT, MICHIGAN   .000   PITTSBURGH, PENNSY  .000 
---Dewpoint Stations---
OH AKRON-CANTON      .479  OH YOUNGSTOWN        .307  OH TOLEDO            .215 
---Time Peak Stations---
WOOSTER EXP STATION  .362  BURTON 1 W OH        .350  BAY STONE LAB OH     .288 
