 FINDLAY SEWAGE PLNT OH                  332791 0
 LATT=  41.05 LONG= -83.67 YEARS= 57. TYPE= 3
 ELEVATION =  770. TP5 = 2.05 TP6= 3.72
 MEAN P    .19   .21   .25   .27   .31   .39   .41   .40   .34   .27   .25   .21
 S DEV P   .27   .28   .30   .32   .39   .50   .53   .50   .50   .37   .31   .27
 SKEW  P  2.91  2.85  2.58  2.23  2.63  2.93  2.64  3.46  4.94  3.11  2.29  2.03
 P(W/W)    .46   .43   .47   .54   .54   .48   .42   .39   .40   .46   .48   .47
 P(W/D)    .30   .29   .33   .34   .31   .27   .27   .23   .23   .23   .31   .32
 TMAX AV 32.63 35.66 46.42 59.23 71.04 80.35 84.11 82.31 75.58 63.72 48.66 36.56
 TMIN AV 18.38 19.86 27.79 37.84 48.64 58.15 61.90 59.97 52.59 41.80 31.76 22.41
 SD TMAX 11.81 11.41 12.84 12.21 10.32  7.98  6.40  6.61  9.13 10.74 11.64 11.21
 SD TMIN 10.53 10.32 10.08  9.27  8.75  7.24  6.22  6.61  8.98  9.09  9.67 10.41
 SOL.RAD  126.  200.  299.  385.  469.  543.  546.  480.  392.  277.  155.  114.
 SD SOL   45.8  53.7  67.1  86.9  94.0  85.5  76.5 138.7  70.3  40.5  42.7  40.6
 MX .5 P   .25   .35   .37   .41   .66  1.02   .94  1.18   .68   .43   .39   .41
 DEW PT  21.23 22.00 28.00 37.48 48.00 57.75 61.75 61.25 54.25 43.51 32.51 23.49
Time Pk   .666  .770  .801  .849  .863  .870  .883  .892  .903  .926  .955 1.000
% N       1.44  1.42  1.77  1.76  2.62  1.93  3.02  3.66  2.23  2.52  1.71  1.22
MEAN      3.66  3.92  4.17  3.85  3.53  3.07  3.21  3.10  2.91  3.54  4.54  3.90
STD DEV   1.50  1.91  1.74  1.55  1.60  1.25  1.49  1.55  1.21  1.49  1.99  2.20
SKEW       .28   .14   .64   .43   .26  -.07   .62   .55   .18  -.18   .12   .05
% NNE     4.54  3.36  3.20  4.47  5.23  3.29  4.49  4.88  2.96  4.35  2.83  1.82
MEAN      4.29  4.49  4.53  4.16  4.23  4.03  3.85  3.66  3.79  4.36  5.34  4.63
STD DEV   1.61  1.74  1.66  1.47  1.60  1.40  1.37  1.45  1.43  1.48  2.02  1.55
SKEW       .34   .21   .13   .59   .79   .21  -.03   .15   .43   .49  1.02   .36
% NE      4.79  4.72  3.67  5.40  7.54  4.10  4.65  7.02  4.15  5.41  1.32  2.17
MEAN      4.55  5.01  4.95  4.44  4.29  3.98  3.81  3.88  3.71  3.89  3.29  4.46
STD DEV   1.68  2.00  2.05  1.75  1.70  1.65  1.62  1.50  1.64  1.65  1.16  2.09
SKEW       .41   .55   .60   .15   .85   .30   .47   .33   .49   .42  -.17   .33
% ENE     3.48  4.85  6.37  6.78  7.28  4.21  4.97  5.57  3.38  3.79  1.24  2.38
MEAN      4.97  5.49  5.57  5.02  4.59  4.32  4.02  3.88  3.67  4.19  3.54  4.75
STD DEV   1.75  2.08  2.05  1.82  1.78  1.56  1.51  1.39  1.40  1.86  1.16  1.91
SKEW       .52   .48   .25   .22   .31   .18   .19   .00   .43   .46  -.45   .74
% E       3.27  3.70  4.37  5.40  4.52  4.56  5.43  5.69  3.55  3.93  2.10  3.10
MEAN      3.99  3.94  4.62  4.08  3.46  3.76  3.46  3.17  3.26  3.36  3.26  4.07
STD DEV   1.45  1.63  1.86  1.58  1.43  1.55  1.25  1.28  1.26  1.53  1.72  1.71
SKEW       .13   .54   .20   .55   .34   .18  -.21   .09   .25   .35  1.19   .40
% ESE     3.23  3.07  3.92  4.40  4.25  4.20  4.17  3.75  4.42  3.42  1.85  2.35
MEAN      4.36  4.39  4.90  4.51  3.89  3.63  3.28  3.17  3.15  3.56  3.65  4.25
STD DEV   1.86  1.59  1.80  1.62  1.57  1.49  1.17  1.25  1.24  1.66  1.64  1.75
SKEW       .32   .20  -.02   .30   .12   .16   .21   .23   .41  1.03   .39   .10
% SE      6.00  6.01  6.48  4.96  6.43  7.62  7.33  8.28  9.75  8.67  5.50  6.94
MEAN      4.61  4.62  4.63  4.05  3.52  3.47  3.05  2.85  3.19  3.07  3.88  4.65
STD DEV   1.71  2.00  1.93  1.88  1.79  1.69  1.30  1.36  1.44  1.33  1.84  1.91
SKEW       .33   .39   .49   .34   .66   .95   .61   .68   .69   .40   .62   .57
% SSE     5.74  6.28  6.77  4.25  4.13  5.69  3.82  4.56  4.57  4.57  5.55  6.81
MEAN      5.62  5.70  5.77  4.76  4.14  3.72  3.49  3.51  3.80  3.69  5.59  5.63
STD DEV   2.04  2.40  2.45  2.06  1.93  1.53  1.42  1.44  1.55  1.51  2.60  2.12
SKEW       .12   .59   .32   .54   .74   .44   .31   .70   .66   .71   .88   .24
% S       6.14  4.91  4.91  4.48  5.44  8.57  7.58  6.30  7.66  7.01  7.08  6.62
MEAN      5.16  5.02  4.61  4.27  3.82  4.08  3.61  3.15  3.92  3.80  4.88  5.00
STD DEV   2.23  2.27  2.29  1.78  1.81  1.67  1.51  1.43  1.76  1.66  2.22  2.39
SKEW       .40   .56   .64   .65   .77   .88   .57   .79   .58   .43   .57   .53
% SSW    12.77  8.85  6.11  7.69  6.55  9.97  8.06  6.34  8.39 10.35 12.67 12.21
MEAN      6.72  5.85  6.04  5.46  4.56  4.61  4.60  3.59  4.73  5.10  6.06  6.04
STD DEV   2.60  2.31  2.47  2.32  1.96  1.93  1.83  1.43  2.10  2.15  2.11  2.40
SKEW       .52  -.11   .46   .60   .63   .63   .44   .55   .79   .61   .25   .49
% SW      7.21  7.23  5.76  8.21  8.07  8.94  9.46  7.22 10.20 12.19 10.69  9.88
MEAN      5.33  4.98  5.23  4.87  4.25  4.41  4.04  3.11  3.63  4.43  5.08  5.35
STD DEV   2.21  2.05  2.40  2.12  2.18  1.92  1.80  1.23  1.75  2.05  2.10  2.30
SKEW       .75   .46   .50   .84   .98   .56   .81   .52  1.16   .61   .58   .37
% WSW     9.15  9.33  8.29  7.98  8.78  8.28  7.93  6.01  6.28  7.72 14.35 13.19
MEAN      6.22  5.92  6.15  5.65  4.91  4.98  4.64  3.77  4.63  5.20  5.96  6.04
STD DEV   2.78  2.37  2.47  2.42  2.07  1.97  1.88  1.69  1.93  2.27  2.23  2.29
SKEW       .72   .52   .48   .85   .47   .62   .57  1.44   .40   .76   .78   .25
% W      10.97 12.79 11.42 10.53  9.28  8.72  9.13  8.88  9.94  8.17 11.28 14.46
MEAN      5.82  5.56  5.55  5.40  4.59  4.05  3.80  3.47  3.86  4.44  5.37  5.04
STD DEV   2.52  2.77  2.73  2.52  2.35  1.84  1.82  1.59  2.00  2.18  2.19  2.24
SKEW      1.01   .89   .92   .98   .73   .56   .99   .99  1.05   .62   .58   .41
% WNW    10.92 12.48 14.08 12.66  9.67  9.32  8.61  7.95 10.63  7.00  9.79  9.72
MEAN      5.81  5.37  5.81  5.48  4.36  4.35  4.09  3.97  4.56  4.49  5.41  5.12
STD DEV   2.38  2.30  2.46  2.31  1.96  1.92  1.80  1.63  2.15  1.88  2.23  2.14
SKEW       .88   .64   .43   .67   .55   .80   .56   .75  1.08   .27   .75   .28
% NW      5.27  5.54  7.17  5.06  4.58  4.09  4.12  5.69  5.28  5.12  5.58  3.40
MEAN      4.69  4.57  4.54  4.71  3.51  3.49  3.29  3.17  3.54  3.57  4.27  3.88
STD DEV   1.86  2.17  1.82  1.94  1.64  1.49  1.39  1.39  1.50  1.70  1.69  1.84
SKEW       .21   .85   .50   .52   .69   .49   .28   .35   .45   .51   .22   .47
% NNW     4.94  5.29  5.19  5.59  5.03  6.00  6.50  7.42  5.76  5.23  6.16  3.48
MEAN      4.46  4.38  4.26  4.42  3.54  3.98  4.19  3.49  3.75  4.57  4.81  4.42
STD DEV   1.72  1.65  1.79  1.61  1.43  1.50  1.73  1.38  1.46  1.56  1.63  1.91
SKEW       .34   .44   .51   .48   .46   .34   .42   .08   .37   .17   .04   .13
CALM       .12   .33   .43   .36   .61   .61   .64   .67   .76   .48   .39   .26
 
INTERPOLATED DATA (station & weighting factor)
 
---Wind Stations---
FINDLAY       OH     .915  TOLEDO        OH     .058  FT. WAYNE     IN     .027
---Solar Radiation and Max .5 P Stations---
 TOLEDO, OHIO        .507   FORT WAYNE, INDIAN  .258   COLUMBUS, OHIO      .235 
---Dewpoint Stations---
OH TOLEDO            .495  IN FORT WAYNE        .260  OH COLUMBUS          .245 
---Time Peak Stations---
FINDLAY SEWAGE PLNT 1.000  UPPER SNDSK WTR WRK  .000  LIMA WTR WRK OH      .000 
