 IRWIN OH                                333987 0
 LATT=  40.12 LONG= -83.48 YEARS= 52. TYPE= 3
 ELEVATION = 1010. TP5 = 2.12 TP6= 3.83
 MEAN P    .31   .28   .33   .36   .41   .47   .51   .45   .43   .33   .34   .31
 S DEV P   .41   .37   .38   .38   .40   .49   .60   .49   .52   .38   .38   .33
 SKEW  P  5.14  3.70  2.41  2.04  1.72  2.23  2.69  2.01  3.03  3.35  2.23  1.92
 P(W/W)    .28   .35   .36   .45   .42   .40   .36   .28   .32   .35   .32   .33
 P(W/D)    .24   .23   .29   .29   .28   .25   .25   .23   .19   .20   .27   .23
 TMAX AV 35.42 39.37 50.44 63.18 73.83 82.46 85.69 84.31 78.42 66.93 51.45 38.96
 TMIN AV 19.14 20.92 28.71 38.24 48.33 57.00 60.39 58.15 51.05 40.59 31.64 22.54
 SD TMAX 11.61 11.46 12.92 11.59  9.36  6.95  5.41  5.69  7.96 10.05 11.42 11.30
 SD TMIN 10.67 10.52 10.38  9.63  8.94  7.52  6.65  7.26  9.57  9.75 10.01 10.81
 SOL.RAD  130.  203.  301.  391.  473.  556.  546.  481.  411.  285.  170.  125.
 SD SOL   45.6  53.5  66.4  83.4  90.1  78.7  74.2 126.1  64.1  39.1  39.4  38.4
 MX .5 P   .25   .41   .47   .44   .72  1.26  1.38  1.34   .81   .36   .56   .31
 DEW PT  22.69 23.54 29.17 39.17 49.54 58.33 62.33 61.48 54.48 43.85 32.85 24.33
Time Pk   .668  .762  .808  .854  .864  .869  .884  .893  .903  .924  .949 1.000
% N       4.51  5.90  6.26  5.78  6.33  5.61  5.67  7.24  6.07  6.25  3.84  3.94
MEAN      4.34  4.63  4.58  4.35  4.19  3.81  3.35  3.24  3.53  3.68  3.95  4.23
STD DEV   1.92  2.20  1.98  1.89  1.96  1.76  1.57  1.53  1.72  1.72  1.95  1.94
SKEW       .36   .52   .42   .45   .43   .58   .52   .73   .72   .64   .72   .36
% NNE     3.01  3.91  4.38  3.53  4.89  4.36  4.41  4.97  5.10  3.81  2.20  2.46
MEAN      3.97  4.21  4.34  4.04  4.04  3.59  3.20  2.98  3.15  3.16  3.28  3.86
STD DEV   1.99  1.91  1.92  1.78  1.85  1.68  1.48  1.35  1.58  1.53  1.58  1.84
SKEW       .62   .45   .49   .52   .41   .53   .63   .84   .85   .71   .50   .53
% NE      3.03  3.77  4.51  4.70  5.34  4.29  5.21  5.30  5.59  4.08  2.22  2.39
MEAN      3.62  3.77  4.10  3.77  3.50  3.24  2.89  2.80  3.12  3.10  2.76  3.36
STD DEV   1.78  1.76  1.81  1.65  1.56  1.47  1.35  1.22  1.50  1.39  1.26  1.50
SKEW       .58   .55   .40   .39   .53   .55   .76   .54   .57   .73   .76   .43
% ENE     3.27  3.90  4.69  4.57  4.09  3.85  3.81  3.78  5.20  3.47  2.15  2.46
MEAN      3.84  4.00  4.11  4.19  3.41  3.34  2.82  2.65  3.11  3.04  2.92  3.60
STD DEV   1.82  1.73  1.88  1.68  1.47  1.51  1.26  1.15  1.47  1.37  1.29  1.50
SKEW       .51   .45   .52   .23   .62   .66   .60   .68   .73   .49   .65   .39
% E       4.38  4.70  5.47  5.63  4.96  4.57  4.80  4.60  5.81  4.34  3.39  4.17
MEAN      3.46  3.60  3.80  3.91  3.27  2.86  2.70  2.48  2.90  2.72  3.01  3.50
STD DEV   1.61  1.62  1.70  1.78  1.41  1.39  1.24  1.10  1.37  1.19  1.38  1.51
SKEW       .50   .54   .39   .52   .50   .97   .87   .72   .79   .64   .70   .48
% ESE     2.57  3.01  3.46  3.61  3.08  2.76  2.71  2.46  3.74  3.66  2.81  3.02
MEAN      3.25  3.54  3.69  3.65  3.13  2.70  2.67  2.55  2.66  2.76  2.94  3.33
STD DEV   1.40  1.47  1.67  1.56  1.48  1.20  1.19  1.18  1.13  1.22  1.30  1.45
SKEW       .44   .35   .59   .42   .68   .70   .78   .65   .75   .74   .60   .62
% SE      3.87  4.10  4.46  4.62  4.19  4.37  4.14  4.00  5.02  5.10  5.03  5.08
MEAN      3.39  3.51  3.88  3.66  2.95  2.68  2.46  2.35  2.80  2.88  3.13  3.34
STD DEV   1.56  1.56  1.92  1.68  1.38  1.27  1.14  1.15  1.34  1.26  1.50  1.41
SKEW       .59   .40   .66   .55   .70   .90   .88  1.16   .76   .63   .75   .35
% SSE     4.54  4.32  3.65  4.71  4.22  5.11  4.34  4.11  5.24  5.79  5.69  5.80
MEAN      3.72  3.75  3.95  3.94  3.39  3.01  2.72  2.73  3.18  3.25  3.87  3.70
STD DEV   1.69  1.68  1.86  1.71  1.54  1.34  1.24  1.19  1.50  1.49  1.86  1.68
SKEW       .60   .60   .69   .44   .65   .81   .95   .67   .91   .88   .67   .77
% S      10.69  8.65  7.48  9.98 10.08 12.00 10.98  9.86 10.64 10.95 12.09 12.50
MEAN      4.46  4.62  4.46  4.40  3.83  3.50  3.10  3.05  3.60  3.86  4.33  4.48
STD DEV   2.10  2.17  2.14  2.06  1.77  1.69  1.42  1.40  1.65  1.85  1.95  2.00
SKEW       .64   .53   .78   .59   .65   .88   .69   .69   .69   .68   .52   .42
% SSW     8.38  7.35  7.22  7.49  7.98  9.59  8.23  7.21  7.11  7.60  9.88  9.96
MEAN      4.86  5.18  5.28  5.26  4.54  4.21  3.84  3.71  4.01  4.31  4.79  4.90
STD DEV   2.22  2.35  2.39  2.30  2.01  1.90  1.75  1.74  1.88  2.01  2.05  2.08
SKEW       .52   .52   .61   .35   .53   .54   .60   .59   .54   .45   .41   .51
% SW      7.69  6.61  6.27  7.66  7.68  7.54  7.28  6.06  5.56  6.04  9.20  8.60
MEAN      5.42  5.43  5.65  5.86  5.03  4.59  4.15  3.92  4.27  4.63  5.38  5.38
STD DEV   2.26  2.41  2.66  2.63  2.31  2.03  1.85  1.82  1.96  2.20  2.20  2.34
SKEW       .38   .39   .71   .38   .47   .39   .50   .46   .52   .56   .20   .38
% WSW     7.54  6.63  6.57  5.64  5.37  5.18  5.07  4.50  3.52  4.67  7.65  6.94
MEAN      5.83  5.81  6.33  6.07  5.11  4.71  4.27  4.35  4.45  4.82  5.76  5.66
STD DEV   2.40  2.37  2.79  2.51  2.19  2.02  1.89  1.90  1.95  2.10  2.41  2.35
SKEW       .34   .18   .53   .32   .37   .31   .65   .31   .38   .42   .38   .34
% W      11.19 12.00 10.37  7.20  6.80  5.46  5.25  4.91  4.15  6.29  9.48  9.88
MEAN      5.95  5.96  6.22  6.17  4.97  4.56  4.06  3.96  4.24  4.84  5.68  5.79
STD DEV   2.45  2.35  2.69  2.74  2.20  2.09  1.84  1.82  1.98  2.04  2.37  2.37
SKEW       .41   .17   .49   .31   .44   .49   .47   .46   .48   .27   .35   .36
% WNW     6.75  7.23  7.41  6.10  4.74  3.33  3.58  3.35  3.46  4.42  6.41  6.39
MEAN      5.34  5.80  5.53  5.67  4.70  4.16  3.94  3.82  4.09  4.57  5.17  5.20
STD DEV   2.23  2.29  2.31  2.57  2.12  1.91  1.92  1.78  1.92  2.09  2.18  2.06
SKEW       .20   .08   .30   .58   .40   .47  1.12   .70   .57   .29   .29   .25
% NW      6.15  6.68  6.77  6.37  5.13  4.09  4.73  4.62  4.60  5.27  5.44  5.15
MEAN      4.87  5.32  5.17  5.07  4.13  4.12  3.76  3.56  3.79  4.21  4.72  4.76
STD DEV   2.24  2.34  2.31  2.25  1.88  1.89  1.79  1.75  1.76  1.98  2.23  2.17
SKEW       .38   .18   .27   .32   .33   .53   .86   .68   .49   .47   .55   .39
% NNW     5.21  5.67  4.94  5.20  4.84  4.09  4.27  5.26  4.52  5.58  4.16  4.21
MEAN      4.86  4.97  4.92  4.82  4.16  3.93  3.69  3.59  3.60  4.15  4.48  4.82
STD DEV   2.22  2.32  2.26  2.10  1.80  1.80  1.71  1.65  1.77  1.95  2.12  2.11
SKEW       .37   .45   .43   .31   .31   .80   .44   .76   .62   .54   .33   .28
CALM      7.32  5.57  6.10  7.15 10.30 13.66 15.57 17.75 14.70 12.60  8.29  7.06
 
INTERPOLATED DATA (station & weighting factor)
 
---Wind Stations---
COLUMBUS/LOC. OH     .373  COLUMBUS      OH     .373  WILMINGTON    OH     .254
---Solar Radiation and Max .5 P Stations---
 COLUMBUS, OHIO      .651   TOLEDO, OHIO        .206   INDIANAPOLIS, INDI  .143 
---Dewpoint Stations---
OH COLUMBUS          .479  OH DAYTON            .367  OH TOLEDO            .153 
---Time Peak Stations---
MARYSVILLE OH        .460  LONDON SWG PLNT OH   .285  SPRINGFIELD WTR WKS  .255 
