 MC CONNELLSVILLE 77 OH                  335041 0
 LATT=  39.65 LONG= -81.85 YEARS= 93. TYPE= 3
 ELEVATION =  670. TP5 = 2.18 TP6= 3.93
 MEAN P    .27   .26   .32   .31   .36   .40   .44   .42   .37   .31   .28   .27
 S DEV P   .30   .30   .36   .35   .39   .46   .52   .48   .46   .37   .33   .30
 SKEW  P  1.84  2.54  2.41  2.44  2.48  2.49  2.67  2.58  2.41  2.63  3.03  2.06
 P(W/W)    .46   .44   .45   .50   .51   .47   .44   .40   .41   .42   .45   .45
 P(W/D)    .32   .30   .34   .32   .27   .27   .28   .24   .20   .22   .27   .30
 TMAX AV 40.31 42.13 53.10 64.28 74.47 81.92 85.54 84.30 79.04 67.96 54.05 42.33
 TMIN AV 21.02 21.35 29.27 38.30 48.11 57.26 61.52 59.91 52.87 40.92 31.67 23.65
 SD TMAX 12.27 11.95 12.96 11.85  9.42  7.07  5.70  6.07  8.28 10.25 11.56 11.35
 SD TMIN 11.26 10.89 10.19  9.37  8.91  7.52  6.17  6.65  8.90  9.49  9.86 10.72
 SOL.RAD  133.  208.  292.  396.  491.  561.  550.  482.  420.  270.  169.  126.
 SD SOL   48.0  55.2  72.9  85.1  87.4  79.2  74.8 135.4  64.3  46.9  42.9  41.5
 MX .5 P   .27   .28   .53   .44   .74  1.05  1.56  1.55   .80   .51   .48   .23
 DEW PT  25.51 24.71 29.99 39.45 49.99 58.99 62.99 62.17 55.17 44.71 33.36 25.89
Time Pk   .677  .764  .807  .847  .855  .864  .874  .885  .898  .918  .955 1.000
% N       3.45  4.05  3.54  4.29  4.72  3.46  4.36  4.60  4.11  4.29  2.42  2.01
MEAN      3.76  3.38  3.69  3.62  3.36  3.05  2.74  2.76  2.86  3.16  3.36  3.17
STD DEV   1.75  1.53  1.64  1.67  1.58  1.38  1.16  1.23  1.26  1.53  1.59  1.57
SKEW       .67   .41   .48   .53   .69   .80   .90   .67   .94   .76   .78   .64
% NNE     4.16  4.06  4.30  5.47  6.00  4.41  5.00  5.56  4.52  5.11  3.04  2.35
MEAN      3.43  3.44  3.69  3.53  3.29  3.12  2.79  2.75  2.87  3.05  3.55  3.37
STD DEV   1.56  1.41  1.46  1.52  1.56  1.31  1.09  1.20  1.31  1.27  1.62  1.61
SKEW       .58   .44   .35   .47   .87   .75   .55   .94   .80   .63   .68   .77
% NE      4.06  4.51  3.83  4.23  4.22  3.21  3.61  4.14  3.64  4.41  1.73  1.97
MEAN      2.84  2.90  3.22  3.10  2.87  2.66  2.54  2.55  2.38  2.78  2.90  2.73
STD DEV   1.28  1.28  1.39  1.32  1.31  1.08  1.21  1.09  1.04  1.31  1.15  1.31
SKEW       .72   .83   .38   .59   .72   .87   .80   .95  1.00  1.16   .45   .77
% ENE     2.59  3.17  3.70  3.82  3.23  2.63  2.35  2.80  2.76  2.78  1.05  1.91
MEAN      3.09  3.28  3.50  3.46  2.98  2.69  2.50  2.68  2.71  2.71  2.74  3.13
STD DEV   1.37  1.44  1.40  1.38  1.32  1.11  1.03  1.13  1.28  1.13   .88  1.23
SKEW       .55   .84   .40   .65   .56   .24   .62   .70   .95   .96   .85   .38
% E       2.74  3.33  4.05  3.11  2.94  3.09  2.43  3.04  3.49  3.49  1.83  3.30
MEAN      2.73  3.07  3.03  2.95  2.60  2.55  2.53  2.20  2.41  2.35  2.88  2.81
STD DEV   1.16  1.26  1.32  1.34  1.15  1.23  1.14   .89  1.04  1.04  1.10  1.25
SKEW       .56   .29   .61   .52   .72  1.03   .95   .87  1.05   .96   .57   .79
% ESE     2.20  2.41  2.56  2.72  2.75  3.39  2.20  2.85  3.04  3.11  2.69  3.05
MEAN      2.89  3.13  3.11  3.12  2.77  2.68  2.57  2.62  2.56  2.55  2.51  2.91
STD DEV   1.14  1.40  1.36  1.20  1.17  1.18  1.04  1.02  1.09  1.00   .95  1.22
SKEW       .57   .90   .45   .49   .78   .89   .78   .65   .81   .81   .89   .67
% SE      4.46  4.27  5.08  4.15  3.99  4.10  3.42  4.10  3.86  4.00  3.43  4.43
MEAN      3.06  3.34  3.39  3.11  2.60  2.59  2.31  2.24  2.54  2.70  3.05  2.85
STD DEV   1.36  1.87  1.66  1.40  1.23  1.16   .90   .91  1.12  1.36  1.47  1.42
SKEW       .95  1.08   .87   .65  1.10   .97   .74   .91  1.10  1.26   .81  1.55
% SSE     6.32  6.02  6.90  5.45  4.69  6.44  5.40  5.10  6.17  5.94  7.68  7.88
MEAN      4.46  4.83  5.07  4.42  3.69  3.52  3.26  3.00  3.51  3.80  4.70  4.56
STD DEV   2.10  2.11  2.29  1.95  1.88  1.58  1.45  1.33  1.67  1.88  2.25  2.23
SKEW       .59   .21   .40   .42  1.00   .74   .81   .77   .91   .77   .49   .66
% S      11.15  7.57  6.89  7.42  6.95  9.27  7.99  6.15  8.21  8.47  9.99  9.50
MEAN      5.01  4.58  4.71  4.42  3.78  3.64  3.32  3.00  3.70  3.90  4.56  4.65
STD DEV   2.19  2.15  2.44  2.10  1.87  1.61  1.41  1.37  1.71  1.81  2.01  2.12
SKEW       .46   .50   .64   .68   .61   .68   .50   .78   .70   .65   .52   .52
% SSW    10.47  8.76  6.71  7.91  7.76 11.09 10.83  7.74  8.58  9.57 12.89 10.29
MEAN      5.63  5.10  5.37  5.26  4.37  4.15  3.96  3.48  4.14  4.21  5.11  4.89
STD DEV   2.60  2.33  2.54  2.53  2.01  1.79  1.86  1.51  2.01  1.89  2.24  2.10
SKEW       .45   .31   .65   .43   .45   .55   .72   .65   .77   .58   .55   .47
% SW      8.03  8.30  7.59  8.98  8.45  9.64  7.81  6.32  5.99  7.62 10.35  9.62
MEAN      5.02  4.60  5.04  5.20  4.16  4.11  3.73  3.32  3.67  4.16  4.93  4.63
STD DEV   2.46  2.20  2.64  2.56  2.11  1.94  1.81  1.58  1.80  2.08  2.32  2.20
SKEW       .73   .57   .70   .40   .73   .58   .62   .71   .71   .63   .76   .59
% WSW     8.78  9.34 10.00 10.19  8.37  6.97  6.01  5.36  5.79  6.47 11.31 12.66
MEAN      6.28  5.81  6.51  6.41  5.46  4.76  4.36  4.08  4.49  4.87  6.05  5.78
STD DEV   2.62  2.51  2.78  2.59  2.25  1.99  1.88  1.92  2.05  2.31  2.48  2.46
SKEW       .20   .32   .32   .14   .11   .35   .25   .64   .52   .55   .24   .45
% W       8.18  8.96  8.64  6.99  5.98  4.08  3.87  3.91  4.12  3.68  6.46  8.14
MEAN      5.86  5.75  5.97  5.81  4.64  4.13  3.71  3.84  4.06  4.76  5.44  5.54
STD DEV   2.54  2.49  2.78  2.70  2.11  1.88  1.66  1.84  1.89  2.28  2.20  2.52
SKEW       .16   .30   .78   .36   .31   .51   .40   .73   .58   .68   .14   .43
% WNW     7.09  8.60  9.36  7.56  6.19  4.48  3.93  4.43  5.24  4.74  7.85  7.33
MEAN      5.58  5.76  6.13  5.96  5.01  4.50  3.86  3.90  4.51  4.99  5.65  5.35
STD DEV   2.15  2.41  2.41  2.30  2.10  1.89  1.79  1.70  1.90  2.11  2.13  2.28
SKEW       .19   .31   .20   .27   .27   .61   .65   .47   .37   .29   .18   .41
% NW      5.77  6.12  6.16  5.85  5.29  3.64  3.76  3.85  3.97  4.09  3.43  3.45
MEAN      4.39  4.50  4.86  4.85  4.08  3.76  3.54  3.51  3.69  3.93  4.59  4.10
STD DEV   2.09  2.11  2.18  1.96  2.00  1.60  1.55  1.57  1.69  1.78  1.91  1.84
SKEW       .40   .45   .48   .20   .59   .46   .55   .56   .69   .38   .35   .57
% NNW     4.15  4.00  4.94  4.61  5.63  4.15  4.96  5.03  3.91  4.20  4.04  2.84
MEAN      4.52  4.13  4.90  4.46  3.92  3.90  3.46  3.22  3.59  3.89  4.46  3.99
STD DEV   2.03  1.78  2.02  1.83  1.72  1.67  1.54  1.40  1.70  1.97  1.82  1.80
SKEW       .43   .16   .28   .31   .45   .53   .60   .64   .72   .77   .35   .48
CALM      6.53  6.64  5.77  7.29 12.90 15.92 22.16 25.03 22.63 18.02  9.91  9.19
 
INTERPOLATED DATA (station & weighting factor)
 
---Wind Stations---
ZANESVILLE    OH     .489  PARKERSBURG   WV     .337  COLUMBUS/LOC. OH     .174
---Solar Radiation and Max .5 P Stations---
 COLUMBUS, OHIO      .446   CHARLESTON, WEST V  .298   PITTSBURGH, PENNSY  .256 
---Dewpoint Stations---
WV PARKERSBURG       .538  OH COLUMBUS          .280  OH AKRON-CANTON      .182 
---Time Peak Stations---
ZANESVILLE SWG PLNT  .381  ATHENS 2 OH          .340  SENECAVILLE DAM OH   .279 
