 YOUNGSTOWN WB AP OH                     339406 0
 LATT=  41.27 LONG= -80.67 YEARS= 45. TYPE= 3
 ELEVATION = 1180. TP5 = 1.93 TP6= 3.71
 MEAN P    .16   .16   .21   .23   .28   .33   .41   .32   .32   .23   .20   .16
 S DEV P   .25   .23   .26   .27   .30   .43   .52   .41   .41   .33   .27   .24
 SKEW  P  4.02  3.20  2.53  1.95  1.85  3.02  2.60  2.61  2.47  5.16  3.45  2.88
 P(W/W)    .59   .59   .57   .59   .53   .48   .42   .43   .48   .51   .60   .63
 P(W/D)    .44   .42   .41   .37   .32   .32   .28   .27   .27   .27   .40   .47
 TMAX AV 32.28 35.04 44.83 58.11 69.22 77.83 81.65 80.09 72.98 61.58 48.31 36.43
 TMIN AV 18.57 19.68 26.78 37.08 46.35 54.98 59.37 58.00 51.39 41.53 33.06 23.16
 SD TMAX 11.98 11.79 13.07 12.62 10.20  7.90  6.13  6.25  8.63 10.40 11.58 11.57
 SD TMIN 10.70 10.76 10.40  9.84  8.95  7.86  6.45  6.77  8.82  8.72  9.46 10.41
 SOL.RAD  111.  176.  265.  299.  470.  531.  533.  457.  304.  253.  130.   98.
 SD SOL   54.1  65.9  84.3 123.8 102.0  97.1  87.4 179.4 103.8  51.5  54.2  48.9
 MX .5 P   .26   .28   .36   .51   .72  1.05  1.30  1.32   .79   .58   .25   .23
 DEW PT  22.00 22.00 26.00 37.00 46.00 56.00 60.00 59.00 53.00 42.00 32.00 22.00
Time Pk   .717  .797  .826  .865  .873  .883  .896  .907  .916  .933  .959 1.000
% N       4.25  4.71  5.93  6.27  7.58  6.24  6.84  7.38  5.20  4.61  2.88  2.40
MEAN      4.91  4.77  4.69  4.65  4.46  4.12  3.73  3.72  3.94  4.25  4.15  4.98
STD DEV   1.96  1.97  1.89  1.79  1.73  1.66  1.63  1.50  1.46  1.72  1.82  1.90
SKEW       .31   .52   .56   .37   .55   .64   .75   .56   .61   .53   .52   .44
% NNE     3.10  3.80  4.72  4.66  5.85  4.30  4.89  5.22  4.37  4.18  2.02  2.04
MEAN      3.86  4.37  4.38  4.09  4.03  3.79  3.31  3.38  3.66  3.83  4.19  4.41
STD DEV   1.64  1.74  1.77  1.58  1.54  1.53  1.38  1.36  1.59  1.49  1.66  2.04
SKEW       .40   .57   .52   .59   .45   .46   .86   .91   .74   .58   .52   .58
% NE      2.64  3.92  4.78  4.21  6.02  4.14  5.87  6.69  5.33  4.87  2.18  1.92
MEAN      3.76  3.73  3.93  3.81  3.51  3.20  3.00  2.96  3.10  3.25  3.61  3.90
STD DEV   1.71  1.51  1.56  1.58  1.30  1.35  1.18  1.18  1.32  1.17  1.47  1.76
SKEW      1.29   .43   .90   .60   .44  1.01   .78   .70  1.01   .38   .50   .46
% ENE     2.20  2.75  3.37  3.06  3.25  2.75  3.59  3.80  3.44  2.97  1.38  1.74
MEAN      3.85  3.56  3.99  3.78  3.38  3.10  3.04  2.91  3.11  3.25  3.50  3.73
STD DEV   1.40  1.35  1.50  1.47  1.22  1.17  1.05  1.13  1.09  1.12  1.48  1.45
SKEW       .76   .62   .53   .83   .11   .46   .44   .61   .38   .34   .31   .39
% E       2.84  3.54  4.36  4.14  4.29  3.73  4.05  4.87  4.64  4.49  2.62  3.14
MEAN      4.03  3.82  4.45  4.07  3.58  3.35  2.99  2.90  3.18  3.28  3.81  4.12
STD DEV   1.51  1.53  1.79  1.58  1.35  1.25  1.21  1.06  1.09  1.37  1.63  1.59
SKEW       .66   .47   .43   .39   .48   .23   .74   .43   .38   .62   .81   .44
% ESE     3.51  4.80  5.05  5.25  4.00  4.34  3.42  3.71  5.04  4.91  4.08  4.32
MEAN      4.94  4.84  5.03  5.10  4.15  3.55  3.22  2.91  3.49  3.91  4.63  4.68
STD DEV   1.97  1.94  1.93  1.94  1.67  1.31  1.26  1.14  1.31  1.40  1.90  1.93
SKEW       .48   .52   .33   .11   .52   .47   .79   .44   .66   .17   .43   .72
% SE      4.99  5.76  6.43  5.53  5.83  5.22  4.36  4.88  7.90  8.09  6.26  6.54
MEAN      4.74  4.97  5.04  4.80  4.09  3.48  3.18  3.13  3.50  4.11  4.71  4.69
STD DEV   1.83  2.06  2.03  1.99  1.59  1.37  1.26  1.16  1.28  1.59  1.95  1.90
SKEW       .49   .53   .55   .28   .60   .65   .71   .82   .78   .55   .49   .47
% SSE     3.92  3.80  4.00  4.23  4.14  4.26  3.49  3.71  4.56  5.34  5.34  4.91
MEAN      4.56  4.95  4.71  4.56  4.19  3.49  3.25  3.20  3.62  4.12  4.76  4.78
STD DEV   1.63  1.97  1.72  1.66  1.69  1.30  1.11  1.31  1.32  1.62  1.69  1.77
SKEW       .18   .33   .39   .44   .59   .78   .21   .67   .50   .66   .41   .37
% S       7.19  6.04  5.68  5.97  5.69  8.23  7.29  7.57  8.77  9.52  8.91  7.72
MEAN      4.77  4.84  5.02  4.67  4.11  3.69  3.40  3.26  3.89  3.98  4.68  4.63
STD DEV   1.75  1.72  1.81  1.76  1.66  1.33  1.15  1.24  1.33  1.31  1.65  1.62
SKEW       .30   .24   .46   .36   .71   .46   .42   .73   .61   .50   .60   .23
% SSW     9.72  7.29  5.44  6.87  7.53 10.83 10.05  8.70 10.00  9.88 10.95 10.26
MEAN      5.11  5.01  5.09  4.91  4.55  4.14  3.78  3.81  4.21  4.52  4.97  5.05
STD DEV   1.93  1.86  2.06  2.09  1.60  1.52  1.38  1.48  1.46  1.67  1.76  1.74
SKEW       .30   .46   .52   .55   .41   .50   .70   .72   .30   .42   .46   .09
% SW     13.10  9.54  8.14 10.20  9.70 11.96 12.45 10.41 10.51 11.58 15.12 14.52
MEAN      5.56  5.41  5.70  5.56  4.90  4.50  4.20  3.80  4.33  4.82  5.50  5.58
STD DEV   2.30  2.11  2.47  2.44  1.91  1.73  1.72  1.53  1.84  1.94  2.11  2.07
SKEW       .59   .38   .58   .80   .38   .44   .61   .64   .51   .32   .31   .29
% WSW    12.25 10.39  9.89  9.68  7.94  8.60  9.25  7.19  6.86  7.79 14.13 14.31
MEAN      6.09  6.05  6.43  5.79  5.42  4.67  4.21  4.03  4.36  4.96  6.20  6.15
STD DEV   2.52  2.42  2.74  2.50  2.30  1.93  1.76  1.65  1.98  1.97  2.43  2.21
SKEW       .59   .38   .55   .49   .32   .42   .50   .62   .57   .42   .36   .19
% W      12.00 11.38 10.65  8.09  6.68  6.36  5.79  6.13  6.46  6.66 11.05 11.88
MEAN      6.16  6.18  6.14  5.69  4.95  4.30  4.17  3.94  4.47  4.98  5.93  6.11
STD DEV   2.29  2.55  2.50  2.32  2.30  2.00  1.76  1.72  2.08  2.24  2.30  2.18
SKEW       .18   .33   .36   .39   .47   .58   .42   .60   .59   .48   .30   .19
% WNW     7.10  8.58  7.91  7.12  6.11  4.87  4.49  4.66  4.50  4.15  4.99  6.26
MEAN      5.90  6.07  6.02  5.81  4.82  4.59  4.14  3.96  4.37  4.64  5.49  5.55
STD DEV   2.32  2.53  2.43  2.36  2.10  2.12  1.89  1.81  1.92  1.91  2.07  2.26
SKEW       .37   .26   .33   .34   .53   .50   .66   .64   .45   .46   .03   .48
% NW      5.69  6.59  7.34  6.87  6.68  5.36  5.43  5.28  4.95  4.59  3.62  3.95
MEAN      5.60  5.52  5.74  5.82  4.90  4.59  4.33  4.30  4.42  4.90  5.00  5.64
STD DEV   2.22  2.23  2.10  2.25  2.01  1.95  1.74  1.71  1.86  2.01  2.09  2.23
SKEW       .16   .24   .03   .12   .42   .58   .41   .51   .35   .31   .27   .13
% NNW     3.95  5.14  4.72  6.10  6.30  5.55  4.28  5.01  4.05  3.81  2.75  2.86
MEAN      5.07  4.97  5.34  5.33  4.88  4.81  4.33  4.25  4.23  4.89  4.68  5.34
STD DEV   2.00  2.08  2.11  1.98  1.90  1.93  1.73  1.61  1.68  2.00  2.15  2.32
SKEW       .18   .63   .44   .28   .36   .53   .45   .38   .44   .38   .53   .34
CALM      1.45  2.06  1.74  1.76  2.32  3.18  4.45  4.90  3.44  2.55  1.61  1.16
 
INTERPOLATED DATA (station & weighting factor)
 
---Wind Stations---
YOUNGSTOWN    OH    1.000  PERRY         OH     .000  PITTSBURGH/GR PA     .000
---Solar Radiation and Max .5 P Stations---
 PITTSBURGH, PENNSY  .432   CLEVELAND, OHIO     .403   BUFFALO, NEW YORK   .165 
---Dewpoint Stations---
OH YOUNGSTOWN       1.000  OH AKRON-CANTON      .000  PA PITTSBURGH        .000 
---Time Peak Stations---
JAMESTOWN 2 NW PA    .428  BERLIN LAKE OH       .337  SLIPPERY ROCK PA     .235 
