 ANTLERS OK                              34 256 0
 LATT=  34.23 LONG= -95.62 YEARS= 45. TYPE= 4
 ELEVATION =  510. TP5 = 3.21 TP6= 6.59
 MEAN P    .43   .51   .52   .59   .75   .65   .61   .56   .81   .74   .62   .50
 S DEV P   .58   .60   .59   .71   .82   .68   .79   .70  1.00   .99   .74   .60
 SKEW  P  3.57  2.63  2.40  2.30  2.05  1.54  2.65  2.14  2.59  3.41  1.64  2.31
 P(W/W)    .43   .38   .33   .42   .43   .39   .38   .35   .44   .36   .37   .38
 P(W/D)    .12   .15   .17   .21   .22   .16   .15   .14   .13   .15   .14   .14
 TMAX AV 52.68 57.98 66.39 75.53 81.56 88.90 93.69 93.79 86.91 77.48 65.10 55.54
 TMIN AV 28.73 33.28 40.93 50.17 58.43 66.24 69.50 67.99 61.19 49.71 39.66 31.83
 SD TMAX 12.41 12.13 10.55  7.63  6.33  5.44  5.60  5.86  7.86  8.72 10.56 11.05
 SD TMIN 11.33 10.64 10.79  9.87  7.78  5.60  3.93  4.66  8.08 10.02 11.25 11.11
 SOL.RAD  212.  286.  386.  460.  529.  599.  585.  549.  463.  364.  270.  211.
 SD SOL   43.0  49.3  58.5  75.6  81.1  69.4  67.9 117.8  62.0  34.1  29.9  34.2
 MX .5 P   .39   .51   .80  1.04  1.38  1.33  1.35  1.53  1.33  1.04  1.16   .52
 DEW PT  30.16 33.45 37.45 48.74 59.70 66.71 68.38 66.71 61.08 51.08 38.74 32.45
Time Pk   .474  .611  .676  .770  .795  .809  .832  .848  .859  .896  .932 1.000
% N       6.82  6.66  6.34  5.09  3.57  2.21  1.84  2.35  4.02  5.43  5.97  5.42
MEAN      5.14  5.14  5.22  5.02  4.30  3.89  3.45  3.80  4.16  4.37  5.01  5.10
STD DEV   2.26  2.08  2.11  2.13  1.89  1.68  1.60  1.70  1.92  1.89  2.26  2.17
SKEW       .53   .32   .32   .33   .76   .58  1.06   .80   .70   .54   .51   .37
% NNE     4.77  5.49  4.20  4.26  3.49  2.78  2.73  3.66  5.07  5.07  4.18  4.28
MEAN      4.83  4.70  4.62  4.77  4.15  3.79  3.52  3.65  4.01  4.20  4.43  4.49
STD DEV   2.01  2.19  2.03  2.14  1.90  1.66  1.56  1.53  1.75  1.92  2.14  1.93
SKEW       .45   .62   .61   .70   .77   .90   .78   .70   .60   .71   .64   .51
% NE      8.21  8.53  7.21  7.32  7.55  7.46  8.35 10.91 12.74 10.18  7.97  9.34
MEAN      3.84  3.86  4.05  4.01  3.50  3.49  3.19  3.36  3.52  3.70  3.59  4.02
STD DEV   1.59  1.63  1.66  1.71  1.50  1.45  1.30  1.35  1.50  1.69  1.60  1.68
SKEW       .67   .78   .61   .77   .81  1.07   .92   .77   .92  1.09   .81   .53
% ENE     8.19  9.07  8.10  7.10  7.21  7.56  7.81  9.94 11.93  8.56  7.28  8.66
MEAN      3.86  4.01  4.37  4.19  3.92  3.65  3.51  3.50  3.69  3.62  3.70  4.14
STD DEV   1.55  1.62  1.81  1.70  1.60  1.56  1.43  1.37  1.52  1.53  1.56  1.68
SKEW       .46   .73   .58   .57   .80   .84   .79   .69   .67   .80   .59   .58
% E       5.94  6.83  6.69  6.97  7.16  7.56  7.90  9.33 10.13  6.35  5.51  6.22
MEAN      4.07  4.34  4.50  4.32  3.88  3.70  3.50  3.52  3.68  3.44  3.69  4.11
STD DEV   1.75  1.81  1.84  1.72  1.62  1.49  1.42  1.39  1.51  1.39  1.60  1.76
SKEW       .66   .59   .44   .40   .69   .74   .67   .80   .78   .41   .72   .60
% ESE     3.29  3.97  4.48  4.70  4.82  5.04  5.62  6.73  6.75  4.51  3.23  3.47
MEAN      4.02  4.60  4.68  4.70  4.17  3.77  3.74  3.73  3.89  3.83  3.83  4.15
STD DEV   1.59  1.82  1.78  1.87  1.61  1.38  1.45  1.41  1.47  1.37  1.53  1.66
SKEW       .47   .47   .46   .43   .61   .49   .66   .66   .67   .38   .52   .49
% SE      3.96  4.69  5.49  6.32  8.07  7.98  8.12  8.61  7.37  7.37  4.95  4.29
MEAN      4.05  4.42  4.73  4.81  4.31  3.86  3.74  3.68  3.80  3.99  4.03  4.11
STD DEV   1.69  1.96  1.90  1.94  1.74  1.43  1.46  1.36  1.47  1.50  1.66  1.67
SKEW       .67   .64   .52   .50   .77   .63   .91   .60   .79   .56   .50   .52
% SSE     7.13  6.30  8.32 10.34 13.05 13.36 10.72  9.86  8.64  9.41  8.12  7.44
MEAN      5.05  5.00  5.59  5.52  5.04  4.49  3.96  3.99  4.22  4.65  4.89  5.00
STD DEV   2.08  2.13  2.16  2.16  1.98  1.77  1.47  1.49  1.57  1.93  2.04  2.02
SKEW       .45   .52   .45   .55   .57   .73   .80   .53   .39   .51   .38   .55
% S      10.31  8.09 10.03 13.25 14.12 16.47 13.67 11.39  8.92 10.04  9.98  9.61
MEAN      5.61  5.33  6.13  6.03  5.36  4.98  4.26  4.22  4.60  4.92  5.42  5.44
STD DEV   2.46  2.46  2.55  2.28  2.10  2.03  1.68  1.65  1.90  2.08  2.32  2.31
SKEW       .49   .55   .30   .29   .40   .57   .77   .67   .52   .46   .38   .49
% SSW     6.02  5.59  5.76  7.12  7.39  8.90  9.61  7.00  4.72  5.68  6.50  5.82
MEAN      6.10  5.82  5.98  6.28  5.50  5.16  4.65  4.66  4.89  5.00  5.90  5.69
STD DEV   2.84  2.62  2.64  2.60  2.17  2.07  1.72  1.73  2.06  2.20  2.60  2.62
SKEW       .42   .38   .24   .19   .25   .25   .43   .39   .41   .42   .34   .47
% SW      3.71  4.07  4.07  4.36  4.41  5.30  7.25  5.13  2.99  3.63  4.38  4.02
MEAN      4.71  5.08  5.33  5.10  4.28  4.59  4.54  4.35  4.08  4.08  4.64  4.58
STD DEV   2.44  2.62  2.66  2.37  1.94  1.97  1.78  1.71  1.92  1.97  2.45  2.36
SKEW       .76   .76   .50   .49   .59   .37   .36   .37   .68   .61   .72   .81
% WSW     2.99  3.15  2.89  2.44  2.02  2.05  2.93  2.25  1.46  1.91  3.08  3.20
MEAN      4.55  4.35  5.33  4.98  4.06  3.89  4.08  4.16  3.61  3.64  4.22  4.09
STD DEV   2.47  2.34  3.03  2.30  1.92  1.60  1.50  1.68  1.60  1.65  2.23  1.90
SKEW       .93  1.08   .76   .42   .97   .48   .46   .32   .54  1.08  1.07  1.00
% W       5.79  4.98  4.92  3.73  2.94  2.17  2.46  2.17  1.72  2.85  4.53  5.67
MEAN      4.80  4.92  5.78  4.93  3.80  3.57  3.47  3.41  3.32  3.54  4.13  4.58
STD DEV   2.56  2.61  3.06  2.27  1.83  1.57  1.42  1.49  1.79  1.78  2.23  2.22
SKEW       .80   .79   .52   .53   .94   .72   .42   .71  1.43   .94  1.04   .66
% WNW     4.97  4.84  5.70  4.10  2.63  1.51  1.47  1.22  1.28  2.49  4.55  5.13
MEAN      5.22  5.27  6.22  5.64  4.43  3.69  3.22  3.28  3.57  4.21  4.70  5.25
STD DEV   2.46  2.54  2.91  2.54  2.13  1.63  1.28  1.29  1.51  2.03  2.34  2.35
SKEW       .48   .74   .53   .31  1.10   .45   .34   .22   .67   .83  1.00   .51
% NW      5.11  5.20  5.05  3.77  2.40  1.53  1.26  1.29  1.70  3.15  4.92  4.81
MEAN      5.01  5.11  5.79  5.34  4.33  3.66  3.27  3.08  3.35  4.26  4.85  5.30
STD DEV   2.34  2.27  2.63  2.40  2.05  1.68  1.17  1.28  1.35  2.09  2.28  2.46
SKEW       .55   .48   .35   .47   .79   .77   .44   .56   .48   .78   .50   .43
% NNW     4.90  4.79  4.63  3.80  2.18  1.12   .96  1.11  1.86  3.35  5.07  4.35
MEAN      5.33  5.15  5.72  5.47  4.73  4.33  3.25  3.61  3.98  4.70  5.32  5.34
STD DEV   2.21  2.10  2.24  2.33  1.98  1.91  1.41  1.71  1.72  1.98  2.24  2.29
SKEW       .31   .35   .34   .53   .47   .45   .60   .68   .67   .56   .33   .37
CALM      7.89  7.71  6.05  5.39  7.03  6.90  7.23  7.07  8.72 10.04  9.69  8.29
 
INTERPOLATED DATA (station & weighting factor)
 
---Wind Stations---
SHERMAN       TX     .418  FORT SMITH    AR     .296  TEXARKANA     AR     .286
---Solar Radiation and Max .5 P Stations---
 FORT SMITH, ARKANS  .380   DALLAS, TEXAS       .331   TULSA, OKLAHOMA     .288 
---Dewpoint Stations---
AR FORT SMITH        .379  TX DALLAS            .331  OK TULSA             .290 
---Time Peak Stations---
ANTLERS OK          1.000  HONEY GROVE TX       .000  CARTER TOWER OK      .000 
