 CHEROKEE OK                             341724 0
 LATT=  36.75 LONG= -98.35 YEARS= 45. TYPE= 3
 ELEVATION = 1200. TP5 = 3.11 TP6= 5.75
 MEAN P    .28   .28   .39   .40   .52   .59   .48   .49   .48   .40   .44   .29
 S DEV P   .37   .34   .50   .48   .65   .76   .63   .59   .64   .50   .59   .32
 SKEW  P  2.18  1.91  2.45  2.32  2.64  2.22  2.16  1.97  2.73  3.29  2.83  1.60
 P(W/W)    .18   .36   .39   .35   .39   .39   .33   .30   .34   .30   .41   .36
 P(W/D)    .09   .11   .13   .15   .20   .19   .13   .15   .14   .11   .08   .09
 TMAX AV 46.99 53.31 62.54 73.77 81.97 91.83 96.64 95.44 86.83 76.19 60.14 49.85
 TMIN AV 22.40 27.08 34.85 45.97 55.67 65.62 70.46 68.79 60.33 47.93 34.65 25.67
 SD TMAX 13.63 13.97 13.24 10.20  8.48  7.40  6.60  7.32  9.43 10.35 11.63 12.23
 SD TMIN 10.22 10.04 10.51  9.76  8.29  6.64  5.43  5.87  8.83  9.59  9.45  9.36
 SOL.RAD  254.  317.  415.  517.  558.  639.  632.  592.  491.  379.  287.  236.
 SD SOL   23.5  35.6  48.4  59.6  78.9  63.3  58.1 136.9  54.9  24.9  18.3  19.9
 MX .5 P   .34   .23   .71  1.13  1.13  1.47  1.45  1.07  1.18   .78   .85   .30
 DEW PT  21.72 26.01 29.52 40.84 53.44 61.52 64.49 62.49 54.81 44.81 32.49 25.09
Time Pk   .565  .684  .749  .815  .839  .849  .866  .880  .888  .915  .947 1.000
% N      12.20 12.90  9.84  8.02  5.53  4.19  3.16  3.61  4.85  6.55 10.18  8.49
MEAN      7.04  7.12  6.96  6.49  5.64  5.29  4.04  4.54  4.81  5.14  6.37  6.42
STD DEV   3.25  3.15  3.38  2.84  2.50  2.47  1.99  2.02  2.60  2.68  3.22  3.24
SKEW       .35   .36   .58   .34   .17   .53   .63   .43   .93   .96   .53   .53
% NNE    10.89  9.14  7.52  7.18  5.89  3.51  4.61  5.18  7.03  7.38  6.46  6.90
MEAN      6.73  6.12  6.56  6.08  5.45  5.62  4.62  4.75  5.25  5.61  6.32  5.87
STD DEV   2.95  2.78  2.82  2.67  2.19  2.25  2.10  2.12  2.41  2.68  3.31  2.62
SKEW       .32   .73   .45   .50   .11   .25   .54   .52   .47   .91   .90   .40
% NE      4.39  5.18  4.92  6.40  5.15  3.66  4.54  4.11  5.91  4.11  3.67  4.35
MEAN      4.33  4.50  5.39  4.96  4.78  4.29  4.42  3.94  4.53  4.44  4.49  4.71
STD DEV   1.93  2.00  2.43  2.28  1.97  1.83  2.09  1.95  2.03  1.87  2.23  1.90
SKEW       .50   .65   .41   .50   .55   .50   .82  1.12   .49   .45   .94   .30
% ENE     2.89  3.14  4.53  5.49  4.43  3.64  4.50  3.99  6.68  2.90  2.51  3.21
MEAN      3.67  3.88  5.04  4.79  4.60  4.65  4.31  3.61  4.52  3.82  3.98  4.57
STD DEV   1.53  1.82  2.13  1.97  1.87  1.93  2.10  1.59  1.93  1.51  1.67  1.88
SKEW       .51   .64   .27   .47   .41   .57   .97   .48   .71   .34   .44   .12
% E       1.88  3.40  3.20  4.70  4.38  4.93  5.65  4.85  5.15  2.33  1.94  1.83
MEAN      3.14  3.90  3.70  4.18  3.94  4.12  3.74  3.52  3.69  3.21  3.18  3.64
STD DEV   1.36  1.73  1.48  1.71  1.79  1.73  1.69  1.50  1.55  1.31  1.34  1.57
SKEW       .52   .40   .40   .37   .57   .51   .78   .50   .37   .53   .66   .34
% ESE     1.90  3.41  3.55  4.87  6.45  5.67  6.67  6.19  6.68  2.58  2.57  1.95
MEAN      3.11  3.76  4.15  4.65  4.30  4.43  4.06  3.88  4.17  3.28  3.63  4.13
STD DEV   1.24  1.65  1.49  1.90  2.08  1.75  1.77  1.61  1.79  1.35  1.29  1.64
SKEW       .30   .58   .31   .54   .85   .38   .59   .33   .61   .43   .44   .61
% SE      3.47  4.91  5.06  5.68  9.67 10.13  9.53 10.71  7.86  5.63  3.69  3.26
MEAN      3.79  4.35  4.64  4.90  4.75  4.61  4.49  4.27  4.24  4.08  4.06  3.80
STD DEV   1.61  2.27  1.98  2.07  2.21  2.04  1.92  1.77  1.77  1.56  1.48  1.56
SKEW       .47   .95   .43   .42   .51   .87   .58   .41   .72   .41  -.05   .36
% SSE    10.30 10.59 11.91 11.91 12.65 15.42 16.03 15.78 16.12 15.63  8.83 10.59
MEAN      5.19  5.67  6.32  6.09  6.13  6.01  5.29  4.86  5.36  5.50  4.96  5.47
STD DEV   2.10  2.64  2.71  2.64  2.66  2.33  2.12  1.80  2.14  2.45  1.93  2.46
SKEW       .26   .62   .58   .32   .34   .43   .41   .24   .40   .76   .43   .61
% S      11.43 10.23  9.73 12.87 15.88 20.46 17.77 16.81 14.92 17.84 12.97 12.13
MEAN      5.79  6.11  6.82  7.40  6.65  6.67  6.07  5.05  6.09  6.01  5.67  5.79
STD DEV   2.59  2.73  3.25  3.38  2.92  2.64  2.45  2.12  2.50  2.70  2.52  2.78
SKEW       .77   .42   .52   .42   .27   .28   .36   .55   .45   .60   .55   .67
% SSW     8.61  7.61  7.53  8.45  8.07 11.80 12.75 12.07  9.40 10.07  8.16  9.51
MEAN      6.20  6.88  6.74  7.69  6.53  7.23  6.51  5.54  6.64  6.44  5.76  6.03
STD DEV   2.55  3.16  2.81  3.10  2.78  2.84  2.59  2.19  2.60  2.78  2.41  2.93
SKEW       .51   .25   .37   .10   .31   .20   .24   .40   .20   .41   .40   .73
% SW      4.60  3.03  3.46  3.37  3.50  4.76  4.25  4.94  2.75  3.98  5.07  5.14
MEAN      4.66  4.23  5.55  5.56  5.13  5.42  5.05  4.91  4.78  4.52  4.26  4.24
STD DEV   2.13  2.21  2.89  2.69  2.52  2.51  2.08  2.14  2.40  2.17  2.03  2.06
SKEW       .55   .81  1.44   .70   .83   .36   .21   .28   .46   .52   .85   .75
% WSW     4.33  2.64  3.24  2.10  1.98  1.84  1.88  1.92  1.11  2.48  3.54  4.04
MEAN      4.49  3.55  6.17  5.12  4.39  4.14  4.06  4.27  3.92  3.76  3.77  4.25
STD DEV   2.01  1.86  3.63  2.41  2.55  1.78  1.87  2.05  2.16  1.89  1.84  2.46
SKEW       .49   .97   .78   .22   .88   .50   .12   .18   .71  1.01   .73  1.62
% W       3.11  2.32  2.82  2.29  1.80  1.30  1.05  1.09  1.02  2.11  3.16  3.72
MEAN      4.01  3.59  5.06  4.50  4.07  3.66  3.21  2.77  2.74  3.27  3.54  3.66
STD DEV   1.73  1.88  3.33  2.21  2.74  1.57  1.44  1.14  1.06  1.52  1.78  1.47
SKEW       .61  1.02  1.10   .28  1.26   .46   .76   .51   .38   .81   .94   .29
% WNW     3.14  3.39  3.76  2.29  2.42  1.31   .80  1.11   .78  1.81  4.23  3.50
MEAN      5.14  4.73  6.40  5.35  5.13  4.11  3.20  3.04  3.28  4.39  4.44  4.40
STD DEV   2.55  2.58  3.79  2.60  3.15  1.80  1.46  1.28  1.39  2.71  2.03  2.45
SKEW       .66   .91   .68   .42   .72   .27   .34   .37   .14  1.33   .76  1.34
% NW      3.41  4.01  4.89  3.49  2.56  1.49   .91   .86  1.05  2.70  6.58  5.41
MEAN      5.18  5.04  6.76  5.26  4.76  4.19  3.12  3.33  3.22  4.47  5.04  5.37
STD DEV   2.67  2.64  3.61  2.56  2.09  2.11  1.13  1.54  1.68  2.57  2.70  2.86
SKEW       .44   .54   .50   .55   .50   .80   .24   .58  1.01  1.79  1.24  1.52
% NNW     7.85  8.28 10.37  6.77  5.19  2.39  1.64  1.76  3.46  5.65 10.20  8.90
MEAN      6.94  6.14  7.51  7.07  5.59  4.88  3.39  4.06  4.22  5.25  6.19  6.43
STD DEV   3.13  2.83  3.36  3.41  2.47  2.24  1.40  2.05  2.33  2.71  3.06  3.24
SKEW       .39   .44   .31   .44   .29   .38   .28   .63  1.13   .73   .51   .79
CALM      5.56  5.83  3.59  3.98  4.47  3.50  4.25  5.08  5.19  6.26  6.29  7.08
 
INTERPOLATED DATA (station & weighting factor)
 
---Wind Stations---
ANTHONY       KS     .429  ENID          OK     .402  GAGE          OK     .169
---Solar Radiation and Max .5 P Stations---
 WICHITA, KANSAS     .401   OKLAHOMA CITY, OKL  .315   DODGE CITY, KANSAS  .284 
---Dewpoint Stations---
KS WICHITA           .400  OK OKLAHOMA CITY     .315  KS DODGE CITY        .285 
---Time Peak Stations---
KIOWA KS             .563  CALDWELL KS          .248  TALOGA 1 N OK        .189 
