 EUFAULA OK                              342993 0
 LATT=  35.28 LONG= -95.58 YEARS= 45. TYPE= 4
 ELEVATION =  640. TP5 = 3.18 TP6= 6.47
 MEAN P    .27   .33   .50   .49   .57   .51   .70   .45   .59   .56   .49   .41
 S DEV P   .36   .43   .61   .61   .77   .60   .96   .67   .76   .80   .59   .60
 SKEW  P  2.44  2.37  2.18  2.39  2.46  1.74  1.83  2.83  2.44  2.93  1.86  4.02
 P(W/W)    .46   .45   .38   .44   .49   .46   .37   .34   .48   .41   .46   .43
 P(W/D)    .14   .18   .21   .23   .24   .17   .11   .14   .17   .14   .13   .13
 TMAX AV 49.52 55.31 64.22 74.38 81.02 88.58 94.72 93.62 86.19 76.23 62.85 53.49
 TMIN AV 29.05 33.40 41.31 51.61 60.14 67.99 72.13 70.57 63.30 52.78 41.26 33.04
 SD TMAX 12.63 12.51 11.74  8.42  6.66  5.44  6.10  6.45  8.34  9.18 10.64 11.01
 SD TMIN 11.47 10.57 10.87  9.35  7.19  5.68  4.68  5.16  7.68  9.45 10.67 10.31
 SOL.RAD  203.  280.  378.  454.  519.  589.  580.  539.  454.  355.  262.  203.
 SD SOL   43.8  49.6  59.7  76.9  84.1  73.0  69.4 122.5  64.0  35.4  30.4  34.6
 MX .5 P   .35   .53   .91  1.02  1.37  1.28  1.28  1.37  1.34  1.07  1.25   .59
 DEW PT  27.89 31.68 35.60 46.97 59.05 66.34 68.13 66.55 59.76 49.55 37.18 30.18
Time Pk   .538  .661  .727  .803  .822  .833  .862  .880  .894  .922  .954 1.000
% N      11.56 10.77  9.03  7.23  5.37  3.77  3.65  4.24  6.73  7.66  9.20  9.28
MEAN      5.16  5.11  5.27  5.15  4.27  3.93  3.41  3.86  4.20  4.61  5.12  5.05
STD DEV   2.04  2.15  2.20  2.24  1.94  1.74  1.58  1.81  2.00  2.02  2.19  2.15
SKEW       .32   .60   .31   .44   .67   .82   .95   .94   .97   .56   .60   .47
% NNE     5.21  6.19  6.03  5.11  4.05  3.34  3.29  3.94  5.43  4.24  4.09  4.55
MEAN      4.69  4.76  4.99  5.12  4.31  4.15  3.80  3.90  4.34  4.47  4.58  4.61
STD DEV   1.99  2.02  2.00  2.20  1.81  1.73  1.61  1.67  2.01  1.98  2.03  1.93
SKEW       .49   .64   .56   .63   .50   .68   .75   .74   .78   .63   .63   .74
% NE      6.17  7.01  6.39  7.30  7.34  7.48  8.12  9.89 10.25  8.37  6.88  7.01
MEAN      3.75  4.00  4.10  4.22  3.89  3.45  3.64  3.55  3.76  3.68  3.69  3.73
STD DEV   1.55  1.55  1.61  1.73  1.66  1.32  1.50  1.45  1.52  1.49  1.55  1.69
SKEW       .63   .36   .58   .84   .88   .74  1.02   .86   .74   .76   .85   .76
% ENE     6.68  7.42  7.01  5.97  6.36  6.67  6.95  8.33  8.46  7.15  5.72  6.81
MEAN      3.40  4.11  4.14  3.92  3.91  3.78  3.73  3.74  3.60  3.49  3.61  3.36
STD DEV   1.33  1.51  1.64  1.58  1.55  1.52  1.52  1.43  1.48  1.46  1.49  1.14
SKEW       .53   .37   .49   .88   .49   .79   .61   .60   .62   .78   .68   .45
% E       5.21  5.23  5.85  5.97  6.58  6.14  6.15  7.06  7.18  5.18  4.24  4.78
MEAN      3.46  3.89  4.27  4.01  3.86  3.77  3.51  3.44  3.44  3.27  3.43  3.41
STD DEV   1.33  1.62  1.75  1.51  1.61  1.62  1.55  1.37  1.37  1.32  1.38  1.26
SKEW       .28   .46   .58   .42   .66   .83   .77   .84   .68   .86   .50   .27
% ESE     2.23  2.71  3.74  3.92  3.93  4.32  3.88  4.61  4.03  3.33  1.79  1.96
MEAN      3.37  3.78  4.31  4.24  3.73  3.69  3.37  3.45  3.42  3.45  3.34  3.68
STD DEV   1.27  1.50  1.62  1.70  1.46  1.39  1.43  1.35  1.33  1.34  1.32  1.38
SKEW       .39   .56   .53   .50   .70   .77   .82   .68   .67   .57   .60   .40
% SE      3.12  3.59  4.47  6.04  7.15  7.86  7.22  8.19  7.45  6.17  3.44  3.52
MEAN      3.58  4.08  4.61  4.48  3.99  3.71  3.44  3.44  3.63  3.67  3.69  3.74
STD DEV   1.50  1.84  1.95  1.89  1.68  1.50  1.39  1.33  1.44  1.62  1.43  1.54
SKEW       .76   .83   .51   .52   .72   .74   .79   .77   .77  1.06   .44   .55
% SSE     5.89  5.85  6.90  8.95 10.13 11.17  9.49  9.20  8.73  8.62  6.47  6.33
MEAN      4.33  4.51  5.22  4.99  4.63  4.33  3.87  3.80  4.12  4.41  4.35  4.38
STD DEV   1.69  1.81  1.92  1.79  1.84  1.68  1.54  1.44  1.46  1.85  1.73  1.77
SKEW       .52   .45   .41   .48   .58   .65   .84   .65   .47   .70   .45   .54
% S       9.25  8.48  9.20 12.23 15.31 18.29 17.25 13.44 12.49 11.91 11.24 10.03
MEAN      4.76  4.87  5.70  5.63  5.11  4.85  4.31  4.13  4.49  4.70  4.95  4.74
STD DEV   1.92  2.32  2.27  2.22  2.07  1.82  1.64  1.59  1.75  1.92  2.05  2.01
SKEW       .39   .73   .31   .54   .43   .44   .63   .63   .55   .62   .45   .61
% SSW     4.61  4.22  4.70  5.63  5.62  7.58  7.83  6.14  4.61  4.43  4.86  4.66
MEAN      5.55  5.66  6.17  6.15  5.36  5.34  4.71  4.58  4.89  4.84  5.31  5.26
STD DEV   2.36  2.61  2.37  2.39  2.08  2.01  1.81  1.68  1.96  2.10  2.36  2.36
SKEW       .32   .45   .36   .17   .38   .26   .39   .28   .29   .31   .29   .46
% SW      2.75  3.15  3.95  3.68  3.73  4.59  5.08  3.71  2.36  2.77  3.67  3.21
MEAN      4.59  4.72  5.60  5.14  4.42  4.48  4.27  4.30  4.12  4.05  4.36  4.19
STD DEV   2.21  2.47  2.73  2.30  2.05  1.87  1.81  1.68  1.90  1.95  2.03  2.13
SKEW       .54   .92   .33   .56   .64   .42   .45   .32   .49   .54   .41   .81
% WSW     3.16  3.00  2.92  2.53  1.99  1.75  2.38  1.83  1.34  1.97  3.37  3.26
MEAN      4.02  4.27  4.91  4.97  4.10  3.95  3.78  3.72  3.50  3.69  3.90  4.13
STD DEV   1.75  2.40  2.33  2.15  1.82  1.63  1.41  1.50  1.52  1.63  1.76  1.84
SKEW       .77   .98   .46   .50   .73   .55   .37   .47   .44   .65   .90   .88
% W       5.80  5.17  4.81  4.22  3.16  2.13  2.14  1.94  1.88  3.21  5.07  6.00
MEAN      4.21  4.69  5.05  5.01  4.04  3.67  3.46  3.57  3.09  3.91  4.05  4.25
STD DEV   1.88  2.33  2.43  2.42  1.74  1.49  1.48  1.43  1.25  1.71  1.99  1.99
SKEW       .74   .63   .71   .92   .62   .57   .71   .65   .67   .84  1.15  1.14
% WNW     4.03  4.68  5.14  3.95  2.92  1.50  1.30  1.22  1.30  2.35  4.35  4.83
MEAN      5.13  5.41  5.90  5.73  4.13  4.03  3.91  3.61  3.34  3.93  4.36  5.12
STD DEV   2.15  2.54  2.51  2.70  1.75  1.33  1.53  1.58  1.53  1.60  1.93  2.25
SKEW       .64   .42   .31   .42   .53   .54   .62   .59   .61   .47   .70   .66
% NW      5.22  6.29  5.96  5.15  3.23  1.98  1.59  1.53  1.99  3.97  6.14  5.51
MEAN      5.00  4.97  5.64  5.43  4.24  3.89  3.06  3.31  3.29  4.41  5.02  5.09
STD DEV   2.12  2.17  2.49  2.35  1.83  1.77  1.38  1.47  1.39  2.00  2.27  2.21
SKEW       .46   .56   .47   .42   .62   .55  1.07   .78   .86   .61   .56   .46
% NNW     7.80  6.86  7.09  5.66  3.12  1.93  1.67  1.83  2.82  4.34  5.65  5.67
MEAN      5.28  5.24  5.56  5.15  4.56  4.16  3.34  3.45  3.58  4.41  5.07  5.31
STD DEV   2.05  2.10  2.10  2.09  1.87  1.76  1.28  1.49  1.54  1.92  2.17  2.17
SKEW       .36   .46   .22   .52   .38   .76   .54   .76   .76   .63   .53   .36
CALM     11.27  9.40  6.84  6.50  9.98  9.45 11.90 12.88 12.97 14.38 13.78 12.55
 
INTERPOLATED DATA (station & weighting factor)
 
---Wind Stations---
TULSA         OK     .392  FORT SMITH    AR     .369  GENE AUTREY   OK     .239
---Solar Radiation and Max .5 P Stations---
 TULSA, OKLAHOMA     .431   FORT SMITH, ARKANS  .414   DALLAS, TEXAS       .155 
---Dewpoint Stations---
OK TULSA             .504  OK OKLAHOMA CITY     .286  AR TEXARKANA         .210 
---Time Peak Stations---
STIGLER 1 SE OK      .440  WEBBERS FALLS DAM O  .376  SNOMAC OK            .184 
