 ADA OK                                  34  17 0
 LATT=  34.78 LONG= -96.68 YEARS= 86. TYPE= 3
 ELEVATION = 1020. TP5 = 3.24 TP6= 6.44
 MEAN P    .31   .37   .45   .49   .63   .57   .49   .55   .62   .63   .47   .41
 S DEV P   .42   .47   .51   .58   .83   .62   .66   .65   .79   .84   .56   .52
 SKEW  P  2.44  2.76  2.32  2.30  2.72  1.71  2.66  1.90  2.52  2.78  1.94  2.65
 P(W/W)    .40   .38   .37   .40   .45   .43   .35   .36   .43   .42   .41   .40
 P(W/D)    .13   .15   .16   .21   .24   .19   .14   .14   .15   .14   .13   .13
 TMAX AV 50.98 56.26 64.78 73.69 80.22 88.30 93.81 93.92 86.47 76.27 63.36 53.57
 TMIN AV 29.22 33.15 40.67 50.24 58.37 66.74 71.01 69.82 62.77 51.94 40.34 32.21
 SD TMAX 13.08 12.90 12.00  8.78  7.17  6.18  6.29  6.66  8.16  9.19 10.86 11.64
 SD TMIN 11.47 10.83 10.76  8.95  7.21  5.71  4.45  5.07  8.00  9.31 10.21 10.30
 SOL.RAD  237.  310.  408.  481.  533.  619.  607.  579.  481.  376.  288.  232.
 SD SOL   32.9  39.7  50.0  67.5  78.7  62.2  60.0  97.7  55.2  28.7  22.4  25.6
 MX .5 P   .37   .38   .92  1.05  1.49  1.76  1.55  1.47  1.27  1.03  1.14   .39
 DEW PT  27.88 31.64 35.18 46.94 58.94 65.77 67.53 65.77 59.47 49.47 36.94 30.18
Time Pk   .523  .638  .707  .786  .807  .820  .852  .871  .888  .919  .954 1.000
% N      14.65 13.90 11.85  8.90  6.36  3.50  2.47  2.87  6.52  9.44 12.07 12.61
MEAN      6.48  6.49  6.64  6.18  5.46  4.94  4.25  4.39  5.08  5.36  6.12  6.21
STD DEV   2.93  2.84  2.86  2.78  2.45  2.13  2.03  1.94  2.44  2.45  2.93  2.81
SKEW       .54   .46   .41   .38   .44   .30   .55   .56   .57   .44   .60   .49
% NNE     6.80  8.17  6.26  6.03  4.83  3.27  2.74  3.73  5.74  5.94  5.81  6.29
MEAN      5.69  5.69  5.87  5.69  5.13  4.77  4.28  4.57  4.96  5.20  5.25  5.35
STD DEV   2.44  2.55  2.46  2.45  2.17  1.93  1.86  1.94  2.12  2.29  2.40  2.29
SKEW       .64   .62   .46   .44   .41   .24   .41   .54   .46   .53   .55   .43
% NE      3.07  4.31  4.40  4.51  3.65  2.91  3.20  4.28  4.99  3.37  2.92  3.09
MEAN      4.21  4.56  4.92  4.92  4.38  4.36  4.00  4.21  4.31  4.43  4.06  4.49
STD DEV   1.66  1.85  1.93  2.03  1.85  1.81  1.68  1.74  1.82  2.02  1.73  1.98
SKEW       .33   .65   .29   .51   .48   .53   .36   .44   .49   .65   .31   .45
% ENE     2.19  2.82  3.01  3.70  3.42  3.06  3.49  3.95  4.30  2.32  2.23  2.47
MEAN      3.64  4.13  4.64  4.68  4.33  4.19  4.10  3.93  4.09  3.84  3.96  3.95
STD DEV   1.45  1.61  1.90  1.96  1.80  1.77  1.64  1.63  1.66  1.71  1.54  1.67
SKEW       .26   .43   .36   .66   .56   .66   .48   .62   .56   .63   .40   .42
% E       2.48  3.21  3.67  4.08  4.35  4.22  5.03  5.64  5.84  2.60  2.55  2.32
MEAN      3.71  4.21  4.46  4.57  4.14  4.07  3.94  3.83  3.83  3.42  3.67  3.72
STD DEV   1.51  1.71  1.88  1.75  1.74  1.64  1.65  1.55  1.52  1.46  1.56  1.58
SKEW       .29   .41   .51   .28   .54   .62   .51   .52   .38   .36   .44   .54
% ESE     2.91  3.49  3.82  4.20  5.13  5.22  5.95  6.65  6.01  3.08  2.58  2.37
MEAN      4.16  4.71  4.82  5.18  4.83  4.57  4.25  4.28  4.38  4.13  4.09  3.95
STD DEV   1.68  2.00  1.86  1.97  2.00  1.89  1.59  1.60  1.71  1.84  1.72  1.54
SKEW       .19   .37   .35   .29   .54   .68   .38   .46   .64   .59   .42   .28
% SE      4.64  5.16  6.54  7.32  9.06 10.79 11.33 11.88  9.88  7.65  4.93  4.47
MEAN      4.91  5.45  5.66  6.03  5.22  4.95  4.61  4.60  4.74  4.77  4.69  4.84
STD DEV   2.17  2.40  2.37  2.60  2.15  1.90  1.73  1.61  1.85  1.91  1.93  2.09
SKEW       .60   .51   .59   .48   .66   .47   .56   .33   .63   .46   .51   .56
% SSE    10.57 10.48 12.56 15.19 18.95 22.53 19.88 19.40 17.59 17.22 12.23 11.11
MEAN      5.99  6.47  7.00  7.21  6.53  6.03  5.08  5.06  5.30  5.73  6.02  6.15
STD DEV   2.47  2.72  2.68  2.77  2.61  2.26  1.83  1.69  1.97  2.26  2.35  2.51
SKEW       .39   .46   .38   .42   .52   .43   .58   .34   .54   .57   .43   .44
% S      17.80 14.89 15.02 18.88 21.72 25.49 24.29 20.75 18.86 21.42 18.76 18.05
MEAN      6.57  6.57  7.41  7.78  6.99  6.65  5.42  5.23  5.76  6.11  6.43  6.40
STD DEV   2.78  2.81  2.90  2.87  2.71  2.58  2.01  1.88  2.22  2.54  2.60  2.67
SKEW       .41   .53   .18   .24   .23   .34   .48   .36   .32   .45   .41   .37
% SSW     7.60  6.24  6.17  6.33  6.36  7.77 10.35  8.71  6.46  7.02  7.88  7.89
MEAN      6.44  6.39  6.98  7.64  6.76  6.56  5.90  5.82  6.08  6.09  6.37  6.02
STD DEV   3.04  3.05  3.16  3.12  2.91  2.69  2.18  2.13  2.50  2.63  2.84  2.83
SKEW       .52   .61   .27  -.01   .25   .18   .12   .12   .19   .26   .39   .55
% SW      3.11  3.22  3.00  2.53  2.24  2.38  3.72  3.62  2.33  2.66  3.56  3.18
MEAN      5.06  5.32  6.22  6.37  5.03  5.11  5.35  5.29  4.82  4.90  5.00  4.74
STD DEV   2.55  2.64  3.30  2.99  2.41  2.42  2.16  2.15  2.19  2.45  2.60  2.35
SKEW       .91   .62   .62   .37   .42   .47   .06   .28   .38   .44   .64   .59
% WSW     1.81  1.83  2.05  1.51  1.26  1.07  1.41  1.34  1.01  1.16  1.88  1.88
MEAN      4.53  4.38  6.14  5.45  4.23  4.12  4.38  4.09  3.99  3.67  4.75  4.23
STD DEV   2.54  2.11  3.38  2.52  2.21  1.98  1.83  1.60  2.00  1.79  2.52  2.07
SKEW      1.38   .51   .61   .26   .95   .75   .38   .22   .79   .69   .73  1.09
% W       1.80  1.86  2.04  1.60  1.15   .82   .71   .95   .78  1.28  2.04  2.17
MEAN      4.14  4.49  5.80  4.95  3.92  3.86  3.20  3.39  3.32  3.21  3.69  4.30
STD DEV   2.15  2.33  3.23  2.38  1.89  1.65  1.39  1.61  1.57  1.61  1.94  2.20
SKEW       .59   .64   .66   .46   .98   .39   .15   .61   .86   .67   .77   .87
% WNW     2.37  2.51  2.77  2.01  1.47   .68   .48   .54   .74  1.41  2.26  2.65
MEAN      4.52  5.10  6.36  5.71  4.57  3.86  3.20  3.27  3.88  3.76  4.52  4.67
STD DEV   2.31  2.70  3.31  2.75  2.30  1.60  1.44  1.46  1.76  1.80  2.60  2.13
SKEW       .80   .93   .63   .40  1.07   .10   .45   .60   .65   .77  1.51   .49
% NW      4.07  4.39  4.85  3.46  2.18  1.20   .58   .83  1.29  2.57  4.01  5.04
MEAN      5.27  6.00  6.89  6.22  4.95  4.24  2.99  3.30  3.89  4.52  4.98  5.54
STD DEV   2.72  2.98  3.40  3.07  2.35  2.05  1.10  1.47  1.90  2.41  2.70  2.78
SKEW       .71   .45   .43   .53   .50   .38   .21   .56   .65   .96   .81   .71
% NNW     9.06  8.62  8.28  6.70  3.57  2.03  1.01  1.37  2.67  5.42  8.67  9.18
MEAN      6.39  6.42  6.97  6.73  5.41  5.03  3.60  4.08  4.71  5.53  6.08  6.27
STD DEV   2.89  2.83  3.09  3.06  2.45  2.36  1.76  1.95  2.28  2.66  2.80  2.84
SKEW       .38   .38   .41   .41   .53   .43   .70   .54   .71   .44   .56   .51
CALM      5.05  4.84  3.71  3.03  4.35  2.98  3.25  3.55  5.00  5.54  5.66  5.23
 
INTERPOLATED DATA (station & weighting factor)
 
---Wind Stations---
OKLAHOMA CITY OK     .355  OKLAHOMA CITY OK     .355  SHERMAN       TX     .291
---Solar Radiation and Max .5 P Stations---
 OKLAHOMA CITY, OKL  .470   TULSA, OKLAHOMA     .294   DALLAS, TEXAS       .236 
---Dewpoint Stations---
OK OKLAHOMA CITY     .469  OK TULSA             .296  TX DALLAS            .235 
---Time Peak Stations---
ROFF 3 NW OK         .526  SNOMAC OK            .367  ANTLERS OK           .107 
