 TAHLEQUAH OK                            348677 0
 LATT=  35.90 LONG= -94.97 YEARS= 45. TYPE= 4
 ELEVATION =  790. TP5 = 3.08 TP6= 6.28
 MEAN P    .32   .37   .48   .47   .59   .58   .53   .56   .57   .55   .52   .43
 S DEV P   .43   .47   .55   .52   .69   .67   .71   .70   .73   .86   .62   .54
 SKEW  P  2.63  2.58  2.04  1.78  2.27  2.05  2.97  2.34  2.64  3.38  1.97  2.16
 P(W/W)    .41   .38   .43   .45   .45   .44   .40   .39   .46   .42   .43   .42
 P(W/D)    .14   .18   .19   .23   .26   .20   .16   .16   .18   .16   .15   .16
 TMAX AV 49.05 54.24 62.86 73.29 79.66 87.07 92.57 92.31 85.06 74.85 61.70 51.69
 TMIN AV 26.16 30.17 38.14 48.54 56.55 64.62 68.30 66.69 59.80 48.62 37.21 29.02
 SD TMAX 12.39 12.92 11.64  8.80  6.58  5.76  6.31  6.34  8.31  9.00 11.20 11.40
 SD TMIN 11.67 11.22 11.43 10.59  8.33  6.12  4.76  5.45  8.81 10.57 11.87 11.20
 SOL.RAD  197.  267.  362.  458.  528.  572.  568.  528.  446.  346.  248.  192.
 SD SOL   46.1  54.9  67.1  78.4  85.1  81.9  76.3 150.2  68.6  38.6  35.0  38.4
 MX .5 P   .36   .68   .91   .91  1.27  1.18  1.07  1.08  1.36   .92   .98   .53
 DEW PT  27.37 30.76 34.94 46.34 57.91 66.08 68.25 66.08 59.51 49.51 36.51 29.94
Time Pk   .541  .659  .718  .790  .808  .828  .856  .874  .888  .921  .954 1.000
% N       8.90  7.46  6.10  5.73  4.33  2.53  3.05  3.21  5.13  5.98  6.33  6.56
MEAN      4.85  4.94  4.53  4.91  3.98  3.78  3.37  3.34  3.92  4.37  4.79  4.62
STD DEV   2.14  2.25  1.99  2.33  1.90  1.82  1.77  1.69  1.92  2.06  2.30  2.11
SKEW       .38   .35   .36   .41   .64   .79   .87   .84   .61   .41   .60   .40
% NNE     5.78  5.33  4.84  4.49  4.08  2.52  3.21  4.01  5.58  4.54  3.81  4.43
MEAN      4.74  4.56  4.56  4.81  4.14  3.84  3.56  3.57  3.96  4.23  4.56  4.35
STD DEV   2.01  1.87  1.88  2.19  1.77  1.73  1.56  1.55  1.84  1.94  2.07  1.99
SKEW       .49   .41   .32   .66   .42   .65   .62   .65   .62   .50   .53   .72
% NE      7.20  6.66  6.13  6.20  7.27  6.74  7.95  9.58 10.33  8.45  7.13  6.91
MEAN      3.80  3.82  3.74  4.05  3.61  3.25  3.12  3.09  3.51  3.62  3.70  3.46
STD DEV   1.60  1.69  1.62  1.96  1.61  1.45  1.43  1.32  1.60  1.64  1.75  1.48
SKEW       .53   .77   .62   .88   .88   .73  1.02   .89   .81   .66   .68   .52
% ENE     6.88  6.86  6.53  5.58  6.20  5.94  6.68  8.45  8.68  6.88  5.46  6.47
MEAN      3.49  4.00  4.01  3.96  3.65  3.60  3.52  3.41  3.69  3.54  3.72  3.64
STD DEV   1.46  2.00  1.67  1.74  1.53  1.69  1.49  1.42  1.69  1.65  1.74  1.50
SKEW       .52  1.17   .49   .66   .44   .73   .76   .70   .74   .76   .49   .47
% E       4.18  4.52  5.12  5.13  5.46  4.88  5.53  5.99  6.20  4.35  3.84  4.22
MEAN      3.33  3.63  3.77  3.89  3.56  3.47  3.09  3.17  3.28  3.08  3.39  3.44
STD DEV   1.44  1.65  1.69  1.71  1.55  1.64  1.36  1.41  1.47  1.33  1.44  1.54
SKEW       .59   .60   .76   .69   .54   .79   .70   .74   .66   .87   .35   .49
% ESE     1.27  1.74  2.29  2.42  3.00  2.92  3.05  3.51  2.79  2.20  1.45  1.47
MEAN      3.22  3.89  4.04  3.83  3.63  3.36  3.36  3.27  3.03  3.29  3.31  3.32
STD DEV   1.30  1.70  1.76  1.79  1.53  1.43  1.58  1.41  1.18  1.45  1.39  1.40
SKEW       .16   .46   .41   .62   .47   .67   .69   .61   .61   .50   .45   .37
% SE      2.21  2.89  3.57  4.05  5.17  4.93  5.13  5.86  4.64  4.10  2.65  2.27
MEAN      3.75  4.23  4.39  4.62  4.07  3.52  3.30  3.10  3.28  3.51  3.35  3.77
STD DEV   1.95  2.17  2.07  2.37  2.13  1.66  1.49  1.39  1.46  1.71  1.54  1.91
SKEW       .88   .61   .47   .67   .77   .69   .72   .81   .71   .77   .70   .56
% SSE     5.55  6.11  8.12  9.03  9.35  9.17  8.33  8.91  8.84  8.47  6.29  6.36
MEAN      4.79  5.03  5.54  5.16  4.95  4.24  3.72  3.65  4.08  4.27  4.75  4.76
STD DEV   2.16  2.14  2.27  2.17  2.22  1.95  1.67  1.52  1.70  1.93  2.21  2.10
SKEW       .47   .34   .35   .71   .57   .73   .95   .63   .49   .57   .42   .39
% S      10.60  9.56  9.60 12.82 14.13 18.40 15.57 13.44 12.62 13.32 11.83 11.18
MEAN      4.45  4.69  5.05  5.19  4.55  4.29  3.73  3.57  3.93  4.23  4.54  4.56
STD DEV   2.14  2.46  2.52  2.38  2.20  1.99  1.67  1.63  1.96  2.02  2.33  2.29
SKEW       .50   .68   .55   .43   .55   .66   .74   .78   .87   .62   .58   .61
% SSW    11.32  9.87  8.56 11.32  9.81 14.10 11.57 10.62  8.63  9.66 10.30 11.27
MEAN      5.84  5.26  5.66  5.90  4.99  4.92  4.27  4.11  4.43  4.45  5.01  5.16
STD DEV   2.73  2.54  2.53  2.65  2.27  2.09  1.80  1.78  2.15  2.22  2.55  2.52
SKEW       .44   .43   .29   .30   .46   .29   .49   .52   .56   .59   .59   .47
% SW      4.11  4.65  4.62  4.45  4.74  6.80  6.82  5.22  3.55  4.03  4.82  5.16
MEAN      4.71  4.35  4.91  4.87  4.06  4.16  3.92  3.74  3.72  3.64  3.97  3.91
STD DEV   2.48  2.38  2.66  2.50  2.08  1.96  1.84  1.67  2.12  1.91  2.11  2.13
SKEW       .58   .86   .57   .59   .82   .49   .54   .60   .82   .95   .87   .98
% WSW     3.44  3.41  3.66  2.48  2.21  2.21  2.86  2.23  1.75  2.15  3.46  3.86
MEAN      4.17  4.18  4.99  4.47  3.74  3.54  3.55  3.65  3.37  3.47  3.83  3.84
STD DEV   1.91  2.04  2.35  2.30  1.79  1.50  1.52  1.57  1.62  1.61  1.81  1.70
SKEW       .73   .78   .55   .61   .59   .47   .40   .38   .63   .75   .81   .77
% W       5.80  5.50  5.48  3.97  3.51  2.42  2.51  1.96  2.12  2.83  4.66  6.29
MEAN      4.22  4.28  5.31  4.77  3.66  3.35  3.24  2.98  2.90  3.56  3.84  4.07
STD DEV   2.08  2.07  2.49  2.41  1.71  1.56  1.50  1.32  1.36  1.62  1.85  1.92
SKEW       .74   .70   .63   .78   .74   .78   .74   .53   .71   .64   .83   .84
% WNW     4.41  5.63  6.86  4.80  3.58  1.91  1.75  1.54  1.59  2.57  5.31  5.59
MEAN      4.90  5.03  5.98  5.74  4.24  3.55  3.26  3.36  3.23  4.10  4.69  4.90
STD DEV   2.26  2.36  2.51  2.62  2.05  1.58  1.48  1.48  1.43  1.85  2.33  2.29
SKEW       .63   .50   .28   .44   .76   .76   .87   .57   .52   .63   .85   .76
% NW      5.53  5.71  6.60  5.95  3.75  2.14  2.21  2.08  2.50  4.29  6.59  5.37
MEAN      4.50  4.67  5.51  5.35  4.14  3.76  2.83  2.91  3.14  4.14  4.68  4.70
STD DEV   2.13  2.13  2.37  2.49  2.01  1.97  1.35  1.36  1.55  2.01  2.12  2.15
SKEW       .61   .55   .37   .55   .73   .82   .89   .72   .95   .57   .49   .50
% NNW     6.24  6.89  6.03  5.86  3.47  1.89  2.18  2.40  3.67  4.62  6.38  5.53
MEAN      4.81  5.02  5.36  5.27  4.56  4.03  3.29  3.43  3.71  4.36  4.86  4.89
STD DEV   2.02  2.06  2.09  2.23  2.01  1.90  1.41  1.51  1.65  2.00  2.06  2.17
SKEW       .37   .32   .13   .30   .37   .83   .62   .69   .70   .66   .40   .43
CALM      6.64  7.26  5.92  5.72  9.89 10.47 11.55 10.91 11.31 11.62  9.68  7.05
 
INTERPOLATED DATA (station & weighting factor)
 
---Wind Stations---
FAYETTEVILLE  AR     .372  FORT SMITH    AR     .326  TULSA         OK     .302
---Solar Radiation and Max .5 P Stations---
 FORT SMITH, ARKANS  .632   LITTLE ROCK, ARKAN  .188   WICHITA, KANSAS     .180 
---Dewpoint Stations---
AR FORT SMITH        .429  OK TULSA             .398  MO SPRINGFIELD       .174 
---Time Peak Stations---
ROSE TOWER OK        .463  WEBBERS FALLS DAM O  .324  ROBERT S KERR DAM O  .213 
