 WAGONER OK                              349247 0
 LATT=  35.97 LONG= -95.37 YEARS= 45. TYPE= 4
 ELEVATION =  590. TP5 = 3.17 TP6= 6.29
 MEAN P    .38   .38   .51   .58   .63   .71   .68   .63   .66   .72   .64   .49
 S DEV P   .47   .39   .52   .63   .70   .83   .83   .60   .79   .89   .75   .54
 SKEW  P  2.46  1.95  1.85  2.31  2.86  2.25  2.84  1.75  3.26  3.48  2.88  2.05
 P(W/W)    .35   .33   .33   .36   .37   .38   .34   .30   .41   .31   .35   .33
 P(W/D)    .13   .17   .18   .21   .24   .19   .13   .13   .16   .13   .14   .13
 TMAX AV 48.21 54.03 63.08 73.58 80.13 87.81 93.55 93.00 85.56 75.48 61.97 51.87
 TMIN AV 26.44 31.07 39.06 49.55 58.24 66.43 70.50 68.81 61.63 50.41 38.87 30.20
 SD TMAX 12.99 12.93 11.85  8.92  6.89  5.97  6.29  6.53  8.45  9.17 11.30 11.60
 SD TMIN 11.53 11.12 11.05  9.97  7.55  5.92  4.84  5.41  8.39 10.00 11.14 10.92
 SOL.RAD  205.  283.  382.  459.  516.  593.  589.  542.  454.  353.  263.  204.
 SD SOL   40.7  46.8  57.7  75.3  86.8  73.3  67.8 132.2  63.9  34.2  27.8  31.7
 MX .5 P   .31   .45   .96   .98  1.30  1.21  1.25  1.24  1.33  1.10  1.27   .62
 DEW PT  26.82 30.41 34.55 46.13 57.86 66.00 68.14 66.00 59.27 49.27 36.27 29.55
Time Pk   .551  .654  .711  .774  .794  .811  .841  .862  .880  .914  .945 1.000
% N      11.50  9.72  7.79  6.92  5.14  3.13  3.87  3.97  6.48  7.28  7.96  8.50
MEAN      5.17  5.17  4.98  5.17  4.19  3.94  3.48  3.53  4.07  4.55  5.03  4.90
STD DEV   2.21  2.28  2.17  2.38  1.96  1.87  1.77  1.77  1.98  2.10  2.38  2.19
SKEW       .36   .35   .36   .40   .63   .91   .87   .97   .68   .42   .63   .40
% NNE     6.40  6.36  5.83  5.16  4.49  2.86  3.39  4.18  6.07  4.76  4.23  5.05
MEAN      5.06  4.93  5.03  5.13  4.44  4.17  3.81  3.90  4.29  4.59  4.81  4.75
STD DEV   2.08  1.99  2.02  2.24  1.88  1.83  1.66  1.69  1.94  2.04  2.12  2.10
SKEW       .41   .34   .34   .59   .37   .59   .62   .68   .57   .41   .46   .72
% NE      5.84  5.81  5.52  5.63  6.41  5.81  6.79  8.17  9.06  6.89  5.81  5.73
MEAN      3.85  4.09  4.02  4.30  3.88  3.44  3.38  3.33  3.73  3.76  3.78  3.61
STD DEV   1.66  1.77  1.73  2.03  1.76  1.51  1.53  1.44  1.70  1.69  1.78  1.53
SKEW       .60   .59   .60   .82   .86   .67   .93   .80   .73   .66   .66   .54
% ENE     5.35  5.49  5.35  4.78  5.22  5.07  5.64  7.05  7.14  5.53  4.35  5.06
MEAN      3.36  3.97  4.04  4.01  3.81  3.70  3.67  3.55  3.77  3.55  3.71  3.56
STD DEV   1.34  1.91  1.68  1.75  1.59  1.66  1.54  1.47  1.71  1.64  1.72  1.40
SKEW       .47  1.01   .54   .70   .46   .76   .75   .67   .68   .78   .56   .35
% E       3.38  3.74  4.42  4.38  4.70  4.31  4.91  5.26  5.36  3.64  3.11  3.44
MEAN      3.20  3.64  3.82  3.93  3.69  3.61  3.26  3.25  3.33  3.07  3.29  3.34
STD DEV   1.33  1.60  1.60  1.66  1.61  1.66  1.45  1.39  1.46  1.30  1.36  1.39
SKEW       .51   .63   .71   .64   .61   .83   .73   .68   .66  1.00   .37   .42
% ESE     1.33  1.78  2.60  2.52  3.21  3.21  3.23  3.63  2.86  2.22  1.46  1.48
MEAN      3.22  3.79  3.98  3.90  3.69  3.47  3.40  3.34  3.09  3.29  3.36  3.38
STD DEV   1.25  1.64  1.67  1.73  1.52  1.45  1.55  1.37  1.22  1.40  1.35  1.39
SKEW       .24   .55   .45   .63   .54   .78   .75   .60   .71   .55   .49   .43
% SE      2.69  3.21  4.03  4.52  5.69  5.70  5.70  6.97  5.37  4.84  3.09  2.73
MEAN      3.74  4.16  4.45  4.61  4.04  3.56  3.37  3.19  3.36  3.52  3.53  3.76
STD DEV   1.86  2.05  2.04  2.29  2.01  1.63  1.50  1.37  1.46  1.64  1.53  1.79
SKEW       .91   .64   .54   .67   .74   .69   .74   .86   .77   .83   .64   .62
% SSE     6.81  7.18  8.89 10.05 10.95 10.91 10.15 11.31 10.69 10.57  7.81  7.91
MEAN      4.74  5.00  5.52  5.22  4.96  4.31  3.84  3.75  4.16  4.35  4.75  4.74
STD DEV   2.04  2.04  2.22  2.12  2.17  1.88  1.64  1.51  1.69  1.89  2.08  2.01
SKEW       .51   .34   .41   .69   .58   .72   .88   .68   .61   .63   .49   .43
% S      12.83 11.38 11.35 15.16 17.01 21.81 19.05 16.27 15.22 16.00 14.28 13.60
MEAN      4.70  4.95  5.46  5.56  4.94  4.63  4.02  3.87  4.26  4.52  4.81  4.79
STD DEV   2.12  2.44  2.53  2.40  2.23  2.01  1.69  1.65  1.95  2.05  2.30  2.27
SKEW       .51   .72   .49   .38   .48   .60   .68   .74   .79   .64   .57   .64
% SSW     9.97  8.89  7.93  9.98  8.95 13.02 11.51 10.38  8.08  8.80  9.38 10.02
MEAN      5.86  5.54  6.08  6.24  5.32  5.16  4.54  4.41  4.70  4.74  5.18  5.25
STD DEV   2.69  2.59  2.59  2.67  2.34  2.11  1.83  1.81  2.14  2.26  2.54  2.49
SKEW       .43   .39   .26   .24   .46   .26   .41   .45   .45   .52   .56   .46
% SW      3.67  4.12  4.13  3.90  4.14  5.68  5.94  4.56  3.07  3.51  4.39  4.53
MEAN      4.67  4.38  5.21  4.94  4.21  4.24  4.05  3.99  3.87  3.79  4.01  3.93
STD DEV   2.40  2.37  2.85  2.49  2.17  1.97  1.87  1.75  2.12  1.97  2.07  2.10
SKEW       .58   .89   .55   .64   .87   .45   .48   .52   .67   .91   .83   .95
% WSW     3.03  3.10  3.23  2.34  2.03  1.90  2.50  1.91  1.52  1.92  3.16  3.44
MEAN      4.03  4.18  5.02  4.48  3.78  3.47  3.53  3.70  3.34  3.45  3.83  3.83
STD DEV   1.79  2.03  2.39  2.25  1.84  1.48  1.48  1.64  1.55  1.66  1.82  1.73
SKEW       .69   .77   .52   .58   .61   .56   .41   .51   .54   .86   .81   .87
% W       4.85  4.64  4.61  3.47  3.03  1.96  2.06  1.62  1.76  2.59  4.17  5.32
MEAN      4.23  4.39  5.35  4.84  3.70  3.37  3.24  3.05  2.94  3.59  3.89  4.12
STD DEV   2.02  2.16  2.57  2.41  1.71  1.53  1.48  1.32  1.36  1.69  1.95  2.00
SKEW       .69   .69   .64   .78   .74   .70   .78   .50   .69   .72   .93   .98
% WNW     4.20  5.29  6.28  4.46  3.40  1.75  1.53  1.42  1.46  2.60  5.16  5.60
MEAN      4.86  5.08  5.95  5.72  4.21  3.56  3.27  3.36  3.25  4.18  4.61  4.97
STD DEV   2.23  2.41  2.52  2.65  2.00  1.52  1.47  1.57  1.49  1.88  2.27  2.31
SKEW       .72   .55   .31   .40   .80   .77   .83   .78   .68   .60   .87   .76
% NW      5.45  5.70  6.48  5.70  3.73  2.16  2.04  2.04  2.49  4.31  6.80  5.55
MEAN      4.68  4.74  5.63  5.42  4.19  3.80  2.83  2.85  3.09  4.19  4.76  4.84
STD DEV   2.21  2.16  2.43  2.49  2.01  1.93  1.42  1.35  1.54  2.07  2.19  2.20
SKEW       .60   .53   .41   .52   .72   .80  1.19   .85  1.06   .62   .56   .47
% NNW     6.64  7.36  6.59  6.09  3.63  2.03  2.24  2.43  3.75  5.02  6.76  5.85
MEAN      4.99  5.16  5.55  5.34  4.54  4.05  3.27  3.41  3.66  4.40  4.99  5.04
STD DEV   2.07  2.15  2.16  2.26  2.00  1.83  1.41  1.51  1.63  2.06  2.17  2.28
SKEW       .36   .36   .11   .36   .44   .84   .70   .81   .82   .69   .48   .48
CALM      6.08  6.27  5.04  4.97  8.23  8.67  9.37  8.76  9.56  9.60  8.08  6.17
 
INTERPOLATED DATA (station & weighting factor)
 
---Wind Stations---
TULSA         OK     .509  FAYETTEVILLE  AR     .253  FORT SMITH    AR     .238
---Solar Radiation and Max .5 P Stations---
 TULSA, OKLAHOMA     .594   FORT SMITH, ARKANS  .283   WICHITA, KANSAS     .124 
---Dewpoint Stations---
OK TULSA             .586  AR FORT SMITH        .275  MO SPRINGFIELD       .139 
---Time Peak Stations---
PRYOR OK             .480  WEBBERS FALLS DAM O  .360  OILTON 2 SE OK       .160 
