 SMITHVILLE OK                           348285 0
 LATT=  34.47 LONG= -94.63 YEARS= 46. TYPE= 4
 ELEVATION =  700. TP5 = 3.16 TP6= 6.57
 MEAN P    .50   .57   .58   .56   .74   .62   .67   .55   .64   .78   .59   .67
 S DEV P   .59   .74   .69   .61   .89   .70   .85   .67   .80  1.12   .72   .85
 SKEW  P  2.20  3.45  2.22  1.92  2.38  2.18  3.32  2.12  2.61  3.91  2.35  4.31
 P(W/W)    .41   .38   .40   .44   .44   .43   .41   .35   .42   .42   .34   .42
 P(W/D)    .15   .17   .18   .20   .20   .16   .16   .15   .15   .13   .15   .13
 TMAX AV 51.25 56.09 64.78 73.68 80.05 87.47 92.15 91.94 85.05 75.51 63.02 54.11
 TMIN AV 26.97 30.71 38.59 47.40 55.65 63.22 66.67 64.84 58.66 46.97 37.32 29.80
 SD TMAX 11.62 11.77 10.46  7.75  6.25  5.78  5.90  6.18  7.78  8.49 10.24 10.81
 SD TMIN 11.22 10.61 11.24 10.32  8.35  6.07  4.21  4.88  8.66 10.52 11.26 11.45
 SOL.RAD  199.  271.  366.  445.  524.  566.  568.  524.  434.  345.  249.  194.
 SD SOL   48.9  56.6  68.0  84.4  86.1  84.4  76.8 153.2  74.0  42.1  38.4  41.7
 MX .5 P   .49   .78  1.05  1.01  1.50  1.27  1.10  1.30  1.47  1.04  1.10   .71
 DEW PT  30.95 34.15 38.50 49.00 60.20 67.50 69.15 67.85 61.65 51.30 39.35 32.80
Time Pk   .512  .627  .684  .768  .792  .811  .840  .858  .871  .906  .946 1.000
% N       5.29  5.45  5.12  4.39  3.10  2.11  1.85  2.35  3.52  4.68  4.97  4.21
MEAN      4.71  4.74  4.78  4.69  4.08  3.65  3.21  3.63  3.93  4.15  4.70  4.70
STD DEV   2.01  1.87  1.93  1.95  1.80  1.54  1.48  1.64  1.77  1.78  2.03  1.99
SKEW       .50   .39   .33   .37   .86   .67  1.18   .91   .76   .61   .54   .42
% NNE     3.98  4.58  3.72  3.75  3.18  2.77  2.92  3.66  4.83  4.67  3.63  3.54
MEAN      4.55  4.43  4.32  4.44  3.90  3.55  3.31  3.38  3.81  3.90  4.17  4.14
STD DEV   1.93  2.04  1.93  1.98  1.79  1.60  1.48  1.42  1.68  1.82  2.02  1.80
SKEW       .50   .64   .65   .78   .87  1.12   .96   .78   .73   .84   .72   .62
% NE      9.97 10.06  8.35  8.47  9.24  9.45 10.73 13.59 15.64 12.73  9.93 11.49
MEAN      3.75  3.79  3.92  3.87  3.43  3.31  3.08  3.20  3.43  3.50  3.52  3.85
STD DEV   1.53  1.56  1.60  1.62  1.46  1.36  1.26  1.24  1.41  1.55  1.52  1.57
SKEW       .73   .79   .68   .82   .95  1.14  1.16   .93  1.01  1.18   .89   .56
% ENE    10.40 11.44 10.13  8.55  8.87  9.37  9.72 12.19 14.36 10.97  9.10 10.88
MEAN      3.95  4.13  4.44  4.19  3.86  3.56  3.47  3.46  3.68  3.61  3.71  4.14
STD DEV   1.54  1.65  1.79  1.64  1.54  1.44  1.39  1.33  1.47  1.49  1.55  1.65
SKEW       .46   .69   .55   .56   .73   .75   .82   .73   .72   .81   .63   .60
% E       6.99  7.74  7.55  7.89  8.06  8.19  8.43  9.83 10.55  7.33  6.35  7.17
MEAN      4.12  4.33  4.53  4.35  3.87  3.64  3.42  3.48  3.64  3.46  3.74  4.10
STD DEV   1.68  1.79  1.79  1.71  1.58  1.47  1.37  1.37  1.47  1.36  1.61  1.70
SKEW       .50   .57   .40   .44   .70   .77   .73   .89   .79   .44   .78   .57
% ESE     2.88  3.57  4.04  4.35  4.49  4.64  4.85  5.77  5.83  4.13  2.94  3.15
MEAN      3.84  4.43  4.48  4.50  3.98  3.61  3.57  3.57  3.70  3.65  3.63  4.03
STD DEV   1.54  1.75  1.72  1.80  1.55  1.30  1.42  1.35  1.38  1.30  1.46  1.62
SKEW       .56   .49   .59   .48   .66   .49   .78   .74   .70   .45   .62   .55
% SE      3.29  3.93  4.78  5.61  7.17  6.73  6.58  6.99  6.17  6.15  4.24  3.58
MEAN      3.79  4.21  4.54  4.57  4.05  3.64  3.52  3.48  3.57  3.77  3.77  3.84
STD DEV   1.60  1.88  1.85  1.84  1.68  1.38  1.39  1.32  1.41  1.43  1.56  1.59
SKEW       .78   .66   .52   .54   .86   .73  1.00   .73   .89   .64   .58   .57
% SSE     5.48  4.81  6.41  8.07 10.11  9.73  7.52  7.10  6.31  6.95  6.11  5.57
MEAN      4.75  4.61  5.21  5.11  4.66  4.15  3.70  3.76  3.99  4.37  4.57  4.66
STD DEV   1.93  1.99  2.01  1.99  1.85  1.68  1.41  1.44  1.48  1.81  1.91  1.91
SKEW       .49   .53   .47   .57   .58   .78   .86   .60   .37   .52   .40   .59
% S       7.73  5.99  8.06 10.90 11.99 13.93 10.96  9.31  7.14  7.73  7.70  7.19
MEAN      5.01  4.85  5.54  5.43  4.84  4.46  3.94  3.90  4.24  4.45  4.97  4.94
STD DEV   2.21  2.30  2.36  2.11  1.95  1.84  1.57  1.58  1.77  1.90  2.17  2.15
SKEW       .55   .60   .37   .34   .49   .64   .79   .76   .60   .55   .43   .56
% SSW     5.55  5.24  5.94  7.42  7.72  9.21  9.07  6.59  4.56  5.22  5.99  5.33
MEAN      5.80  5.57  5.75  5.91  5.21  4.89  4.39  4.33  4.61  4.66  5.60  5.46
STD DEV   2.69  2.56  2.48  2.42  2.02  1.94  1.66  1.65  2.00  2.11  2.54  2.54
SKEW       .43   .45   .23   .24   .28   .28   .50   .47   .48   .52   .40   .51
% SW      4.08  4.36  4.78  5.20  5.30  6.47  8.27  5.78  3.28  4.05  4.79  4.38
MEAN      4.72  4.97  5.27  5.08  4.34  4.51  4.39  4.19  4.00  3.95  4.51  4.48
STD DEV   2.40  2.56  2.53  2.34  1.95  1.88  1.75  1.65  1.94  1.88  2.36  2.37
SKEW       .67   .76   .45   .51   .55   .34   .42   .39   .77   .70   .77   .90
% WSW     3.77  3.78  3.39  2.92  2.44  2.45  3.51  2.60  1.71  2.35  3.73  3.89
MEAN      4.45  4.38  5.09  4.89  4.14  3.91  4.03  4.07  3.63  3.63  4.21  4.04
STD DEV   2.29  2.26  2.76  2.32  1.94  1.59  1.52  1.62  1.60  1.64  2.16  1.82
SKEW       .94  1.14   .77   .55   .85   .44   .46   .35   .56  1.14  1.16   .91
% W       7.50  6.28  5.94  4.62  3.69  2.70  3.15  2.64  2.17  3.54  5.73  7.24
MEAN      4.66  4.78  5.51  4.89  3.86  3.51  3.49  3.40  3.16  3.59  4.11  4.50
STD DEV   2.30  2.38  2.80  2.31  1.88  1.51  1.45  1.44  1.55  1.75  2.12  2.12
SKEW       .79   .78   .63   .66   .92   .73   .57   .79  1.17   .97  1.10   .72
% WNW     5.82  5.66  6.68  4.90  3.13  1.85  1.84  1.52  1.50  2.88  5.42  5.80
MEAN      5.09  5.24  6.09  5.60  4.36  3.77  3.38  3.38  3.54  4.27  4.72  5.24
STD DEV   2.28  2.50  2.70  2.52  2.04  1.68  1.30  1.30  1.50  2.00  2.24  2.35
SKEW       .44   .73   .46   .34   .89   .59   .38   .34   .69   .84   .85   .57
% NW      5.47  5.56  5.22  4.19  2.56  1.74  1.58  1.51  1.97  3.45  5.48  4.90
MEAN      4.79  4.81  5.36  4.96  4.18  3.55  3.09  3.00  3.26  4.06  4.65  5.00
STD DEV   2.12  2.09  2.32  2.19  1.98  1.59  1.18  1.20  1.33  1.90  2.10  2.22
SKEW       .55   .52   .36   .53   .80   .85   .53   .55   .64   .78   .51   .40
% NNW     4.29  4.20  4.01  3.52  1.98  1.17  1.03  1.17  1.91  3.11  4.47  3.69
MEAN      4.97  4.84  5.25  5.06  4.48  3.97  3.15  3.40  3.89  4.35  4.94  5.01
STD DEV   1.99  1.88  2.01  2.09  1.88  1.60  1.31  1.52  1.65  1.80  2.01  2.06
SKEW       .35   .40   .38   .54   .44   .47   .66   .71   .75   .67   .34   .30
CALM      7.50  7.34  5.79  5.29  6.98  7.44  7.93  7.41  8.62 10.06  9.29  7.99
 
INTERPOLATED DATA (station & weighting factor)
 
---Wind Stations---
FORT SMITH    AR     .443  TEXARKANA     AR     .346  SHERMAN       TX     .210
---Solar Radiation and Max .5 P Stations---
 FORT SMITH, ARKANS  .537   TULSA, OKLAHOMA     .237   SHREVEPORT, LOUISI  .227 
---Dewpoint Stations---
AR FORT SMITH        .449  AR TEXARKANA         .351  OK TULSA             .200 
---Time Peak Stations---
CARTER TOWER OK      .535  BARNDALL OK          .254  WALDRON AR           .211 
