 HOOD RIVER EXP STA OR                   354003 0
 LATT=  45.68 LONG=-121.52 YEARS= 65. TYPE= 2
 ELEVATION =  500. TP5 =  .97 TP6= 3.71
 MEAN P    .30   .26   .21   .15   .13   .14   .10   .15   .18   .24   .30   .33
 S DEV P   .36   .32   .26   .18   .16   .21   .13   .19   .23   .29   .34   .41
 SKEW  P  2.34  2.56  3.59  2.38  2.60  3.21  3.51  2.58  2.45  2.99  2.06  2.36
 P(W/W)    .74   .72   .68   .61   .51   .42   .28   .37   .51   .63   .75   .74
 P(W/D)    .30   .27   .29   .21   .16   .13   .05   .06   .11   .17   .29   .32
 TMAX AV 39.40 45.97 53.66 61.01 68.59 74.02 80.61 80.44 74.54 63.51 48.97 41.67
 TMIN AV 27.37 30.66 34.29 38.59 43.97 49.70 53.18 52.29 46.03 39.21 33.93 30.37
 SD TMAX  9.51  8.32  7.48  8.58  9.64  9.36  8.88  8.50  8.80  8.33  7.62  8.14
 SD TMIN  9.87  7.94  5.53  5.71  6.03  5.64  5.44  5.49  6.35  6.66  7.06  7.53
 SOL.RAD   93.  171.  288.  416.  524.  529.  585.  492.  371.  219.  116.   81.
 SD SOL   39.3  46.9  57.8  69.2  74.8  90.7  62.9 127.3  68.5  43.1  38.2  34.2
 MX .5 P   .24   .27   .19   .19   .29   .31   .44   .54   .25   .21   .22   .27
 DEW PT  27.32 31.56 32.37 36.37 41.89 46.15 48.11 49.24 46.11 42.17 35.37 31.37
Time Pk   .914  .944  .951  .963  .966  .969  .970  .973  .975  .985  .991 1.000
% N       2.95  3.24  3.35  4.14  4.84  5.17  5.85  4.92  6.02  4.54  3.32  2.76
MEAN      2.28  2.21  2.42  2.64  2.90  3.07  2.98  2.86  2.70  2.41  2.40  2.25
STD DEV   1.17  1.07  1.19  1.26  1.51  1.43  1.49  1.42  1.31  1.23  1.13  1.04
SKEW       .90  1.05   .91   .74  1.05   .57  1.23   .92   .78  1.27   .91   .58
% NNE     1.64  1.82  1.73  1.68  1.55  1.21  1.51  1.29  1.74  1.82  1.71  1.60
MEAN      2.31  2.13  2.26  2.38  2.54  2.63  2.52  2.48  2.45  2.22  2.21  2.29
STD DEV   1.03  1.00  1.01   .97  1.26  1.17  1.04   .99  1.10  1.04  1.13  1.01
SKEW       .50   .84   .48   .55   .60   .76   .48   .45   .85  1.20   .91   .59
% NE      4.23  3.58  2.71  2.62  1.93  1.41  1.11  1.22  2.01  2.64  3.78  3.89
MEAN      2.19  2.33  2.56  2.57  2.50  2.55  2.55  2.41  2.30  2.33  2.25  2.47
STD DEV   1.04  1.27  1.30  1.40  1.20  1.29  1.31  1.09  1.14  1.35  1.21  1.33
SKEW      1.06  1.28  1.04   .93   .72   .66   .58   .73   .78  1.37  1.11  1.11
% ENE     6.33  4.51  2.96  1.73  1.42   .78   .84   .65  1.53  2.04  3.87  6.09
MEAN      3.90  3.28  3.16  3.33  3.15  2.89  3.20  2.77  3.46  2.78  2.96  3.34
STD DEV   2.07  1.72  1.63  1.83  1.51  1.37  1.48  1.09  1.80  1.48  1.38  1.59
SKEW       .52   .90   .95   .90   .69   .89   .54   .67  1.10  1.35   .50   .81
% E       8.79  5.66  4.41  3.61  2.52  1.61  1.11  1.18  2.99  4.19  6.07  8.05
MEAN      3.61  3.07  3.35  2.99  2.98  2.85  3.32  2.69  3.42  2.86  3.17  3.43
STD DEV   1.87  1.65  1.98  1.70  1.77  1.68  1.79  1.47  1.93  1.71  1.74  1.74
SKEW       .84  1.03  1.17  1.29  1.41   .99   .64  1.38   .62  1.21   .90   .98
% ESE    10.17  8.12  5.89  3.75  2.40  1.53  1.05  1.38  3.52  5.60  8.27  9.53
MEAN      3.49  3.17  3.28  3.16  3.02  2.70  2.75  2.60  3.14  2.98  3.30  3.47
STD DEV   1.77  1.50  1.63  1.69  1.31  1.10  1.07  1.03  1.56  1.50  1.65  1.86
SKEW      1.54   .97   .97  1.12   .63   .61   .40   .68  1.18  1.17  1.11  1.67
% SE      7.59  6.55  5.09  4.04  2.94  1.68  1.45  2.18  4.45  6.98  7.95  7.72
MEAN      3.02  2.90  2.76  2.55  2.39  2.38  2.40  2.52  2.47  2.62  2.85  3.01
STD DEV   1.52  1.37  1.33  1.28  1.03   .98   .94  1.11  1.14  1.33  1.36  1.44
SKEW      1.07   .69   .74   .74   .57   .56   .49   .73   .91  1.06   .77   .84
% SSE     9.12  8.01  6.01  3.68  2.50  1.81  1.37  1.93  3.25  5.07  7.96  9.16
MEAN      3.18  3.03  3.04  2.87  2.78  2.55  2.58  2.74  2.58  2.79  3.07  3.13
STD DEV   1.45  1.37  1.45  1.29  1.21  1.00  1.09  1.13  1.07  1.24  1.43  1.40
SKEW       .72   .94  1.41   .37   .59   .48   .35   .28   .33   .50   .74   .66
% S       5.30  5.34  5.64  4.28  3.19  2.58  1.67  2.52  3.50  5.11  5.35  5.55
MEAN      3.34  3.17  3.22  2.93  2.71  2.54  2.67  2.73  2.59  2.88  3.19  3.23
STD DEV   1.51  1.40  1.50  1.31  1.16  1.11  1.10  1.21  1.22  1.39  1.53  1.51
SKEW       .44   .28   .64   .34   .33   .39   .27   .53   .52   .80   .59   .51
% SSW     4.18  4.39  4.34  3.24  2.36  2.05  1.29  1.76  2.55  3.66  4.10  4.08
MEAN      3.26  3.22  3.34  3.20  2.85  2.70  2.67  2.84  2.79  2.85  3.25  3.32
STD DEV   1.48  1.45  1.45  1.39  1.36  1.16  1.09  1.16  1.32  1.30  1.50  1.56
SKEW       .59   .67   .63   .62   .83   .51   .56   .45   .45   .47   .76   .80
% SW      4.61  5.10  5.11  4.73  3.74  3.31  2.53  3.29  4.96  6.26  5.60  4.69
MEAN      2.87  2.97  3.15  3.16  3.12  2.98  2.99  2.86  2.77  2.75  2.80  2.83
STD DEV   1.48  1.46  1.59  1.48  1.47  1.27  1.29  1.25  1.37  1.53  1.46  1.39
SKEW      1.16   .65   .83   .63   .67   .41   .67   .70   .80  1.19   .98   .65
% WSW     3.12  3.67  4.38  3.84  3.40  3.04  2.65  2.85  3.54  3.52  3.44  2.97
MEAN      3.21  3.46  3.86  4.10  4.19  3.78  3.57  3.50  3.24  3.12  3.03  3.42
STD DEV   2.09  2.22  2.25  2.34  2.45  1.84  1.86  1.85  1.70  1.86  1.96  2.30
SKEW      1.48  1.25  1.11   .88   .98   .91  1.05  1.10  1.15  1.42  1.56  1.22
% W       3.11  3.99  5.80  7.23  8.06  7.71  6.79  7.83  6.63  5.73  3.96  3.51
MEAN      3.38  3.77  4.57  5.00  5.06  4.94  4.97  4.64  4.29  3.61  3.19  3.69
STD DEV   2.30  2.34  2.61  2.52  2.48  2.36  2.29  2.21  2.24  2.12  1.95  2.36
SKEW      1.20   .90   .73   .51   .54   .46   .31   .52   .69   .90  1.03  1.15
% WNW     4.87  8.16 12.17 17.36 20.06 22.02 19.98 21.03 14.42  9.18  6.59  5.66
MEAN      4.37  4.99  5.42  5.80  5.91  6.04  6.06  5.67  5.29  4.62  4.54  4.77
STD DEV   2.40  2.53  2.60  2.44  2.34  2.20  2.21  2.20  2.32  2.31  2.50  2.58
SKEW       .66   .63   .52   .35   .34   .14   .11   .24   .39   .56   .97   .57
% NW      4.69  7.83 12.46 17.81 20.64 24.08 27.61 24.70 16.49 10.03  6.31  5.32
MEAN      3.67  4.00  4.50  5.15  5.28  5.38  5.56  5.23  4.85  3.98  3.48  3.56
STD DEV   2.11  2.13  2.33  2.35  2.26  2.12  2.16  2.05  2.21  2.04  1.90  1.98
SKEW       .85   .76   .88   .47   .40   .31   .33   .41   .52   .63  1.12   .86
% NNW     3.40  4.92  6.96  7.95 11.53 14.47 19.24 15.42 10.86  6.07  4.22  3.22
MEAN      3.23  3.59  4.03  4.62  4.96  5.16  5.47  5.16  4.83  3.84  3.19  3.39
STD DEV   1.79  2.00  1.94  2.25  2.21  2.12  2.10  2.06  2.18  1.92  1.65  1.73
SKEW       .88   .91   .65   .58   .39   .34   .30   .35   .44   .59   .76   .89
CALM     15.85 15.10 11.00  8.19  6.83  5.60  4.01  5.84 11.48 17.50 17.43 16.24
 
TRIANGULATED DATA (station & weighting factor)
 
---Wind Stations---
DALLESPORT    WA     .626  PORTLAND      OR     .218  KELSO         WA     .156
---Solar Radiation and Max .5 P Stations---
 PORTLAND, OREGON    .512   STAMPEDE PASS, WAS  .262   PENDLETON, OREGON   .226 
---Dewpoint Stations---
OR PORTLAND          .478  WA YAKIMA            .326  OR PENDLETON         .196 
---Time Peak Stations---
HOOD RIVER OR        .830  MOUNT ADAMS RS WA    .104  TYGH VALLEY OR       .066 
