 DONORA PA                               362190 0
 LATT=  40.18 LONG= -79.85 YEARS= 66. TYPE= 3
 ELEVATION =  810. TP5 = 2.21 TP6= 4.13
 MEAN P    .20   .20   .27   .26   .29   .35   .36   .39   .33   .26   .23   .20
 S DEV P   .26   .26   .34   .32   .34   .42   .45   .50   .40   .34   .30   .26
 SKEW  P  2.08  2.63  2.38  2.24  2.37  2.68  2.53  2.67  2.41  2.82  2.71  2.52
 P(W/W)    .47   .47   .49   .53   .52   .49   .42   .39   .44   .48   .50   .49
 P(W/D)    .33   .34   .35   .35   .32   .28   .29   .26   .22   .24   .31   .34
 TMAX AV 40.49 43.31 53.08 64.93 75.21 82.70 86.19 84.55 78.97 67.73 54.64 43.40
 TMIN AV 23.54 24.40 31.43 40.35 49.93 58.88 62.95 61.74 55.48 44.24 35.50 26.86
 SD TMAX 12.44 12.01 13.23 11.93  9.59  7.05  5.77  5.89  8.25 10.09 11.93 11.81
 SD TMIN 11.36 10.91 10.16  9.45  8.88  7.68  6.33  6.75  8.70  9.12  9.66 10.58
 SOL.RAD  115.  193.  250.  350.  464.  509.  517.  433.  364.  231.  141.  100.
 SD SOL   56.0  63.1  90.7 105.7 102.3 101.6  90.8 184.5  84.9  61.6  53.8  51.7
 MX .5 P   .35   .24   .45   .47   .82   .87  1.44  1.55   .87   .80   .28   .24
 DEW PT  22.31 22.31 27.52 37.22 47.55 57.34 60.46 60.24 53.46 42.24 31.46 24.09
Time Pk   .691  .774  .813  .854  .863  .871  .883  .892  .902  .923  .950 1.000
% N       2.67  2.29  2.65  3.56  3.87  3.45  4.27  6.10  3.64  4.12  1.86  1.55
MEAN      3.39  3.24  3.83  3.86  3.22  3.16  3.09  2.84  3.12  3.28  3.46  3.29
STD DEV   1.51  1.44  1.61  1.64  1.44  1.33  1.36  1.20  1.39  1.41  1.86  1.71
SKEW       .70   .42   .44   .64   .58   .64  1.15   .61   .72   .67   .28   .50
% NNE     2.61  3.02  2.64  4.22  3.62  2.66  3.26  4.83  4.03  3.62  1.73  2.16
MEAN      3.28  3.35  3.57  3.70  3.37  3.09  2.91  2.80  3.12  2.96  3.39  3.31
STD DEV   1.27  1.26  1.72  1.50  1.57  1.24  1.07  1.25  1.31  1.19  1.40  1.48
SKEW       .20   .46   .83   .31   .68   .58   .57   .92   .59   .23   .50   .68
% NE      2.45  2.78  2.63  3.44  2.83  2.65  3.00  3.75  3.70  4.19  2.10  2.30
MEAN      3.38  2.91  3.47  3.32  3.43  3.03  2.89  2.69  2.84  2.94  3.66  2.97
STD DEV   1.43  1.11  1.73  1.46  1.52  1.31  1.18  1.16  1.11  1.22  1.55  1.25
SKEW       .78   .37   .79   .34   .58   .65   .70  1.17   .80   .76   .56   .20
% ENE     1.77  2.56  2.23  2.19  2.16  2.21  2.61  2.34  3.35  2.87  1.84  1.75
MEAN      3.49  3.16  3.71  3.74  3.28  3.13  3.09  2.80  3.18  3.15  3.02  2.89
STD DEV   1.68  1.20  2.00  1.48  1.43  1.28  1.31  1.12  1.35  1.33  1.17  1.17
SKEW      1.07   .55   .85   .56   .34   .47   .34   .57   .43   .49   .50   .81
% E       2.51  2.97  3.13  3.18  2.80  2.59  2.76  3.36  4.28  4.97  2.49  2.62
MEAN      3.55  3.32  4.02  3.84  3.37  2.94  2.80  2.64  2.99  2.95  3.69  3.33
STD DEV   1.58  1.43  1.92  1.67  1.60  1.39  1.18  1.27  1.20  1.33  1.46  1.41
SKEW       .58   .52   .51   .33   .66   .79   .68  1.31   .69   .92   .55   .61
% ESE     2.55  2.79  4.53  3.35  3.70  3.77  3.30  2.69  5.32  3.83  3.05  2.93
MEAN      3.93  4.37  4.43  4.16  3.94  3.59  3.27  2.89  3.40  3.42  4.14  4.64
STD DEV   1.38  1.80  1.97  1.53  1.68  1.47  1.33  1.14  1.37  1.40  1.68  2.76
SKEW       .22   .32   .29   .28   .41   .61   .53   .78   .47   .82   .66   .80
% SE      3.23  3.86  4.35  3.91  3.90  4.41  4.12  4.92  5.58  6.02  4.19  3.58
MEAN      4.64  4.13  4.61  4.15  3.64  3.36  2.99  3.10  3.43  3.46  4.35  4.14
STD DEV   1.98  1.99  2.11  1.85  1.84  1.46  1.33  1.45  1.44  1.51  1.92  2.15
SKEW       .25   .41   .36   .50   .74   .69   .75   .82   .62   .78   .57   .56
% SSE     5.55  6.33  7.28  5.80  6.03  6.76  6.15  6.76  9.22  8.99  6.78  5.70
MEAN      4.71  4.24  4.73  4.33  3.51  3.41  3.20  2.99  3.53  3.50  4.64  4.34
STD DEV   1.93  1.77  1.94  1.68  1.45  1.47  1.29  1.20  1.43  1.30  2.07  1.91
SKEW       .53   .57   .59   .43   .53   .93   .65   .66   .68   .39   .69   .55
% S       9.39  6.45  7.10  6.32  7.65 10.73 10.19  9.08  8.97  9.67 10.46  9.36
MEAN      4.33  4.13  4.31  4.14  3.49  3.39  3.19  2.93  3.32  3.35  4.31  4.08
STD DEV   1.78  1.78  1.88  1.89  1.55  1.37  1.39  1.32  1.34  1.34  1.91  1.67
SKEW       .43   .38   .62   .70   .49   .53   .64  1.08   .79   .56   .71   .44
% SSW    12.88  9.63  9.13  8.83  9.06 12.67 12.49  9.84  9.76 10.67 12.01 11.30
MEAN      5.01  4.80  5.14  4.93  4.21  4.05  3.66  3.26  3.67  3.82  4.83  4.76
STD DEV   2.00  1.96  2.25  2.14  1.92  1.60  1.46  1.37  1.55  1.58  1.87  1.87
SKEW       .47   .33   .74   .50   .60   .69   .60   .81   .71   .58   .31   .45
% SW     11.44  9.80  8.43  9.20  8.91  9.98  9.51  8.12  8.15  9.41 12.78 12.08
MEAN      5.55  5.00  5.43  5.11  4.05  4.11  3.71  3.12  3.83  4.09  4.76  4.87
STD DEV   2.37  2.24  2.63  2.29  1.91  1.84  1.60  1.35  1.61  1.96  2.13  2.12
SKEW       .42   .49   .64   .39   .72   .68   .63   .91   .59   .80   .42   .37
% WSW    11.18 10.80  9.43  8.81  7.29  6.38  7.55  5.38  5.00  5.77 10.12 11.27
MEAN      5.81  6.01  5.79  5.62  4.71  4.47  3.83  3.54  4.15  4.27  5.43  5.66
STD DEV   2.41  2.49  2.46  2.51  2.06  2.01  1.58  1.56  1.80  1.96  2.19  2.53
SKEW       .43   .35   .35   .54   .38   .46   .42   .80   .46   .67   .41   .62
% W       9.14 10.27 10.27  8.39  7.29  6.10  7.57  6.56  6.08  6.04 10.78 11.44
MEAN      5.76  5.66  5.85  5.53  4.43  3.84  3.67  3.26  4.05  4.43  5.36  5.24
STD DEV   2.54  2.45  2.42  2.49  2.10  1.83  1.65  1.44  1.87  2.36  2.27  2.39
SKEW       .36   .38   .34   .53   .44   .58   .66   .65   .65   .74   .36   .53
% WNW    10.07 11.95 11.87 11.81  9.65  7.13  6.24  5.71  5.94  5.25  9.26 10.30
MEAN      5.69  6.12  6.16  5.67  4.81  4.50  4.00  3.99  4.47  4.59  5.50  5.31
STD DEV   2.42  2.47  2.73  2.32  2.09  1.88  1.70  1.76  1.87  1.96  2.11  2.21
SKEW       .42   .35   .55   .31   .36   .54   .43   .42   .40   .42   .30   .41
% NW      6.95  7.95  7.87  8.32  9.49  7.45  5.71  6.92  6.82  5.93  5.19  6.44
MEAN      4.62  5.18  5.22  4.96  4.42  3.94  3.52  3.35  4.05  3.86  4.62  4.74
STD DEV   2.08  2.14  2.36  2.18  2.00  1.81  1.51  1.47  1.89  1.84  1.98  2.46
SKEW       .40   .43   .59   .27   .53   .67   .47   .55   .64   .54   .19   .76
% NNW     3.69  4.08  4.42  5.76  6.20  5.17  4.41  6.12  4.27  3.71  2.49  2.30
MEAN      3.88  4.38  4.46  4.45  4.36  3.71  3.43  3.45  3.92  3.83  4.31  4.14
STD DEV   1.60  1.82  1.90  1.91  1.88  1.65  1.45  1.40  1.81  1.67  2.10  1.79
SKEW       .58   .20   .33   .51   .30   .56   .56   .43   .60   .32   .65   .30
CALM      1.86  2.59  2.14  2.99  5.56  5.85  6.83  7.25  5.91  5.10  2.86  2.93
 
INTERPOLATED DATA (station & weighting factor)
 
---Wind Stations---
PITTSBURGH/AL PA     .634  MORGANTOWN    WV     .211  JOHNSTOWN/CAM PA     .155
---Solar Radiation and Max .5 P Stations---
 PITTSBURGH, PENNSY  .737   CHARLESTON, WEST V  .138   WASHINGTON, DISTRI  .124 
---Dewpoint Stations---
PA PITTSBURGH        .663  WV ELKINS            .215  PA HARRISBURG        .122 
---Time Peak Stations---
CONNEAUTVILLE 2 SSW  .461  WAYNESBURG 1 E PA    .339  ROCHESTER 1 NW PA    .200 
