 LEWISTOWN PA                            364992 0
 LATT=  40.58 LONG= -77.58 YEARS= 45. TYPE= 3
 ELEVATION =  480. TP5 = 2.64 TP6= 4.98
 MEAN P    .24   .25   .29   .26   .32   .36   .37   .35   .33   .34   .33   .29
 S DEV P   .29   .32   .36   .29   .41   .45   .45   .44   .42   .48   .44   .34
 SKEW  P  2.55  2.84  2.56  1.97  2.88  2.69  2.13  2.02  2.51  2.65  2.78  1.74
 P(W/W)    .39   .43   .47   .54   .53   .47   .44   .42   .48   .45   .47   .41
 P(W/D)    .26   .27   .28   .28   .32   .29   .29   .23   .23   .22   .27   .26
 TMAX AV 36.87 39.90 49.32 62.22 73.23 81.33 85.54 84.05 76.61 65.58 52.41 39.88
 TMIN AV 19.58 21.01 28.27 38.10 47.24 55.92 60.89 59.44 52.30 40.95 32.70 23.82
 SD TMAX 10.10 10.23 11.34 11.81  9.91  7.71  6.14  6.04  8.64  9.47  9.92  9.36
 SD TMIN 10.03  9.81  8.49  8.27  7.91  6.97  6.04  6.52  8.70  8.64  8.62  9.26
 SOL.RAD  158.  246.  329.  379.  519.  521.  530.  449.  348.  287.  188.  152.
 SD SOL   40.1  43.5  62.2  93.0  81.3  94.5  84.2 163.7  87.2  41.7  37.0  33.2
 MX .5 P   .33   .36   .55   .72  1.17   .87  1.32  1.34  1.41   .84   .36   .25
 DEW PT  21.82 21.82 26.82 37.82 48.55 58.55 62.55 62.55 55.82 44.82 33.55 23.82
Time Pk   .709  .797  .833  .865  .877  .885  .893  .906  .918  .934  .954 1.000
% N       1.89  1.75  2.00  2.78  2.40  2.33  2.13  2.64  2.17  2.58  1.23  1.25
MEAN      3.33  3.36  3.94  4.15  3.32  3.28  2.92  3.20  2.98  3.23  3.26  3.38
STD DEV   1.49  1.44  1.80  1.67  1.44  1.37  1.22  1.36  1.15  1.48  1.51  1.36
SKEW       .47   .20   .49   .31   .37   .50   .53   .37   .32   .63   .53   .57
% NNE     1.74  1.39  1.68  2.61  2.31  1.74  1.77  2.56  1.76  2.26  1.51  1.12
MEAN      3.57  3.24  3.72  3.82  3.48  3.08  3.09  3.25  3.12  3.34  3.29  3.05
STD DEV   1.39  1.21  1.57  1.51  1.38  1.28  1.35  1.43  1.30  1.39  1.38  1.34
SKEW       .41   .11   .53   .27   .36   .50   .66   .56   .39   .66   .55   .35
% NE      1.79  1.66  1.86  2.53  2.95  1.84  2.40  3.05  2.42  2.87  1.31  1.81
MEAN      2.67  2.79  3.09  3.21  3.04  2.85  2.60  2.88  2.79  2.79  2.85  2.69
STD DEV   1.12  1.22  1.35  1.37  1.28  1.21  1.10  1.30  1.20  1.22  1.36  1.22
SKEW       .40   .47   .46   .44   .42   .60   .48   .56   .61   .54   .87   .83
% ENE     2.05  2.12  2.86  3.14  3.31  2.45  2.59  2.65  2.43  2.93  1.34  2.27
MEAN      2.95  3.14  3.67  3.54  3.21  2.82  2.81  2.69  2.69  2.96  2.85  3.04
STD DEV   1.44  1.29  1.74  1.42  1.33  1.21  1.18  1.18  1.11  1.30  1.21  1.28
SKEW       .50   .42  1.25   .46   .49   .58   .58   .81   .57   .50   .50   .36
% E       3.13  3.82  4.39  4.26  4.61  3.58  2.65  3.19  3.63  4.05  2.95  3.29
MEAN      2.94  3.28  3.72  3.59  3.16  3.04  2.85  2.57  2.80  2.95  3.27  3.23
STD DEV   1.26  1.45  1.66  1.55  1.36  1.21  1.22  1.01  1.20  1.38  1.71  1.42
SKEW       .80   .45   .63   .57   .46   .32   .67   .50   .59  1.12  1.97   .61
% ESE     4.88  5.81  6.32  5.90  5.57  4.77  3.01  4.07  4.58  4.92  4.52  4.58
MEAN      3.39  3.54  4.14  4.07  3.58  3.65  2.98  3.05  3.14  3.24  3.84  3.83
STD DEV   1.38  1.43  1.74  1.64  1.37  1.62  1.15  1.21  1.29  1.34  1.82  1.98
SKEW       .45   .38   .62   .57   .31   .84   .36   .28   .63   .57   .72  1.21
% SE      3.96  5.57  5.20  5.04  5.30  4.70  3.45  4.09  4.81  4.54  5.03  4.29
MEAN      3.55  3.99  4.58  4.13  3.70  3.46  3.11  3.16  3.38  3.30  3.93  3.70
STD DEV   1.69  1.91  2.01  1.74  1.63  1.48  1.26  1.33  1.51  1.50  1.89  1.76
SKEW       .78   .91   .44   .31   .66   .47   .36   .51   .81   .60   .71   .77
% SSE     6.29  7.63  6.99  6.93  6.75  6.76  4.67  5.38  6.71  6.60  6.68  5.55
MEAN      4.27  4.43  5.05  4.98  4.31  4.00  3.44  3.42  3.86  3.78  4.51  4.00
STD DEV   1.96  2.09  2.16  1.93  1.85  1.71  1.41  1.53  1.62  1.55  2.10  1.78
SKEW       .68   .86   .46   .30   .56   .57   .51   .68   .39   .55   .63   .62
% S       4.12  3.91  3.56  4.26  4.44  4.97  4.31  4.82  4.99  4.16  3.74  4.24
MEAN      3.71  4.03  4.78  4.78  3.92  3.59  3.41  3.24  3.42  3.45  3.81  3.49
STD DEV   1.72  2.03  2.31  2.05  1.78  1.61  1.53  1.42  1.53  1.54  1.97  1.67
SKEW       .76   .84   .70   .42   .57   .58   .50   .48   .52   .47  1.06   .98
% SSW     5.03  3.22  2.77  3.74  3.80  5.18  5.15  4.21  4.46  4.10  4.36  3.93
MEAN      4.17  4.29  4.82  4.89  3.92  3.64  3.48  3.39  3.52  3.67  4.08  3.88
STD DEV   1.86  2.09  2.28  2.07  1.69  1.57  1.52  1.52  1.53  1.78  1.83  1.74
SKEW       .57   .71   .29   .34   .50   .50   .40   .49   .38   .68   .59   .67
% SW      4.35  3.68  3.15  4.10  4.55  5.64  6.71  5.36  5.69  4.93  5.81  5.71
MEAN      3.80  3.81  4.23  4.14  3.54  3.44  3.22  3.05  3.39  3.55  3.77  4.00
STD DEV   1.96  1.87  2.05  2.06  1.72  1.59  1.43  1.41  1.52  1.82  1.83  1.83
SKEW      1.01   .76   .45   .69   .74   .57   .61   .74   .66   .72   .88   .65
% WSW     7.69  7.26  8.10  8.13  8.22  9.04 10.03  7.09  7.10  7.83 11.60 10.45
MEAN      4.98  5.18  5.78  5.31  4.66  4.10  3.85  3.33  3.96  4.46  4.84  4.97
STD DEV   2.30  2.33  2.48  2.13  2.07  1.77  1.69  1.45  1.75  1.93  2.10  1.89
SKEW       .78   .55   .39   .29   .47   .57   .60   .56   .71   .46   .55   .33
% W      11.60 10.31 10.52 10.79  9.35  9.44  9.83  8.25  8.52  9.20 13.48 13.50
MEAN      5.35  5.51  6.09  5.33  4.49  4.14  3.64  3.37  3.84  4.28  5.17  5.24
STD DEV   2.61  2.72  2.67  2.38  2.18  1.89  1.65  1.58  1.84  2.08  2.36  2.25
SKEW       .72   .58   .30   .47   .65   .54   .68   .67   .66   .55   .56   .45
% WNW    20.52 21.07 20.62 15.26 12.52 11.52 10.02  8.72  9.22 10.54 15.21 18.27
MEAN      6.52  6.62  6.80  6.23  5.30  4.63  4.06  3.91  4.33  4.84  5.79  6.00
STD DEV   2.71  2.75  2.72  2.55  2.30  1.98  1.80  1.61  1.90  2.21  2.40  2.35
SKEW       .54   .34   .39   .44   .37   .44   .50   .37   .50   .59   .55   .28
% NW      7.18  7.62  7.99  8.01  6.29  6.16  5.99  5.75  5.38  5.40  5.29  5.81
MEAN      5.04  5.38  5.66  5.21  4.54  4.02  3.48  3.41  3.62  4.18  4.47  4.88
STD DEV   2.44  2.58  2.56  2.42  2.09  1.85  1.58  1.48  1.74  2.04  2.07  2.34
SKEW       .70   .56   .56   .51   .60   .52   .61   .44   .88   .63   .38   .52
% NNW     3.73  3.94  4.66  4.57  4.36  3.76  3.44  3.59  3.35  3.87  2.60  2.73
MEAN      4.25  4.60  4.66  4.46  4.19  3.79  3.31  3.52  3.71  3.93  4.36  4.44
STD DEV   1.84  2.24  1.97  1.96  1.82  1.60  1.42  1.44  1.69  1.75  2.07  2.06
SKEW       .54   .77   .26   .39   .45   .56   .48   .38   .53   .53   .58   .69
CALM     10.05  9.26  7.33  7.86 13.32 16.09 21.81 24.62 22.76 19.28 13.24 11.17
 
INTERPOLATED DATA (station & weighting factor)
 
---Wind Stations---
PHILIPSBURG   PA     .407  HARRISBURG    PA     .301  ALTOONA/BLAIR PA     .292
---Solar Radiation and Max .5 P Stations---
 BALTIMORE, MARYLAN  .395   WASHINGTON, DISTRI  .357   BUFFALO, NEW YORK   .248 
---Dewpoint Stations---
PA HARRISBURG        .726  DE WILMINGTON        .274                            
---Time Peak Stations---
MILROY PA            .479  PERULACK PA          .321  BLOSERVILLE 1 N PA   .200 
