 KOROR WB PI                             914351 0
 LATT=   7.33 LONG=-134.48 YEARS= 40. TYPE= 1
 ELEVATION =   90. TP5 = 1.16 TP6= 2.80
 MEAN P    .47   .42   .40   .45   .51   .67   .72   .66   .61   .60   .51   .51
 S DEV P   .70   .70   .77   .73   .63   .90   .96   .82   .78   .79   .71   .73
 SKEW  P  3.41  3.73  8.31  3.65  2.27  2.94  2.46  2.17  2.35  2.34  3.27  2.66
 P(W/W)    .79   .73   .74   .72   .82   .86   .83   .79   .78   .80   .80   .80
 P(W/D)    .51   .54   .50   .46   .54   .65   .59   .48   .48   .54   .54   .64
 TMAX AV 86.91 86.95 87.62 88.33 88.55 87.83 87.21 87.17 87.70 87.90 88.44 87.68
 TMIN AV 75.06 74.97 75.88 75.82 76.09 75.55 75.28 75.67 75.93 75.86 75.92 75.55
 SD TMAX  2.24  2.08  1.77  2.01  2.19  2.32  2.29  2.20  2.20  2.30  2.16  2.25
 SD TMIN  1.36  1.37 22.82  1.34  1.40  1.54  1.81  2.06  1.94  1.72  1.47  1.38
 SOL.RAD  260.  341.  454.  534.  598.  610.  581.  541.  465.  371.  296.  238.
 SD SOL   29.1  32.8  37.1  51.6  58.0  65.3  69.0 122.5  62.0  33.2  22.9  27.0
 MX .5 P   .40   .30   .29   .20   .31   .04   .47   .46   .32   .22   .22   .39
 DEW PT  64.00 62.05 63.00 64.00 65.47 66.95 67.95 67.95 68.47 67.47 65.95 64.00
Time Pk   .503  .604  .665  .739  .764  .782  .809  .836  .857  .894  .932 1.000
% N       1.56  1.11   .85   .37   .57   .52  1.87  1.98  2.57  2.23  1.77  1.00
MEAN      3.93  3.80  3.59  3.06  2.86  2.36  2.50  2.55  2.51  2.67  3.72  3.18
STD DEV   1.99  1.60  1.45   .95   .84   .71  1.35  1.15  1.14  1.25  1.66  1.25
SKEW       .43  1.09   .26   .39  -.02   .22  1.37   .71   .71   .87   .35   .32
% NNE     3.76  4.10  2.50  1.06   .89   .91  1.50  1.45  1.99  1.75  1.88  2.50
MEAN      4.51  4.34  3.92  3.95  4.62  3.19  2.92  2.67  2.93  2.93  3.56  4.15
STD DEV   2.07  1.65  1.73  1.63  2.36  1.24  1.79  1.19  1.55  1.32  1.40  1.87
SKEW       .34   .18   .17   .83   .47   .59  1.93   .47   .91   .79   .79   .61
% NE     18.92 15.84 15.17  7.96  5.42  4.62  4.77  3.76  7.07  6.87  9.46 13.14
MEAN      4.66  4.69  4.45  4.45  4.45  3.39  2.91  3.04  3.11  3.40  3.94  4.56
STD DEV   1.89  1.72  1.82  1.77  2.70  1.63  1.52  1.17  1.65  1.59  1.79  1.81
SKEW       .31   .18   .41   .49  1.43   .48  1.09   .51  1.44  1.19  1.35   .57
% ENE    25.18 28.24 28.67 22.70 15.89 11.93  8.45  7.45  9.22 13.44 20.45 25.54
MEAN      4.67  4.85  4.71  4.88  4.75  3.94  3.38  3.22  3.19  3.68  4.44  4.92
STD DEV   1.84  1.84  1.80  1.85  2.14  1.62  1.62  1.47  1.54  1.63  1.86  1.77
SKEW      1.04   .24   .29   .34  1.88   .25   .70   .71  1.22   .74   .81   .34
% E      33.67 33.27 36.57 47.50 44.37 45.98 27.17 21.89 19.30 27.22 37.87 39.80
MEAN      4.82  4.97  4.93  5.16  4.82  4.37  3.84  3.62  3.55  4.03  4.77  5.06
STD DEV   1.88  1.83  1.84  1.80  1.79  1.65  1.68  1.55  1.59  1.67  1.77  1.86
SKEW       .41   .23   .60   .31   .25   .32   .44   .52   .80   .60   .29   .41
% ESE     7.72  8.11  8.27 11.45 17.03 20.18 16.53 13.04  9.58 12.22 12.37  8.85
MEAN      5.17  4.67  4.79  5.33  4.84  4.68  3.98  4.06  3.65  4.02  4.92  5.13
STD DEV   1.92  1.85  1.76  1.84  2.10  1.70  1.72  1.84  1.64  1.82  1.81  1.85
SKEW       .25   .24   .21   .09  1.82   .29   .49   .82   .47   .81   .36   .21
% SE      2.96  3.36  2.91  3.09  5.80  8.02 10.71 10.43  9.23  8.52  5.97  3.04
MEAN      4.55  4.57  4.78  4.70  4.42  4.49  3.75  3.86  3.84  4.08  5.38  4.77
STD DEV   1.82  1.61  2.27  1.65  2.89  1.91  1.65  1.85  1.73  2.01  2.35  1.79
SKEW       .91   .52   .33   .56  2.11   .56   .42   .75   .82   .55   .55   .02
% SSE      .91  1.05   .73   .79  2.08  1.44  4.99  5.91  4.91  3.67  1.87  1.20
MEAN      3.84  3.99  3.87  3.05  3.82  3.84  3.74  3.85  3.89  4.70  5.03  4.68
STD DEV   1.45  1.85  1.09  1.19  1.81  1.93  1.78  1.96  1.85  2.21  2.60  1.98
SKEW       .08   .21   .41   .57   .33   .48   .76   .78   .73   .51   .63   .41
% S        .89  1.33   .98  1.31  2.46  1.67  4.62  9.01  7.56  5.26  1.34  1.02
MEAN      3.12  3.16  3.82  2.39  3.61  2.83  3.24  3.96  3.86  4.13  4.47  4.33
STD DEV   1.35  1.43  1.60  1.01  2.10  1.34  1.41  2.06  2.12  2.40  2.73   .95
SKEW       .71   .66  -.07   .69  1.21   .80   .79   .87  1.60   .90   .70   .21
% SSW      .14   .40   .50   .54   .77   .49  1.94  3.29  2.66  1.60   .34   .31
MEAN      1.43  2.08   .44  1.40  3.57  3.50  3.04  3.76  5.05  3.70  2.78  2.13
STD DEV    .25   .28   .19   .61  2.06  1.12  1.59  1.91  2.94  2.01   .59   .81
SKEW       .07   .18   .20   .14   .85   .70  1.08   .80   .59   .73   .29   .68
% SW       .24   .78   .56   .85   .96   .38  1.72  3.40  2.75  1.64   .64   .38
MEAN      2.16  1.35   .47  2.07  3.63  1.94  2.88  4.00  3.80  4.15  3.56  3.04
STD DEV    .32   .28   .24   .39  2.58   .52  1.51  2.01  2.38  2.36  1.25   .91
SKEW       .29   .11   .32   .19  1.16   .61   .60   .66  1.52   .83   .59  -.08
% WSW      .11   .18   .04   .17   .38   .13  1.33  2.23  2.43  1.19   .31   .47
MEAN      1.28   .82   .55  4.33  3.53   .70  3.32  3.94  4.16  3.39  5.21  4.36
STD DEV    .00   .41   .00   .00  1.05   .00  1.74  1.80  2.37  1.85   .49   .92
SKEW       .00  -.06   .00 -1.04   .06   .00   .80   .34   .89   .92  -.25   .14
% W        .17   .08   .09   .79   .30   .47  2.40  3.51  4.28  2.21   .86   .18
MEAN      3.85  2.33  3.95  5.51  4.25  2.76  3.16  3.90  4.07  4.18  3.68  3.64
STD DEV   1.34   .00   .00  1.29  1.26   .79  1.56  2.13  2.43  2.27  1.50  1.25
SKEW      -.34   .00 -1.04  -.06   .18   .12   .78   .78  2.08   .75   .09   .32
% WNW      .12   .03   .05   .10   .40   .21   .98  1.58  2.04  1.03   .22   .25
MEAN      2.35   .55   .70  1.04  2.51  1.88  2.61  3.24  3.71  3.11  2.55  5.06
STD DEV    .38   .00   .00   .00   .70   .49  1.01  1.79  2.16  1.53   .52   .58
SKEW       .00   .00   .00   .00  -.24   .13   .57  1.26  1.31   .68   .11  -.13
% NW       .10   .10   .09   .08   .29   .29  1.27  1.43  2.39  2.04   .62   .15
MEAN      1.56  3.23  1.45  1.58  3.55  1.65  2.76  2.76  3.24  3.29  3.17  3.75
STD DEV    .71   .00   .95   .26   .67   .69  1.16  1.22  1.64  1.51  1.53  1.12
SKEW       .16   .00   .30   .00   .33   .43   .51   .51   .98   .48  -.02  -.33
% NNW      .43   .20   .12   .11   .33   .20  1.03  1.34  1.14  1.28   .26   .36
MEAN      3.91  3.26  1.95  2.81  3.43  2.46  2.61  2.74  3.00  3.28  4.93  4.82
STD DEV   1.77   .93  1.01   .38  1.29   .43  1.01  1.13  1.23  1.42   .79  1.47
SKEW       .20   .29   .29   .00   .88   .07   .57   .40   .97   .96   .33  -.32
CALM      3.09  1.80  1.85  1.08  2.05  2.55  8.86  8.33 10.99  7.78  3.63  1.77
 
INTERPOLATED DATA (station & weighting factor)
 
---Wind Stations---
GUAM/AGANA    PI     .347  GUAM/TAGUAC   PI     .347  SAIPAN        PI     .307
---Solar Radiation and Max .5 P Stations---
 SAN DIEGO, CALIFOR  .529   LAS VEGAS, NEVADA   .471                            
---Dewpoint Stations---
HI KAHULUI           .527  HI LIHUE             .473                            
---Time Peak Stations---
UMATAC PI            .501  INARAJAN-NASA PI     .499                            
