 CONWAY SC                               381997 0
 LATT=  33.83 LONG= -79.05 YEARS= 63. TYPE= 4
 ELEVATION =   30. TP5 = 3.17 TP6= 6.23
 MEAN P    .33   .39   .41   .39   .45   .53   .53   .53   .61   .49   .38   .34
 S DEV P   .38   .45   .52   .50   .56   .73   .70   .65   .90   .71   .53   .44
 SKEW  P  2.28  1.89  2.91  2.46  2.39  4.01  3.04  2.30  3.51  2.78  2.86  2.75
 P(W/W)    .49   .45   .45   .38   .43   .45   .55   .50   .50   .46   .38   .45
 P(W/D)    .27   .27   .27   .21   .22   .27   .33   .31   .21   .13   .18   .24
 TMAX AV 58.17 61.07 67.96 76.30 83.56 88.92 91.15 89.85 85.37 76.97 68.42 59.85
 TMIN AV 35.40 36.92 43.42 51.13 59.55 67.03 70.74 70.01 65.06 53.11 43.51 36.55
 SD TMAX 11.33 10.87 10.12  8.16  6.76  6.03  4.93  5.26  6.56  7.25  9.03 10.64
 SD TMIN 10.47 10.04  9.53  8.26  6.76  5.30  3.56  3.88  6.07  9.13 10.41 10.32
 SOL.RAD  255.  317.  391.  515.  554.  567.  523.  504.  407.  341.  289.  228.
 SD SOL   36.7  46.4  62.8  60.9  74.0  80.2  89.1 148.5  83.3  48.8  31.4  36.6
 MX .5 P   .59   .60   .64  1.00  1.48  2.04  1.73  1.54  1.41  1.38   .74   .71
 DEW PT  38.32 38.56 42.15 50.85 59.56 67.78 71.24 70.24 66.32 56.24 44.39 36.10
Time Pk   .511  .625  .684  .762  .784  .797  .825  .845  .864  .900  .937 1.000
% N       8.05  7.63  6.38  5.17  4.73  4.89  3.63  5.52  8.24 11.69 10.23  9.91
MEAN      3.75  3.80  3.85  3.94  3.41  3.17  2.93  3.11  3.26  3.73  3.55  3.66
STD DEV   1.79  1.81  1.82  1.91  1.51  1.58  1.30  1.60  1.69  1.88  1.86  1.78
SKEW       .74   .86   .80   .79   .75  1.11   .91  1.22  1.42   .94  1.15   .87
% NNE     5.29  6.98  4.56  3.57  4.30  4.80  2.84  5.40 10.35 11.35  7.21  7.07
MEAN      3.92  4.01  3.82  4.13  4.05  3.80  3.39  3.85  3.85  4.15  3.99  3.76
STD DEV   1.61  1.73  1.57  1.76  1.86  1.63  1.38  1.74  1.62  1.66  1.75  1.52
SKEW       .72   .79   .49   .71   .93   .65   .70   .88   .78   .50   .77   .75
% NE      6.11  7.38  4.81  3.60  5.94  6.43  5.01  6.60 13.95 11.31  6.11  6.82
MEAN      3.64  3.78  3.70  3.84  3.94  3.63  3.36  3.43  3.73  3.83  3.59  3.58
STD DEV   1.63  1.63  1.58  1.58  1.69  1.46  1.34  1.45  1.48  1.58  1.47  1.47
SKEW       .77   .79   .69   .52   .93   .61   .55   .94   .79   .61   .60   .73
% ENE     3.59  4.31  3.61  2.92  3.62  3.37  2.41  3.08  5.43  4.10  2.96  2.94
MEAN      4.11  4.25  4.22  4.39  4.38  3.89  3.61  3.77  4.08  3.96  3.68  3.53
STD DEV   1.80  1.66  1.76  1.76  1.95  1.55  1.55  1.66  1.73  1.53  1.53  1.41
SKEW       .48   .51   .43   .36   .37   .27   .73   .60   .65   .42   .68   .44
% E       3.37  4.13  4.92  4.22  4.81  4.62  3.51  3.39  5.71  5.00  3.36  3.38
MEAN      3.67  4.15  4.48  4.54  4.31  4.14  4.05  3.80  4.00  3.91  3.57  3.63
STD DEV   1.48  1.62  1.77  1.64  1.72  1.67  1.73  1.64  1.57  1.56  1.28  1.45
SKEW       .48   .39   .23   .25   .37   .35   .67   .51   .61   .35   .29   .62
% ESE     1.97  2.40  3.76  3.70  4.23  3.78  3.16  3.80  4.27  3.00  2.48  1.75
MEAN      3.32  3.81  4.13  4.19  4.09  4.16  3.94  3.91  3.93  3.71  3.46  3.42
STD DEV   1.16  1.38  1.71  1.60  1.53  1.46  1.55  1.48  1.46  1.28  1.23  1.16
SKEW       .20   .33   .56   .36   .62   .24   .60   .31   .50   .26   .36   .12
% SE      2.18  2.88  3.26  4.46  4.84  5.24  4.21  4.42  4.13  2.79  2.37  1.95
MEAN      3.13  3.81  3.87  4.08  3.87  4.00  3.61  3.67  3.60  3.50  3.43  3.07
STD DEV   1.30  1.61  1.60  1.55  1.39  1.52  1.30  1.39  1.35  1.28  1.36  1.22
SKEW       .74   .64   .51   .37   .28   .33   .31   .50   .34   .41   .58   .63
% SSE     2.69  3.31  3.80  5.53  4.88  4.72  4.47  5.04  3.65  2.10  2.62  2.40
MEAN      3.42  4.25  4.16  4.36  4.06  4.26  3.85  3.92  3.94  3.86  3.70  3.38
STD DEV   1.41  1.85  1.67  1.58  1.50  1.51  1.41  1.49  1.56  1.45  1.55  1.43
SKEW       .47   .64   .42   .22   .49   .27   .25   .54   .95   .34   .67   .68
% S       5.55  6.49  7.83 10.86 10.35 11.75 11.35 10.56  6.55  4.05  4.86  5.90
MEAN      3.91  4.35  4.58  4.83  4.42  4.41  4.37  4.12  3.90  3.92  4.03  3.79
STD DEV   1.74  1.88  1.97  1.91  1.69  1.66  1.64  1.59  1.43  1.61  1.76  1.72
SKEW       .59   .59   .56   .39   .28   .36   .33   .39   .33   .43   .63   .67
% SSW     5.78  5.71  7.48  9.79  8.12  9.15 11.34  8.08  3.66  2.61  4.27  4.39
MEAN      4.28  4.89  5.10  5.25  4.83  4.66  4.66  4.39  4.13  4.13  4.47  4.61
STD DEV   1.79  1.97  2.12  2.14  1.91  1.91  1.85  1.83  1.66  1.84  1.93  1.95
SKEW       .39   .36   .31   .30   .20   .27   .32   .32   .37   .39   .45   .33
% SW      8.03  6.83  7.52  9.35  9.61  8.90 12.63  8.34  4.43  3.72  5.97  5.39
MEAN      4.21  4.62  4.68  4.68  4.23  4.03  3.98  3.65  3.71  3.83  4.20  4.18
STD DEV   1.90  2.02  2.10  2.04  1.76  1.69  1.71  1.57  1.69  1.71  1.83  2.09
SKEW       .55   .49   .45   .51   .33   .39   .57   .54   .64   .48   .42   .87
% WSW     6.32  5.85  5.94  7.43  6.02  5.86  8.02  5.57  2.97  3.00  4.51  4.76
MEAN      4.20  4.69  4.67  4.83  4.04  3.81  3.79  3.46  3.60  4.01  4.24  4.08
STD DEV   1.81  2.08  2.19  2.18  1.64  1.56  1.55  1.50  1.56  1.76  1.96  1.96
SKEW       .42   .65   .64   .78   .45   .55   .34   .70   .53   .65   .55   .69
% W       7.75  6.97  6.74  6.17  5.91  5.96  6.21  5.07  3.12  3.52  6.70  7.05
MEAN      4.08  4.58  4.58  4.67  3.77  3.61  3.42  3.08  3.10  3.64  3.99  3.88
STD DEV   1.95  2.25  2.11  2.28  1.59  1.52  1.48  1.30  1.31  1.62  1.86  1.96
SKEW       .59   .76   .54   .65   .59   .60   .71   .65   .57   .63   .70   .89
% WNW     4.66  5.02  5.61  3.85  3.26  2.76  2.66  2.19  1.93  2.53  4.08  4.37
MEAN      4.40  4.58  4.81  4.65  3.86  3.83  3.37  3.30  3.39  3.53  4.44  3.97
STD DEV   1.99  1.96  2.21  2.08  1.69  1.63  1.35  1.45  1.42  1.54  2.07  1.80
SKEW       .81   .47   .51   .43   .55   .58   .71   .74   .82   .63   .71   .57
% NW      5.77  4.84  5.44  3.92  2.94  2.32  2.07  2.14  1.98  3.07  4.72  4.82
MEAN      4.06  4.22  4.39  4.35  3.54  3.40  2.95  3.31  3.17  3.32  3.83  3.77
STD DEV   1.94  1.85  2.09  1.89  1.54  1.45  1.12  1.69  1.40  1.41  1.84  1.68
SKEW       .67   .64   .80   .35   .67   .70  1.16  1.46  1.44   .74  1.01   .74
% NNW     5.48  4.79  4.58  3.61  2.63  2.02  1.50  1.97  2.47  4.91  5.42  5.23
MEAN      4.23  4.20  4.26  4.06  3.49  3.34  2.72  3.15  3.25  3.44  3.66  3.57
STD DEV   2.10  1.93  2.04  2.05  1.57  1.47  1.04  1.52  1.82  1.69  1.85  1.71
SKEW       .71   .83   .90   .73   .75   .65   .83  1.35  1.72   .84  1.01   .70
CALM     17.34 14.47 13.72 11.76 13.75 13.37 15.02 18.80 17.14 21.20 22.16 21.86
 
INTERPOLATED DATA (station & weighting factor)
 
---Wind Stations---
MYRTLE BEACH  SC     .666  FLORENCE      SC     .182  LUMBERTON     NC     .152
---Solar Radiation and Max .5 P Stations---
 CHARLESTON, SOUTH   .666   SAVANNAH, GEORGIA   .334                            
---Dewpoint Stations---
SC FLORENCE          .463  NC WILMINGTON        .293  SC CHARLESTON        .244 
---Time Peak Stations---
LORIS SC             .470  MULLINS 4 W SC       .283  GEORGETOWN MRN DCKS  .247 
