 MARION SC                               385509 0
 LATT=  34.18 LONG= -79.38 YEARS= 43. TYPE= 4
 ELEVATION =   70. TP5 = 2.95 TP6= 5.66
 MEAN P    .47   .55   .56   .50   .53   .60   .61   .64   .68   .68   .51   .50
 S DEV P   .43   .53   .62   .51   .53   .72   .64   .68   .86  1.01   .56   .50
 SKEW  P  1.61  1.74  2.89  2.62  2.43  3.19  1.87  1.99  2.47  4.33  2.69  2.05
 P(W/W)    .37   .34   .35   .35   .38   .41   .49   .46   .38   .37   .31   .33
 P(W/D)    .18   .19   .21   .16   .19   .19   .24   .18   .13   .10   .13   .15
 TMAX AV 57.26 61.36 68.62 77.30 84.13 89.77 91.85 90.56 85.61 77.02 67.77 59.38
 TMIN AV 34.29 35.93 42.50 49.70 58.21 65.39 69.01 67.87 62.27 50.40 41.48 35.07
 SD TMAX 11.09 10.76 10.06  8.17  6.32  5.64  4.89  5.14  6.33  7.41  8.77 10.36
 SD TMIN 11.01 10.75 10.36  8.94  7.39  5.63  4.04  4.79  6.93 10.18 11.14 11.22
 SOL.RAD  231.  294.  368.  487.  540.  566.  532.  489.  402.  325.  259.  207.
 SD SOL   36.6  46.6  64.3  66.3  76.7  79.5  84.4 147.4  80.2  46.8  33.7  35.4
 MX .5 P   .60   .44   .60   .49  1.02  1.66  1.85  1.35  1.32   .90   .66   .53
 DEW PT  37.73 37.87 41.19 50.03 58.87 67.44 71.14 70.14 65.73 56.14 43.33 35.17
Time Pk   .523  .638  .690  .769  .785  .796  .831  .851  .871  .903  .936 1.000
% N       6.92  6.54  5.78  4.50  4.89  4.91  3.94  6.40  8.76 10.88  9.26  8.67
MEAN      3.50  3.54  3.65  3.82  3.42  3.14  3.02  3.22  3.27  3.56  3.48  3.55
STD DEV   1.53  1.54  1.55  1.70  1.33  1.35  1.12  1.42  1.41  1.56  1.59  1.55
SKEW       .87   .85   .72   .85   .74   .94   .83  1.09  1.20   .89  1.12   .97
% NNE     5.33  7.09  5.06  3.56  4.82  5.60  3.76  5.85 10.99 12.47  7.88  7.85
MEAN      3.78  4.02  3.78  4.07  3.87  3.87  3.54  3.69  3.84  4.11  3.97  3.77
STD DEV   1.50  1.67  1.43  1.62  1.60  1.57  1.34  1.52  1.52  1.64  1.72  1.53
SKEW       .82   .85   .43   .78   .72   .65   .60   .87   .74   .58   .90   .86
% NE      6.62  8.61  5.60  4.08  7.24  7.60  6.47  7.99 15.87 12.72  7.03  7.64
MEAN      3.61  3.98  3.69  3.97  3.87  3.66  3.52  3.50  3.90  3.91  3.74  3.71
STD DEV   1.56  1.63  1.51  1.56  1.61  1.42  1.40  1.40  1.54  1.60  1.63  1.55
SKEW       .78   .65   .67   .55   .89   .64   .62   .85   .79   .64   .79   .94
% ENE     3.76  4.20  4.19  3.52  4.79  4.63  3.55  4.38  6.15  4.39  3.19  3.10
MEAN      3.83  3.96  4.06  4.17  4.02  3.74  3.66  3.73  3.91  3.78  3.61  3.51
STD DEV   1.62  1.50  1.62  1.61  1.62  1.41  1.41  1.55  1.55  1.42  1.48  1.36
SKEW       .54   .63   .36   .38   .53   .46   .65   .63   .70   .49   .80   .43
% E       2.78  3.57  4.10  3.37  4.18  4.46  4.04  3.84  4.83  4.00  3.06  2.79
MEAN      3.44  3.72  4.16  4.03  3.75  3.59  3.53  3.50  3.65  3.54  3.30  3.38
STD DEV   1.34  1.47  1.65  1.48  1.48  1.37  1.43  1.50  1.46  1.45  1.15  1.30
SKEW       .74   .54   .28   .39   .54   .62   .68   .73  1.35   .72   .45   .78
% ESE     1.94  2.52  3.49  3.62  4.10  3.64  3.13  3.86  3.59  2.52  2.66  1.93
MEAN      3.15  3.46  3.94  3.92  3.61  3.72  3.38  3.60  3.61  3.28  3.35  3.27
STD DEV   1.07  1.36  1.72  1.42  1.36  1.40  1.34  1.44  1.44  1.14  1.19  1.14
SKEW       .33   .65   .75   .41   .67   .51   .90   .71   .89   .53   .66   .46
% SE      2.93  3.75  3.74  5.30  5.35  6.27  5.60  5.10  4.63  3.20  3.30  2.54
MEAN      3.27  3.66  3.86  4.08  3.66  3.72  3.37  3.37  3.40  3.27  3.28  3.15
STD DEV   1.42  1.57  1.67  1.61  1.36  1.44  1.24  1.29  1.25  1.17  1.29  1.22
SKEW       .98   .81   .73   .54   .48   .60   .60   .87   .47   .57   .76   .65
% SSE     3.09  3.47  3.94  6.15  4.82  5.34  5.46  5.14  3.41  2.00  2.83  2.65
MEAN      3.61  4.28  4.11  4.31  3.76  3.98  3.60  3.58  3.64  3.49  3.79  3.52
STD DEV   1.59  1.96  1.71  1.60  1.38  1.51  1.42  1.42  1.45  1.25  1.65  1.55
SKEW       .80   .71   .63   .29   .55   .56   .59   .75   .92   .31   .69   .88
% S       6.24  6.46  7.63 11.33  9.12 10.65 11.28 10.42  5.74  3.59  5.03  6.33
MEAN      3.86  4.28  4.31  4.49  3.98  3.97  3.88  3.61  3.44  3.44  3.91  3.96
STD DEV   1.72  1.88  1.91  1.76  1.46  1.48  1.43  1.42  1.23  1.41  1.72  1.77
SKEW       .64   .70   .75   .46   .38   .59   .40   .65   .42   .50   .78   .67
% SSW     6.86  6.13  7.53  9.41  7.58  8.22 10.54  7.79  3.86  2.78  4.78  5.27
MEAN      4.37  4.64  4.90  4.80  4.31  4.10  4.08  3.78  3.79  3.71  4.19  4.44
STD DEV   1.81  1.86  2.01  1.86  1.54  1.51  1.53  1.46  1.45  1.46  1.78  1.88
SKEW       .51   .47   .38   .37   .36   .46   .48   .60   .63   .37   .50   .46
% SW     11.12  9.30  9.58 11.31 11.49 10.63 14.45 10.02  5.84  5.77  8.23  8.38
MEAN      4.25  4.67  4.72  4.72  4.19  3.94  3.93  3.54  3.65  3.75  4.17  4.16
STD DEV   1.84  2.02  2.06  1.91  1.58  1.50  1.48  1.34  1.51  1.58  1.78  1.96
SKEW       .59   .58   .46   .51   .34   .36   .51   .51   .62   .63   .52   .95
% WSW     7.33  6.27  6.62  8.15  6.57  5.90  6.92  4.60  2.90  3.42  5.60  5.80
MEAN      4.41  4.71  4.83  5.15  4.11  3.84  3.82  3.56  3.45  3.93  4.33  4.26
STD DEV   1.86  2.03  2.23  2.20  1.61  1.49  1.46  1.40  1.43  1.69  1.99  2.03
SKEW       .39   .66   .61   .60   .42   .50   .34   .47   .63   .49   .61   .70
% W       6.96  6.63  6.62  5.36  5.47  4.99  4.75  3.98  2.64  3.28  5.86  6.36
MEAN      3.99  4.39  4.37  4.41  3.73  3.50  3.48  3.05  2.93  3.35  3.94  3.86
STD DEV   1.93  2.11  1.95  2.16  1.53  1.47  1.46  1.22  1.07  1.51  1.85  1.86
SKEW       .73   .71   .65   .77   .63   .64   .77   .58   .49   .71   .83   .90
% WNW     4.29  4.95  5.31  3.66  3.07  2.49  2.08  1.81  1.67  2.74  3.98  4.29
MEAN      4.05  4.12  4.43  4.18  3.61  3.57  3.17  3.28  3.08  3.31  4.10  3.73
STD DEV   1.90  1.77  1.93  1.80  1.56  1.58  1.28  1.42  1.28  1.41  1.98  1.67
SKEW      1.00   .60   .60   .48   .53   .75   .77   .79  1.17   .80   .99   .74
% NW      6.10  5.15  6.01  4.52  3.28  2.18  2.07  2.33  2.40  4.18  5.15  5.20
MEAN      3.73  3.77  4.00  3.97  3.32  3.13  2.85  3.05  2.94  3.15  3.49  3.48
STD DEV   1.72  1.60  1.85  1.67  1.34  1.25   .93  1.41  1.24  1.27  1.67  1.50
SKEW       .80   .77   .97   .47   .83   .76  1.00  1.65  1.48   .98  1.24   .99
% NNW     4.79  4.41  4.29  3.47  2.68  2.23  1.47  2.29  2.83  5.07  5.01  4.52
MEAN      3.90  3.79  3.84  3.93  3.48  3.15  2.81  3.22  3.27  3.37  3.54  3.39
STD DEV   1.81  1.60  1.77  1.82  1.41  1.26   .92  1.48  1.57  1.39  1.59  1.40
SKEW       .74   .99   .99   .83   .96   .55   .68  1.57  1.32   .74  1.15   .68
CALM     12.85 10.96 10.59  8.64 10.53 10.22 10.48 14.16 13.88 17.04 17.24 16.63
 
INTERPOLATED DATA (station & weighting factor)
 
---Wind Stations---
FLORENCE      SC     .503  LUMBERTON     NC     .274  MYRTLE BEACH  SC     .222
---Solar Radiation and Max .5 P Stations---
 GREENSBORO, NORTH   .428   CHARLESTON, SOUTH   .416   RICHMOND, VIRGINIA  .156 
---Dewpoint Stations---
SC FLORENCE          .702  NC WILMINGTON        .159  SC CHARLESTON        .139 
---Time Peak Stations---
MULLINS 4 W SC       .829  LORIS SC             .107  BISHOPVILLE SC       .065 
