 CHERAW SC                               381588 0
 LATT=  34.70 LONG= -79.90 YEARS= 63. TYPE= 3
 ELEVATION =  140. TP5 = 2.88 TP6= 5.62
 MEAN P    .38   .40   .43   .44   .39   .49   .48   .53   .54   .53   .40   .38
 S DEV P   .42   .46   .48   .55   .46   .61   .56   .66   .70   .80   .50   .44
 SKEW  P  1.99  2.68  2.10  2.34  2.45  3.43  1.98  2.34  2.72  3.27  2.44  2.13
 P(W/W)    .47   .47   .42   .44   .45   .44   .51   .48   .45   .45   .40   .43
 P(W/D)    .25   .24   .27   .19   .22   .25   .29   .25   .18   .13   .19   .23
 TMAX AV 54.32 57.57 64.97 74.78 82.65 88.98 91.27 89.66 84.91 75.62 65.80 56.20
 TMIN AV 30.57 32.02 38.51 47.07 56.37 64.64 68.67 67.54 61.67 48.70 38.50 31.67
 SD TMAX 11.35 10.89 10.64  9.04  7.61  6.47  5.68  5.95  7.26  7.97  9.65 10.45
 SD TMIN  9.97  9.62  9.40  8.51  7.27  5.51  3.92  4.30  6.95  9.28 10.28  9.87
 SOL.RAD  220.  290.  363.  477.  526.  564.  537.  486.  399.  322.  250.  203.
 SD SOL   39.4  47.0  65.5  69.4  81.6  80.7  83.2 150.4  81.3  47.4  35.6  35.8
 MX .5 P   .57   .44   .62   .48   .92  1.61  1.74  1.23  1.38   .83   .70   .67
 DEW PT  33.99 33.99 37.67 47.15 56.84 65.35 69.08 68.35 62.87 52.71 40.15 32.43
Time Pk   .558  .658  .717  .791  .808  .821  .842  .863  .875  .911  .947 1.000
% N       6.33  6.17  5.57  4.38  4.94  5.01  4.05  6.47  8.57  9.90  8.39  7.54
MEAN      3.45  3.50  3.66  3.84  3.44  3.16  3.08  3.27  3.29  3.53  3.47  3.49
STD DEV   1.45  1.46  1.46  1.61  1.30  1.27  1.05  1.35  1.34  1.47  1.48  1.44
SKEW       .90   .84   .66   .81   .76   .91   .76  1.03  1.17   .91  1.04   .90
% NNE     5.38  7.10  5.64  3.90  5.24  5.95  4.15  6.43 11.02 12.63  7.75  7.86
MEAN      3.75  4.03  3.84  4.17  3.79  3.83  3.63  3.72  3.90  4.14  3.93  3.85
STD DEV   1.50  1.61  1.39  1.59  1.48  1.53  1.34  1.48  1.52  1.64  1.66  1.58
SKEW       .82   .82   .42   .75   .60   .65   .62   .78   .81   .57   .86   .90
% NE      6.90  8.96  6.18  4.44  7.61  7.87  6.89  8.55 15.41 12.79  7.40  8.11
MEAN      3.69  4.03  3.72  4.01  3.87  3.64  3.60  3.54  3.91  3.90  3.69  3.72
STD DEV   1.60  1.57  1.45  1.61  1.56  1.41  1.42  1.37  1.54  1.57  1.55  1.54
SKEW       .78   .49   .65   .70   .79   .67   .65   .81   .86   .61   .76   .94
% ENE     4.20  4.50  4.69  3.86  5.42  5.32  4.30  5.12  6.93  4.93  3.60  3.39
MEAN      3.65  3.76  3.95  4.00  3.81  3.66  3.64  3.61  3.76  3.68  3.52  3.45
STD DEV   1.50  1.42  1.55  1.52  1.46  1.37  1.36  1.47  1.45  1.39  1.44  1.30
SKEW       .58   .71   .41   .44   .57   .53   .65   .68   .70   .52   .83   .41
% E       2.70  3.48  4.06  3.13  4.14  4.66  4.55  4.35  4.73  3.80  2.98  2.76
MEAN      3.24  3.39  3.87  3.73  3.42  3.27  3.24  3.23  3.36  3.34  3.11  3.19
STD DEV   1.23  1.38  1.52  1.38  1.35  1.24  1.27  1.35  1.32  1.37  1.12  1.22
SKEW       .85   .67   .37   .47   .62   .73   .67   .80  1.37   .77   .63   .83
% ESE     2.02  2.64  3.23  3.49  3.81  3.72  3.28  3.80  3.36  2.34  2.51  2.07
MEAN      2.97  3.21  3.68  3.68  3.34  3.40  3.02  3.34  3.28  3.09  3.20  3.10
STD DEV   1.00  1.34  1.65  1.34  1.27  1.32  1.16  1.38  1.32  1.10  1.20  1.09
SKEW       .40   .81   .77   .49   .70   .61   .85   .89   .91   .62   .91   .67
% SE      3.01  3.86  3.79  5.14  4.98  6.00  5.64  5.06  4.64  3.15  3.37  2.86
MEAN      3.20  3.42  3.69  3.85  3.45  3.42  3.17  3.14  3.16  3.04  3.11  3.06
STD DEV   1.38  1.45  1.59  1.57  1.32  1.37  1.20  1.19  1.14  1.08  1.23  1.16
SKEW       .89   .93   .75   .68   .63   .74   .62   .94   .54   .62   .85   .60
% SSE     3.20  3.49  3.88  6.24  4.67  5.19  5.65  4.96  3.47  2.29  3.02  2.99
MEAN      3.57  4.03  3.97  4.08  3.49  3.67  3.36  3.32  3.29  3.20  3.66  3.51
STD DEV   1.58  1.83  1.67  1.58  1.31  1.47  1.38  1.34  1.28  1.13  1.57  1.57
SKEW       .92   .77   .79   .48   .62   .75   .76   .89   .90   .36   .76  1.00
% S       6.46  6.26  7.30 11.14  8.22  9.46 10.59  9.68  5.37  3.68  5.24  6.30
MEAN      3.75  4.08  4.11  4.16  3.62  3.60  3.49  3.27  3.13  3.16  3.78  3.88
STD DEV   1.66  1.80  1.88  1.63  1.33  1.36  1.28  1.28  1.12  1.33  1.64  1.72
SKEW       .72   .74   .92   .56   .54   .78   .52   .78   .58   .67   .82   .80
% SSW     7.60  6.37  7.59  9.59  7.51  7.49  9.79  7.16  4.10  3.11  5.53  6.09
MEAN      4.39  4.51  4.80  4.57  4.05  3.79  3.72  3.45  3.51  3.57  4.04  4.39
STD DEV   1.84  1.82  1.95  1.72  1.44  1.37  1.38  1.30  1.34  1.32  1.70  1.85
SKEW       .56   .51   .40   .40   .51   .57   .62   .77   .72   .43   .56   .50
% SW     12.21 10.29 10.36 12.14 12.10 11.22 14.77 10.28  6.37  6.52  9.18  9.68
MEAN      4.31  4.71  4.83  4.82  4.17  3.85  3.82  3.45  3.56  3.70  4.18  4.21
STD DEV   1.90  2.06  2.11  1.93  1.57  1.43  1.40  1.26  1.38  1.56  1.82  1.91
SKEW       .68   .66   .45   .52   .44   .39   .52   .56   .58   .73   .60   .87
% WSW     7.77  6.59  6.74  8.29  6.88  6.19  6.62  4.48  3.13  3.77  6.12  6.52
MEAN      4.49  4.71  4.96  5.27  4.14  3.83  3.81  3.55  3.40  3.88  4.33  4.35
STD DEV   1.92  2.03  2.32  2.22  1.63  1.52  1.43  1.32  1.40  1.65  2.00  2.04
SKEW       .50   .61   .61   .49   .40   .55   .39   .34   .66   .48   .66   .63
% W       6.37  6.24  6.39  5.04  5.43  4.92  4.42  3.83  2.77  3.25  5.48  5.95
MEAN      3.94  4.33  4.41  4.35  3.76  3.45  3.43  3.12  2.91  3.24  3.96  3.88
STD DEV   1.88  2.02  1.97  2.11  1.56  1.47  1.39  1.23  1.04  1.45  1.85  1.82
SKEW       .73   .60   .64   .79   .65   .78   .69   .58   .54   .79   .83   .85
% WNW     4.26  5.03  5.41  3.74  3.16  2.57  2.06  1.99  1.74  2.85  4.02  4.27
MEAN      3.95  4.13  4.53  4.12  3.52  3.41  3.04  3.14  3.00  3.23  3.99  3.82
STD DEV   1.88  1.78  1.97  1.79  1.49  1.53  1.21  1.35  1.24  1.42  1.91  1.84
SKEW       .96   .53   .62   .52   .52   .90   .90   .82  1.15   .92   .95   .91
% NW      6.24  5.48  5.98  4.79  3.58  2.63  2.46  2.75  2.67  4.76  5.41  5.31
MEAN      3.72  3.75  3.93  3.89  3.25  2.98  2.82  2.91  2.87  3.09  3.45  3.50
STD DEV   1.69  1.64  1.81  1.69  1.32  1.20   .99  1.25  1.20  1.25  1.67  1.52
SKEW       .84   .81   .96   .60   .97   .95  1.34  1.60  1.50  1.15  1.23   .98
% NNW     4.98  4.58  4.58  3.72  3.18  2.90  2.06  2.96  3.23  5.30  5.15  4.37
MEAN      3.87  3.66  3.78  3.92  3.48  3.05  2.88  3.18  3.23  3.30  3.56  3.43
STD DEV   1.74  1.49  1.69  1.70  1.36  1.18   .96  1.39  1.42  1.25  1.53  1.37
SKEW       .79   .88   .92   .79   .97   .71   .77  1.45  1.15   .78  1.10   .66
CALM     10.28  9.01  8.68  6.94  9.14  8.91  8.70 12.10 12.53 14.98 14.96 13.90
 
INTERPOLATED DATA (station & weighting factor)
 
---Wind Stations---
FLORENCE      SC     .431  LUMBERTON     NC     .336  CHARLOTTE     NC     .232
---Solar Radiation and Max .5 P Stations---
 GREENSBORO, NORTH   .541   RALEIGH, NORTH CAR  .252   CHARLESTON, SOUTH   .207 
---Dewpoint Stations---
SC FLORENCE          .519  NC CHARLOTTE         .279  NC GREENSBORO        .202 
---Time Peak Stations---
LAURINBURG NC        .379  POLKTON 2 NE NC      .366  BISHOPVILLE SC       .255 
