 DILLON SC                               382386 0
 LATT=  34.42 LONG= -79.37 YEARS= 44. TYPE= 4
 ELEVATION =  100. TP5 = 2.93 TP6= 5.64
 MEAN P    .34   .39   .43   .41   .37   .49   .45   .49   .50   .47   .40   .37
 S DEV P   .40   .42   .54   .52   .43   .67   .53   .62   .79   .77   .53   .47
 SKEW  P  2.39  1.50  3.07  2.20  1.91  3.23  2.15  2.29  4.21  3.96  2.33  2.11
 P(W/W)    .49   .45   .42   .41   .45   .48   .54   .46   .39   .46   .34   .46
 P(W/D)    .23   .22   .25   .19   .22   .20   .26   .25   .18   .13   .18   .18
 TMAX AV 54.43 58.39 65.77 75.16 82.41 88.03 90.91 89.78 84.70 75.55 66.80 57.46
 TMIN AV 30.93 33.39 39.66 47.80 56.34 64.11 68.60 67.54 61.25 48.62 39.01 32.53
 SD TMAX 11.50 11.32 10.79  9.10  7.14  5.98  4.84  5.50  6.94  7.86  9.38 11.02
 SD TMIN 10.57 10.58  9.99  9.37  7.73  6.13  4.23  4.52  7.46 10.12 11.24 11.12
 SOL.RAD  229.  292.  366.  484.  539.  566.  533.  488.  402.  324.  256.  206.
 SD SOL   36.9  46.8  64.5  66.9  77.0  79.5  83.9 147.7  80.0  46.7  34.0  35.3
 MX .5 P   .60   .43   .59   .49  1.00  1.58  1.88  1.33  1.33   .86   .64   .51
 DEW PT  36.60 36.44 39.99 48.95 58.08 66.72 70.52 69.52 64.76 55.04 42.15 33.95
Time Pk   .540  .648  .705  .781  .796  .808  .838  .859  .875  .909  .942 1.000
% N       6.00  6.14  5.26  4.19  4.41  4.38  3.43  5.61  7.82  9.73  8.16  7.74
MEAN      3.32  3.36  3.45  3.62  3.21  3.01  2.85  3.02  3.06  3.37  3.28  3.32
STD DEV   1.43  1.48  1.45  1.58  1.23  1.31   .99  1.32  1.30  1.48  1.49  1.42
SKEW       .85   .90   .76   .82   .81  1.04   .91  1.15  1.22   .96  1.16   .94
% NNE     4.68  6.80  4.80  3.45  4.52  5.02  3.33  5.36 10.01 11.40  6.93  7.38
MEAN      3.53  3.74  3.56  3.82  3.57  3.70  3.35  3.49  3.60  3.88  3.70  3.60
STD DEV   1.37  1.55  1.34  1.50  1.47  1.54  1.24  1.50  1.45  1.56  1.58  1.45
SKEW       .83   .93   .50   .76   .73   .75   .67   .94   .81   .58   .89   .85
% NE      6.39  8.55  5.54  4.11  7.22  7.59  6.61  7.98 15.67 13.18  6.94  7.74
MEAN      3.52  3.79  3.48  3.80  3.68  3.48  3.41  3.31  3.71  3.72  3.52  3.54
STD DEV   1.53  1.56  1.45  1.52  1.51  1.37  1.36  1.35  1.49  1.52  1.46  1.49
SKEW       .72   .59   .75   .61   .87   .70   .66   .98   .85   .64   .75   .94
% ENE     4.03  4.37  4.40  3.72  4.66  4.71  3.58  4.64  6.40  4.72  3.28  3.10
MEAN      3.70  3.81  3.93  4.07  3.87  3.70  3.64  3.59  3.82  3.72  3.57  3.41
STD DEV   1.56  1.45  1.58  1.56  1.54  1.41  1.41  1.50  1.54  1.40  1.49  1.34
SKEW       .50   .66   .38   .35   .53   .45   .62   .65   .67   .46   .87   .41
% E       2.77  3.49  4.27  3.29  4.00  4.73  4.27  4.35  4.83  4.25  3.00  2.91
MEAN      3.30  3.58  4.08  3.90  3.60  3.48  3.49  3.37  3.50  3.53  3.23  3.32
STD DEV   1.26  1.46  1.63  1.42  1.46  1.37  1.45  1.46  1.40  1.46  1.13  1.31
SKEW       .74   .62   .31   .30   .58   .72   .65   .78  1.25   .67   .55   .78
% ESE     1.89  2.37  3.36  3.45  3.53  3.49  2.86  3.80  3.29  2.30  2.33  1.85
MEAN      3.06  3.35  3.81  3.81  3.43  3.71  3.22  3.54  3.43  3.29  3.30  3.23
STD DEV   1.07  1.33  1.74  1.42  1.33  1.43  1.26  1.48  1.39  1.17  1.19  1.14
SKEW       .36   .63   .75   .43   .72   .49   .84   .77   .86   .48   .70   .54
% SE      2.78  3.54  3.70  4.84  4.90  5.91  5.23  4.81  4.33  2.89  2.89  2.48
MEAN      3.23  3.57  3.89  3.91  3.58  3.66  3.31  3.29  3.31  3.19  3.25  3.12
STD DEV   1.42  1.56  1.70  1.58  1.37  1.49  1.26  1.27  1.20  1.12  1.27  1.21
SKEW       .91   .82   .68   .53   .51   .65   .62   .89   .47   .58   .76   .63
% SSE     3.14  3.21  3.88  5.90  4.43  4.90  5.06  4.75  3.10  1.74  2.54  2.49
MEAN      3.62  4.26  4.20  4.25  3.67  3.94  3.58  3.53  3.56  3.47  3.80  3.56
STD DEV   1.60  1.98  1.79  1.57  1.38  1.55  1.48  1.45  1.38  1.22  1.59  1.61
SKEW       .74   .60   .64   .27   .56   .62   .60   .84   .80   .26   .58   .85
% S       6.16  5.97  6.96 10.72  8.31 10.00 10.86  9.94  5.60  3.29  4.64  5.82
MEAN      3.79  4.18  4.22  4.37  3.83  3.79  3.75  3.47  3.32  3.38  3.90  3.92
STD DEV   1.66  1.85  1.91  1.72  1.41  1.43  1.40  1.38  1.18  1.40  1.68  1.71
SKEW       .60   .64   .84   .48   .39   .62   .43   .70   .44   .56   .70   .66
% SSW     6.79  5.67  7.10  9.03  6.94  7.42  9.87  7.22  3.70  2.40  4.61  4.85
MEAN      4.31  4.57  4.81  4.65  4.16  3.92  3.91  3.62  3.66  3.66  4.11  4.50
STD DEV   1.82  1.82  1.96  1.81  1.49  1.47  1.48  1.40  1.41  1.40  1.74  1.90
SKEW       .55   .47   .30   .34   .41   .44   .52   .66   .68   .38   .50   .38
% SW     11.68  9.61  9.81 11.57 11.83 10.92 15.09  9.90  6.08  5.55  8.77  8.20
MEAN      4.19  4.57  4.66  4.66  4.13  3.84  3.81  3.42  3.59  3.69  4.14  4.12
STD DEV   1.83  1.98  2.06  1.89  1.56  1.47  1.45  1.29  1.47  1.55  1.78  1.95
SKEW       .58   .58   .48   .52   .31   .36   .50   .53   .60   .66   .51   .94
% WSW     7.79  6.40  6.70  8.54  7.10  6.47  7.04  4.64  3.04  3.46  5.80  5.82
MEAN      4.41  4.71  4.91  5.21  4.17  3.82  3.77  3.51  3.49  3.99  4.34  4.26
STD DEV   1.84  2.02  2.25  2.23  1.62  1.50  1.44  1.34  1.47  1.71  1.96  2.03
SKEW       .38   .63   .54   .56   .38   .48   .32   .37   .63   .46   .54   .65
% W       7.33  7.03  6.95  5.73  6.38  5.76  5.32  4.40  2.92  3.45  6.23  6.80
MEAN      4.05  4.31  4.40  4.45  3.78  3.51  3.45  3.09  2.89  3.34  3.93  3.84
STD DEV   1.95  2.04  1.97  2.20  1.58  1.48  1.44  1.25  1.05  1.52  1.85  1.85
SKEW       .64   .64   .61   .76   .60   .70   .69   .55   .62   .77   .80   .82
% WNW     4.25  5.20  5.65  3.98  3.41  2.59  2.09  1.81  1.61  2.70  4.08  4.49
MEAN      4.00  4.06  4.45  4.14  3.59  3.51  3.13  3.16  3.02  3.29  4.07  3.79
STD DEV   1.85  1.73  1.95  1.80  1.55  1.53  1.27  1.33  1.21  1.44  1.94  1.74
SKEW       .87   .54   .56   .49   .51   .71   .91   .72  1.11   .83   .94   .77
% NW      5.55  5.13  5.57  4.37  3.35  2.18  2.01  2.08  2.28  3.98  4.94  4.87
MEAN      3.58  3.63  3.77  3.77  3.20  2.96  2.71  2.93  2.83  3.00  3.35  3.32
STD DEV   1.63  1.56  1.74  1.61  1.32  1.18   .85  1.29  1.14  1.16  1.61  1.41
SKEW       .79   .77   .93   .54   .92   .88  1.10  1.56  1.50  1.07  1.31   .96
% NNW     4.52  4.27  4.15  3.29  2.62  2.05  1.38  2.03  2.58  4.53  4.39  4.00
MEAN      3.77  3.57  3.67  3.76  3.33  3.00  2.68  3.08  3.11  3.22  3.44  3.25
STD DEV   1.72  1.50  1.70  1.71  1.33  1.20   .86  1.36  1.43  1.29  1.54  1.34
SKEW       .74   .94   .97   .81   .92   .62   .85  1.44  1.32   .79  1.13   .64
CALM     14.16 12.26 12.00  9.75 12.35 11.86 11.95 16.66 16.74 20.46 20.53 19.47
 
INTERPOLATED DATA (station & weighting factor)
 
---Wind Stations---
LUMBERTON     NC     .446  FLORENCE      SC     .381  MYRTLE BEACH  SC     .173
---Solar Radiation and Max .5 P Stations---
 GREENSBORO, NORTH   .477   CHARLESTON, SOUTH   .358   RICHMOND, VIRGINIA  .165 
---Dewpoint Stations---
SC FLORENCE          .642  NC WILMINGTON        .198  NC RALEIGH           .160 
---Time Peak Stations---
MULLINS 4 W SC       .532  LAURINBURG NC        .314  BISHOPVILLE SC       .155 
