 EUREKA SD                               392797 0
 LATT=  45.77 LONG= -99.62 YEARS= 86. TYPE= 3
 ELEVATION = 1880. TP5 = 2.30 TP6= 3.99
 MEAN P    .07   .10   .14   .22   .26   .31   .30   .30   .22   .21   .12   .08
 S DEV P   .10   .13   .22   .28   .38   .42   .39   .40   .30   .33   .19   .10
 SKEW  P  5.12  2.92  4.07  2.82  3.07  2.76  2.74  2.65  2.49  4.00  4.00  3.81
 P(W/W)    .25   .25   .33   .42   .46   .47   .37   .32   .38   .38   .29   .25
 P(W/D)    .13   .13   .13   .18   .22   .28   .22   .22   .17   .13   .12   .12
 TMAX AV 20.71 25.96 39.04 56.80 69.26 77.84 85.74 84.40 73.64 60.26 40.24 26.08
 TMIN AV  -.20  5.22 17.07 30.73 41.98 51.99 57.32 55.04 44.71 33.11 18.85  6.35
 SD TMAX 15.35 14.87 14.00 13.43 11.27  9.39  8.24  8.68 11.69 12.85 13.24 14.11
 SD TMIN 15.08 15.06 12.48  9.33  9.07  7.57  6.73  7.21  9.36  9.53 10.67 13.59
 SOL.RAD  164.  257.  370.  453.  532.  576.  595.  517.  399.  279.  171.  132.
 SD SOL   19.5  22.1  35.1  62.2  77.2  80.4  64.0 132.4  64.1  27.1  23.7  20.6
 MX .5 P   .07   .12   .15   .44   .73   .75   .86   .92   .79   .36   .13   .09
 DEW PT   2.13  8.37 18.29 30.46 40.10 53.35 58.03 55.59 44.59 35.03 21.46 10.05
Time Pk   .627  .740  .794  .855  .864  .871  .881  .888  .894  .920  .954 1.000
% N       7.98  7.31  8.65  9.68  8.56  6.35  6.58  6.14  5.84  7.07  7.32  7.31
MEAN      6.10  6.07  6.88  7.01  6.16  5.37  4.90  5.09  5.14  5.54  6.16  5.79
STD DEV   3.03  2.76  3.48  3.02  2.67  2.48  2.22  2.21  2.30  2.48  3.05  2.77
SKEW       .65   .48   .79   .42   .24   .48   .49   .36   .40   .29   .64   .50
% NNE     4.75  4.93  5.17  5.76  6.34  5.01  5.14  5.00  3.94  4.18  3.85  4.11
MEAN      5.07  5.41  5.96  6.25  5.87  5.22  4.65  4.87  4.98  5.12  5.14  4.98
STD DEV   2.45  2.63  2.94  2.84  2.66  2.39  2.19  2.21  2.30  2.29  2.81  2.45
SKEW       .49   .48   .51   .38   .37   .46   .60   .46   .49   .26   .81   .47
% NE      3.65  4.61  4.22  4.82  5.73  5.11  5.09  5.06  4.13  3.16  2.86  3.49
MEAN      4.34  4.99  5.18  5.72  5.40  4.73  4.14  4.26  4.26  4.40  4.51  4.07
STD DEV   2.16  2.54  2.96  2.75  2.52  2.18  1.91  1.94  2.14  2.18  2.31  2.07
SKEW       .63   .72   .95   .59   .46   .61   .70   .56   .73   .59   .81   .69
% ENE     4.45  5.62  4.86  5.97  6.25  6.49  6.21  7.02  4.90  3.74  3.55  4.55
MEAN      3.99  5.03  4.90  5.60  5.15  4.69  4.13  4.22  4.18  4.18  4.11  4.02
STD DEV   1.79  2.68  2.56  2.72  2.40  2.28  1.95  1.90  1.99  1.94  2.05  1.90
SKEW       .59   .91  1.06   .80   .66   .80   .89   .79   .80   .72  1.04   .67
% E       5.03  5.54  5.59  6.08  6.41  6.10  6.52  7.23  5.60  3.80  3.90  4.56
MEAN      3.80  4.30  4.80  5.53  5.27  4.61  4.14  4.25  4.07  3.83  3.94  3.98
STD DEV   1.84  2.30  2.26  2.67  2.72  2.25  1.88  1.94  1.79  1.86  2.01  2.02
SKEW       .89   .95   .62   .56   .89   .66   .74   .86   .50   .76  1.15   .88
% ESE     4.87  5.54  6.20  7.08  6.95  6.89  7.20  7.77  6.21  4.38  3.89  4.56
MEAN      4.15  5.03  5.48  6.37  5.66  5.27  4.69  4.69  4.77  4.16  4.41  4.10
STD DEV   1.97  2.51  2.55  3.03  2.67  2.41  2.17  2.03  2.21  1.87  2.13  2.13
SKEW       .77   .58   .59   .57   .55   .51   .84   .49   .74   .58   .80   .93
% SE      4.28  4.58  5.63  5.65  6.26  6.78  7.34  7.40  6.05  5.62  3.93  4.21
MEAN      4.41  4.93  5.36  5.90  5.80  5.49  4.93  4.97  4.86  4.49  4.44  4.44
STD DEV   2.24  2.45  2.43  2.64  2.64  2.53  2.09  2.16  2.22  2.03  2.14  2.37
SKEW       .65   .61   .41   .53   .36   .71   .44   .52   .48   .64   .67   .64
% SSE     5.25  5.33  7.33  8.39  9.18  9.22 10.40 11.49  8.72  8.67  6.72  5.78
MEAN      4.82  5.18  5.93  6.49  6.40  5.87  5.41  5.52  5.73  5.72  4.96  4.70
STD DEV   2.54  2.46  2.67  2.90  2.77  2.57  2.34  2.36  2.54  2.65  2.43  2.42
SKEW       .88   .46   .47   .49   .21   .36   .63   .37   .34   .52   .69   .76
% S       7.02  6.52  5.99  6.03  6.24  7.18  8.63  9.25  8.80  8.75  7.51  7.99
MEAN      4.09  4.58  5.16  6.02  6.03  5.30  5.51  5.92  5.72  5.25  4.42  3.89
STD DEV   2.02  2.22  2.58  2.92  3.02  2.61  2.54  2.76  2.82  2.73  2.43  1.95
SKEW      1.07   .71   .63   .52   .44   .52   .53   .44   .40   .59  1.11  1.23
% SSW     4.34  4.50  3.39  3.69  3.89  3.91  4.42  4.62  4.64  4.84  5.03  4.75
MEAN      3.78  3.94  4.31  4.75  4.99  4.30  4.68  4.51  4.90  4.44  4.18  3.61
STD DEV   1.75  2.00  2.08  2.37  2.47  2.19  2.39  2.35  2.82  2.21  2.18  1.58
SKEW      1.04   .85   .67   .56   .59   .90   .81   .72   .89   .80   .97   .76
% SW      3.98  3.81  2.70  2.21  2.72  3.56  2.54  2.43  3.03  3.87  3.90  4.13
MEAN      3.33  3.68  3.74  4.15  4.13  4.15  3.64  3.74  3.72  3.67  3.54  3.37
STD DEV   1.37  1.60  1.93  2.25  2.02  2.17  1.56  1.91  1.86  1.80  1.64  1.44
SKEW       .67   .71  1.36  1.01   .85  1.14   .75  1.19   .87   .92  1.05   .67
% WSW     4.70  5.13  3.96  2.94  3.53  5.07  3.65  3.27  4.21  5.03  5.26  5.70
MEAN      4.04  3.93  3.97  4.51  4.83  4.74  3.69  3.87  4.04  4.12  3.79  3.80
STD DEV   1.87  1.70  1.97  2.43  2.60  2.67  1.65  1.97  1.96  2.08  1.55  1.65
SKEW       .82   .70   .98  1.01   .87  1.28   .85  1.00   .92  1.06   .70   .66
% W       5.71  5.23  3.96  3.68  3.92  5.02  3.89  3.40  5.48  5.20  6.33  6.30
MEAN      5.20  4.82  4.90  5.85  5.63  5.11  4.24  4.43  5.11  4.97  4.90  4.82
STD DEV   2.56  2.36  2.54  3.06  3.05  2.68  2.15  2.38  2.82  2.61  2.31  2.40
SKEW       .72   .84   .81   .91   .81   .72   .85   .89   .82   .89   .60   .62
% WNW     9.73  9.46  8.28  7.55  6.45  7.33  6.19  5.14  9.08  9.28 11.48 10.40
MEAN      6.14  5.89  6.11  6.62  6.29  5.56  5.12  5.05  6.12  6.02  6.52  6.11
STD DEV   2.82  2.88  3.11  3.13  2.97  2.79  2.42  2.49  3.13  2.85  3.18  2.87
SKEW       .68   .77   .76   .60   .44   .57   .58   .70   .76   .48   .66   .48
% NW     11.04  9.93 11.02  8.62  7.02  6.92  6.30  5.56  8.50 10.26 12.25 10.02
MEAN      6.85  6.46  7.02  6.94  6.48  5.74  5.34  5.25  5.93  6.44  7.14  6.68
STD DEV   3.21  3.16  3.32  3.15  3.13  2.71  2.57  2.63  2.85  3.14  3.38  3.11
SKEW       .48   .69   .39   .40   .61   .48   .49   .74   .61   .61   .56   .41
% NNW     8.57  7.65  9.61  9.24  7.48  5.53  6.13  5.29  6.66  7.85  7.95  7.28
MEAN      6.89  6.74  6.91  7.32  6.43  5.58  5.33  5.28  5.78  6.37  7.10  6.47
STD DEV   3.06  3.23  3.03  3.08  2.79  2.51  2.44  2.55  2.55  2.90  3.38  3.08
SKEW       .42   .64   .48   .29   .32   .44   .49   .49   .34   .40   .63   .47
CALM      4.56  4.28  3.46  2.63  3.04  3.54  3.79  3.90  4.13  4.33  4.24  4.87
 
INTERPOLATED DATA (station & weighting factor)
 
---Wind Stations---
ABERDEEN      SD     .437  BISMARCK      ND     .301  PIERRE        SD     .262
---Solar Radiation and Max .5 P Stations---
 BISMARCK, NORTH DA  .494   HURON, SOUTH DAKOT  .369   MINNEAPOLIS, MINNE  .137 
---Dewpoint Stations---
ND BISMARCK          .433  SD HURON             .323  ND FARGO             .244 
---Time Peak Stations---
ASHLEY ND            .523  ONAKA SD             .281  HAZELTON ND          .195 
