 YODER WY                                489925 0
 LATT=  41.93 LONG=-104.30 YEARS= 44. TYPE= 3
 ELEVATION = 4230. TP5 = 1.93 TP6= 3.44
 MEAN P    .12   .14   .20   .28   .38   .38   .34   .24   .30   .30   .18   .14
 S DEV P   .11   .10   .24   .28   .39   .41   .31   .25   .30   .25   .16   .12
 SKEW  P  3.33  2.26  4.00  2.65  2.76  2.69  1.89  2.67  2.52  1.63  1.90  2.34
 P(W/W)    .22   .29   .27   .39   .49   .44   .28   .32   .37   .36   .21   .25
 P(W/D)    .09   .08   .13   .14   .20   .18   .17   .14   .11   .08   .08   .08
 TMAX AV 40.96 46.28 51.86 62.90 71.94 82.78 90.21 88.37 79.29 67.85 51.77 43.11
 TMIN AV 17.06 18.80 22.40 30.14 40.06 48.92 54.46 51.96 41.67 31.42 22.19 17.56
 SD TMAX 14.26 12.85 12.96 12.28 10.65  9.64  6.89  6.62 10.52 11.73 12.95 12.98
 SD TMIN 10.10  9.73  9.44  8.27  7.07  6.45  5.37  6.07  7.98  8.28  9.63 10.36
 SOL.RAD  212.  293.  421.  505.  552.  636.  604.  537.  438.  323.  226.  183.
 SD SOL   22.5  28.5  33.0  54.5  74.9  61.2  63.7 133.7  62.6  30.2  24.2  22.9
 MX .5 P   .06   .06   .19   .19   .43  1.02  1.30   .95   .82   .19   .14   .08
 DEW PT  11.74 15.42 18.21 26.58 37.49 45.23 50.08 48.45 39.23 29.49 19.89 15.74
Time Pk   .668  .773  .825  .888  .896  .897  .906  .909  .914  .932  .958 1.000
% N       5.08  5.26  5.28  6.05  5.26  4.40  4.16  3.71  4.47  5.02  5.23  4.36
MEAN      5.68  5.95  6.36  6.55  5.89  5.23  5.03  4.77  5.24  5.48  5.55  5.50
STD DEV   2.57  2.67  2.97  2.95  2.75  2.40  2.29  2.11  2.36  2.60  2.52  2.48
SKEW       .59   .42   .61   .42   .55   .55   .55   .55   .55   .70   .76   .47
% NNE     2.48  3.34  3.54  4.46  4.08  3.69  4.00  2.92  3.72  3.49  2.93  2.22
MEAN      5.01  5.46  5.63  5.71  5.79  5.17  5.17  4.62  5.10  5.04  5.25  4.72
STD DEV   2.43  2.59  2.48  2.61  2.57  2.24  2.25  2.01  2.25  2.30  2.38  2.48
SKEW       .63   .62   .45   .42   .44   .39   .41   .41   .51   .43   .54   .93
% NE      1.70  1.91  2.27  2.97  3.83  3.32  3.53  2.91  2.95  2.35  1.85  1.46
MEAN      4.05  4.39  4.76  5.18  5.39  4.77  4.65  4.31  4.41  4.34  4.02  3.93
STD DEV   1.94  2.23  2.29  2.37  2.37  2.08  2.14  2.05  1.88  2.16  2.06  1.89
SKEW       .57   .91   .46   .35   .31   .54   .79   .61   .48   .72   .73   .74
% ENE     1.65  1.64  2.12  2.87  3.45  3.21  3.66  3.22  2.78  2.09  1.53  1.34
MEAN      3.58  3.76  4.33  4.82  4.98  4.82  4.44  4.23  4.16  3.81  3.76  3.53
STD DEV   1.64  1.65  2.12  2.07  2.15  2.15  1.94  1.74  1.66  1.58  1.68  1.49
SKEW      1.15   .57   .75   .46   .55   .61   .62   .64   .51   .57   .61   .61
% E       2.67  2.52  3.24  3.79  4.42  4.64  6.03  6.29  5.22  3.78  2.67  2.53
MEAN      3.55  3.52  4.17  4.43  4.64  4.51  4.27  4.01  3.99  3.76  3.33  3.42
STD DEV   1.54  1.52  1.83  1.91  1.84  1.89  1.74  1.63  1.59  1.49  1.35  1.34
SKEW       .47   .59   .77   .64   .50   .72   .64   .46   .62   .35   .23   .62
% ESE     3.92  4.07  6.08  6.11  7.69  8.03  9.75  8.86  8.09  5.89  3.93  3.49
MEAN      3.88  3.97  5.13  5.23  5.31  5.04  4.50  4.40  4.40  4.21  3.47  3.75
STD DEV   1.64  1.65  2.10  2.33  2.15  2.11  1.81  1.76  1.72  1.66  1.46  1.76
SKEW       .30   .28   .37   .53   .42   .43   .60   .52   .42   .34   .74   .72
% SE      2.55  2.79  4.22  5.79  8.11  9.10  8.47  7.21  6.27  4.56  2.94  2.35
MEAN      4.17  4.11  5.03  5.88  5.87  5.62  4.81  4.61  4.82  4.75  4.27  3.88
STD DEV   2.29  1.87  2.21  2.65  2.41  2.44  2.07  1.91  2.14  2.12  2.20  1.90
SKEW       .78   .57   .28   .23   .16   .60   .51   .40   .44   .53   .75   .80
% SSE     2.45  2.93  4.21  6.27  8.18  8.93  8.63  8.01  7.47  5.21  2.96  2.15
MEAN      4.40  4.50  5.35  5.97  5.91  5.50  4.88  4.92  5.07  4.76  4.39  3.96
STD DEV   2.27  2.02  2.29  2.56  2.33  2.29  1.93  2.08  2.15  2.03  2.00  1.72
SKEW       .72   .55   .39   .30   .19   .34   .36   .29   .54   .35   .59   .54
% S       2.48  2.70  3.50  4.34  5.45  6.35  6.49  6.47  5.46  4.40  3.14  2.40
MEAN      4.03  4.32  4.65  5.15  5.06  4.90  4.49  4.37  4.56  4.42  4.12  4.01
STD DEV   1.84  1.78  2.03  2.27  2.10  2.07  1.87  1.83  1.89  1.88  1.79  1.79
SKEW       .59   .44   .38   .38   .27   .43   .51   .48   .41   .48   .73   .54
% SSW     5.09  4.87  4.74  4.48  4.41  5.56  5.64  5.92  5.22  5.24  4.73  4.60
MEAN      4.82  4.90  5.04  4.94  4.62  4.41  4.25  4.19  4.32  4.26  4.48  4.59
STD DEV   2.01  2.12  2.03  2.23  2.17  1.99  1.88  1.78  1.89  1.91  2.01  2.02
SKEW       .29   .51   .33   .61   .70   .81   .65   .59   .64   .73   .52   .35
% SW      5.78  4.94  4.77  3.71  3.64  4.70  4.44  4.99  4.45  4.71  5.04  5.73
MEAN      4.96  4.66  4.67  4.25  4.21  4.19  3.77  3.76  3.87  4.14  4.22  4.65
STD DEV   2.28  2.22  1.99  1.92  1.93  1.87  1.67  1.66  1.59  1.79  1.77  1.99
SKEW       .75  1.08   .45   .66   .82   .77  1.03   .86   .65   .75   .52   .57
% WSW     9.84  9.14  7.47  5.92  5.42  5.94  5.52  5.98  6.08  7.11  7.84  8.73
MEAN      6.04  5.84  5.42  5.12  4.69  4.55  4.01  3.92  4.05  4.29  5.11  5.59
STD DEV   3.04  2.86  2.63  2.55  2.36  2.30  1.71  1.75  1.76  2.01  2.56  2.74
SKEW       .73   .69   .64   .78   .91  1.20   .86  1.16   .93  1.04   .85   .91
% W      11.90 11.13  9.58  8.19  6.82  7.05  6.38  7.77  9.03 10.06 11.09 11.88
MEAN      7.21  7.12  6.88  6.62  5.83  5.02  4.30  4.36  5.01  5.36  6.76  7.21
STD DEV   3.72  3.53  3.47  3.43  3.04  2.56  1.92  2.01  2.38  2.72  3.62  3.84
SKEW       .90   .64   .73   .81   .74  1.07   .96  1.03   .89  1.11  1.01   .94
% WNW    19.87 19.25 15.56 13.73 11.68 10.29  9.94 11.04 12.20 15.25 19.35 21.12
MEAN      7.56  7.28  7.50  7.30  6.20  5.68  4.89  5.08  5.29  6.01  7.19  7.29
STD DEV   3.42  3.22  3.46  3.60  3.02  2.57  2.05  2.21  2.31  2.89  3.33  3.14
SKEW       .67   .63   .69   .83  1.00   .78   .72   .89   .68  1.09   .74   .59
% NW     12.34 12.74 12.20 10.35  8.26  7.10  5.72  6.64  7.52 10.61 13.06 14.77
MEAN      6.77  7.12  7.97  7.70  6.46  5.64  4.87  4.98  5.46  6.17  6.84  7.07
STD DEV   3.45  3.16  3.88  3.95  3.12  2.78  2.11  2.27  2.55  3.04  3.22  3.36
SKEW       .90   .45   .75   .76   .62   .78   .68   .73   .74   .79   .65   .87
% NNW     6.50  7.82  8.44  8.72  6.95  5.17  4.83  4.75  5.68  6.44  7.49  7.13
MEAN      6.44  6.92  7.78  7.36  6.37  5.65  4.96  4.95  5.37  5.73  6.36  6.30
STD DEV   3.44  3.21  3.61  3.51  2.89  2.56  2.24  2.25  2.43  2.74  3.12  3.01
SKEW      1.02   .46   .55   .56   .42   .52   .65   .68   .49   .80   .69   .66
CALM      3.69  2.95  2.64  2.30  2.39  2.49  2.79  3.26  3.34  3.80  4.21  3.70
 
TRIANGULATED DATA (station & weighting factor)
 
---Wind Stations---
CHEYENNE      WY     .454  SCOTTSBLUFF   NB     .380  LARAMIE       WY     .166
---Solar Radiation and Max .5 P Stations---
 SCOTTSBLUFF, NEBRA  .547   CHEYENNE, WYOMING   .328   RAPID CITY, SOUTH   .125 
---Dewpoint Stations---
NE SCOTTSBLUFF       .528  WY CHEYENNE          .317  WY CASPER            .155 
---Time Peak Stations---
PHILLIPS WY          .609  BRIDGEPORT NE        .215  DOUGLAS AVIATION WY  .176 
