 PIKEVILLE TN                            407184 0
 LATT=  35.62 LONG= -85.20 YEARS= 31. TYPE= 3
 ELEVATION =  880. TP5 = 2.48 TP6= 5.04
 MEAN P    .48   .49   .56   .49   .47   .43   .44   .42   .49   .51   .57   .54
 S DEV P   .51   .51   .67   .62   .55   .47   .49   .45   .58   .54   .56   .67
 SKEW  P  1.84  2.32  3.07  4.19  3.06  2.95  1.84  2.11  2.33  1.52  2.05  3.26
 P(W/W)    .47   .43   .39   .47   .47   .46   .46   .41   .48   .34   .40   .44
 P(W/D)    .21   .22   .25   .22   .25   .20   .26   .20   .17   .15   .21   .26
 TMAX AV 48.65 53.40 63.41 72.87 79.41 85.55 88.42 87.74 82.49 73.12 61.61 51.94
 TMIN AV 27.22 29.23 37.33 44.89 53.05 60.90 65.15 63.93 58.13 44.74 36.54 30.06
 SD TMAX 10.67 10.81 10.57  9.06  6.99  5.23  5.10  4.67  6.77  7.68  9.62 10.02
 SD TMIN 11.62 11.56 10.40  9.98  8.34  6.05  4.49  4.94  8.12 10.34 10.67 11.53
 SOL.RAD  161.  239.  331.  448.  517.  553.  529.  479.  416.  318.  214.  163.
 SD SOL   51.5  56.3  67.4  70.8  76.5  76.5  77.7 123.6  69.0  42.4  41.1  42.8
 MX .5 P   .52   .51   .75  1.02  1.41  1.19  1.79  1.14  1.02   .59   .61   .60
 DEW PT  32.50 32.73 36.73 46.46 56.46 64.46 67.46 67.24 60.24 49.50 38.50 31.73
Time Pk   .598  .690  .741  .798  .816  .829  .854  .871  .885  .918  .953 1.000
% N       8.46  8.35  6.46  6.39  5.73  5.85  6.05  7.32  8.97  8.44  6.85  6.83
MEAN      4.00  3.74  3.70  3.90  3.35  2.97  3.04  2.85  3.15  3.54  3.71  3.59
STD DEV   1.60  1.55  1.57  1.63  1.54  1.34  1.32  1.16  1.41  1.61  1.66  1.57
SKEW       .43   .56   .58   .48   .78  1.00   .81   .78   .93   .76   .56   .58
% NNE     6.97  7.78  6.38  5.62  5.89  5.38  5.16  6.95  8.89  7.79  6.19  6.61
MEAN      3.86  3.75  3.70  3.80  3.42  3.11  3.16  3.20  3.60  3.70  3.93  3.51
STD DEV   1.53  1.51  1.47  1.56  1.35  1.28  1.26  1.32  1.55  1.56  1.51  1.59
SKEW       .56   .59   .44   .39   .40   .87   .62   .77   .78   .78   .34   .90
% NE      5.24  5.94  5.48  4.81  5.61  5.20  4.83  6.30  7.92  7.03  5.22  5.61
MEAN      3.01  3.15  3.26  3.14  3.07  2.76  2.86  2.87  2.98  3.07  2.93  3.07
STD DEV   1.18  1.25  1.40  1.40  1.34  1.06  1.18  1.31  1.22  1.37  1.25  1.29
SKEW       .63   .84   .68  1.11   .78   .77   .76  1.30   .86   .86   .77   .77
% ENE     2.61  2.46  2.69  2.39  3.00  3.26  3.27  3.88  4.09  3.40  2.61  2.69
MEAN      2.59  2.99  2.95  2.99  2.77  2.62  2.68  2.74  2.65  2.85  2.71  2.69
STD DEV    .91  1.08  1.24  1.15  1.21  1.02  1.03  1.08  1.03  1.32  1.00  1.05
SKEW       .62   .76   .80   .80  1.07   .93   .94   .87  1.11  1.40   .62  1.09
% E       1.58  1.92  1.94  1.86  2.20  2.51  2.94  3.06  3.29  2.74  1.68  1.95
MEAN      2.48  2.41  2.59  2.80  2.51  2.53  2.49  2.39  2.35  2.49  2.37  2.42
STD DEV    .87   .76   .99  1.21   .99   .99   .96   .94   .92  1.10   .92   .92
SKEW      1.04   .52  1.01  1.03   .90   .75  1.05  1.04  1.11  1.26  1.20  1.19
% ESE     1.99  1.93  2.54  1.61  1.92  2.39  2.65  2.88  2.56  1.62  1.38  2.45
MEAN      2.62  2.84  3.15  2.81  2.51  2.61  2.53  2.41  2.59  2.48  2.63  2.76
STD DEV    .95  1.21  1.24   .94   .96   .91  1.03   .90   .92   .91   .99  1.05
SKEW       .72   .79   .70   .31   .56   .71  1.18   .93   .90  1.09   .59   .68
% SE      5.32  4.74  5.10  4.31  3.90  5.53  5.93  5.70  5.58  4.71  4.28  5.99
MEAN      3.02  3.31  3.35  3.08  2.65  2.67  2.50  2.49  2.54  2.62  3.06  3.16
STD DEV   1.33  1.92  1.64  1.54  1.18  1.18  1.00  1.15  1.01  1.30  1.70  1.60
SKEW      1.00  1.64  1.03  1.14  1.34  1.33  1.14  1.72  1.39  1.82  1.63  1.44
% SSE     8.26  6.39  6.00  6.96  6.59  6.37  6.64  5.48  6.06  5.26  6.60  7.40
MEAN      3.93  4.31  4.14  4.18  3.23  3.04  2.83  2.80  3.08  2.95  3.71  3.70
STD DEV   1.69  2.15  1.98  2.05  1.45  1.29  1.12  1.17  1.28  1.29  1.89  1.67
SKEW       .78   .69   .70   .77   .91   .87   .85  1.06   .75   .94  1.06   .87
% S      12.38 10.21 11.00 12.91 12.12 12.02 11.13  8.45  8.09  9.27 11.28 11.16
MEAN      4.22  4.14  4.31  4.21  3.42  2.99  2.84  2.71  2.95  2.93  3.52  3.75
STD DEV   1.96  2.10  2.11  1.93  1.64  1.33  1.18  1.16  1.30  1.42  1.84  1.94
SKEW       .66   .73   .71   .69   .97  1.02   .99   .99   .92  1.11  1.12   .94
% SSW     6.66  6.16  6.92  7.85  6.98  6.67  6.73  5.21  4.02  3.98  5.68  5.79
MEAN      4.54  4.53  4.85  4.82  3.77  3.47  3.27  3.13  3.27  3.32  4.19  4.10
STD DEV   1.92  2.04  2.18  2.13  1.62  1.46  1.39  1.39  1.37  1.46  2.02  1.93
SKEW       .47   .43   .61   .58   .72   .75   .67   .91   .64   .73   .78   .67
% SW      4.97  5.75  6.27  7.00  6.82  6.36  6.07  4.97  3.32  3.64  5.19  5.35
MEAN      3.95  4.19  4.65  4.48  3.61  3.37  3.21  3.03  3.13  3.17  3.65  3.93
STD DEV   1.97  2.25  2.41  2.19  1.76  1.52  1.42  1.40  1.42  1.59  1.87  2.15
SKEW       .83   .73   .79   .53   .80   .74   .65   .86   .67  1.04   .90  1.12
% WSW     4.64  5.48  6.72  5.97  5.69  5.48  5.18  3.93  2.60  3.03  4.75  5.37
MEAN      4.77  4.87  5.16  5.04  4.10  3.81  3.50  3.49  3.23  3.29  4.10  4.31
STD DEV   2.32  2.22  2.48  2.37  1.81  1.61  1.47  1.45  1.65  1.45  1.88  1.83
SKEW       .72   .50   .63   .42   .65   .54   .67   .65  1.01   .79   .66   .64
% W       5.50  6.15  7.06  6.14  6.14  5.55  4.98  4.26  3.15  3.46  5.82  5.43
MEAN      4.35  4.42  4.70  4.54  3.82  3.36  3.14  2.86  2.90  3.13  3.87  4.03
STD DEV   1.99  2.20  2.27  2.16  1.83  1.51  1.38  1.25  1.32  1.50  1.86  1.89
SKEW       .55   .70   .48   .51  1.15   .84   .78   .93  1.03   .82   .67   .55
% WNW     5.47  6.02  6.18  5.89  4.10  3.53  3.31  2.57  2.51  3.41  6.55  5.19
MEAN      4.68  4.81  5.15  4.98  4.10  3.53  3.28  3.06  3.02  3.57  4.59  4.51
STD DEV   1.89  2.06  2.12  2.05  1.75  1.53  1.41  1.26  1.31  1.62  1.93  1.87
SKEW       .37   .28   .21   .37   .44   .70   .91   .66   .93   .65   .37   .45
% NW      5.13  6.18  6.13  5.71  4.56  4.22  4.32  4.25  5.00  5.22  6.37  5.36
MEAN      4.15  4.08  4.42  4.18  3.47  3.14  2.92  2.75  2.73  3.21  3.92  3.87
STD DEV   1.76  1.92  2.05  1.87  1.67  1.42  1.25  1.14  1.21  1.54  1.89  1.78
SKEW       .44   .72   .53   .53   .78   .93   .85   .78  1.05   .93   .72   .62
% NNW     5.36  5.14  4.85  4.86  3.42  3.70  3.50  4.43  4.46  5.07  4.88  4.83
MEAN      4.09  3.91  4.17  3.97  3.41  3.05  3.11  2.94  3.04  3.57  3.85  4.02
STD DEV   1.56  1.56  1.66  1.59  1.42  1.32  1.33  1.15  1.26  1.55  1.56  1.70
SKEW       .37   .51   .38   .36   .63   .95   .85   .69   .95   .59   .62   .53
CALM      9.41  9.39  8.27  9.65 15.40 15.96 17.21 20.37 19.40 21.90 14.73 12.04
 
INTERPOLATED DATA (station & weighting factor)
 
---Wind Stations---
CHATTANOOGA   TN     .389  SMITHVILLE    TN     .386  KNOXVILLE/MUN.TN     .225
---Solar Radiation and Max .5 P Stations---
 CHATTONOOGA, TENNE  .492   KNOXVILLE, TENNESS  .286   NASHVILLE, TENNESE  .222 
---Dewpoint Stations---
TN CHATTANOOGA       .505  TN KNOXVILLE         .269  TN NASHVILLE         .226 
---Time Peak Stations---
ROCK ISLAND 2 NW TN  .435  MONTEREY 1 E TN      .322  CONASAUGA 1 N TN     .243 
