 PORTLAND 3 NW TN                        407359 0
 LATT=  36.62 LONG= -86.57 YEARS= 37. TYPE= 3
 ELEVATION =  640. TP5 = 2.38 TP6= 4.75
 MEAN P    .48   .50   .51   .44   .50   .53   .50   .49   .49   .48   .52   .53
 S DEV P   .55   .59   .59   .51   .61   .72   .51   .55   .60   .56   .58   .63
 SKEW  P  2.33  2.49  2.47  2.92  2.58  4.66  1.87  1.98  3.93  2.50  2.40  2.23
 P(W/W)    .39   .42   .39   .45   .47   .42   .38   .37   .41   .35   .41   .44
 P(W/D)    .22   .24   .28   .26   .23   .22   .23   .20   .18   .17   .22   .23
 TMAX AV 43.53 48.23 58.30 69.61 77.36 84.55 88.08 86.92 81.29 70.76 58.78 48.33
 TMIN AV 24.92 28.03 36.41 46.24 54.86 62.68 66.43 64.50 58.14 45.89 37.43 28.74
 SD TMAX 12.44 12.44 11.90 10.17  7.90  5.91  5.00  5.38  7.61  8.94 11.20 11.64
 SD TMIN 11.63 11.78 10.54 10.02  8.30  6.40  5.13  5.78  8.47  9.72 10.78 11.50
 SOL.RAD  152.  236.  330.  433.  519.  567.  551.  496.  423.  317.  212.  154.
 SD SOL   50.7  54.1  66.0  75.8  77.8  75.0  73.1 123.4  66.2  39.5  38.1  41.4
 MX .5 P   .50   .59   .74   .72  1.52  1.07  1.78  1.61  1.03   .85   .90   .51
 DEW PT  29.91 30.91 35.68 45.68 55.67 64.24 67.43 66.43 59.06 48.24 36.86 30.30
Time Pk   .597  .698  .742  .802  .820  .834  .853  .872  .888  .917  .947 1.000
% N       7.51  7.02  5.53  5.41  5.86  4.96  4.88  6.95  7.77  6.71  5.13  5.59
MEAN      4.06  3.68  3.77  3.52  3.25  2.97  2.62  2.78  3.04  3.16  3.30  3.61
STD DEV   1.87  1.88  1.80  1.81  1.75  1.66  1.33  1.46  1.65  1.71  1.77  1.72
SKEW       .27   .68   .51   .76   .69  1.03   .76   .85   .80   .85   .69   .34
% NNE     4.88  5.23  4.24  3.99  4.79  3.55  4.38  5.86  5.90  5.60  3.86  3.57
MEAN      3.91  3.72  3.67  3.81  3.35  3.11  3.02  3.13  3.41  3.62  3.73  4.23
STD DEV   1.84  1.63  1.60  1.61  1.61  1.48  1.40  1.46  1.65  1.74  1.74  2.08
SKEW       .40   .35   .38   .32   .53   .59   .73   .51   .60   .52   .51   .50
% NE      4.46  6.65  4.89  5.73  5.74  4.55  5.54  7.11  8.27  5.63  3.09  4.40
MEAN      3.34  3.09  3.50  3.17  3.15  2.87  2.74  2.70  3.09  2.96  2.80  3.29
STD DEV   1.57  1.51  1.81  1.58  1.66  1.48  1.39  1.45  1.70  1.64  1.43  1.81
SKEW       .57   .68   .59   .52   .63   .68  1.03   .99   .84   .83   .59   .93
% ENE     2.15  3.22  3.44  2.76  2.42  2.29  2.59  2.99  2.90  2.33  1.80  2.30
MEAN      2.96  2.96  3.75  3.14  3.03  2.89  2.95  2.73  3.19  3.04  3.24  3.03
STD DEV   1.38  1.42  1.82  1.55  1.44  1.45  1.40  1.36  1.55  1.42  1.75  1.68
SKEW       .53   .68   .39   .74   .58   .66   .54   .72   .60   .57   .76  1.11
% E       3.22  3.76  3.51  3.29  3.33  3.13  3.40  4.64  4.04  3.42  2.38  3.63
MEAN      2.38  2.53  3.08  2.82  2.32  2.35  2.22  2.25  2.39  2.17  2.22  2.43
STD DEV   1.09  1.20  1.57  1.50  1.22  1.21  1.06  1.13  1.31  1.19  1.11  1.18
SKEW       .89   .82   .68   .71  1.02  1.00   .90   .91  1.16  1.14  1.00   .75
% ESE     2.05  2.45  2.39  2.33  2.21  2.41  2.56  2.65  2.66  2.14  1.90  2.52
MEAN      2.46  2.93  3.25  3.02  2.93  2.50  2.45  2.58  2.55  2.65  2.83  2.72
STD DEV   1.24  1.48  1.63  1.46  1.52  1.17  1.18  1.22  1.11  1.47  1.29  1.31
SKEW       .98   .80   .72   .81   .78   .77   .80   .82   .87   .91   .45   .75
% SE      3.94  4.08  4.49  4.09  4.09  4.68  4.61  4.68  5.20  4.44  3.48  4.65
MEAN      2.77  2.85  3.32  3.08  2.55  2.41  2.20  2.20  2.46  2.45  2.95  2.99
STD DEV   1.45  1.57  1.83  1.73  1.31  1.19  1.08  1.12  1.15  1.34  1.63  1.73
SKEW       .95  1.47   .99  1.03   .96  1.02  1.22  1.27   .84  1.27  1.11  1.27
% SSE     6.47  5.86  6.83  6.51  5.38  5.80  4.56  3.74  5.49  5.24  6.59  6.95
MEAN      4.40  4.47  4.72  4.00  3.29  2.96  2.53  2.73  3.10  3.38  4.20  4.15
STD DEV   2.29  2.36  2.29  2.00  1.74  1.35  1.23  1.34  1.49  1.76  2.35  2.13
SKEW       .58   .81   .40   .54   .76   .49   .74   .83   .69   .82   .70   .70
% S      14.65 11.23 11.88 13.98 12.43 12.12 11.59  9.77 10.55 10.71 14.03 14.50
MEAN      4.96  4.70  4.82  4.42  3.62  3.12  2.71  2.61  3.16  3.32  4.27  4.47
STD DEV   2.39  2.49  2.44  2.19  2.04  1.63  1.35  1.37  1.66  1.93  2.33  2.34
SKEW       .39   .55   .51   .58   .80   .90  1.14  1.04   .80  1.06   .73   .68
% SSW     8.74  6.79  7.84  9.32  7.60  7.68  7.01  4.91  4.98  6.01  7.82  8.41
MEAN      4.84  4.76  5.20  5.01  3.87  3.43  3.31  3.07  3.58  3.67  4.36  4.59
STD DEV   2.10  2.27  2.36  2.15  2.01  1.74  1.57  1.46  1.70  1.84  2.13  2.16
SKEW       .33   .35   .36   .26   .65   .61   .58   .72   .54   .49   .47   .39
% SW      5.65  5.97  5.97  7.39  8.21  8.56  9.47  6.17  5.36  5.49  6.70  6.29
MEAN      4.18  4.31  4.62  4.43  3.58  3.50  3.23  2.95  3.44  3.22  3.76  4.11
STD DEV   2.19  2.24  2.38  2.26  2.03  1.81  1.69  1.52  1.76  1.81  2.10  2.13
SKEW       .75   .58   .53   .50   .81   .66   .72   .80   .52   .75   .82   .78
% WSW     3.87  4.65  5.13  4.69  4.94  5.89  6.10  4.24  3.02  3.45  4.60  4.99
MEAN      4.84  5.13  5.52  5.25  4.16  3.89  3.86  3.55  3.69  3.96  4.41  5.12
STD DEV   2.33  2.35  2.55  2.51  2.15  1.88  1.81  1.73  1.86  1.98  2.18  2.25
SKEW       .50   .27   .51   .44   .62   .42   .39   .38   .37   .43   .51   .28
% W       4.77  4.83  5.89  5.29  5.32  6.21  5.85  4.43  3.40  3.57  5.91  5.21
MEAN      4.17  4.18  4.71  4.82  3.65  3.41  3.21  2.86  2.77  3.30  4.30  4.34
STD DEV   2.00  2.26  2.44  2.40  2.05  1.87  1.72  1.55  1.67  2.03  2.32  2.24
SKEW       .49   .58   .46   .41   .66  1.03   .63   .89  1.27   .79   .76   .32
% WNW     5.44  5.95  6.62  6.06  4.01  3.57  3.11  3.15  2.47  3.40  5.81  5.17
MEAN      5.08  5.06  5.36  5.24  4.10  3.52  3.32  3.37  3.57  4.11  4.74  5.01
STD DEV   2.15  2.27  2.37  2.24  2.16  1.77  1.64  1.68  1.86  2.13  2.04  2.13
SKEW       .25   .31   .21   .12   .55   .84   .56   .55   .75   .41   .26   .19
% NW      8.52  8.47  8.01  6.76  4.96  4.26  3.74  4.53  4.74  5.41  8.30  7.63
MEAN      4.76  4.78  5.08  4.65  3.59  3.08  2.75  2.80  3.10  3.86  4.45  4.43
STD DEV   1.95  2.33  2.19  2.12  1.88  1.64  1.43  1.50  1.66  1.88  2.11  2.05
SKEW       .18   .39   .34   .30   .58   .88   .93  1.04   .75   .36   .50   .27
% NNW     6.57  5.92  5.65  4.42  3.53  3.30  2.95  3.38  4.47  5.15  5.08  4.65
MEAN      4.67  4.66  4.60  4.21  3.68  3.24  3.05  3.02  3.53  4.03  4.42  4.03
STD DEV   1.84  2.05  1.94  1.93  1.80  1.69  1.35  1.35  1.68  1.85  1.89  1.78
SKEW       .12   .27   .26   .36   .58   .71   .47   .50   .52   .34   .26   .25
CALM      7.07  7.97  7.76  8.01 15.03 16.93 17.63 20.76 18.89 21.18 13.42  9.52
 
INTERPOLATED DATA (station & weighting factor)
 
---Wind Stations---
BOWLING GREEN KY     .454  NASHVILLE     TN     .327  FT. CAMPBELL  KY     .219
---Solar Radiation and Max .5 P Stations---
 NASHVILLE, TENNESE  .622   EVANSVILLE, INDIAN  .193   LOUISVILLE, KENTUC  .185 
---Dewpoint Stations---
TN NASHVILLE         .620  IN EVANSVILLE        .194  KY LOUISVILLE        .186 
---Time Peak Stations---
PORTLAND SEWAGE PLT  .898  TOMPKINSVILLE KY     .056  WERNDON 3 SW KY      .047 
