 WAYNESBORO TN                           409502 0
 LATT=  35.32 LONG= -87.77 YEARS= 66. TYPE= 3
 ELEVATION =  750. TP5 = 2.59 TP6= 5.44
 MEAN P    .49   .53   .57   .56   .53   .47   .51   .47   .50   .49   .58   .54
 S DEV P   .57   .61   .67   .66   .64   .55   .66   .58   .70   .61   .66   .69
 SKEW  P  2.46  2.43  2.48  2.27  2.71  2.81  3.23  2.80  3.56  2.87  2.21  3.17
 P(W/W)    .50   .47   .46   .43   .48   .45   .44   .40   .44   .43   .43   .46
 P(W/D)    .24   .28   .27   .23   .22   .21   .22   .19   .16   .15   .23   .24
 TMAX AV 48.56 52.80 61.27 71.83 78.98 86.16 89.63 89.10 83.65 73.74 61.19 51.46
 TMIN AV 25.76 27.74 35.14 44.13 52.21 60.34 64.40 62.56 56.07 43.29 34.23 28.08
 SD TMAX 12.48 12.08 11.79  9.61  7.46  6.29  5.34  5.59  7.91  9.14 10.99 11.44
 SD TMIN 12.69 11.95 11.55 10.44  9.01  6.93  5.11  5.89  8.99 10.83 11.89 12.14
 SOL.RAD  175.  248.  332.  446.  518.  552.  539.  488.  416.  327.  229.  167.
 SD SOL   48.6  54.8  68.4  72.1  76.6  76.9  75.0 120.8  69.5  40.8  37.9  42.8
 MX .5 P   .75   .68  1.09   .90  1.63   .96  1.75  1.56  1.19   .75   .98   .87
 DEW PT  33.37 34.66 38.37 47.83 57.84 65.56 68.56 67.56 61.12 49.81 38.81 33.37
Time Pk   .567  .678  .731  .788  .811  .827  .857  .875  .888  .919  .953 1.000
% N       6.36  6.29  5.06  4.40  5.11  3.97  4.59  6.72  9.30  7.38  5.35  5.89
MEAN      4.31  3.79  3.74  3.77  3.26  3.18  2.92  3.03  3.32  3.62  3.71  4.15
STD DEV   1.67  1.62  1.49  1.67  1.47  1.37  1.23  1.34  1.41  1.65  1.53  1.80
SKEW       .28   .51   .32   .56   .77   .50   .58   .79   .56   .69   .30   .43
% NNE     4.83  5.54  4.31  4.05  3.93  2.94  4.67  5.29  7.08  5.00  3.61  3.99
MEAN      3.99  3.77  3.73  3.86  3.39  3.13  3.12  3.25  3.54  3.73  3.73  3.99
STD DEV   1.44  1.52  1.35  1.56  1.56  1.22  1.35  1.35  1.50  1.74  1.62  1.68
SKEW       .18   .35   .21   .35   .66   .33   .76   .37   .48   .68   .30   .32
% NE      3.46  5.57  4.06  4.07  4.56  3.75  5.47  5.85  7.23  5.20  3.30  3.34
MEAN      3.40  3.20  3.34  3.30  2.87  2.75  2.75  2.86  2.97  2.96  3.09  3.29
STD DEV   1.42  1.39  1.43  1.35  1.29  1.14  1.11  1.26  1.28  1.35  1.37  1.51
SKEW       .36   .66   .59   .48  1.02   .73   .96   .77   .64   .67   .76   .86
% ENE     1.57  2.35  2.63  2.00  2.00  1.59  1.87  2.31  2.52  2.35  1.24  1.95
MEAN      3.21  3.10  3.34  3.03  2.79  2.61  2.78  2.64  2.81  2.77  2.94  3.30
STD DEV   1.16  1.25  1.39  1.17  1.12  1.07  1.18  1.22  1.22  1.20  1.24  1.26
SKEW       .22   .81   .46   .51   .63   .81   .82   .97   .74   .93   .70   .30
% E       3.32  4.86  4.00  4.34  3.86  3.68  3.76  4.96  6.18  5.88  4.59  4.83
MEAN      2.92  3.04  3.16  3.00  2.48  2.39  2.40  2.39  2.63  2.38  2.63  2.87
STD DEV   1.18  1.35  1.46  1.29  1.04   .95   .96   .95  1.15   .97  1.14  1.23
SKEW       .55   .90   .85   .54   .95  1.10   .93  1.06   .97  1.07   .78   .90
% ESE     3.38  4.31  4.26  3.58  3.10  3.67  3.54  3.55  4.54  4.23  2.22  4.34
MEAN      3.09  3.29  3.56  3.44  2.75  2.75  2.66  2.57  2.88  2.83  2.89  3.35
STD DEV   1.09  1.21  1.53  1.51  1.10  1.17  1.13  1.08  1.15  1.22  1.18  1.43
SKEW       .45   .61   .92   .82   .82  1.02   .88   .92   .75   .77   .72   .85
% SE      8.71  8.15  8.93  7.66  8.12  9.67  9.12  8.68  9.94  9.68  8.26 10.85
MEAN      3.70  3.62  3.95  3.32  3.00  2.92  2.73  2.63  2.88  2.94  3.31  3.84
STD DEV   1.56  1.75  1.90  1.50  1.45  1.35  1.22  1.16  1.33  1.46  1.80  1.88
SKEW       .79   .95   .80   .73   .95   .94   .97  1.19  1.04  1.17  1.22   .87
% SSE    11.51  8.40  8.64  8.37  6.84  6.27  6.97  4.10  5.63  6.15  8.06 10.29
MEAN      5.18  5.00  5.27  4.56  3.75  3.40  3.16  2.82  3.40  3.85  4.76  5.09
STD DEV   2.01  2.13  2.59  2.23  1.74  1.39  1.35  1.26  1.44  1.66  2.27  2.30
SKEW       .42   .43  1.14   .99   .63   .38   .74   .77   .55   .57   .63   .78
% S      14.09  9.12 11.08 12.31 10.81 10.03 10.25  8.48  7.64  7.64  9.98 10.12
MEAN      5.30  5.04  4.93  4.53  3.83  3.38  3.11  2.90  3.31  3.49  4.18  4.72
STD DEV   2.13  2.17  2.20  1.94  1.82  1.43  1.33  1.30  1.46  1.52  1.99  2.18
SKEW       .45   .31   .56   .49   .72   .57   .64   .91   .65   .57   .61   .63
% SSW     7.80  6.54  6.42  8.30  8.29  8.74  7.77  5.36  3.94  4.04  5.83  5.61
MEAN      5.37  5.31  4.99  4.90  4.36  3.80  3.39  3.13  3.33  3.85  4.40  4.48
STD DEV   2.11  2.34  2.24  1.97  2.06  1.56  1.38  1.43  1.35  1.74  1.82  2.03
SKEW       .34   .44   .63   .45   .60   .47   .54   .88   .37   .54   .35   .78
% SW      4.06  5.50  4.68  5.59  6.71  8.64  8.01  6.16  3.55  3.72  4.79  4.96
MEAN      4.18  4.32  4.26  4.24  3.68  3.58  3.27  3.08  3.25  3.16  3.64  3.90
STD DEV   1.95  2.05  2.00  1.97  1.85  1.65  1.45  1.36  1.53  1.53  1.75  1.99
SKEW       .54   .65   .59   .46   .77   .65   .66   .64   .64   .67   .65  1.13
% WSW     2.58  3.35  3.99  3.87  3.94  5.18  4.97  4.00  1.96  2.25  3.36  3.44
MEAN      4.00  4.44  4.84  5.12  3.85  3.71  3.50  3.42  3.25  3.16  3.70  4.19
STD DEV   1.79  2.02  2.18  2.54  1.87  1.65  1.50  1.51  1.55  1.47  1.78  1.78
SKEW       .64   .80   .36   .78   .65   .39   .38   .51   .64   .63   .75   .24
% W       3.68  4.03  4.80  4.53  4.95  5.19  4.65  4.51  2.19  3.13  5.41  4.52
MEAN      4.25  4.21  4.64  4.86  3.51  3.48  3.18  3.13  2.90  3.22  4.19  4.36
STD DEV   1.86  2.03  2.25  2.22  1.75  1.54  1.49  1.35  1.41  1.41  1.96  1.96
SKEW       .39   .65   .39   .29   .89   .41   .55   .47   .81   .57   .64   .58
% WNW     5.13  6.04  6.73  6.77  5.16  4.66  3.98  4.05  2.57  3.26  6.42  5.64
MEAN      5.12  5.11  5.46  5.21  4.17  3.77  3.40  3.29  3.08  4.04  4.76  4.95
STD DEV   1.83  2.06  2.39  2.01  1.95  1.60  1.51  1.41  1.54  1.89  2.03  1.92
SKEW       .31   .42   .45   .21   .59   .58   .56   .47  1.12   .57   .39   .17
% NW      8.75  9.70  9.90  9.00  6.91  5.76  4.95  7.58  6.58  7.64 10.52  8.47
MEAN      4.88  4.85  4.92  4.66  3.76  3.34  2.89  3.11  3.30  3.90  4.40  4.57
STD DEV   1.92  2.06  2.06  1.95  1.88  1.48  1.26  1.44  1.56  1.88  1.90  2.00
SKEW       .26   .42   .28   .29   .60   .61   .83  1.00   .80   .74   .56   .45
% NNW     7.45  5.92  5.66  5.90  4.01  4.17  3.75  4.45  5.43  6.28  6.07  5.70
MEAN      4.71  4.54  4.60  4.42  3.61  3.30  2.89  3.03  3.28  3.69  4.40  4.54
STD DEV   1.76  2.06  1.86  1.74  1.63  1.41  1.32  1.30  1.38  1.61  1.80  2.17
SKEW       .21   .91   .33   .31   .48   .52   .90   .52   .58   .51   .32  1.06
CALM      3.34  4.36  5.01  5.24 11.65 12.06 11.61 13.94 13.74 16.14 11.05  6.13
 
INTERPOLATED DATA (station & weighting factor)
 
---Wind Stations---
MUSCLE SHOALS AL     .473  JACKSON       TN     .289  NASHVILLE     TN     .238
---Solar Radiation and Max .5 P Stations---
 NASHVILLE, TENNESE  .441   MEMPHIS, TENNESSEE  .288   BIRMINGHAM, ALABAM  .271 
---Dewpoint Stations---
TN NASHVILLE         .442  TN MEMPHIS           .287  AL BIRMINGHAM        .271 
---Time Peak Stations---
CORTINTH FIRE ST MA  .358  LEWISBURG EXP STA T  .323  DICKSON TN           .320 
