 MURFREESBORO TN                         406371 0
 LATT=  35.83 LONG= -86.38 YEARS= 44. TYPE= 3
 ELEVATION =  600. TP5 = 2.48 TP6= 5.07
 MEAN P    .45   .44   .47   .42   .47   .42   .44   .41   .52   .43   .48   .50
 S DEV P   .52   .53   .63   .51   .57   .54   .58   .51   .77   .52   .59   .65
 SKEW  P  2.26  2.31  3.35  1.99  2.14  3.33  3.12  2.35  4.34  2.88  2.80  2.60
 P(W/W)    .49   .50   .46   .47   .51   .46   .44   .42   .45   .40   .42   .44
 P(W/D)    .26   .28   .32   .28   .26   .23   .28   .23   .19   .18   .24   .27
 TMAX AV 47.84 52.26 60.92 71.45 79.37 86.64 89.90 89.28 83.38 73.09 60.82 51.08
 TMIN AV 27.78 29.88 37.59 46.37 55.03 62.88 67.08 65.39 58.58 46.02 37.32 30.52
 SD TMAX 12.31 12.36 11.32  9.74  7.48  5.92  5.13  5.32  7.64  9.13 10.84 11.32
 SD TMIN 12.39 11.91 10.79  9.98  8.09  6.13  4.41  5.22  8.20 10.07 10.92 11.67
 SOL.RAD  162.  239.  328.  442.  512.  552.  533.  480.  411.  318.  218.  160.
 SD SOL   50.5  55.9  68.1  72.7  78.0  77.1  76.7 123.2  70.0  41.9  39.5  43.0
 MX .5 P   .67   .62   .88   .84  1.70  1.02  1.84  1.52  1.15   .74   .79   .64
 DEW PT  32.65 33.45 37.45 47.22 57.11 65.11 68.11 67.32 60.43 49.54 38.54 32.45
Time Pk   .565  .682  .739  .804  .817  .829  .855  .868  .884  .926  .951 1.000
% N      10.17  9.98  7.87  7.49  6.66  5.98  6.10  7.59  8.54  8.78  7.81  7.96
MEAN      3.93  3.81  3.74  3.72  3.42  3.05  2.91  3.03  3.00  3.33  3.44  3.70
STD DEV   1.70  1.74  1.63  1.61  1.64  1.41  1.37  1.39  1.48  1.75  1.66  1.75
SKEW       .36   .58   .45   .54   .75   .72   .87   .71   .90   .80   .75   .57
% NNE     4.26  4.71  3.99  3.93  4.24  3.94  4.55  5.18  6.03  4.45  3.46  4.21
MEAN      3.46  3.41  3.42  3.49  3.29  3.06  3.01  3.08  3.34  3.22  3.07  3.59
STD DEV   1.53  1.45  1.36  1.40  1.48  1.28  1.27  1.29  1.58  1.52  1.33  1.59
SKEW       .53   .46   .45   .41   .52   .50   .52   .48   .72   .63   .87   .64
% NE      2.34  3.00  2.57  2.48  2.55  2.89  3.08  3.66  3.77  2.41  1.88  2.04
MEAN      2.85  3.15  3.01  3.05  2.84  2.92  2.81  2.82  2.79  2.82  2.57  2.93
STD DEV   1.25  1.38  1.27  1.24  1.22  1.22  1.22  1.22  1.29  1.43  1.09  1.26
SKEW       .97   .66   .56   .34   .46   .43   .78   .67   .52   .84   .73   .58
% ENE      .95  1.44  1.49  1.36  1.55  1.64  1.64  1.76  1.88  1.21   .94  1.06
MEAN      2.52  2.64  2.74  2.66  2.73  2.60  2.59  2.46  2.63  2.46  2.50  2.35
STD DEV    .95  1.20  1.15  1.24  1.31  1.15  1.22  1.07  1.25  1.21  1.07   .99
SKEW       .33   .88   .30   .80   .75   .54   .59   .52   .60   .63   .51   .56
% E       1.43  1.88  1.81  1.82  1.84  2.18  2.46  2.35  2.53  1.73  1.15  1.66
MEAN      2.15  2.37  2.65  2.42  2.37  2.35  2.24  2.19  2.25  2.07  1.87  2.17
STD DEV    .89  1.02  1.22  1.10  1.07  1.13   .98   .93  1.06  1.01   .76   .90
SKEW       .67   .65   .83   .73   .67   .83   .66   .64   .72   .93   .70   .47
% ESE     2.04  2.03  2.50  2.43  2.76  2.80  2.95  2.54  3.16  2.48  1.87  2.35
MEAN      2.50  2.70  2.91  2.77  2.33  2.41  2.09  2.13  2.35  2.15  2.16  2.45
STD DEV   1.16  1.34  1.45  1.58  1.07  1.11   .97   .89  1.06  1.02   .96  1.11
SKEW       .87  1.00   .91  1.48  1.04   .91  1.21   .79   .84  1.16   .69   .87
% SE      4.72  4.35  4.64  4.30  5.00  4.93  4.69  4.53  6.23  5.16  4.86  5.48
MEAN      2.73  3.11  3.11  2.86  2.62  2.37  2.19  2.22  2.59  2.46  2.71  2.93
STD DEV   1.32  1.80  1.69  1.44  1.27  1.10  1.09  1.04  1.25  1.27  1.45  1.55
SKEW       .97  1.26  1.26   .89   .88  1.11  1.28  1.44   .94  1.00  1.25  1.23
% SSE     9.47  7.02  7.83  8.94  7.65  6.83  6.53  5.41  7.36  7.39  8.69 10.18
MEAN      4.12  3.86  3.73  3.75  3.15  2.64  2.44  2.42  2.90  2.89  3.47  4.01
STD DEV   2.18  2.07  1.96  1.94  1.59  1.23  1.13  1.14  1.40  1.54  1.75  2.11
SKEW       .91   .96  1.04   .90   .92   .84  1.13  1.26   .78  1.10   .90   .80
% S      13.60 11.42 13.95 15.40 12.88 12.18 11.60 10.84 10.32 10.99 14.36 14.59
MEAN      4.29  4.26  4.29  4.16  3.46  2.89  2.67  2.70  3.00  3.07  3.97  4.08
STD DEV   2.09  2.07  2.11  2.06  1.78  1.40  1.22  1.30  1.47  1.63  2.09  2.01
SKEW       .65   .60   .67   .87   .82   .94   .76   .96   .80   .91   .77   .77
% SSW     6.22  5.95  6.86  8.58  7.19  6.59  6.56  5.53  4.34  4.74  5.73  6.09
MEAN      4.37  4.44  4.75  4.65  3.65  3.18  3.01  2.90  3.13  3.24  4.22  4.09
STD DEV   2.14  2.22  2.30  2.07  1.88  1.58  1.39  1.41  1.58  1.76  2.10  2.04
SKEW       .64   .63   .52   .46   .89   .78   .69   .86   .75   .81   .65   .84
% SW      3.81  3.78  4.33  4.84  5.08  5.88  6.16  4.82  3.38  3.32  3.64  4.13
MEAN      3.97  4.33  4.52  4.53  3.57  3.44  3.20  3.16  2.94  3.17  3.67  4.07
STD DEV   1.98  2.11  2.30  2.08  1.74  1.63  1.51  1.44  1.46  1.78  2.02  1.95
SKEW       .68   .42   .68   .46   .73   .52   .63   .69   .51   .71   .69   .57
% WSW     2.86  3.16  3.71  3.42  3.75  4.82  4.73  3.68  2.34  2.32  2.70  3.43
MEAN      4.12  4.08  4.81  4.75  3.62  3.48  3.24  3.27  2.92  3.33  3.85  4.20
STD DEV   2.04  2.02  2.47  2.43  1.65  1.63  1.51  1.49  1.43  1.75  2.02  2.07
SKEW       .66   .52   .67   .59   .36   .38   .61   .55   .61   .67   .51   .65
% W       4.64  5.13  6.04  4.38  4.93  5.20  5.17  4.54  3.00  3.32  4.77  4.74
MEAN      4.14  4.21  4.63  4.66  3.69  3.42  3.05  3.10  2.71  3.09  4.05  3.95
STD DEV   1.94  2.18  2.12  2.33  1.74  1.62  1.41  1.46  1.31  1.50  2.00  1.89
SKEW       .63   .61   .41   .60   .64   .73   .60   .63   .59   .56   .48   .55
% WNW     4.18  5.15  5.69  4.66  3.38  2.87  3.07  3.23  2.59  3.05  5.01  4.03
MEAN      4.29  4.46  4.76  4.66  3.88  3.18  2.89  2.80  2.80  3.47  4.41  4.38
STD DEV   1.94  1.98  2.07  2.05  1.88  1.49  1.26  1.30  1.44  1.74  2.13  1.96
SKEW       .47   .46   .37   .43   .64   .60   .41   .69   .95   .78   .38   .41
% NW      7.45  8.19  7.10  5.85  4.29  3.65  3.40  4.61  4.35  5.58  7.27  6.70
MEAN      4.40  4.43  4.59  4.23  3.41  2.98  2.84  2.78  2.88  3.47  4.11  4.12
STD DEV   1.99  2.07  2.05  1.90  1.64  1.45  1.35  1.34  1.49  1.68  1.96  1.82
SKEW       .42   .47   .49   .54   .68   .90   .69   .95   .90   .65   .64   .52
% NNW     8.56  8.63  6.72  6.03  4.35  3.91  3.62  5.08  5.15  6.68  7.20  6.76
MEAN      4.29  4.31  4.29  4.12  3.37  3.18  2.82  3.00  2.94  3.62  3.99  4.19
STD DEV   1.84  1.98  1.94  1.85  1.61  1.47  1.27  1.36  1.37  1.69  1.88  1.92
SKEW       .42   .50   .46   .46   .84   .66   .67   .74   .66   .54   .63   .54
CALM     13.24 14.13 12.90 14.04 21.83 23.81 23.65 24.72 24.92 26.30 18.60 14.56
 
INTERPOLATED DATA (station & weighting factor)
 
---Wind Stations---
SMYRNA/SEWART TN     .505  NASHVILLE     TN     .281  TULLAHOMA     TN     .214
---Solar Radiation and Max .5 P Stations---
 NASHVILLE, TENNESE  .684   CHATTONOOGA, TENNE  .204   BIRMINGHAM, ALABAM  .112 
---Dewpoint Stations---
TN NASHVILLE         .684  TN CHATTANOOGA       .204  AL BIRMINGHAM        .112 
---Time Peak Stations---
MURFREESBORO TN     1.000  LEBANON TN           .000  LEWISBURG EXP STA T  .000 
