 CANADIAN TX                             411412 0
 LATT=  35.92 LONG=-100.37 YEARS= 87. TYPE= 3
 ELEVATION = 2340. TP5 = 2.85 TP6= 5.22
 MEAN P    .21   .28   .31   .37   .47   .46   .39   .42   .46   .43   .33   .25
 S DEV P   .30   .39   .39   .44   .53   .55   .54   .53   .55   .59   .42   .30
 SKEW  P  4.32  4.83  2.21  2.55  2.44  2.16  3.29  2.50  2.20  3.16  2.38  2.13
 P(W/W)    .27   .26   .27   .35   .38   .37   .33   .33   .39   .37   .35   .24
 P(W/D)    .05   .08   .09   .11   .18   .17   .12   .14   .11   .09   .07   .07
 TMAX AV 50.14 55.16 63.40 73.40 80.73 89.64 94.93 93.64 86.02 75.23 61.90 51.78
 TMIN AV 22.47 26.43 33.39 43.95 53.49 63.13 67.66 66.18 58.32 45.85 32.71 24.69
 SD TMAX 14.12 14.37 13.83 11.42  9.63  7.89  6.24  6.81  9.10 11.13 12.25 13.40
 SD TMIN  9.41  9.37  9.64  8.54  7.54  6.15  4.56  4.94  8.15  8.78  8.86  8.90
 SOL.RAD  263.  337.  430.  529.  576.  652.  645.  577.  509.  376.  303.  251.
 SD SOL   21.6  28.5  41.3  51.7  66.1  52.9  48.8 104.3  46.4  26.5  14.5  16.4
 MX .5 P   .26   .17   .55  1.01  1.36  1.87  1.66  1.28  1.02   .62   .60   .80
 DEW PT  20.43 24.74 26.09 36.45 49.45 58.09 61.15 59.60 52.74 42.29 29.60 23.49
Time Pk   .548  .686  .755  .827  .849  .855  .873  .887  .898  .923  .957 1.000
% N       8.47  7.82  7.57  7.08  4.30  2.62  1.84  2.10  2.97  5.03  7.33  7.51
MEAN      6.57  7.27  7.18  7.04  6.33  4.31  4.42  4.12  4.98  5.73  6.42  6.37
STD DEV   2.84  3.31  3.39  3.12  2.89  1.92  2.10  2.36  2.78  2.93  3.12  2.79
SKEW       .32   .17   .63   .25   .27   .36   .74   .78   .83   .48   .57   .41
% NNE     8.19  7.42  6.38  7.04  5.11  3.31  2.52  3.13  4.95  6.13  6.28  5.55
MEAN      6.54  6.42  6.90  6.99  6.09  5.65  4.65  4.83  5.63  6.06  6.33  6.41
STD DEV   2.77  2.87  2.89  3.22  2.69  2.32  2.68  2.34  2.67  2.88  2.85  2.78
SKEW       .17   .28   .24   .25   .35   .26  1.21   .77   .42   .48   .54   .37
% NE      4.90  5.30  5.38  6.03  5.44  3.19  3.98  4.46  5.63  4.84  4.57  4.04
MEAN      4.66  5.40  5.49  5.95  5.46  4.91  4.25  4.65  4.97  4.98  5.10  5.11
STD DEV   2.38  2.36  2.37  2.82  2.45  2.13  2.03  2.19  2.21  2.35  2.50  2.15
SKEW       .73   .35   .56   .53   .45   .22   .81   .72   .68   .48   .65   .42
% ENE     3.24  3.63  4.07  4.68  4.82  3.94  3.86  4.60  5.62  2.94  2.18  2.91
MEAN      4.12  4.61  5.14  5.44  5.18  4.79  4.70  4.25  4.60  4.35  4.30  4.47
STD DEV   1.74  2.00  2.19  2.54  2.18  2.19  2.25  1.84  1.85  1.82  1.98  1.87
SKEW       .49   .47   .41   .52   .46   .40   .58   .36   .32   .48   .36   .46
% E       1.64  3.04  2.92  3.69  3.85  3.56  3.65  3.96  3.95  2.00  1.44  2.00
MEAN      3.83  4.13  4.87  4.58  4.88  4.65  4.26  4.07  3.97  3.68  3.29  3.92
STD DEV   1.73  1.62  2.17  2.02  2.31  2.05  1.86  1.82  1.54  1.66  1.37  1.68
SKEW       .72   .59   .62   .42   .59   .48   .77   .57   .25   .56   .27   .36
% ESE     1.96  3.08  3.43  4.32  5.23  4.30  5.59  5.55  4.72  2.27  1.64  2.00
MEAN      3.72  4.61  4.79  5.05  5.16  5.04  4.62  4.35  4.46  4.01  3.79  3.89
STD DEV   1.50  1.75  1.88  2.28  2.35  2.14  2.03  1.84  1.81  1.76  1.36  1.41
SKEW       .03   .54   .73   .66   .82   .51   .71   .41   .39   .81   .16   .41
% SE      2.91  4.20  4.70  6.68  6.33  7.39  7.63  8.99  6.33  4.81  2.50  2.03
MEAN      4.14  4.78  5.39  5.97  5.60  5.34  4.95  4.75  4.70  4.83  4.85  4.08
STD DEV   1.91  1.97  2.34  2.62  2.69  2.15  2.16  1.95  1.80  1.96  2.13  1.83
SKEW       .46   .51   .42   .44   .72   .46   .92   .45   .37   .37   .70   .96
% SSE     4.90  7.29  9.13  9.95 12.73 18.06 15.86 14.89 13.69 11.45  6.04  5.40
MEAN      5.74  6.25  7.06  7.14  7.03  6.77  5.84  5.44  6.08  6.29  6.14  6.09
STD DEV   2.33  2.62  2.56  2.73  2.90  2.34  2.16  1.94  2.11  2.59  2.59  2.59
SKEW       .13   .29   .12   .49   .45   .16   .44   .25   .24   .54   .73   .34
% S       9.16  9.82 10.27 10.44 15.26 18.56 19.63 17.98 17.59 15.62  9.78 10.50
MEAN      6.54  6.71  7.55  7.32  7.32  7.02  6.32  5.71  6.32  6.59  6.62  6.58
STD DEV   2.56  2.72  2.69  3.06  3.01  2.68  2.38  2.23  2.29  2.47  2.65  2.69
SKEW       .19   .26   .02   .38   .28   .27   .22   .76   .10   .13   .22   .30
% SSW    12.92 12.52 10.78  9.63 12.75 15.23 16.05 14.47 14.92 15.53 12.32 13.46
MEAN      6.63  6.76  7.36  7.47  6.94  6.79  6.55  6.04  6.54  6.54  6.56  6.64
STD DEV   2.90  2.83  2.85  2.90  2.72  2.37  2.39  2.24  2.44  2.62  2.61  2.79
SKEW       .38   .30   .26   .14   .19   .05   .04   .24   .15   .32   .46   .45
% SW     11.13  8.81  7.12  7.48  7.35  7.42  7.69  8.10  7.12  9.11 10.76 11.22
MEAN      5.86  5.64  6.78  6.27  6.11  5.95  5.86  5.56  5.40  4.95  5.38  5.42
STD DEV   2.95  2.68  3.26  2.80  2.88  2.62  2.36  2.39  2.50  2.32  2.49  2.60
SKEW       .65   .79   .56   .35   .38   .08   .12   .21   .27   .56   .76   .88
% WSW     7.59  5.23  5.59  4.57  3.49  2.89  2.81  3.42  2.72  4.70  6.97  8.55
MEAN      5.31  5.18  7.27  5.99  5.78  5.09  4.70  4.79  4.73  4.67  5.07  5.46
STD DEV   2.64  2.49  4.03  3.16  3.29  2.22  2.14  2.38  2.33  2.60  2.52  2.59
SKEW       .73   .68   .79   .79   .80   .38   .25   .67   .68   .99   .88   .81
% W       5.28  4.27  4.03  3.65  2.83  1.67  1.48  1.64  1.63  3.27  4.83  5.70
MEAN      5.35  5.13  6.31  5.60  5.95  3.55  3.56  3.32  2.95  4.20  4.13  5.34
STD DEV   2.66  2.70  3.67  2.99  3.66  1.64  1.61  1.48  1.39  2.37  2.28  2.87
SKEW       .62   .78   .86   .78   .64   .55   .61   .45   .45   .93  1.03   .72
% WNW     3.36  3.66  3.07  2.69  1.98  1.30  1.31  1.22  1.03  2.28  4.08  3.87
MEAN      5.02  5.42  6.22  5.77  5.57  4.38  3.71  3.09  3.84  4.33  5.11  5.26
STD DEV   2.57  2.64  3.51  2.92  3.60  2.07  1.61  1.40  1.75  2.34  2.81  2.97
SKEW       .79   .64   .57   .54  1.03   .80   .60   .51   .66   .84   .84  1.05
% NW      5.02  5.35  4.98  4.14  3.20  1.78  1.35  1.08  1.39  2.84  6.67  5.42
MEAN      4.67  5.69  6.35  5.66  5.06  4.25  3.56  3.13  3.28  4.69  5.85  5.35
STD DEV   2.33  2.99  3.32  2.99  2.70  2.17  1.79  1.68  1.59  2.48  3.40  2.83
SKEW       .52   .84   .71   .79   .70   .69   .76   .59   .66   .53  1.00  1.02
% NNW     6.33  5.92  8.25  5.60  2.98  2.27  1.54  1.40  2.09  3.51  9.35  6.54
MEAN      6.13  6.30  7.60  7.56  5.68  5.00  3.56  3.79  4.34  5.06  6.85  6.55
STD DEV   2.94  3.02  3.84  3.64  2.55  2.36  1.92  2.14  2.17  2.72  3.73  3.24
SKEW       .54   .59   .52   .32   .18   .93   .80  1.35   .84   .68   .77   .61
CALM      3.06  2.73  2.16  2.20  2.33  2.45  3.16  2.94  3.50  3.75  3.27  3.22
 
TRIANGULATED DATA (station & weighting factor)
 
---Wind Stations---
GAGE          OK     .486  CLARENDON     TX     .280  AMARILLO      TX     .234
---Solar Radiation and Max .5 P Stations---
 AMARILLO, TEXAS     .447   DODGE CITY, KANSAS  .305   OKLAHOMA CITY, OKL  .249 
---Dewpoint Stations---
TX AMARILLO          .447  KS DODGE CITY        .305  OK OKLAHOMA CITY     .248 
---Time Peak Stations---
GAGEBY 1 NNW TX      .413  LIPSCOMB TX          .386  PAMPA 2 TX           .202 
