 LULING TX                               415429 0
 LATT=  29.70 LONG= -97.67 YEARS= 91. TYPE= 4
 ELEVATION =  420. TP5 = 3.44 TP6= 7.25
 MEAN P    .27   .33   .30   .49   .53   .55   .42   .36   .46   .52   .40   .30
 S DEV P   .43   .49   .44   .71   .76   .81   .72   .57   .76   .81   .61   .47
 SKEW  P  4.38  3.38  2.72  2.74  2.91  3.19  4.74  3.96  4.37  3.50  2.90  3.32
 P(W/W)    .50   .47   .37   .42   .47   .47   .44   .41   .48   .43   .47   .50
 P(W/D)    .18   .19   .18   .18   .19   .14   .13   .13   .18   .14   .15   .18
 TMAX AV 61.50 65.58 73.31 80.15 86.23 92.88 95.90 96.73 90.80 82.58 71.48 63.47
 TMIN AV 38.98 42.25 49.14 57.19 64.58 70.78 72.73 72.48 67.75 57.89 48.21 41.04
 SD TMAX 12.29 11.76 10.21  7.47  6.21  5.17  4.47  4.72  6.35  7.99 10.29 11.17
 SD TMIN 11.09 10.41 10.33  8.89  6.57  4.31  2.60  3.12  6.44  9.39 10.77 10.63
 SOL.RAD  278.  346.  418.  446.  546.  614.  633.  583.  489.  399.  293.  258.
 SD SOL   39.5  46.0  60.1  85.9  75.3  61.4  50.4  99.9  60.6  38.2  40.6  37.5
 MX .5 P   .56   .91   .59  1.42  1.88  1.56  1.45  1.15  1.55  1.44   .98   .42
 DEW PT  40.22 43.63 46.63 55.93 64.70 68.93 69.35 68.35 65.93 57.17 47.17 42.40
Time Pk   .519  .642  .712  .784  .805  .816  .839  .859  .882  .917  .958 1.000
% N      14.51 14.87  9.91  7.43  5.63  1.86  1.09  2.48  6.41 11.01 14.58 15.99
MEAN      6.26  6.36  6.34  6.27  5.67  3.71  4.22  3.53  4.16  5.11  6.08  6.06
STD DEV   2.96  2.89  3.10  2.90  2.69  1.59  1.75  1.69  2.07  2.65  2.94  2.88
SKEW       .76   .38   .34   .37   .53   .42   .41   .51  1.03   .68   .51   .47
% NNE    10.64  9.26 10.61  6.55  5.27  2.12  1.55  3.04  7.78  9.20 10.11  8.55
MEAN      5.73  5.99  5.92  5.79  5.26  4.79  4.18  3.99  4.78  5.71  5.97  5.56
STD DEV   2.55  2.65  2.97  2.62  2.57  2.04  1.91  1.80  2.09  2.52  2.75  2.57
SKEW       .46   .51   .71   .44   .45   .77   .69   .55   .67   .47   .50   .56
% NE      4.69  4.94  4.78  3.82  3.43  2.20  1.62  3.18  6.98  4.97  4.73  3.61
MEAN      4.65  5.06  4.52  4.82  4.97  4.31  4.20  3.73  4.12  4.15  4.92  4.03
STD DEV   2.18  2.17  2.12  2.19  2.37  1.84  1.69  1.60  1.80  2.17  2.20  1.85
SKEW       .87   .40   .60   .73   .54   .87   .34   .62   .68   .88   .43   .48
% ENE     2.60  2.38  2.97  2.57  2.52  1.79  1.83  3.26  4.52  3.16  2.62  2.21
MEAN      3.48  3.50  3.60  3.73  4.13  3.92  3.85  3.87  3.80  3.80  3.65  3.34
STD DEV   1.51  1.65  1.73  1.52  2.00  1.46  1.39  1.56  1.63  1.52  1.61  1.27
SKEW       .48   .83   .98   .52   .84   .22   .14   .58   .47   .78   .29   .15
% E       1.59  2.38  2.17  2.58  2.63  2.59  2.47  3.60  5.06  3.38  1.99  1.63
MEAN      3.13  3.32  3.30  3.49  3.54  3.61  3.79  3.53  3.59  3.41  3.16  2.82
STD DEV   1.08  1.39  1.47  1.39  1.36  1.67  1.60  1.46  1.46  1.40  1.31  1.26
SKEW       .45   .43   .40   .21   .40   .99   .39   .32   .56   .18   .38   .87
% ESE     1.38  2.67  2.76  4.07  4.25  3.86  4.12  3.71  4.69  3.24  1.65  1.55
MEAN      3.27  3.73  4.13  4.04  3.90  4.01  4.06  3.75  3.58  3.64  3.54  2.90
STD DEV   1.63  1.70  1.78  1.62  1.60  1.69  1.61  1.57  1.43  1.43  1.80  1.33
SKEW       .61   .69   .24   .40   .50   .47   .31   .37   .56   .33   .79   .76
% SE      2.28  4.56  5.93  8.72 11.10 12.23  7.94  7.15  5.19  4.53  3.15  2.41
MEAN      3.94  3.99  4.38  4.63  4.62  4.78  4.39  3.92  3.68  3.78  3.70  3.22
STD DEV   1.90  1.97  2.02  1.94  1.92  1.86  1.76  1.62  1.45  1.76  1.68  1.51
SKEW       .52  1.06   .51   .43   .36   .26   .28   .44   .40   .75   .61   .67
% SSE     6.01  8.77 14.08 24.16 24.69 29.16 23.91 18.28 10.55  9.26  7.34  5.28
MEAN      4.52  5.27  5.23  5.36  5.39  5.25  4.77  4.59  4.04  4.25  4.75  4.52
STD DEV   2.10  2.27  2.21  2.18  1.99  1.93  1.95  1.91  1.78  1.80  2.09  2.11
SKEW       .54   .38   .42   .39   .30   .28   .44   .40   .63   .52   .47   .50
% S      12.78  9.83 13.50 15.25 16.35 19.60 23.22 22.19 12.30 12.24 10.83 10.26
MEAN      5.00  4.96  5.09  5.25  5.31  4.79  4.53  4.39  4.15  4.41  5.00  4.70
STD DEV   2.14  2.30  2.13  2.14  2.11  1.88  1.86  1.83  1.82  1.88  2.19  2.08
SKEW       .31   .41   .26   .41   .25   .30   .49   .40   .49   .46   .38   .55
% SSW     8.02  6.83  7.72  4.89  4.55  6.88 12.37 11.63  4.93  5.97  7.23  8.46
MEAN      5.06  4.71  4.78  4.64  4.53  4.58  4.32  4.18  4.07  4.30  4.87  4.61
STD DEV   2.20  2.23  2.12  2.10  1.85  1.81  1.67  1.70  1.74  1.80  2.28  2.08
SKEW       .30   .28   .27   .27   .25   .35   .29   .33   .46   .23   .64   .43
% SW      3.78  3.22  2.06  1.56  1.41  1.84  3.71  4.06  2.23  2.63  2.25  3.56
MEAN      4.40  4.41  4.56  3.98  3.85  3.63  3.75  3.81  3.65  3.59  3.52  3.71
STD DEV   2.11  2.01  2.07  2.03  1.81  1.71  1.65  1.59  1.74  1.63  1.59  2.03
SKEW       .54   .26   .43   .67   .64   .42   .33   .13   .47   .44   .60   .78
% WSW     1.51  1.45   .95   .84   .73   .95  1.14  1.14   .92  1.15  1.09  1.59
MEAN      3.33  3.25  3.50  3.54  3.12  3.12  3.28  3.05  2.78  3.30  2.67  2.78
STD DEV   1.50  1.77  1.96  1.93  1.23  1.30  1.37  1.30  1.37  1.49  1.08  1.15
SKEW       .57   .90   .75   .92   .48   .70   .55   .80   .59   .68   .29   .82
% W       1.54  1.55  1.12   .86   .62   .44   .77   .72   .70   .96  1.28  1.76
MEAN      3.33  3.43  3.32  4.23  2.84  2.39  2.63  2.62  2.73  2.54  2.64  3.20
STD DEV   1.83  2.18  1.97  1.69  1.02   .53  1.27   .88  1.00  1.17  1.29  2.01
SKEW      1.27  1.26   .84   .87   .66   .16   .88   .72   .62   .76   .72  1.60
% WNW     2.21  2.00  1.17  1.30   .70   .34   .32   .40   .73   .86  1.65  2.13
MEAN      4.04  4.94  5.44  4.93  3.49  1.22  3.45  2.40  2.46  2.89  3.56  3.84
STD DEV   2.48  2.75  3.24  2.63  1.54   .62   .47   .67  1.11  1.55  2.29  2.18
SKEW      1.49   .53   .57   .38   .50   .32 -1.52 -1.21   .46   .79  1.40   .71
% NW      3.73  4.23  2.03  1.87  1.32   .55   .52   .50  1.35  2.15  3.39  4.41
MEAN      4.85  5.34  5.32  4.87  3.77  3.17  3.71  3.43  2.53  2.89  4.09  4.66
STD DEV   2.81  2.89  2.88  2.61  1.70   .72  1.33   .95  1.00  1.43  2.72  2.72
SKEW       .81   .48   .45   .75   .63 -1.29  -.26   .22   .52  1.26  1.28   .88
% NNW     6.38  6.26  4.14  3.21  2.24   .89   .46  1.08  2.67  3.96  6.94  7.22
MEAN      5.98  5.65  6.56  5.22  5.01  3.85  3.40  2.92  2.82  3.90  4.82  5.42
STD DEV   2.96  2.99  3.77  2.82  2.57  1.52  1.13  1.33  1.26  2.07  2.63  2.81
SKEW       .46   .60   .38   .79   .57   .29  -.11   .78  1.13   .77   .84   .47
CALM     16.27 14.73 14.18 10.37 12.61 12.64 12.94 13.65 23.03 21.34 19.15 19.46
 
TRIANGULATED DATA (station & weighting factor)
 
---Wind Stations---
SAN MARCOS    TX     .562  AUSTIN/BERGS. TX     .278  VICTORIA      TX     .159
---Solar Radiation and Max .5 P Stations---
 AUSTIN, TEXAS       .466   SAN ANTONIO, TEXAS  .389   CORPUS CHRISTI, TE  .145 
---Dewpoint Stations---
TX AUSTIN            .417  TX SAN ANTONIO       .350  TX VICTORIA          .233 
---Time Peak Stations---
RED ROCK TX          .445  CHEAPSIDE TX         .296  RANDOLPH FIELD TX    .259 
