 VERNON TX                               419346 0
 LATT=  34.15 LONG= -99.28 YEARS= 61. TYPE= 3
 ELEVATION = 1200. TP5 = 3.05 TP6= 6.01
 MEAN P    .29   .34   .37   .47   .59   .60   .49   .45   .63   .61   .39   .30
 S DEV P   .32   .42   .41   .60   .74   .70   .67   .56   .71   .78   .45   .36
 SKEW  P  2.10  2.40  1.96  2.64  2.33  1.91  3.27  2.23  1.80  2.32  2.15  2.44
 P(W/W)    .31   .37   .25   .32   .36   .33   .28   .33   .39   .37   .33   .29
 P(W/D)    .09   .09   .12   .13   .19   .15   .10   .11   .12   .11   .07   .08
 TMAX AV 54.61 59.69 69.02 78.21 85.55 93.49 98.31 97.68 89.36 79.22 66.05 56.82
 TMIN AV 28.40 32.80 40.26 49.91 59.29 68.01 72.24 71.00 63.38 51.79 39.10 31.30
 SD TMAX 13.69 13.74 12.42  9.93  8.46  7.07  5.94  6.77  9.11  9.94 11.26 12.08
 SD TMIN  9.54  9.18  9.66  8.94  7.17  5.73  4.53  4.83  7.77  8.56  9.20  8.84
 SOL.RAD  258.  333.  427.  510.  565.  645.  629.  582.  506.  383.  305.  250.
 SD SOL   27.7  33.8  44.8  58.8  68.5  53.8  52.9  97.3  48.4  27.9  18.3  21.3
 MX .5 P   .33   .30   .67   .83  1.55  1.95  1.62  1.57  1.18   .82   .70   .66
 DEW PT  27.03 32.29 32.51 44.14 56.36 62.94 64.09 62.88 57.45 48.06 34.87 28.48
Time Pk   .543  .662  .726  .801  .823  .836  .864  .881  .892  .921  .959 1.000
% N      10.11 10.75  8.87  6.54  5.11  3.38  2.14  2.60  5.29  7.83  9.43  9.29
MEAN      5.92  6.54  6.63  6.33  5.79  4.94  4.15  4.08  4.87  5.67  6.10  5.84
STD DEV   2.91  3.24  3.15  3.09  2.69  2.43  2.12  2.20  2.55  2.86  3.19  2.87
SKEW       .34   .44   .38   .53   .33   .45   .72   .87   .53   .44   .70   .47
% NNE     8.01  6.76  6.51  6.48  5.18  3.07  2.58  3.29  5.64  6.58  6.01  5.92
MEAN      5.70  5.78  6.20  6.31  5.57  5.13  4.57  4.73  5.19  5.45  5.46  5.57
STD DEV   2.58  2.73  2.89  2.90  2.67  2.24  2.29  2.35  2.35  2.56  2.66  2.62
SKEW       .58   .43   .44   .60   .60   .23   .68   .54   .52   .49   .60   .54
% NE      5.65  6.20  6.37  7.12  5.23  3.47  4.08  4.35  6.92  5.38  4.44  4.78
MEAN      4.60  4.71  5.65  5.10  4.90  4.61  4.29  4.64  4.84  4.87  4.70  4.15
STD DEV   2.29  2.30  2.66  2.38  2.54  2.30  2.08  2.09  2.29  2.38  1.97  1.96
SKEW       .67   .75   .72   .48  1.28   .57   .72   .45   .55   .55   .64   .51
% ENE     2.55  2.62  2.66  3.16  3.38  2.75  3.00  3.55  3.56  2.09  1.60  1.49
MEAN      4.07  4.09  4.45  4.95  4.71  4.45  4.11  4.15  4.15  3.63  3.67  3.32
STD DEV   1.94  1.84  2.03  2.28  2.00  2.07  1.88  1.66  1.91  1.68  1.42  1.43
SKEW       .59   .63   .51   .61   .21   .76   .42   .56   .39   .68   .69   .65
% E       3.62  3.81  4.31  4.35  4.84  4.82  5.66  5.67  4.54  3.14  2.35  2.68
MEAN      3.63  3.71  4.40  4.57  4.24  3.94  3.81  3.56  3.25  3.07  3.34  3.04
STD DEV   1.58  1.67  2.19  2.35  2.00  1.95  1.88  1.61  1.51  1.41  1.32  1.31
SKEW       .58   .80   .80   .81   .73   .91   .99   .71   .77   .65   .80   .53
% ESE     4.41  5.15  6.51  6.71  7.16  6.55  8.68  9.04  7.30  5.42  4.22  4.07
MEAN      3.80  4.10  4.70  5.03  4.57  4.44  4.01  3.69  3.45  3.54  3.51  3.97
STD DEV   1.58  1.86  2.21  2.25  2.12  1.83  1.84  1.66  1.49  1.60  1.51  1.75
SKEW       .71   .60  1.06   .79   .75   .54   .75   .84   .66   .67   .55   .48
% SE      7.65  8.04 10.57 10.85 13.82 15.13 15.39 16.57 13.87 12.13  8.18  7.85
MEAN      3.85  4.55  5.27  5.40  5.06  4.76  4.02  3.93  3.91  4.08  3.82  4.04
STD DEV   1.61  2.19  2.28  2.39  2.40  2.03  1.78  1.64  1.63  1.89  1.68  1.75
SKEW       .38   .88   .60   .60   .66   .56   .60   .57   .57   .73   .68   .65
% SSE     9.03  7.42  8.89 12.72 17.14 21.46 17.77 14.64 14.63 12.77  9.99  9.37
MEAN      4.69  5.11  5.87  6.29  6.13  5.97  4.66  4.38  4.58  4.86  4.45  4.55
STD DEV   1.88  2.07  2.55  2.61  2.59  2.43  1.99  1.73  1.85  2.14  1.84  1.88
SKEW       .47   .46   .36   .38   .53   .53   .57   .51   .54   .71   .44   .35
% S       8.28  8.64  8.32 10.93 14.01 17.92 16.89 15.21 13.38 12.64 11.06  9.12
MEAN      5.03  5.34  5.95  6.25  6.21  6.22  5.07  4.78  5.28  5.47  5.04  5.13
STD DEV   2.25  2.49  2.64  2.62  2.60  2.39  2.01  1.90  2.15  2.41  2.25  2.20
SKEW       .35   .71   .35   .22   .23   .16   .25   .32   .30   .47   .47   .36
% SSW     5.67  5.04  5.03  5.06  5.33  6.20  7.29  6.98  5.73  5.76  5.18  6.67
MEAN      5.17  5.54  6.13  6.20  5.71  5.95  5.24  5.22  5.85  5.41  4.96  5.43
STD DEV   2.27  2.46  2.54  2.62  2.38  2.25  2.03  1.99  2.35  2.29  2.18  2.40
SKEW       .49   .31   .28   .10   .26   .07   .20   .24   .23   .28   .39   .45
% SW      3.38  3.32  3.75  3.32  2.66  2.28  3.57  3.83  2.46  2.65  3.39  3.42
MEAN      4.54  4.70  5.68  5.57  4.97  4.95  4.47  4.72  4.72  4.21  4.35  4.41
STD DEV   2.15  2.42  2.70  2.52  2.33  1.90  1.73  1.91  2.19  1.86  2.00  2.18
SKEW       .75   .64   .60   .37   .34   .06   .23   .21   .33   .52   .77   .79
% WSW     3.02  3.13  3.35  2.92  1.82  1.37  1.66  1.76  1.59  1.82  2.91  3.63
MEAN      4.58  4.93  6.51  5.87  4.88  4.29  4.17  4.34  4.09  3.94  4.40  5.12
STD DEV   2.44  2.69  3.35  3.09  2.63  1.89  1.64  1.98  2.09  1.87  2.34  3.08
SKEW       .61   .68   .55   .62   .54   .24   .20   .48   .53   .79   .82   .87
% W       2.87  3.87  3.30  3.05  1.71  1.19  1.15  1.21  1.16  1.90  3.22  4.14
MEAN      3.68  4.31  6.28  5.27  4.58  4.00  3.34  3.53  3.83  3.60  3.84  4.37
STD DEV   2.11  2.38  3.93  3.05  2.85  1.89  1.37  1.57  1.66  1.73  2.19  2.89
SKEW      1.42  1.00  1.01   .70  1.12   .57   .36   .57   .37   .56  1.34  1.63
% WNW     3.96  3.89  3.32  2.95  1.51   .99   .73   .90  1.12  2.09  4.54  4.84
MEAN      4.00  4.73  5.14  5.48  4.01  4.09  3.53  3.15  3.53  3.79  3.99  4.23
STD DEV   2.07  2.76  3.04  3.02  2.39  1.72  1.52  1.17  1.70  1.94  2.30  2.36
SKEW      1.00  1.19  1.00   .54  1.19  1.48   .64  -.15   .38   .56  1.36  1.24
% NW      5.38  6.09  6.77  4.25  2.20  1.50   .92  1.23  1.90  3.77  6.25  6.41
MEAN      4.83  4.98  6.27  5.71  4.62  4.51  3.09  3.30  3.31  4.16  4.59  4.69
STD DEV   2.69  3.05  3.65  3.12  2.31  2.10  1.38  1.61  1.69  2.30  2.75  2.49
SKEW       .76  1.26   .79   .40   .88   .40   .81   .67   .82  1.05  1.04   .77
% NNW     5.74  6.67  6.20  4.36  2.87  2.13   .88  1.08  2.30  4.35  7.36  6.17
MEAN      6.03  5.88  7.12  6.46  4.61  4.65  3.78  3.66  4.46  5.12  5.68  5.44
STD DEV   3.15  2.98  3.48  3.18  2.51  2.34  1.49  2.13  2.45  2.65  3.09  2.84
SKEW       .47   .56   .37   .58   .85   .58   .66  1.13   .72   .57   .68   .52
CALM     10.66  8.50  5.35  5.25  6.07  5.85  7.69  8.08  8.55  9.66  9.94 10.13
 
TRIANGULATED DATA (station & weighting factor)
 
---Wind Stations---
ALTUS         OK     .535  CHILDRESS     TX     .297  PALO PINTO    TX     .167
---Solar Radiation and Max .5 P Stations---
 OKLAHOMA CITY, OKL  .385   AMARILLO, TEXAS     .317   DALLAS, TEXAS       .298 
---Dewpoint Stations---
TX WICHITA FALLS     .604  OK OKLAHOMA CITY     .213  TX LUBBOCK           .183 
---Time Peak Stations---
ALTUS OK             .413  RED SPRINGS 2 ESE T  .360  HOBART 1 WSW OK      .227 
