 MADISONVILLE TX                         415477 0
 LATT=  30.95 LONG= -95.90 YEARS= 50. TYPE= 4
 ELEVATION =  240. TP5 = 3.48 TP6= 7.66
 MEAN P    .46   .47   .50   .70   .66   .59   .45   .55   .68   .80   .59   .48
 S DEV P   .61   .51   .65   .86   .71   .69   .51   .83   .88  1.06   .67   .55
 SKEW  P  3.78  1.98  3.41  2.51  1.73  2.00  2.29  4.25  2.92  2.74  2.01  2.45
 P(W/W)    .38   .38   .25   .34   .34   .40   .37   .30   .37   .33   .35   .41
 P(W/D)    .18   .18   .17   .16   .17   .14   .12   .13   .15   .12   .15   .16
 TMAX AV 60.96 65.29 72.60 79.57 85.75 92.15 95.69 96.42 90.28 82.30 71.10 63.58
 TMIN AV 38.97 42.21 48.78 56.49 63.81 69.78 72.13 71.56 66.64 56.63 47.18 41.00
 SD TMAX 12.15 11.15  9.12  6.71  5.14  4.43  4.33  4.74  6.15  7.54 10.05 10.60
 SD TMIN 11.65 10.56 10.43  9.07  6.45  4.65  3.02  3.85  6.74  9.07 11.28 11.08
 SOL.RAD  264.  326.  420.  479.  563.  639.  617.  586.  495.  405.  303.  250.
 SD SOL   37.4  45.9  53.8  71.0  67.8  52.4  54.7  91.1  55.1  30.2  30.2  33.0
 MX .5 P   .64   .52   .81  1.11  1.77  1.09  1.74  1.71  1.24  1.48   .86   .67
 DEW PT  40.59 43.16 46.16 55.71 64.29 70.46 71.46 70.46 66.03 57.30 46.87 42.76
Time Pk   .473  .605  .688  .772  .798  .814  .848  .872  .887  .921  .956 1.000
% N       8.12  7.47  6.27  4.82  3.61  1.24  1.12  1.44  3.93  5.81  7.06  7.51
MEAN      5.26  4.60  4.74  4.83  4.13  3.83  2.72  2.91  3.49  4.16  4.96  4.85
STD DEV   2.35  2.15  2.19  2.28  1.99  1.94  1.21  1.45  1.50  2.04  2.64  2.26
SKEW       .37   .42   .32   .34   .53   .14   .15   .88   .50   .61   .52   .51
% NNE     6.33  6.81  6.53  5.82  5.49  1.74  1.87  2.64  6.81  7.64  7.10  6.18
MEAN      4.68  4.48  4.45  4.45  4.31  3.79  3.81  3.50  3.93  4.33  4.71  4.55
STD DEV   2.04  1.90  2.05  2.05  1.99  1.56  1.76  1.51  1.67  2.14  2.16  1.93
SKEW       .39   .38   .51   .50   .54   .27   .55   .42   .35   .74   .51   .32
% NE      3.86  4.69  5.65  3.30  4.35  2.21  2.50  3.41  9.08  6.27  5.24  4.12
MEAN      3.80  3.72  3.86  3.73  3.43  3.24  3.59  3.21  3.50  3.62  3.72  3.69
STD DEV   1.64  1.66  1.77  1.70  1.59  1.36  1.88  1.51  1.58  1.87  1.89  1.63
SKEW       .44   .41   .43   .50   .70   .49   .72   .72   .43  1.08   .79   .38
% ENE     2.93  3.81  5.15  3.20  3.67  2.50  3.89  4.26  9.74  5.91  5.79  3.47
MEAN      3.61  3.70  3.73  3.74  3.57  3.22  3.56  3.62  3.62  3.51  3.44  3.56
STD DEV   1.50  1.57  1.45  1.62  1.49  1.46  1.69  1.73  1.68  1.64  1.66  1.56
SKEW       .27   .38   .18   .35   .42   .50   .87   .63   .70   .93   .60   .30
% E       3.36  3.69  4.61  4.15  4.28  4.25  5.48  5.61  8.72  6.60  5.30  3.75
MEAN      3.19  3.19  3.34  3.13  3.17  2.70  3.08  3.19  3.24  3.04  3.28  3.21
STD DEV   1.45  1.55  1.61  1.39  1.57  1.22  1.57  1.51  1.67  1.47  1.63  1.46
SKEW       .48   .72   .57   .33  1.07   .73   .84   .78  1.11   .82   .75   .52
% ESE     2.67  3.49  4.56  4.48  4.47  5.00  5.84  5.44  6.15  5.87  4.18  4.46
MEAN      2.96  3.84  3.70  3.54  3.37  3.20  3.34  3.44  3.19  3.07  3.48  3.45
STD DEV   1.14  1.73  1.64  1.60  1.44  1.47  1.74  1.61  1.54  1.35  1.56  1.48
SKEW       .46   .43   .50   .44   .51   .54  1.39   .70   .82   .62   .43   .52
% SE      5.78  6.24  7.99 11.39 10.22 13.14 10.46  7.79  8.06  8.44  7.70  6.44
MEAN      3.53  4.06  4.18  4.03  4.05  3.59  3.17  3.25  3.03  3.26  3.58  3.48
STD DEV   1.70  1.99  2.07  1.93  1.95  1.66  1.56  1.46  1.41  1.47  1.67  1.52
SKEW       .54   .63   .69   .61   .68   .57   .79   .60   .92   .70   .69   .57
% SSE     8.31  6.59 10.78 16.54 14.68 17.52 12.48 11.29  7.81  8.78  7.66  6.32
MEAN      4.24  4.67  4.75  4.77  4.56  4.16  3.74  3.73  3.59  3.73  4.16  3.84
STD DEV   1.74  2.11  1.92  1.99  1.92  1.78  1.71  1.55  1.62  1.63  1.89  1.69
SKEW       .40   .42   .31   .48   .29   .45   .58   .35   .77   .52   .57   .59
% S      13.60 10.42 12.98 15.28 16.27 19.44 16.74 16.42  9.60 10.01 10.17 11.66
MEAN      4.68  4.40  4.95  4.62  4.61  4.30  3.62  3.94  3.70  3.75  4.42  4.38
STD DEV   1.98  2.05  2.19  2.08  2.04  1.85  1.62  1.73  1.91  1.77  2.05  2.08
SKEW       .40   .64   .46   .50   .33   .44   .58   .50  1.03   .64   .50   .74
% SSW    10.42  8.09  8.09  7.35  7.57 10.79 11.48 14.08  5.13  5.76  5.63  6.79
MEAN      5.60  5.10  5.17  4.95  4.87  4.64  4.09  4.24  4.08  4.36  5.17  5.25
STD DEV   2.37  2.27  2.14  2.12  2.17  1.95  1.72  1.68  1.84  1.89  2.36  2.48
SKEW       .37   .50   .28   .39   .47   .49   .48   .33   .72   .37   .60   .48
% SW      4.48  6.35  3.11  2.87  4.20  6.12  9.47  7.54  2.86  2.68  3.36  4.05
MEAN      5.32  4.60  4.44  4.25  3.78  3.91  3.90  4.05  3.59  3.68  4.25  4.63
STD DEV   2.67  2.38  2.22  2.12  1.78  1.85  1.72  1.73  1.93  1.78  2.45  2.38
SKEW       .40   .68   .48   .78   .47   .38   .47   .38   .83   .44   .83   .52
% WSW     1.75  3.50  2.08  1.37  1.54  1.79  4.06  3.52  1.49  1.60  1.52  1.95
MEAN      4.56  4.69  4.44  4.54  3.66  3.25  4.05  4.17  3.26  3.56  3.64  4.31
STD DEV   2.09  2.26  2.10  1.58  1.62  1.35  1.48  1.60  1.30  1.61  1.77  2.28
SKEW       .32   .63   .61  -.15   .52   .44   .16   .32   .37   .50   .61   .51
% W       1.82  2.66  1.95  1.23  1.38  1.00  1.68  1.64  1.37  1.42  1.94  2.75
MEAN      3.77  3.96  4.74  3.77  3.03  2.82  3.39  3.34  2.77  2.78  3.33  3.55
STD DEV   2.01  2.58  3.12  2.23  1.37  1.28  1.54  1.23  1.25  1.33  1.58  1.72
SKEW       .86  1.58   .88   .75   .66   .66   .16   .05   .44   .68   .67   .71
% WNW     3.69  3.46  2.56  1.55  1.37   .63   .85   .89  1.04  1.34  2.96  4.21
MEAN      5.29  5.24  5.67  4.73  3.18  2.63  3.09  3.12  2.67  3.68  4.34  4.87
STD DEV   2.85  2.90  3.60  1.69  1.42   .95  1.25  1.26  1.10  2.26  2.73  2.87
SKEW       .58   .46   .62   .97   .50  1.10  -.20   .03   .80  1.36  1.21   .88
% NW      5.32  5.89  3.48  2.91  2.29   .73   .75   .89  1.32  2.62  4.94  6.55
MEAN      5.51  5.98  4.85  4.83  4.13  2.60  3.09  2.88  2.85  3.96  4.65  5.21
STD DEV   2.81  2.83  2.58  2.50  1.89  1.14  1.17  1.46  1.51  1.92  2.52  2.90
SKEW       .53   .14   .64   .47   .45   .25   .47   .52  1.19   .59   .75   .70
% NNW     8.65  8.47  6.59  5.50  4.12   .82  1.03  1.05  2.56  4.95  7.51  9.32
MEAN      5.40  5.36  5.53  5.24  4.44  3.05  3.90  3.03  3.51  4.49  4.92  5.43
STD DEV   2.33  2.53  2.58  2.59  2.02  1.48  1.93  1.35  1.79  2.20  2.39  2.63
SKEW       .50   .27   .28   .35   .40   .59   .68   .89   .89   .56   .54   .45
CALM      8.81  8.34  7.70  8.28 10.33 11.14 10.38 12.02 14.30 14.25 11.96 10.55
 
TRIANGULATED DATA (station & weighting factor)
 
---Wind Stations---
COLLEGE STA.  TX     .519  LUFKIN        TX     .270  WACO/CONNALLY TX     .211
---Solar Radiation and Max .5 P Stations---
 WACO, TEXAS         .430   GALVESTON, TEXAS    .296   DALLAS, TEXAS       .273 
---Dewpoint Stations---
TX PALESTINE         .439  TX HOUSTON           .285  TX WACO              .277 
---Time Peak Stations---
SOMERVILLE DAM TX    .432  NAVARRO MILLS DAM T  .294  NACOGDOCHES 4 NE TX  .274 
