 BLANCO TX                               41 832 0
 LATT=  30.10 LONG= -98.42 YEARS= 91. TYPE= 4
 ELEVATION = 1350. TP5 = 3.38 TP6= 7.12
 MEAN P    .30   .35   .35   .52   .55   .55   .55   .47   .57   .63   .42   .35
 S DEV P   .43   .48   .46   .75   .72   .69   .74   .57  1.02   .87   .53   .52
 SKEW  P  2.99  3.81  2.45  4.00  3.67  2.60  2.63  2.64  9.36  2.97  2.39  3.24
 P(W/W)    .44   .46   .37   .40   .41   .44   .40   .35   .44   .43   .44   .47
 P(W/D)    .15   .16   .15   .16   .18   .12   .10   .10   .14   .12   .13   .14
 TMAX AV 59.89 63.29 71.01 78.10 84.55 91.72 95.36 96.11 89.92 81.08 69.46 61.68
 TMIN AV 34.89 37.66 44.20 52.13 60.59 67.49 70.02 69.26 64.17 53.80 43.46 36.36
 SD TMAX 12.91 12.51 11.03  8.96  7.01  5.60  4.89  5.25  7.40  9.24 10.99 11.59
 SD TMIN 11.38 10.58 10.68  9.68  7.17  4.85  3.31  3.87  7.35 10.08 11.42 10.53
 SOL.RAD  279.  347.  417.  445.  541.  612.  639.  585.  493.  398.  295.  256.
 SD SOL   38.6  45.1  60.0  86.3  77.1  62.5  48.8  99.3  59.4  38.0  39.2  37.6
 MX .5 P   .53  1.01   .52  1.57  1.94  1.48  1.46  1.19  1.49  1.48  1.07   .44
 DEW PT  37.50 41.03 43.78 53.78 63.03 67.27 67.68 66.68 64.27 55.27 45.03 39.91
Time Pk   .527  .650  .716  .791  .808  .822  .849  .866  .884  .912  .956 1.000
% N      13.20 12.31 10.14  7.07  4.79  2.13   .89  2.00  6.46  9.67 13.17 13.56
MEAN      5.82  5.75  6.00  5.58  4.89  3.89  3.14  3.27  4.11  4.73  5.34  5.40
STD DEV   2.89  2.79  2.88  2.82  2.52  1.98  1.55  1.55  2.37  2.48  2.83  2.78
SKEW       .53   .43   .38   .56   .56   .60   .67   .60  1.22   .64   .59   .44
% NNE    10.30  9.90  8.16  6.30  4.87  2.03  1.21  2.38  6.62  7.74  9.16  9.04
MEAN      5.80  5.45  5.60  5.39  5.11  4.20  3.73  3.84  4.73  4.81  5.43  5.13
STD DEV   2.56  2.38  2.50  2.51  2.38  1.82  1.72  1.76  2.33  2.19  2.61  2.39
SKEW       .42   .37   .41   .48   .46   .31   .48   .56   .75   .60   .63   .50
% NE      6.36  7.62  6.01  5.09  4.25  3.06  1.70  3.08  7.24  5.88  5.96  6.02
MEAN      4.63  4.77  4.68  4.70  4.37  4.15  3.91  3.86  4.22  4.15  4.46  4.03
STD DEV   2.11  2.05  2.19  2.18  1.99  1.96  1.75  1.89  1.92  1.86  1.97  1.84
SKEW       .74   .47   .58   .63   .59   .68   .48   .62   .49   .74   .51   .65
% ENE     2.81  4.38  3.86  3.90  3.41  2.89  1.85  3.37  5.92  3.95  2.97  3.29
MEAN      3.71  4.05  3.97  4.27  3.92  3.87  3.75  3.69  4.07  3.66  3.73  3.43
STD DEV   1.60  1.74  1.80  2.01  1.74  1.67  1.62  1.69  1.78  1.58  1.66  1.44
SKEW       .61   .64   .78   .94   .64   .54   .34   .64   .65   .47   .56   .46
% E       2.65  4.54  4.29  5.18  5.83  5.04  4.54  6.67  6.98  4.38  2.91  2.78
MEAN      3.30  3.59  3.56  3.71  3.75  3.66  3.84  3.63  3.57  3.33  3.16  3.00
STD DEV   1.41  1.58  1.47  1.45  1.63  1.57  1.79  1.59  1.52  1.46  1.40  1.39
SKEW       .70   .56   .44   .46   .75   .51   .71   .56   .53   .53   .64   .96
% ESE     2.23  3.42  4.64  7.44  7.25  7.51  7.17  7.12  5.99  3.95  1.78  2.03
MEAN      3.62  3.82  4.47  4.50  4.44  4.39  4.45  4.06  3.85  3.61  3.36  3.13
STD DEV   1.68  1.79  2.01  1.90  2.03  1.86  1.92  1.81  1.59  1.55  1.52  1.50
SKEW       .63   .89   .59   .65   .77   .54   .56   .56   .66   .49   .52   .81
% SE      3.60  4.61  8.31 12.72 15.62 16.22 15.09 12.46  8.65  7.59  4.13  3.30
MEAN      4.20  4.46  5.03  5.00  5.08  4.98  4.63  4.23  4.10  4.25  3.92  3.73
STD DEV   1.95  2.04  2.22  2.09  2.12  2.05  1.95  1.82  1.76  1.82  1.77  1.77
SKEW       .66   .84   .55   .54   .45   .39   .52   .54   .58   .45   .51   .93
% SSE     5.20  5.78 11.00 14.86 17.76 20.77 19.35 14.54  9.49  9.13  6.82  5.33
MEAN      4.32  4.72  5.24  5.25  5.29  5.09  4.71  4.51  4.45  4.51  4.62  4.36
STD DEV   2.08  2.16  2.18  2.06  2.06  1.98  1.95  1.95  2.02  1.97  2.15  2.10
SKEW       .63   .56   .37   .37   .29   .33   .42   .53   .63   .46   .47   .65
% S       9.63  8.99 12.07 14.50 15.67 18.78 21.60 16.99 10.69 11.74 11.36  8.98
MEAN      4.33  4.62  4.87  5.02  4.84  4.66  4.34  4.18  4.34  4.23  4.68  4.27
STD DEV   2.06  2.18  2.13  2.11  2.02  1.95  1.79  1.78  2.00  1.87  2.25  2.05
SKEW       .50   .55   .46   .33   .31   .34   .45   .44   .58   .46   .50   .54
% SSW     6.21  5.61  4.66  3.94  3.58  5.03  7.98  7.34  3.63  3.97  5.57  5.61
MEAN      4.39  4.52  4.55  4.52  4.26  4.09  3.95  4.00  3.91  4.04  4.51  4.37
STD DEV   1.97  2.08  2.04  2.05  1.80  1.79  1.57  1.70  1.79  1.88  2.07  1.99
SKEW       .51   .54   .49   .44   .30   .49   .34   .47   .54   .40   .52   .45
% SW      3.61  2.96  2.14  1.70  1.17  1.75  3.35  3.29  1.80  2.15  3.16  3.45
MEAN      4.07  4.06  4.19  3.95  3.41  3.38  3.40  3.55  3.42  3.58  3.85  3.78
STD DEV   1.96  1.85  2.11  1.71  1.62  1.47  1.36  1.53  1.57  1.55  1.86  1.82
SKEW       .57   .48   .62   .22   .30   .38   .38   .43   .59   .43   .69   .69
% WSW     1.92  1.77  1.40  1.05   .59   .63  1.00  1.21   .78  1.01  1.65  2.11
MEAN      3.66  3.85  4.21  3.74  2.74  3.47  2.82  3.08  3.04  3.14  3.19  3.31
STD DEV   1.83  1.80  2.46  1.61  1.25  1.30  1.22  1.41  1.56  1.27  1.40  1.39
SKEW       .74   .78  1.64   .77   .36   .52   .29   .55   .82   .49   .28   .42
% W       2.01  2.13  1.77  1.01   .61   .54   .63   .84   .72  1.08  1.96  2.34
MEAN      3.29  3.78  3.97  3.56  2.96  2.93  2.62  2.98  2.45  2.96  3.20  3.18
STD DEV   1.85  2.16  2.32  1.68  1.44  1.32  1.20  1.49  1.20  1.47  1.69  1.56
SKEW      1.16  1.09   .99   .80   .48   .37   .74  1.15   .62   .91   .93   .69
% WNW     1.91  1.77  1.48   .84   .42   .42   .27   .52   .47   .85  1.60  1.70
MEAN      4.15  4.27  5.45  4.25  3.20  2.52  2.65  2.88  2.39  2.67  3.45  4.04
STD DEV   2.54  2.39  3.22  2.10  1.62  1.28  1.18  1.52  1.15  1.31  1.96  2.18
SKEW      1.07   .75   .44   .45   .09   .79   .56   .88   .59   .74  1.04   .50
% NW      3.78  3.51  2.83  1.63   .91   .56   .37   .84  1.36  2.24  3.32  3.68
MEAN      4.12  4.52  5.09  4.31  3.13  2.92  2.56  2.90  2.60  3.21  3.48  3.95
STD DEV   2.48  2.59  2.85  2.34  1.90  1.60  1.24  1.67  1.24  1.98  1.91  2.30
SKEW      1.06   .80   .57   .80  1.26  1.28   .71  1.35   .66  1.53  1.15  1.20
% NNW     6.46  6.08  5.27  2.81  1.87  1.20   .40  1.25  3.25  5.32  6.40  6.89
MEAN      4.70  4.87  5.45  4.27  3.86  3.33  2.55  3.07  2.87  3.54  3.84  4.56
STD DEV   2.62  2.76  3.11  2.57  2.30  1.73  1.43  1.73  1.51  2.17  2.35  2.75
SKEW       .75   .79   .62  1.23  1.04   .84  1.06  1.01  1.39  1.55  1.53   .95
CALM     18.08 14.56 11.93  9.93 11.29 11.57 12.62 16.09 19.94 19.34 18.07 19.90
 
TRIANGULATED DATA (station & weighting factor)
 
---Wind Stations---
SAN ANTONIO   TX     .348  SAN ANTONIO   TX     .348  AUSTIN/BERGS. TX     .304
---Solar Radiation and Max .5 P Stations---
 SAN ANTONIO, TEXAS  .532   AUSTIN, TEXAS       .468                            
---Dewpoint Stations---
TX SAN ANTONIO       .469  TX AUSTIN            .409  TX SAN ANGELO        .122 
---Time Peak Stations---
BANKERSMITH TX       .506  PRAIRIE MOUNTAIN TX  .286  RED ROCK TX          .208 
