 PORT ARTHUR WB AP TX                    417174 0
 LATT=  29.97 LONG= -94.02 YEARS= 46. TYPE= 4
 ELEVATION =   20. TP5 = 3.60 TP6= 8.41
 MEAN P    .47   .46   .40   .56   .70   .65   .46   .46   .60   .67   .56   .53
 S DEV P   .69   .76   .62   .92  1.16   .97   .75   .80  1.13  1.12   .78   .86
 SKEW  P  2.78  5.28  3.02  4.70  4.07  3.71  4.31  4.90  5.75  3.41  2.89  4.12
 P(W/W)    .44   .45   .38   .39   .43   .49   .50   .52   .51   .41   .38   .44
 P(W/D)    .26   .24   .21   .17   .17   .18   .29   .26   .22   .14   .22   .25
 TMAX AV 61.21 64.79 71.23 77.97 84.32 89.74 91.70 91.64 87.90 80.86 70.87 64.13
 TMIN AV 42.50 45.26 51.41 59.34 66.49 72.09 73.89 73.35 69.59 59.49 50.32 44.84
 SD TMAX 11.05  9.88  7.85  5.77  4.37  3.82  3.68  3.93  4.86  6.66  9.29  9.82
 SD TMIN 10.78  9.90  9.62  8.46  5.88  3.92  2.42  2.92  5.72  8.87 10.54 10.68
 SOL.RAD  265.  313.  384.  444.  538.  563.  571.  527.  442.  387.  283.  237.
 SD SOL   43.5  57.0  71.6  87.7  80.4  82.5  75.0 160.0  76.6  41.8  42.5  44.0
 MX .5 P  1.05   .79  1.29  1.38  2.16  1.06  1.42  1.92  1.68  1.60  1.34  1.19
 DEW PT  47.00 49.00 52.00 60.00 67.00 73.00 75.00 74.00 70.00 61.00 51.00 47.00
Time Pk   .458  .580  .654  .750  .776  .791  .828  .855  .871  .908  .948 1.000
% N      11.81 10.27  8.79  6.32  6.13  4.22  3.69  4.99  9.89 12.58 12.43 10.93
MEAN      5.46  5.43  5.48  4.83  4.25  3.37  2.89  2.92  4.07  4.41  5.15  5.17
STD DEV   2.11  2.08  2.21  2.01  1.83  1.42  1.40  1.25  1.73  1.97  2.27  2.22
SKEW       .22   .32   .38   .41   .74   .84  1.77  1.04   .78   .85   .44   .43
% NNE     7.54  7.02  5.41  4.96  4.95  4.40  3.35  5.91 10.84 10.57  7.58  6.90
MEAN      5.19  5.26  5.05  5.00  4.29  3.63  3.18  3.32  4.17  4.38  5.01  5.00
STD DEV   1.90  1.99  1.92  1.99  1.78  1.32  1.34  1.24  1.60  1.71  2.02  1.93
SKEW       .41   .37   .64   .47   .62   .90  1.40   .82   .63   .76   .52   .53
% NE      6.29  6.81  6.16  4.95  5.01  5.11  4.53  8.14 14.24 10.45  8.02  6.87
MEAN      4.64  4.58  4.59  4.22  4.02  3.54  3.09  3.27  3.83  3.79  4.19  4.27
STD DEV   1.80  1.76  1.78  1.78  1.70  1.38  1.37  1.34  1.59  1.61  1.77  1.75
SKEW       .38   .41   .47   .46   .69   .49  1.03   .79   .69   .85   .63   .64
% ENE     5.72  5.96  4.72  3.81  3.46  3.64  3.48  5.70  9.07  6.68  5.33  5.39
MEAN      5.07  5.10  4.87  4.68  4.39  3.65  3.53  3.55  4.17  3.86  4.46  4.54
STD DEV   1.84  2.02  1.91  1.71  1.82  1.39  1.63  1.35  1.76  1.44  1.80  1.68
SKEW       .25   .40   .68   .44   .45   .82   .97   .64  1.27   .62   .67   .40
% E       7.65  7.45  6.14  5.05  4.34  4.42  4.66  6.66  9.26  8.78  8.00  9.82
MEAN      4.79  4.92  4.88  4.85  4.41  3.96  3.40  3.56  4.10  4.15  4.43  4.72
STD DEV   1.78  1.96  1.96  1.90  1.74  1.55  1.54  1.48  1.72  1.61  1.86  1.84
SKEW       .52   .30   .38   .39   .34   .65   .84   .71   .70   .45  1.02   .65
% ESE     6.74  5.99  7.67  7.99  5.29  4.00  3.37  4.92  6.09  6.86  7.33  7.88
MEAN      4.81  5.26  5.29  5.71  5.05  4.19  3.72  3.89  4.15  4.65  4.47  4.98
STD DEV   1.64  2.11  1.96  2.04  1.96  1.59  1.67  1.61  1.51  1.96  1.70  1.91
SKEW       .34   .47   .34   .19   .09   .27   .96   .42   .50   .81   .66   .60
% SE      7.09  6.62  9.07 13.55 12.81  7.90  5.58  5.79  6.52  8.62  7.63  7.00
MEAN      5.05  5.43  5.83  6.31  5.76  4.66  3.89  3.77  4.03  4.58  5.01  5.11
STD DEV   1.94  2.17  2.25  2.23  2.17  1.98  1.74  1.54  1.68  2.18  1.99  2.01
SKEW       .40   .22   .28   .11   .03   .33   .80   .51   .52  1.33   .37   .52
% SSE     8.23  7.57 10.57 14.91 15.84 10.82  5.96  5.58  5.92  6.37  6.96  6.45
MEAN      5.61  5.91  6.23  6.41  5.90  4.77  3.98  3.65  4.22  4.40  5.59  5.61
STD DEV   2.02  2.11  2.28  2.29  2.17  1.88  1.55  1.50  1.86  1.85  2.15  2.09
SKEW       .40   .14   .17   .32   .18   .62   .62   .64  1.08   .72   .23   .22
% S      11.41 11.41 13.74 15.81 18.09 24.54 18.29 13.19  9.05  7.88  8.92  8.63
MEAN      5.54  5.76  6.13  5.84  5.13  4.67  4.00  3.82  4.12  4.13  5.36  5.52
STD DEV   2.27  2.38  2.35  2.28  2.08  1.86  1.77  1.62  1.81  1.87  2.44  2.21
SKEW       .44   .45   .29   .24   .33   .58   .71   .72   .69  1.08   .60   .44
% SSW     4.60  5.21  6.54  5.47  7.22 10.78 12.86 10.02  3.46  2.86  4.57  4.40
MEAN      5.46  5.71  5.89  5.49  4.69  4.85  4.32  4.11  4.20  4.32  5.28  5.38
STD DEV   2.25  2.43  2.36  2.23  1.92  1.94  1.81  1.70  1.86  2.16  2.52  2.37
SKEW       .41   .46   .32   .40   .43   .34   .46   .88   .85  1.37   .70   .60
% SW      3.49  4.71  3.72  2.98  3.78  5.97 10.71  7.86  2.30  1.86  2.71  3.47
MEAN      4.87  5.16  4.59  4.52  3.86  3.80  3.80  3.29  3.41  3.44  4.33  4.85
STD DEV   2.26  2.46  2.18  2.09  1.79  1.68  1.75  1.46  1.56  1.43  2.21  2.17
SKEW       .69   .74   .95   .77   .80   .77   .74   .90  1.09   .76  1.01   .60
% WSW     1.88  2.68  1.99  1.49  2.16  2.53  5.31  4.42  1.41  1.58  1.93  2.46
MEAN      4.18  4.43  4.75  4.30  3.32  3.38  3.34  3.22  3.21  3.19  3.90  4.26
STD DEV   1.73  1.92  2.08  2.00  1.42  1.23  1.43  1.41  1.34  1.41  1.77  1.83
SKEW       .82   .89   .64   .69   .99   .36  1.03   .67   .87  1.05   .77   .56
% W       2.56  2.79  2.34  2.19  1.97  2.47  5.49  4.80  1.84  1.80  2.23  2.97
MEAN      4.57  4.45  4.99  4.04  3.60  3.37  3.30  3.14  3.19  3.26  3.73  4.04
STD DEV   2.22  1.89  2.62  1.90  1.69  1.38  1.46  1.33  1.54  1.55  1.73  1.81
SKEW       .86   .50   .77   .91  1.04  1.04   .90   .56  1.69  1.53   .76   .87
% WNW     3.83  3.81  2.93  2.82  2.24  2.22  3.82  3.07  1.72  2.55  3.40  3.82
MEAN      5.13  5.30  5.34  4.91  3.78  3.23  3.26  3.16  3.03  3.87  4.23  4.72
STD DEV   2.31  2.36  2.31  2.15  1.66  1.35  1.44  1.28  1.05  1.94  1.82  2.13
SKEW       .71   .48   .49   .37  1.06  1.00   .88   .54   .59  1.49   .78  1.15
% NW      4.77  5.69  4.41  3.55  2.37  2.47  2.96  3.04  2.56  3.71  5.49  6.17
MEAN      5.54  5.83  5.80  5.04  3.83  3.35  2.97  2.83  3.02  4.20  4.96  5.33
STD DEV   2.46  2.46  2.40  2.42  1.80  1.65  1.24  1.13  1.24  2.06  2.44  2.57
SKEW       .45   .20   .24   .63   .85  1.05   .92   .60  1.61  1.04   .71   .75
% NNW     5.28  4.80  4.59  3.26  2.45  1.79  1.81  2.06  2.83  4.19  5.66  5.47
MEAN      5.68  5.80  6.05  5.26  3.99  3.18  2.92  2.88  3.57  4.26  5.59  5.40
STD DEV   2.25  2.38  2.46  2.27  1.64  1.39  1.12  1.26  1.57  1.96  2.36  2.26
SKEW       .30   .43   .28   .34   .64  1.45  1.08  1.88   .94   .86   .29   .28
CALM      1.21  1.18  1.18   .98  1.91  2.74  4.20  3.88  2.99  2.54  1.78  1.36
 
TRIANGULATED DATA (station & weighting factor)
 
---Wind Stations---
PORT ARTHUR   TX    1.000  LAKE CHARLES  LA     .000  GALVESTON     TX     .000
---Solar Radiation and Max .5 P Stations---
 GALVESTON, TEXAS    .570   SHREVEPORT, LOUISI  .216   BATON ROUGE, LOUIS  .214 
---Dewpoint Stations---
TX PORT ARTHUR      1.000  LA LAKE CHARLES      .000  TX GALVESTON         .000 
---Time Peak Stations---
ROCKEFELLER WL RFG   .428  LEESVILLE LA         .342  EAGLE LAKE TX        .229 
