 BROWNSVILLE WB AP  TX                   411136 0
 LATT=  25.92 LONG= -97.47 YEARS= 72. TYPE= 4
 ELEVATION =   20. TP5 = 3.75 TP6= 8.10
 MEAN P    .19   .23   .18   .45   .48   .48   .37   .42   .51   .48   .28   .19
 S DEV P   .31   .48   .35   .94   .69   .76   .58   .72   .84   .86   .47   .33
 SKEW  P  3.18  4.78  4.21  5.14  2.10  3.72  2.96  4.15  3.71  3.85  3.67  3.79
 P(W/W)    .47   .44   .35   .37   .38   .49   .40   .41   .54   .41   .37   .45
 P(W/D)    .15   .13   .10   .08   .11   .12   .11   .13   .20   .14   .14   .14
 TMAX AV 70.09 72.85 77.96 83.24 87.28 91.20 92.83 93.57 90.40 85.20 77.86 71.61
 TMIN AV 50.90 53.40 59.04 65.68 70.97 74.44 75.30 75.32 72.70 65.90 58.39 52.17
 SD TMAX 10.51  9.48  7.98  5.79  4.24  3.36  2.95  3.14  4.41  5.52  8.38  9.78
 SD TMIN 10.61  9.96  9.27  7.34  5.44  3.57  2.51  2.38  4.28  7.20  9.48 10.30
 SOL.RAD  297.  341.  402.  456.  564.  610.  627.  568.  475.  411.  296.  263.
 SD SOL   45.6  58.1  72.1  85.2  67.7  59.4  50.5 106.0  68.5  43.9  51.5  48.5
 MX .5 P   .33   .72   .13  1.62  1.01  1.42  1.01  1.75  1.24  2.30   .83   .82
 DEW PT  53.00 55.00 59.00 65.00 70.00 73.00 74.00 74.00 72.00 66.00 60.00 54.00
Time Pk   .515  .644  .696  .792  .813  .826  .851  .874  .891  .921  .946 1.000
% N       8.40  8.86  6.03  3.70  2.33  1.28   .41  1.45  5.16  6.59  7.96  8.39
MEAN      5.25  5.54  5.66  5.26  4.74  2.92  2.22  2.85  4.00  4.41  4.91  5.02
STD DEV   2.38  2.28  2.59  2.56  2.29  1.31  1.00  1.23  2.11  2.21  2.47  2.42
SKEW       .34   .25   .40   .07   .25  1.08  1.37   .85   .73   .50   .53   .43
% NNE     3.76  4.38  4.38  3.24  1.88   .94   .53  1.09  4.22  4.12  3.81  3.41
MEAN      4.82  5.33  6.07  5.95  5.25  4.08  2.93  3.58  4.76  4.54  4.61  4.74
STD DEV   2.28  2.34  2.61  2.68  2.48  2.17  1.63  1.84  2.17  2.04  2.37  2.27
SKEW       .35   .32   .00   .04   .39   .46  1.09   .58   .18   .22   .63   .54
% NE      3.15  4.62  5.14  3.87  2.68  1.96   .93  3.04  7.65  7.05  3.56  3.15
MEAN      4.10  4.83  5.27  5.29  4.87  4.67  3.77  4.62  4.98  4.59  4.24  4.15
STD DEV   1.89  2.10  2.27  2.34  2.24  2.25  2.08  2.24  2.20  1.89  1.90  1.96
SKEW       .49   .23   .11   .04   .00   .33   .52   .20   .16   .03   .39   .40
% ENE     2.04  3.59  4.73  3.98  3.51  2.99  1.31  3.64  6.44  5.27  2.90  2.74
MEAN      3.51  4.33  4.70  5.17  4.67  4.54  3.93  4.65  4.47  4.30  3.92  3.51
STD DEV   1.40  1.89  2.00  2.07  1.95  2.26  1.95  2.24  1.90  1.87  1.74  1.61
SKEW       .69   .99   .34  -.07   .21   .27   .47   .17   .12   .49   .59   .52
% E       2.92  5.09  6.86  7.41  7.04  6.94  4.40  7.23  8.39  7.82  3.97  3.03
MEAN      3.86  4.31  5.12  5.25  4.89  4.92  4.70  4.75  4.36  4.05  3.55  3.40
STD DEV   1.59  1.88  2.11  2.20  2.01  2.13  2.27  2.27  2.05  1.87  1.69  1.56
SKEW       .37   .36   .17  -.01   .13   .01   .15   .18   .29   .44   .53   .86
% ESE     5.27  7.30  9.53 12.99 15.50 15.34 11.46 13.34 12.02 11.05  5.66  5.23
MEAN      4.19  4.90  5.40  5.80  5.65  5.50  5.19  4.89  4.44  4.27  3.99  4.07
STD DEV   1.80  2.08  2.16  2.22  2.22  2.26  2.24  2.21  2.04  1.96  1.70  1.77
SKEW       .79   .31   .24   .08   .09   .05   .02   .17   .30   .57   .76   .51
% SE     12.71 15.00 18.81 25.93 33.43 35.56 34.31 27.75 15.75 16.73 12.13 10.46
MEAN      5.24  5.88  6.36  6.99  6.71  6.00  5.58  5.32  4.66  4.53  4.64  4.52
STD DEV   2.21  2.30  2.39  2.46  2.39  2.33  2.40  2.43  2.22  2.12  2.10  2.07
SKEW       .35   .27   .02  -.05  -.16  -.06   .06   .11   .38   .48   .67   .53
% SSE    16.69 16.36 19.63 21.32 19.89 21.22 29.96 22.26 10.85 11.03 15.02 13.75
MEAN      6.34  6.59  7.31  7.54  7.04  6.16  5.57  5.17  5.08  5.25  5.84  5.86
STD DEV   2.45  2.52  2.60  2.63  2.45  2.45  2.36  2.42  2.35  2.45  2.46  2.51
SKEW       .22   .12   .05  -.03  -.24   .01   .15   .32   .23   .32   .30   .25
% S      10.24  8.82  8.72  6.82  4.64  6.33 10.74  9.66  5.33  4.79  9.44 11.52
MEAN      6.44  6.68  7.36  7.11  6.12  5.73  4.94  4.65  4.58  4.97  5.92  6.16
STD DEV   2.87  3.11  3.16  3.10  2.93  2.74  2.29  2.35  2.40  2.66  2.81  2.87
SKEW       .29   .39   .15   .30   .37   .38   .40   .54   .51   .59   .54   .37
% SSW     1.83  1.86  1.01   .98   .72   .89  1.52  1.42  1.40  1.05  2.30  2.66
MEAN      4.77  4.74  4.50  4.18  3.10  3.53  3.63  3.56  3.54  2.81  4.30  4.47
STD DEV   2.16  2.35  2.14  2.33  1.53  1.67  1.84  1.70  3.05  1.24  2.18  2.18
SKEW       .42   .32   .60   .54  2.29  1.17   .78   .52  4.88   .63   .64   .67
% SW       .96  1.16   .93   .60   .57   .69   .58   .67   .98   .86  1.55  1.72
MEAN      2.98  3.56  3.08  3.57  2.93  2.94  2.75  2.35  2.67  2.99  2.93  2.98
STD DEV   1.30  1.60  1.88  1.29  1.73  1.20   .96  1.15  1.07  1.53  1.31  1.33
SKEW       .54  1.07  2.17  1.11  1.05   .31   .75   .70   .45   .99   .80   .76
% WSW     1.10  1.02   .57   .67   .39   .37   .25   .51   .97   .79  1.09  1.33
MEAN      2.86  2.87  2.81  2.82  2.76  3.17  2.24  2.26  2.95  2.70  3.00  2.84
STD DEV   1.03   .95   .84   .93   .93  1.42  1.17   .92  1.90  1.08  1.18  1.10
SKEW       .18  1.06   .54   .42   .47  1.85  1.27   .74  2.83   .29   .40   .66
% W       1.27  1.19   .92   .63   .58   .46   .19   .47  1.16  1.12  1.47  1.75
MEAN      3.04  3.23  3.21  2.82  2.43  3.01  2.02  2.12  3.55  2.79  3.18  3.51
STD DEV   1.20  1.37  1.21   .93  1.15  1.02   .32   .81  2.15  1.21  1.36  1.44
SKEW       .37   .71   .61   .73   .73   .27  1.97   .81  1.17   .72   .64   .29
% WNW     2.67  2.01  1.38   .89   .88   .49   .20   .54  1.85  1.93  3.29  2.81
MEAN      3.83  4.18  3.84  4.13  2.89  3.06  2.26  2.37  3.54  3.46  4.03  4.03
STD DEV   1.64  2.04  1.89  1.78  1.29  1.16   .81  1.04  2.14  1.61  1.86  1.79
SKEW       .56   .56   .60   .32   .73   .45  2.53   .93  2.31   .85   .94   .53
% NW     10.15  7.41  4.30  2.40  2.09  1.08   .47  1.50  7.32  8.18 10.40 10.48
MEAN      5.33  5.56  5.06  4.29  4.19  3.17  2.61  2.69  3.73  4.52  5.13  5.05
STD DEV   2.32  2.47  2.43  1.98  2.05  1.24  1.11  1.12  1.70  2.10  2.31  2.19
SKEW       .56   .38   .62   .32   .57   .91   .37   .63   .86   .74   .81   .51
% NNW    14.72  9.70  5.66  3.40  2.08  1.14   .41  1.51  6.28  8.55 12.82 14.92
MEAN      5.89  6.06  6.04  5.52  4.61  2.94  2.39  2.72  4.03  4.66  5.73  5.51
STD DEV   2.39  2.61  2.59  2.44  2.13  1.20  1.10  1.05  1.99  2.18  2.56  2.41
SKEW       .25   .53   .26   .24   .50  1.56   .71   .84   .81   .63   .34   .28
CALM      2.09  1.68  1.48  1.20  1.77  2.34  2.24  3.74  4.13  3.12  2.64  2.54
 
TRIANGULATED DATA (station & weighting factor)
 
---Wind Stations---
BROWNSVILLE   TX    1.000  HARLINGEN     TX     .000  CORPUS CHRISTITX     .000
---Solar Radiation and Max .5 P Stations---
 BROWNSVILLE, TEXAS  .982   CORPUS CHRISTI, TE  .018                            
---Dewpoint Stations---
TX BROWNSVILLE      1.000  TX CORPUS CHRISTI    .000  TX LAREDO            .000 
---Time Peak Stations---
WESLACO EXP STA TX   .791  ZAPATA TX            .209                            
