 VAN HORN TX                             419295 0
 LATT=  31.03 LONG=-104.85 YEARS= 54. TYPE= 3
 ELEVATION = 4010. TP5 = 1.82 TP6= 3.56
 MEAN P    .16   .14   .12   .18   .20   .22   .26   .26   .34   .30   .22   .20
 S DEV P   .25   .16   .16   .23   .27   .27   .36   .33   .48   .37   .31   .25
 SKEW  P  3.77  2.24  2.65  1.97  2.66  2.03  2.69  2.24  2.96  2.29  3.10  2.32
 P(W/W)    .35   .30   .21   .25   .32   .28   .41   .41   .52   .42   .29   .37
 P(W/D)    .08   .05   .04   .04   .07   .10   .17   .17   .11   .07   .06   .05
 TMAX AV 58.36 63.82 70.71 79.78 87.67 95.38 94.14 92.30 86.81 79.03 67.03 59.63
 TMIN AV 29.19 32.50 38.58 47.09 55.54 64.08 66.22 65.13 58.94 48.54 36.57 30.11
 SD TMAX 10.91 10.29  9.76  8.80  7.53  6.49  6.17  6.44  8.43  8.54 10.28  9.90
 SD TMIN  8.42  8.21  8.29  7.52  6.33  5.25  3.51  4.74  5.97  6.86  8.24  8.18
 SOL.RAD  323.  411.  525.  619.  689.  701.  654.  620.  561.  443.  358.  303.
 SD SOL   22.0  20.5  23.7  30.9  34.8  32.9  43.0  78.2  37.2  18.3  14.8  18.9
 MX .5 P   .56   .28   .69   .45   .56   .63   .74   .83   .85   .58   .30   .20
 DEW PT  27.97 27.51 28.15 31.87 36.88 46.43 57.75 58.04 52.11 42.76 31.86 28.57
Time Pk   .559  .679  .739  .832  .847  .859  .873  .885  .894  .919  .950 1.000
% N       4.69  4.37  2.69  2.98  2.70  2.49  2.98  3.35  3.42  3.90  4.85  5.23
MEAN      2.81  3.02  2.86  3.24  3.54  3.52  3.23  3.07  2.84  2.68  2.99  2.87
STD DEV   1.70  1.73  1.18  1.89  2.01  2.28  1.59  1.73  1.73  1.60  1.81  1.63
SKEW      1.72  1.24   .36  1.08   .93  1.31   .64  1.13  1.44  1.52  1.48  1.49
% NNE     3.41  3.99  2.23  2.66  2.96  2.28  2.69  2.80  2.72  3.49  4.37  3.76
MEAN      2.97  3.25  3.11  3.57  3.85  3.62  3.62  3.09  3.63  3.19  3.14  3.00
STD DEV   1.97  1.94  1.84  2.24  2.30  2.11  2.05  1.69  2.30  2.07  1.83  1.64
SKEW      1.87  1.53  1.23  1.12   .87  1.53  1.14  1.15  1.19  1.63  1.15   .72
% NE      5.45  4.78  3.86  3.61  3.38  2.57  3.89  4.35  5.49  6.24  6.84  6.09
MEAN      3.26  3.36  3.59  3.47  3.43  3.51  3.37  3.22  3.37  3.18  3.33  3.12
STD DEV   1.92  2.17  2.09  2.08  1.99  2.04  1.90  1.78  1.87  1.92  2.01  1.68
SKEW      1.16  1.20  1.30  1.29  1.10   .93  1.10  1.09  1.10  1.55   .90  1.14
% ENE     4.62  5.15  4.04  5.76  5.03  4.06  5.65  6.21  7.16  5.97  5.26  4.46
MEAN      3.31  4.20  4.88  5.25  4.90  4.63  4.44  3.97  4.24  3.94  3.79  3.67
STD DEV   1.98  2.78  2.90  3.08  2.80  2.48  2.22  1.98  2.52  2.56  3.11  2.77
SKEW      1.47   .81   .66   .74   .61   .71   .60   .72  1.05  1.13  1.60  1.36
% E       4.53  5.44  5.14  6.77  6.53  8.41  9.89  9.86 10.86  8.98  5.68  4.50
MEAN      4.08  4.29  5.20  5.59  5.42  5.08  4.43  4.21  4.44  4.23  4.08  3.03
STD DEV   2.74  2.85  2.92  3.19  3.26  2.91  2.28  2.11  2.24  2.28  2.45  1.81
SKEW       .87   .92   .60   .50   .74   .89   .73   .59   .67   .66   .61   .86
% ESE     6.22  5.56  7.55 10.64 10.38 16.10 15.80 14.60 14.76  9.89  6.13  4.14
MEAN      4.77  4.52  5.29  5.81  5.66  5.66  4.79  4.44  4.60  4.41  4.34  3.66
STD DEV   2.42  2.71  2.68  2.72  2.66  2.61  2.16  1.95  2.08  2.08  2.33  1.90
SKEW       .44  1.10   .60   .39   .53   .58   .68   .66   .61   .64   .54   .50
% SE      4.09  3.87  4.40  5.49  5.55  9.23 11.89 10.46 10.23  7.67  5.04  4.17
MEAN      3.44  3.16  3.75  3.89  3.93  3.96  3.69  3.56  3.60  3.51  3.27  2.90
STD DEV   1.72  1.54  1.92  2.09  1.88  2.00  1.81  1.68  1.70  1.77  1.55  1.42
SKEW       .71   .90   .63   .77   .42   .79   .89   .78   .74   .80   .45   .60
% SSE     2.59  3.54  3.36  3.63  4.61  7.11  8.35  7.26  5.59  4.19  2.94  3.00
MEAN      2.91  2.87  3.63  4.06  4.22  4.09  3.70  3.47  3.36  3.23  2.75  2.80
STD DEV   1.30  1.27  1.92  1.98  2.26  2.04  1.76  1.70  1.55  1.69  1.34  1.35
SKEW       .63   .74   .78   .72  1.20   .84   .74  1.03   .63   .88   .83   .74
% S       4.09  3.95  3.71  3.62  4.70  6.42  6.92  6.49  5.17  5.08  3.97  4.42
MEAN      3.10  3.15  3.56  3.69  3.69  3.64  3.38  3.20  3.07  3.22  2.93  3.00
STD DEV   1.55  1.64  1.90  1.79  2.09  1.88  1.66  1.55  1.53  1.74  1.80  1.52
SKEW       .90  1.05  1.23   .53   .98   .74   .76   .91  1.27   .93  2.05   .86
% SSW     5.32  5.28  5.23  4.41  4.99  4.53  4.25  4.33  3.71  4.47  4.05  4.30
MEAN      3.92  4.00  4.46  4.43  4.33  3.78  3.64  3.23  3.00  3.53  3.37  3.61
STD DEV   2.20  2.02  2.56  2.45  2.43  1.84  1.83  1.59  1.48  1.97  1.98  1.88
SKEW      1.32   .91  1.34   .89  1.20   .65   .77  1.32  1.12  1.40  1.65   .77
% SW      9.52  9.85  9.56  8.14  9.57  6.50  4.89  5.44  5.43  9.53  9.16  9.87
MEAN      3.97  4.11  4.84  4.39  4.42  3.78  3.21  3.20  2.90  3.35  3.63  3.99
STD DEV   2.13  2.20  2.57  2.26  2.38  1.88  1.63  1.49  1.36  1.72  1.82  2.10
SKEW       .89  1.08  1.13  1.00  1.39   .79  1.00   .62   .56   .99  1.01  1.21
% WSW    10.47 10.48 12.33  9.75  9.60  6.09  2.97  3.09  3.22  5.43  8.85  9.42
MEAN      5.40  5.21  6.61  6.35  5.67  4.61  3.73  3.68  3.33  3.90  4.54  4.93
STD DEV   2.87  2.67  3.61  3.42  2.70  2.19  1.70  1.89  1.50  2.06  2.46  2.72
SKEW       .95  1.04   .74   .83   .58   .60   .70   .77   .52  1.22  1.20   .98
% W      10.93 11.09 13.20 10.99  9.87  7.18  3.38  3.73  3.69  5.81  9.17 10.55
MEAN      5.61  5.85  7.38  6.55  5.58  4.75  3.31  3.44  3.36  3.94  5.13  5.61
STD DEV   3.15  3.34  3.91  3.86  2.87  2.42  1.77  1.79  1.74  2.53  3.14  3.39
SKEW       .66   .90   .53   .94   .50   .54   .74   .73   .94  1.02   .99   .86
% WNW     6.25  6.90 10.09  7.79  6.32  4.16  1.95  2.24  2.27  2.67  5.34  6.44
MEAN      5.09  5.86  7.11  6.52  5.45  4.53  3.53  3.56  3.33  4.15  5.31  5.73
STD DEV   2.73  3.37  3.85  3.85  2.79  2.34  1.77  1.91  1.73  2.42  3.23  3.65
SKEW       .70   .74   .78  1.03   .68   .76   .76   .87   .80   .82   .66  1.14
% NW      3.54  4.01  3.65  3.38  3.30  1.97  1.65  2.32  1.88  2.03  3.21  3.88
MEAN      3.54  4.01  4.41  4.03  3.82  3.26  2.58  2.96  3.05  2.90  3.67  3.42
STD DEV   1.92  2.53  2.51  2.15  2.08  1.73  1.41  1.59  1.68  1.68  2.25  1.98
SKEW      1.18  1.14   .78   .72   .98   .58  1.49  1.17   .89  1.15  1.18  1.36
% NNW     3.10  3.28  2.58  3.31  2.83  2.00  2.04  2.19  1.89  2.05  3.35  3.34
MEAN      3.30  3.74  3.84  3.87  3.78  3.45  3.48  3.18  2.90  2.64  3.16  3.36
STD DEV   2.03  2.18  2.24  2.18  2.14  1.99  1.89  1.71  1.53  1.33  1.83  2.10
SKEW      1.70   .91  1.33   .93  1.12  1.13   .79  1.13  1.03   .94  1.17  1.39
CALM     11.20  8.47  6.34  6.94  7.65  8.87 10.81 11.27 12.31 12.63 11.64 12.50
 
TRIANGULATED DATA (station & weighting factor)
 
---Wind Stations---
SALT FLAT     TX     .468  MARFA         TX     .305  EL PASO/BIGGS TX     .228
---Solar Radiation and Max .5 P Stations---
 EL PASO, TEXAS      .622   WALNUT GULCH, ARIZ  .212   SAN ANTONIO, TEXAS  .167 
---Dewpoint Stations---
TX EL PASO           .593  TX DEL RIO           .235  AZ TUCSON            .172 
---Time Peak Stations---
MARFA 2 TX           .465  CARLSBAD NM          .323  JORNADA EXP RANGE N  .212 
