 FOLLETT TX                              413225 0
 LATT=  36.43 LONG=-100.13 YEARS= 63. TYPE= 3
 ELEVATION = 2800. TP5 = 2.89 TP6= 5.25
 MEAN P    .22   .26   .37   .33   .46   .46   .47   .46   .38   .42   .29   .25
 S DEV P   .28   .28   .42   .37   .53   .55   .53   .62   .48   .54   .34   .27
 SKEW  P  3.65  2.43  1.92  2.14  2.64  3.24  2.54  3.34  2.21  2.52  2.27  2.53
 P(W/W)    .25   .30   .32   .34   .43   .39   .31   .37   .41   .36   .35   .23
 P(W/D)    .07   .09   .10   .13   .18   .17   .14   .13   .11   .08   .07   .08
 TMAX AV 46.24 51.25 59.58 70.01 78.07 87.45 93.11 92.27 83.84 73.23 58.60 48.89
 TMIN AV 21.23 25.09 32.12 42.32 52.38 61.92 66.99 65.94 57.47 45.81 32.70 24.59
 SD TMAX 14.65 14.75 13.93 11.76 10.29  8.64  6.93  7.58 10.29 11.69 12.94 13.27
 SD TMIN 10.79  9.84  9.39  8.23  7.16  6.04  4.83  5.11  7.74  8.23  8.87  8.93
 SOL.RAD  261.  332.  426.  527.  572.  649.  642.  581.  504.  377.  299.  247.
 SD SOL   21.6  29.7  42.2  52.5  68.0  54.4  50.1 103.8  47.8  25.5  15.1  16.9
 MX .5 P   .29   .17   .54  1.21  1.27  1.78  1.69  1.23  1.00   .63   .71   .65
 DEW PT  20.31 24.74 26.33 36.93 49.93 58.33 61.51 59.84 52.74 42.41 29.84 23.49
Time Pk   .612  .719  .768  .834  .851  .860  .880  .895  .903  .926  .953 1.000
% N       8.43  8.22  8.26  7.50  4.44  2.62  1.85  2.29  3.30  5.58  7.75  8.14
MEAN      6.67  6.94  7.12  7.03  6.33  4.48  4.57  4.48  5.09  5.64  6.33  6.22
STD DEV   2.81  3.04  3.17  3.00  2.79  1.97  1.99  2.29  2.63  2.76  2.97  2.76
SKEW       .22   .26   .60   .15   .21   .24   .65   .62   .68   .52   .55   .45
% NNE     8.10  7.84  6.64  6.80  5.06  3.32  2.97  3.35  5.00  6.18  6.17  5.64
MEAN      6.45  6.26  6.91  6.90  6.05  5.72  4.73  4.85  5.70  6.00  6.35  6.30
STD DEV   2.62  2.65  2.92  3.00  2.52  2.29  2.39  2.27  2.60  2.65  2.81  2.65
SKEW       .11   .25   .31   .20   .22   .33   .82   .70   .29   .46   .45   .29
% NE      5.70  6.15  5.97  6.29  6.32  4.36  4.65  5.09  6.19  5.38  4.99  4.51
MEAN      4.67  5.23  5.43  5.87  5.42  4.95  4.46  4.58  5.12  5.05  5.10  5.21
STD DEV   2.23  2.28  2.32  2.79  2.36  2.14  2.02  2.12  2.22  2.24  2.45  2.13
SKEW       .60   .36   .39   .58   .38   .37   .65   .66   .45   .49   .65   .35
% ENE     3.27  3.69  4.44  4.99  5.10  4.28  4.70  4.98  5.87  3.20  2.44  2.94
MEAN      4.16  4.49  5.21  5.36  5.15  4.88  4.61  4.24  4.70  4.45  4.55  4.37
STD DEV   1.76  1.96  2.14  2.44  2.09  2.12  2.05  1.80  1.92  1.86  2.07  1.82
SKEW       .42   .34   .34   .55   .29   .39   .56   .40   .25   .47   .37   .38
% E       1.91  3.24  3.11  4.10  4.36  4.14  4.17  4.08  4.17  2.15  1.49  1.98
MEAN      3.68  3.88  4.64  4.51  4.66  4.50  4.13  3.99  3.95  3.66  3.15  3.88
STD DEV   1.69  1.53  2.06  2.00  2.17  1.96  1.89  1.80  1.62  1.67  1.26  1.55
SKEW       .90   .47   .62   .51   .55   .55   .80   .69   .33   .58   .31   .20
% ESE     1.47  2.47  3.18  4.12  4.64  3.91  4.98  4.78  4.07  1.93  1.28  1.52
MEAN      3.52  4.52  4.71  4.95  5.02  5.07  4.63  4.37  4.53  3.90  3.60  3.80
STD DEV   1.38  1.70  1.70  2.11  2.21  2.14  1.97  1.94  1.85  1.61  1.13  1.24
SKEW      -.02   .38   .53   .44   .68   .48   .52   .48   .46   .56   .17   .18
% SE      2.61  3.77  4.45  5.91  5.82  6.39  7.17  7.89  5.27  3.95  2.47  1.91
MEAN      3.96  4.62  5.13  5.91  5.40  5.14  4.91  4.84  4.69  4.72  4.68  3.93
STD DEV   1.90  2.03  2.21  2.59  2.60  2.12  2.09  2.08  1.86  2.04  2.09  1.91
SKEW       .51   .54   .57   .42   .75   .43   .67   .45   .38   .36   .57  1.18
% SSE     4.60  6.95  8.87  9.77 12.11 17.09 14.95 14.29 12.73 10.75  5.70  5.06
MEAN      5.99  6.57  7.13  7.42  7.07  6.92  5.95  5.72  6.34  6.60  6.21  6.36
STD DEV   2.47  2.79  2.65  2.97  2.91  2.43  2.22  2.03  2.26  2.71  2.57  2.87
SKEW       .02   .26   .14   .47   .29   .14   .33   .18   .18   .43   .35   .29
% S      10.36 11.04 10.71 11.75 17.02 20.36 20.60 19.55 19.51 17.55 11.46 10.93
MEAN      7.00  7.14  7.77  7.72  7.62  7.43  6.59  6.14  6.77  6.93  6.84  6.89
STD DEV   2.81  2.95  2.84  3.16  3.02  2.84  2.52  2.28  2.45  2.57  2.80  2.86
SKEW       .11   .18   .05   .32   .16   .28   .22   .40   .04   .08   .15   .21
% SSW    11.53 10.99 10.08  9.85 12.25 14.42 15.42 14.61 14.76 14.68 12.11 12.49
MEAN      6.91  7.08  7.62  7.81  7.25  7.30  6.86  6.48  7.02  6.83  6.77  6.80
STD DEV   2.93  3.03  3.02  3.06  2.73  2.58  2.54  2.32  2.63  2.77  2.72  2.90
SKEW       .19   .21   .21   .07   .06  -.02   .05   .11   .06   .23   .36   .40
% SW      9.45  7.32  6.17  5.94  6.12  6.58  6.77  7.19  5.96  7.44  9.66  9.75
MEAN      5.36  5.04  6.35  6.17  6.12  6.30  6.03  5.76  5.60  4.74  5.00  4.94
STD DEV   2.79  2.58  3.32  2.92  3.01  2.85  2.52  2.55  2.80  2.36  2.49  2.51
SKEW       .73   .84   .65   .33   .29   .16   .10   .18   .31   .59   .74   .97
% WSW     7.42  4.86  4.92  3.97  2.84  2.42  2.56  3.18  2.36  4.27  6.51  8.24
MEAN      4.57  4.50  6.32  5.76  5.45  5.08  4.74  5.01  4.53  4.22  4.47  4.48
STD DEV   2.17  2.17  3.65  3.14  3.07  2.25  2.13  2.46  2.26  2.24  2.11  1.95
SKEW       .78   .90  1.04   .82   .76   .42   .30   .58   .65   .94   .89   .85
% W       6.04  4.38  3.78  3.39  2.69  1.75  1.55  1.65  1.91  3.60  5.49  6.20
MEAN      4.48  4.54  5.49  5.29  5.05  3.85  3.57  3.34  2.92  3.71  3.91  4.51
STD DEV   1.99  2.20  3.25  2.83  2.91  1.96  1.64  1.45  1.25  1.84  1.86  2.14
SKEW       .71   .73  1.13   .85   .64   .69   .69   .48   .40   .92   .99   .77
% WNW     3.14  3.35  2.73  2.16  1.75  1.16  1.09  1.03   .99  1.80  3.77  3.52
MEAN      4.99  5.44  6.29  5.85  5.64  4.40  3.64  3.22  4.01  4.50  5.22  5.04
STD DEV   2.26  2.51  3.55  2.73  3.28  1.97  1.28  1.40  1.91  2.40  2.68  2.70
SKEW       .49   .52   .62   .31   .87   .58   .27   .36   .83   .95   .72  1.06
% NW      5.46  5.87  5.57  4.47  3.14  1.77  1.19   .89  1.31  2.95  6.37  6.09
MEAN      5.17  6.08  6.87  6.18  5.50  4.74  3.44  3.23  3.37  5.16  5.93  5.73
STD DEV   2.53  3.25  3.55  3.16  2.92  2.40  1.53  1.60  1.62  2.81  3.30  2.95
SKEW       .49   .70   .56   .52   .59   .51   .40   .43   .69   .59   .95   .76
% NNW     6.84  6.62  8.40  6.05  3.26  2.23  1.42  1.37  2.00  3.81  8.20  6.96
MEAN      6.47  6.50  7.61  7.71  6.07  5.49  3.57  3.96  4.69  5.35  6.77  6.59
STD DEV   2.89  2.88  3.39  3.41  2.63  2.53  1.78  2.04  2.17  2.59  3.33  3.11
SKEW       .40   .46   .26   .26   .03   .51   .60  1.05   .68   .45   .65   .59
CALM      3.79  3.32  2.63  2.86  2.96  3.09  3.84  3.70  4.44  4.87  4.15  4.03
 
TRIANGULATED DATA (station & weighting factor)
 
---Wind Stations---
GAGE          OK     .694  DODGE CITY    KS     .168  CLARENDON     TX     .139
---Solar Radiation and Max .5 P Stations---
 DODGE CITY, KANSAS  .425   AMARILLO, TEXAS     .326   OKLAHOMA CITY, OKL  .249 
---Dewpoint Stations---
KS DODGE CITY        .425  TX AMARILLO          .326  OK OKLAHOMA CITY     .248 
---Time Peak Stations---
LIPSCOMB TX          .399  SHATTUCK 1 N OK      .372  RIVERSIDE 4 W OK     .230 
