 POINT COMFORT TX                        417140 0
 LATT=  28.67 LONG= -96.55 YEARS= 36. TYPE= 4
 ELEVATION =   20. TP5 = 3.65 TP6= 8.00
 MEAN P    .37   .42   .35   .59   .71   .84   .65   .49   .71   .72   .52   .42
 S DEV P   .55   .64   .58   .93   .97  1.50   .96   .66  1.24  1.03   .94   .61
 SKEW  P  3.46  3.43  2.99  2.28  2.84  5.03  2.76  2.54  4.42  2.61  4.11  2.48
 P(W/W)    .44   .42   .31   .30   .36   .45   .39   .41   .51   .44   .38   .40
 P(W/D)    .18   .16   .14   .13   .14   .13   .12   .17   .19   .14   .17   .17
 TMAX AV 63.12 66.70 73.16 78.90 84.06 89.07 91.47 91.55 88.35 82.14 73.73 66.66
 TMIN AV 44.53 47.52 54.40 62.60 68.94 74.71 77.22 76.54 71.58 63.26 54.75 47.73
 SD TMAX 10.20  9.27  7.28  5.01  4.21  3.71  2.94  3.31  4.40  5.77  8.38  9.33
 SD TMIN 10.52  9.52  9.07  7.98  6.28  4.93  3.88  4.05  6.33  8.52 10.45 10.54
 SOL.RAD  283.  343.  415.  452.  562.  618.  619.  574.  477.  406.  288.  265.
 SD SOL   40.2  48.9  62.0  83.7  69.0  59.0  54.1 101.8  64.7  37.8  44.2  37.8
 MX .5 P   .49   .58   .80  1.73  1.77  1.94  1.21  1.44  1.84  1.36   .99   .53
 DEW PT  46.24 49.44 52.44 59.96 67.44 72.20 72.56 71.91 69.40 61.44 51.80 47.60
Time Pk   .505  .636  .702  .790  .814  .825  .852  .876  .884  .912  .951 1.000
% N      11.41 10.11  8.13  5.03  4.19  1.77  1.01  2.68  6.74 10.21 11.74 12.08
MEAN      6.13  5.97  6.45  5.83  4.81  3.85  2.99  3.09  3.85  4.92  5.92  5.92
STD DEV   2.60  2.81  2.85  2.91  2.54  1.55  1.16  1.36  1.99  2.41  2.82  2.78
SKEW       .29   .76   .38   .47   .80   .63   .37   .87  1.07   .82   .58   .45
% NNE    10.39  8.37  7.88  5.62  4.45  3.12  1.64  4.24 10.96 10.53 10.23  8.91
MEAN      5.74  5.63  5.73  5.32  4.53  3.65  3.10  3.19  4.04  4.62  5.28  5.02
STD DEV   2.54  2.34  2.65  2.45  2.35  1.62  1.48  1.51  1.95  2.23  2.53  2.42
SKEW       .35   .40   .52   .45   .72   .64   .87   .85   .83   .74   .56   .74
% NE      5.97  5.93  5.18  4.09  4.05  3.17  1.57  3.99 10.08  8.03  6.53  5.45
MEAN      4.40  4.55  4.46  4.44  4.16  3.29  2.94  3.02  3.94  3.89  4.85  4.46
STD DEV   2.03  2.16  1.99  2.04  2.15  1.37  1.29  1.41  1.94  1.91  2.28  2.01
SKEW       .74   .73   .48   .49   .83   .82   .58   .87  1.08   .85   .40   .67
% ENE     6.84  7.20  6.61  5.55  4.08  3.68  2.55  4.91 11.45  8.77  7.79  6.99
MEAN      4.48  4.85  4.19  4.39  3.91  3.41  2.93  3.39  3.92  3.51  4.04  3.90
STD DEV   2.04  2.23  1.91  1.86  1.83  1.69  1.38  1.65  1.84  1.62  1.93  1.70
SKEW       .53   .43   .70   .49   .66   .97  1.03  1.38   .78   .87   .85   .59
% E       4.64  6.04  6.37  6.17  4.22  4.09  2.58  4.45  6.87  6.63  5.32  5.41
MEAN      4.14  4.52  4.28  4.23  4.26  3.57  3.29  3.63  3.62  3.61  3.58  3.75
STD DEV   1.87  2.06  1.92  1.87  2.11  1.76  1.58  1.81  1.77  1.63  1.64  1.77
SKEW       .66   .63   .64   .63   .74   .91   .85   .80  1.02   .91   .69   .86
% ESE     4.47  5.89  8.83 11.07  9.16  8.74  5.61  6.70  8.40  8.64  5.29  4.54
MEAN      4.15  4.83  4.84  5.47  5.39  4.88  4.22  4.45  4.17  4.28  4.15  3.77
STD DEV   1.79  2.05  2.04  2.16  2.18  1.96  1.82  1.87  1.81  1.83  1.84  1.61
SKEW       .60   .46   .41   .39   .22   .42   .49   .39   .49   .66   .66   .56
% SE      6.54  8.17 10.00 16.59 17.59 16.22 12.17 10.78  9.72  9.34  6.44  5.93
MEAN      4.42  4.97  5.24  6.12  5.78  5.31  4.81  4.51  4.23  4.36  4.41  4.18
STD DEV   1.72  2.15  2.13  2.19  2.29  1.93  1.82  1.86  1.82  2.02  1.93  1.74
SKEW       .58   .60   .42   .09   .28   .27   .29   .38   .57   .96   .64   .35
% SSE    11.33 11.26 15.34 20.62 25.84 28.37 26.31 19.95 10.67  9.28  8.37  8.19
MEAN      5.07  5.69  5.90  6.36  6.09  5.64  5.23  5.09  4.69  4.54  5.07  4.82
STD DEV   1.94  2.19  2.22  2.34  2.16  1.85  1.83  1.83  1.83  1.92  2.12  1.96
SKEW       .33   .37   .47   .21   .19   .19   .23   .21   .47   .61   .37   .34
% S       8.81  8.87 10.18  9.36 11.76 16.23 21.94 16.93  7.13  6.10  8.74  8.52
MEAN      4.92  5.08  5.38  5.71  5.43  5.31  5.13  5.00  4.48  4.50  4.92  4.86
STD DEV   2.01  2.09  2.13  2.14  2.08  1.96  1.88  1.84  1.82  1.81  2.17  1.98
SKEW       .35   .35   .50   .31   .32   .15   .20   .21   .27   .28   .44   .41
% SSW     5.76  6.16  5.72  3.82  4.57  5.79 12.47 10.78  3.59  4.05  5.77  5.77
MEAN      4.90  5.10  5.22  5.44  4.81  4.86  5.03  4.82  4.17  4.35  4.75  4.57
STD DEV   1.92  2.06  1.87  2.22  1.93  1.63  1.84  1.71  1.55  1.66  1.96  1.90
SKEW       .27   .44   .21   .36   .38   .26   .30   .28   .39   .33   .50   .48
% SW      2.30  2.25  1.91  1.04   .97  1.35  2.60  2.68   .99  1.20  1.98  2.75
MEAN      4.09  4.38  4.55  3.42  3.65  4.03  3.98  3.75  3.31  3.49  3.90  3.98
STD DEV   1.89  1.96  1.82  1.62  1.56  1.69  1.43  1.55  1.52  1.49  1.86  1.85
SKEW       .55   .36   .27   .83   .24   .49   .43   .48  1.03   .59   .73   .59
% WSW     1.66  1.72  1.06   .75   .52   .90  1.77  1.69   .76   .93  1.63  2.19
MEAN      3.26  3.99  3.82  3.03  3.16  3.26  3.32  3.17  2.84  2.93  3.43  3.52
STD DEV   1.40  1.70  1.65  1.43  1.17  1.48  1.37  1.29  1.07  1.32  1.40  1.48
SKEW      1.07   .70   .48   .48   .41   .42   .41   .23  1.00   .49   .43   .40
% W       1.66  1.54  1.10   .77   .59   .69  1.07  1.19   .78   .99  1.34  1.98
MEAN      3.33  3.33  4.28  2.90  3.02  2.84  2.97  2.77  2.74  2.82  3.45  3.31
STD DEV   1.56  1.65  2.23  1.23  1.38  1.24  1.40  1.19  1.17  1.34  1.49  1.50
SKEW      1.02   .90   .93   .54   .38   .39   .93   .62   .64   .71   .38   .50
% WNW     2.84  2.13  1.64  1.44   .96   .69   .88  1.11   .95  1.45  2.07  2.81
MEAN      4.32  4.25  5.30  4.36  3.85  3.23  2.60  2.52  2.83  2.95  3.54  3.62
STD DEV   2.37  2.34  2.46  2.46  1.77  1.71   .99  1.00  1.21  1.34  1.88  1.79
SKEW      1.05   .89   .57   .81   .15  1.10   .79   .79   .72   .78  1.27   .83
% NW      2.99  3.13  1.95  1.70  1.49   .94   .54   .91  1.29  2.17  2.99  3.63
MEAN      4.54  5.00  4.62  4.70  3.63  3.29  2.40  2.47  3.16  3.39  3.83  4.30
STD DEV   2.39  2.53  2.29  2.35  1.74  1.26   .98   .93  1.32  1.61  1.85  2.28
SKEW       .96   .54   .81   .50   .86   .63   .62   .48   .94  1.00   .79   .88
% NNW     7.74  7.84  5.30  3.77  2.71  1.23   .95  1.78  4.15  6.40  8.37  8.92
MEAN      5.93  5.89  6.43  5.68  4.66  3.41  2.76  2.76  3.75  4.49  5.35  6.02
STD DEV   2.72  2.74  3.27  2.86  2.67  1.68  1.20  1.20  1.96  2.29  2.78  2.90
SKEW       .54   .38   .56   .44   .81   .80   .69  1.01  1.22   .88   .75   .40
CALM      4.68  3.33  2.75  2.73  2.96  3.00  4.25  5.33  5.33  5.18  5.35  5.92
 
TRIANGULATED DATA (station & weighting factor)
 
---Wind Stations---
PALACIOS      TX     .528  VICTORIA      TX     .322  BEEVILLE      TX     .150
---Solar Radiation and Max .5 P Stations---
 CORPUS CHRISTI, TE  .404   HOUSTON, TEXAS      .334   SAN ANTONIO, TEXAS  .262 
---Dewpoint Stations---
TX VICTORIA          .643  TX CORPUS CHRISTI    .200  TX HOUSTON           .158 
---Time Peak Stations---
EAGLE LAKE TX        .537  BEEVILLE TX          .463                            
