 LAMPASAS TX                             415018 0
 LATT=  31.05 LONG= -98.18 YEARS= 92. TYPE= 3
 ELEVATION = 1020. TP5 = 3.37 TP6= 7.05
 MEAN P    .24   .32   .33   .45   .50   .46   .40   .40   .51   .56   .39   .34
 S DEV P   .36   .43   .49   .59   .65   .60   .52   .58   .75   .75   .51   .56
 SKEW  P  2.98  2.77  3.03  2.44  3.14  2.46  2.31  3.29  2.83  3.05  2.64  4.45
 P(W/W)    .47   .45   .36   .40   .46   .44   .34   .33   .48   .42   .41   .48
 P(W/D)    .15   .16   .16   .17   .19   .14   .11   .12   .13   .12   .14   .13
 TMAX AV 59.36 63.03 71.03 78.39 84.09 91.64 96.00 96.63 89.91 80.90 69.25 61.15
 TMIN AV 32.51 35.83 42.84 51.39 59.65 67.24 69.86 69.38 63.50 52.40 41.69 34.37
 SD TMAX 13.50 13.13 11.77  8.93  7.28  5.89  5.09  5.61  7.62  9.19 11.11 11.99
 SD TMIN 11.29 10.82 11.01  9.95  7.60  5.20  3.67  4.27  7.61 10.20 11.40 10.81
 SOL.RAD  276.  344.  416.  450.  540.  612.  636.  586.  492.  396.  295.  254.
 SD SOL   36.8  43.6  58.4  83.5  77.1  62.7  50.0  98.1  58.5  36.4  36.5  35.3
 MX .5 P   .59  1.02   .59  1.35  1.98  1.55  1.58  1.16  1.39  1.44   .97   .43
 DEW PT  35.86 39.29 41.89 52.66 62.05 66.82 67.82 66.25 62.88 54.45 43.49 37.92
Time Pk   .513  .647  .706  .783  .803  .820  .846  .863  .879  .909  .954 1.000
% N      14.90 12.82 11.44  7.56  5.29  2.41  1.16  2.35  6.82 10.57 13.47 14.20
MEAN      6.17  6.09  6.35  5.82  5.04  4.09  3.76  3.58  4.39  5.07  5.72  5.86
STD DEV   2.72  2.70  2.78  2.68  2.38  1.96  1.76  1.72  2.05  2.31  2.70  2.66
SKEW       .37   .31   .23   .37   .39   .35   .59   .69   .48   .43   .40   .33
% NNE     9.56  9.04  7.65  6.21  4.50  2.44  1.37  2.77  7.14  7.44  7.91  7.41
MEAN      5.80  5.56  5.79  5.74  4.99  4.49  4.28  4.12  4.85  5.03  5.53  5.30
STD DEV   2.41  2.34  2.55  2.47  2.31  1.94  1.97  1.84  2.31  2.38  2.55  2.41
SKEW       .24   .39   .31   .32   .53   .31   .43   .51   .90   .61   .41   .43
% NE      5.00  6.27  5.81  4.68  4.31  3.03  1.92  3.94  7.92  5.73  5.06  4.72
MEAN      4.56  4.63  4.51  4.92  4.30  4.09  3.99  3.98  4.28  3.98  4.29  4.03
STD DEV   2.18  2.07  2.15  2.25  1.92  1.86  1.77  1.81  1.93  1.85  2.03  1.84
SKEW       .70   .53   .63   .54   .51   .61   .59   .58   .52   .65   .56   .54
% ENE     2.09  2.77  2.51  2.28  2.74  2.15  1.81  3.15  4.95  2.85  2.28  1.93
MEAN      3.35  3.71  3.76  4.07  3.91  3.96  4.08  3.83  3.93  3.70  3.48  3.33
STD DEV   1.44  1.64  1.70  1.79  1.78  1.78  1.87  1.66  1.77  1.69  1.57  1.44
SKEW       .40   .76   .75   .76   .69   .74   .43   .50   .80   .72   .56   .48
% E       1.96  3.08  2.63  3.11  3.87  3.67  2.79  5.06  6.01  3.44  2.16  1.85
MEAN      2.94  3.28  3.43  3.65  3.56  3.41  3.60  3.51  3.43  3.21  3.07  2.91
STD DEV   1.32  1.38  1.46  1.47  1.61  1.54  1.63  1.59  1.56  1.43  1.45  1.33
SKEW       .61   .35   .55   .20   .61   .70   .56   .70   .90   .52   .69   .57
% ESE     1.62  2.42  2.19  2.94  3.45  3.73  3.31  4.41  4.68  2.85  1.52  1.61
MEAN      3.00  3.61  3.97  4.09  3.78  3.64  3.87  3.66  3.43  3.33  3.22  2.94
STD DEV   1.40  1.61  1.79  1.61  1.70  1.54  1.73  1.55  1.46  1.50  1.38  1.46
SKEW       .70   .59   .55   .48   .83   .62   .55   .41   .61   .59   .53  1.02
% SE      2.91  3.74  4.65  6.87  8.67  9.66  7.83  7.89  6.90  5.86  3.17  2.97
MEAN      3.53  3.96  4.47  4.70  4.44  4.28  4.05  3.78  3.60  3.61  3.27  3.32
STD DEV   1.70  1.88  2.05  2.02  2.03  1.90  1.84  1.62  1.56  1.65  1.49  1.62
SKEW       .68   .69   .51   .52   .58   .50   .61   .52   .65   .68   .69   .83
% SSE     5.28  6.21  9.99 16.59 18.36 18.16 15.41 12.73  9.56  9.04  6.52  5.70
MEAN      4.22  4.82  5.38  5.59  5.46  5.01  4.59  4.31  4.09  4.25  4.34  4.20
STD DEV   2.06  2.28  2.23  2.07  2.12  1.98  1.93  1.82  1.79  1.91  2.07  2.00
SKEW       .61   .47   .27   .15   .23   .28   .47   .45   .58   .55   .61   .59
% S      15.10 13.77 18.44 23.21 24.12 29.19 32.35 25.20 15.94 16.11 15.88 14.26
MEAN      4.67  5.12  5.50  5.69  5.32  5.05  4.58  4.30  4.30  4.30  4.74  4.59
STD DEV   2.19  2.45  2.30  2.23  2.10  2.00  1.87  1.81  1.94  2.01  2.26  2.15
SKEW       .52   .39   .19   .16   .18   .21   .43   .48   .53   .63   .54   .54
% SSW     8.99  8.20  8.02  6.92  6.58  9.56 14.01 11.85  6.09  6.56  7.99  7.85
MEAN      5.26  5.38  5.62  5.44  4.90  4.98  4.67  4.49  4.33  4.41  5.24  5.04
STD DEV   2.42  2.46  2.41  2.25  2.09  1.97  1.81  1.83  1.91  2.09  2.42  2.40
SKEW       .36   .38   .22   .23   .29   .26   .32   .39   .45   .56   .43   .48
% SW      3.70  3.35  2.99  2.32  2.11  2.95  5.70  4.99  2.74  3.06  3.37  3.70
MEAN      4.60  4.48  4.98  4.48  3.94  4.22  4.15  4.03  3.77  3.75  4.22  4.01
STD DEV   2.33  2.18  2.63  2.13  1.80  2.05  1.72  1.72  1.90  1.90  2.22  2.10
SKEW       .56   .58   .59   .48   .56   .50   .33   .34   .76   .79   .65   .79
% WSW     1.58  1.79  1.36  1.03   .77   .91  1.50  1.38   .83  1.16  1.61  1.77
MEAN      3.61  3.63  3.96  3.49  2.90  3.56  3.37  3.47  2.86  2.84  3.09  3.16
STD DEV   1.83  1.69  2.18  1.74  1.24  1.73  1.39  1.46  1.27  1.37  1.50  1.51
SKEW       .93   .91   .99   .69   .46   .70   .26   .31   .65   .79   .73   .95
% W       2.29  2.80  2.29  1.53  1.11   .73  1.01  1.34  1.24  1.52  2.55  3.00
MEAN      3.38  3.61  4.14  3.52  3.02  2.89  2.75  2.79  2.46  2.55  3.11  3.20
STD DEV   1.86  2.01  2.59  1.92  1.49  1.22  1.28  1.29  1.11  1.31  1.60  1.70
SKEW      1.15  1.00  1.09  1.05   .73   .36   .62   .63   .69  1.22   .82  1.10
% WNW     3.15  3.10  2.68  1.67  1.23   .64   .50   .74  1.19  1.73  2.80  3.45
MEAN      4.44  4.79  5.36  4.37  3.72  2.92  2.66  3.07  2.49  3.28  3.75  4.20
STD DEV   2.50  2.53  3.04  2.29  1.85  1.45  1.07  1.45  1.02  1.82  2.09  2.26
SKEW       .85   .58   .56   .60   .69   .86   .04   .58   .46  1.35  1.24   .80
% NW      4.22  4.59  3.72  2.69  1.61   .82   .60   .99  1.75  3.06  4.22  4.95
MEAN      4.95  5.26  5.53  4.92  3.66  3.35  2.94  3.23  2.71  3.66  4.20  4.70
STD DEV   2.61  2.58  2.86  2.58  1.90  1.73  1.39  1.58  1.25  1.92  2.24  2.43
SKEW       .48   .38   .51   .58   .75   .75   .73   .49   .67   .98   .84   .68
% NNW     6.20  6.40  5.25  3.37  2.15  1.04   .51  1.05  2.05  4.31  5.94  7.06
MEAN      5.64  5.90  6.34  5.34  4.57  4.01  3.33  3.39  3.61  4.45  5.05  5.63
STD DEV   2.61  2.68  2.95  2.68  2.15  1.96  1.63  1.54  1.84  2.25  2.51  2.71
SKEW       .38   .37   .25   .55   .40   .59   .58   .47   .92   .72   .52   .40
CALM     11.45  9.66  8.46  7.06  9.12  9.03  8.19 10.15 14.17 14.67 13.49 13.59
 
TRIANGULATED DATA (station & weighting factor)
 
---Wind Stations---
AUSTIN/BERGS. TX     .350  AUSTIN        TX     .350  WACO/CONNALLY TX     .300
---Solar Radiation and Max .5 P Stations---
 AUSTIN, TEXAS       .571   SAN ANTONIO, TEXAS  .318   OKLAHOMA CITY, OKL  .112 
---Dewpoint Stations---
TX AUSTIN            .433  TX WACO              .370  TX ABILENE           .197 
---Time Peak Stations---
PRAIRIE MOUNTAIN TX  .409  BANKERSMITH TX       .296  WHITNEY DAM TX       .294 
