 SAM RAYBURN DAM TX                      417936 0
 LATT=  31.07 LONG= -94.10 YEARS= 49. TYPE= 4
 ELEVATION =  190. TP5 = 3.46 TP6= 7.94
 MEAN P    .50   .53   .56   .62   .71   .70   .54   .45   .51   .66   .67   .56
 S DEV P   .59   .86   .66   .82   .78   .83   .62   .71   .74   .92   .93   .76
 SKEW  P  1.63  4.44  1.87  2.00  1.53  2.32  1.84  4.19  3.45  2.30  3.49  2.54
 P(W/W)    .52   .48   .43   .42   .47   .53   .46   .41   .43   .45   .45   .53
 P(W/D)    .25   .23   .24   .19   .22   .20   .21   .21   .19   .16   .21   .23
 TMAX AV 56.80 61.39 69.55 77.18 83.65 89.75 92.63 92.95 88.15 79.49 68.67 61.28
 TMIN AV 36.14 38.92 46.80 54.46 62.03 68.39 70.81 69.84 65.51 54.29 45.87 38.81
 SD TMAX 11.95 11.78  9.54  7.17  5.56  4.56  4.14  4.06  5.85  7.71 10.20 10.89
 SD TMIN 10.79 10.14 10.07  9.19  6.38  4.59  2.68  3.20  6.49  9.49 10.96 11.22
 SOL.RAD  250.  301.  379.  442.  535.  549.  557.  516.  428.  374.  274.  223.
 SD SOL   49.6  63.6  77.8  95.9  88.3  94.6  85.7 198.1  86.3  47.6  46.9  49.6
 MX .5 P   .95  1.09  1.05  1.72  2.02  1.56  1.41  1.95  1.97  1.33   .97   .97
 DEW PT  42.10 44.10 47.42 56.35 64.53 71.14 72.85 71.85 67.25 57.93 47.64 43.28
Time Pk   .462  .595  .665  .750  .774  .793  .833  .856  .878  .909  .949 1.000
% N       8.53  7.94  6.28  5.34  4.43  3.18  2.65  3.23  7.90  8.95  8.26  7.62
MEAN      4.23  4.35  4.39  4.20  3.65  3.10  2.81  2.82  3.32  3.87  4.02  4.21
STD DEV   1.82  1.77  1.82  1.77  1.59  1.28  1.29  1.16  1.31  1.81  1.68  1.83
SKEW       .72   .39   .55   .28   .91   .39   .82   .68   .44   .73   .40   .60
% NNE     5.55  5.00  4.32  3.59  3.34  2.94  2.32  4.13  7.87  7.54  5.09  4.99
MEAN      3.85  4.14  3.99  3.87  3.53  3.08  2.83  2.96  3.26  3.61  3.89  3.80
STD DEV   1.44  1.63  1.60  1.50  1.52  1.14  1.24  1.23  1.29  1.53  1.60  1.52
SKEW       .35   .39   .58   .22   .70   .47   .86   .79   .49   .60   .38   .39
% NE      4.98  5.17  4.71  3.66  4.16  3.63  2.92  4.89  9.71  7.27  5.34  4.96
MEAN      3.47  3.66  3.57  3.52  3.32  2.94  2.84  2.97  3.15  3.15  3.28  3.39
STD DEV   1.30  1.37  1.54  1.34  1.50  1.09  1.16  1.21  1.30  1.35  1.36  1.37
SKEW       .44   .34   .73   .24   .96   .31   .82   .64   .62   .61   .55   .46
% ENE     4.58  5.30  4.04  3.97  3.72  3.18  3.16  4.60  8.73  5.16  3.60  4.52
MEAN      3.60  3.89  3.59  3.75  3.44  3.01  3.02  3.01  3.42  3.26  3.34  3.44
STD DEV   1.34  1.52  1.47  1.47  1.30  1.17  1.22  1.27  1.53  1.37  1.43  1.34
SKEW       .38   .28   .45   .34   .34   .36   .34   .93   .94   .89   .57   .40
% E       6.48  7.24  6.07  5.89  6.43  6.34  5.97  7.50  9.71  7.64  6.11  7.26
MEAN      3.64  3.69  3.81  3.61  3.57  2.99  3.02  2.98  3.20  3.12  3.28  3.53
STD DEV   1.51  1.55  1.55  1.48  1.41  1.19  1.36  1.32  1.40  1.29  1.40  1.47
SKEW       .57   .68   .37   .47   .39   .51   .75  1.04   .69   .61   .58   .62
% ESE     6.44  6.11  5.92  6.39  7.18  5.50  5.41  5.88  7.06  7.06  6.58  6.87
MEAN      3.75  3.90  4.33  4.31  3.88  3.35  3.25  3.04  3.18  3.47  3.52  3.80
STD DEV   1.46  1.62  1.83  1.78  1.62  1.38  1.53  1.38  1.33  1.45  1.44  1.56
SKEW       .47   .60   .56   .55   .42   .66  1.03   .81   .62   .53   .76   .58
% SE      7.82  5.56  7.22  9.49  9.25  7.90  6.19  5.91  6.41  7.80  8.10  7.36
MEAN      3.85  4.22  4.54  4.58  4.24  3.53  3.15  3.29  3.31  3.52  3.94  4.03
STD DEV   1.63  1.80  1.95  1.91  1.74  1.52  1.47  1.57  1.45  1.54  1.74  1.84
SKEW       .51   .51   .48   .50   .37   .64   .72   .80   .80   .76   .73   .62
% SSE     8.22  7.01  9.69 13.08 12.15  9.83  7.02  6.02  4.86  5.78  7.10  6.81
MEAN      4.33  4.75  4.93  5.08  4.67  4.04  3.32  3.18  3.53  3.59  4.51  4.39
STD DEV   1.69  2.01  1.93  1.82  1.73  1.70  1.43  1.39  1.59  1.59  1.83  1.88
SKEW       .50   .56   .38   .41   .15   .53   .67   .64   .87   .62   .45   .62
% S       9.61  8.42 13.29 17.82 15.48 16.74 12.28 10.35  6.37  6.08  8.66  9.17
MEAN      4.61  4.79  4.89  4.98  4.37  4.01  3.37  3.20  3.45  3.41  4.27  4.42
STD DEV   2.02  2.21  1.88  1.86  1.69  1.61  1.45  1.40  1.54  1.54  1.84  1.94
SKEW       .56   .67   .28   .23   .28   .50   .70   .81   .73   .76   .54   .58
% SSW     5.07  5.00  5.89  5.90  6.42  8.63  8.68  6.72  2.45  2.42  4.45  4.30
MEAN      4.64  4.92  4.78  4.72  4.11  4.01  3.47  3.38  3.51  3.50  4.30  4.32
STD DEV   1.85  2.15  1.94  1.82  1.62  1.63  1.37  1.44  1.54  1.56  1.96  1.88
SKEW       .57   .48   .35   .26   .34   .49   .41   .75   .55   .62   .60   .72
% SW      2.86  4.18  3.55  3.13  4.05  5.39  8.86  6.38  2.15  2.08  2.75  3.41
MEAN      4.09  4.01  4.01  4.23  3.65  3.44  3.40  3.06  3.09  3.09  3.71  4.24
STD DEV   1.75  1.99  1.76  1.75  1.41  1.51  1.40  1.28  1.22  1.29  1.81  1.81
SKEW       .52   .82   .53   .35   .32   .79   .51   .51   .44   .58  1.15   .58
% WSW     1.93  2.60  2.36  1.70  1.78  3.15  5.53  4.36  1.43  1.25  2.01  2.44
MEAN      3.92  4.34  4.53  3.82  3.32  3.26  3.43  3.15  3.16  3.13  3.55  3.87
STD DEV   1.68  1.88  2.10  1.60  1.29  1.20  1.27  1.24  1.35  1.26  1.64  1.75
SKEW       .53   .60   .70   .23   .21   .39   .43   .58   .70   .39   .81   .77
% W       2.16  3.26  3.40  2.04  1.79  2.97  5.45  4.78  1.93  2.06  2.37  3.16
MEAN      4.07  4.11  4.80  3.84  3.40  3.35  3.22  2.93  2.99  3.32  3.72  3.61
STD DEV   1.94  1.94  2.46  1.77  1.51  1.46  1.25  1.21  1.68  1.58  1.77  1.66
SKEW       .72   .59   .71   .52   .62   .92   .51   .56  1.27   .75   .54   .74
% WNW     3.38  4.17  4.05  2.64  1.63  2.03  3.33  2.65  1.88  2.60  3.56  3.59
MEAN      4.62  4.81  5.50  4.39  3.42  3.41  3.22  3.02  3.15  4.00  4.24  4.51
STD DEV   2.10  2.05  2.33  2.04  1.40  1.63  1.28  1.26  1.66  1.96  1.95  2.38
SKEW       .57   .49   .28   .65   .26   .79   .47   .65  1.32   .78   .66  1.02
% NW      5.89  7.06  5.53  3.59  2.84  2.07  2.49  2.30  2.66  4.29  6.24  5.39
MEAN      4.91  5.47  5.38  4.63  3.60  2.99  3.06  3.03  3.04  3.79  4.67  4.96
STD DEV   2.10  2.42  2.30  2.00  1.59  1.31  1.19  1.25  1.59  1.73  2.22  2.53
SKEW       .43   .42   .21   .54   .70   .54   .45   .51  1.26   .59   .59   .91
% NNW     7.13  7.48  5.95  4.22  3.20  1.92  2.19  2.06  3.74  5.93  7.00  6.65
MEAN      4.84  4.98  4.96  4.51  3.85  3.14  3.00  2.86  3.26  3.84  4.64  4.77
STD DEV   2.01  1.95  2.01  1.91  1.75  1.40  1.15  1.23  1.60  1.80  1.96  2.03
SKEW       .46   .22   .42   .33   .65  1.05   .46   .78   .98   .71   .49   .40
CALM      9.29  8.44  7.81  7.60 12.03 14.50 15.64 18.28 15.17 15.99 12.81 11.54
 
TRIANGULATED DATA (station & weighting factor)
 
---Wind Stations---
LUFKIN        TX     .431  FT.POLK       LA     .342  PORT ARTHUR   TX     .227
---Solar Radiation and Max .5 P Stations---
 SHREVEPORT, LOUISI  .423   HOUSTON, TEXAS      .345   BATON ROUGE, LOUIS  .232 
---Dewpoint Stations---
TX PORT ARTHUR       .392  LA SHREVEPORT        .321  TX PALESTINE         .288 
---Time Peak Stations---
NACOGDOCHES 4 NE TX  .515  LEESVILLE LA         .485                            
