 WOODRUFF UT                             429595 0
 LATT=  41.53 LONG=-111.15 YEARS= 45. TYPE= 3
 ELEVATION = 6340. TP5 =  .97 TP6= 2.16
 MEAN P    .09   .09   .09   .13   .12   .16   .16   .13   .19   .17   .11   .10
 S DEV P   .09   .10   .11   .18   .14   .18   .21   .15   .26   .20   .13   .11
 SKEW  P  1.81  2.39  2.95  3.68  2.20  1.83  3.02  2.87  3.01  1.74  2.98  2.65
 P(W/W)    .31   .25   .27   .40   .51   .49   .27   .37   .45   .41   .32   .34
 P(W/D)    .15   .16   .19   .17   .17   .13   .14   .15   .13   .12   .17   .15
 TMAX AV 27.87 32.58 41.23 53.55 63.73 72.63 81.45 80.01 71.58 60.10 42.11 30.82
 TMIN AV  4.11  6.72 15.47 24.02 31.46 38.74 43.54 41.02 32.35 22.87 14.66  6.56
 SD TMAX 11.72 10.43  9.82 10.32  9.54  8.75  5.20  5.87  9.02 10.89 11.52 10.61
 SD TMIN 15.85 14.97 10.98  6.77  6.41  5.54  5.91  6.77  7.80  7.85 10.97 13.39
 SOL.RAD  173.  262.  367.  485.  572.  627.  624.  555.  453.  316.  205.  152.
 SD SOL   32.3  35.6  48.0  58.2  65.0  62.1  54.7 109.7  54.8  29.5  28.4  29.9
 MX .5 P   .13   .13   .17   .20   .16   .23   .53   .35   .44   .32   .14   .10
 DEW PT  16.64 20.19 23.19 28.22 34.31 38.31 41.79 41.99 34.96 30.96 24.90 20.64
Time Pk   .715  .816  .840  .920  .925  .926  .929  .929  .933  .952  .971 1.000
% N       4.56  5.09  5.83  6.19  6.52  6.36  4.93  4.70  5.33  5.55  5.24  4.60
MEAN      3.46  4.09  4.05  4.08  4.14  3.75  3.45  3.46  3.46  3.51  3.52  3.21
STD DEV   1.80  2.15  1.91  1.94  1.99  1.74  1.56  1.49  1.57  1.76  1.86  1.73
SKEW      1.15   .88   .79   .92   .80   .96   .62   .63  1.05  1.11   .96  1.03
% NNE     1.11  1.63  1.72  2.07  2.54  2.47  2.10  1.82  1.82  1.66  1.45  1.07
MEAN      3.59  3.96  3.67  3.65  3.78  3.40  3.25  3.42  3.43  3.62  3.35  2.86
STD DEV   2.07  1.90  1.73  1.61  2.02  1.46  1.42  1.58  1.43  1.88  1.48  1.14
SKEW      1.27   .92   .70   .79   .96   .74   .65   .82   .67   .91   .56   .36
% NE      1.71  1.93  2.23  2.50  3.16  3.07  2.31  2.20  2.07  1.83  1.79  1.45
MEAN      3.94  3.86  3.73  3.74  4.27  3.79  3.63  3.50  3.39  3.54  3.10  2.51
STD DEV   2.55  2.61  2.01  1.87  2.48  2.07  1.80  1.74  1.78  2.16  1.74  1.15
SKEW       .93  1.37  1.22   .71  1.10  1.13   .75   .83   .92  1.16  1.21   .75
% ENE     1.87  2.04  2.23  2.62  2.96  3.19  4.15  3.80  3.64  3.58  2.15  1.75
MEAN      3.42  4.68  4.88  4.63  4.76  3.85  3.85  3.91  4.16  4.80  3.41  3.37
STD DEV   1.71  2.66  3.29  2.35  2.33  1.67  1.65  1.57  1.71  2.62  1.50  1.55
SKEW       .42   .71  1.04   .64   .73   .50   .47   .34   .20   .67   .33   .55
% E       5.49  5.57  5.65  5.35  6.71  7.37  7.59  7.24  6.63  5.79  5.90  5.40
MEAN      3.95  3.63  3.91  3.85  4.74  3.98  3.95  4.09  3.69  3.84  3.30  3.44
STD DEV   2.59  1.92  1.97  1.84  2.52  1.93  1.87  1.99  1.57  2.07  1.63  1.78
SKEW      1.21  1.39  1.10   .93   .94   .73   .98   .75   .54  1.25   .89   .81
% ESE     5.15  5.93  5.37  4.26  5.63  6.06  7.64  7.40  7.25  7.73  6.66  5.25
MEAN      3.59  4.17  3.91  4.01  4.54  3.85  4.15  4.18  3.98  4.22  3.42  3.64
STD DEV   1.61  2.03  1.62  1.74  1.97  1.63  1.71  1.83  1.71  1.81  1.38  1.77
SKEW       .53   .88   .28   .32   .38   .60   .44   .68   .59   .69   .41   .64
% SE     11.35 11.07  9.74  9.54  9.90  9.78 11.06 12.26 11.40 12.08 11.29 12.00
MEAN      3.79  3.79  3.79  3.82  3.91  3.80  3.89  4.02  3.78  3.58  3.30  3.66
STD DEV   2.02  1.86  1.79  1.74  1.75  1.65  1.73  1.80  1.62  1.57  1.59  1.87
SKEW      1.57  1.09  1.70   .94   .80   .60   .85   .82   .70   .87  1.27  1.05
% SSE    14.18 12.52 12.52 10.58  9.78 11.15 13.21 15.71 13.05 12.39 12.56 12.27
MEAN      4.83  4.74  4.96  4.64  4.62  4.69  4.46  4.91  4.42  4.46  3.97  4.51
STD DEV   2.62  2.44  2.65  2.26  2.11  2.21  1.94  2.11  1.94  2.11  2.00  2.43
SKEW      1.09  1.22  1.35  1.17  1.04  1.00   .82   .72   .92  1.06  1.23  1.25
% S      17.16 15.88 15.08 13.51 11.53 12.50 14.27 15.29 14.29 12.64 15.46 15.52
MEAN      4.80  4.61  4.98  4.92  4.65  4.56  4.41  4.86  4.61  4.55  4.44  4.50
STD DEV   2.57  2.22  2.49  2.39  2.24  2.09  1.94  2.13  2.14  2.20  2.22  2.39
SKEW       .99   .95   .98  1.05  1.03   .70   .80   .65   .73   .75   .86   .84
% SSW     3.40  3.63  3.87  4.26  3.73  3.71  3.61  4.26  3.93  3.12  3.22  3.21
MEAN      3.76  3.93  4.40  4.69  4.39  4.50  3.98  4.16  3.94  3.83  3.63  3.83
STD DEV   1.92  1.90  2.30  2.58  2.39  2.46  1.85  1.98  1.98  1.88  1.81  2.16
SKEW       .94   .82  1.10  1.01  1.16  1.07   .87   .89   .82   .94   .73   .93
% SW      3.54  3.80  4.31  5.30  5.08  4.84  4.43  4.31  4.28  3.38  3.68  3.29
MEAN      3.07  3.00  3.56  3.81  3.89  3.82  3.46  3.54  3.35  3.05  3.03  2.88
STD DEV   1.64  1.40  1.74  1.86  2.07  2.15  1.58  1.61  1.56  1.42  1.55  1.45
SKEW      1.54  1.13  1.00  1.12  1.15  1.49   .89   .91  1.00   .88  1.17  1.05
% WSW     1.39  1.60  2.38  2.99  2.46  2.53  2.20  2.24  2.31  2.16  1.67  1.71
MEAN      3.40  3.37  3.99  4.07  4.01  3.84  3.57  3.41  3.53  3.37  3.19  3.05
STD DEV   1.88  1.55  1.80  1.84  1.97  1.65  1.52  1.45  1.47  1.58  1.39  1.54
SKEW       .88   .69   .57   .63  1.05   .71   .71   .85   .48  1.28  1.12   .93
% W       3.21  3.60  4.00  5.10  4.91  4.03  3.54  3.03  3.57  3.27  2.79  3.49
MEAN      3.30  3.18  4.32  4.27  3.86  3.72  3.47  3.46  3.35  3.17  3.30  3.04
STD DEV   1.78  1.64  2.29  2.06  1.79  1.78  1.52  1.54  1.53  1.48  1.83  1.65
SKEW      1.31  1.26   .94   .77   .72  1.01   .57   .79   .89   .81  1.76  1.04
% WNW     2.74  2.81  3.40  3.90  3.39  2.83  2.40  2.09  2.46  2.92  2.18  2.61
MEAN      3.50  3.65  4.51  4.53  4.22  4.16  3.74  3.60  3.74  3.52  3.27  3.55
STD DEV   1.75  1.73  2.34  2.07  2.27  1.85  1.60  1.48  1.67  1.68  1.65  1.81
SKEW       .80   .85   .89   .79  1.89   .92   .74   .63   .70   .68  1.01   .84
% NW      6.08  7.06  6.94  7.93  8.13  7.20  5.30  3.96  5.78  6.67  6.21  6.05
MEAN      3.73  3.98  4.83  4.87  4.49  4.07  3.82  3.76  3.79  3.71  3.71  3.51
STD DEV   1.90  2.15  2.66  2.42  2.25  1.91  1.61  1.59  1.85  1.87  1.94  2.08
SKEW       .95  1.13  1.77   .94  1.10   .88   .63   .86  1.21  1.09   .98  1.37
% NNW     4.10  5.28  6.04  6.12  6.09  5.95  4.37  3.43  4.75  5.72  5.08  4.19
MEAN      3.97  4.54  4.98  5.19  4.77  4.54  3.89  3.97  4.00  4.11  4.10  4.09
STD DEV   2.15  2.15  2.47  2.61  2.30  2.21  1.63  1.66  1.93  2.12  2.16  2.17
SKEW      1.18   .71   .90  1.01   .88   .91   .58   .77  1.04   .97   .95   .94
CALM     13.05 10.58  8.72  7.80  7.43  7.04  6.86  6.23  7.42  9.48 12.72 16.11
 
TRIANGULATED DATA (station & weighting factor)
 
---Wind Stations---
OGDEN/HILL    UT     .364  OGDEN         UT     .364  SALT LAKE/INT.UT     .271
---Solar Radiation and Max .5 P Stations---
 SALT LAKE CITY, UT  .532   POCATELLO, IDAHO    .300   GRAND JUNCTION, CO  .168 
---Dewpoint Stations---
UT SALT LAKE CITY    .456  WY ROCK SPRINGS      .287  ID POCATELLO         .256 
---Time Peak Stations---
EVANSTON 1E WY       .544  MOUNTAIN VIEW WY     .253  PLYMOUTH UT          .203 
