 WENDOVER AP UT                          429382 0
 LATT=  40.72 LONG=-114.03 YEARS= 61. TYPE= 3
 ELEVATION = 4230. TP5 =  .85 TP6= 1.92
 MEAN P    .07   .08   .09   .11   .15   .14   .09   .12   .13   .15   .09   .07
 S DEV P   .08   .09   .12   .14   .20   .17   .13   .18   .21   .19   .14   .08
 SKEW  P  2.25  2.76  2.43  2.81  3.53  2.20  3.63  3.27  4.14  2.63  4.29  2.25
 P(W/W)    .29   .31   .31   .34   .42   .40   .28   .31   .29   .32   .34   .22
 P(W/D)    .10   .11   .11   .12   .12   .09   .07   .08   .07   .08   .09   .10
 TMAX AV 35.42 42.85 52.23 62.34 72.43 82.28 92.20 89.55 78.40 63.63 47.12 36.85
 TMIN AV 18.84 24.66 32.03 40.46 50.13 58.85 67.54 64.95 54.02 41.91 29.25 21.18
 SD TMAX  9.73  9.27  8.60  9.72  9.97  9.70  5.88  6.37  9.16  9.00  8.28  8.93
 SD TMIN  8.92  8.21  6.76  7.08  7.46  7.32  5.16  5.72  7.13  6.78  7.14  7.64
 SOL.RAD  210.  310.  428.  533.  606.  680.  637.  594.  493.  366.  259.  193.
 SD SOL   24.0  23.5  31.0  44.3  55.2  44.8  51.3  93.2  44.8  16.2  13.9  20.4
 MX .5 P   .12   .12   .16   .20   .18   .23   .39   .31   .42   .18   .13   .10
 DEW PT  15.63 20.31 22.31 26.94 31.37 34.68 37.57 37.46 31.20 27.52 23.31 19.26
Time Pk   .758  .857  .885  .911  .913  .914  .920  .927  .927  .938  .977 1.000
% N       3.10  4.24  5.25  5.49  4.70  5.04  4.25  4.01  4.14  5.22  4.59  2.84
MEAN      3.50  4.16  4.44  5.01  4.61  4.76  4.20  4.20  4.10  4.20  3.71  3.52
STD DEV   2.23  2.60  2.45  2.56  2.42  2.41  2.24  2.51  2.37  2.83  2.41  2.47
SKEW      1.00   .55   .48   .40   .59   .52   .61   .48   .68   .93   .60  1.19
% NNE     3.77  4.10  4.89  4.98  5.53  5.03  4.73  4.75  3.97  4.59  4.91  3.63
MEAN      2.76  3.12  3.35  3.88  4.08  4.17  3.99  3.94  3.69  3.48  3.40  2.88
STD DEV   1.78  2.02  1.91  2.08  2.10  2.11  2.20  2.21  2.02  2.18  2.14  1.98
SKEW      1.38  1.06   .85   .61   .64   .50   .75   .67   .57   .82   .87  1.74
% NE      6.63  6.47  5.54  4.14  5.07  4.67  5.59  5.95  5.70  6.00  6.99  6.53
MEAN      2.56  2.64  2.83  3.31  3.35  3.46  3.13  3.10  2.91  2.73  2.79  2.62
STD DEV   1.24  1.31  1.36  1.73  1.61  1.60  1.40  1.53  1.38  1.41  1.45  1.25
SKEW      1.03  1.06  1.14  1.31   .96   .87   .88   .81   .72   .83   .97   .68
% ENE     7.70  7.43  6.13  6.71  6.50  6.96  8.73  9.00  7.53  7.65  7.56  7.54
MEAN      2.49  2.60  2.91  3.15  3.42  3.30  3.44  3.17  2.97  2.65  2.50  2.43
STD DEV   1.05  1.19  1.27  1.30  1.43  1.35  1.40  1.31  1.29  1.23  1.22  1.11
SKEW       .75   .80   .74   .70   .66   .47   .44   .45   .75  1.02  1.05   .84
% E       7.54  7.54  7.17  7.74  9.37 10.58 13.43 12.45 11.90  9.68  8.40  7.13
MEAN      2.30  2.50  2.88  3.24  3.38  3.48  3.45  3.30  3.17  2.64  2.40  2.15
STD DEV    .99  1.14  1.29  1.42  1.32  1.38  1.31  1.31  1.35  1.11  1.04   .97
SKEW       .75   .74   .73   .83   .72   .75   .36   .29   .66   .64   .57   .71
% ESE     4.40  4.41  4.97  7.16  8.40 10.80 12.26 11.44  8.31  7.14  5.36  4.24
MEAN      2.26  2.34  2.81  3.37  3.54  3.63  3.69  3.57  3.11  2.60  2.31  2.02
STD DEV   1.05   .99  1.15  1.31  1.41  1.38  1.41  1.36  1.19  1.08   .97   .88
SKEW      1.09   .78   .58   .56   .49   .51   .70   .24   .32   .72   .85   .99
% SE      4.47  6.23  5.84  5.42  7.40  7.54  7.87  8.09  7.48  5.41  4.82  3.80
MEAN      2.36  2.69  3.02  3.51  3.51  3.60  3.53  3.44  3.05  2.61  2.16  2.01
STD DEV   1.19  1.28  1.58  1.69  1.45  1.46  1.56  1.51  1.37  1.29  1.07   .96
SKEW      1.21  1.13  1.91  1.10   .96   .73  1.09   .71  1.28  1.06   .89   .98
% SSE     3.17  3.57  3.54  3.42  4.74  4.44  4.78  4.45  3.77  3.25  3.08  2.97
MEAN      2.87  2.79  3.16  3.43  3.55  3.79  3.74  3.75  3.01  2.85  2.37  2.53
STD DEV   2.37  1.64  1.64  1.72  1.89  1.86  1.87  2.00  1.51  1.65  1.44  1.88
SKEW      2.17  1.38   .89   .76  1.20  1.05   .81  1.03  1.29  1.83  1.60  1.91
% S       3.34  3.34  3.14  2.87  3.47  3.31  3.14  3.55  3.08  3.07  3.12  3.34
MEAN      2.66  2.80  3.43  3.81  3.72  3.96  3.68  3.35  2.99  2.86  2.62  2.49
STD DEV   2.00  1.88  2.36  2.51  2.33  2.53  2.11  2.10  1.97  2.10  1.83  2.02
SKEW      2.09  1.66  1.23  1.39  1.18  1.41  1.10  1.20  2.13  1.62  1.51  2.51
% SSW     2.03  1.90  1.74  2.09  1.83  2.57  2.12  2.34  1.70  1.51  1.81  2.10
MEAN      2.94  2.51  3.50  4.47  4.02  4.49  3.55  4.07  3.59  3.15  2.26  3.27
STD DEV   1.96  1.48  2.44  3.14  2.80  3.05  2.14  2.53  2.32  2.65  1.37  2.63
SKEW      1.26  1.45  1.42   .82  1.23  1.01   .97  1.03  1.01  1.65  1.69  1.45
% SW      2.60  2.27  2.30  2.06  2.53  2.47  2.04  2.44  2.43  2.20  2.07  2.60
MEAN      2.17  2.62  3.13  3.70  3.57  3.80  3.61  3.37  3.22  2.85  2.04  2.28
STD DEV   1.23  1.78  2.38  2.75  2.28  2.52  2.16  2.15  2.04  1.96  1.13  1.70
SKEW      1.81  1.42  2.01  1.29  1.16  1.23  1.09  1.32  1.66  1.48  1.17  2.12
% WSW     4.20  3.30  3.50  3.71  3.20  3.36  3.23  3.66  2.77  2.88  3.33  4.00
MEAN      3.01  2.74  3.42  3.94  4.14  3.86  3.20  3.63  3.05  2.58  2.28  2.35
STD DEV   2.54  2.08  2.54  2.58  2.67  2.41  1.96  2.47  1.99  2.16  1.44  1.69
SKEW      2.00  1.77  1.52  1.21   .91   .77  1.36  1.10  1.21  2.37  1.64  2.33
% W       5.80  5.47  6.36  6.68  6.27  5.10  4.83  4.60  4.81  5.22  4.89  5.80
MEAN      2.74  2.91  3.65  4.28  3.73  4.03  3.63  3.31  2.92  2.61  2.71  2.78
STD DEV   2.08  2.19  2.33  2.67  2.18  2.55  2.10  2.23  2.03  2.05  1.93  2.23
SKEW      1.67  1.66   .91  1.24  1.03  1.16  1.08  1.42  1.63  2.04  1.50  2.11
% WNW     5.24  6.31  9.13 10.13  7.60  6.53  4.70  4.26  4.98  5.64  5.33  6.53
MEAN      4.26  4.39  5.26  5.48  5.16  5.14  4.15  4.07  3.92  3.41  3.63  4.33
STD DEV   2.95  2.88  3.01  2.83  2.80  2.57  2.22  2.51  2.46  2.36  2.47  2.81
SKEW       .87   .58   .78   .62   .75   .59   .54   .95   .78  1.17   .87   .75
% NW      5.63  7.74 10.14  9.02  7.24  6.47  4.02  3.69  4.91  4.57  5.79  5.87
MEAN      5.00  5.33  5.98  6.25  5.51  5.73  4.61  4.55  4.61  4.57  4.99  4.97
STD DEV   3.28  3.01  3.11  3.11  2.69  2.92  2.63  2.63  2.74  2.85  3.11  3.03
SKEW       .76   .50   .58   .41   .46   .65   .76   .68   .47   .84   .63   .66
% NNW     3.10  5.34  6.01  6.14  5.43  4.74  2.94  2.80  3.14  3.85  3.75  4.00
MEAN      4.59  5.38  5.57  5.73  5.42  5.24  4.44  4.24  4.41  4.55  4.63  5.15
STD DEV   3.11  3.05  2.85  3.04  2.64  2.66  2.63  2.64  3.02  2.88  3.10  3.13
SKEW       .93   .44   .40   .56   .46   .47   .78   .84   .93   .52   .61   .86
CALM     27.20 20.42 14.36 12.26 10.72 10.12 11.30 12.56 19.44 22.21 24.08 27.00
 
TRIANGULATED DATA (station & weighting factor)
 
---Wind Stations---
WENDOVER      UT    1.000  LUCIN         UT     .000  ELKO          NV     .000
---Solar Radiation and Max .5 P Stations---
 ELKO, NEVADA        .417   SALT LAKE CITY, UT  .354   MILFORD, UTAH       .229 
---Dewpoint Stations---
NV ELKO              .370  NV ELY               .315  UT SALT LAKE CITY    .315 
---Time Peak Stations---
FERGUSON SPRGS HMS   .529  PEQUOP NV            .330  GRANTSVILLE UT       .141 
