 TIMPANOGOS CAVE UT                      428733 0
 LATT=  40.45 LONG=-111.72 YEARS= 45. TYPE= 3
 ELEVATION = 5520. TP5 =  .92 TP6= 2.22
 MEAN P    .24   .25   .26   .25   .27   .25   .19   .22   .27   .33   .26   .24
 S DEV P   .29   .27   .31   .30   .35   .30   .30   .28   .35   .37   .33   .30
 SKEW  P  2.46  1.86  2.56  2.23  2.85  2.02  4.10  2.89  2.18  1.70  2.59  2.58
 P(W/W)    .55   .49   .51   .57   .58   .53   .40   .39   .45   .49   .47   .52
 P(W/D)    .22   .23   .24   .20   .18   .11   .13   .16   .14   .13   .20   .21
 TMAX AV 33.39 40.43 49.00 59.71 69.90 80.78 89.62 87.89 78.01 63.51 43.81 34.16
 TMIN AV 19.76 22.90 27.67 34.67 42.17 49.67 57.47 56.06 48.26 39.06 28.79 21.62
 SD TMAX  8.67  8.83  9.34 10.54 10.56  9.30  5.91  6.61  9.13 10.71  9.55  8.29
 SD TMIN  9.16  8.68  7.56  6.80  6.55  6.36  4.50  5.00  6.74  6.87  7.82  8.27
 SOL.RAD  179.  273.  376.  496.  581.  641.  629.  564.  462.  332.  220.  162.
 SD SOL   33.3  34.5  47.0  55.7  62.3  57.0  53.3 106.4  53.4  26.8  25.8  29.5
 MX .5 P   .16   .14   .20   .24   .20   .19   .42   .46   .54   .23   .15   .11
 DEW PT  18.42 21.54 23.67 29.16 34.28 38.16 42.90 43.66 36.04 32.04 26.17 22.29
Time Pk   .803  .878  .904  .933  .938  .943  .947  .952  .958  .968  .983 1.000
% N       3.50  4.61  5.43  5.47  5.61  5.56  3.91  3.74  4.53  4.99  4.26  3.59
MEAN      3.73  4.33  4.34  4.33  4.33  3.84  3.47  3.42  3.54  3.79  3.66  3.41
STD DEV   2.12  2.39  2.21  2.19  2.25  1.94  1.81  1.68  1.78  2.04  2.05  2.04
SKEW      1.03   .98   .79   .91   .80  1.01   .82   .80  1.09  1.08   .95  1.00
% NNE      .99  1.62  2.02  2.16  2.50  2.46  1.96  1.71  1.73  1.77  1.41   .86
MEAN      4.00  4.11  3.99  4.01  4.08  3.86  3.45  3.45  3.57  3.97  3.72  3.03
STD DEV   2.37  2.11  2.00  1.81  2.20  1.80  1.65  1.79  1.70  2.08  1.80  1.28
SKEW      1.02  1.20   .80   .64   .84   .74   .72   .86   .80   .79   .75   .33
% NE      1.76  2.01  2.35  2.65  3.29  3.14  2.57  2.38  2.34  2.04  1.84  1.50
MEAN      3.95  3.87  3.72  3.65  4.20  3.85  3.60  3.44  3.32  3.49  2.97  2.38
STD DEV   2.63  2.58  2.12  1.89  2.55  2.21  1.99  1.87  1.86  2.24  1.73  1.15
SKEW      1.28  1.03  1.43   .77  1.39  1.26  1.21  1.30  1.26  1.44  1.29  1.07
% ENE     1.92  2.17  2.36  2.81  3.03  3.36  4.45  4.04  3.86  3.65  2.31  1.79
MEAN      3.28  4.51  4.74  4.45  4.58  3.78  3.78  3.82  3.82  4.69  3.31  3.22
STD DEV   1.66  2.59  3.20  2.28  2.29  1.70  1.72  1.67  1.67  2.57  1.50  1.48
SKEW       .45   .70  1.01   .71   .66   .61   .72   .57   .56   .71   .51   .56
% E       6.65  6.70  6.74  6.26  7.47  8.13  8.57  8.06  7.78  6.83  7.02  6.26
MEAN      3.73  3.45  3.68  3.64  4.43  3.75  3.63  3.74  3.43  3.45  3.11  3.25
STD DEV   2.46  1.84  1.83  1.74  2.38  1.77  1.68  1.80  1.51  1.79  1.53  1.68
SKEW      1.29  1.64  1.11  1.00  1.18   .83  1.14   .86  1.07  2.02   .94   .95
% ESE     5.17  5.99  5.34  4.13  5.40  5.83  7.07  6.92  6.94  7.45  6.56  5.10
MEAN      3.14  3.68  3.40  3.50  4.06  3.44  3.75  3.65  3.50  3.72  2.97  3.20
STD DEV   1.45  1.86  1.40  1.58  1.79  1.55  1.67  1.68  1.57  1.59  1.22  1.57
SKEW       .81  1.03   .35   .50   .53  1.08  1.12   .94   .75   .65   .58   .79
% SE      9.74  9.47  8.36  8.12  8.16  7.76  8.97  9.50  8.64  8.94  9.57 10.56
MEAN      3.35  3.38  3.31  3.32  3.43  3.32  3.50  3.56  3.34  3.14  2.86  3.18
STD DEV   1.96  1.83  1.68  1.62  1.68  1.65  1.73  1.81  1.64  1.56  1.48  1.77
SKEW      2.05  1.53  1.98  1.12  1.00  1.35  1.20  1.17  1.14  1.26  1.41  1.32
% SSE    10.73  9.65  9.52  7.51  6.52  7.09  8.71 10.95  8.98  8.79  8.94  8.84
MEAN      4.55  4.40  4.56  4.31  4.23  4.21  4.17  4.54  4.04  4.09  3.81  4.16
STD DEV   2.67  2.39  2.59  2.35  2.14  2.18  2.01  2.15  1.95  2.17  2.12  2.37
SKEW      1.07  1.13  1.33  1.25  1.09  1.09   .87   .77   .98  1.13  1.23  1.20
% S      16.80 15.25 14.35 13.00 11.33 12.04 13.59 14.95 13.62 12.51 14.59 14.76
MEAN      4.61  4.39  4.74  4.71  4.57  4.49  4.31  4.69  4.39  4.37  4.22  4.27
STD DEV   2.46  2.10  2.38  2.32  2.26  2.13  1.93  2.13  1.97  2.07  1.99  2.20
SKEW       .98   .94   .99  1.06  1.00   .71   .78   .65   .59   .70   .78   .78
% SSW     2.88  3.06  3.47  4.18  3.84  3.87  3.72  4.37  3.90  2.97  2.78  2.61
MEAN      3.69  3.80  4.41  4.48  4.51  4.59  4.02  4.20  3.88  3.77  3.62  3.44
STD DEV   2.03  1.83  2.25  2.49  2.42  2.57  1.82  1.94  1.92  1.90  1.75  1.81
SKEW      1.02   .79  1.02  1.00  1.04   .97   .72   .78   .65   .87   .61   .88
% SW      3.16  3.49  4.17  5.36  5.35  5.47  5.21  4.99  4.67  3.39  3.31  2.88
MEAN      2.88  3.00  3.51  3.90  4.06  3.90  3.61  3.69  3.40  3.08  2.92  2.74
STD DEV   1.50  1.60  1.80  1.98  2.26  2.26  1.71  1.76  1.70  1.57  1.57  1.37
SKEW      1.31  1.67  1.25  1.02  1.15  1.47   .96   .94  1.04   .92  1.29  1.07
% WSW     1.16  1.40  2.24  2.88  2.57  2.73  2.57  2.48  2.34  1.98  1.43  1.44
MEAN      3.25  3.11  3.95  3.97  4.00  3.85  3.61  3.40  3.49  3.16  3.05  2.75
STD DEV   1.82  1.46  1.87  1.89  2.16  1.79  1.56  1.57  1.54  1.48  1.37  1.33
SKEW       .90   .81   .66   .71  1.95   .86   .58   .94   .77  1.19  1.17   .90
% W       3.23  3.42  4.23  5.39  5.50  5.13  4.86  4.18  4.46  3.81  2.89  3.32
MEAN      3.12  3.02  4.07  3.94  3.62  3.56  3.34  3.30  3.18  2.97  3.08  2.81
STD DEV   1.70  1.52  2.09  1.91  1.67  1.66  1.42  1.47  1.41  1.42  1.65  1.51
SKEW      1.19  1.10   .97   .93   .82   .90   .67   .88   .93  1.14  1.39  1.15
% WNW     2.04  2.08  2.92  3.79  3.31  3.10  2.76  2.58  2.80  3.08  1.92  2.00
MEAN      3.26  3.37  4.22  4.32  3.93  3.88  3.53  3.35  3.45  3.24  3.03  3.28
STD DEV   1.62  1.53  2.16  2.03  2.19  1.71  1.53  1.35  1.56  1.57  1.62  1.67
SKEW       .74   .78   .88   .87  2.09   .89   .84   .50   .79   .86  1.17   .83
% NW      5.40  6.91  7.17  8.35  8.50  7.73  5.82  4.32  5.82  6.49  6.00  5.93
MEAN      3.64  4.00  4.80  4.82  4.45  3.95  3.63  3.49  3.62  3.54  3.69  3.53
STD DEV   2.01  2.25  2.72  2.50  2.39  2.04  1.72  1.58  1.96  1.98  2.11  2.21
SKEW      1.12  1.12  1.79   .99  1.20  1.08   .85  1.04  1.39  1.20  1.07  1.33
% NNW     2.92  4.33  4.96  5.23  5.12  4.89  3.38  2.68  3.39  4.51  3.92  3.14
MEAN      3.93  4.63  5.06  5.18  4.70  4.38  3.69  3.67  3.79  3.99  4.07  4.04
STD DEV   2.31  2.28  2.66  2.67  2.44  2.28  1.69  1.69  1.93  2.28  2.25  2.37
SKEW      1.08   .61   .90   .93   .90   .93   .71   .98  1.01  1.07   .89   .97
CALM     21.99 17.81 14.39 12.67 12.47 11.78 11.88 12.11 14.16 16.79 21.30 25.41
 
TRIANGULATED DATA (station & weighting factor)
 
---Wind Stations---
OGDEN/HILL    UT     .356  OGDEN         UT     .356  DUGWAY PG     UT     .287
---Solar Radiation and Max .5 P Stations---
 SALT LAKE CITY, UT  .774   MILFORD, UTAH       .125   GRAND JUNCTION, CO  .101 
---Dewpoint Stations---
UT SALT LAKE CITY    .755  UT MILFORD           .124  WY ROCK SPRINGS      .121 
---Time Peak Stations---
COTTONWOOD WEIR UT   .370  SILVER LAKE BRIGHTN  .357  PROVO RADIO KOVO UT  .273 
