 SNAKE CREEK PH UT                       427909 0
 LATT=  40.55 LONG=-111.50 YEARS= 65. TYPE= 3
 ELEVATION = 5950. TP5 =  .92 TP6= 2.21
 MEAN P    .27   .27   .22   .21   .19   .20   .17   .18   .20   .27   .28   .28
 S DEV P   .30   .30   .24   .22   .21   .23   .21   .18   .24   .33   .29   .29
 SKEW  P  2.65  1.96  2.30  1.96  2.08  2.27  2.50  1.77  2.27  3.17  1.91  1.99
 P(W/W)    .59   .56   .50   .49   .51   .49   .40   .45   .44   .47   .53   .55
 P(W/D)    .22   .24   .25   .21   .16   .10   .12   .15   .14   .14   .17   .20
 TMAX AV 33.50 38.12 45.68 57.01 67.04 76.50 84.49 82.30 73.83 62.43 45.74 36.15
 TMIN AV 13.03 15.02 20.50 27.68 34.21 39.91 46.27 45.24 37.53 29.26 20.13 14.42
 SD TMAX  8.84  8.70  8.76  9.80  9.29  8.26  4.76  5.29  8.09  9.89 10.43  8.77
 SD TMIN  8.63  9.18  8.61  7.07  6.18  5.75  5.45  5.95  7.10  7.10  8.62  9.09
 SOL.RAD  170.  262.  363.  485.  573.  627.  624.  555.  452.  319.  207.  152.
 SD SOL   33.9  36.3  49.7  58.3  64.3  61.3  54.2 108.1  55.1  29.2  28.2  30.7
 MX .5 P   .15   .14   .19   .23   .18   .21   .45   .42   .53   .27   .14   .11
 DEW PT  18.21 21.35 23.47 28.99 34.15 38.03 42.78 43.51 35.87 31.87 25.96 22.08
Time Pk   .835  .894  .917  .940  .946  .950  .953  .957  .962  .971  .984 1.000
% N       3.57  4.60  5.37  5.43  5.58  5.52  3.88  3.72  4.53  4.99  4.31  3.66
MEAN      3.71  4.33  4.30  4.30  4.31  3.81  3.45  3.40  3.51  3.74  3.64  3.38
STD DEV   2.09  2.38  2.17  2.17  2.23  1.92  1.77  1.64  1.75  2.01  2.04  2.00
SKEW      1.03   .96   .79   .92   .81  1.01   .81   .77  1.10  1.10   .95  1.00
% NNE      .98  1.59  1.94  2.09  2.44  2.36  1.88  1.66  1.69  1.73  1.40   .87
MEAN      3.98  4.13  3.96  3.95  4.04  3.78  3.41  3.43  3.54  3.93  3.68  3.01
STD DEV   2.36  2.10  1.97  1.78  2.19  1.75  1.62  1.77  1.66  2.06  1.76  1.25
SKEW      1.06  1.17   .79   .66   .87   .76   .72   .87   .81   .82   .73   .33
% NE      1.76  2.01  2.34  2.64  3.30  3.13  2.52  2.33  2.31  2.03  1.85  1.49
MEAN      4.04  3.96  3.78  3.70  4.27  3.88  3.63  3.47  3.36  3.54  3.02  2.41
STD DEV   2.71  2.65  2.14  1.92  2.60  2.24  1.99  1.88  1.87  2.29  1.77  1.17
SKEW      1.26  1.06  1.43   .77  1.38  1.29  1.17  1.26  1.22  1.44  1.29  1.06
% ENE     1.97  2.22  2.41  2.88  3.10  3.46  4.56  4.16  3.98  3.80  2.37  1.84
MEAN      3.37  4.66  4.89  4.58  4.70  3.86  3.85  3.91  3.94  4.84  3.40  3.31
STD DEV   1.72  2.69  3.33  2.35  2.35  1.72  1.73  1.69  1.71  2.67  1.54  1.52
SKEW       .44   .71  1.01   .70   .65   .60   .68   .54   .52   .72   .49   .56
% E       6.70  6.77  6.81  6.33  7.61  8.33  8.72  8.21  7.87  6.91  7.09  6.35
MEAN      3.83  3.54  3.79  3.73  4.56  3.83  3.69  3.83  3.52  3.53  3.18  3.33
STD DEV   2.56  1.90  1.89  1.79  2.45  1.81  1.69  1.84  1.54  1.81  1.57  1.73
SKEW      1.32  1.64  1.10   .99  1.15   .80  1.10   .83   .97  1.88   .94   .94
% ESE     5.23  6.09  5.43  4.19  5.52  5.98  7.28  7.12  7.12  7.62  6.70  5.19
MEAN      3.21  3.79  3.49  3.59  4.17  3.50  3.83  3.73  3.59  3.83  3.04  3.28
STD DEV   1.48  1.91  1.44  1.61  1.82  1.57  1.68  1.71  1.61  1.64  1.24  1.61
SKEW       .78  1.03   .33   .47   .50  1.02  1.03   .90   .73   .65   .55   .78
% SE      9.78  9.47  8.39  8.16  8.26  7.85  9.07  9.65  8.66  8.97  9.58 10.63
MEAN      3.41  3.44  3.37  3.38  3.49  3.37  3.54  3.61  3.38  3.19  2.90  3.23
STD DEV   1.99  1.86  1.71  1.65  1.70  1.66  1.74  1.82  1.65  1.57  1.50  1.81
SKEW      2.03  1.51  2.00  1.09   .99  1.25  1.17  1.14  1.10  1.22  1.41  1.30
% SSE    11.01  9.82  9.72  7.66  6.63  7.25  8.89 11.20  9.15  8.97  9.12  9.05
MEAN      4.60  4.45  4.63  4.35  4.29  4.27  4.19  4.59  4.08  4.15  3.82  4.20
STD DEV   2.68  2.40  2.61  2.34  2.14  2.19  2.00  2.14  1.94  2.17  2.10  2.38
SKEW      1.07  1.15  1.34  1.24  1.08  1.09   .86   .75   .96  1.11  1.23  1.21
% S      17.00 15.38 14.44 13.07 11.26 12.04 13.59 14.93 13.76 12.58 14.79 14.91
MEAN      4.61  4.38  4.74  4.71  4.56  4.48  4.30  4.69  4.40  4.37  4.23  4.27
STD DEV   2.44  2.08  2.37  2.30  2.24  2.10  1.91  2.11  1.96  2.05  1.99  2.19
SKEW       .99   .96  1.01  1.07  1.01   .71   .79   .66   .60   .70   .79   .79
% SSW     2.97  3.16  3.56  4.25  3.87  3.86  3.74  4.41  3.98  3.04  2.84  2.69
MEAN      3.72  3.81  4.40  4.49  4.48  4.57  4.00  4.17  3.87  3.77  3.63  3.49
STD DEV   2.01  1.81  2.24  2.48  2.40  2.55  1.80  1.92  1.90  1.89  1.73  1.82
SKEW       .99   .79  1.06  1.01  1.07   .99   .74   .79   .65   .89   .60   .86
% SW      3.26  3.59  4.27  5.50  5.44  5.52  5.23  5.02  4.77  3.48  3.43  2.96
MEAN      2.93  3.02  3.55  3.92  4.08  3.90  3.59  3.68  3.41  3.09  2.96  2.78
STD DEV   1.53  1.59  1.81  1.98  2.25  2.25  1.69  1.73  1.69  1.55  1.59  1.39
SKEW      1.33  1.60  1.22  1.02  1.15  1.49   .96   .93  1.02   .88  1.30  1.07
% WSW     1.18  1.43  2.30  2.97  2.62  2.78  2.58  2.51  2.38  2.04  1.46  1.47
MEAN      3.33  3.18  4.01  4.00  4.05  3.89  3.62  3.43  3.55  3.22  3.10  2.82
STD DEV   1.88  1.50  1.89  1.88  2.16  1.79  1.55  1.55  1.55  1.51  1.39  1.38
SKEW       .90   .80   .65   .67  1.83   .86   .57   .89   .74  1.21  1.18   .91
% W       3.18  3.40  4.20  5.38  5.48  5.05  4.76  4.10  4.40  3.75  2.84  3.30
MEAN      3.18  3.06  4.12  3.99  3.66  3.59  3.35  3.33  3.21  3.00  3.12  2.86
STD DEV   1.73  1.55  2.11  1.93  1.68  1.68  1.42  1.47  1.42  1.43  1.68  1.53
SKEW      1.17  1.11   .95   .91   .79   .91   .64   .86   .92  1.09  1.43  1.12
% WNW     2.00  2.05  2.85  3.70  3.24  3.01  2.71  2.52  2.71  2.99  1.86  1.96
MEAN      3.31  3.41  4.26  4.35  3.96  3.91  3.54  3.37  3.48  3.27  3.06  3.33
STD DEV   1.65  1.55  2.18  2.03  2.20  1.72  1.53  1.35  1.57  1.58  1.62  1.68
SKEW       .73   .79   .88   .86  2.12   .90   .82   .50   .78   .83  1.14   .80
% NW      5.44  6.92  7.11  8.26  8.46  7.68  5.74  4.24  5.76  6.46  6.00  5.92
MEAN      3.68  4.01  4.83  4.84  4.46  3.95  3.64  3.51  3.63  3.55  3.70  3.54
STD DEV   2.01  2.25  2.74  2.50  2.38  2.03  1.70  1.58  1.95  1.97  2.09  2.22
SKEW      1.09  1.13  1.84   .98  1.20  1.07   .82  1.03  1.40  1.19  1.04  1.34
% NNW     2.98  4.38  5.02  5.25  5.16  4.94  3.42  2.70  3.44  4.58  4.00  3.19
MEAN      3.96  4.64  5.07  5.21  4.72  4.40  3.70  3.70  3.81  4.01  4.08  4.07
STD DEV   2.32  2.27  2.66  2.69  2.44  2.29  1.68  1.69  1.94  2.28  2.25  2.36
SKEW      1.09   .61   .91   .94   .90   .93   .71   .97  1.03  1.07   .90   .95
CALM     21.04 17.09 13.86 12.23 11.99 11.33 11.43 11.50 13.44 16.05 20.39 24.51
 
TRIANGULATED DATA (station & weighting factor)
 
---Wind Stations---
OGDEN/HILL    UT     .377  OGDEN         UT     .377  DUGWAY PG     UT     .247
---Solar Radiation and Max .5 P Stations---
 SALT LAKE CITY, UT  .758   POCATELLO, IDAHO    .125   GRAND JUNCTION, CO  .117 
---Dewpoint Stations---
UT SALT LAKE CITY    .731  WY ROCK SPRINGS      .144  UT MILFORD           .125 
---Time Peak Stations---
SILVER LAKE BRIGHTN  .650  OAKLEY 3 NE UT       .201  PROVO RADIO KOVO UT  .149 
