 CHARLOTTE CRT HSE VA                    441585 0
 LATT=  37.05 LONG= -78.63 YEARS= 44. TYPE= 3
 ELEVATION =  560. TP5 = 2.98 TP6= 5.71
 MEAN P    .35   .36   .37   .34   .36   .44   .41   .46   .53   .48   .38   .38
 S DEV P   .38   .36   .41   .47   .42   .54   .56   .62   .79   .63   .47   .46
 SKEW  P  1.74  1.55  2.23  3.20  2.14  2.19  3.32  2.70  3.56  2.40  2.04  2.31
 P(W/W)    .41   .41   .43   .43   .50   .41   .46   .45   .44   .53   .41   .40
 P(W/D)    .24   .27   .26   .24   .24   .21   .24   .22   .18   .15   .22   .21
 TMAX AV 46.67 49.65 57.99 69.13 76.91 83.97 87.66 86.24 80.42 70.15 60.18 49.45
 TMIN AV 24.77 26.65 33.99 43.23 52.14 60.21 64.80 63.59 56.71 44.64 35.56 27.66
 SD TMAX 11.56 11.57 11.89 10.58  8.40  6.88  5.87  6.21  8.13  8.98 10.36 11.06
 SD TMIN 10.33 10.02  9.24  9.29  8.05  6.57  5.05  5.34  8.10 10.03  9.86 10.39
 SOL.RAD  224.  280.  349.  454.  538.  553.  535.  466.  389.  305.  227.  185.
 SD SOL   27.9  40.8  61.4  71.0  74.5  81.6  80.8 146.9  77.9  43.6  33.1  31.6
 MX .5 P   .55   .38   .48   .62  1.13  1.16  1.70  1.28  1.13   .69   .44   .35
 DEW PT  29.42 28.39 32.92 42.92 54.17 62.17 66.69 65.94 59.17 48.17 35.89 28.17
Time Pk   .629  .748  .792  .850  .861  .873  .889  .902  .915  .935  .964 1.000
% N       4.69  5.11  4.73  4.76  5.27  4.99  5.27  6.94  7.67  8.96  5.37  5.45
MEAN      3.47  3.29  3.61  3.95  3.33  3.09  2.99  2.90  3.19  3.47  3.12  3.27
STD DEV   1.53  1.48  1.58  1.61  1.41  1.29  1.21  1.16  1.39  1.46  1.28  1.48
SKEW       .58   .68   .65   .31   .63  1.20   .86   .70   .85   .79   .60   .66
% NNE     5.95  6.39  6.33  5.80  6.16  5.91  5.59  7.48  9.46 11.09  5.93  6.11
MEAN      4.09  3.70  3.91  4.16  3.73  3.60  3.42  3.50  3.80  3.97  3.59  3.57
STD DEV   1.69  1.50  1.59  1.56  1.46  1.43  1.39  1.51  1.55  1.58  1.44  1.54
SKEW       .55   .27   .50   .24   .44   .63   .45  1.29   .85   .61   .70   .72
% NE      6.78  7.98  7.78  6.04  8.48  7.39  7.44  9.92 11.74 11.52  6.27  6.20
MEAN      3.85  3.60  3.71  3.95  3.83  3.48  3.47  3.51  3.81  3.76  3.47  3.36
STD DEV   1.79  1.55  1.55  1.81  1.59  1.44  1.46  1.47  1.50  1.50  1.48  1.66
SKEW      1.00   .60   .80  1.03   .61   .67   .54   .72   .47   .51   .77  1.16
% ENE     3.05  4.09  4.48  3.72  4.55  5.14  3.90  5.60  5.01  4.66  2.94  2.55
MEAN      3.35  3.58  3.54  3.75  3.63  3.52  3.34  3.37  3.61  3.62  3.21  3.06
STD DEV   1.47  1.46  1.33  1.51  1.48  1.31  1.30  1.35  1.37  1.31  1.29  1.19
SKEW       .92   .66   .60   .55   .64   .31   .61   .69   .69   .37   .67   .83
% E       1.50  2.14  2.83  2.73  3.07  3.28  3.08  3.79  3.15  2.69  2.11  1.54
MEAN      2.82  3.00  3.05  3.28  3.08  3.14  2.93  2.89  2.96  2.98  2.88  2.64
STD DEV   1.08  1.33  1.26  1.37  1.26  1.25  1.20  1.15  1.20  1.19  1.29  1.17
SKEW       .69   .93   .60   .41   .55   .89   .70   .74   .73   .68  1.02   .95
% ESE     1.02  1.75  2.14  2.18  2.58  2.74  2.28  2.54  2.42  1.82  1.43  1.10
MEAN      2.76  2.84  3.36  3.28  2.96  3.08  3.01  3.09  2.97  2.85  2.60  2.73
STD DEV   1.30  1.09  1.38  1.33  1.13  1.18  1.02  1.34  1.20  1.02   .95  1.12
SKEW      1.19   .69   .61   .38   .46   .62   .57   .64   .93   .69   .44   .93
% SE      1.50  2.25  2.87  2.83  3.04  3.69  3.35  3.18  3.45  2.00  2.22  1.77
MEAN      2.70  3.08  3.11  3.17  2.89  2.99  2.79  2.81  2.85  2.60  2.82  2.60
STD DEV   1.14  1.49  1.39  1.32  1.09  1.31  1.07  1.28  1.14  1.02  1.14  1.17
SKEW       .50   .80   .64   .55   .42   .78   .57  1.00   .48   .78   .70   .83
% SSE     1.98  2.59  3.39  3.78  3.17  3.55  3.27  3.67  3.40  2.17  2.44  1.84
MEAN      2.85  3.43  3.88  3.65  3.09  3.21  2.98  2.97  3.09  2.75  3.16  3.18
STD DEV   1.32  1.81  1.82  1.69  1.17  1.30  1.18  1.30  1.21  1.11  1.34  1.52
SKEW      1.18  1.40  1.14   .85   .27   .58   .61   .97   .48   .66   .57  1.07
% S       6.05  4.93  5.20  6.50  6.42  6.72  6.72  6.79  7.01  4.99  6.36  5.49
MEAN      3.38  3.42  3.67  3.83  3.38  3.30  3.22  2.93  3.16  2.89  3.33  3.28
STD DEV   1.52  1.69  1.77  1.65  1.38  1.38  1.37  1.23  1.33  1.17  1.68  1.54
SKEW       .78  1.15   .85   .64   .63   .69   .72   .73   .72   .79  1.08   .90
% SSW    14.64  9.22  8.85 12.11 10.07 10.00 11.23  8.43  7.54  7.39 10.61 10.23
MEAN      4.28  4.23  4.55  4.76  3.92  3.70  3.55  3.42  3.49  3.41  4.06  3.83
STD DEV   1.95  1.88  2.18  2.07  1.68  1.51  1.41  1.36  1.47  1.30  1.87  1.66
SKEW       .89   .71   .92   .57   .61   .60   .63   .58   .80   .54   .77   .74
% SW     14.68 12.79 10.70 13.12 12.43 12.09 15.38 10.80  9.98  9.05 12.11 14.17
MEAN      3.99  4.13  4.45  4.51  3.99  3.78  3.59  3.28  3.28  3.29  3.64  3.71
STD DEV   1.84  1.88  2.15  2.06  1.71  1.52  1.40  1.38  1.32  1.38  1.59  1.68
SKEW      1.17   .84  1.02   .67   .63   .58   .62   .75   .70  1.00   .95  1.02
% WSW     7.09  7.23  7.25  8.16  8.34  7.40  8.40  5.83  5.26  4.75  7.71  9.02
MEAN      4.04  4.22  4.28  4.57  4.03  3.71  3.61  3.28  3.51  3.53  3.77  3.82
STD DEV   1.78  1.75  1.87  2.01  1.68  1.37  1.39  1.32  1.36  1.37  1.60  1.52
SKEW       .77   .56   .67   .74   .62   .63   .68   .80   .64   .83   .88   .71
% W       5.29  6.05  5.92  5.06  4.97  5.64  5.27  4.37  3.78  4.86  6.69  6.75
MEAN      4.11  4.20  4.40  4.59  3.86  3.52  3.26  3.07  3.12  3.35  3.70  3.78
STD DEV   1.91  1.97  1.98  2.01  1.74  1.55  1.36  1.24  1.37  1.31  1.65  1.69
SKEW       .79   .72   .63   .66   .58  1.00   .78   .67   .72   .64   .87   .70
% WNW     7.96  8.61  9.74  7.33  5.47  4.92  4.15  3.74  3.29  4.53  7.81  7.83
MEAN      4.77  4.89  4.97  4.79  3.93  3.79  3.47  3.24  3.33  3.63  4.33  4.38
STD DEV   2.10  2.12  2.14  2.02  1.72  1.66  1.46  1.34  1.47  1.52  1.92  1.92
SKEW       .59   .54   .58   .43   .59   .73   .84   .84   .82   .73   .60   .51
% NW      7.29  8.65  8.56  6.92  6.19  5.30  4.36  4.40  4.31  5.52  7.16  6.96
MEAN      4.32  4.38  4.69  4.41  3.55  3.32  3.02  2.92  3.15  3.48  3.95  3.90
STD DEV   1.97  2.19  2.12  2.04  1.57  1.45  1.44  1.25  1.31  1.50  1.80  1.90
SKEW       .69   .76   .58   .70   .60   .81  1.12  1.04   .83   .84   .80   .81
% NNW     4.66  5.14  5.20  4.58  4.01  4.30  3.20  3.59  3.63  5.03  4.09  4.95
MEAN      4.14  4.18  4.29  4.44  3.84  3.49  3.24  3.18  3.32  3.76  3.86  3.90
STD DEV   1.78  1.86  1.96  1.75  1.61  1.47  1.46  1.41  1.37  1.62  1.64  1.74
SKEW       .41   .49   .69   .24   .43   .82   .83   .83   .50   .76   .51   .51
CALM      5.88  5.08  4.09  4.43  5.75  6.97  7.09  8.93  8.98  9.02  8.67  8.06
 
TRIANGULATED DATA (station & weighting factor)
 
---Wind Stations---
LYNCHBURG     VA     .371  BLACKSTONE    VA     .362  DANVILLE      VA     .267
---Solar Radiation and Max .5 P Stations---
 RICHMOND, VIRGINIA  .509   WASHINGTON, DISTRI  .258   GREENSBORO, NORTH   .233 
---Dewpoint Stations---
VA LYNCHBURG         .528  VA RICHMOND          .250  NC RALEIGH           .222 
---Time Peak Stations---
RANDOLPH VA          .672  CHATHAM 4N VA        .192  COLUMBIA VA          .136 
