 WALKERTON VA                            448829 0
 LATT=  37.73 LONG= -77.02 YEARS= 60. TYPE= 3
 ELEVATION =   40. TP5 = 3.07 TP6= 5.93
 MEAN P    .32   .32   .33   .30   .36   .39   .45   .45   .46   .39   .36   .32
 S DEV P   .40   .34   .38   .36   .48   .52   .58   .68   .70   .57   .49   .39
 SKEW  P  2.08  1.70  2.01  1.81  2.57  2.71  2.21  4.27  4.94  2.56  2.91  2.23
 P(W/W)    .48   .46   .47   .48   .52   .46   .51   .51   .48   .49   .48   .48
 P(W/D)    .28   .29   .31   .26   .27   .25   .28   .25   .19   .18   .23   .25
 TMAX AV 47.83 50.89 59.71 70.25 78.34 85.39 88.21 86.60 81.14 71.02 61.00 50.07
 TMIN AV 26.35 27.77 34.74 43.63 53.60 62.27 66.69 65.36 58.20 46.00 36.55 28.46
 SD TMAX 11.52 11.34 11.53 10.45  8.21  6.75  5.55  5.80  7.67  8.63 10.20 10.91
 SD TMIN 11.07 10.82 10.42  9.80  8.53  7.15  5.67  6.04  8.59 10.31 10.77 10.75
 SOL.RAD  231.  286.  351.  451.  536.  556.  532.  460.  387.  300.  224.  185.
 SD SOL   25.2  38.5  61.1  72.5  76.0  81.9  83.0 154.6  79.0  44.9  33.7  31.2
 MX .5 P   .56   .46   .48   .64  1.21  1.20  1.67  1.18   .96   .66   .52   .34
 DEW PT  28.22 28.84 32.84 42.83 54.63 62.82 66.82 66.63 60.40 49.60 38.41 29.22
Time Pk   .646  .741  .792  .840  .856  .864  .885  .901  .912  .939  .966 1.000
% N       7.01  7.66  6.94  6.64  5.52  5.58  4.73  6.78  9.12 10.17  6.60  7.54
MEAN      3.99  3.79  4.17  4.25  3.84  3.22  2.88  3.15  3.20  3.38  3.73  3.64
STD DEV   1.70  1.77  1.82  1.82  1.56  1.52  1.26  1.53  1.34  1.39  1.65  1.83
SKEW       .38   .67   .40   .66   .22   .63  1.23   .99   .50   .49   .55  1.00
% NNE     6.99  8.64  6.04  5.39  8.94  5.80  5.52  7.44  9.90 13.16  5.33  8.83
MEAN      3.86  3.72  3.74  3.86  3.79  3.42  3.07  3.29  3.64  3.62  3.43  3.39
STD DEV   1.57  1.51  1.50  1.61  1.50  1.36  1.18  1.29  1.49  1.40  1.70  1.49
SKEW       .56   .55   .45   .54   .37   .38   .25   .61   .67   .25  1.10   .63
% NE      3.42  4.28  3.80  3.74  4.89  3.87  3.84  5.38  6.04  5.89  3.21  3.59
MEAN      3.06  2.87  2.85  3.01  3.20  3.13  2.92  3.06  3.16  3.17  2.68  2.64
STD DEV   1.32  1.16  1.20  1.23  1.33  1.31  1.23  1.21  1.41  1.27  1.50  1.21
SKEW       .59   .72   .47   .63   .36   .29   .47   .38   .45   .32  1.69   .66
% ENE     2.09  4.41  5.08  4.40  5.46  7.10  6.20  5.25  6.91  5.10  2.64  2.70
MEAN      2.74  3.11  3.74  3.57  3.26  3.42  3.28  3.20  3.41  3.16  2.82  2.90
STD DEV   1.23  1.22  1.57  1.50  1.29  1.36  1.30  1.26  1.30  1.28  1.15  1.46
SKEW       .82   .27   .54   .56   .55   .45   .46   .65   .34   .39   .76   .93
% E       2.80  4.82  6.18  6.67  7.79  7.09  6.10  6.88  7.34  5.73  3.55  2.97
MEAN      2.61  2.92  3.81  3.58  3.26  3.25  2.81  3.11  3.18  2.88  2.45  2.36
STD DEV   1.08  1.29  1.84  1.45  1.45  1.33  1.15  1.44  1.32  1.17  1.12  1.06
SKEW       .54   .70   .95   .58   .51   .40   .61  1.20   .52   .33  1.48   .71
% ESE     2.25  3.93  3.95  6.34  7.27  6.46  4.61  5.58  4.27  3.99  2.78  2.83
MEAN      2.74  3.14  3.65  3.71  3.35  3.56  2.96  3.19  3.05  2.92  3.06  2.80
STD DEV   1.40  1.44  1.56  1.65  1.40  1.47  1.32  1.43  1.37  1.30  1.58  1.53
SKEW       .69   .57   .52   .61   .38   .41   .69   .80  1.01   .93   .87  1.24
% SE      2.93  4.25  4.33  5.72  6.38  7.12  5.11  5.94  4.73  4.27  3.96  3.21
MEAN      2.68  2.82  3.29  3.38  3.17  2.91  2.62  2.81  2.83  2.44  2.81  2.38
STD DEV   1.23  1.33  1.49  1.58  1.29  1.36  1.09  1.25  1.30  1.04  1.42  1.23
SKEW      1.08   .82   .75   .69   .46   .77   .54   .83   .90   .90  1.51  1.57
% SSE     3.51  4.29  3.68  4.14  6.09  6.40  4.07  5.53  3.98  3.75  4.15  3.56
MEAN      2.74  3.41  3.62  3.86  3.23  2.95  2.80  2.88  2.68  2.66  3.15  3.13
STD DEV   1.20  1.63  1.66  1.71  1.34  1.27  1.10  1.17  1.14  1.14  1.59  1.71
SKEW       .74  1.05   .67   .63   .38   .75   .59   .69   .61   .66   .98  1.31
% S       6.84  5.29  4.93  6.35  7.59  7.32  9.37  7.80  7.23  6.20  8.32  7.97
MEAN      3.17  3.48  3.49  3.70  3.17  2.81  2.74  2.72  2.65  2.65  3.42  3.05
STD DEV   1.38  2.02  1.70  1.72  1.36  1.20  1.11  1.19  1.02  1.14  1.60  1.29
SKEW       .81  1.26   .85   .59   .51   .74   .66   .87   .93   .76   .89   .78
% SSW    14.31  6.66  6.40  9.19  7.75  7.40 11.70  8.04  6.87  7.13 11.54  9.68
MEAN      4.06  4.18  4.38  4.56  3.56  3.36  3.30  3.06  3.16  3.11  3.78  3.62
STD DEV   1.75  1.89  1.84  1.89  1.39  1.32  1.28  1.24  1.30  1.38  1.86  1.46
SKEW       .75   .53   .46   .57   .54   .28   .33   .52   .72   .79  1.10   .69
% SW     11.29  7.20  9.30  8.89  8.51  8.90 12.79  8.32  6.53  6.50 10.81  8.47
MEAN      4.49  3.99  4.28  4.36  3.64  3.31  3.43  2.91  3.17  2.97  3.57  3.60
STD DEV   1.99  1.96  1.83  1.91  1.67  1.43  1.45  1.21  1.40  1.33  1.69  1.59
SKEW       .48   .74   .39   .51   .71   .44   .63   .65   .59   .67   .89  1.00
% WSW     7.17  6.48  6.77  6.26  5.57  6.68  7.69  5.48  4.18  4.18  7.81  6.82
MEAN      4.17  4.05  4.55  4.50  3.52  3.53  3.34  2.95  2.97  3.10  3.52  3.58
STD DEV   1.96  1.97  1.75  2.01  1.50  1.42  1.38  1.37  1.32  1.44  1.65  1.66
SKEW       .85   .95   .45   .60   .54   .40   .35   .72   .65   .74   .97   .55
% W       5.54  5.38  6.24  5.03  3.88  4.48  3.98  4.03  3.73  3.32  5.23  4.99
MEAN      4.32  4.32  4.61  3.87  2.97  2.93  2.39  2.46  2.52  3.04  3.30  3.51
STD DEV   2.34  2.19  2.16  2.12  1.63  1.32  1.15  1.06  1.20  1.54  1.70  1.78
SKEW       .63   .48   .52   .72  1.34   .57  1.03   .95   .92  1.07   .89   .64
% WNW     5.42  6.54  6.20  4.93  2.79  3.35  2.25  2.59  2.70  3.18  5.18  5.22
MEAN      4.21  4.62  4.94  4.36  3.75  3.20  2.39  2.62  2.66  3.14  3.85  4.02
STD DEV   2.13  2.10  2.07  1.92  1.85  1.41  1.03  1.07  1.34  1.64  1.80  1.98
SKEW       .84   .27   .20   .50   .51   .57   .47  1.16  1.04   .97   .72   .53
% NW      7.65  7.71  8.00  5.53  4.61  4.58  3.80  4.53  4.89  5.37  7.41  8.33
MEAN      4.14  4.78  4.74  4.11  3.36  2.97  2.59  2.49  2.77  2.90  3.93  3.84
STD DEV   2.05  2.11  1.81  1.81  1.72  1.81  1.32  1.19  1.44  1.36  1.92  1.92
SKEW       .88   .31   .05   .34   .79  1.50  1.17   .95  1.01   .55   .63   .64
% NNW     7.62  9.73  9.37  8.76  4.52  5.33  4.18  6.15  7.18  6.65  7.42  8.73
MEAN      4.34  4.42  4.52  4.51  3.62  3.47  2.85  2.98  3.25  3.42  3.95  4.05
STD DEV   2.01  1.93  1.84  1.81  1.80  1.63  1.22  1.28  1.30  1.55  1.71  1.80
SKEW       .52   .50   .60   .44   .48   .65   .59   .70   .60   .56   .57   .78
CALM      3.09  2.74  2.76  2.00  2.44  2.57  4.06  4.28  4.36  5.38  4.03  4.45
 
TRIANGULATED DATA (station & weighting factor)
 
---Wind Stations---
RICHMOND      VA     .395  URBANNA       VA     .379  DAHLGREN      VA     .226
---Solar Radiation and Max .5 P Stations---
 RICHMOND, VIRGINIA  .619   NORFOLK, VIRGINIA   .200   WASHINGTON, DISTRI  .181 
---Dewpoint Stations---
VA RICHMOND          .615  VA NORFOLK           .197  DC WASHINGTON        .189 
---Time Peak Stations---
WILLIAMSBURG 2 NW V  .418  FREDERICKSBURG VA    .311  PATUXENT RIVER MD    .272 
