 COLUMBIA VA                             441929 0
 LATT=  37.77 LONG= -78.15 YEARS= 57. TYPE= 3
 ELEVATION =  300. TP5 = 2.95 TP6= 5.57
 MEAN P    .34   .33   .36   .36   .38   .36   .41   .43   .47   .43   .38   .36
 S DEV P   .41   .35   .39   .47   .44   .46   .50   .59   .67   .55   .48   .42
 SKEW  P  2.52  1.83  1.88  2.83  2.03  3.29  2.59  3.39  2.95  2.35  2.18  2.15
 P(W/W)    .41   .41   .44   .46   .42   .41   .44   .44   .41   .47   .40   .41
 P(W/D)    .24   .24   .24   .22   .25   .24   .27   .24   .19   .16   .20   .21
 TMAX AV 47.08 49.76 58.69 69.86 78.58 85.56 88.88 87.48 81.88 71.29 60.61 49.68
 TMIN AV 24.25 25.43 32.97 42.05 51.62 60.31 64.60 63.40 56.27 43.70 34.09 26.47
 SD TMAX 11.64 11.29 11.90 10.92  8.87  7.36  6.15  6.38  8.52  9.11 10.51 10.84
 SD TMIN 11.04 10.44  9.81  9.57  8.65  6.91  5.32  5.87  8.57 10.02 10.63 10.57
 SOL.RAD  223.  277.  348.  452.  544.  560.  544.  474.  399.  300.  219.  179.
 SD SOL   25.0  38.6  59.1  69.3  71.2  78.5  77.2 138.5  73.0  42.4  32.5  30.4
 MX .5 P   .49   .37   .50   .64  1.15  1.21  1.57  1.39   .94   .70   .41   .32
 DEW PT  27.66 27.44 31.77 42.00 53.67 61.89 66.22 65.67 59.11 48.11 36.23 27.67
Time Pk   .662  .733  .787  .837  .843  .851  .869  .881  .892  .930  .964 1.000
% N       4.60  5.49  5.98  4.96  5.28  4.22  4.03  5.99  6.10  7.17  5.03  5.08
MEAN      3.44  3.68  3.97  3.88  3.61  3.34  3.16  3.19  3.47  3.60  3.47  3.44
STD DEV   1.44  1.64  1.68  1.53  1.54  1.33  1.15  1.09  1.47  1.53  1.46  1.48
SKEW       .95   .70   .61   .43   .89   .75   .80   .62  1.01   .61   .89   .98
% NNE     6.59  7.04  7.91  7.33  7.95  6.54  5.33  7.46  9.22 11.04  6.92  5.94
MEAN      4.07  3.90  4.25  4.32  4.06  3.71  3.53  3.85  3.97  4.24  3.99  3.77
STD DEV   1.71  1.58  1.73  1.56  1.50  1.33  1.22  1.51  1.60  1.67  1.58  1.58
SKEW       .66   .64   .64   .37   .50   .64   .52  1.01   .78   .60   .60  1.03
% NE      4.64  6.26  6.27  4.83  6.90  5.07  4.60  6.22  7.38  6.63  4.43  4.36
MEAN      3.54  3.48  3.78  3.82  3.56  3.33  3.06  3.35  3.49  3.55  3.27  3.19
STD DEV   1.48  1.42  1.58  1.54  1.34  1.29  1.06  1.29  1.31  1.38  1.16  1.14
SKEW       .89   .81   .84   .81   .77   .70   .74  1.05   .73   .57   .61   .51
% ENE     3.30  3.49  4.74  3.21  4.51  4.10  3.08  4.02  3.85  3.45  2.24  2.09
MEAN      3.44  3.72  3.59  3.84  3.72  3.39  3.32  3.54  3.59  3.52  3.14  3.48
STD DEV   1.24  1.41  1.30  1.51  1.48  1.20  1.24  1.38  1.28  1.23  1.03  1.24
SKEW       .68   .71   .40   .49   .65   .44   .54   .95   .71   .39   .45   .65
% E       1.05  1.42  1.56  1.63  1.99  1.76  1.99  2.30  1.50  1.46   .81   .93
MEAN      2.61  3.06  2.89  2.88  2.99  2.97  3.01  2.79  2.90  2.98  2.71  2.74
STD DEV   1.03  1.25  1.07   .96  1.03   .98  1.15   .91   .98   .98   .77  1.06
SKEW       .42   .68   .71   .49   .75   .46   .40   .72   .55   .35   .93   .96
% ESE      .87  1.36  1.63  2.00  1.95  1.95  2.04  2.15  1.99  1.36  1.19   .89
MEAN      2.93  2.93  3.40  3.38  3.23  3.23  3.10  2.95  3.10  2.96  2.76  2.88
STD DEV   1.09  1.09  1.20  1.23  1.10  1.03  1.00  1.11  1.11  1.01  1.02   .82
SKEW       .50   .39   .60   .37   .58   .46   .48   .53   .59   .59   .90   .33
% SE      1.26  1.59  2.02  2.30  2.02  1.94  2.12  2.20  2.35  1.32  1.42  1.21
MEAN      2.63  2.92  3.20  3.26  3.13  3.08  3.03  2.81  2.93  2.95  2.70  2.71
STD DEV    .80   .92  1.14  1.06  1.05  1.02  1.03  1.04  1.01   .99   .84   .78
SKEW       .37   .96   .52   .24   .46   .60   .68   .75   .57   .36   .94   .59
% SSE     2.72  2.60  3.03  3.93  4.18  4.53  3.33  3.66  4.02  2.47  2.64  2.63
MEAN      3.14  3.50  3.71  3.81  3.46  3.43  3.22  3.28  3.37  3.35  3.30  3.36
STD DEV   1.15  1.23  1.52  1.43  1.12  1.15  1.11  1.19  1.20  1.22  1.40  1.32
SKEW       .92   .69   .55   .47   .47   .35   .50   .56   .44   .62  1.12   .69
% S       7.14  5.65  5.76  6.55  6.33  6.73  6.01  6.51  5.67  4.33  6.02  6.36
MEAN      3.50  3.52  4.11  3.79  3.45  3.40  3.39  3.30  3.40  3.38  3.41  3.31
STD DEV   1.30  1.50  1.67  1.51  1.22  1.28  1.27  1.17  1.25  1.26  1.27  1.18
SKEW       .41   .93   .77   .72   .63  1.03   .67   .57  1.12   .50   .64   .69
% SSW    11.97  9.43 10.02 10.68 10.10  9.96  9.61  7.78  8.86  7.32  9.48 10.64
MEAN      4.42  4.43  4.83  4.86  4.17  3.95  3.84  3.72  3.80  3.93  4.27  4.05
STD DEV   1.80  1.66  1.94  1.87  1.49  1.48  1.31  1.34  1.40  1.40  1.66  1.55
SKEW       .66   .52   .69   .40   .54   .65   .52   .61   .55   .60   .59   .57
% SW      8.19  7.77  6.91  7.98  7.35  7.95 10.09  6.63  6.18  5.79  7.32  9.32
MEAN      4.05  4.18  4.57  4.42  3.93  3.67  3.62  3.34  3.61  3.56  3.75  3.81
STD DEV   1.80  1.84  2.12  1.79  1.55  1.36  1.33  1.27  1.33  1.36  1.45  1.62
SKEW      1.06   .88   .98   .64   .74   .71   .64   .78   .59   .75   .69   .83
% WSW     8.25  7.91  7.32  8.21  6.93  7.31  9.12  5.41  5.12  4.81  7.17  8.34
MEAN      4.58  4.74  5.07  5.03  4.49  3.88  3.97  3.60  3.97  3.77  4.36  4.31
STD DEV   1.81  1.91  2.06  2.00  1.73  1.41  1.46  1.33  1.42  1.35  1.69  1.73
SKEW       .58   .72   .78   .54   .79   .61   .66   .63   .60   .49   .56   .55
% W       4.57  4.96  4.55  4.33  3.21  3.59  3.40  2.84  2.68  3.45  4.27  4.64
MEAN      4.36  4.66  4.91  4.60  4.04  3.74  3.46  3.34  3.41  3.63  4.10  3.99
STD DEV   1.93  1.98  2.29  2.01  1.79  1.61  1.34  1.33  1.49  1.43  1.73  1.55
SKEW       .68   .32   .84   .53   .61   .84   .68   .68   .67   .69   .85   .61
% WNW     7.25  7.90  8.47  6.92  3.94  3.66  3.41  2.93  2.38  4.00  6.37  6.71
MEAN      5.23  5.42  5.42  5.22  4.46  3.79  3.76  3.72  3.69  4.32  4.79  4.67
STD DEV   2.06  2.01  2.00  1.96  1.81  1.37  1.47  1.48  1.55  1.64  1.88  1.72
SKEW       .47   .21   .56   .37   .23   .45   .81   .96   .57   .55   .40   .25
% NW      4.73  5.46  5.29  5.42  3.31  3.14  2.64  2.53  2.65  4.01  5.16  4.95
MEAN      4.23  4.64  4.74  4.34  4.18  3.55  3.26  3.32  3.30  3.69  3.90  4.22
STD DEV   1.82  2.10  1.94  1.76  1.73  1.36  1.55  1.36  1.44  1.68  1.66  1.80
SKEW       .49   .79   .49   .60   .62   .71  1.27   .80   .87  1.00   .84   .74
% NNW     5.22  5.42  5.68  5.84  5.01  4.37  4.06  4.71  4.73  5.67  6.11  4.54
MEAN      4.29  4.59  4.51  4.52  4.01  3.61  3.54  3.39  3.45  3.79  4.04  3.84
STD DEV   1.87  2.08  1.89  1.77  1.59  1.51  1.53  1.46  1.48  1.66  1.75  1.75
SKEW       .53   .69   .57   .32   .54   .81  1.12   .99   .92   .74   .73   .92
CALM     17.70 16.24 12.90 13.72 18.92 23.09 25.17 26.61 25.37 25.68 23.39 21.22
 
TRIANGULATED DATA (station & weighting factor)
 
---Wind Stations---
GORDONSVILLE  VA     .453  CHARLOTTESVIL.VA     .354  BLACKSTONE    VA     .194
---Solar Radiation and Max .5 P Stations---
 RICHMOND, VIRGINIA  .573   WASHINGTON, DISTRI  .282   CHARLESTON, WEST V  .145 
---Dewpoint Stations---
VA RICHMOND          .445  VA LYNCHBURG         .332  DC WASHINGTON        .223 
---Time Peak Stations---
COLUMBIA VA         1.000  NORTH GARDEN VA      .000  ELKWOOD 7 SE VA      .000 
