 WYTHEVILLE P O BLDG VA                  449301 0
 LATT=  36.93 LONG= -81.08 YEARS= 63. TYPE= 3
 ELEVATION = 2300. TP5 = 2.65 TP6= 5.06
 MEAN P    .26   .29   .29   .29   .33   .30   .36   .34   .36   .37   .30   .28
 S DEV P   .30   .34   .32   .36   .39   .40   .49   .44   .47   .48   .38   .32
 SKEW  P  2.07  2.15  1.95  2.28  2.68  3.48  3.40  2.63  2.67  2.34  3.26  2.01
 P(W/W)    .43   .42   .43   .43   .50   .46   .49   .47   .45   .41   .44   .41
 P(W/D)    .27   .28   .31   .29   .29   .29   .31   .27   .21   .18   .22   .25
 TMAX AV 43.85 47.18 55.38 65.82 74.12 80.59 83.48 82.43 77.25 67.70 55.67 45.74
 TMIN AV 24.35 25.19 31.35 39.31 48.19 55.66 59.84 58.64 52.43 40.76 32.43 25.95
 SD TMAX 11.28 10.92 11.58 10.18  7.65  5.77  4.97  5.13  7.06  8.44 10.67 10.75
 SD TMIN 10.96 10.41  9.94  9.18  8.19  6.68  5.30  5.81  8.43  9.77 10.29 10.42
 SOL.RAD  199.  274.  354.  469.  537.  586.  567.  510.  431.  309.  224.  184.
 SD SOL   38.2  44.8  61.9  67.4  75.3  71.9  71.3 128.6  67.1  44.5  36.3  34.3
 MX .5 P   .43   .37   .64   .50   .81  1.43  1.60  1.46  1.09   .69   .59   .56
 DEW PT  28.22 28.22 31.53 40.91 53.28 60.28 64.97 65.27 57.97 47.60 34.61 26.91
Time Pk   .673  .756  .795  .851  .862  .867  .885  .897  .906  .924  .955 1.000
% N       2.14  2.13  2.10  2.26  2.56  2.37  1.78  2.41  2.95  2.74  1.85  2.20
MEAN      3.03  3.28  3.21  3.38  3.36  3.25  3.01  2.99  2.94  2.90  3.56  2.64
STD DEV   1.37  1.41  1.37  1.40  1.48  1.46  1.25  1.37  1.22  1.34  1.48  1.28
SKEW       .38   .04   .14   .24   .26   .30   .25   .71   .22   .73   .63   .74
% NNE     3.13  2.98  2.77  2.54  3.49  3.22  3.17  3.81  4.20  4.06  2.80  2.59
MEAN      3.08  3.14  3.38  3.44  3.24  3.03  3.25  3.38  3.27  3.25  3.52  3.00
STD DEV   1.42  1.33  1.42  1.53  1.34  1.28  1.38  1.76  1.43  1.44  1.74  1.30
SKEW       .53   .40   .29   .29   .24   .28   .37   .79   .43   .48   .84   .62
% NE      4.51  5.21  4.83  3.58  5.02  4.42  4.48  6.36  6.90  6.91  4.47  3.89
MEAN      3.30  3.41  3.61  3.70  3.53  3.22  3.22  3.05  3.46  3.29  3.23  3.08
STD DEV   1.84  1.48  1.37  1.62  1.46  1.37  1.42  1.34  1.48  1.48  1.41  1.23
SKEW       .87   .32  -.05   .40   .35   .40   .51   .54   .41   .74   .68   .43
% ENE     4.46  5.62  6.11  4.23  5.29  5.31  4.77  6.22  7.32  7.56  4.12  4.27
MEAN      3.37  3.59  3.87  3.69  3.83  3.29  3.48  3.34  3.67  3.40  3.57  3.69
STD DEV   1.56  1.70  1.55  1.43  1.54  1.32  1.55  1.47  1.55  1.46  1.52  1.68
SKEW       .55   .63   .24   .14   .64   .38   .71   .53   .50   .40   .63   .72
% E       4.01  3.31  4.03  3.78  4.42  4.70  4.90  4.50  5.52  5.84  3.65  3.78
MEAN      3.00  3.09  3.39  3.49  3.13  3.11  3.30  3.14  3.10  3.18  3.02  3.06
STD DEV   1.23  1.20  1.51  1.40  1.23  1.30  1.40  1.45  1.44  1.37  1.33  1.51
SKEW       .16   .18   .30   .22   .27   .11   .46   .68   .65   .42   .93   .82
% ESE     1.98  2.10  2.13  2.14  2.83  2.88  2.67  3.56  3.38  3.35  1.79  1.98
MEAN      2.74  2.92  3.40  3.36  2.81  3.00  3.09  2.94  2.89  3.00  2.97  2.92
STD DEV   1.25  1.40  1.51  1.67  1.25  1.39  1.22  1.50  1.22  1.20  1.34  1.41
SKEW       .38   .89   .45   .75   .32   .59   .20   .95   .40   .15   .55   .64
% SE      1.83  2.41  2.29  2.80  2.69  2.91  2.72  3.22  3.29  3.03  2.66  2.31
MEAN      2.96  3.50  3.68  4.20  3.21  2.84  2.81  2.94  3.28  3.19  3.22  3.25
STD DEV   1.49  1.76  1.81  1.73  1.55  1.27  1.30  1.38  1.53  1.47  1.38  1.58
SKEW       .41  1.10   .46   .34   .61   .40   .38   .48   .64   .31   .27   .57
% SSE     3.38  2.76  4.07  4.09  3.14  3.82  2.81  2.67  3.28  2.96  2.91  3.20
MEAN      3.63  3.79  4.52  4.77  3.62  3.27  3.06  2.82  3.44  3.44  3.96  3.74
STD DEV   1.61  1.87  1.89  1.85  1.47  1.33  1.39  1.25  1.39  1.33  1.77  1.70
SKEW       .31   .43   .57   .08   .36   .57   .65   .44   .33   .13   .53   .55
% S       5.92  4.38  4.17  5.53  4.55  4.70  4.72  4.47  4.37  3.87  4.80  5.83
MEAN      4.37  4.10  4.31  4.46  3.48  3.35  3.12  3.14  3.38  3.35  3.87  4.01
STD DEV   2.15  1.86  1.68  1.81  1.61  1.42  1.35  1.40  1.33  1.43  1.91  1.78
SKEW       .76   .40   .48   .14   .67   .52   .20   .48   .13   .30   .96   .48
% SSW    10.90  8.27  6.75  9.00  7.49  7.57 10.28  7.20  5.91  6.18  9.31  7.95
MEAN      4.44  4.33  4.77  4.38  3.82  3.51  3.47  3.44  3.36  3.59  4.14  4.19
STD DEV   1.94  1.95  2.18  1.73  1.69  1.37  1.41  1.43  1.33  1.46  1.83  1.79
SKEW       .82   .67   .78   .59   .49   .30   .35   .39   .43   .51   .73   .74
% SW      8.58  6.62  6.15  8.30  7.88  6.40  8.27  6.18  5.26  5.51  7.83  8.28
MEAN      4.09  4.49  4.75  4.52  3.78  3.42  3.42  3.29  3.47  3.58  4.07  3.85
STD DEV   2.01  2.19  2.49  2.21  1.87  1.44  1.51  1.45  1.60  1.69  1.88  1.69
SKEW       .63   .72   .72   .86   .86   .43   .64   .43   .60   .84   .97   .59
% WSW    12.29 12.00 12.31 12.68 11.36 11.26 10.35  8.48  8.31  7.94 12.97 12.26
MEAN      5.19  5.39  5.74  5.54  4.55  3.93  3.80  3.56  3.66  3.96  4.78  5.24
STD DEV   2.45  2.67  2.65  2.50  2.18  1.76  1.93  1.72  1.87  2.01  2.10  2.44
SKEW       .44   .55   .54   .26   .54   .49   .78   .57   .88   .73   .41   .64
% W       9.84 12.54 12.61 11.39 10.91 12.67 11.30 11.15 10.54 10.98 11.74 12.67
MEAN      5.40  5.48  5.93  5.32  4.28  4.00  3.45  3.30  3.44  3.89  4.79  5.18
STD DEV   2.66  2.49  2.63  2.45  1.94  1.86  1.63  1.59  1.56  2.00  2.33  2.49
SKEW       .51   .20   .34   .40   .43   .57   .74   .57   .56   .76   .48   .51
% WNW    13.47 15.76 17.50 14.64 13.23 11.61 10.03 10.32 11.24 11.90 14.63 14.61
MEAN      5.51  5.62  5.89  5.78  4.71  4.14  3.77  3.63  3.78  4.42  5.31  5.04
STD DEV   2.47  2.62  2.49  2.35  1.98  1.91  1.90  1.63  1.77  2.10  2.24  2.37
SKEW       .35   .34   .19   .11   .42   .39   .59   .45   .58   .45   .45   .44
% NW      4.30  4.27  4.37  4.51  4.28  4.40  3.51  3.66  3.81  4.56  3.55  3.64
MEAN      3.75  4.18  4.59  4.49  3.98  3.51  3.47  3.18  3.57  3.75  4.14  3.55
STD DEV   1.95  2.26  2.14  1.99  1.79  1.72  1.59  1.42  1.55  1.77  1.89  1.76
SKEW       .68   .63   .47   .33   .36   .50   .40   .51   .39   .63   .46   .87
% NNW     2.78  2.82  2.96  3.30  2.95  3.01  2.46  3.06  2.96  3.12  2.41  2.91
MEAN      2.97  3.38  3.79  4.69  3.93  3.46  2.99  3.05  3.31  3.65  3.42  3.29
STD DEV   1.39  1.49  1.81  2.23  1.74  1.60  1.19  1.36  1.54  1.86  1.70  1.68
SKEW       .53   .18   .40   .53   .49   .50   .38   .48   .42   .79   .92   .74
CALM      6.46  6.73  4.89  5.18  7.88  8.76 11.83 12.64 10.74  9.43  8.42  7.75
 
TRIANGULATED DATA (station & weighting factor)
 
---Wind Stations---
PULASKI       VA     .660  WINSTON SALEM NC     .177  BRISTOL       TN     .163
---Solar Radiation and Max .5 P Stations---
 CHARLESTON, WEST V  .399   GREENSBORO, NORTH   .322   RALEIGH, NORTH CAR  .279 
---Dewpoint Stations---
VA ROANOKE           .362  NC WINSTON SALEM     .331  TN BRISTOL           .306 
---Time Peak Stations---
PULASKI VA           .421  GALAX WATER PLANT V  .374  GARY WV              .205 
