 BREMERTON NAVY YARD WA                  45 872 0
 LATT=  47.55 LONG=-122.63 YEARS= 41. TYPE= 2
 ELEVATION =   10. TP5 =  .97 TP6= 4.06
 MEAN P    .43   .38   .32   .20   .17   .16   .15   .16   .21   .30   .41   .42
 S DEV P   .50   .45   .38   .29   .20   .21   .19   .20   .30   .39   .51   .53
 SKEW  P  1.97  1.82  2.28  3.07  2.48  2.61  2.20  2.29  2.80  2.46  2.71  2.36
 P(W/W)    .76   .75   .74   .65   .57   .57   .47   .51   .61   .65   .81   .78
 P(W/D)    .33   .33   .30   .33   .25   .21   .11   .11   .17   .27   .33   .41
 TMAX AV 44.49 48.97 52.86 58.44 65.04 69.89 74.82 75.12 69.93 60.64 50.39 45.11
 TMIN AV 33.66 35.18 36.58 40.16 45.23 50.05 53.01 53.48 49.85 43.95 38.35 34.71
 SD TMAX  6.01  6.10  6.05  6.84  7.87  7.70  7.65  7.32  7.20  6.57  6.08  5.97
 SD TMIN  6.41  5.68  4.87  4.68  4.60  3.77  3.34  3.46  4.34  4.90  6.08  6.34
 SOL.RAD   81.  156.  260.  420.  507.  497.  518.  442.  322.  198.  115.   72.
 SD SOL   41.8  50.8  67.1  69.6  83.5 106.0  88.2 168.8  84.6  48.9  37.0  35.5
 MX .5 P   .20   .21   .17   .21   .36   .41   .38   .52   .33   .27   .32   .33
 DEW PT  32.85 36.15 35.98 38.98 44.35 48.90 52.00 53.08 51.38 46.62 40.15 37.15
Time Pk   .880  .920  .932  .939  .944  .947  .954  .959  .966  .975  .986 1.000
% N       6.39  7.46  7.22  7.66 10.68 10.59 12.73 11.13 11.26  9.13  7.39  5.66
MEAN      3.99  3.70  3.61  3.51  3.67  3.50  3.47  3.29  3.39  3.34  3.61  3.45
STD DEV   1.96  1.75  1.62  1.56  1.51  1.38  1.41  1.33  1.49  1.45  1.75  1.56
SKEW       .82   .88   .77   .74   .50   .42   .48   .51   .68   .66   .87   .76
% NNE     4.51  4.35  3.49  4.24  5.54  5.49  7.02  5.86  6.36  5.35  4.84  3.99
MEAN      3.56  3.27  3.32  3.38  3.30  3.26  3.22  3.15  3.27  3.29  3.38  3.45
STD DEV   1.54  1.33  1.41  1.41  1.31  1.27  1.23  1.24  1.38  1.40  1.43  1.48
SKEW       .75   .56   .60   .63   .50   .46   .42   .45   .55   .67   .48   .65
% NE      4.40  3.66  3.51  4.03  4.90  4.44  5.55  5.06  5.31  4.09  3.87  3.51
MEAN      3.00  2.95  2.88  3.09  3.16  3.09  3.13  2.97  2.99  2.97  2.92  2.92
STD DEV   1.18  1.16  1.17  1.37  1.26  1.20  1.23  1.20  1.21  1.30  1.21  1.19
SKEW       .46   .48   .56   .77   .55   .54   .49   .49   .54   .72   .60   .62
% ENE     2.65  2.24  2.02  2.13  2.41  2.02  2.36  2.22  2.36  1.96  2.41  2.43
MEAN      2.92  2.97  2.97  2.97  2.99  2.82  2.87  2.74  2.81  2.71  2.78  2.65
STD DEV   1.27  1.35  1.33  1.22  1.17  1.06  1.13  1.12  1.14  1.13  1.21  1.02
SKEW       .75   .83   .82   .56   .58   .32   .65   .53   .77   .58   .67   .77
% E       4.48  3.68  3.17  2.42  2.18  1.68  1.60  1.66  2.24  2.73  3.62  4.02
MEAN      3.00  2.90  2.95  2.70  2.57  2.53  2.32  2.26  2.53  2.76  2.81  2.90
STD DEV   1.38  1.36  1.46  1.24  1.03  1.02   .96   .95  1.21  1.30  1.33  1.36
SKEW      1.06   .96   .93   .82   .58   .68   .58   .61  1.18   .83   .77   .92
% ESE     4.88  3.99  3.68  2.71  2.16  1.65  1.26  1.48  2.03  3.18  4.40  4.71
MEAN      3.24  3.31  3.33  3.03  2.76  2.57  2.35  2.40  2.67  2.98  3.32  3.33
STD DEV   1.51  1.59  1.67  1.41  1.09   .98   .78  1.04  1.11  1.34  1.55  1.57
SKEW       .98   .72   .92   .91   .80   .51   .30   .76   .72  1.01   .72   .97
% SE      7.55  6.44  5.97  5.10  4.10  3.58  3.02  3.72  5.11  6.93  8.03  8.01
MEAN      3.33  3.22  3.24  3.06  2.98  2.88  2.78  2.82  2.87  3.13  3.26  3.29
STD DEV   1.44  1.50  1.45  1.33  1.18  1.10  1.09  1.12  1.20  1.34  1.36  1.42
SKEW       .74   .95   .78   .92   .56   .41   .52   .48   .64   .67   .72   .87
% SSE    10.44  9.59  8.56  7.90  6.73  6.13  4.66  5.90  7.45 10.16 11.31 11.95
MEAN      3.81  3.69  3.61  3.55  3.33  3.29  3.15  3.19  3.21  3.60  3.73  3.73
STD DEV   1.72  1.73  1.61  1.48  1.24  1.18  1.18  1.19  1.32  1.57  1.64  1.60
SKEW       .97  1.02  1.02   .72   .53   .30   .29   .40   .70   .99   .82   .92
% S      18.47 17.14 17.03 15.46 13.39 12.98 10.00 11.43 12.39 16.40 17.55 18.30
MEAN      5.05  4.74  4.78  4.49  4.11  3.99  3.75  3.85  3.98  4.43  4.72  4.77
STD DEV   2.39  2.28  2.16  1.95  1.59  1.51  1.36  1.53  1.81  2.09  2.29  2.25
SKEW       .61   .67   .61   .53   .49   .57   .33   .46   .86   .72   .67   .68
% SSW    11.56 11.69 12.64 11.97  9.88 11.38  8.66  9.35  8.19  9.72  9.64 12.37
MEAN      6.13  6.09  5.95  5.54  4.84  4.42  4.15  4.27  4.68  5.51  5.85  6.03
STD DEV   2.49  2.57  2.36  2.22  1.87  1.62  1.48  1.69  2.06  2.42  2.50  2.59
SKEW       .19   .16   .32   .33   .44   .37   .44   .48   .63   .43   .15   .32
% SW      5.95  7.02  9.25  9.78  9.14 10.78  8.84  8.08  6.10  5.48  6.18  6.88
MEAN      5.83  5.60  5.73  5.47  4.86  4.38  4.03  4.01  4.37  5.05  5.47  5.92
STD DEV   2.54  2.48  2.32  2.38  1.98  1.76  1.52  1.63  2.15  2.56  2.59  2.70
SKEW       .17   .36   .28   .43   .53   .51   .47   .66   .82   .50   .26   .24
% WSW     1.50  1.90  3.17  3.99  4.30  4.86  4.18  3.95  2.49  1.83  1.69  1.48
MEAN      4.76  4.50  4.89  4.99  4.45  3.93  3.68  3.78  3.68  4.06  4.33  5.09
STD DEV   2.66  2.30  2.20  2.39  1.90  1.67  1.48  1.61  1.81  2.00  2.12  2.65
SKEW       .48   .34   .47   .55   .52   .61   .43   .57   .93   .49   .51   .59
% W        .78  1.08  1.29  2.22  2.58  2.93  3.21  3.03  1.87  1.29   .89   .75
MEAN      2.95  2.78  3.35  3.47  3.32  3.23  3.19  3.00  2.63  2.54  2.46  2.87
STD DEV   1.56  1.29  1.64  1.54  1.44  1.35  1.29  1.19  1.04  1.15  1.07  1.39
SKEW       .83   .51   .70   .63   .61   .55   .50   .50   .53   .64   .55   .54
% WNW      .47   .61   .87  1.33  1.76  1.93  2.31  2.27  1.42  1.04   .62   .43
MEAN      2.52  2.59  2.74  3.21  3.27  3.06  3.24  3.13  2.83  2.70  2.34  2.27
STD DEV    .87  1.05  1.10  1.32  1.36  1.06  1.20  1.25   .99  1.09   .78   .66
SKEW       .95   .43   .34   .49   .52   .43   .14   .41   .23   .50   .27  -.05
% NW      1.34  2.12  2.83  3.54  4.40  4.41  5.87  6.03  5.14  3.57  2.24  1.38
MEAN      2.77  3.08  3.44  3.58  3.71  3.72  3.71  3.54  3.32  3.12  2.88  2.90
STD DEV   1.17  1.30  1.63  1.55  1.48  1.49  1.50  1.45  1.40  1.32  1.37  1.19
SKEW       .63   .70   .81   .57   .27   .33   .30   .43   .41   .47  1.01   .48
% NNW     3.35  4.82  5.53  6.97  8.56  8.43 11.37 10.43 10.05  6.43  4.23  3.02
MEAN      3.80  3.79  4.00  4.25  4.28  4.09  4.05  3.84  3.77  3.43  3.23  3.21
STD DEV   2.10  1.83  1.80  1.92  1.72  1.66  1.61  1.55  1.62  1.49  1.53  1.64
SKEW       .96   .85   .51   .48   .26   .37   .36   .41   .37   .68   .79  1.53
CALM     11.30 12.24  9.73  8.53  7.31  6.69  7.37  8.45 10.29 10.77 11.07 11.14
 
TRIANGULATED DATA (station & weighting factor)
 
---Wind Stations---
SEATTLE       WA     .348  SEATTLE       WA     .348  SEATTLE NAS   WA     .305
---Solar Radiation and Max .5 P Stations---
 OLYMPIA, WASHINGTO  .603   STAMPEDE PASS, WAS  .397                            
---Dewpoint Stations---
WA SEATTLE AP        .549  WA TACOMA            .376  WA TATOOSH ISLAND    .076 
---Time Peak Stations---
OUILCENE 5 SW DAM W  .397  CUSHMAN DAM WA       .316  CARNATION 4 NW WA    .287 
