 LIND 3 NE EXP STA WA                    454679 0
 LATT=  47.00 LONG=-118.58 YEARS= 62. TYPE= 3
 ELEVATION = 1630. TP5 =  .86 TP6= 2.56
 MEAN P    .10   .11   .10   .12   .14   .15   .11   .12   .13   .13   .12   .12
 S DEV P   .11   .14   .11   .14   .19   .19   .14   .17   .15   .15   .13   .13
 SKEW  P  2.08  3.78  2.24  2.25  3.01  2.73  2.87  3.42  2.10  2.20  1.79  2.13
 P(W/W)    .48   .49   .43   .38   .39   .39   .26   .27   .34   .45   .50   .51
 P(W/D)    .23   .20   .20   .16   .14   .13   .05   .08   .10   .15   .27   .25
 TMAX AV 35.07 42.82 53.05 63.06 72.55 80.16 89.30 87.49 77.95 63.91 45.68 36.63
 TMIN AV 22.20 26.98 31.08 35.38 41.67 47.93 53.07 52.36 45.55 37.13 29.89 24.84
 SD TMAX 10.14  9.37  7.84  8.58  9.38  9.06  8.36  8.30  9.70  9.58  8.87  9.14
 SD TMIN 11.86  9.35  6.30  6.84  7.21  6.70  6.49  6.42  7.10  7.47  8.27  9.59
 SOL.RAD  111.  191.  303.  455.  549.  601.  658.  537.  390.  225.  131.   81.
 SD SOL   30.9  37.9  51.4  56.7  68.2  70.2  40.9 110.4  62.2  39.0  30.6  31.6
 MX .5 P   .17   .14   .13   .13   .28   .22   .38   .37   .29   .17   .14   .20
 DEW PT  19.55 26.61 28.76 32.49 38.75 43.64 45.27 45.91 41.91 38.76 32.13 27.23
Time Pk   .801  .899  .917  .929  .933  .936  .936  .942  .942  .954  .982 1.000
% N      11.62 10.81  7.43  6.98  7.07  4.76  5.71  7.08  9.94  9.45  9.43  8.72
MEAN      3.24  3.12  3.16  3.29  3.41  3.27  3.08  3.06  3.31  2.87  2.99  2.88
STD DEV   1.76  1.69  1.67  1.67  1.60  1.58  1.41  1.41  1.69  1.65  1.51  1.37
SKEW      1.36  1.19  1.00  1.22   .87   .79   .93   .93  1.01  1.72   .96   .91
% NNE     4.18  3.46  3.61  3.59  3.78  3.34  3.63  3.48  5.74  5.57  4.54  3.63
MEAN      3.36  3.64  3.56  3.25  3.66  3.38  3.17  3.03  3.46  2.98  2.95  2.85
STD DEV   1.48  1.26  1.46  1.70  1.59  1.68  1.35  1.48  1.60  1.39  1.11  1.07
SKEW      1.42   .64   .68  1.08   .65  1.11   .53  1.09   .64   .99   .55   .49
% NE      4.76  4.20  4.31  3.58  5.41  3.76  3.69  3.65  5.17  4.24  4.35  4.54
MEAN      2.80  2.96  3.76  3.37  3.82  3.43  2.92  2.97  3.21  2.83  2.60  2.78
STD DEV   1.38  1.61  2.07  1.62  1.98  1.73  1.36  1.37  1.63  1.40  1.12  1.25
SKEW      1.13  1.15   .90   .76   .88   .87   .85   .74   .93  1.01  -.12   .66
% ENE     2.62  2.54  3.15  2.40  2.67  2.49  2.42  2.28  3.27  3.74  3.23  2.93
MEAN      2.60  2.57  4.03  3.10  3.58  3.79  2.94  3.01  3.52  2.61  2.51  2.17
STD DEV    .93  1.38  1.70  1.55  1.74  1.78  1.54  1.46  1.64  1.27   .79   .93
SKEW       .67   .74   .83   .88   .90   .51  1.24   .99   .41  1.09   .35   .44
% E       4.57  4.51  3.97  3.28  3.47  2.57  2.53  2.54  2.96  3.05  3.25  4.45
MEAN      2.50  2.51  2.91  2.72  2.97  3.07  2.72  2.62  2.77  2.45  2.16  2.42
STD DEV   1.21  1.38  1.44  1.31  1.43  1.60  1.25  1.25  1.24  1.18   .87  1.03
SKEW      1.30  1.61   .82   .94  1.12  1.41   .68   .77   .64  1.16   .54   .65
% ESE     1.17  1.32  1.46  1.45  1.53  1.48  1.33  1.43  1.25  1.39  2.26  1.68
MEAN      2.36  2.44  2.76  2.58  3.13  2.86  2.44  2.39  2.28  2.54  2.55  2.52
STD DEV    .79  1.00  1.09  1.11  1.44  1.27   .88  1.05   .98  1.04  1.15  1.15
SKEW       .51   .58   .51   .52   .53   .44   .51   .95   .89   .39   .61   .75
% SE      4.08  4.12  4.35  3.61  3.33  2.81  2.75  3.41  2.86  3.13  3.89  4.80
MEAN      2.83  2.90  3.00  2.85  3.05  2.76  2.57  2.70  2.52  2.61  2.90  2.84
STD DEV   1.40  1.60  1.45  1.31  1.37  1.14  1.19  1.27   .97  1.22  1.42  1.37
SKEW       .86  1.12   .97   .95   .77   .55  1.10  1.36   .36   .79   .91   .91
% SSE     3.62  3.18  3.56  3.45  3.11  2.94  3.09  3.55  3.40  4.47  4.61  4.00
MEAN      3.29  3.95  3.79  3.17  3.36  3.35  2.89  3.06  2.89  3.35  3.50  3.52
STD DEV   1.81  1.95  1.70  1.47  1.58  1.45  1.11  1.38  1.16  1.58  2.04  1.96
SKEW       .99   .44   .92   .92   .89   .67   .28  1.20   .36   .71  1.47  1.02
% S       7.66  7.90  9.41  7.99  8.27  8.36  8.34  8.90  7.82  7.46  7.70  7.11
MEAN      3.85  3.82  4.18  3.69  3.73  3.79  3.42  3.33  3.44  3.58  3.99  3.70
STD DEV   1.98  2.04  2.28  1.71  1.79  1.74  1.53  1.45  1.56  1.68  2.12  2.03
SKEW       .87  1.13  1.45   .67  1.07   .79   .76   .56   .89   .64   .88  1.37
% SSW     5.74  6.35  8.30  9.45  9.75 10.70 10.40 11.07  8.33  8.27  8.42  5.98
MEAN      5.47  4.50  5.08  4.94  4.65  4.41  3.99  3.90  4.26  4.56  4.78  5.00
STD DEV   2.75  2.09  2.60  2.41  2.21  1.97  1.77  1.61  1.97  2.41  2.46  2.57
SKEW       .34   .47   .93   .84   .74   .78   .88   .65   .88   .94   .64   .72
% SW      9.98 11.44 15.68 15.18 13.18 13.58 12.63 11.38  9.19  8.31  8.33  8.25
MEAN      5.22  4.87  5.39  5.36  4.76  4.50  3.93  3.98  4.54  5.10  5.31  5.02
STD DEV   3.26  2.79  2.74  2.76  2.33  2.07  1.92  1.86  2.29  2.66  2.78  2.93
SKEW      1.13   .96   .72   .78   .91   .63   .91   .84   .72   .59   .58   .76
% WSW     2.71  3.51  5.11  8.25  6.94  9.08  6.95  6.50  4.85  3.73  5.21  2.83
MEAN      4.79  5.57  5.47  5.73  4.92  4.58  4.31  3.99  4.93  4.51  5.21  4.97
STD DEV   2.20  2.75  2.52  2.85  2.55  2.24  2.14  1.95  2.60  2.47  2.94  2.90
SKEW       .63   .59   .49   .62   .83   .86   .92   .79   .74   .79   .87   .54
% W       6.47  6.90  7.41  8.93  7.63  8.90  7.61  6.02  4.90  3.70  3.31  4.80
MEAN      3.39  3.72  4.78  5.06  4.51  4.58  4.22  3.76  4.58  3.99  3.57  3.26
STD DEV   2.01  2.51  2.99  2.88  2.48  2.49  2.26  1.98  2.52  2.29  2.22  1.90
SKEW      1.00  1.24  1.22   .87  1.03  1.01   .78  1.28   .66   .84  1.10  1.31
% WNW     1.49  2.00  2.63  4.35  3.60  4.42  4.04  3.78  2.71  1.96  1.98  1.56
MEAN      3.27  3.18  4.88  4.86  4.57  4.60  4.23  3.80  4.42  3.60  3.68  3.05
STD DEV   1.65  1.74  1.88  2.41  2.55  2.17  2.05  1.89  2.51  2.00  2.05  1.67
SKEW      1.24   .92   .56   .72   .89   .52   .92   .74  1.15   .77   .99  1.12
% NW      6.15  6.57  5.76  5.39  5.39  6.57  7.53  5.15  4.81  3.69  4.42  5.98
MEAN      3.03  3.23  3.96  4.08  3.70  4.30  4.12  3.59  3.92  3.15  3.18  3.12
STD DEV   1.55  1.69  2.29  2.38  1.89  2.22  2.15  1.71  2.13  1.65  1.76  1.59
SKEW      1.43  1.04  1.06  1.20   .91   .71   .72   .65   .91   .87  1.24  1.10
% NNW     5.83  5.33  3.92  3.56  3.74  3.22  3.54  4.20  3.95  4.34  5.09  5.97
MEAN      3.09  3.62  3.72  4.16  3.58  3.94  3.90  3.38  3.85  3.38  3.36  3.03
STD DEV   1.61  1.73  1.54  2.33  1.72  2.25  1.81  1.83  2.04  1.69  1.66  1.49
SKEW      1.23   .50   .43   .86   .75  1.11   .80  1.51  1.13   .85  1.05  1.11
CALM     17.35 15.78  9.99  8.61 11.15 11.09 13.83 15.46 18.80 23.56 19.98 22.78
 
TRIANGULATED DATA (station & weighting factor)
 
---Wind Stations---
MOSES LAKE    WA     .504  PASCO         WA     .260  SPOKANE       WA     .235
---Solar Radiation and Max .5 P Stations---
 SPOKANE, WASHINGTO  .405   WALLA WALLA, WASHI  .391   STAMPEDE PASS, WAS  .204 
---Dewpoint Stations---
WA WALLA WALLA       .374  WA SPOKANE           .364  WA ELLENSBURG        .262 
---Time Peak Stations---
LIND 3 NE EXP STA W 1.000  WILSON CREEK WA      .000  HARRINGTON 4 ENE WA  .000 
