 SOLON SPRINGS WI                        477892 0
 LATT=  46.35 LONG= -91.82 YEARS= 46. TYPE= 3
 ELEVATION = 1080. TP5 = 2.09 TP6= 3.97
 MEAN P    .15   .14   .24   .28   .35   .38   .45   .42   .31   .27   .24   .16
 S DEV P   .19   .18   .26   .34   .43   .50   .59   .62   .45   .38   .31   .19
 SKEW  P  3.39  2.83  1.99  2.84  2.52  2.67  2.77  3.98  4.46  3.93  2.21  2.78
 P(W/W)    .31   .31   .38   .43   .47   .46   .35   .38   .49   .44   .48   .37
 P(W/D)    .20   .18   .18   .21   .27   .31   .29   .30   .29   .23   .20   .20
 TMAX AV 20.92 27.32 38.09 54.84 69.21 77.66 82.34 79.65 69.31 57.70 38.41 24.67
 TMIN AV  -.19  4.60 14.90 28.40 39.42 48.73 54.43 52.41 43.75 33.71 20.74  6.80
 SD TMAX 11.80 11.42 10.61 12.63 11.39  8.14  6.87  8.70  9.32 11.22 11.33 10.64
 SD TMIN 16.50 15.85 13.29  9.01  9.14  8.04  6.90  7.64  9.26  9.52 11.51 14.53
 SOL.RAD  158.  247.  354.  414.  484.  524.  546.  474.  356.  229.  138.  115.
 SD SOL   19.5  23.3  38.4  72.7  90.6  95.6  78.4 149.9  75.2  41.2  32.3  24.2
 MX .5 P   .13   .16   .16   .36   .79  1.14  1.24  1.09   .82   .85   .20   .14
 DEW PT   4.03  7.00 16.52 28.28 38.37 50.37 56.83 55.95 47.19 37.31 23.22 10.79
Time Pk   .710  .788  .816  .855  .863  .867  .884  .892  .896  .923  .949 1.000
% N       5.02  6.21  6.74  6.94  7.18  4.80  5.25  5.74  4.89  5.54  5.51  5.51
MEAN      4.37  4.30  4.94  4.90  4.56  4.01  3.78  3.74  3.79  4.11  4.54  4.16
STD DEV   1.97  1.96  2.15  2.04  1.99  1.75  1.78  1.75  1.72  1.85  2.12  1.82
SKEW       .68   .51   .40   .42   .37   .57   .82   .97   .70   .52   .56   .51
% NNE     2.09  3.05  3.81  3.85  4.28  2.97  3.25  3.06  2.16  2.41  2.57  2.64
MEAN      3.81  4.34  4.68  5.03  4.51  4.19  3.60  3.74  3.66  3.98  4.65  3.99
STD DEV   1.72  1.95  2.00  2.02  1.91  1.79  1.34  1.49  1.57  1.75  2.01  1.70
SKEW       .90   .43   .30   .31   .49   .48   .48   .48   .67   .72   .57   .63
% NE      2.23  3.42  5.33  5.13  5.58  4.26  3.93  3.80  3.07  2.89  2.72  2.80
MEAN      3.41  4.19  4.28  4.71  4.19  3.67  3.24  3.31  3.45  3.54  4.26  3.67
STD DEV   1.57  2.02  1.94  2.11  1.81  1.55  1.48  1.51  1.48  1.65  2.04  1.70
SKEW       .75   .73   .52   .41   .39   .69  1.85   .78   .81   .62   .45   .55
% ENE     1.83  3.12  4.04  3.81  4.36  3.51  3.00  2.96  2.91  1.75  1.73  1.99
MEAN      3.74  4.67  4.75  5.18  4.59  3.98  3.69  3.35  3.70  3.54  3.99  4.22
STD DEV   1.88  2.19  2.16  2.16  1.75  1.54  1.54  1.34  1.59  1.45  1.95  1.95
SKEW       .80   .61   .66   .34   .26   .53   .50   .50   .66   .29   .51   .50
% E       3.69  4.08  5.91  6.06  6.14  5.24  4.77  5.42  4.62  3.65  3.22  3.83
MEAN      3.55  3.84  4.38  5.01  4.48  3.80  3.43  3.31  3.52  3.38  3.55  3.69
STD DEV   1.68  1.91  2.16  2.27  1.96  1.60  1.52  1.40  1.54  1.59  1.67  1.70
SKEW       .71   .74   .75   .43   .34   .66   .45   .59   .88   .88   .60   .59
% ESE     5.37  5.41  6.21  6.27  6.21  5.91  4.92  5.43  5.06  5.45  4.52  5.24
MEAN      4.00  4.06  4.56  5.19  4.71  4.14  3.63  3.47  3.62  3.80  3.94  3.99
STD DEV   1.79  1.86  2.08  2.33  2.11  1.73  1.60  1.60  1.57  1.65  1.64  1.69
SKEW       .52   .64   .59   .45   .42   .51   .42   .87   .69   .68   .58   .58
% SE      8.86  7.84  9.08  8.30  9.21 10.80 10.26 11.88 10.20 11.62  8.88  9.61
MEAN      3.99  4.11  4.42  4.88  4.57  4.26  3.70  3.70  3.90  4.01  3.96  4.15
STD DEV   1.80  2.02  2.04  2.27  2.17  1.90  1.62  1.69  1.75  1.94  1.72  1.89
SKEW       .55   .59   .58   .40   .56   .50   .68   .70   .64   .89   .65   .61
% SSE     5.59  5.35  5.08  5.37  5.65  7.19  7.97  8.27  8.44  7.62  6.30  5.26
MEAN      4.48  4.63  4.73  5.43  5.23  4.79  4.29  4.24  4.71  4.59  4.42  4.45
STD DEV   2.07  2.27  2.02  2.42  2.42  2.07  1.85  1.89  2.07  2.04  1.82  2.01
SKEW       .44   .55   .30   .24   .47   .44   .60   .63   .47   .60   .38   .55
% S       6.58  5.48  5.36  6.00  8.15 10.55 12.06 12.06 11.65  9.76  7.81  7.00
MEAN      3.96  4.02  4.48  5.25  5.41  5.05  4.47  4.32  4.64  4.76  4.51  4.20
STD DEV   1.94  2.22  2.29  2.75  2.62  2.22  2.03  2.03  2.13  2.23  2.09  2.05
SKEW       .63  1.04   .62   .58   .43   .32   .40   .52   .34   .47   .50   .61
% SSW     3.43  3.59  2.72  3.34  4.12  5.20  5.18  6.23  5.33  5.01  4.87  4.01
MEAN      3.90  3.91  3.83  4.89  5.15  4.91  4.83  4.41  4.63  4.48  4.42  4.12
STD DEV   1.95  2.03  2.00  2.64  2.64  2.31  2.21  2.05  2.22  2.19  2.16  2.02
SKEW       .66   .96   .82   .58   .40   .43   .32   .46   .34   .58   .50   .66
% SW      6.43  6.02  4.47  5.21  5.49  7.19  6.68  6.80  6.76  6.74  6.76  7.29
MEAN      3.56  3.52  3.49  4.59  4.70  4.41  3.78  3.86  3.94  4.20  3.88  3.56
STD DEV   1.76  1.73  1.90  2.57  2.51  2.17  1.91  2.01  2.01  2.16  1.93  1.76
SKEW       .78   .88  1.22   .80   .66   .56   .67   .74   .70   .60   .82   .93
% WSW     4.84  4.30  2.95  2.74  3.66  4.12  3.17  3.33  3.85  3.69  4.42  4.28
MEAN      3.87  3.78  3.87  4.76  4.99  4.60  3.70  3.82  4.15  4.30  4.22  3.76
STD DEV   1.83  1.67  1.67  2.61  2.34  2.23  1.73  1.82  1.96  2.11  1.94  1.74
SKEW       .70   .64   .64   .96   .41   .78   .51   .64   .73   .72   .96   .87
% W       7.43  5.81  5.22  4.73  4.82  5.92  5.26  3.75  5.30  5.38  6.20  6.97
MEAN      4.34  4.00  4.51  5.18  5.06  4.64  4.00  3.68  4.35  4.68  4.83  4.45
STD DEV   2.09  2.02  2.19  2.72  2.70  2.33  1.99  1.78  2.25  2.46  2.37  2.11
SKEW       .79  1.00   .72   .87   .73   .58  1.27   .74   .68   .71   .83   .58
% WNW    10.96  9.71  8.73  8.06  6.09  5.88  6.00  4.19  6.99  6.71 10.68  9.98
MEAN      5.26  5.09  5.34  6.10  5.78  5.03  4.45  4.08  5.03  5.30  5.96  5.38
STD DEV   2.30  2.38  2.34  2.71  2.51  2.37  2.06  1.91  2.31  2.50  2.54  2.33
SKEW       .44   .66   .45   .43   .23   .42   .46   .57   .48   .46   .38   .39
% NW     15.87 15.85 14.80 14.33  9.93  8.77  9.32  7.36  9.58 11.97 13.84 14.13
MEAN      5.14  5.18  5.35  5.63  5.10  4.63  4.21  4.12  4.39  5.10  5.91  5.05
STD DEV   2.16  2.25  2.23  2.40  2.37  2.09  1.94  1.98  2.01  2.29  2.42  2.05
SKEW       .31   .45   .45   .29   .41   .43   .47   .60   .49   .36   .21   .32
% NNW     6.46  6.99  7.02  7.26  5.89  4.13  4.26  4.79  4.78  5.65  6.49  6.07
MEAN      5.13  4.77  5.34  5.66  5.06  4.36  4.15  4.13  4.30  4.99  5.48  4.82
STD DEV   2.11  1.93  2.11  2.17  2.10  1.84  1.82  1.70  1.78  2.12  2.39  1.97
SKEW       .38   .41   .39   .21   .40   .33   .41   .38   .36   .32   .41   .44
CALM      3.38  3.74  2.58  2.55  3.25  3.63  4.64  4.97  4.37  4.08  3.40  3.35
 
TRIANGULATED DATA (station & weighting factor)
 
---Wind Stations---
MINNEAPOLIS   MN     .337  MINNEAPOLIS   MN     .337  ST. CLOUD     MN     .327
---Solar Radiation and Max .5 P Stations---
 DULUTH, MINNESOTA   .678   MINNEAPOLIS, MINNE  .207   GREEN BAY, WISCONS  .115 
---Dewpoint Stations---
MN DULUTH            .672  MN MINN.-ST. PAUL    .208  MI MARQUETTE         .120 
---Time Peak Stations---
MINONG RNG ST WI     .496  HOLYOKE MN           .305  ASHLAND EXP FARM WI  .199 
