 HATFIELD DAM WI                         473471 0
 LATT=  44.42 LONG= -90.72 YEARS= 44. TYPE= 3
 ELEVATION =  970. TP5 = 2.22 TP6= 4.10
 MEAN P    .14   .18   .28   .31   .38   .42   .47   .47   .42   .31   .27   .20
 S DEV P   .16   .20   .31   .34   .45   .48   .55   .60   .50   .40   .33   .22
 SKEW  P  2.75  2.16  2.11  2.03  2.42  3.23  2.67  2.74  2.35  3.40  2.36  2.46
 P(W/W)    .35   .29   .34   .42   .45   .40   .36   .37   .44   .38   .39   .33
 P(W/D)    .18   .15   .21   .25   .24   .28   .25   .24   .22   .19   .19   .19
 TMAX AV 25.33 31.41 42.34 58.99 72.22 80.05 83.93 81.91 73.24 62.17 43.48 29.43
 TMIN AV 14.34 14.85 19.58 31.25 41.98 51.08 55.89 54.00 45.09 35.28 23.12 15.23
 SD TMAX 11.67 11.34 11.26 12.24  9.98  7.19  6.16  6.69  8.62 10.57 11.54 10.51
 SD TMIN  9.23  9.30 10.57 10.15 10.08  8.99  7.54  8.50 10.26 10.40 10.54  9.26
 SOL.RAD  152.  230.  328.  401.  473.  518.  536.  460.  351.  237.  142.  115.
 SD SOL   29.8  37.6  55.2  84.6 100.8 103.1  86.6 184.9  84.1  47.5  39.5  32.5
 MX .5 P   .13   .15   .28   .59  1.05  1.35  1.14  1.45   .70   .41   .23   .14
 DEW PT   8.57 12.19 20.79 32.79 44.20 55.60 60.60 60.20 51.39 40.79 26.59 14.59
Time Pk   .674  .762  .819  .865  .880  .886  .899  .909  .916  .939  .971 1.000
% N       2.70  4.35  4.76  4.29  4.51  3.34  4.08  3.87  2.95  2.55  3.63  2.67
MEAN      3.76  4.55  4.70  4.51  4.44  3.71  3.39  3.44  3.48  3.95  3.96  3.81
STD DEV   1.76  2.08  2.14  2.09  1.95  1.82  1.73  1.62  1.68  2.09  1.76  1.85
SKEW       .50   .18   .26   .43   .11   .36   .61   .44   .64   .62   .37   .51
% NNE     2.05  2.67  3.46  3.46  3.64  3.14  2.17  2.90  2.26  1.99  2.38  2.40
MEAN      3.55  3.89  3.84  4.07  3.91  3.52  2.89  3.23  3.09  2.86  3.93  3.54
STD DEV   1.68  2.00  1.84  1.85  1.69  1.71  1.33  1.52  1.46  1.23  1.77  1.65
SKEW       .44   .85   .70   .42   .21   .43   .39   .36   .47   .29   .35   .49
% NE      1.92  2.75  2.82  2.88  3.08  2.26  1.63  2.32  1.75  1.73  2.18  2.84
MEAN      3.24  3.89  3.88  3.88  3.33  3.27  2.63  2.82  2.83  3.43  3.39  3.79
STD DEV   1.62  1.90  1.87  1.96  1.59  1.43  1.09  1.26  1.21  1.77  1.77  1.73
SKEW       .54   .65   .58   .53   .54   .41   .18   .49   .25   .56   .67   .55
% ENE     2.61  3.74  4.67  4.32  4.91  3.34  2.46  3.02  2.99  2.68  2.48  3.24
MEAN      3.33  3.59  3.82  4.41  3.60  3.46  2.86  2.55  3.19  3.23  3.66  3.68
STD DEV   1.78  2.03  1.69  2.05  1.61  1.59  1.44  1.18  1.51  1.59  1.66  1.87
SKEW       .97  1.04   .36   .50   .42   .40   .58   .78   .52   .34   .46   .67
% E       4.24  4.46  4.80  7.09  6.56  5.11  4.15  3.76  4.04  3.73  3.38  4.47
MEAN      3.77  3.90  4.36  5.01  3.95  3.45  3.16  2.66  3.18  3.28  3.44  3.58
STD DEV   2.01  2.03  2.17  2.28  1.90  1.67  1.60  1.28  1.63  1.72  1.74  1.94
SKEW       .73   .54   .49   .23   .63   .61   .57   .63   .62   .62   .55   .88
% ESE     6.43  4.60  6.12  8.61  7.73  6.57  5.11  5.69  6.25  6.22  5.70  5.43
MEAN      4.24  4.05  5.06  5.33  4.57  3.79  3.36  3.41  3.69  3.80  4.17  4.24
STD DEV   1.97  2.01  2.37  2.36  2.00  1.64  1.49  1.51  1.73  1.73  1.96  2.08
SKEW       .51   .53   .33   .30   .35   .65   .41   .44   .76   .59   .46   .59
% SE      5.52  3.65  4.21  5.38  5.75  5.49  4.27  4.82  6.70  6.95  4.57  5.00
MEAN      4.37  4.13  4.85  4.71  4.51  3.92  3.45  3.62  3.80  4.17  4.19  4.26
STD DEV   2.01  2.01  2.17  1.98  2.07  1.65  1.58  1.53  1.66  1.87  1.89  1.92
SKEW       .44   .45   .28   .28   .63   .45   .40   .36   .38   .52   .51   .41
% SSE     5.18  4.10  4.98  6.13  6.26  7.17  6.88  7.09  8.10  8.04  6.26  5.85
MEAN      4.24  4.06  4.70  5.07  4.76  4.24  3.81  3.71  4.22  4.48  4.45  4.24
STD DEV   1.98  1.88  2.18  2.18  2.06  1.78  1.61  1.59  1.96  1.94  1.97  1.85
SKEW       .61   .31   .77   .30   .71   .50   .40   .53   .43   .41   .51   .36
% S       4.39  3.68  4.88  5.73  6.48  7.99  8.22  7.97  7.57 10.03  5.70  5.53
MEAN      4.04  4.28  4.59  4.94  4.76  4.45  4.13  4.18  4.57  4.89  4.42  4.01
STD DEV   1.80  2.02  2.07  2.21  2.13  1.95  1.77  1.82  2.00  2.18  1.96  1.81
SKEW       .36   .42   .42   .42   .55   .43   .49   .35   .46   .52   .33   .51
% SSW     3.72  3.25  2.88  4.98  5.45  6.77  6.95  7.75  5.65  5.92  4.84  4.06
MEAN      3.84  4.56  4.43  5.23  5.24  4.61  4.38  4.21  4.50  4.53  4.31  4.07
STD DEV   1.82  2.17  2.04  2.29  2.44  1.96  1.81  1.77  2.03  2.09  2.05  1.89
SKEW       .42   .38   .36   .17   .83   .40   .23   .26   .32   .46   .45   .61
% SW      4.27  3.35  2.65  3.73  4.55  5.44  5.63  5.96  4.39  3.95  4.13  3.98
MEAN      3.98  4.03  4.14  5.30  5.09  4.45  4.02  4.13  4.05  4.20  4.13  4.05
STD DEV   1.93  2.03  2.15  2.49  2.35  1.98  1.92  1.93  1.86  2.05  1.97  2.19
SKEW       .95   .59   .80   .29   .34   .40   .65   .50   .56   .41   .61   .66
% WSW     7.19  6.25  5.28  4.91  5.34  6.71  5.93  5.72  5.68  5.76  6.12  6.49
MEAN      4.36  4.29  4.42  5.06  4.97  4.74  4.12  4.04  4.17  4.68  4.63  4.28
STD DEV   2.00  2.06  2.14  2.55  2.41  2.33  1.82  1.92  1.99  2.16  2.16  2.45
SKEW       .56   .58   .67   .59   .57   .62   .76   .61   .63   .35   .66  1.50
% W      13.01 10.93  9.41  7.54  7.58  6.83  7.71  6.10  7.38  8.89 10.29  9.86
MEAN      5.01  4.85  4.41  5.45  5.06  4.66  3.86  3.86  4.22  5.30  5.14  4.65
STD DEV   2.41  2.43  2.10  2.61  2.49  2.34  1.88  1.94  2.16  2.46  2.34  2.22
SKEW       .69   .60   .59   .37   .49   .64   .75   .75   .75   .45   .49   .50
% WNW    15.10 14.99 12.62 11.40  8.29  7.40  9.04  6.79  9.24  9.71 14.32 14.07
MEAN      5.17  5.09  4.98  5.93  5.39  4.67  4.40  4.07  4.69  5.30  5.80  5.16
STD DEV   2.28  2.44  2.23  2.63  2.38  2.10  2.08  1.89  2.30  2.39  2.56  2.36
SKEW       .54   .62   .44   .32   .32   .39   .37   .48   .64   .43   .48   .53
% NW      7.58 10.08  8.67  6.15  5.76  5.21  6.47  5.59  5.93  6.43  8.54  9.04
MEAN      4.55  4.94  4.74  5.27  4.59  4.24  3.81  3.91  4.21  4.75  5.42  4.73
STD DEV   2.08  2.24  2.23  2.38  2.15  1.89  1.86  1.88  1.89  2.17  2.53  2.12
SKEW       .41   .46   .44   .25   .40   .28   .56   .60   .35   .42   .53   .44
% NNW     4.58  6.26  7.25  6.17  5.46  4.74  5.00  5.50  4.46  5.37  6.24  5.19
MEAN      4.66  4.80  5.28  5.20  4.95  4.24  3.79  3.86  3.95  4.51  4.99  4.73
STD DEV   2.06  2.16  2.19  2.34  2.16  2.00  1.71  1.81  1.76  2.02  2.32  2.11
SKEW       .29   .41   .23   .31   .33   .38   .40   .44   .28   .33   .66   .47
CALM      9.54 10.94 10.51  7.12  8.63 12.41 14.30 15.15 14.64 10.02  9.22  9.87
 
TRIANGULATED DATA (station & weighting factor)
 
---Wind Stations---
CAMP DOUGLAS  WI     .403  EAU CLAIRE    WI     .339  WAUSAU        WI     .258
---Solar Radiation and Max .5 P Stations---
 MADISON, WISCONSIN  .361   MINNEAPOLIS, MINNE  .320   GREEN BAY, WISCONS  .319 
---Dewpoint Stations---
WI LA CROSSE         .601  MN MINN.-ST. PAUL    .206  WI GREEN BAY         .193 
---Time Peak Stations---
BLACK RVR FALLS SEW  .554  WILLARD 2 NNE WI     .248  TOMAH RNGR ST WI     .198 
