 DALTON WI                               471970 0
 LATT=  43.65 LONG= -89.20 YEARS= 44. TYPE= 3
 ELEVATION =  860. TP5 = 2.22 TP6= 4.10
 MEAN P    .13   .17   .24   .29   .30   .38   .39   .39   .39   .28   .26   .18
 S DEV P   .17   .23   .30   .37   .41   .46   .53   .49   .57   .38   .34   .23
 SKEW  P  2.70  2.78  2.99  2.70  4.26  2.03  3.80  2.38  3.11  3.30  2.99  2.22
 P(W/W)    .36   .34   .43   .46   .46   .42   .36   .37   .46   .46   .41   .36
 P(W/D)    .20   .17   .21   .26   .29   .26   .28   .24   .25   .22   .21   .22
 TMAX AV 26.04 30.75 41.21 57.69 70.36 79.22 83.08 81.04 72.24 61.06 44.02 30.38
 TMIN AV 13.81 14.69 21.97 34.49 45.21 54.45 59.16 57.00 48.97 39.12 26.49 16.06
 SD TMAX 11.41 10.53 11.34 11.89 10.04  7.40  6.01  6.74  8.68 10.44 11.37 10.62
 SD TMIN  8.78  9.62 10.97  9.72  9.55  8.06  6.82  7.41  9.43  9.93 10.49  9.64
 SOL.RAD  148.  222.  317.  395.  467.  514.  532.  454.  348.  239.  143.  114.
 SD SOL   32.7  42.0  60.6  88.2 103.8 105.2  89.1 192.5  86.6  48.7  41.2  34.7
 MX .5 P   .13   .16   .37   .57  1.01  1.12  1.37  1.25   .75   .38   .25   .15
 DEW PT  10.37 13.89 21.57 33.57 44.52 55.76 60.76 59.95 51.19 41.00 27.57 16.13
Time Pk   .631  .740  .797  .852  .864  .869  .883  .897  .902  .928  .955 1.000
% N       4.71  6.07  6.26  4.84  4.61  4.05  4.46  5.14  4.45  4.13  5.20  4.74
MEAN      4.58  4.88  5.03  4.80  4.45  4.01  3.59  3.55  3.72  4.35  4.60  4.52
STD DEV   2.12  2.22  2.41  2.23  2.03  1.89  1.70  1.66  1.70  2.15  2.06  2.14
SKEW       .34   .31   .38   .44   .33   .50   .64   .64   .68   .54   .37   .47
% NNE     3.00  4.10  4.03  3.83  3.65  2.83  2.31  2.96  2.66  2.64  2.41  3.22
MEAN      4.50  4.66  4.85  4.90  4.34  3.96  3.25  3.40  3.50  3.70  4.55  4.43
STD DEV   2.19  2.30  2.40  2.39  1.91  1.82  1.53  1.50  1.62  1.64  1.98  2.23
SKEW       .45   .98   .71   .53   .32   .51   .74   .39   .37   .36   .24   .65
% NE      3.79  5.13  5.57  5.36  5.99  4.09  3.76  4.45  3.80  3.01  2.70  3.90
MEAN      4.08  4.82  5.10  4.65  4.23  3.96  3.11  3.19  3.39  3.78  3.75  4.35
STD DEV   2.21  2.54  2.62  2.47  2.00  1.81  1.50  1.57  1.60  2.08  2.04  2.11
SKEW       .57   .75   .55   .52   .35   .31   .56   .64   .38   .54   .87   .45
% ENE     2.35  3.13  4.32  4.83  5.69  3.88  3.41  3.49  3.15  2.71  2.41  2.71
MEAN      3.69  4.26  4.71  4.89  4.23  3.80  3.29  2.96  3.46  3.41  4.03  3.81
STD DEV   2.00  2.45  2.17  2.26  1.79  1.68  1.59  1.35  1.67  1.73  2.05  1.94
SKEW       .88   .95   .31   .39   .35   .43   .72   .63   .49   .71   .96   .83
% E       3.70  4.22  5.23  6.92  6.94  5.19  4.27  4.24  3.78  3.17  3.22  4.32
MEAN      3.84  4.25  4.87  5.12  4.10  3.58  3.35  2.91  3.38  3.45  3.63  4.03
STD DEV   2.21  2.29  2.39  2.35  1.86  1.63  1.61  1.31  1.62  1.80  1.79  2.01
SKEW       .93   .74   .44   .42   .60   .53   .64   .63   .65   .83   .54   .62
% ESE     3.74  2.69  3.71  5.70  5.43  4.19  3.30  3.32  3.75  3.67  3.19  2.92
MEAN      4.33  4.28  5.22  5.13  4.40  3.71  3.29  3.31  3.54  3.89  4.10  4.11
STD DEV   2.06  2.00  2.34  2.21  1.84  1.56  1.39  1.38  1.56  1.70  1.79  2.00
SKEW       .43   .53   .27   .35   .48   .63   .47   .43   .79   .43   .51   .63
% SE      4.22  2.97  4.01  5.40  5.61  5.38  3.99  4.19  5.18  5.52  3.63  3.65
MEAN      4.74  4.29  4.84  4.73  4.35  3.64  3.20  3.27  3.68  4.17  4.05  4.46
STD DEV   2.26  2.00  2.33  2.10  2.05  1.61  1.41  1.45  1.65  1.98  1.97  2.17
SKEW       .46   .42   .52   .42   .67   .59   .63   .64   .56   .60   .75   .61
% SSE     3.71  3.13  4.27  6.02  5.18  5.91  5.21  5.42  5.52  6.26  4.33  4.58
MEAN      4.44  4.23  5.05  4.86  4.42  3.93  3.54  3.49  4.03  4.32  4.46  4.37
STD DEV   2.22  2.00  2.39  2.16  1.99  1.73  1.54  1.55  1.83  1.94  2.04  2.04
SKEW       .80   .51   .70   .34   .63   .58   .62   .71   .57   .58   .61   .54
% S       6.24  5.87  6.51  7.26  7.98  9.68  9.55  9.09  9.62 12.65  7.78  6.95
MEAN      4.44  4.58  4.94  5.00  4.61  4.25  3.97  4.05  4.45  4.73  4.57  4.42
STD DEV   2.13  2.15  2.38  2.30  2.14  1.92  1.77  1.84  2.01  2.12  2.14  2.02
SKEW       .65   .53   .58   .44   .67   .63   .75   .57   .59   .60   .48   .56
% SSW     5.25  4.92  4.15  5.29  5.88  7.48  7.26  7.79  6.97  8.32  6.30  5.66
MEAN      4.95  5.17  5.31  5.71  5.40  4.96  4.73  4.37  4.95  5.20  4.98  5.09
STD DEV   2.23  2.36  2.43  2.47  2.48  2.11  1.92  1.87  2.24  2.33  2.14  2.26
SKEW       .39   .26   .36   .24   .67   .38   .32   .42   .41   .50   .41   .72
% SW      7.21  5.98  4.69  5.35  6.97  7.96  8.67  8.88  7.00  7.43  7.07  6.66
MEAN      4.93  4.87  5.24  5.69  5.55  4.90  4.54  4.46  4.80  4.90  5.19  5.23
STD DEV   2.28  2.39  2.79  2.57  2.70  2.11  2.04  2.00  2.12  2.19  2.24  2.55
SKEW       .76   .57   .82   .33  1.01   .40   .59   .45   .42   .30   .48   .65
% WSW     5.97  5.27  5.15  4.73  5.30  6.55  5.97  5.92  5.43  5.14  5.67  6.11
MEAN      4.84  4.72  5.17  5.44  5.31  4.79  4.34  4.29  4.60  4.86  5.16  5.18
STD DEV   2.41  2.42  2.67  2.78  2.77  2.20  1.91  1.96  2.09  2.23  2.44  2.85
SKEW      1.01   .87   .76   .58  1.03   .59   .81   .60   .58   .67   .83  1.41
% W      14.13 11.29  9.54  8.25  8.08  8.11  9.50  7.30  8.70  9.79 13.19 11.88
MEAN      5.35  5.20  5.10  5.84  5.05  4.59  3.90  3.72  4.36  5.13  5.50  4.98
STD DEV   2.64  2.63  2.53  2.76  2.56  2.25  1.96  1.88  2.26  2.28  2.53  2.25
SKEW       .84   .75   .72   .37   .56   .73   .95   .96   .93   .50   .68   .45
% WNW    12.15 11.84  9.45  8.09  6.59  6.01  6.89  5.78  7.02  7.49 10.93 11.59
MEAN      5.56  5.64  5.53  6.29  5.56  4.79  4.35  3.98  4.63  5.20  5.84  5.29
STD DEV   2.34  2.62  2.44  2.73  2.60  2.25  2.08  1.99  2.25  2.45  2.71  2.34
SKEW       .43   .56   .39   .26   .32   .43   .50   .65   .49   .44   .55   .43
% NW      8.33 10.26  9.57  7.25  5.57  5.28  6.20  5.37  6.57  6.42 10.02  9.28
MEAN      5.24  5.44  5.40  5.78  5.00  4.45  4.03  3.81  4.38  5.26  5.74  5.15
STD DEV   2.44  2.52  2.55  2.54  2.38  2.07  2.01  1.90  2.05  2.40  2.72  2.27
SKEW       .43   .44   .51   .24   .34   .40   .55   .74   .48   .21   .43   .37
% NNW     5.06  5.93  6.54  5.03  3.74  3.58  4.52  4.69  4.65  4.87  5.49  4.99
MEAN      5.04  4.99  5.41  5.44  4.83  4.24  3.83  3.68  4.05  4.66  5.20  4.97
STD DEV   2.21  2.32  2.33  2.48  2.18  1.91  1.70  1.80  1.76  2.02  2.43  2.23
SKEW       .24   .41   .26   .45   .35   .50   .45   .78   .43   .37   .80   .50
CALM      6.40  7.23  7.07  5.76  6.75  9.81 10.69 11.97 11.77  6.77  6.43  6.85
 
TRIANGULATED DATA (station & weighting factor)
 
---Wind Stations---
MADISON       WI     .483  CAMP DOUGLAS  WI     .312  GREEN BAY     WI     .205
---Solar Radiation and Max .5 P Stations---
 MADISON, WISCONSIN  .611   GREEN BAY, WISCONS  .286   MINNEAPOLIS, MINNE  .103 
---Dewpoint Stations---
WI MADISON           .566  WI GREEN BAY         .240  WI LA CROSSE         .194 
---Time Peak Stations---
BERLIN WI            .452  HORICON WI           .375  TOMAH RNGR ST WI     .172 
