 HILLSBORO SEWAGE PL WI                  473654 0
 LATT=  43.65 LONG= -90.33 YEARS= 34. TYPE= 3
 ELEVATION = 1000. TP5 = 2.23 TP6= 4.11
 MEAN P    .13   .19   .26   .31   .38   .39   .47   .49   .49   .31   .27   .17
 S DEV P   .16   .23   .30   .41   .45   .51   .54   .63   .58   .40   .33   .21
 SKEW  P  2.84  2.31  1.94  3.12  2.32  2.82  2.02  2.61  1.67  2.84  2.41  1.82
 P(W/W)    .29   .29   .34   .45   .43   .43   .30   .35   .43   .40   .39   .36
 P(W/D)    .17   .14   .20   .25   .24   .24   .22   .22   .21   .17   .19   .18
 TMAX AV 25.38 31.18 42.58 57.79 70.58 79.29 83.74 81.27 72.27 60.64 44.11 30.31
 TMIN AV 14.23 14.34 21.95 33.32 44.29 53.62 58.30 55.99 47.18 36.19 24.56 15.02
 SD TMAX 11.94 10.64 11.67 12.07  9.85  7.50  6.42  6.90  8.89 10.39 10.93 10.76
 SD TMIN  8.73  8.95 10.60  9.72  9.55  8.19  6.94  7.66  9.70  9.73  9.52  9.07
 SOL.RAD  150.  226.  322.  398.  470.  516.  534.  457.  349.  238.  143.  115.
 SD SOL   31.4  40.0  58.1  86.4 102.1 103.9  87.7 187.2  85.3  48.1  40.4  33.7
 MX .5 P   .12   .16   .34   .59  1.05  1.23  1.31  1.34   .72   .39   .24   .15
 DEW PT  10.63 14.45 21.90 33.55 44.82 55.82 61.00 60.63 51.63 41.35 27.73 16.45
Time Pk   .670  .768  .810  .858  .868  .874  .889  .899  .905  .934  .959 1.000
% N       3.27  4.61  5.13  4.16  4.25  3.52  4.28  3.93  2.96  2.75  4.10  2.90
MEAN      3.82  4.51  4.51  4.26  4.22  3.51  3.17  3.19  3.30  3.90  3.79  3.88
STD DEV   1.73  2.00  2.09  2.09  1.95  1.61  1.54  1.42  1.58  2.06  1.66  1.97
SKEW       .45   .18   .34   .49   .37   .38   .69   .54   .81   .78   .36   .56
% NNE     2.17  2.47  3.32  2.64  3.08  2.72  2.02  2.74  1.93  1.83  1.93  2.41
MEAN      3.42  3.68  3.82  3.86  3.81  3.23  2.72  3.13  2.82  2.78  3.87  3.76
STD DEV   1.50  1.93  1.86  1.66  1.59  1.47  1.24  1.37  1.25  1.10  1.65  1.89
SKEW       .40  1.11   .81   .44   .33   .56   .70   .28   .39   .15   .26   .60
% NE      1.68  2.17  2.02  2.00  2.82  2.17  1.95  2.60  1.76  1.46  1.47  2.33
MEAN      3.15  3.93  3.87  3.87  3.25  3.33  2.40  2.73  2.71  3.34  2.85  3.67
STD DEV   1.52  2.10  1.94  2.04  1.58  1.35   .98  1.23  1.17  1.75  1.47  1.73
SKEW       .61  1.05   .67   .57   .61   .29   .25   .57   .27   .65   .66   .58
% ENE     2.62  3.74  4.51  4.77  5.62  4.87  3.59  4.26  4.15  3.26  2.78  3.82
MEAN      3.39  3.62  4.07  4.41  3.37  3.50  2.73  2.39  3.01  3.12  3.21  3.59
STD DEV   1.72  2.17  1.78  2.04  1.49  1.54  1.30  1.00  1.43  1.57  1.40  1.75
SKEW       .81  1.09   .18   .52   .53   .37   .66   .79   .49   .63   .65   .62
% E       5.27  5.52  5.23  6.84  6.95  5.43  4.37  4.22  4.34  4.15  4.06  5.82
MEAN      3.80  3.73  4.25  4.71  3.67  3.40  2.88  2.50  2.89  2.97  3.07  3.51
STD DEV   1.92  1.70  2.09  2.23  1.75  1.59  1.42  1.16  1.40  1.49  1.44  1.81
SKEW       .75   .59   .57   .43   .67   .75   .80   .83   .63   .67   .53  1.00
% ESE     7.39  4.88  6.09  8.43  7.92  7.29  5.25  5.96  6.30  6.55  5.61  5.64
MEAN      3.91  3.63  4.86  4.77  3.91  3.48  2.87  2.97  3.21  3.27  3.47  3.73
STD DEV   1.75  1.80  2.29  2.24  1.85  1.55  1.24  1.36  1.54  1.42  1.60  1.86
SKEW       .47   .81   .34   .47   .61   .76   .69   .53   .99   .69   .52   .80
% SE      5.29  3.02  4.01  5.44  5.93  5.48  4.90  4.93  7.19  7.22  4.63  4.61
MEAN      4.11  3.81  4.54  4.25  3.82  3.53  3.17  3.11  3.23  3.57  3.72  3.81
STD DEV   1.88  1.95  2.09  2.02  1.90  1.61  1.42  1.40  1.48  1.65  1.77  1.73
SKEW       .66   .81   .46   .73   .84   .60   .59   .64   .53   .89   .72   .70
% SSE     4.93  3.70  4.27  6.53  5.91  6.90  6.54  6.70  7.10  7.84  5.65  5.50
MEAN      4.10  3.66  4.87  4.67  4.56  3.93  3.59  3.25  3.89  4.24  4.20  3.97
STD DEV   1.99  1.73  2.41  2.12  2.08  1.67  1.58  1.43  1.93  1.99  1.97  1.85
SKEW       .72   .60   .90   .38   .79   .59   .52   .67   .54   .53   .49   .51
% S       5.81  4.94  5.82  7.03  7.33  9.10  8.57  8.54  8.34 11.75  7.00  6.87
MEAN      3.70  4.17  4.83  4.50  4.62  4.33  4.01  4.00  4.54  4.80  4.22  3.83
STD DEV   1.62  1.83  2.20  2.10  2.11  1.90  1.81  1.76  2.01  2.13  1.96  1.82
SKEW       .43   .39   .46   .48   .67   .35   .56   .40   .49   .54   .34   .67
% SSW     3.88  3.09  3.41  4.99  5.36  6.73  6.81  7.26  4.88  6.14  4.99  4.23
MEAN      3.91  4.62  4.87  5.72  5.44  4.60  4.41  4.02  4.52  4.71  4.15  4.07
STD DEV   1.82  2.12  2.28  2.49  2.64  1.91  1.72  1.67  2.11  2.16  2.03  1.94
SKEW       .36   .30   .45   .22   .76   .40   .24   .23   .40   .55   .48   .76
% SW      3.43  2.81  2.36  3.42  4.22  4.36  4.74  4.86  3.62  3.45  3.72  3.42
MEAN      4.11  4.15  4.41  5.59  5.29  4.43  3.95  3.86  3.90  4.24  4.17  4.22
STD DEV   2.03  1.95  2.30  2.54  2.65  1.94  1.86  1.90  1.83  2.07  2.03  2.40
SKEW      1.17   .59   .74   .20   .45   .37   .72   .67   .62   .32   .68   .83
% WSW     5.66  5.58  4.99  4.81  4.93  5.60  4.91  5.23  5.37  5.18  5.28  5.60
MEAN      4.36  4.21  4.54  4.86  4.89  4.37  3.73  3.70  3.92  4.45  4.42  4.23
STD DEV   2.14  2.14  2.29  2.68  2.70  2.21  1.76  1.88  2.01  2.24  2.18  2.54
SKEW       .61   .67   .58   .61   .77   .68  1.10   .89   .88   .72   .72  1.38
% W      13.96 12.26 10.28  9.28  9.00  7.78  8.83  7.19  9.46 10.58 11.87 11.80
MEAN      4.65  4.69  4.04  5.14  4.39  3.86  3.22  3.10  3.63  4.64  4.72  4.32
STD DEV   2.38  2.47  2.00  2.63  2.32  2.04  1.70  1.62  2.01  2.15  2.30  2.20
SKEW       .87   .70   .73   .56   .76   .87  1.19  1.13   .98   .56   .68   .81
% WNW    13.96 14.35 12.31 10.42  8.53  6.48  7.84  6.22  8.08  9.19 12.97 12.45
MEAN      5.22  5.08  4.87  5.90  5.07  4.22  3.98  3.70  4.32  5.04  5.67  5.14
STD DEV   2.17  2.37  2.12  2.55  2.40  1.89  1.91  1.76  2.16  2.34  2.55  2.36
SKEW       .34   .49   .38   .34   .52   .48   .46   .57   .55   .48   .60   .62
% NW      7.35 10.60  9.15  6.73  5.84  4.86  6.03  5.02  5.68  5.86  9.30  8.15
MEAN      4.56  5.00  4.73  5.33  4.48  4.10  3.66  3.74  4.09  4.94  5.35  4.85
STD DEV   2.19  2.25  2.15  2.35  2.05  1.85  1.74  1.86  1.83  2.22  2.53  2.15
SKEW       .49   .48   .44   .44   .43   .43   .60   .70   .36   .31   .48   .44
% NNW     4.40  6.00  6.92  5.30  3.77  3.81  4.74  4.76  3.93  4.58  5.66  4.86
MEAN      4.31  4.42  4.93  4.86  4.55  3.98  3.51  3.62  3.71  4.42  4.66  4.74
STD DEV   1.86  2.09  1.93  2.25  1.99  1.80  1.58  1.66  1.54  1.94  2.18  2.14
SKEW       .45   .61   .21   .39   .50   .37   .44   .53   .33   .46   .68   .48
CALM      8.93 10.34 10.25  7.07  8.59 12.86 14.56 15.56 14.87  8.12  8.95  9.64
 
TRIANGULATED DATA (station & weighting factor)
 
---Wind Stations---
CAMP DOUGLAS  WI     .512  LONE ROCK     WI     .300  LA CROSSE     WI     .187
---Solar Radiation and Max .5 P Stations---
 MADISON, WISCONSIN  .534   GREEN BAY, WISCONS  .267   MINNEAPOLIS, MINNE  .199 
---Dewpoint Stations---
WI LA CROSSE         .450  WI MADISON           .375  WI MILWAUKEE         .175 
---Time Peak Stations---
TOMAH RNGR ST WI     .544  LYNXVILLE DAM 9 WI   .273  BERLIN WI            .183 
