 HOLCOMBE 1 W WI                         473698 0
 LATT=  45.23 LONG= -91.12 YEARS= 44. TYPE= 3
 ELEVATION = 1050. TP5 = 2.14 TP6= 4.03
 MEAN P    .13   .14   .23   .33   .37   .40   .43   .47   .44   .30   .25   .17
 S DEV P   .18   .17   .26   .40   .45   .48   .56   .61   .55   .37   .35   .23
 SKEW  P  4.03  3.04  1.57  2.86  2.50  2.35  3.63  3.01  2.66  2.33  3.12  4.14
 P(W/W)    .33   .29   .33   .39   .44   .45   .34   .39   .41   .38   .38   .32
 P(W/D)    .19   .17   .19   .24   .26   .31   .29   .26   .28   .21   .20   .19
 TMAX AV 22.98 28.65 39.18 56.37 70.09 77.90 82.38 79.72 70.54 59.49 41.03 26.92
 TMIN AV 13.55 14.41 19.44 32.72 43.98 53.07 57.84 55.48 47.01 37.19 24.17 14.55
 SD TMAX 11.26 10.78 10.84 12.18 10.04  7.02  6.06  6.62  8.82 10.61 11.00 10.21
 SD TMIN  8.62  9.14 10.44  8.93  8.99  7.77  6.50  7.30  9.08  9.17 10.16  8.91
 SOL.RAD  156.  243.  347.  411.  482.  523.  544.  471.  355.  232.  139.  115.
 SD SOL   22.9  27.8  43.7  76.8  94.2  98.4  81.3 164.6  78.4  43.6  34.9  27.1
 MX .5 P   .14   .15   .16   .47   .92  1.36  1.03  1.38   .74   .66   .21   .14
 DEW PT   6.99 10.18 19.07 31.07 41.94 53.50 59.15 58.58 49.82 39.39 25.39 13.07
Time Pk   .660  .754  .806  .850  .860  .862  .876  .887  .899  .929  .956 1.000
% N       2.86  3.78  4.01  4.38  4.42  3.19  3.53  3.69  2.98  3.11  3.01  3.25
MEAN      3.70  4.14  5.04  5.11  4.81  4.13  3.66  3.78  3.68  4.07  4.33  3.94
STD DEV   1.83  1.96  2.26  2.18  2.17  2.00  1.77  1.92  1.79  2.02  2.10  1.84
SKEW       .56   .37   .32   .52   .18   .34   .62   .53   .57   .41   .62   .59
% NNE     3.56  4.13  5.57  6.63  6.22  4.13  3.96  5.22  3.64  4.14  3.42  3.79
MEAN      3.94  4.30  4.79  5.03  4.67  4.01  3.57  3.61  3.58  3.71  4.24  3.63
STD DEV   2.03  2.26  2.26  2.28  2.05  1.98  1.78  1.71  1.71  1.75  2.15  1.61
SKEW       .69   .61   .39   .35   .20   .54   .65   .53   .59   .63   .56   .55
% NE      2.88  3.95  4.64  4.57  4.99  3.40  2.77  4.28  3.25  3.41  2.89  3.39
MEAN      3.20  3.64  4.05  4.24  3.94  3.49  3.21  3.06  3.31  3.34  3.80  3.61
STD DEV   1.71  1.92  2.09  2.06  1.87  1.74  1.53  1.45  1.48  1.68  2.12  1.76
SKEW       .85   .80   .58   .54   .57   .72   .80   .61   .46   .69   .83   .67
% ENE     3.47  5.79  6.78  5.66  6.46  4.39  3.67  4.68  3.98  3.70  2.99  3.93
MEAN      3.54  4.26  4.46  4.96  4.22  3.59  3.27  3.13  3.52  3.29  3.84  3.82
STD DEV   1.93  2.18  2.23  2.24  1.93  1.66  1.63  1.51  1.69  1.54  1.91  1.96
SKEW      1.00   .70   .53   .39   .37   .50   .68   .79   .62   .42   .55   .82
% E       2.55  2.89  4.26  4.85  4.58  3.94  3.31  3.38  3.18  3.14  2.38  2.58
MEAN      3.58  3.93  4.43  4.90  4.05  3.59  3.31  3.00  3.37  3.33  3.46  3.61
STD DEV   1.84  2.12  2.26  2.24  1.92  1.69  1.56  1.51  1.69  1.65  1.71  1.90
SKEW       .68   .56   .51   .21   .51   .52   .51   .71   .59   .61   .84   .71
% ESE     4.70  4.46  6.90  7.36  7.65  7.44  5.03  5.86  5.56  5.04  4.72  4.95
MEAN      4.21  4.22  5.10  5.49  4.99  4.21  3.64  3.63  3.86  3.81  4.36  4.34
STD DEV   2.03  2.00  2.46  2.38  2.15  1.73  1.69  1.44  1.71  1.81  2.05  1.97
SKEW       .64   .47   .49   .21   .26   .44   .65   .34   .57   .62   .54   .36
% SE      4.05  3.81  3.97  4.47  5.07  5.81  4.33  5.40  5.04  5.38  3.83  4.28
MEAN      3.75  3.94  4.39  4.58  4.62  4.15  3.38  3.67  3.79  3.92  3.97  4.06
STD DEV   1.75  1.89  1.95  1.93  2.01  1.77  1.49  1.46  1.67  1.84  1.77  1.91
SKEW       .44   .41   .27   .30   .34   .58   .47   .24   .67   .58   .59   .48
% SSE     6.55  6.44  5.93  5.99  7.28  9.19  8.61  9.03 10.00  9.73  8.01  6.99
MEAN      4.11  4.29  4.34  5.05  5.06  4.46  3.98  3.96  4.34  4.40  4.39  4.33
STD DEV   1.76  1.86  1.83  2.21  2.22  1.85  1.71  1.73  1.88  1.95  1.84  1.83
SKEW       .48   .22   .53   .35   .59   .43   .55   .53   .50   .54   .43   .41
% S       4.94  3.95  3.83  4.04  5.69  7.54  8.42  8.25  7.77  7.55  6.27  5.31
MEAN      3.93  3.83  4.10  4.74  4.67  4.47  4.23  4.06  4.33  4.46  4.38  3.81
STD DEV   1.82  1.92  1.91  2.20  2.09  1.99  1.81  1.80  1.94  2.12  1.90  1.71
SKEW       .53   .59   .43   .40   .38   .44   .39   .54   .52   .53   .38   .52
% SSW     6.40  5.22  3.31  4.85  6.17  7.45  9.20  8.52  8.19  7.63  7.20  6.32
MEAN      3.86  4.14  4.00  4.56  5.04  4.69  4.38  4.31  4.42  4.29  4.42  3.92
STD DEV   1.84  2.05  1.99  2.14  2.45  2.08  1.94  1.91  1.90  1.95  2.03  1.77
SKEW       .64   .57   .58   .42   .85   .42   .29   .42   .35   .43   .46   .60
% SW      4.95  4.73  3.37  3.73  4.09  5.52  5.96  5.37  5.25  4.56  4.49  5.11
MEAN      3.44  3.61  3.81  4.43  4.72  4.32  3.84  3.95  3.90  4.04  3.94  3.68
STD DEV   1.70  1.96  2.13  2.38  2.44  2.10  1.88  1.91  1.99  2.11  1.99  1.81
SKEW       .74   .88   .96   .66   .50   .68   .57   .54   .64   .66   .73   .79
% WSW     9.96  8.47  7.29  5.86  6.07  7.51  6.63  5.59  7.29  6.77  7.87  9.42
MEAN      4.16  4.22  4.66  5.17  5.18  4.98  4.09  4.11  4.45  4.77  4.65  4.29
STD DEV   1.87  1.93  2.22  2.59  2.61  2.46  1.81  1.86  2.15  2.31  2.17  2.16
SKEW       .72   .52   .74   .66   .61   .63   .52   .42   .62   .48   .69  1.21
% W       9.00  7.53  6.86  5.38  4.82  5.13  4.64  3.67  5.25  5.35  7.52  7.19
MEAN      4.58  4.31  4.76  5.45  5.39  5.30  4.32  4.16  4.77  5.13  5.19  4.49
STD DEV   2.15  2.12  2.25  2.62  2.66  2.62  2.02  1.99  2.42  2.66  2.42  2.00
SKEW       .66   .85   .54   .43   .41   .51   .49   .54   .67   .71   .54   .51
% WNW    11.74 11.46 11.22 12.00  7.45  7.04  8.04  5.72  8.87  8.33 13.91 11.49
MEAN      4.97  5.24  5.42  6.08  5.91  5.31  4.90  4.54  5.23  5.53  5.91  5.08
STD DEV   2.26  2.41  2.38  2.66  2.44  2.27  2.24  1.95  2.34  2.45  2.39  2.10
SKEW       .57   .60   .44   .36   .14   .25   .41   .39   .64   .41   .29   .37
% NW      6.85  6.94  6.45  5.93  5.06  4.84  5.58  4.77  5.05  6.00  6.31  7.14
MEAN      4.53  4.79  4.78  5.42  4.95  4.57  4.09  4.15  4.47  4.71  5.43  4.48
STD DEV   2.16  2.25  2.15  2.44  2.25  2.11  1.98  1.96  2.04  2.20  2.40  1.98
SKEW       .46   .39   .35   .17   .21   .25   .57   .50   .39   .45   .38   .31
% NNW     7.50  7.64  8.15  8.62  7.65  5.60  5.60  5.84  5.42  6.80  8.41  7.41
MEAN      4.88  4.87  5.48  5.55  5.28  4.51  4.25  4.26  4.27  4.76  5.51  4.70
STD DEV   2.24  2.09  2.34  2.25  2.36  2.05  1.92  1.89  1.99  2.22  2.40  1.99
SKEW       .49   .46   .33   .15   .42   .43   .56   .28   .42   .35   .36   .32
CALM      8.09  8.88  7.40  5.67  6.32  7.82 10.78 10.74  9.30  9.35  6.73  7.34
 
TRIANGULATED DATA (station & weighting factor)
 
---Wind Stations---
EAU CLAIRE    WI     .564  WAUSAU        WI     .229  GRANTSBURG    WI     .207
---Solar Radiation and Max .5 P Stations---
 MINNEAPOLIS, MINNE  .392   DULUTH, MINNESOTA   .341   GREEN BAY, WISCONS  .267 
---Dewpoint Stations---
WI LA CROSSE         .435  MN DULUTH            .322  WI GREEN BAY         .242 
---Time Peak Stations---
LADYSMITH RNGR ST W  .477  CHIPPENA FALLS WI    .314  WILLARD 2 NNE WI     .209 
