 BREED WI                                471044 0
 LATT=  45.07 LONG= -88.43 YEARS= 33. TYPE= 3
 ELEVATION =  880. TP5 = 1.99 TP6= 3.80
 MEAN P    .14   .15   .24   .27   .32   .34   .34   .38   .34   .25   .26   .19
 S DEV P   .18   .18   .27   .34   .46   .47   .42   .46   .43   .35   .35   .22
 SKEW  P  2.66  2.58  1.79  2.36  3.23  3.06  2.90  2.56  2.36  2.59  2.76  2.60
 P(W/W)    .35   .34   .39   .48   .51   .48   .37   .41   .51   .47   .45   .39
 P(W/D)    .23   .20   .21   .28   .29   .31   .28   .27   .29   .24   .25   .24
 TMAX AV 25.08 30.01 40.33 56.21 69.71 78.16 82.68 80.07 70.69 59.19 42.41 28.80
 TMIN AV 13.45 13.71 19.00 29.96 39.96 49.17 54.30 52.25 44.40 34.67 24.02 14.72
 SD TMAX 10.57 10.17 10.19 12.03 10.44  8.11  6.68  6.75  8.67 10.66 10.27  9.26
 SD TMIN  8.37  9.03 10.39 10.00 10.21  8.80  8.09  8.47 10.09  9.83  9.88  9.24
 SOL.RAD  143.  219.  315.  390.  466.  515.  530.  453.  347.  236.  139.  110.
 SD SOL   32.7  41.7  61.1  92.0 107.5 109.2  92.8 216.4  88.0  48.6  41.3  34.4
 MX .5 P   .20   .17   .20   .36   .50   .69   .87  1.07   .92   .59   .27   .12
 DEW PT  10.44 12.75 20.70 32.70 42.71 54.26 59.85 59.01 50.85 41.00 27.30 15.60
Time Pk   .688  .773  .821  .865  .873  .877  .892  .901  .906  .936  .962 1.000
% N       5.25  7.56  8.09  6.94  6.63  5.42  5.30  6.35  5.85  5.56  5.74  5.80
MEAN      4.51  4.73  4.95  4.96  4.59  4.17  3.68  3.74  3.91  4.58  4.99  4.67
STD DEV   2.20  2.26  2.35  2.30  2.15  2.09  1.83  1.82  1.78  2.14  2.35  2.10
SKEW       .59   .45   .46   .42   .38   .61   .73   .66   .53   .51   .41   .38
% NNE     3.20  4.40  5.51  5.93  5.80  4.70  4.25  4.51  4.02  3.97  3.47  3.66
MEAN      4.64  4.67  4.99  5.02  4.56  4.26  3.90  3.94  4.12  4.34  4.80  4.64
STD DEV   2.12  2.28  2.16  2.17  1.94  1.83  1.65  1.67  1.74  1.85  1.94  1.99
SKEW       .38   .59   .63   .39   .39   .46   .41   .45   .39   .43   .35   .36
% NE      4.14  5.95  7.48  7.21  6.87  5.43  4.63  5.17  3.76  3.49  3.01  3.59
MEAN      4.20  4.39  4.74  4.83  4.42  3.85  3.61  3.65  3.63  3.82  4.27  4.28
STD DEV   2.08  2.06  2.17  2.18  1.95  1.65  1.60  1.58  1.60  1.80  2.03  1.98
SKEW       .43   .52   .44   .37   .39   .35   .47   .46   .45   .61   .78   .58
% ENE     2.29  3.42  5.24  5.36  5.45  3.58  3.66  3.99  3.06  2.52  2.13  2.39
MEAN      4.06  4.34  4.78  4.82  4.45  3.68  3.57  3.38  3.64  3.65  4.38  4.10
STD DEV   2.12  2.07  2.10  2.12  1.92  1.51  1.57  1.45  1.67  1.62  2.08  2.00
SKEW       .86   .56   .33   .41   .32   .35   .40   .43   .54   .64   .54   .80
% E       2.28  2.78  4.56  5.96  5.65  4.81  4.64  4.22  3.51  3.39  2.39  2.93
MEAN      3.51  3.82  4.55  4.71  3.85  3.32  3.20  3.01  3.27  3.17  3.67  3.99
STD DEV   1.87  1.96  2.40  2.22  1.74  1.48  1.49  1.38  1.57  1.43  1.90  2.04
SKEW       .77   .58   .64   .58   .65   .63   .71   .67   .80   .70   .63   .53
% ESE     3.07  2.79  4.01  5.04  5.59  4.87  3.84  4.15  4.10  3.95  3.24  3.31
MEAN      4.14  4.01  4.19  4.87  4.35  3.67  3.21  3.27  3.30  3.65  3.88  3.91
STD DEV   1.98  1.86  2.01  2.13  1.77  1.57  1.40  1.41  1.42  1.61  1.79  1.88
SKEW       .50   .52   .44   .42   .37   .61   .40   .49   .68   .47   .69   .56
% SE      2.76  2.84  3.68  4.22  5.11  4.66  3.51  3.68  4.01  4.11  3.13  2.91
MEAN      4.05  3.95  4.13  4.66  4.56  3.80  3.24  3.34  3.74  4.04  4.06  4.50
STD DEV   2.06  1.90  1.89  2.08  2.03  1.60  1.47  1.46  1.80  1.97  2.02  2.30
SKEW       .42   .28   .31   .29   .40   .44   .54   .56   .80   .64   .53   .49
% SSE     2.87  2.76  3.53  3.91  5.07  4.83  3.99  4.24  4.77  5.16  3.77  3.01
MEAN      4.49  4.52  4.51  5.03  5.03  4.36  3.99  4.04  4.64  4.81  4.59  4.62
STD DEV   2.15  2.12  2.09  2.14  2.15  1.90  1.67  1.80  1.95  2.04  2.05  2.18
SKEW       .46   .36   .26   .39   .45   .44   .31   .55   .39   .47   .57   .63
% S       5.40  4.84  5.87  6.15  7.45  8.06  7.23  7.52  8.52  9.20  6.50  5.79
MEAN      4.47  4.47  4.49  4.99  4.90  4.29  3.88  3.99  4.44  4.74  4.79  4.66
STD DEV   2.26  2.32  2.33  2.32  2.27  2.01  1.75  1.90  2.05  2.14  2.24  2.22
SKEW       .54   .65   .62   .62   .43   .66   .54   .72   .55   .46   .47   .54
% SSW     6.33  6.04  4.65  5.53  6.60  8.70  8.57  8.76  9.60  9.18  8.27  6.87
MEAN      4.97  5.00  4.82  5.26  5.33  4.83  4.44  4.35  4.89  4.96  5.27  5.01
STD DEV   2.41  2.35  2.35  2.33  2.57  2.23  2.05  2.08  2.30  2.29  2.47  2.29
SKEW       .52   .35   .48   .29  1.10   .64   .58   .69   .54   .51   .58   .55
% SW      8.31  6.95  5.00  5.58  6.82  9.24 10.30 10.33  9.04  9.10  8.43  8.42
MEAN      4.56  4.70  4.81  5.42  5.30  4.82  4.21  4.22  4.68  4.76  5.09  4.91
STD DEV   2.19  2.48  2.58  2.69  2.63  2.33  2.13  2.07  2.29  2.34  2.54  2.32
SKEW       .43   .70   .76   .61   .72   .53   .66   .62   .45   .68   .68   .55
% WSW     5.85  4.46  3.86  3.96  4.32  6.03  5.93  5.36  5.41  5.06  5.66  6.11
MEAN      4.59  4.70  4.96  5.56  5.25  4.88  4.22  4.27  4.45  4.89  5.09  4.90
STD DEV   2.07  2.29  2.44  2.56  2.51  2.31  1.92  2.03  2.04  2.26  2.50  2.42
SKEW       .56   .85   .73   .59   .64   .68   .53   .64   .49   .46   .77  1.03
% W      12.17  9.21  7.71  6.94  6.17  6.85  7.69  6.10  7.57  7.63 10.92 10.79
MEAN      5.04  4.79  5.04  5.60  5.33  4.84  3.90  3.81  4.36  4.93  5.25  4.84
STD DEV   2.36  2.22  2.45  2.59  2.53  2.37  1.90  1.93  2.15  2.39  2.36  2.08
SKEW       .87   .54   .67   .33   .43   .63   .63   .75   .78   .72   .54   .34
% WNW    13.59 11.45  9.54  9.01  6.43  6.66  7.39  6.38  8.58  8.04 12.49 13.28
MEAN      5.25  5.13  5.07  5.63  5.38  5.12  4.42  3.98  4.67  5.09  5.74  5.14
STD DEV   2.20  2.32  2.30  2.57  2.39  2.38  2.14  1.96  2.17  2.32  2.49  2.12
SKEW       .47   .69   .49   .41   .25   .49   .64   .71   .55   .52   .49   .48
% NW     10.15 10.23  7.99  7.36  5.48  5.53  6.53  6.47  6.57  7.30  9.21  9.99
MEAN      4.79  4.70  4.75  5.18  4.72  4.16  3.98  3.72  4.02  4.62  5.23  4.55
STD DEV   2.08  2.22  2.28  2.44  2.22  2.04  1.97  1.86  1.96  2.15  2.43  1.98
SKEW       .41   .49   .65   .31   .37   .51   .65   .78   .58   .64   .45   .39
% NNW     6.40  7.38  6.48  6.28  5.34  4.37  4.40  4.80  4.93  5.84  6.48  6.04
MEAN      5.12  5.00  5.28  5.40  4.85  4.39  3.97  3.77  4.19  4.78  5.39  4.87
STD DEV   2.24  2.23  2.44  2.32  2.28  2.08  1.84  1.80  1.87  2.13  2.39  2.08
SKEW       .43   .37   .54   .25   .44   .51   .60   .63   .59   .41   .57   .37
CALM      5.86  6.94  6.82  4.63  5.20  6.22  8.20  7.99  6.71  6.59  5.19  5.13
 
TRIANGULATED DATA (station & weighting factor)
 
---Wind Stations---
GREEN BAY     WI     .452  WAUSAU        WI     .341  GWINN         MI     .207
---Solar Radiation and Max .5 P Stations---
 GREEN BAY, WISCONS  .752   DULUTH, MINNESOTA   .149   DETROIT, MICHIGAN   .099 
---Dewpoint Stations---
WI GREEN BAY         .551  MI ESCANABA          .298  WI LA CROSSE         .152 
---Time Peak Stations---
WHITE LAKE 3 WNW WI  .784  MERRILL WI           .216                            
