 BRODHEAD WI                             471078 0
 LATT=  42.62 LONG= -89.37 YEARS= 44. TYPE= 3
 ELEVATION =  800. TP5 = 2.29 TP6= 4.30
 MEAN P    .19   .19   .25   .32   .31   .41   .43   .47   .41   .34   .28   .24
 S DEV P   .26   .22   .30   .37   .35   .56   .52   .59   .58   .46   .34   .29
 SKEW  P  2.64  2.19  2.40  2.33  1.78  3.64  2.14  2.61  3.21  2.64  2.05  2.30
 P(W/W)    .29   .34   .42   .47   .49   .46   .35   .37   .43   .44   .43   .37
 P(W/D)    .19   .17   .23   .26   .24   .26   .28   .24   .22   .19   .19   .21
 TMAX AV 27.02 31.67 42.51 58.33 70.90 80.16 84.09 81.82 74.05 62.56 45.63 31.66
 TMIN AV 13.77 15.24 22.99 35.12 45.87 55.02 59.43 56.95 48.20 37.35 26.17 16.28
 SD TMAX 11.80 10.97 11.80 12.04 10.34  7.71  6.45  6.74  8.75 10.77 11.70 10.97
 SD TMIN  8.78  9.54 10.07  9.37  9.09  7.61  6.54  7.03  9.42  9.83 10.10  9.64
 SOL.RAD  145.  215.  300.  385.  462.  511.  494.  445.  347.  244.  152.  115.
 SD SOL   36.5  46.8  67.4  91.4 103.5 103.6 100.2 182.9  87.1  49.4  41.0  37.2
 MX .5 P   .17   .21   .48   .96  1.08  1.29  1.72  1.29   .77   .36   .32   .20
 DEW PT  12.21 16.44 23.44 34.62 46.28 56.58 61.58 60.82 52.47 42.05 29.08 20.37
Time Pk   .626  .739  .790  .836  .848  .856  .871  .888  .896  .923  .949 1.000
% N       6.64  6.98  6.51  5.25  4.67  4.39  4.76  5.33  5.67  5.57  5.45  6.05
MEAN      4.90  4.87  5.21  4.91  4.58  4.21  3.85  3.73  4.02  4.42  4.85  4.88
STD DEV   2.22  2.18  2.38  2.19  2.08  1.95  1.78  1.76  1.78  1.96  2.20  2.13
SKEW       .36   .41   .29   .43   .56   .52   .65   .52   .50   .32   .47   .38
% NNE     4.86  5.90  5.68  4.84  4.80  3.40  3.90  4.85  4.69  4.07  3.33  4.32
MEAN      4.59  4.70  5.28  5.10  4.46  4.26  3.62  3.43  3.75  4.21  4.68  4.60
STD DEV   2.17  2.19  2.40  2.45  1.95  1.91  1.64  1.52  1.76  1.91  2.12  2.19
SKEW       .58   .74   .43   .66   .43   .52   .79   .57   .53   .61   .42   .64
% NE      3.52  5.38  5.44  5.06  5.77  4.22  4.38  4.68  4.40  3.42  2.88  3.87
MEAN      4.41  4.77  5.37  5.28  4.50  4.10  3.54  3.39  3.84  3.78  4.15  4.29
STD DEV   2.24  2.40  2.55  2.61  2.14  1.96  1.72  1.65  1.88  1.89  2.12  2.10
SKEW       .55   .71   .44   .51   .52   .56   .80   .72   .63   .79   .78   .49
% ENE     2.89  5.02  7.15  6.51  7.21  5.74  5.00  4.73  4.16  3.41  2.64  3.31
MEAN      4.16  5.07  5.75  5.59  4.89  4.20  3.79  3.52  3.84  3.84  4.20  4.28
STD DEV   2.12  2.44  2.63  2.44  2.13  1.81  1.69  1.59  1.67  1.78  2.17  2.17
SKEW       .87   .51   .43   .34   .61   .56   .67   .55   .51   .55   .94   .72
% E       2.37  3.69  5.33  5.88  6.06  4.91  4.22  4.46  3.81  2.85  2.22  2.84
MEAN      4.07  4.94  5.44  5.53  4.71  4.10  3.66  3.47  3.71  3.68  3.91  4.30
STD DEV   2.21  2.35  2.49  2.44  2.08  1.72  1.64  1.49  1.71  1.76  1.86  2.03
SKEW       .89   .51   .40   .48   .52   .38   .50   .40   .58   .51   .63   .40
% ESE     2.59  3.20  4.32  5.10  5.51  4.71  3.88  3.95  3.48  2.90  2.17  2.70
MEAN      4.56  4.70  5.66  5.43  4.94  4.14  3.60  3.65  3.85  3.93  4.22  4.38
STD DEV   2.13  2.10  2.46  2.34  2.06  1.67  1.49  1.47  1.59  1.73  1.89  1.99
SKEW       .51   .47   .33   .44   .40   .38   .54   .47   .57   .48   .45   .45
% SE      3.33  3.33  4.19  4.91  4.96  5.04  4.28  4.60  4.15  4.60  3.20  3.74
MEAN      4.85  4.60  5.02  5.13  4.89  4.07  3.41  3.49  3.94  4.20  4.24  4.73
STD DEV   2.28  2.08  2.27  2.27  2.23  1.83  1.48  1.49  1.71  1.93  1.98  2.20
SKEW       .42   .33   .38   .34   .45   .63   .59   .59   .54   .65   .71   .50
% SSE     5.23  5.08  5.00  5.90  5.99  6.66  6.20  6.60  6.85  8.09  6.32  6.11
MEAN      4.82  4.91  5.58  5.50  5.07  4.30  3.79  3.90  4.36  4.59  5.00  5.04
STD DEV   2.28  2.29  2.63  2.49  2.34  1.94  1.64  1.76  1.95  2.05  2.28  2.30
SKEW       .70   .47   .56   .45   .58   .62   .72   .73   .70   .60   .67   .56
% S       8.52  7.68  7.29  7.62  9.32 10.59 11.40 12.12 12.54 13.38 11.01  9.18
MEAN      5.04  5.05  5.56  5.65  5.20  4.65  4.26  4.23  4.62  4.93  5.08  5.05
STD DEV   2.38  2.33  2.59  2.65  2.45  2.14  1.91  1.93  2.07  2.24  2.34  2.27
SKEW       .58   .48   .38   .47   .64   .68   .78   .76   .56   .66   .63   .43
% SSW     7.68  6.71  5.19  6.00  8.15 10.01  9.90  9.82  9.95 10.50  9.72  7.62
MEAN      5.42  5.46  5.85  5.91  5.89  5.32  4.94  4.65  5.32  5.43  5.55  5.49
STD DEV   2.39  2.37  2.94  2.66  2.75  2.32  2.10  1.97  2.43  2.39  2.43  2.39
SKEW       .40   .26   .52   .27   .73   .44   .48   .54   .53   .45   .59   .84
% SW      7.02  5.46  4.43  5.16  6.63  7.91  7.97  7.83  6.76  6.98  6.80  6.84
MEAN      5.19  5.24  6.05  6.19  5.85  5.17  4.84  4.81  5.09  5.49  5.64  5.59
STD DEV   2.32  2.62  3.45  2.95  2.92  2.32  2.10  2.08  2.33  2.45  2.57  2.54
SKEW       .45   .60   .79   .47   .89   .37   .38   .30   .48   .38   .58   .71
% WSW     6.80  5.78  5.82  5.44  5.81  6.89  6.13  5.59  5.50  5.20  6.65  7.23
MEAN      5.58  5.46  6.37  6.56  6.26  5.39  4.74  4.73  5.35  5.47  6.09  5.97
STD DEV   2.63  2.56  3.19  3.29  3.08  2.34  1.95  1.98  2.47  2.50  2.95  2.88
SKEW       .95   .69   .79   .72   .93   .45   .39   .37   .46   .65   .85  1.07
% W       9.23  7.59  6.41  6.08  5.22  5.72  5.46  4.72  5.05  5.62  9.29  8.39
MEAN      5.76  5.71  6.12  6.45  5.81  5.21  4.56  4.34  5.12  5.54  6.08  5.55
STD DEV   2.77  2.66  2.93  3.01  2.72  2.38  2.21  2.07  2.56  2.43  2.77  2.32
SKEW       .92   .88   .64   .46   .40   .47   .68   .76   .95   .45   .65   .35
% WNW    10.43  9.85  8.89  8.47  5.90  5.45  5.47  4.61  6.15  6.55  9.58 10.07
MEAN      5.77  6.05  6.18  6.55  6.09  5.23  4.73  4.54  5.15  5.49  6.06  5.49
STD DEV   2.48  2.54  2.67  2.80  2.72  2.34  2.14  2.07  2.27  2.38  2.57  2.32
SKEW       .58   .45   .55   .41   .38   .50   .55   .61   .61   .32   .41   .36
% NW      8.30  7.83  8.26  7.85  5.39  4.99  5.38  4.71  5.72  6.20  8.61  8.10
MEAN      5.32  5.40  5.64  5.81  5.16  4.61  4.36  4.08  4.63  5.24  5.59  5.10
STD DEV   2.51  2.34  2.58  2.46  2.32  2.09  2.03  1.86  2.02  2.40  2.47  2.27
SKEW       .48   .38   .41   .35   .36   .60   .44   .68   .48   .28   .29   .38
% NNW     6.78  6.87  7.11  6.49  4.86  4.37  5.34  4.98  5.25  5.88  6.65  5.84
MEAN      5.04  4.90  5.40  5.58  4.86  4.38  4.19  3.97  4.23  4.77  5.26  4.82
STD DEV   2.19  2.10  2.49  2.37  2.03  1.81  1.79  1.78  1.85  2.01  2.34  2.04
SKEW       .41   .34  2.24   .56   .38   .47   .60   .74   .70   .34   .62   .41
CALM      3.80  3.61  3.02  3.38  3.73  4.98  6.33  6.46  5.96  4.73  3.50  3.74
 
TRIANGULATED DATA (station & weighting factor)
 
---Wind Stations---
ROCKFORD      IL     .404  MADISON       WI     .360  DUBUQUE       IA     .235
---Solar Radiation and Max .5 P Stations---
 MADISON, WISCONSIN  .537   DUBUQUE, IOWA       .274   CHICAGO, ILLINOIS   .189 
---Dewpoint Stations---
IL ROCKFORD          .426  WI MADISON           .379  IA DUBUQUE           .195 
---Time Peak Stations---
FREEPORT SEWAGE PLT  .549  BELLEVUE LOCK 12 IA  .243  HORICON WI           .208 
