 WATERTOWN WI                            478919 0
 LATT=  43.20 LONG= -88.72 YEARS= 69. TYPE= 3
 ELEVATION =  820. TP5 = 2.21 TP6= 4.08
 MEAN P    .16   .16   .22   .27   .28   .36   .40   .39   .40   .29   .25   .18
 S DEV P   .21   .21   .26   .31   .35   .47   .56   .48   .54   .37   .32   .24
 SKEW  P  2.83  2.79  2.40  2.34  2.73  2.84  3.76  2.20  2.79  2.47  2.33  2.92
 P(W/W)    .35   .37   .42   .47   .45   .45   .35   .38   .45   .40   .44   .38
 P(W/D)    .25   .22   .26   .30   .29   .31   .29   .26   .26   .22   .24   .25
 TMAX AV 27.49 31.57 41.88 57.12 69.92 79.36 84.10 82.05 73.45 61.58 44.97 31.55
 TMIN AV 15.20 16.44 24.68 36.40 46.72 56.27 61.03 59.14 51.35 40.85 29.02 17.98
 SD TMAX 11.29 10.23 11.39 11.77 10.37  8.20  6.37  6.96  9.27 10.68 11.35 10.53
 SD TMIN  9.51 10.07 10.37  9.00  8.98  7.77  6.51  6.97  9.34  9.49 10.22 10.35
 SOL.RAD  147.  219.  312.  393.  465.  513.  530.  451.  347.  240.  144.  114.
 SD SOL   34.8  44.7  63.4  89.6 104.5 105.3  89.6 191.3  87.6  49.9  42.7  36.5
 MX .5 P   .14   .18   .40   .63   .90  1.00  1.32  1.07   .74   .38   .26   .19
 DEW PT  11.88 15.22 22.54 33.84 44.34 55.49 60.84 60.19 51.35 41.70 28.19 17.38
Time Pk   .618  .733  .793  .848  .860  .867  .886  .900  .905  .927  .956 1.000
% N       4.25  6.21  6.54  5.10  4.42  4.25  3.90  4.03  5.04  4.00  5.33  4.53
MEAN      4.71  4.95  5.39  5.60  4.79  4.29  4.17  3.99  4.40  4.97  5.13  4.93
STD DEV   1.95  2.02  2.44  2.48  2.21  2.17  2.03  1.78  1.85  2.05  2.03  2.23
SKEW       .63   .50   .46   .35   .49   .75   .70   .65   .55   .32   .22   .56
% NNE     2.62  4.04  6.59  7.40  9.70  7.33  5.46  5.85  4.62  3.76  2.70  2.22
MEAN      4.65  5.03  6.06  6.09  5.35  4.73  4.56  4.30  4.44  4.76  5.12  4.99
STD DEV   1.88  2.19  2.42  2.27  2.20  1.97  1.86  1.69  1.85  2.04  2.30  2.28
SKEW       .50   .62   .24   .03   .29   .50   .42   .43   .49   .54   .14   .96
% NE      2.22  3.19  5.33  6.87  7.78  6.38  6.07  5.85  3.91  3.65  2.73  2.12
MEAN      4.87  4.57  5.15  5.25  4.39  4.33  4.01  4.26  4.22  4.30  4.45  5.00
STD DEV   2.04  2.17  2.10  2.42  1.91  1.74  1.62  1.82  1.62  1.76  2.19  2.35
SKEW       .34   .64   .34   .48   .49   .36   .63   .66   .58   .43   .84   .16
% ENE     2.46  5.04  5.57  5.85  6.81  6.10  5.10  5.81  5.12  3.34  2.81  3.31
MEAN      4.33  5.27  5.36  5.13  4.30  3.84  3.82  4.00  4.35  4.10  4.77  5.36
STD DEV   1.71  2.19  2.14  2.17  1.62  1.56  1.44  1.38  1.72  1.71  2.05  2.19
SKEW       .77   .53   .29   .38   .66   .75   .62   .50   .32   .44   .60   .07
% E       2.49  3.92  3.99  6.20  6.13  4.88  4.70  5.17  3.98  3.80  2.59  3.66
MEAN      4.99  5.09  5.18  4.92  4.00  3.83  3.59  3.56  3.87  3.87  4.48  5.08
STD DEV   2.12  2.02  2.11  2.26  1.54  1.41  1.37  1.36  1.46  1.61  1.93  2.01
SKEW       .34   .51   .39   .66   .54   .14   .78   .48   .06   .44   .32   .18
% ESE     4.05  3.55  4.71  6.17  6.32  5.91  5.10  4.72  4.46  4.52  2.72  3.23
MEAN      5.12  5.02  5.04  5.00  4.39  3.95  3.99  4.02  4.14  4.29  4.52  4.87
STD DEV   2.23  2.05  2.30  2.18  1.79  1.59  1.42  1.38  1.52  1.59  2.00  1.83
SKEW       .36   .62   .62   .57   .54   .68   .07   .07   .47   .38   .21  -.01
% SE      3.04  2.78  4.19  5.19  6.37  5.76  4.83  5.01  4.83  4.66  2.72  3.00
MEAN      4.94  4.54  4.84  4.95  4.74  4.30  3.95  3.97  4.30  4.53  4.64  5.41
STD DEV   2.21  1.83  1.90  2.14  1.92  1.92  1.63  1.45  1.69  1.80  2.10  2.16
SKEW       .36   .61   .44   .34   .19   .66   .48   .08   .24   .48   .36   .16
% SSE     4.02  3.19  3.63  4.88  5.25  5.40  4.89  4.46  6.16  7.19  4.33  4.27
MEAN      5.06  5.17  5.26  4.96  4.74  4.35  4.10  3.74  4.65  4.97  4.64  5.02
STD DEV   2.27  2.34  2.18  2.20  2.07  2.08  1.86  1.53  2.24  2.16  2.01  2.17
SKEW       .51   .32   .19   .48   .47   .73   .55   .30   .28   .40   .20   .26
% S       6.56  5.04  5.88  6.17  5.75  8.10  7.41  6.42  9.46 10.03  8.44  7.15
MEAN      4.57  4.51  4.71  4.41  4.47  4.17  4.09  3.74  4.58  4.66  4.67  4.71
STD DEV   2.10  2.01  2.30  2.23  2.16  2.02  1.91  1.69  1.97  2.16  2.04  2.15
SKEW       .53   .36   .58   .65   .61   .67   .63   .76   .61   .63   .35   .73
% SSW     6.11  4.66  4.12  5.36  5.93  7.19  7.70  7.70  7.62  8.60  7.12  6.38
MEAN      5.36  5.26  5.40  5.76  5.46  4.71  4.50  4.17  4.81  5.11  5.14  4.99
STD DEV   2.37  2.19  2.49  2.52  2.42  1.99  1.96  1.86  2.19  2.21  2.37  2.21
SKEW       .29   .15   .45   .33   .64   .38   .58   .60   .59   .24   .99   .47
% SW      6.36  4.95  3.92  4.47  5.66  7.15  8.82  9.43  7.39  8.12  7.40  6.58
MEAN      4.92  4.65  5.45  5.63  5.29  4.81  4.24  4.26  4.31  4.82  4.83  4.92
STD DEV   2.19  2.12  2.48  2.71  2.66  2.08  1.89  1.91  2.07  2.24  2.44  2.39
SKEW       .63   .80   .65   .39   .68   .50   .50   .70   .46   .47  1.26   .80
% WSW     9.51  8.36  6.35  6.08  6.76  7.62  8.50  8.98  7.78  7.87  8.82  9.50
MEAN      5.36  5.61  5.91  5.79  6.00  5.18  4.45  4.23  4.60  4.76  5.42  5.53
STD DEV   2.45  2.85  2.92  2.73  3.04  2.36  2.00  1.96  2.27  2.22  2.53  2.79
SKEW       .86   .99   .69   .32   .93   .60   .70   .57   .53   .52   .61  1.13
% W      15.49 11.98  9.92  9.42  7.14  8.88  9.12  8.37  9.07  9.63 13.65 13.73
MEAN      5.13  5.03  4.93  5.81  5.24  4.67  4.16  3.68  4.18  4.63  5.33  4.89
STD DEV   2.39  2.49  2.35  2.61  2.51  2.12  1.96  1.84  2.14  2.16  2.51  2.36
SKEW       .71   .89   .68   .34   .49   .52   .86   .89   .84   .66   .78   .84
% WNW    15.94 13.85 12.21  9.15  6.63  6.62  7.37  6.35  8.41  8.51 13.02 14.64
MEAN      5.70  5.56  5.44  5.81  5.27  5.02  4.59  4.09  4.66  5.33  5.73  5.52
STD DEV   2.26  2.34  2.45  2.45  2.21  2.10  2.09  1.84  2.08  2.36  2.51  2.28
SKEW       .20   .35   .60   .24   .43   .36   .56   .79   .49   .46   .47   .33
% NW      7.76  9.74  8.12  5.13  3.87  3.30  4.30  4.27  5.21  5.18  7.27  7.68
MEAN      5.14  5.37  5.53  5.51  4.63  4.51  4.15  3.92  4.38  5.10  5.41  5.21
STD DEV   2.24  2.18  2.18  2.25  2.07  2.02  1.95  1.84  1.91  2.19  2.11  2.19
SKEW       .54   .15   .18   .21   .49   .49   .57   .70   .36   .25   .22   .20
% NNW     5.71  7.80  7.26  4.76  3.44  2.93  3.23  3.67  4.06  4.76  6.15  6.14
MEAN      4.90  4.92  5.21  5.74  4.72  3.95  3.69  4.24  4.57  5.06  5.33  4.96
STD DEV   1.99  2.04  2.19  2.26  1.98  1.57  1.79  1.69  1.77  1.89  2.03  2.14
SKEW       .49   .57   .50   .01   .45   .30   .85   .32   .37   .26   .18   .51
CALM      1.27  1.72  1.67  1.76  2.08  2.16  3.49  3.88  2.82  2.40  2.22  1.91
 
TRIANGULATED DATA (station & weighting factor)
 
---Wind Stations---
MILWAUKEE     WI     .384  MILWAUKEE     WI     .384  LONE ROCK     WI     .232
---Solar Radiation and Max .5 P Stations---
 MADISON, WISCONSIN  .503   MILWAUKEE, WISCONS  .328   GREEN BAY, WISCONS  .169 
---Dewpoint Stations---
WI MADISON           .495  WI MILWAUKEE         .348  WI GREEN BAY         .158 
---Time Peak Stations---
HORICON WI           .629  BERLIN WI            .202  BELVIDERE IL         .170 
