 MUDDY GAP WY                            486595 0
 LATT=  42.35 LONG=-107.47 YEARS= 43. TYPE= 3
 ELEVATION = 6310. TP5 = 1.50 TP6= 2.78
 MEAN P    .10   .12   .13   .18   .25   .23   .21   .17   .20   .20   .16   .14
 S DEV P   .11   .12   .19   .22   .32   .29   .30   .22   .23   .21   .18   .15
 SKEW  P  4.79  2.62  4.84  2.74  3.24  2.75  3.24  3.02  2.55  2.08  2.78  2.51
 P(W/W)    .19   .23   .27   .38   .52   .43   .33   .26   .36   .36   .25   .19
 P(W/D)    .08   .11   .14   .15   .16   .10   .10   .10   .09   .08   .11   .10
 TMAX AV 30.78 35.06 42.78 54.74 65.44 76.37 84.40 82.56 72.55 60.65 42.25 32.73
 TMIN AV 13.62 16.30 21.03 28.90 37.60 46.55 53.00 51.75 41.76 32.99 21.95 15.37
 SD TMAX 10.59 10.55 10.67 11.34 10.03  8.98  5.76  5.74  9.67 11.06 11.29 10.21
 SD TMIN 12.43 11.45 10.74  8.48  7.32  7.20  6.26  6.45  8.92  8.68 10.84 11.51
 SOL.RAD  201.  295.  413.  507.  575.  657.  632.  551.  459.  329.  223.  181.
 SD SOL   20.0  22.0  30.5  49.3  63.4  51.8  51.5 110.4  51.2  22.3  19.3  17.5
 MX .5 P   .07   .08   .12   .17   .31   .53  1.06   .53  1.02   .11   .15   .10
 DEW PT   9.61 13.83 17.42 24.60 33.78 39.54 43.32 40.91 34.35 26.99 18.83 13.61
Time Pk   .746  .830  .864  .899  .904  .908  .922  .923  .924  .946  .973 1.000
% N       2.60  2.62  2.92  3.89  3.15  4.20  4.02  3.54  3.94  3.19  2.12  2.28
MEAN      4.08  4.49  4.72  5.08  4.58  4.44  4.34  4.10  3.91  3.31  4.15  4.29
STD DEV   1.71  2.11  2.13  2.42  2.36  2.10  2.04  2.02  1.86  1.36  1.85  1.86
SKEW       .88  1.20   .45   .71   .94   .88  1.19  1.04  1.03   .97   .68   .56
% NNE     2.69  2.65  3.33  3.48  3.16  3.48  3.44  2.62  4.07  2.76  1.63  1.67
MEAN      4.47  4.39  5.49  5.84  5.19  4.64  4.69  4.41  4.49  4.26  4.30  4.65
STD DEV   1.49  1.98  2.36  2.75  2.46  2.06  1.99  1.83  1.91  2.17  2.23  1.72
SKEW       .18  1.18   .25   .40   .75   .60   .81   .87   .65   .99   .78   .40
% NE      2.03  2.32  3.30  3.38  3.93  3.69  3.87  2.98  3.65  2.74  1.77  1.67
MEAN      4.93  5.71  5.77  5.38  5.23  4.82  4.50  4.13  4.63  4.98  4.89  4.31
STD DEV   2.28  3.10  2.82  2.32  2.41  2.34  2.01  1.79  2.18  2.56  2.22  1.96
SKEW       .61   .54   .58   .34   .49   .74   .61   .64   .53   .84   .41   .65
% ENE     1.92  2.27  3.97  3.82  5.52  4.97  4.37  3.16  3.92  3.09  1.69  1.58
MEAN      5.54  5.35  5.78  5.40  5.46  5.21  4.57  4.69  5.19  5.08  5.40  5.14
STD DEV   2.17  2.60  2.59  2.25  2.24  2.26  1.99  2.05  2.31  2.41  2.13  2.42
SKEW       .21   .84   .34   .65   .46   .72   .91   .81   .57   .46   .11   .74
% E       1.62  2.12  3.37  5.00  8.32  5.74  5.88  5.37  4.84  3.74  1.57  1.56
MEAN      4.88  4.86  5.01  5.49  5.51  4.78  4.54  4.49  4.52  4.52  4.49  4.35
STD DEV   2.20  2.08  2.09  2.42  2.26  2.16  2.09  2.03  1.91  2.15  1.80  1.86
SKEW       .28   .43   .42   .44   .44   .53   .96   .81   .56   .91   .75   .52
% ESE      .58   .70  1.66  2.10  3.89  2.40  3.15  2.38  1.70  1.31   .47   .57
MEAN      3.14  1.63  3.81  4.79  4.87  4.29  4.30  3.87  3.40  3.47  3.74  3.64
STD DEV   1.16   .57  1.20  2.13  2.33  2.16  2.10  1.75  1.19  1.40  1.02  1.13
SKEW       .34  -.07   .29   .74   .85   .88  1.02   .85   .27   .53   .04   .21
% SE       .64   .53   .87   .97  1.82  1.41  2.17  2.22  1.39  1.01   .49   .64
MEAN      3.31  2.48  3.01  3.28  4.02  3.75  4.10  3.66  3.43  2.97  2.91  3.02
STD DEV   1.47   .68   .73  1.21  1.96  1.79  1.70  1.43  1.34  1.12   .27  1.07
SKEW       .27   .09   .43   .05   .99  1.07   .84   .65   .42   .60   .07   .05
% SSE      .61   .51   .87  1.19  1.36  1.27  1.62  1.64  1.03   .88   .53   .61
MEAN      3.00  2.96  3.40  3.95  4.12  3.70  4.29  4.27  3.87  2.79  2.70  3.06
STD DEV    .48   .37  1.06  2.16  2.01  1.78  1.99  2.13  1.74   .98   .37   .95
SKEW       .15 -1.46   .56   .48   .43   .83   .96   .75   .36   .55   .15   .28
% S       1.36   .99  1.77  2.39  2.44  2.42  2.91  2.77  2.06  1.66  1.19  1.30
MEAN      3.50  3.06  4.79  5.20  4.96  4.47  4.17  4.17  5.03  3.41  3.54  4.21
STD DEV   1.67   .81  2.34  3.13  2.73  2.11  1.86  1.89  2.52  1.60   .94  1.89
SKEW       .83   .22   .65   .66   .81   .59   .76   .85   .56   .60   .21   .50
% SSW     2.36  2.25  2.65  3.26  3.45  3.27  3.63  3.30  2.85  2.07  1.69  1.67
MEAN      6.19  7.32  6.24  7.30  6.91  6.52  6.52  5.46  5.87  5.18  5.13  5.66
STD DEV   2.89  4.24  2.92  3.29  3.37  3.06  3.37  2.78  2.71  2.34  2.64  3.23
SKEW       .53   .36   .54   .42   .39   .25   .68   .36   .33   .70   .48   .83
% SW     14.03 13.49 10.18  9.05  9.44  8.95  9.05 10.73 10.30 10.42 13.02 15.39
MEAN      8.34  8.57  7.78  6.98  6.65  6.35  5.72  5.71  6.25  6.32  6.86  8.47
STD DEV   3.45  3.37  3.14  2.93  2.76  2.74  2.47  2.41  2.66  2.52  2.75  3.28
SKEW       .36   .43   .55   .32   .35   .36   .58   .32   .38   .25   .49   .38
% WSW    30.76 33.63 26.81 21.67 15.87 14.87 13.39 15.12 15.71 23.61 30.85 32.64
MEAN      8.51  8.51  8.21  7.60  6.90  6.38  6.00  6.17  6.30  6.49  7.70  8.69
STD DEV   3.31  3.19  3.41  3.01  2.81  2.64  2.51  2.62  2.71  2.57  3.29  3.52
SKEW       .27   .50   .66   .41   .39   .38   .62   .61   .64   .31   .48   .61
% W      18.99 18.43 18.95 17.10 12.56 13.49 11.40 13.70 15.15 16.16 22.62 20.13
MEAN      6.87  7.21  7.03  6.97  6.30  5.89  5.39  5.52  5.82  5.97  6.91  7.20
STD DEV   2.82  2.73  3.03  2.96  2.88  2.42  2.37  2.30  2.60  2.47  2.82  2.85
SKEW       .49   .30  1.08   .55   .64   .52   .55   .59   .72   .59   .58   .68
% WNW     4.10  5.03  6.12  7.95  6.69  7.94  5.80  6.36  6.29  5.96  5.44  4.12
MEAN      6.11  6.64  6.75  6.85  6.44  6.43  6.11  5.70  6.09  5.99  6.38  6.60
STD DEV   2.64  2.68  2.86  2.73  2.72  2.74  2.66  2.44  2.58  2.62  2.74  2.87
SKEW       .24   .08   .64   .59   .47   .45   .47   .50   .49   .53   .46   .32
% NW      1.89  1.55  2.02  3.30  3.29  3.93  4.30  3.81  3.85  2.57  1.96  1.32
MEAN      3.61  4.06  4.54  5.45  5.23  5.09  5.18  4.55  4.77  4.04  4.43  4.46
STD DEV   1.66  1.65  2.31  2.37  2.50  2.38  2.70  2.10  2.41  2.05  2.24  2.09
SKEW       .88   .44   .92   .31   .56   .90  1.04   .77   .68   .92   .83   .87
% NNW     1.19  1.27  1.36  1.67  2.09  2.33  2.50  2.11  2.15  1.83  1.53  1.48
MEAN      3.58  4.32  4.42  5.00  4.75  4.62  4.28  4.23  3.76  3.57  4.16  3.96
STD DEV   1.30  1.98  2.35  2.05  2.25  2.03  1.96  1.92  1.65  1.75  1.93  1.56
SKEW       .58  1.01  1.04   .44   .57   .84   .87  1.10   .97  1.27   .66   .41
CALM     12.56  9.54  9.78  9.69 13.07 15.48 18.44 18.22 17.21 16.93 11.42 11.44
 
TRIANGULATED DATA (station & weighting factor)
 
---Wind Stations---
RAWLINS       WY     .501  CASPER/WARD.  WY     .291  ROCK SPRINGS  WY     .208
---Solar Radiation and Max .5 P Stations---
 CHEYENNE, WYOMING   .426   GRAND JUNCTION, CO  .296   BILLINGS, MONTANA   .278 
---Dewpoint Stations---
WY CASPER            .416  WY LANDER            .402  WY CHEYENNE          .181 
---Time Peak Stations---
OREGON TRL CROSSING  .398  CRESTON WY           .324  POWDER RIVER 1 E WY  .278 
