 SHERIDAN FIELD STA WY                   488160 0
 LATT=  44.85 LONG=-106.87 YEARS= 73. TYPE= 3
 ELEVATION = 3800. TP5 = 1.61 TP6= 3.04
 MEAN P    .09   .09   .12   .21   .24   .26   .19   .17   .22   .19   .13   .09
 S DEV P   .10   .09   .16   .32   .31   .41   .29   .22   .30   .24   .16   .10
 SKEW  P  2.34  1.79  4.04  4.14  2.41  3.99  3.96  3.08  3.13  2.76  2.95  2.66
 P(W/W)    .31   .34   .33   .45   .51   .50   .35   .35   .42   .41   .30   .31
 P(W/D)    .16   .17   .22   .24   .25   .27   .17   .13   .16   .15   .17   .15
 TMAX AV 32.33 36.67 44.22 57.02 67.41 76.50 87.41 86.59 74.40 62.06 45.09 35.66
 TMIN AV 13.84 15.29 20.68 30.19 39.84 48.03 53.58 51.17 40.80 30.71 19.87 14.38
 SD TMAX 14.14 13.23 13.26 13.12 11.75 10.67  8.69  8.80 12.98 13.74 13.42 13.33
 SD TMIN  8.37  9.04  8.92  7.97  7.39  6.62  6.26  6.70  8.02  7.58  8.78  8.57
 SOL.RAD  158.  256.  379.  459.  548.  611.  627.  530.  423.  285.  175.  136.
 SD SOL   21.4  22.3  31.2  57.8  69.0  65.8  51.3 113.0  54.8  24.6  22.0  19.1
 MX .5 P   .07   .09   .16   .16   .51   .58   .98   .58   .29   .19   .19   .09
 DEW PT  10.94 15.89 19.90 27.91 37.86 45.71 47.92 44.92 37.81 29.91 21.96 15.89
Time Pk   .773  .832  .861  .892  .898  .898  .906  .909  .912  .924  .950 1.000
% N       6.79  6.38  5.96  6.68  6.87  6.64  6.71  6.91  7.38  6.95  6.00  6.90
MEAN      3.18  3.38  3.67  3.99  3.81  3.63  3.39  3.49  3.51  3.37  3.28  3.29
STD DEV   1.63  1.79  2.03  2.07  1.97  1.85  1.68  1.78  1.88  1.83  1.79  1.67
SKEW      1.10   .88  1.12   .85   .98   .92  1.15   .86  1.03  1.50  1.09  1.00
% NNE     2.67  2.70  2.99  3.22  3.22  3.50  3.41  4.07  3.95  3.27  1.97  2.14
MEAN      2.81  2.92  3.12  3.49  3.18  3.13  3.19  3.03  3.08  2.83  2.66  2.83
STD DEV   1.33  1.46  1.48  1.64  1.29  1.36  1.57  1.41  1.29  1.35  1.26  1.38
SKEW       .71   .94   .67   .76   .36   .48   .84   .81   .35   .83   .84   .70
% NE      2.47  2.64  3.30  3.12  3.99  4.64  4.64  4.79  4.06  3.44  2.13  2.09
MEAN      2.33  2.64  2.79  2.96  3.02  2.96  2.82  2.68  2.68  2.41  2.30  2.21
STD DEV   1.09  1.39  1.38  1.39  1.37  1.51  1.31  1.20  1.26  1.08  1.11  1.00
SKEW       .68   .97   .92   .78   .59   .86   .61   .70   .77   .57   .85   .67
% ENE     1.12  1.38  1.82  2.10  2.68  2.79  2.83  2.82  2.11  1.87  1.16  1.07
MEAN      2.52  2.57  2.77  3.21  3.30  3.18  2.91  2.98  2.77  2.61  2.27  2.35
STD DEV    .98  1.20  1.19  1.52  1.53  1.37  1.31  1.36  1.12  1.07   .97  1.07
SKEW       .41   .51   .30   .51   .74   .67   .57   .49   .39   .44   .17   .60
% E       1.80  2.01  2.61  3.75  4.42  4.60  4.62  4.53  3.34  2.60  1.80  1.60
MEAN      2.21  2.57  2.90  3.55  3.70  3.22  3.26  3.09  2.79  2.77  2.38  2.23
STD DEV    .99  1.48  1.35  1.86  1.89  1.57  1.66  1.43  1.37  1.28  1.07  1.08
SKEW       .49  1.00   .55   .65   .71   .62   .80   .60   .78   .57   .49   .89
% ESE     1.45  1.50  2.46  3.87  4.75  4.02  4.18  3.52  3.32  2.63  1.82  1.55
MEAN      2.57  2.75  3.69  4.39  4.59  4.04  3.60  3.73  3.39  3.33  2.73  2.98
STD DEV   1.46  1.32  1.92  2.31  2.34  2.19  1.75  1.96  1.86  1.76  1.30  1.79
SKEW       .98   .56   .97   .78   .71   .95   .62   .80   .81   .86   .60  1.22
% SE      3.26  3.56  5.16  6.08  7.70  6.22  6.30  5.84  5.03  5.01  4.06  3.27
MEAN      2.85  2.89  4.00  4.65  4.80  4.29  3.72  3.85  3.63  3.63  3.35  2.91
STD DEV   1.59  1.44  2.25  2.53  2.56  2.54  2.06  2.24  2.14  2.26  1.92  1.75
SKEW      1.32   .64   .78   .53   .57  1.17  1.07  1.00   .83  1.13   .91  1.23
% SSE     4.04  4.15  4.17  4.84  4.80  4.77  5.77  5.60  4.74  4.59  4.54  4.45
MEAN      2.92  2.96  3.24  3.90  4.24  3.70  3.66  3.77  3.41  3.16  3.08  2.87
STD DEV   1.36  1.43  1.58  2.21  2.36  1.94  2.08  2.23  1.95  1.71  1.43  1.32
SKEW       .92   .92   .77  1.31  1.17   .96  1.11  1.37  1.31  1.41  1.03   .49
% S      10.35  9.94  7.99  6.92  6.44  7.14  9.11  8.95  8.32  9.34 10.31 10.89
MEAN      2.94  2.80  2.96  3.31  3.25  3.17  3.09  3.18  3.00  2.94  2.87  2.91
STD DEV   1.23  1.17  1.31  1.67  1.60  1.48  1.54  1.50  1.37  1.29  1.30  1.22
SKEW       .49   .40   .66  1.10  1.15   .97  1.18   .90   .81   .53   .63   .50
% SSW     6.50  6.10  4.60  3.63  3.84  4.46  4.87  5.10  4.17  4.95  5.59  6.07
MEAN      3.24  2.98  3.04  3.40  3.30  3.18  3.29  3.34  3.16  3.19  3.14  3.07
STD DEV   1.79  1.34  1.49  1.83  1.64  1.62  1.57  1.52  1.53  1.53  1.48  1.39
SKEW      2.17   .91  1.04  1.16  1.08  1.32  1.03   .67  1.03  1.05   .68   .53
% SW      5.27  5.07  4.13  3.44  3.41  3.86  3.76  4.05  3.49  4.36  5.12  5.23
MEAN      3.83  3.21  3.26  3.54  3.55  3.25  3.13  3.38  2.99  3.29  3.39  3.57
STD DEV   3.40  2.30  2.23  2.38  2.05  1.89  1.65  2.09  1.92  2.35  2.42  3.01
SKEW      2.68  2.02  2.19  1.25  1.13  1.35  1.15  1.47  1.81  1.57  1.97  2.01
% WSW     4.51  4.71  3.90  3.78  3.57  3.67  3.43  3.48  3.45  3.91  4.99  4.71
MEAN      4.25  4.81  4.44  4.56  4.31  3.99  3.46  3.78  3.81  4.00  4.17  4.46
STD DEV   2.67  3.24  2.68  2.51  2.29  2.37  1.83  2.02  1.92  2.30  2.72  3.18
SKEW      1.15  1.21  1.08  1.06  1.27  1.30  1.14   .90   .74  1.10  1.47  1.69
% W       7.96  8.06  7.56  6.81  6.67  7.04  6.42  7.07  6.75  6.92  8.03  7.80
MEAN      4.51  4.27  4.25  4.29  4.15  3.84  3.73  3.79  3.91  4.07  4.14  4.23
STD DEV   2.54  2.27  2.09  2.21  1.90  1.74  1.69  1.82  1.83  2.02  2.18  2.35
SKEW      1.16  1.05   .84  1.12   .78   .68   .74   .76   .78   .81  1.06  1.04
% WNW     9.13 10.40 10.48 10.66  9.32  8.76  7.39  7.10  7.89  8.88 10.29 10.12
MEAN      5.51  5.68  5.76  6.60  5.81  4.96  4.84  4.86  4.93  5.55  5.98  5.75
STD DEV   3.14  3.12  2.99  3.71  2.99  2.52  2.64  2.63  2.64  3.26  3.30  3.26
SKEW       .76   .71   .54  1.08   .69   .79  1.12   .89   .65  1.08   .69   .68
% NW     13.64 13.56 15.63 15.33 12.95 11.80  9.88  9.24 12.14 12.01 14.34 13.35
MEAN      5.89  5.88  6.26  6.74  6.06  5.31  5.35  5.08  5.62  5.77  6.30  5.97
STD DEV   3.33  3.23  3.13  3.27  3.12  2.71  3.12  2.95  3.01  3.24  3.46  3.53
SKEW       .60   .58   .37   .25   .49   .55  1.41   .99   .58   .55   .53   .57
% NNW     8.60  7.77  8.60  8.52  7.27  7.56  6.81  6.41  8.06  7.35  7.26  6.82
MEAN      4.53  4.72  5.58  5.90  5.14  4.74  4.70  4.50  4.90  4.92  5.04  4.84
STD DEV   2.67  2.72  3.05  3.11  2.74  2.52  2.42  2.50  2.68  2.93  2.81  2.93
SKEW      1.04   .92   .61   .50   .53   .75   .68   .87   .68   .91   .74   .98
CALM     10.43 10.04  8.58  7.31  8.04  8.55  9.93 10.58 11.82 11.99 10.60 12.06
 
TRIANGULATED DATA (station & weighting factor)
 
---Wind Stations---
SHERIDAN      WY     .865  CUSTER        MT     .071  MOORCRAFT     WY     .064
---Solar Radiation and Max .5 P Stations---
 BILLINGS, MONTANA   .441   MILES CITY, MONTAN  .385   SCOTTSBLUFF, NEBRA  .174 
---Dewpoint Stations---
WY SHERIDAN          .893  MT MILES CITY        .057  WY CASPER            .050 
---Time Peak Stations---
STORY WY             .544  LODGE GRASS MT       .271  RECLUSE WY           .186 
