 GREEN RIVER WY                          484065 0
 LATT=  41.53 LONG=-109.47 YEARS= 78. TYPE= 3
 ELEVATION = 6080. TP5 = 1.12 TP6= 2.39
 MEAN P    .08   .09   .10   .14   .16   .15   .13   .14   .17   .18   .10   .08
 S DEV P   .08   .10   .11   .17   .21   .20   .20   .19   .20   .20   .11   .10
 SKEW  P  2.25  2.98  3.28  2.32  3.63  3.04  4.21  2.91  2.93  2.53  2.31  3.08
 P(W/W)    .27   .25   .29   .41   .40   .44   .31   .31   .38   .36   .31   .27
 P(W/D)    .14   .15   .16   .16   .17   .12   .12   .13   .11   .11   .12   .13
 TMAX AV 31.92 37.32 45.59 56.90 68.07 78.64 87.48 85.12 75.15 62.49 45.25 34.53
 TMIN AV 11.44 13.30 19.06 27.75 36.28 43.64 49.93 47.46 37.48 27.46 17.21 11.89
 SD TMAX 11.03 10.43 10.53 11.30 10.38  9.71  5.76  6.07  9.75 11.51 11.43 10.90
 SD TMIN  8.33  8.38  8.06  7.10  6.85  6.67  5.81  6.16  7.48  7.01  8.45  8.12
 SOL.RAD  176.  260.  372.  481.  560.  617.  611.  544.  439.  308.  201.  151.
 SD SOL   29.9  34.9  45.5  59.1  68.9  65.5  59.1 116.3  58.4  30.8  28.1  28.8
 MX .5 P   .11   .12   .15   .19   .21   .38   .50   .44   .82   .29   .12   .09
 DEW PT  11.51 15.56 18.72 24.77 31.87 36.19 40.03 39.82 32.41 27.93 19.83 15.51
Time Pk   .751  .869  .884  .926  .935  .935  .936  .937  .943  .967  .989 1.000
% N       1.39  1.32  1.39  1.80  2.24  2.33  2.92  2.82  2.50  1.85  1.60  1.29
MEAN      2.87  3.08  3.25  3.74  3.79  3.58  3.84  3.62  3.32  2.77  2.84  2.76
STD DEV   1.08  1.56  1.36  1.67  1.73  1.70  1.80  1.71  1.48  1.15  1.17  1.13
SKEW       .72  2.04   .40   .61   .72   .72   .85   .98   .80   .89   .63   .73
% NNE      .63   .89   .96  1.30  1.58  1.19  1.62  1.20  1.27  1.02   .95   .67
MEAN      3.06  3.23  4.37  4.36  4.42  3.26  4.09  3.38  3.37  3.28  3.61  2.92
STD DEV    .96  1.25  2.13  2.05  2.23  1.18  1.74  1.35  1.29  1.41  1.80  1.07
SKEW       .12  2.04   .44   .51   .53   .44   .68  1.13   .73   .67   .70   .23
% NE      2.08  2.38  3.12  3.73  3.98  2.79  3.21  2.65  3.41  3.04  2.61  1.74
MEAN      4.76  5.96  5.84  5.79  5.54  4.77  4.15  3.70  4.26  4.68  4.49  3.83
STD DEV   2.73  3.69  3.09  2.61  2.80  2.80  2.13  1.73  2.08  2.72  2.45  2.23
SKEW       .50   .87   .43   .24   .61   .81   .94   .77   .56   .73   .69   .99
% ENE     2.73  2.85  3.70  5.13  5.87  4.28  4.22  3.18  4.44  4.48  2.93  1.94
MEAN      6.24  5.61  5.98  5.72  5.98  5.36  4.57  4.44  5.04  5.90  5.25  5.37
STD DEV   2.84  2.76  2.69  2.43  2.76  2.61  2.07  1.82  2.21  3.42  2.40  2.66
SKEW       .29   .51   .46   .37   .78   .86   .78   .52   .68   .84   .34   .45
% E       2.19  2.09  2.33  3.31  4.71  3.73  4.70  3.85  4.56  3.55  2.12  1.44
MEAN      4.86  5.02  4.49  4.73  4.95  4.41  4.07  4.00  4.51  4.58  4.44  4.11
STD DEV   2.50  2.99  2.04  2.03  2.08  1.86  1.69  1.53  1.81  2.24  2.09  1.68
SKEW       .65  1.02   .60   .66   .78   .79   .47   .44   .71  1.02   .73   .38
% ESE      .89   .88  1.44  2.21  3.08  2.34  2.69  2.44  2.43  2.15  1.36   .92
MEAN      3.33  3.20  3.75  4.39  4.27  4.05  4.09  3.89  3.78  3.89  3.82  3.54
STD DEV   1.28  1.38  1.50  1.67  1.71  1.76  1.58  1.53  1.51  1.81  1.44  1.56
SKEW       .66   .43   .41   .80   .69   .77   .87   .61   .53   .40   .19   .00
% SE      1.55  1.21  1.89  1.87  2.55  2.54  3.21  3.56  2.70  2.18  1.56  1.55
MEAN      3.70  3.30  3.64  3.92  4.16  3.91  3.89  3.82  4.02  3.46  3.34  3.50
STD DEV   1.51  1.41  1.63  1.64  1.73  1.79  1.61  1.58  1.66  1.39  1.20  1.45
SKEW       .26   .43   .65   .57   .53  1.19   .71   .68   .62   .89   .40   .39
% SSE     1.57  1.66  2.16  2.24  2.84  2.85  3.26  3.61  2.55  2.22  1.71  1.66
MEAN      4.06  4.18  4.18  4.51  4.84  4.62  4.68  4.84  4.93  4.05  3.90  3.88
STD DEV   1.74  1.51  1.72  1.86  2.26  2.08  2.05  2.17  2.42  1.71  1.55  1.61
SKEW       .19   .03   .54   .36   .61   .74   .75   .68  1.07   .73   .65   .26
% S       3.27  2.75  3.95  4.26  4.70  5.30  4.90  5.82  4.65  3.83  3.57  3.11
MEAN      4.08  4.18  4.91  5.35  5.70  5.54  4.53  4.88  5.22  4.37  4.16  4.08
STD DEV   2.01  1.98  2.64  2.88  3.29  2.91  2.15  2.43  2.84  2.22  2.00  2.08
SKEW       .83   .59   .84   .61  1.03   .68   .80   .96  1.12   .79   .70   .94
% SSW     3.85  3.61  4.05  4.32  4.82  5.32  4.60  5.50  4.50  4.20  3.50  3.10
MEAN      5.55  5.70  5.60  6.10  6.36  6.60  5.77  5.35  5.69  5.61  5.06  5.36
STD DEV   3.21  3.13  2.95  3.06  3.01  3.19  2.98  2.52  2.70  2.61  2.19  2.73
SKEW       .85   .97   .88   .73   .42   .55   .91   .63   .59   .70   .51   .79
% SW     10.43  9.40  8.00  7.80  8.23  8.38  7.81  9.49  8.42  9.12  9.80 10.51
MEAN      5.97  5.84  5.38  5.64  5.68  5.53  5.30  5.19  5.39  5.63  5.13  5.59
STD DEV   3.00  2.52  2.48  2.40  2.53  2.53  2.51  2.34  2.28  2.53  2.08  2.53
SKEW       .85   .57   .86   .60   .76   .82   .95   .75   .68   .90   .53   .75
% WSW    26.60 26.86 22.70 18.39 15.16 15.16 12.79 13.31 15.79 19.73 24.53 26.96
MEAN      7.90  7.63  7.34  6.94  6.39  6.25  5.82  5.71  6.03  6.32  7.10  7.90
STD DEV   3.28  3.08  3.22  2.74  2.73  2.59  2.51  2.51  2.58  2.70  2.92  3.21
SKEW       .58   .63   .85   .54   .72   .59   .67   .81   .84   .85   .57   .70
% W      24.06 25.48 23.82 18.79 14.52 15.45 13.43 13.38 15.41 17.58 23.52 24.80
MEAN      8.03  8.22  8.16  7.59  6.83  6.59  5.86  5.69  6.30  6.57  7.98  8.11
STD DEV   3.53  3.46  3.43  3.24  3.09  2.92  2.70  2.61  2.82  2.97  3.47  3.34
SKEW       .38   .41   .47   .47   .55   .50   .60   .69   .63   .68   .54   .41
% WNW     5.68  6.46  9.32 11.72 10.85 11.48 10.26  9.29 10.10  9.08  7.71  6.48
MEAN      6.83  7.32  7.60  7.43  6.56  6.93  6.18  5.74  6.44  6.47  6.96  6.68
STD DEV   3.42  3.31  3.35  3.23  2.91  2.94  2.79  2.64  2.93  2.97  3.35  3.22
SKEW       .39   .29   .24   .56   .48   .40   .55   .62   .56   .56   .44   .31
% NW      2.25  1.99  2.68  4.93  4.97  5.48  6.23  5.85  5.05  3.73  2.70  2.23
MEAN      3.75  4.04  4.75  5.61  5.04  5.10  4.80  4.68  4.70  4.42  4.41  3.68
STD DEV   1.93  2.07  2.63  2.66  2.36  2.34  2.31  2.25  2.23  2.37  2.56  1.90
SKEW      1.02  1.16   .72   .53   .56   .63   .73   .93   .72   .95  1.18   .95
% NNW      .88   .98  1.00  1.54  2.03  2.19  2.50  2.35  1.90  1.44   .97   .78
MEAN      2.93  3.57  3.95  4.46  4.59  4.41  4.26  4.23  4.01  3.27  3.32  3.09
STD DEV   1.01  1.81  2.01  1.93  2.18  1.98  1.92  1.91  1.74  1.51  1.24  1.26
SKEW       .68  1.60   .57   .81   .63   .71   .79   .89   .67  1.11   .46   .34
CALM      9.97  9.12  7.65  6.67  8.00  9.13 11.67 11.79 10.31 10.77  8.84 10.93
 
TRIANGULATED DATA (station & weighting factor)
 
---Wind Stations---
ROCK SPRINGS  WY     .624  FORT BRIDGER  WY     .264  RAWLINS       WY     .112
---Solar Radiation and Max .5 P Stations---
 SALT LAKE CITY, UT  .428   POCATELLO, IDAHO    .323   CHEYENNE, WYOMING   .249 
---Dewpoint Stations---
WY ROCK SPRINGS      .730  WY LANDER            .160  UT SALT LAKE CITY    .110 
---Time Peak Stations---
ROCK SPRINGS WY      .692  MOUNTAIN VIEW WY     .188  BIG PINEY WY         .121 
