 MIDWEST WY                              486195 0
 LATT=  43.42 LONG=-106.28 YEARS= 45. TYPE= 3
 ELEVATION = 4850. TP5 = 1.76 TP6= 3.18
 MEAN P    .12   .12   .14   .21   .24   .25   .22   .17   .19   .19   .14   .12
 S DEV P   .19   .20   .19   .28   .32   .31   .30   .28   .26   .27   .16   .18
 SKEW  P  5.71  5.38  3.45  2.72  3.38  2.70  3.22  5.25  2.99  3.09  2.38  4.96
 P(W/W)    .24   .31   .28   .43   .51   .43   .38   .26   .39   .30   .30   .19
 P(W/D)    .13   .14   .16   .19   .21   .19   .14   .11   .12   .12   .12   .16
 TMAX AV 35.86 41.89 49.13 59.96 70.35 81.60 90.15 88.85 78.16 65.50 47.05 38.04
 TMIN AV 11.56 16.79 22.00 30.22 39.69 48.27 54.13 52.30 42.00 32.67 21.87 15.15
 SD TMAX 12.42 11.90 12.13 12.27 11.09  9.80  6.73  6.81 11.71 12.32 13.02 11.83
 SD TMIN 14.53 11.92 10.23  7.65  6.87  6.44  5.59  5.97  7.83  7.79 10.97 12.87
 SOL.RAD  185.  279.  400.  485.  549.  616.  606.  535.  435.  311.  203.  162.
 SD SOL   33.2  34.5  40.4  60.2  73.6  65.9  61.2 126.1  62.5  35.3  33.4  31.6
 MX .5 P   .07   .06   .14   .20   .37   .74  1.06   .76   .84   .34   .14   .08
 DEW PT  11.14 15.22 18.72 26.08 35.58 42.07 45.48 42.48 34.94 27.58 20.72 15.36
Time Pk   .727  .814  .855  .892  .898  .901  .911  .917  .921  .937  .968 1.000
% N       4.89  4.04  4.99  6.09  5.14  6.52  4.99  5.56  6.02  5.41  3.81  4.34
MEAN      4.16  4.38  4.61  4.62  4.15  4.24  4.16  3.74  3.90  3.15  4.01  3.74
STD DEV   1.95  2.41  2.37  2.44  2.24  2.22  2.28  2.19  2.25  1.78  2.15  1.98
SKEW       .63   .93   .52   .67   .93   .91  1.28  1.17  1.00  1.24   .74   .81
% NNE     5.05  4.81  5.48  5.64  5.59  5.52  5.16  5.03  7.42  4.99  2.38  2.94
MEAN      4.95  4.85  5.23  5.23  4.61  4.56  4.46  4.40  4.69  3.79  4.06  4.45
STD DEV   2.23  2.36  2.43  2.43  2.21  2.14  1.91  2.05  2.30  2.21  2.06  2.06
SKEW       .47   .49   .32   .30   .66   .45   .80   .90   .48  1.29   .86   .16
% NE      2.69  2.58  3.63  3.18  3.94  4.70  4.28  3.96  4.67  3.34  1.78  1.89
MEAN      3.35  3.33  3.63  3.36  3.88  3.85  3.84  3.77  3.57  2.94  3.55  2.50
STD DEV   1.40  1.73  1.80  1.68  1.88  1.87  1.86  1.88  1.95  1.74  1.70  1.30
SKEW       .55   .53   .65   .50   .48   .65   .29   .72   .68  1.11   .61   .98
% ENE     1.75  1.86  4.66  3.39  5.37  5.95  4.37  3.75  3.35  2.73   .98  1.69
MEAN      3.06  3.33  4.62  4.04  4.35  4.33  3.96  4.22  3.94  3.03  3.35  3.77
STD DEV   1.40  1.52  2.22  1.97  1.99  1.89  1.69  1.93  2.05  1.35  1.42  2.30
SKEW       .27   .30   .15   .88   .49   .54   .75   .44   .57   .16   .39   .66
% E       2.27  2.64  5.76  6.37 11.17  9.14  7.52  8.26  6.80  4.62  1.90  3.30
MEAN      3.27  3.54  4.46  4.33  4.60  4.56  3.90  4.05  3.59  3.24  2.20  3.82
STD DEV   1.67  1.89  2.18  2.21  2.34  2.37  2.09  2.05  1.80  2.13   .96  2.76
SKEW       .26   .70   .27   .45   .58   .47  1.13   .58   .54  1.07  1.12  1.28
% ESE     1.82  2.51  5.23  6.27  9.62  6.77  7.12  5.88  5.28  4.17  1.74  1.87
MEAN      3.13  3.84  4.30  4.85  5.34  4.85  4.70  4.23  3.88  3.29  3.50  3.62
STD DEV   1.81  1.76  2.08  2.48  2.74  2.66  2.49  2.17  1.92  1.70  1.68  2.03
SKEW       .70  -.02   .70   .77   .68   .79   .62   .74   .60   .93   .42   .87
% SE      1.71  2.05  3.31  3.53  5.49  5.59  6.39  5.24  4.24  3.50  2.12  1.88
MEAN      2.83  2.39  3.17  3.49  4.66  4.08  4.23  3.81  3.61  2.77  2.79  2.75
STD DEV   1.70  1.09  1.86  1.92  3.03  2.46  2.28  2.20  2.36  1.78  1.09  1.45
SKEW       .58   .43   .86   .06  1.11   .65   .76   .90   .94   .95   .76   .35
% SSE     1.14  1.06  1.55  1.91  2.31  2.28  2.83  2.71  1.84  1.48  1.19  1.19
MEAN      2.30  1.56  3.18  4.35  4.04  3.73  3.76  3.95  3.62  2.06  1.82  2.70
STD DEV    .60   .71  1.91  3.66  2.50  2.50  1.86  2.47  2.22  1.07   .68  1.08
SKEW      2.92   .15   .96  1.41   .85  1.56   .75   .77   .74  1.11   .34   .55
% S       2.51  2.09  2.32  2.39  2.36  2.56  4.25  3.36  2.50  2.64  2.37  2.67
MEAN      2.31  1.69  2.92  3.47  3.42  2.97  3.40  3.02  3.50  2.56  2.22  3.21
STD DEV   1.11   .62  1.67  2.24  2.37  1.44  1.99  1.63  2.14  1.36   .64  1.50
SKEW       .36   .39   .82  1.12  1.05   .70  1.04   .82   .58   .69   .43   .26
% SSW     2.02  1.95  1.84  2.47  2.39  2.66  3.93  3.85  2.62  2.19  1.66  2.14
MEAN      3.46  5.11  3.75  5.54  4.75  4.83  5.16  4.62  4.82  3.58  3.15  4.93
STD DEV   1.43  4.50  2.04  2.44  2.55  2.52  2.73  2.84  2.77  2.19  1.95  3.55
SKEW      1.09   .65   .51   .29   .65   .45   .71   .57   .59   .87   .50   .82
% SW     11.93 11.08  5.87  4.97  4.40  5.73  8.08  7.59  6.45  7.76 10.21 13.52
MEAN      9.81  9.17  7.21  6.07  5.71  5.84  4.70  5.13  4.94  5.14  6.29  8.34
STD DEV   4.70  4.47  3.67  3.24  2.93  3.16  2.47  2.86  2.53  2.76  3.55  4.23
SKEW       .53   .87   .92   .46   .52   .38   .83   .62   .63   .61  1.08   .89
% WSW    27.26 30.23 21.22 16.03 11.10 10.47 10.25 10.36 10.88 18.58 25.62 26.11
MEAN      9.43  9.64  8.48  7.77  7.15  6.63  5.83  6.01  6.22  6.50  7.95  9.15
STD DEV   3.88  3.98  3.71  3.53  3.38  3.35  2.95  3.02  3.25  3.20  3.93  4.38
SKEW       .32   .58   .43   .56   .42   .66   .67   .42   .85   .44   .79   .68
% W       9.01  8.22  9.48 11.76  8.07  8.30  8.54  9.07  8.81  9.21 14.66 10.32
MEAN      5.29  5.48  5.72  6.05  5.73  4.73  4.43  4.37  4.31  4.47  4.70  5.29
STD DEV   2.74  2.54  2.84  3.11  3.42  2.40  2.46  2.26  2.63  2.41  2.61  2.72
SKEW       .75   .40   .99   .72   .95   .69   .75   .71  1.02   .83  1.13  1.11
% WNW     8.15  8.40  8.06  9.62  8.54  7.85  6.15  7.42  7.33  8.26  9.76  7.79
MEAN      4.98  5.09  5.70  5.95  5.72  5.10  5.20  4.81  4.94  4.89  4.91  5.34
STD DEV   2.44  2.29  2.92  2.61  2.89  2.61  2.80  2.52  2.54  2.61  2.39  2.59
SKEW       .37   .14  1.09   .65   .73   .73   .67   .64   .64   .83   .82   .54
% NW      8.07  7.36  8.16  8.00  7.00  7.01  6.98  7.15  8.84  8.28  9.48  8.11
MEAN      4.04  4.06  5.14  5.60  5.09  4.20  4.79  3.64  4.30  3.80  4.20  4.57
STD DEV   2.08  2.07  2.90  2.61  2.77  2.39  3.36  2.10  2.42  2.20  2.31  2.36
SKEW       .70   .15  1.05   .22   .65  1.19  1.59  1.19   .59   .79   .85   .77
% NNW     4.59  4.58  4.75  5.37  4.56  4.84  4.19  4.15  4.75  4.89  4.58  4.79
MEAN      4.44  4.35  5.12  5.44  4.62  4.57  4.61  4.33  3.88  3.84  3.78  4.18
STD DEV   2.37  2.14  2.80  2.65  2.48  2.09  2.55  2.47  1.95  2.21  2.21  2.06
SKEW       .89   .82  1.11   .24   .58   .55   .80   .90   .74  1.14   .92   .41
CALM      5.11  4.46  3.65  3.04  2.89  4.09  5.01  6.62  8.21  7.96  5.75  5.51
 
TRIANGULATED DATA (station & weighting factor)
 
---Wind Stations---
CASPER/WARD.  WY     .532  DOUGLAS       WY     .282  SHERIDAN      WY     .186
---Solar Radiation and Max .5 P Stations---
 RAPID CITY, SOUTH   .358   CHEYENNE, WYOMING   .342   BILLINGS, MONTANA   .300 
---Dewpoint Stations---
WY CASPER            .640  WY SHERIDAN          .223  SD RAPID CITY        .137 
---Time Peak Stations---
POWDER RIVER 1 E WY  .401  GILLETTE 18 SW WY    .327  DOUGLAS AVIATION WY  .273 
