 GLENROCK 1 W WY                         483950 0
 LATT=  42.87 LONG=-105.88 YEARS= 45. TYPE= 3
 ELEVATION = 5010. TP5 = 1.76 TP6= 3.23
 MEAN P    .12   .12   .17   .24   .29   .27   .23   .18   .20   .22   .17   .11
 S DEV P   .13   .15   .22   .30   .40   .36   .30   .18   .29   .26   .27   .12
 SKEW  P  2.24  2.85  3.11  2.48  3.60  2.67  2.67  1.75  3.60  3.45  5.03  1.85
 P(W/W)    .24   .22   .26   .38   .47   .43   .30   .31   .39   .31   .24   .22
 P(W/D)    .09   .10   .12   .16   .19   .16   .13   .11   .12   .11   .10   .09
 TMAX AV 37.56 41.63 47.90 58.96 69.01 80.47 89.21 87.34 76.74 63.79 47.32 39.35
 TMIN AV 18.31 20.35 23.94 31.63 40.59 49.44 55.64 53.65 43.41 33.72 24.42 19.19
 SD TMAX 12.57 11.73 12.21 12.17 11.00  9.97  7.11  7.06 11.37 12.18 12.66 11.98
 SD TMIN 10.82 10.69 10.13  8.12  6.98  6.56  6.09  6.46  8.42  8.70 10.97 10.80
 SOL.RAD  202.  288.  413.  498.  556.  639.  610.  534.  437.  317.  217.  176.
 SD SOL   18.3  23.0  29.6  52.3  70.7  59.0  59.9 125.7  58.2  25.3  19.8  17.6
 MX .5 P   .07   .06   .17   .18   .43   .88  1.21   .80   .95   .10   .17   .09
 DEW PT  10.87 14.86 18.11 25.36 34.62 40.24 44.13 41.26 34.00 26.62 19.98 14.99
Time Pk   .686  .784  .826  .874  .880  .881  .891  .895  .902  .922  .949 1.000
% N       2.80  3.76  4.79  6.08  5.53  5.50  5.48  4.78  5.50  4.69  3.83  3.23
MEAN      3.98  4.39  5.18  5.21  4.91  4.67  4.40  4.05  4.26  4.34  4.47  4.06
STD DEV   1.94  2.45  2.76  2.65  2.50  2.35  2.37  2.16  2.38  2.42  2.46  2.22
SKEW       .53   .89   .80   .63   .74   .63   .95   .84  1.04   .83   .88  1.06
% NNE     3.17  3.98  4.49  5.18  5.74  4.59  5.22  4.23  5.02  4.10  3.45  2.78
MEAN      4.82  5.22  5.59  5.39  5.28  5.01  5.02  4.66  5.02  4.73  5.14  4.49
STD DEV   2.14  2.53  2.76  2.54  2.33  2.28  2.30  2.25  2.44  2.47  2.57  2.14
SKEW       .47   .67   .55   .53   .41   .40   .66   .75   .57   .88   .61   .35
% NE      2.69  2.90  3.90  4.52  5.16  4.89  5.19  4.43  4.44  3.35  2.96  2.43
MEAN      3.58  4.10  3.96  4.14  4.34  3.93  3.85  3.85  3.76  3.63  3.72  3.30
STD DEV   1.60  1.92  1.90  1.93  2.04  1.76  1.93  1.94  1.79  1.96  1.96  1.48
SKEW       .53   .61   .48   .68   .63   .42   .70   .94   .77  1.00   .98   .51
% ENE     1.28  1.72  2.33  3.66  4.66  3.81  4.05  3.37  3.52  2.36  1.67  1.11
MEAN      2.96  3.71  3.98  4.64  4.87  4.22  4.39  4.04  4.20  3.57  2.99  3.30
STD DEV   1.24  1.76  1.62  2.17  2.10  1.76  1.83  1.90  1.85  1.60  1.38  1.39
SKEW       .51   .59   .26   .66   .43   .40   .56   .47   .42   .39   .77   .62
% E       2.26  2.46  4.64  6.34  7.39  6.86  6.86  6.36  6.12  4.05  2.79  2.53
MEAN      3.33  3.33  4.06  4.64  4.72  4.35  4.19  4.07  4.06  3.74  3.21  3.00
STD DEV   1.50  1.46  1.87  2.24  2.28  2.13  2.03  1.90  1.94  1.96  1.54  1.54
SKEW       .82   .80   .65   .70   .65   .60   .55   .65   .71   .97   .79   .94
% ESE     1.94  2.51  4.57  6.73  7.74  6.93  7.35  6.70  6.18  4.73  2.33  2.05
MEAN      3.92  4.09  4.77  5.25  5.63  5.25  4.96  5.07  4.94  4.37  3.63  3.59
STD DEV   1.97  1.88  2.15  2.49  2.63  2.39  2.25  2.21  2.42  1.98  1.83  1.78
SKEW       .49   .27   .59   .62   .62   .66   .68   .40   .51   .32   .76   .76
% SE      1.95  2.21  3.24  4.22  5.37  6.80  7.36  5.98  5.09  3.86  2.59  2.12
MEAN      2.80  2.93  3.60  4.08  4.52  4.69  4.27  4.12  4.03  3.36  2.99  2.93
STD DEV   1.24  1.32  1.96  2.31  2.26  2.39  2.26  2.03  2.11  1.83  1.66  1.44
SKEW       .66   .64   .57   .94   .58   .81   .92   .71   .88   .69  1.18   .43
% SSE     2.05  2.13  2.38  3.30  3.09  3.69  4.57  4.10  3.35  2.64  2.19  1.97
MEAN      2.87  3.27  3.16  3.93  4.31  4.44  4.30  4.24  3.57  3.11  2.88  3.13
STD DEV   1.12  1.38  1.28  2.39  2.19  2.27  2.20  2.09  1.68  1.54  1.22  1.40
SKEW       .51   .77   .46  1.24   .89   .82   .92   .81   .80   .45   .53   .38
% S       1.75  1.44  2.07  2.32  2.48  2.61  3.69  3.63  2.97  2.66  2.11  1.95
MEAN      3.40  3.03  3.41  3.68  3.69  3.48  3.74  4.05  3.61  3.06  3.15  3.23
STD DEV   2.08  1.69  1.66  2.04  1.96  1.75  1.97  2.20  1.88  1.65  1.85  2.42
SKEW      1.23  1.17   .60   .97   .69   .76   .71   .91   .84  1.06  1.32  1.91
% SSW    10.86  9.60  7.47  4.74  4.17  4.53  5.14  5.92  4.94  7.07  8.84 10.17
MEAN      7.75  6.52  5.92  5.53  5.20  5.31  4.99  5.49  5.24  5.66  6.60  7.19
STD DEV   3.12  2.51  2.72  2.57  2.38  2.62  2.41  2.68  2.72  2.81  2.84  2.97
SKEW       .33   .18   .86   .28   .33   .48   .53   .38   .47   .56   .35   .50
% SW     23.39 19.78 14.78  9.69  7.81  8.20  7.19  9.33  9.32 14.21 19.27 22.07
MEAN      8.94  7.64  6.38  5.89  5.64  5.49  4.37  4.86  4.81  5.69  6.96  7.34
STD DEV   4.25  3.87  3.49  2.96  3.01  2.91  2.32  2.54  2.41  3.18  3.60  3.76
SKEW       .49   .68   .99   .63   .83   .74   .96   .86   .79   .97   .74   .82
% WSW    18.18 16.60 12.83 10.30  9.06 10.15  7.79  9.54  9.71 13.05 13.95 15.03
MEAN      8.20  8.09  7.57  7.21  6.94  6.84  5.27  5.54  5.77  6.76  7.49  7.62
STD DEV   3.49  3.50  3.83  3.55  3.69  3.57  2.54  2.78  3.13  3.73  3.59  3.36
SKEW       .70   .84  1.16   .76   .84  1.00   .70   .85  1.14  1.08   .77   .84
% W       6.02  7.00  7.83  6.76  7.12  7.58  6.85  6.92  7.10  7.42  7.24  7.30
MEAN      5.77  5.61  6.36  6.14  5.91  5.10  4.53  4.44  4.72  4.79  5.48  5.47
STD DEV   3.16  2.69  3.45  3.23  3.48  2.78  2.48  2.52  2.80  2.75  3.07  2.83
SKEW      1.31   .61   .98   .67   .85   .74   .91  1.10  1.01  1.10   .96   .76
% WNW     6.26  7.54  7.53  7.93  8.64  7.15  6.56  7.67  7.88  7.80  8.01  7.82
MEAN      5.50  5.53  6.31  6.19  5.97  5.22  4.80  4.90  5.29  5.38  5.34  5.38
STD DEV   2.69  2.53  3.17  3.10  2.83  2.51  2.45  2.38  2.58  2.98  2.54  2.66
SKEW       .66   .64   .59   .68   .71   .64   .80   .83   .59  1.20   .76   .89
% NW      6.66  7.11  7.49  7.51  7.01  7.42  7.31  7.71  8.27  7.90  8.85  8.30
MEAN      4.41  4.55  5.27  5.15  4.75  4.23  4.18  3.99  4.26  4.23  4.34  4.43
STD DEV   2.00  2.31  2.95  2.80  2.39  2.20  2.23  2.05  2.12  2.29  2.34  2.15
SKEW       .66   .86   .93   .94   .67  1.00  1.00   .94   .83  1.25  1.48   .75
% NNW     4.61  5.34  5.67  6.67  5.24  5.32  4.89  4.80  5.26  4.74  5.04  4.93
MEAN      4.85  4.77  5.32  5.83  5.40  4.75  4.76  4.33  4.63  4.62  4.58  4.50
STD DEV   2.35  2.22  2.52  2.75  2.64  2.24  2.19  2.09  2.30  2.32  2.16  2.14
SKEW      1.03   .62   .58   .72   .80   .66   .75   .85   .73   .88   .54   .62
CALM      3.97  3.94  4.01  4.15  3.80  3.99  4.56  4.47  5.35  5.34  4.84  4.32
 
TRIANGULATED DATA (station & weighting factor)
 
---Wind Stations---
CASPER        WY     .509  DOUGLAS       WY     .392  MOORCRAFT     WY     .100
---Solar Radiation and Max .5 P Stations---
 CHEYENNE, WYOMING   .399   SCOTTSBLUFF, NEBRA  .385   BILLINGS, MONTANA   .216 
---Dewpoint Stations---
WY CASPER            .747  WY CHEYENNE          .132  WY SHERIDAN          .121 
---Time Peak Stations---
DOUGLAS AVIATION WY  .459  DOUGLAS 17 NE WY     .325  POWDER RIVER 1 E WY  .215 
