 Australia    Oakdale (Cooyong Park)                                            
 LATT= -34.09 LONG= 150.51 YEARS= 20. TYPE= 3
 ELEVATION = 1467. TP5 = 2.34 TP6= 5.24
 MEAN P    .33   .61   .46   .33   .31   .40   .20   .26   .25   .28   .39   .33
 S DEV P   .54  1.14   .54   .46   .37   .76   .26   .46   .25   .36   .51   .43
 SKEW  P  5.11  5.71  1.91  2.83  2.04  4.60  3.19  4.30  2.14  3.22  2.88  2.47
 P(W/W)    .54   .55   .55   .48   .41   .41   .32   .35   .38   .46   .51   .53
 P(W/D)    .22   .27   .20   .15   .10   .16   .13   .12   .16   .17   .22   .19
 TMAX AV 80.89 78.73 75.18 70.25 64.50 59.24 58.67 60.87 66.63 70.89 74.63 78.41
 TMIN AV 62.56 62.17 58.93 52.53 46.04 43.46 41.03 41.98 46.29 51.16 56.13 59.50
 SD TMAX  8.41  7.45  6.05  5.50  4.58  3.58  3.83  4.73  6.56  7.71  8.24  7.98
 SD TMIN  4.49  4.21  4.64  4.93  5.05  5.32  5.04  5.07  5.57  5.28  5.07  4.53
 SOL.RAD  528.  451.  391.  318.  256.  200.  236.  307.  404.  471.  494.  541.
 SD SOL  149.0 138.3 119.3  85.7  67.1  64.3  63.5  75.6 103.5 135.7 149.5 156.5
 MX .5 P   .94  1.20   .76   .40   .24   .35   .11   .18   .32   .40   .77   .74
 DEW PT  60.37 60.85 58.31 52.89 46.23 43.46 40.23 39.80 43.50 47.90 53.55 56.68
Time Pk   .070  .150  .240  .320  .400  .510  .600  .690  .780  .860  .940 1.000
% N       3.88  4.16  5.93  5.27  4.57  5.16  6.99  7.02  5.44  4.45  4.48  2.96
MEAN      3.42  3.25  3.73  4.09  4.49  4.59  4.29  4.54  4.42  4.24  3.80  3.46
STD DEV   1.65  1.50  1.69  1.77  2.01  1.96  1.73  2.10  1.85  1.84  1.64  1.52
SKEW      0.86  0.64  0.60  0.48  0.41  0.53  0.17  0.61  0.44  0.30  0.59  0.32
% NNE     3.40  3.80  4.08  3.30  2.54  2.96  3.64  4.55  4.16  3.56  3.47  2.32
MEAN      3.10  3.14  3.52  3.59  3.85  3.94  3.79  4.08  4.09  3.75  3.59  3.33
STD DEV   1.35  1.25  1.54  1.62  1.68  1.63  1.68  1.71  1.72  1.63  1.55  1.38
SKEW      0.59  0.42  0.47  0.65  0.45  0.29  0.42  0.67  0.39  0.54  0.55  0.66
% NE      3.43  4.08  4.02  2.87  2.36  2.32  2.77  3.49  4.02  3.29  3.31  2.99
MEAN      2.88  2.92  3.13  3.08  3.51  3.23  3.32  3.46  3.77  3.58  3.18  3.01
STD DEV   1.17  1.20  1.30  1.42  1.60  1.39  1.44  1.37  1.57  1.42  1.40  1.19
SKEW      0.60  0.76  0.58  0.92  0.69  0.49  0.59  0.50  0.60  0.65  0.96  0.74
% ENE     3.21  3.94  3.54  1.87  1.91  1.90  2.41  3.10  3.68  3.08  3.26  2.73
MEAN      2.95  2.93  2.88  3.00  3.35  3.17  3.23  3.44  3.66  3.61  3.13  3.18
STD DEV   1.17  1.09  1.21  1.21  1.38  1.31  1.35  1.32  1.44  1.43  1.18  1.30
SKEW      0.86  0.42  0.78  0.61  0.25  0.65  0.65  0.28  0.47  0.51  0.40  0.58
% E       4.61  4.78  4.16  2.77  1.96  2.34  2.81  3.30  4.03  3.85  3.72  3.86
MEAN      2.74  2.73  2.82  2.78  2.76  2.94  2.85  3.16  3.58  3.29  2.99  2.70
STD DEV   1.13  1.16  1.15  1.12  1.27  1.20  1.24  1.27  1.44  1.38  1.11  1.05
SKEW      0.79  0.85  0.97  0.54  0.65  0.61  1.02  0.65  0.65  0.76  0.39  0.81
% ESE     3.68  3.76  3.13  2.47  1.69  3.09  3.24  3.83  4.23  3.68  2.69  2.89
MEAN      2.84  2.83  2.82  2.94  2.90  3.52  3.26  3.72  3.68  3.89  3.21  2.87
STD DEV   1.10  1.14  1.08  1.18  1.20  1.51  1.36  1.52  1.51  1.65  1.40  1.14
SKEW      0.73  0.78  0.59  0.50  0.66  0.52  0.64  0.43  0.48  0.32  0.65  0.58
% SE      6.62  7.45  7.65  6.56  5.13  4.92  4.95  4.93  5.60  5.65  6.50  6.11
MEAN      2.85  2.99  3.01  3.24  3.63  4.13  3.83  4.07  4.20  4.11  3.62  3.19
STD DEV   1.11  1.14  1.18  1.37  1.56  1.85  1.63  1.72  1.72  1.74  1.58  1.28
SKEW      0.90  0.85  0.89  0.99  0.79  0.65  0.51  0.32  0.56  0.59  0.83  0.86
% SSE    11.59 12.95 13.81 13.76 13.20 12.96 12.31 10.06 10.17 12.98 13.03 13.85
MEAN      3.15  3.24  3.60  4.17  4.36  4.75  4.68  4.69  5.15  4.95  4.35  3.74
STD DEV   1.22  1.31  1.44  1.74  1.83  1.86  1.86  1.85  1.99  2.02  1.87  1.58
SKEW      0.69  0.80  0.72  0.63  0.58  0.56  0.63  0.53  0.48  0.55  0.60  0.82
% S      13.56 13.43 12.84 13.96 11.78 11.80 10.72  8.74  9.40 12.85 13.56 17.41
MEAN      3.49  3.53  3.91  4.34  4.60  4.93  4.93  4.70  5.19  5.11  4.65  4.21
STD DEV   1.51  1.47  1.77  2.04  2.08  2.10  2.15  2.11  2.32  2.14  2.12  1.82
SKEW      0.80  0.70  0.59  0.68  0.64  0.60  0.57  0.70  0.60  0.53  0.61  0.66
% SSW     7.95  6.90  5.52  5.34  6.25  6.30  6.59  5.83  6.21  8.57  7.49 10.44
MEAN      4.09  4.03  4.45  4.60  5.03  4.80  5.30  5.22  5.72  5.95  5.08  4.92
STD DEV   1.83  1.62  2.08  2.18  2.29  2.28  2.41  2.60  2.75  2.57  2.34  2.14
SKEW      0.67  0.30  0.38  0.54  0.48  0.71  0.51  0.61  0.38  0.39  0.49  0.44
% SW      7.12  5.45  3.66  4.54  4.77  5.23  3.93  4.37  4.55  4.51  5.10  5.59
MEAN      3.70  3.73  4.00  3.78  4.16  3.98  4.49  4.28  5.03  4.81  4.26  4.18
STD DEV   1.73  1.62  2.10  1.89  2.55  2.06  2.45  2.01  2.70  2.58  2.24  2.05
SKEW      0.80  0.65  0.71  0.68  1.53  1.23  1.15  0.72  0.74  1.03  0.98  0.70
% WSW     4.21  3.48  2.01  2.66  3.99  4.41  3.60  4.26  4.50  3.45  3.88  4.19
MEAN      3.73  3.68  3.81  3.81  4.12  4.40  4.22  4.54  5.55  4.79  4.17  3.94
STD DEV   1.67  1.79  2.06  2.07  2.14  2.34  2.17  2.25  2.85  2.75  1.94  1.67
SKEW      0.58  0.59  0.83  0.81  0.77  1.04  0.79  0.87  0.60  0.84  0.55  0.45
% W       3.60  2.79  2.31  3.40  5.35  6.64  4.88  5.58  6.26  4.27  4.51  3.29
MEAN      3.13  3.20  2.96  3.52  4.28  4.62  4.32  4.91  5.77  5.30  4.03  3.64
STD DEV   1.56  1.59  1.39  1.76  2.11  2.46  2.28  2.50  2.72  3.11  2.18  1.73
SKEW      0.98  0.97  1.10  0.85  0.86  0.96  0.74  0.70  0.30  0.80  1.09  0.58
% WNW     2.16  1.76  2.06  3.89  6.98  7.81  7.76  7.65  7.71  5.58  3.80  2.58
MEAN      3.56  3.40  3.57  4.75  5.00  5.41  5.39  5.20  6.16  6.11  4.73  4.52
STD DEV   1.68  1.61  1.63  2.28  2.38  2.27  2.32  2.31  2.61  2.79  2.33  2.00
SKEW      0.56  0.65  0.37  0.76  0.53  0.35  0.42  0.49  0.14  0.33  0.68  0.60
% NW      2.35  2.48  2.95  4.80  8.00  6.94  7.33  7.03  6.95  5.60  4.33  2.21
MEAN      3.25  3.37  3.82  4.60  5.11  5.26  5.17  5.06  5.41  5.50  4.50  3.82
STD DEV   1.63  1.52  1.83  2.23  2.33  2.22  2.16  2.28  2.33  2.47  2.18  1.94
SKEW      0.99  0.64  0.56  0.55  0.46  0.42  0.41  0.49  0.19  0.28  0.76  0.59
% NNW     3.08  3.21  5.11  7.31  7.62  6.89  8.94  8.65  7.01  7.42  5.24  2.85
MEAN      3.60  3.70  3.94  4.53  5.12  5.01  5.24  5.48  5.19  5.14  4.37  3.78
STD DEV   1.79  1.69  1.88  2.07  2.19  1.99  2.02  2.33  2.02  2.19  2.03  1.57
SKEW      0.82  0.61  0.61  0.52  0.44  0.38  0.34  0.39  0.33  0.35  0.68  0.44
CALM     15.68 15.54 17.11 15.17 11.77  8.38  7.08  7.62  6.13  7.20 11.63 13.70
                                                                                
INTERPOLATED DATA (station & weighting factor)                                  
                                                                                
---Wind Stations---                                                             
SPRINGFIELD   MO     .374  FT. LEONARD W.MO     .334  FLIPPIN       AR     .292 
