 Australia    Campbell Town (Elizabeth R)                                       
 LATT= -41.93 LONG= 147.49 YEARS= 20. TYPE= 3
 ELEVATION =  630. TP5 = 2.32 TP6= 5.37
 MEAN P    .29   .21   .22   .20   .18   .17   .17   .19   .18   .19   .24   .22
 S DEV P   .34   .35   .26   .22   .28   .21   .24   .25   .20   .23   .31   .28
 SKEW  P  2.42  5.38  1.96  1.83  4.77  2.76  3.44  3.94  2.46  3.12  2.92  2.45
 P(W/W)    .37   .33   .38   .39   .42   .50   .53   .43   .46   .48   .47   .44
 P(W/D)    .15   .20   .19   .19   .23   .22   .27   .29   .28   .28   .24   .19
 TMAX AV 73.82 72.83 69.31 62.73 56.84 52.77 51.72 53.35 56.76 60.70 65.75 69.63
 TMIN AV 53.61 53.65 51.21 46.34 42.48 39.61 38.78 39.35 41.31 43.89 48.21 50.84
 SD TMAX  6.87  5.88  5.93  4.82  3.82  3.15  2.84  3.41  4.01  5.18  6.13  6.17
 SD TMIN  5.52  5.57  5.83  5.80  5.87  5.57  5.16  5.32  5.33  5.49  5.30  5.37
 SOL.RAD  533.  455.  353.  240.  159.  124.  138.  207.  302.  409.  481.  531.
 SD SOL  138.8 131.0 102.7  74.0  52.9  43.0  49.9  66.9  90.7 111.6 139.0 136.6
 MX .5 P   .55   .33   .30   .16   .13   .07   .12   .10   .12   .19   .36   .38
 DEW PT  48.70 49.90 48.31 45.35 42.48 40.51 39.41 39.32 40.82 42.56 46.06 46.86
Time Pk   .070  .150  .240  .320  .400  .510  .600  .690  .780  .860  .940 1.000
% N       7.15  5.62  7.02  4.63  5.97  5.70  4.28  7.56  9.64  8.70  9.57  8.26
MEAN      4.70  5.07  5.14  5.75  5.69  5.60  5.86  6.09  6.04  6.21  5.56  5.18
STD DEV   1.80  1.85  1.98  1.99  2.27  2.11  2.30  2.20  2.40  2.28  2.13  2.04
SKEW      0.63  0.15  0.43  0.15  0.38  0.35  0.84  0.45  0.53  0.27  0.44  0.43
% NNE     8.50  6.47  6.35  3.10  2.94  2.79  2.28  4.25  7.28  7.07  9.69  7.83
MEAN      4.79  5.09  5.20  5.31  5.58  5.88  5.37  5.45  5.74  6.08  5.71  4.97
STD DEV   1.83  1.80  2.17  2.37  2.44  2.51  2.74  2.27  2.34  2.46  2.08  1.92
SKEW      0.69  0.38  0.67  0.30  0.45  0.40  0.71  0.62  0.84  0.48  0.34  0.60
% NE      6.45  5.67  5.76  2.69  2.14  1.98  2.61  5.28  6.09  6.89  8.02  6.21
MEAN      4.31  4.46  4.92  4.65  5.69  6.13  6.74  5.46  5.53  5.73  5.29  4.40
STD DEV   1.56  1.62  1.96  2.20  2.81  2.68  3.85  2.40  2.43  2.43  2.16  1.83
SKEW      0.53  0.77  0.76  1.14  0.71  0.16  0.90  0.78  0.75  0.66  0.35  1.33
% ENE     4.87  5.33  4.79  2.85  2.19  1.99  2.69  5.14  5.19  6.37  5.94  4.79
MEAN      4.32  4.16  4.89  4.61  4.72  5.78  5.77  5.64  5.22  5.14  4.94  4.03
STD DEV   1.54  1.47  1.95  1.80  2.11  2.27  2.63  2.15  1.92  2.00  1.72  1.39
SKEW      0.37  0.47  0.47  0.66  0.80  0.08  0.64  0.24  0.37  0.57  0.37  0.48
% E       6.56  6.20  5.25  2.98  2.16  2.88  3.06  4.67  5.38  6.74  6.19  5.71
MEAN      3.77  3.81  3.99  4.23  4.69  5.70  5.23  4.80  4.87  4.90  4.36  4.07
STD DEV   1.33  1.37  1.36  1.60  2.12  2.37  1.92  1.92  1.99  1.95  1.61  1.47
SKEW      0.73  0.57  0.59  0.92  0.71  0.14  0.24  0.55  0.72  0.69  0.60  0.32
% ESE     4.22  3.93  3.54  3.11  1.48  2.68  2.14  2.73  3.51  4.49  4.24  4.22
MEAN      3.75  3.69  3.99  3.89  4.00  4.85  5.02  4.24  4.46  4.47  4.36  3.84
STD DEV   1.34  1.18  1.46  1.38  1.63  1.96  1.85  1.73  1.80  1.94  1.88  1.37
SKEW      0.33  0.54  0.87  0.82  0.43  0.57  0.22  0.63  0.53  0.78  0.81  0.47
% SE      3.65  3.36  4.75  3.66  2.49  4.12  3.99  2.47  2.99  4.43  4.51  4.10
MEAN      3.32  3.46  4.14  4.29  4.52  4.92  4.91  4.15  4.42  4.65  4.40  3.47
STD DEV   1.21  1.24  1.70  1.71  1.70  1.84  1.96  1.61  1.84  1.92  1.93  1.43
SKEW      0.75  0.75  0.79  0.55  0.35  0.36  0.60  0.60  0.73  0.48  0.74  1.16
% SSE     3.22  3.21  4.67  4.82  4.15  4.50  3.75  2.98  3.42  4.53  4.17  4.13
MEAN      3.46  3.73  4.41  4.74  4.99  4.77  4.94  4.61  5.17  5.30  4.58  3.90
STD DEV   1.22  1.47  1.88  1.82  1.87  1.88  1.92  2.00  2.16  2.11  1.85  1.71
SKEW      0.85  0.75  0.75  0.33  0.33  0.38  0.69  0.71  0.55  0.34  0.63  1.57
% S       9.17  9.74 11.85 14.92 11.08  9.77  9.03  7.53  8.25 10.59  8.78 10.15
MEAN      4.30  4.14  4.59  5.32  5.51  5.68  5.76  5.79  6.28  6.08  5.45  5.02
STD DEV   1.72  1.62  1.78  2.17  2.24  2.21  2.21  2.17  2.42  2.35  2.21  2.08
SKEW      0.67  0.62  0.61  0.54  0.62  0.36  0.69  0.25  0.27  0.37  0.21  0.84
% SSW     7.72  9.85  8.57 10.43 10.09  8.90  7.84  7.52  6.41  5.87  6.95  9.69
MEAN      4.68  4.63  4.67  5.59  5.51  5.59  5.73  5.95  6.37  6.21  5.73  5.16
STD DEV   1.66  1.74  1.88  2.02  2.06  2.14  2.25  2.18  2.37  2.55  2.13  1.88
SKEW      0.52  0.55  0.43  0.25  0.24  0.66  0.56  0.18  0.32  0.43  0.53  0.42
% SW      9.53 10.28  7.80  9.15  8.84  8.23  7.98  5.47  5.73  5.67  7.14  9.36
MEAN      4.70  4.53  4.57  5.21  5.18  5.57  5.53  5.57  5.79  6.16  5.76  5.25
STD DEV   1.64  1.63  1.82  1.98  1.97  1.88  2.00  2.10  2.26  2.62  2.11  1.87
SKEW      0.41  0.48  0.74  0.32  0.27  0.32  0.30  0.78  0.61  0.62  0.35  0.42
% WSW     8.80  9.95  6.62  8.70  9.61  9.85 11.84  7.97  7.93  6.17  7.09  8.43
MEAN      4.75  4.46  4.64  5.19  5.59  5.70  5.80  5.87  6.09  6.61  5.89  5.12
STD DEV   1.73  1.65  1.85  1.99  2.29  2.20  2.17  2.30  2.50  2.69  2.30  1.73
SKEW      0.72  0.59  0.63  0.54  0.70  0.53  0.54  0.66  0.60  0.57  0.68  0.48
% W       6.55  6.90  6.57  9.84 13.11 12.63 15.82 11.96  8.91  8.28  6.68  6.58
MEAN      4.31  4.09  4.44  5.23  5.48  5.89  6.00  5.75  5.56  6.30  5.61  4.86
STD DEV   1.72  1.67  1.89  2.21  2.18  2.33  2.38  2.19  2.25  2.60  2.25  1.97
SKEW      0.64  0.73  0.72  0.59  0.44  0.60  0.62  0.47  0.56  0.69  0.40  0.65
% WNW     4.95  4.32  5.45  7.28  9.39 10.41  9.82 10.20  7.55  5.69  4.43  3.63
MEAN      4.57  4.30  4.42  5.09  5.73  5.57  5.86  5.87  5.83  5.92  5.39  4.69
STD DEV   1.74  1.77  1.91  2.01  2.02  2.03  2.17  2.11  2.14  2.28  2.05  1.81
SKEW      0.47  0.83  0.99  0.56  0.16  0.28  0.43  0.38  0.22  0.49  0.43  0.44
% NW      3.87  3.69  5.38  6.19  8.06  7.46  7.72  8.35  6.59  4.64  3.25  3.13
MEAN      4.50  4.62  5.01  5.36  5.87  5.58  5.87  5.89  5.77  5.86  5.18  4.97
STD DEV   1.69  1.76  1.76  2.00  2.08  1.82  2.03  2.17  2.12  2.19  1.87  1.90
SKEW      0.65  0.87  0.20  0.56  0.17  0.12  0.20  0.33  0.32  0.45  0.20  0.41
% NNW     2.27  2.92  3.54  4.07  5.22  5.00  4.42  5.34  4.19  2.81  2.02  1.75
MEAN      4.10  4.66  4.87  5.77  6.18  5.80  5.64  6.16  6.01  5.87  5.01  4.45
STD DEV   1.41  1.56  1.71  1.93  2.13  1.97  1.97  1.97  2.24  2.28  2.11  2.09
SKEW      0.49  0.27  0.33  0.16  0.09  0.18  0.16  0.44  0.81  0.15  0.69  0.21
CALM      2.55  2.62  2.12  1.57  1.03  1.08  0.80  0.69  0.79  1.02  1.35  2.03
                                                                                
INTERPOLATED DATA (station & weighting factor)                                  
                                                                                
---Wind Stations---                                                             
CHICAGO/MID.  IL     .361  CHICAGO       IL     .361  CHICAGO/OHARE IL     .279 
