 Australia    Merrimu Reservoir                                                 
 LATT= -37.63 LONG= 144.50 YEARS= 20. TYPE= 3
 ELEVATION =  659. TP5 = 2.09 TP6= 4.31
 MEAN P    .20   .24   .15   .17   .12   .13   .10   .11   .12   .16   .25   .20
 S DEV P   .34   .48   .23   .26   .17   .18   .13   .13   .19   .26   .34   .28
 SKEW  P  3.65  4.25  4.15  3.61  2.72  2.91  4.32  2.90  3.55  4.67  2.33  2.83
 P(W/W)    .49   .38   .37   .45   .50   .52   .53   .56   .52   .48   .53   .47
 P(W/D)    .16   .20   .19   .22   .26   .26   .34   .35   .31   .28   .23   .18
 TMAX AV 76.84 75.86 71.70 64.58 56.91 51.77 50.64 52.61 57.63 63.07 68.73 72.97
 TMIN AV 53.41 54.02 51.51 47.12 43.55 40.58 39.80 39.86 41.83 44.14 47.99 50.29
 SD TMAX 10.63  9.81  9.29  7.52  5.20  3.66  3.27  4.76  6.26  8.64  9.91 10.28
 SD TMIN  7.88  6.88  6.75  6.13  5.38  4.50  4.18  4.79  5.74  6.93  7.55  7.64
 SOL.RAD  553.  489.  396.  275.  193.  153.  170.  234.  328.  420.  487.  549.
 SD SOL  141.5 127.0 108.9  87.2  64.2  51.7  60.5  77.0 100.5 123.9 138.8 147.0
 MX .5 P   .60   .54   .33   .26   .24   .15   .17   .18   .18   .28   .50   .47
 DEW PT  49.89 51.14 48.59 45.74 43.55 41.47 40.22 39.62 41.07 42.69 46.51 47.52
Time Pk   .070  .150  .240  .320  .400  .510  .600  .690  .780  .860  .940 1.000
% N       3.48  3.94  4.08  4.18  2.76  2.71  3.03  4.31  4.28  4.45  4.23  3.54
MEAN      2.61  2.55  2.73  3.01  3.02  3.19  3.23  3.40  3.47  3.53  3.04  2.90
STD DEV   1.13  1.11  1.23  1.36  1.37  1.42  1.48  1.51  1.55  1.60  1.38  1.28
SKEW      0.88  0.68  1.08  0.81  1.01  0.77  0.68  0.72  0.66  0.72  0.72  0.92
% NNE     2.97  3.56  3.91  3.54  2.38  2.38  2.96  3.62  3.95  3.33  3.56  3.13
MEAN      2.52  2.47  2.61  2.50  2.61  2.89  2.92  3.09  3.23  3.12  2.92  2.78
STD DEV   0.96  1.04  1.18  1.10  1.19  1.40  1.41  1.36  1.42  1.33  1.32  1.17
SKEW      0.68  0.96  0.93  0.88  0.81  1.31  0.65  0.81  0.61  0.50  0.82  0.80
% NE      3.42  3.98  4.92  4.01  2.49  2.95  4.04  5.31  5.12  5.04  4.20  3.58
MEAN      2.32  2.23  2.26  2.31  2.38  2.37  2.61  2.71  2.93  2.85  2.50  2.42
STD DEV   1.01  0.93  0.95  1.04  0.97  0.98  1.25  1.22  1.31  1.27  1.15  1.06
SKEW      0.95  0.95  1.03  1.14  0.91  0.81  0.97  1.03  0.67  0.76  1.00  1.04
% ENE     2.69  2.86  3.62  3.12  1.75  2.41  2.88  3.46  3.71  3.69  3.36  2.66
MEAN      2.28  2.19  2.40  2.26  2.31  2.53  2.70  2.81  2.93  2.95  2.50  2.37
STD DEV   0.86  0.96  1.06  0.95  0.87  1.02  1.37  1.27  1.27  1.31  1.06  0.94
SKEW      0.65  1.10  1.03  1.13  1.11  0.70  0.90  1.10  0.75  0.95  0.76  0.62
% E       3.33  4.02  4.77  4.53  2.67  3.88  3.25  3.99  4.75  4.03  4.04  3.76
MEAN      2.29  2.20  2.35  2.28  2.40  2.59  2.59  2.74  2.90  2.86  2.48  2.40
STD DEV   0.99  0.91  0.95  0.92  1.00  1.09  1.13  1.13  1.21  1.26  1.00  1.04
SKEW      1.32  1.04  1.05  1.29  1.02  0.97  0.88  0.69  0.78  0.86  0.87  1.09
% ESE     2.27  2.56  3.44  3.56  2.65  2.78  1.91  2.05  2.29  2.53  2.51  3.16
MEAN      2.32  2.33  2.31  2.37  2.43  2.54  2.52  2.68  2.91  2.83  2.56  2.47
STD DEV   0.91  0.87  0.85  0.92  0.92  0.99  0.94  1.07  1.27  1.10  1.04  1.06
SKEW      0.98  0.81  1.14  1.07  0.93  0.95  0.71  0.87  0.85  0.81  1.12  1.13
% SE      2.20  2.22  2.65  2.45  1.86  2.22  2.71  2.29  3.45  2.76  2.41  2.42
MEAN      2.14  2.10  2.40  2.49  2.67  2.68  2.78  2.87  3.40  3.03  2.54  2.43
STD DEV   0.81  0.81  1.06  1.00  1.28  1.09  1.23  1.35  1.68  1.39  1.12  1.09
SKEW      0.93  1.05  1.37  1.12  0.96  0.95  1.07  0.81  0.92  0.88  1.28  1.07
% SSE     2.69  2.69  3.39  3.20  3.29  3.28  2.63  3.02  3.20  3.03  2.74  3.25
MEAN      2.51  2.40  2.62  2.95  3.57  3.43  3.40  3.73  3.64  3.30  3.00  2.69
STD DEV   1.07  0.89  1.17  1.43  1.74  1.60  1.65  1.63  1.70  1.47  1.38  1.14
SKEW      1.07  0.57  0.90  0.81  0.66  0.69  0.75  0.44  0.63  0.55  0.99  0.96
% S       7.43  6.80  6.71  6.56  7.47  7.31  7.57  5.70  6.08  6.55  6.78  7.83
MEAN      2.60  2.58  2.98  3.22  3.74  3.82  3.77  3.89  3.93  3.64  3.14  2.88
STD DEV   1.08  1.18  1.43  1.53  1.78  1.76  1.74  1.87  1.92  1.72  1.44  1.28
SKEW      0.80  1.15  0.97  0.96  0.69  0.57  0.66  0.63  0.73  0.67  0.74  0.85
% SSW     8.72  7.03  7.09  7.44 10.25  8.43  8.49  7.07  5.98  7.10  7.54  9.16
MEAN      3.07  2.85  3.13  3.36  4.04  3.94  4.34  4.21  4.33  4.27  3.50  3.28
STD DEV   1.36  1.20  1.47  1.57  1.88  1.79  2.06  1.92  2.00  2.01  1.63  1.48
SKEW      0.82  0.73  0.88  0.76  0.73  0.53  0.58  0.57  0.64  0.56  0.79  0.85
% SW      8.92  7.17  6.46  7.56 10.47  9.96  9.30  8.99  7.89  9.33  8.85 10.08
MEAN      3.25  3.09  3.31  3.72  4.35  4.22  4.50  4.36  4.60  4.69  3.75  3.58
STD DEV   1.54  1.51  1.54  1.87  2.14  2.01  2.13  2.14  2.33  2.36  1.85  1.62
SKEW      0.82  0.97  0.80  0.79  0.76  0.58  0.45  0.60  0.63  0.45  0.87  0.63
% WSW     6.26  5.57  5.18  6.51 11.27 12.07 10.19  9.77 10.64  9.12  7.90  6.87
MEAN      3.64  3.51  3.66  4.01  4.77  4.75  4.97  4.98  5.44  5.16  4.33  3.95
STD DEV   1.62  1.60  1.69  1.89  2.15  2.18  2.29  2.22  2.42  2.39  2.03  1.74
SKEW      0.59  0.66  0.60  0.56  0.49  0.49  0.43  0.33  0.44  0.44  0.48  0.45
% W       4.64  4.25  4.18  5.00  8.50  9.47 10.38 10.62 10.17  7.88  6.45  4.79
MEAN      3.19  3.09  3.26  3.88  4.53  4.78  4.75  4.82  4.99  4.64  3.85  3.53
STD DEV   1.52  1.52  1.62  1.84  2.10  2.29  2.31  2.23  2.49  2.37  1.96  1.78
SKEW      0.70  0.89  0.69  0.49  0.44  0.57  0.51  0.35  0.77  0.59  0.69  0.72
% WNW     2.74  3.12  3.03  3.53  5.57  5.48  5.38  6.24  6.03  5.24  4.38  3.07
MEAN      3.10  3.03  3.43  3.76  4.42  4.45  4.38  4.74  4.77  4.66  3.76  3.33
STD DEV   1.49  1.36  1.69  1.67  1.95  1.94  2.08  2.17  2.15  2.12  1.75  1.55
SKEW      0.85  0.72  0.73  0.42  0.37  0.50  0.41  0.42  0.37  0.51  0.55  0.70
% NW      3.06  3.00  3.25  3.40  3.27  3.15  5.18  4.86  5.22  5.19  4.33  3.08
MEAN      2.98  2.90  2.89  3.31  3.75  3.79  3.55  3.92  4.10  4.01  3.25  3.09
STD DEV   1.32  1.38  1.30  1.56  1.82  1.81  1.72  1.84  1.92  1.89  1.47  1.33
SKEW      0.88  0.84  0.94  0.63  0.74  0.76  0.63  0.54  0.59  0.54  0.72  0.80
% NNW     3.24  3.11  3.15  3.42  2.98  2.72  3.20  3.50  3.46  3.89  3.63  2.92
MEAN      2.94  2.78  2.96  3.42  3.66  3.62  3.74  3.86  4.00  3.97  3.14  3.17
STD DEV   1.36  1.22  1.34  1.62  1.65  1.62  1.72  1.79  1.82  1.72  1.38  1.44
SKEW      0.81  0.81  0.67  0.81  0.50  0.66  0.45  0.66  0.47  0.40  0.61  0.74
CALM     31.92 34.04 30.20 27.97 20.35 18.75 17.03 15.27 13.81 16.87 23.10 26.62
                                                                                
INTERPOLATED DATA (station & weighting factor)                                  
                                                                                
---Wind Stations---                                                             
HUNTINGTON/TS.WV     .412  COLUMBUS/LOC. OH     .298  PARKERSBURG   WV     .290 
