 Australia    Tamaru                                                            
 LATT= -34.88 LONG= 118.05 YEARS= 20. TYPE= 3
 ELEVATION =  220. TP5 = 2.43 TP6= 5.63
 MEAN P    .15   .18   .21   .22   .22   .23   .24   .27   .22   .19   .17   .21
 S DEV P   .26   .28   .29   .41   .26   .24   .32   .38   .29   .22   .19   .34
 SKEW  P  4.99  3.50  2.51  4.59  2.16  1.87  5.74  5.31  3.71  2.72  1.69  3.51
 P(W/W)    .39   .38   .44   .46   .53   .62   .58   .61   .54   .49   .50   .43
 P(W/D)    .19   .14   .20   .26   .31   .39   .41   .40   .38   .31   .23   .16
 TMAX AV 75.90 76.04 74.16 70.01 65.21 60.84 58.77 59.80 62.09 66.04 70.43 73.61
 TMIN AV 57.74 58.90 57.09 53.78 49.82 47.00 45.42 45.76 46.91 49.23 52.44 54.83
 SD TMAX  8.21  7.72  8.21  7.07  5.55  4.40  3.97  4.85  6.05  7.16  8.07  8.18
 SD TMIN  4.33  4.15  4.95  4.98  4.71  4.03  3.98  4.16  4.51  4.75  4.64  4.16
 SOL.RAD  534.  475.  381.  280.  216.  178.  192.  255.  339.  430.  508.  551.
 SD SOL  137.8 129.5 115.2  89.5  68.4  60.1  65.8  79.3  99.8 115.2 124.1 134.1
 MX .5 P   .53   .41   .46   .37   .38   .30   .22   .31   .28   .41   .49   .47
 DEW PT  54.52 55.57 54.23 52.22 48.69 46.22 45.08 45.41 46.10 48.00 50.25 52.21
Time Pk   .070  .170  .250  .340  .430  .520  .610  .690  .770  .850  .940 1.000
% N       5.78  6.44 10.17  8.45  6.46  6.13  8.09  7.07  6.41  5.30  5.66  4.52
MEAN      2.83  2.69  2.87  3.29  4.11  4.00  4.57  4.32  4.36  3.93  3.70  3.15
STD DEV   1.40  1.35  1.69  1.86  2.09  2.02  2.22  2.19  2.00  1.82  1.99  1.60
SKEW      0.71  0.89  1.04  0.93  0.42  0.55  0.32  0.49  0.20  0.42  0.60  0.68
% NNE     7.95  9.52 11.45  8.53  6.08  6.70  8.43  9.27  6.46  6.40  6.86  6.02
MEAN      3.18  3.32  3.57  3.95  4.07  4.42  4.82  4.62  4.27  4.40  4.06  3.48
STD DEV   1.61  1.69  1.88  2.01  1.96  2.29  1.99  2.10  1.89  1.92  1.89  1.73
SKEW      0.60  0.71  0.78  0.54  0.47  0.61  0.21  0.35  0.20  0.14  0.57  0.42
% NE      6.18  6.81  7.27  5.02  4.56  5.22  5.12  6.79  6.22  4.65  4.64  4.74
MEAN      3.03  3.10  3.26  3.42  3.60  4.01  3.94  4.00  4.14  3.98  3.47  3.42
STD DEV   1.49  1.60  1.88  1.73  1.76  1.96  1.95  1.76  1.94  1.90  1.84  1.65
SKEW      0.47  0.75  1.26  0.80  0.54  0.54  0.62  0.23  0.27  0.31  0.59  0.50
% ENE     4.36  4.20  4.23  2.78  2.07  2.90  2.97  4.63  5.16  4.51  4.24  3.51
MEAN      2.74  2.87  2.84  3.16  3.06  3.52  3.40  3.69  4.34  3.90  3.19  3.13
STD DEV   1.35  1.42  1.55  1.66  1.59  1.70  1.62  1.73  1.94  1.72  1.59  1.60
SKEW      0.69  0.46  0.90  1.07  1.06  0.62  0.60  0.62  0.42  0.23  0.56  0.74
% E       3.38  3.30  3.70  2.85  1.81  2.27  2.35  3.01  3.12  3.18  3.25  2.87
MEAN      2.67  2.58  2.54  2.39  2.32  3.07  3.27  3.29  3.47  3.28  2.71  2.67
STD DEV   1.19  1.23  1.26  1.28  1.01  1.69  1.52  1.60  1.85  1.77  1.29  1.34
SKEW      0.64  0.80  0.83  0.69  0.49  1.06  0.62  0.52  0.85  0.75  0.57  0.69
% ESE     3.31  3.53  3.46  2.40  1.44  2.16  2.06  2.98  3.15  3.38  3.58  3.04
MEAN      2.50  2.63  2.59  2.55  2.54  2.88  2.56  3.31  3.51  3.38  3.09  2.81
STD DEV   1.14  1.19  1.29  1.37  1.32  1.36  1.17  1.59  1.72  1.63  1.43  1.36
SKEW      0.51  0.70  0.79  0.97  0.78  0.43  0.51  0.88  0.56  0.64  0.72  0.66
% SE      4.28  4.82  5.43  4.18  3.05  4.00  3.93  3.67  5.15  4.41  4.82  4.79
MEAN      2.59  2.68  2.84  2.67  2.83  2.83  2.92  3.64  3.57  3.17  3.16  2.78
STD DEV   1.26  1.36  1.43  1.31  1.43  1.43  1.38  1.78  1.75  1.72  1.53  1.37
SKEW      0.71  0.84  0.74  0.75  0.85  0.75  0.69  0.88  0.82  1.10  0.63  0.77
% SSE     6.91  6.53  6.15  7.74  8.13  8.77  8.67  7.71  9.50  9.61  7.88  7.79
MEAN      2.88  2.65  3.15  3.02  3.49  3.79  3.64  3.72  4.11  4.06  3.50  3.17
STD DEV   1.44  1.27  1.58  1.48  1.87  1.94  1.75  1.75  1.93  1.96  1.84  1.48
SKEW      0.70  0.91  0.65  0.58  0.89  0.82  0.60  0.55  0.48  0.75  0.92  0.61
% S      10.08  8.79  7.99 10.01 10.13 11.26 10.86  7.63  8.86 11.41 10.10 10.86
MEAN      3.00  2.87  3.18  3.16  3.72  3.85  4.34  3.74  4.26  4.13  3.71  3.35
STD DEV   1.47  1.46  1.64  1.76  2.02  1.99  2.16  1.83  2.12  2.00  1.83  1.80
SKEW      0.57  0.65  0.70  0.96  0.80  0.84  0.87  0.58  0.65  0.61  0.61  0.78
% SSW    10.11  7.94  6.06  6.97 10.08  9.86 10.90 10.77  8.35 11.27 10.71 15.02
MEAN      4.04  3.54  4.22  4.24  4.65  4.54  5.50  5.27  5.77  5.95  5.13  4.71
STD DEV   1.72  1.69  1.94  2.09  2.26  2.13  2.40  2.48  2.78  2.49  2.48  2.16
SKEW      0.32  0.57  0.35  0.47  0.70  0.52  0.60  0.66  0.43  0.27  0.56  0.48
% SW      7.23  5.50  3.47  3.87  5.05  5.96  3.68  4.33  4.07  4.80  7.19  8.58
MEAN      3.85  3.58  3.51  3.55  3.80  3.77  4.20  4.27  4.96  5.04  4.30  4.09
STD DEV   1.69  1.67  1.89  1.85  2.09  1.86  2.08  2.18  2.48  2.55  2.22  1.95
SKEW      0.32  0.56  0.78  0.57  0.97  0.76  0.52  0.64  0.54  0.35  1.18  0.49
% WSW     4.26  2.90  1.70  2.27  2.91  3.33  2.32  2.96  3.51  2.81  3.71  4.32
MEAN      3.56  3.15  2.99  3.14  3.62  3.63  3.54  4.17  4.88  4.51  3.66  3.98
STD DEV   1.79  1.57  1.46  1.76  2.15  2.05  1.82  2.39  2.56  2.81  1.80  1.84
SKEW      0.42  0.45  0.52  0.72  0.96  0.84  0.74  1.38  0.69  0.75  0.44  0.38
% W       3.10  2.18  1.53  2.48  3.82  3.82  2.61  3.54  4.17  3.41  3.56  2.88
MEAN      2.58  2.72  2.52  2.98  3.24  3.77  3.51  3.68  5.26  4.32  3.05  2.98
STD DEV   1.33  1.43  1.40  1.75  1.92  2.10  2.13  2.21  2.63  3.09  1.67  1.50
SKEW      0.70  0.57  0.89  1.06  0.80  0.72  2.30  0.88  0.16  1.10  1.02  0.51
% WNW     1.92  1.85  1.73  2.40  4.43  5.37  4.19  4.80  5.74  5.19  3.39  1.92
MEAN      2.81  3.12  2.76  4.05  4.13  4.75  5.14  4.86  5.91  5.70  4.50  3.40
STD DEV   1.33  1.65  1.61  2.36  2.05  2.29  2.57  2.55  2.61  2.90  2.55  1.63
SKEW      0.45  0.49  1.11  0.78  0.57  0.54  0.59  0.66  0.32  0.33  0.75  0.20
% NW      2.28  2.12  2.50  3.64  6.83  4.52  4.63  5.15  6.01  5.52  2.90  2.25
MEAN      2.53  2.36  2.70  3.50  4.43  4.35  4.62  4.51  5.30  4.70  3.61  3.18
STD DEV   1.40  1.23  1.59  2.05  2.28  2.10  2.27  2.29  2.38  2.40  2.12  1.61
SKEW      0.96  1.39  0.88  0.85  0.48  0.42  0.83  0.51  0.21  0.44  0.70  0.60
% NNW     2.63  3.81  4.86  5.40  7.74  6.09  8.56  6.93  7.19  6.47  4.40  2.52
MEAN      2.99  3.09  3.46  4.11  4.88  4.83  5.12  5.52  5.38  5.00  4.07  3.62
STD DEV   1.64  1.53  1.89  2.10  2.34  2.21  2.19  2.40  2.18  2.24  2.05  1.72
SKEW      0.77  0.53  0.62  0.59  0.35  0.28  0.40  0.53  0.38  0.27  0.48  0.52
CALM     16.38 19.95 18.27 20.93 15.52 11.66 10.72  8.85  7.13  7.78 13.11 14.32
                                                                                
INTERPOLATED DATA (station & weighting factor)                                  
                                                                                
---Wind Stations---                                                             
WALNUT RIDGE  AR     .678  JACKSONVILLE  AR     .173  BLYTHEVILLE   AR     .150 
