 Australia    Numeralla (Badja Composite)                                       
 LATT= -36.08 LONG= 149.51 YEARS= 20. TYPE= 3
 ELEVATION = 3392. TP5 = 2.55 TP6= 5.81
 MEAN P    .23   .34   .43   .24   .28   .33   .25   .27   .25   .27   .31   .25
 S DEV P   .35   .48   .88   .38   .58   .70   .78   .49   .44   .41   .44   .36
 SKEW  P  3.08  2.60  5.55  3.03  5.34  4.17  8.43  4.04  6.33  3.46  3.54  3.03
 P(W/W)    .56   .55   .49   .49   .46   .56   .44   .44   .48   .46   .58   .45
 P(W/D)    .27   .29   .21   .18   .18   .20   .19   .18   .25   .25   .29   .24
 TMAX AV 77.03 74.25 70.56 64.77 58.36 52.72 52.20 54.63 60.66 65.46 69.91 73.56
 TMIN AV 56.21 55.76 52.37 46.38 39.97 37.35 35.58 36.51 40.63 44.79 49.91 53.06
 SD TMAX  8.56  7.89  6.68  5.97  4.94  3.84  3.88  4.82  6.60  7.97  8.43  7.96
 SD TMIN  5.82  5.27  5.44  5.44  5.59  5.23  4.98  5.09  6.00  6.23  6.13  5.81
 SOL.RAD  545.  471.  406.  312.  243.  189.  222.  294.  391.  467.  511.  550.
 SD SOL  157.9 142.7 123.5  88.0  67.7  62.3  60.4  78.2 106.6 132.3 148.7 153.0
 MX .5 P   .81   .73   .66   .30   .24   .33   .22   .20   .26   .46   .65   .65
 DEW PT  54.35 54.82 51.77 46.23 39.90 37.02 34.44 34.36 37.99 42.18 47.86 50.54
Time Pk   .070  .150  .240  .320  .400  .510  .600  .690  .780  .860  .940 1.000
% N       6.29  7.15  6.82  8.27  7.23  7.56  7.76  7.52  6.33  6.33  6.24  6.29
MEAN      3.33  3.20  3.35  3.72  3.91  4.02  4.20  4.20  4.18  4.07  3.58  3.35
STD DEV   1.33  1.28  1.36  1.61  1.65  1.74  1.79  1.72  1.89  1.85  1.57  1.33
SKEW      0.97  1.21  0.99  1.10  0.96  0.93  0.70  0.71  0.78  0.80  0.98  0.83
% NNE     2.48  3.31  4.49  4.11  3.08  3.41  3.01  3.03  2.78  2.61  2.75  2.77
MEAN      3.35  3.26  3.50  3.68  3.66  3.61  3.78  3.73  3.80  4.37  3.48  3.43
STD DEV   1.32  1.29  1.42  1.55  1.64  1.66  1.64  1.49  1.64  1.86  1.37  1.37
SKEW      0.89  1.05  1.01  0.83  1.20  1.00  0.63  0.58  0.81  0.73  0.72  0.81
% NE      7.15 10.28 13.97 14.56  9.16 10.33  8.13  9.91  8.45  7.37  7.97  8.43
MEAN      3.34  3.36  3.64  3.70  3.41  3.43  3.56  3.43  3.67  3.75  3.43  3.35
STD DEV   1.25  1.31  1.51  1.53  1.35  1.43  1.64  1.31  1.39  1.61  1.41  1.24
SKEW      0.78  0.87  0.99  0.93  1.09  1.13  1.09  0.76  0.60  0.96  1.21  0.80
% ENE     3.55  3.69  6.03  5.37  3.35  3.55  4.33  4.51  4.01  3.17  3.93  3.89
MEAN      3.54  3.53  3.86  3.81  3.39  3.58  3.86  3.72  3.64  3.64  3.67  3.55
STD DEV   1.24  1.29  1.43  1.50  1.28  1.36  1.58  1.50  1.28  1.24  1.39  1.26
SKEW      0.80  0.88  0.70  0.95  0.84  0.97  0.81  1.50  0.68  0.90  0.75  0.77
% E       4.48  4.48  5.45  4.67  3.49  3.46  3.57  3.37  3.34  3.17  3.98  4.35
MEAN      3.14  2.99  3.07  3.09  3.08  2.98  2.92  3.12  3.23  3.41  3.24  3.13
STD DEV   1.19  1.18  1.20  1.24  1.27  1.14  1.19  1.29  1.33  1.47  1.27  1.20
SKEW      0.80  0.94  1.04  1.06  1.06  1.07  1.29  1.21  1.23  1.17  0.88  0.94
% ESE     2.69  2.67  2.80  2.28  1.92  2.02  2.12  2.44  2.61  2.40  2.82  2.61
MEAN      3.40  3.00  3.38  3.27  3.04  3.21  3.19  3.44  3.61  3.61  3.48  3.56
STD DEV   1.35  1.00  1.38  1.37  1.06  1.22  1.09  1.31  1.32  1.36  1.29  1.27
SKEW      1.07  0.85  0.92  0.91  0.90  0.79  0.73  0.84  0.68  0.73  0.65  0.93
% SE      4.75  4.30  4.36  3.39  3.44  3.79  3.41  3.67  4.45  5.13  4.74  5.09
MEAN      2.99  3.05  2.89  3.00  3.05  3.10  3.08  3.16  3.44  3.48  3.06  3.06
STD DEV   1.08  1.24  1.01  1.14  1.28  1.28  1.28  1.49  1.54  1.45  1.19  1.21
SKEW      0.87  1.34  1.06  1.23  1.58  1.43  0.94  1.34  1.07  0.79  1.11  1.40
% SSE     3.06  2.63  2.55  2.35  2.47  2.41  2.48  2.92  3.04  4.04  3.42  2.80
MEAN      3.23  3.25  3.23  3.22  3.33  3.49  3.58  3.81  3.97  4.05  3.33  3.48
STD DEV   1.12  1.14  1.05  1.04  1.24  1.37  1.55  1.81  1.61  1.62  1.29  1.26
SKEW      0.63  0.76  0.50  0.56  0.89  0.81  0.77  0.85  0.62  0.56  0.76  0.79
% S       5.81  4.82  5.07  3.90  5.27  5.05  6.01  5.20  5.55  7.21  6.21  5.54
MEAN      3.11  3.05  3.11  3.40  3.50  3.70  3.68  3.82  3.95  3.99  3.39  3.25
STD DEV   1.24  1.22  1.15  1.60  1.64  1.90  1.82  1.94  1.88  1.73  1.43  1.36
SKEW      1.34  1.13  0.89  1.08  1.16  1.36  1.06  1.13  0.83  0.83  1.09  1.17
% SSW     4.82  3.18  2.66  2.13  3.48  3.36  3.77  3.91  4.35  5.20  3.87  3.57
MEAN      3.58  3.27  3.26  3.36  4.12  3.95  4.34  4.39  4.73  4.59  4.01  3.59
STD DEV   1.39  1.29  1.24  1.35  1.93  1.86  1.95  2.05  2.08  1.92  1.61  1.34
SKEW      0.79  0.98  0.87  0.84  0.85  0.85  0.67  0.71  0.62  0.66  0.61  0.71
% SW      8.21  6.48  4.28  3.90  7.32  7.21  7.12  7.52  7.22  8.84  7.66  7.26
MEAN      3.50  3.27  3.24  3.35  3.89  4.09  4.11  4.15  4.33  4.51  3.82  3.54
STD DEV   1.41  1.35  1.25  1.50  1.87  1.93  1.91  1.97  2.03  2.03  1.71  1.48
SKEW      0.95  1.05  0.79  1.32  0.94  0.86  0.86  0.88  0.85  0.69  0.86  0.91
% WSW     6.15  4.73  3.34  3.64  5.94  6.90  7.11  7.34  8.19  7.31  6.02  5.93
MEAN      3.63  3.33  3.42  3.62  4.01  4.29  4.24  4.69  4.85  5.05  4.15  3.64
STD DEV   1.32  1.28  1.32  1.62  1.65  1.81  1.71  2.16  2.13  2.22  1.74  1.36
SKEW      0.78  0.94  0.72  1.01  0.68  0.97  0.77  1.09  0.85  0.64  0.84  0.80
% W       6.59  5.61  3.94  4.30  7.04  6.54  7.87  7.18  7.85  7.08  6.71  6.76
MEAN      3.17  3.09  3.14  3.36  4.00  4.01  3.95  4.10  4.69  4.31  3.63  3.37
STD DEV   1.21  1.14  1.29  1.55  1.93  1.93  1.86  1.93  2.28  2.09  1.53  1.40
SKEW      0.90  0.93  1.11  1.28  0.94  0.93  0.98  0.83  0.71  0.90  0.95  0.82
% WNW     2.69  2.75  2.15  2.25  3.65  3.11  3.69  4.00  4.25  3.88  3.27  3.16
MEAN      3.44  3.54  3.52  3.64  4.69  4.63  4.51  4.79  5.73  5.52  4.45  4.01
STD DEV   1.41  1.41  1.39  1.46  2.30  2.15  2.15  2.21  2.64  2.41  2.02  1.68
SKEW      1.30  0.76  0.63  0.66  0.61  0.55  0.68  0.58  0.42  0.44  0.65  0.77
% NW      4.86  4.97  3.90  4.60  5.15  4.32  4.39  4.90  5.19  4.78  4.94  5.07
MEAN      3.23  3.20  3.20  3.52  3.77  3.73  3.77  4.11  4.37  4.32  3.72  3.52
STD DEV   1.34  1.22  1.33  1.58  1.83  1.80  1.78  2.01  2.12  2.05  1.87  1.48
SKEW      1.08  0.82  0.89  1.17  1.32  1.47  1.14  1.17  0.76  0.85  1.26  0.89
% NNW     4.90  4.97  5.05  6.21  7.99  7.98  9.36  9.15  9.20  7.48  6.27  6.02
MEAN      3.18  3.24  3.25  3.68  3.99  3.89  4.24  4.48  4.34  4.58  3.65  3.82
STD DEV   1.25  1.37  1.38  1.43  1.77  1.46  1.69  1.93  1.83  1.77  1.41  1.61
SKEW      1.04  0.80  0.81  0.67  1.05  0.80  0.51  0.53  0.69  0.26  0.56  0.65
CALM     21.51 23.92 23.11 23.99 19.97 18.99 15.77 13.51 13.12 14.05 19.19 20.31
                                                                                
INTERPOLATED DATA (station & weighting factor)                                  
                                                                                
---Wind Stations---                                                             
ANDERSON      SC     .383  ASHEVILLE/MUN.NC     .362  KNOXVILLE/MUN.TN     .254 
