 Australia    Bethanga                                                          
 LATT= -36.13 LONG= 147.10 YEARS= 20. TYPE= 3
 ELEVATION =  856. TP5 = 2.71 TP6= 5.91
 MEAN P    .34   .38   .35   .35   .33   .26   .26   .36   .32   .39   .34   .36
 S DEV P   .44   .47   .48   .45   .41   .29   .29   .50   .38   .44   .40   .45
 SKEW  P  2.33  2.11  2.97  3.52  1.99  2.00  2.94  3.64  2.46  1.82  2.39  2.62
 P(W/W)    .39   .42   .46   .37   .50   .56   .58   .51   .47   .44   .42   .43
 P(W/D)    .11   .10   .09   .14   .18   .24   .24   .25   .27   .18   .17   .12
 TMAX AV 87.63 85.17 79.56 71.15 61.74 55.67 54.13 56.43 62.31 69.47 76.91 82.05
 TMIN AV 62.62 62.12 57.02 49.71 43.17 39.59 38.90 38.98 42.05 47.03 54.06 58.14
 SD TMAX  8.69  7.98  7.71  6.77  5.40  4.17  3.71  4.93  6.08  7.92  8.70  8.57
 SD TMIN  6.97  6.28  6.31  5.87  5.73  5.84  5.50  5.28  5.96  6.74  7.13  6.82
 SOL.RAD  627.  541.  452.  327.  225.  167.  179.  251.  372.  481.  561.  620.
 SD SOL  148.5 138.7 121.6  93.6  78.5  69.6  76.9  99.5 122.2 139.0 154.5 152.9
 MX .5 P   .63   .43   .34   .31   .35   .27   .23   .44   .41   .45   .57   .53
 DEW PT  52.63 53.88 51.14 48.19 44.43 41.90 40.86 40.70 43.09 45.41 49.35 50.06
Time Pk   .070  .170  .260  .360  .450  .540  .620  .700  .780  .860  .940 1.000
% N       4.44  5.30  6.15  7.38  7.70  6.86  8.56  8.26  6.56  6.01  5.63  4.59
MEAN      3.18  3.06  3.58  3.78  3.85  3.84  4.23  4.25  4.18  4.13  3.60  3.28
STD DEV   1.31  1.33  1.55  1.64  1.74  1.60  1.74  1.84  1.79  1.74  1.64  1.33
SKEW      0.77  0.96  0.75  0.69  0.83  0.75  0.47  0.53  0.50  0.47  0.85  0.80
% NNE     2.89  4.16  4.62  4.24  3.60  4.05  3.76  3.61  3.53  3.22  3.29  3.25
MEAN      2.94  3.07  3.35  3.54  3.30  3.65  3.73  3.66  3.62  3.81  3.39  3.10
STD DEV   1.35  1.31  1.44  1.56  1.51  1.57  1.66  1.54  1.66  1.68  1.54  1.33
SKEW      1.20  1.00  0.78  0.85  0.90  0.64  0.59  0.58  0.83  0.59  0.76  0.80
% NE      6.79  8.89 10.29  9.00  7.41  7.03  5.55  5.72  5.28  5.07  5.98  7.03
MEAN      2.64  2.67  2.98  2.94  2.94  3.30  3.06  3.01  3.17  2.96  2.80  2.78
STD DEV   1.11  1.15  1.34  1.46  1.29  1.42  1.38  1.33  1.44  1.35  1.35  1.21
SKEW      1.08  1.27  1.04  1.32  0.86  0.70  0.86  0.80  0.93  1.04  1.21  1.01
% ENE     4.89  6.48  9.77  9.44  5.99  6.25  5.68  6.32  5.29  4.75  4.75  5.33
MEAN      2.87  2.86  3.38  3.09  2.97  3.45  3.43  3.43  3.39  3.15  2.76  2.85
STD DEV   1.30  1.31  1.62  1.49  1.44  1.59  1.56  1.51  1.59  1.50  1.22  1.18
SKEW      1.21  1.07  0.91  1.07  1.05  0.80  0.81  0.65  0.82  1.19  1.11  0.78
% E       8.23 10.46 13.65 11.80  7.21  7.34  5.87  7.38  6.67  6.19  7.35  7.71
MEAN      2.82  2.78  3.36  3.18  2.82  3.69  3.44  3.69  3.91  3.10  2.78  2.92
STD DEV   1.29  1.30  1.59  1.56  1.32  1.83  1.70  1.86  1.99  1.53  1.36  1.34
SKEW      1.08  1.09  0.83  0.94  1.04  0.87  1.03  0.88  0.76  1.19  1.35  0.97
% ESE     4.44  4.92  7.27  6.07  4.02  5.10  4.15  5.20  4.97  4.09  4.94  4.96
MEAN      3.21  3.15  3.87  3.96  3.78  4.49  3.98  4.66  4.75  3.97  3.37  3.51
STD DEV   1.46  1.37  1.63  1.75  1.82  1.99  1.91  2.20  2.26  1.86  1.47  1.50
SKEW      0.71  0.80  0.57  0.49  0.70  0.33  0.63  0.51  0.78  0.60  0.58  0.50
% SE      6.42  6.20  7.50  6.38  5.75  6.65  5.39  5.95  5.83  6.15  6.50  5.95
MEAN      2.90  2.90  3.46  3.64  3.83  4.33  3.92  4.24  4.55  4.02  3.33  3.13
STD DEV   1.27  1.34  1.53  1.67  1.89  2.13  1.84  2.13  2.26  1.81  1.47  1.38
SKEW      0.92  1.12  0.70  0.70  0.80  0.67  0.73  0.91  0.75  0.54  0.89  0.92
% SSE     4.79  4.30  3.78  3.20  5.01  5.23  5.09  4.72  5.33  6.01  4.96  4.45
MEAN      2.95  2.91  3.88  3.50  4.61  4.74  4.38  4.68  4.89  4.51  3.49  3.10
STD DEV   1.19  1.21  1.78  1.30  2.10  2.07  1.99  2.12  2.24  2.20  1.44  1.22
SKEW      0.76  1.09  0.86  0.59  0.38  0.41  0.51  0.36  0.52  0.94  0.63  0.56
% S       5.89  5.12  3.91  2.98  5.33  5.76  6.48  5.76  7.45  8.26  6.06  5.34
MEAN      2.84  2.94  3.25  3.36  4.32  4.43  4.45  4.73  5.15  4.48  3.65  3.13
STD DEV   1.17  1.24  1.39  1.52  2.18  2.15  2.05  2.19  2.43  2.07  1.61  1.34
SKEW      1.05  0.93  0.81  0.88  0.66  0.69  0.52  0.62  0.80  0.70  0.75  0.76
% SSW     4.55  3.04  2.08  1.78  3.41  3.86  5.08  4.71  5.40  6.16  4.51  4.33
MEAN      3.19  3.14  3.60  3.54  4.22  4.71  4.80  5.12  5.38  5.08  4.20  3.74
STD DEV   1.21  1.35  1.73  1.71  1.95  2.12  2.03  2.23  2.17  2.06  1.86  1.57
SKEW      0.74  1.00  0.75  0.78  0.58  0.63  0.45  0.42  0.32  0.24  0.61  0.66
% SW      7.79  4.94  2.92  2.93  4.49  5.02  5.36  5.26  5.94  6.53  6.11  6.94
MEAN      3.31  3.20  3.33  3.36  3.80  4.05  4.17  4.70  4.74  4.59  4.10  3.53
STD DEV   1.37  1.37  1.50  1.53  1.84  1.86  1.94  2.16  2.12  2.05  1.89  1.52
SKEW      0.82  0.95  0.89  0.70  0.70  0.68  0.68  0.42  0.48  0.67  0.69  0.85
% WSW     4.43  2.91  1.49  1.81  2.96  3.72  4.15  3.94  4.07  4.50  3.82  4.04
MEAN      3.40  3.28  3.40  3.64  3.95  4.21  4.32  4.76  4.96  4.67  4.11  3.67
STD DEV   1.42  1.40  1.39  1.58  1.70  1.94  1.97  2.33  2.21  2.14  1.78  1.62
SKEW      0.87  0.82  0.90  0.84  0.50  0.67  0.71  0.71  0.36  0.43  0.62  0.70
% W       6.26  4.41  2.39  3.27  4.77  5.29  5.28  4.92  5.94  5.57  5.21  5.78
MEAN      3.35  3.16  3.03  3.59  4.18  4.37  4.39  4.69  4.94  4.70  3.78  3.73
STD DEV   1.51  1.36  1.37  1.71  1.95  1.99  2.14  2.21  2.35  2.27  1.67  1.75
SKEW      1.29  1.02  1.02  0.83  0.64  0.62  0.86  0.58  0.60  0.60  0.71  0.94
% WNW     2.86  2.47  1.80  2.44  4.85  4.76  5.16  5.26  6.03  5.02  3.84  3.47
MEAN      3.24  3.13  3.39  3.88  4.86  4.87  4.67  5.08  5.40  5.04  4.18  3.71
STD DEV   1.29  1.11  1.27  1.95  2.11  2.10  2.06  2.29  2.40  2.27  1.83  1.65
SKEW      0.84  0.72  0.68  0.82  0.39  0.30  0.47  0.47  0.33  0.50  0.63  0.71
% NW      4.19  4.69  3.25  4.94  7.20  6.28  7.27  6.77  7.44  5.73  5.52  5.58
MEAN      2.97  2.99  3.13  3.64  4.43  4.48  4.50  4.72  4.92  4.58  3.70  3.26
STD DEV   1.20  1.18  1.30  1.68  2.11  2.06  2.10  2.27  2.21  2.14  1.69  1.45
SKEW      0.91  0.96  0.82  1.01  0.61  0.52  0.52  0.55  0.49  0.51  0.75  0.94
% NNW     2.97  3.01  3.59  4.46  6.15  5.18  6.91  6.70  5.69  4.87  4.02  3.87
MEAN      3.20  3.22  3.72  3.97  4.34  4.47  4.71  4.62  4.67  4.53  3.85  3.37
STD DEV   1.25  1.28  1.52  1.64  1.92  2.05  1.88  1.83  1.94  1.90  1.60  1.42
SKEW      0.45  0.58  0.47  0.50  0.58  0.67  0.30  0.41  0.43  0.34  0.54  0.99
CALM     18.20 18.71 15.57 17.88 14.11 11.78 10.32  9.47  8.66 11.90 17.47 17.36
                                                                                
INTERPOLATED DATA (station & weighting factor)                                  
                                                                                
---Wind Stations---                                                             
BIRMINGHAM    AL     .437  ANNISTON      AL     .301  HUNTSVILLE    AL     .262 
