 Brazil    Represa Das Codornas (Mmv)                                           
 LATT= -20.16 LONG= -43.89 YEARS= 20. TYPE= 3
 ELEVATION = 4019. TP5 = 2.10 TP6= 4.82
 MEAN P    .75   .59   .59   .40   .26   .15   .18   .34   .42   .46   .63   .66
 S DEV P   .83   .65   .64   .47   .34   .21   .21   .38   .50   .48   .61   .78
 SKEW  P  2.22  2.09  2.25  2.23  2.63  2.29  1.55  1.82  2.32  1.73  1.34  3.33
 P(W/W)    .78   .65   .60   .47   .36   .25   .29   .36   .36   .57   .67   .78
 P(W/D)    .29   .26   .32   .17   .14   .09   .05   .05   .17   .22   .33   .42
 TMAX AV 81.04 82.15 80.82 79.59 76.29 75.19 75.31 78.14 80.35 82.13 79.51 80.07
 TMIN AV 65.25 64.89 64.28 61.53 56.70 54.25 53.04 54.86 58.84 62.90 64.07 65.06
 SD TMAX  4.53  3.78  3.56  3.59  3.67  3.26  3.98  4.11  5.61  5.75  5.23  4.70
 SD TMIN  1.81  1.83  2.12  3.26  3.85  3.52  3.68  3.74  3.99  3.47  2.92  1.95
 SOL.RAD  478.  489.  437.  410.  367.  351.  371.  443.  484.  497.  438.  456.
 SD SOL  159.6 138.8 130.3  97.9  84.8  70.8  80.0  82.6 128.8 147.4 144.0 156.6
 MX .5 P  1.42  1.13  1.10   .54   .40   .25   .17   .29   .55   .72  1.08  1.21
 DEW PT  64.12 63.72 64.13 61.67 57.06 54.66 52.32 52.24 54.99 58.75 62.48 64.52
Time Pk   .100  .200  .290  .380  .460  .550  .640  .720  .800  .870  .940 1.000
% N       1.43  1.60  2.53  3.34  5.30  4.82  4.50  5.02  3.39  3.35  3.07  1.46
MEAN      3.45  3.25  3.24  3.14  3.68  3.69  3.31  3.78  3.86  3.97  4.30  3.92
STD DEV   1.77  1.62  1.85  1.64  2.09  2.23  1.91  2.21  1.86  1.99  2.41  2.05
SKEW      0.58  0.51  0.98  0.62  1.04  1.05  1.47  0.96  0.76  0.54  0.68  0.62
% NNE     2.88  2.94  3.49  5.26  5.72  4.53  4.09  5.40  3.62  4.35  5.42  2.68
MEAN      4.06  3.43  4.56  4.71  4.74  4.52  3.74  4.78  4.73  5.45  5.43  4.38
STD DEV   2.34  1.68  2.79  3.13  3.10  3.02  2.33  3.11  3.02  3.68  3.07  2.47
SKEW      0.84  0.69  0.71  1.00  1.06  0.99  1.45  0.74  1.14  1.49  0.71  0.92
% NE      5.59  5.99 10.18 10.98 11.16  9.42  9.10  7.53  7.45  6.83  5.96  3.38
MEAN      4.17  3.67  4.73  4.57  4.99  4.42  5.02  4.84  5.29  5.40  5.20  4.78
STD DEV   2.33  1.96  2.78  2.84  3.36  2.75  3.13  3.51  3.26  3.44  3.19  2.58
SKEW      0.92  0.75  0.83  0.80  1.20  0.81  0.76  1.30  0.76  0.75  0.64  0.63
% ENE     8.62  9.75 12.13 10.79  8.55  7.30  8.08  8.50  6.87 10.30  8.79  5.93
MEAN      4.56  4.14  4.57  4.67  4.39  4.26  4.67  4.80  5.55  6.12  5.79  5.10
STD DEV   2.15  1.94  2.28  2.40  2.71  2.54  2.56  2.50  2.77  2.84  2.98  2.56
SKEW      0.63  0.81  0.83  0.88  1.13  0.89  0.83  0.61  0.43  0.41  0.70  0.73
% E      12.53 13.40 12.97 10.61  6.44  5.92  6.34  6.94  6.84  7.90  8.01  9.65
MEAN      4.25  4.24  4.09  3.71  3.12  2.67  3.17  3.58  4.24  4.67  4.62  4.88
STD DEV   1.93  1.90  1.88  1.71  1.36  1.23  1.53  1.79  2.04  2.33  2.43  2.33
SKEW      0.66  0.57  0.78  0.79  0.37  0.58  1.05  0.99  0.58  0.65  0.57  0.52
% ESE    18.54 18.05 14.85  9.97  5.22  4.63  5.44  5.59  7.06  9.41 12.02 18.33
MEAN      5.08  4.72  4.50  4.23  3.30  2.91  3.47  4.08  4.67  5.34  5.77  5.75
STD DEV   2.13  1.97  1.82  1.98  1.48  1.33  1.45  2.10  2.08  2.43  2.42  2.40
SKEW      0.51  0.51  0.54  0.77  0.69  0.69  0.51  0.81  0.47  0.29  0.26  0.33
% SE     16.51 15.33 13.15 11.73  8.02  7.36  7.72  8.26  9.70 10.05 12.05 16.83
MEAN      4.13  3.75  3.79  3.51  3.16  2.95  3.14  3.29  3.74  4.23  4.57  4.49
STD DEV   1.79  1.64  1.61  1.57  1.39  1.34  1.31  1.49  1.74  2.22  1.97  1.98
SKEW      0.60  0.64  0.49  0.45  0.42  0.62  0.64  0.84  0.42  0.78  0.40  0.40
% SSE    12.99 10.51  8.00  7.53  5.79  5.24  4.92  5.25  5.85  7.01  8.27 14.34
MEAN      4.64  4.21  4.11  4.25  3.70  3.66  3.72  3.97  5.08  5.46  5.49  5.33
STD DEV   1.90  1.79  1.81  2.03  1.79  1.73  1.70  1.76  2.63  2.49  2.52  2.10
SKEW      0.44  0.53  0.62  0.63  0.68  0.63  0.67  0.49  0.52  0.32  0.41  0.38
% S       6.65  6.60  6.25  6.74  5.75  6.35  6.11  4.87  5.16  4.72  5.61  8.10
MEAN      4.07  3.82  3.92  4.01  3.68  3.61  3.83  4.00  4.77  4.87  4.66  4.77
STD DEV   1.77  1.74  1.92  2.13  1.88  1.91  1.96  1.99  2.28  2.40  2.26  2.22
SKEW      0.35  0.65  0.70  0.73  0.61  0.81  0.64  0.69  0.44  0.52  0.61  0.38
% SSW     4.22  4.28  3.59  5.03  5.33  6.35  7.52  6.30  5.83  5.17  5.64  4.74
MEAN      3.98  3.75  3.60  4.02  4.10  4.40  4.64  4.62  5.09  5.12  4.86  4.17
STD DEV   1.76  1.60  1.76  1.82  1.89  2.23  2.05  2.01  2.58  2.55  2.15  1.87
SKEW      0.39  0.54  0.77  0.48  0.48  0.63  0.83  0.34  0.67  0.70  0.58  0.59
% SW      1.85  1.99  1.88  3.13  4.10  4.93  5.74  4.60  4.93  3.17  3.63  2.09
MEAN      3.10  3.23  2.77  3.23  3.54  3.93  4.18  3.78  4.95  4.39  4.25  3.49
STD DEV   1.44  1.43  1.22  1.60  1.84  2.25  2.30  2.08  2.55  2.39  2.40  1.78
SKEW      0.50  0.40  0.35  0.71  0.91  1.03  0.81  1.17  0.64  0.94  0.91  0.54
% WSW     1.33  1.47  1.27  1.86  4.07  4.90  4.83  4.88  6.14  4.22  4.07  2.16
MEAN      3.67  3.59  3.26  3.57  4.53  4.48  5.24  4.84  5.79  5.35  5.20  4.22
STD DEV   1.35  1.65  1.33  1.73  2.37  2.22  2.54  2.45  2.73  2.64  2.29  1.77
SKEW      0.39  0.33  0.45  0.67  0.93  0.45  0.62  0.51  0.34  0.52  0.27  0.38
% W       1.16  1.34  1.40  2.51  4.99  6.20  6.38  6.05  6.95  4.95  3.64  2.15
MEAN      3.07  3.21  3.27  3.66  5.20  5.54  5.52  5.59  6.98  6.05  5.24  4.50
STD DEV   1.42  1.36  1.67  1.97  2.99  3.17  2.79  3.04  3.44  3.43  2.69  2.18
SKEW      0.26  0.11  0.64  0.62  0.77  1.08  0.52  1.01  0.62  0.66  0.63  0.37
% WNW     1.21  1.55  1.60  2.20  5.54  7.41  6.25  7.45  9.93  7.93  5.14  2.39
MEAN      3.67  3.67  3.58  4.29  5.70  5.89  5.41  6.19  7.19  6.74  5.59  4.56
STD DEV   1.74  1.84  1.81  2.17  2.88  3.34  2.66  3.31  3.52  3.72  2.68  2.08
SKEW      0.49  0.46  0.58  0.63  0.52  1.12  0.50  0.71  0.61  1.12  0.58  0.32
% NW      0.69  0.89  1.35  2.07  3.76  4.79  4.35  5.23  3.76  3.26  2.41  0.89
MEAN      2.37  2.96  3.52  3.23  4.08  3.70  3.98  4.07  4.55  4.59  3.96  3.45
STD DEV   1.03  1.58  1.96  1.77  2.37  2.00  2.05  2.44  2.38  2.24  1.96  1.59
SKEW      0.61  0.85  0.60  0.84  0.93  0.79  0.77  1.07  0.66  0.55  0.69  0.33
% NNW     1.49  1.51  1.91  2.27  4.60  4.40  3.88  4.26  3.72  4.19  3.44  1.81
MEAN      3.12  3.25  3.19  3.57  4.09  3.83  4.10  4.52  4.32  4.40  4.40  3.91
STD DEV   1.68  1.66  1.57  1.84  2.06  1.97  2.13  2.57  1.99  2.05  2.13  2.07
SKEW      0.72  0.68  0.86  1.01  0.78  0.65  1.05  1.01  0.52  0.53  0.71  0.69
CALM      2.19  2.71  3.35  3.97  5.41  5.51  4.73  3.93  2.88  2.96  2.73  2.99
                                                                                
INTERPOLATED DATA (station & weighting factor)                                  
                                                                                
---Wind Stations---                                                             
MARFA         TX     .629  WINK          TX     .220  DEL RIO       TX     .151 
