 Brazil    Fazenda Coqueiros                                                    
 LATT= -20.13 LONG= -44.47 YEARS= 20. TYPE= 3
 ELEVATION = 2897. TP5 = 2.11 TP6= 4.87
 MEAN P    .73   .63   .57   .48   .39   .34   .27   .25   .45   .41   .60   .77
 S DEV P   .69   .75   .61   .62   .48   .43   .37   .26   .45   .42   .55   .77
 SKEW  P  1.60  2.35  1.81  2.40  2.47  2.46  3.68  1.51  1.57  2.14  1.36  2.11
 P(W/W)    .76   .67   .63   .35   .31   .26   .27   .33   .36   .50   .61   .77
 P(W/D)    .28   .25   .25   .15   .09   .05   .04   .06   .13   .21   .30   .37
 TMAX AV 82.04 83.23 81.90 80.70 77.35 76.50 76.81 79.93 82.28 83.92 80.93 81.25
 TMIN AV 66.67 66.43 65.70 62.95 57.97 55.56 54.55 56.78 60.78 64.77 65.41 66.28
 SD TMAX  4.52  3.77  3.62  3.57  3.61  3.20  3.85  3.91  5.49  5.79  5.23  4.58
 SD TMIN  1.75  1.74  1.99  3.16  3.85  3.48  3.64  3.70  3.93  3.50  2.83  1.85
 SOL.RAD  500.  511.  450.  429.  380.  364.  382.  450.  492.  507.  454.  475.
 SD SOL  151.3 132.5 127.3  94.9  76.0  59.5  68.9  76.6 118.7 138.3 135.8 143.1
 MX .5 P  1.40  1.21  1.05   .60   .36   .26   .17   .27   .50   .63   .98  1.25
 DEW PT  65.15 64.71 65.13 62.59 57.93 55.39 52.85 52.47 55.30 59.30 63.38 65.53
Time Pk   .100  .200  .290  .380  .460  .550  .640  .720  .800  .870  .940 1.000
% N       1.39  1.48  2.32  3.55  6.15  5.38  4.81  5.52  2.92  2.95  3.00  1.22
MEAN      3.77  3.23  3.24  3.40  3.85  3.94  3.29  4.01  4.00  4.22  4.62  4.06
STD DEV   1.97  1.46  1.78  1.68  2.04  2.37  1.70  2.27  1.94  2.17  2.31  2.16
SKEW      0.73  0.39  1.06  0.71  1.11  1.29  1.20  1.01  0.80  0.82  0.53  0.69
% NNE     2.80  3.27  4.30  5.94  6.52  5.67  5.77  6.20  4.56  5.48  5.65  2.67
MEAN      4.25  3.72  4.72  4.87  5.02  5.04  4.30  5.17  5.46  5.86  5.72  4.86
STD DEV   2.27  1.81  2.76  2.96  2.87  3.03  2.50  3.09  3.11  3.48  3.00  2.59
SKEW      0.69  0.74  0.66  0.87  0.83  0.83  1.09  0.59  0.71  1.11  0.62  0.71
% NE      4.70  5.16  8.85  9.13  9.72  7.58  8.45  6.79  6.98  6.79  5.37  3.02
MEAN      4.32  3.85  4.83  4.61  5.25  4.50  5.12  4.93  5.44  5.71  5.30  5.06
STD DEV   2.25  1.93  2.63  2.64  3.12  2.55  2.97  3.12  2.97  3.37  2.81  2.34
SKEW      0.89  0.71  0.75  0.66  0.91  0.73  0.70  0.95  0.49  0.74  0.50  0.41
% ENE     6.93  7.88 10.55  9.06  6.87  5.91  7.18  7.63  6.43  9.24  7.70  4.99
MEAN      4.69  4.20  4.61  4.64  4.44  4.30  4.83  4.84  5.42  5.86  5.68  5.10
STD DEV   2.09  1.95  2.19  2.30  2.50  2.42  2.51  2.42  2.52  2.62  2.78  2.33
SKEW      0.53  0.95  0.72  0.90  1.00  0.98  0.89  0.63  0.34  0.29  0.69  0.50
% E       8.66  8.80  9.77  7.70  4.55  4.00  4.61  5.58  5.13  6.18  6.08  6.41
MEAN      4.29  4.30  4.07  3.73  3.51  3.12  3.34  3.78  4.38  4.65  4.61  4.89
STD DEV   1.92  1.90  1.79  1.64  1.43  1.42  1.54  1.73  1.95  2.17  2.25  2.16
SKEW      0.77  0.65  0.76  0.68  0.42  0.57  0.80  0.81  0.49  0.70  0.57  0.42
% ESE    13.88 13.99 13.06  8.80  4.38  3.79  4.34  5.00  6.14  7.61  9.02 13.34
MEAN      4.79  4.55  4.32  4.12  3.55  3.08  3.59  4.11  4.66  5.10  5.37  5.45
STD DEV   1.99  1.85  1.68  1.91  1.49  1.39  1.42  1.93  2.02  2.28  2.22  2.18
SKEW      0.52  0.53  0.55  0.77  0.65  0.69  0.31  0.76  0.49  0.43  0.33  0.40
% SE     17.07 16.65 14.75 12.91  7.48  6.61  6.86  8.18  9.85  9.73 12.33 17.81
MEAN      4.48  4.00  4.08  3.78  3.36  3.28  3.45  3.76  4.22  4.67  4.92  5.05
STD DEV   1.83  1.62  1.64  1.58  1.45  1.46  1.41  1.67  1.91  2.28  2.15  2.09
SKEW      0.57  0.53  0.51  0.51  0.52  0.90  0.57  0.76  0.44  0.69  0.61  0.42
% SSE    18.25 13.86 10.16  8.85  5.28  4.89  4.48  4.98  6.39  8.46 11.60 20.07
MEAN      5.02  4.48  4.31  4.43  3.85  3.87  3.93  4.39  5.34  5.61  5.87  5.84
STD DEV   1.92  1.76  1.73  2.02  1.81  1.72  1.82  1.97  2.58  2.43  2.51  2.12
SKEW      0.44  0.48  0.55  0.69  0.94  0.53  0.77  0.55  0.67  0.28  0.44  0.33
% S       8.54  7.77  6.39  6.90  4.91  5.54  5.32  4.51  5.24  5.39  6.75  9.79
MEAN      4.31  4.03  4.14  4.04  3.87  3.86  4.01  4.22  4.70  4.93  4.99  5.06
STD DEV   1.79  1.69  1.81  1.86  1.78  1.88  1.86  1.91  2.07  2.26  2.10  2.15
SKEW      0.43  0.55  0.58  0.58  0.66  0.89  0.47  0.49  0.36  0.64  0.49  0.33
% SSW     6.54  7.03  5.41  6.60  6.36  7.43  8.01  6.66  6.75  6.38  7.35  7.10
MEAN      4.43  4.20  4.02  4.34  4.37  4.67  4.83  4.62  5.28  5.16  5.11  4.80
STD DEV   1.84  1.72  1.74  1.84  1.85  2.15  2.10  1.84  2.48  2.31  2.02  2.01
SKEW      0.42  0.50  0.55  0.45  0.51  0.71  1.11  0.31  0.63  0.62  0.29  0.49
% SW      2.33  3.17  2.46  3.87  6.19  6.54  7.54  6.14  5.91  4.00  4.03  2.22
MEAN      3.35  3.45  3.21  3.46  4.10  4.35  4.66  4.33  5.18  4.75  4.47  4.05
STD DEV   1.44  1.48  1.38  1.62  2.00  2.32  2.37  2.16  2.58  2.28  2.20  1.93
SKEW      0.38  0.48  0.59  0.81  0.92  1.08  0.82  0.83  0.76  0.85  0.67  0.48
% WSW     1.74  2.00  1.59  2.79  6.46  8.14  7.75  7.14  7.74  5.40  4.28  2.17
MEAN      3.86  3.94  3.60  3.98  5.04  5.17  5.72  5.48  6.37  5.78  5.52  4.93
STD DEV   1.53  1.71  1.56  2.03  2.44  2.47  2.65  2.62  2.99  2.68  2.44  1.96
SKEW      0.27  0.39  0.51  0.85  0.87  0.65  0.61  0.60  0.50  0.59  0.41  0.27
% W       1.05  1.39  1.28  2.55  5.45  7.16  7.43  7.02  7.95  5.50  3.88  2.08
MEAN      3.16  3.29  3.44  3.83  5.30  5.77  5.69  5.79  7.09  6.40  5.48  4.65
STD DEV   1.29  1.28  1.51  1.98  3.11  3.26  2.90  3.09  3.58  3.58  2.77  2.24
SKEW      0.32  0.32  0.36  0.67  0.99  0.90  0.68  0.90  0.48  0.66  0.53  0.21
% WNW     1.08  1.35  1.24  2.02  4.99  6.55  5.66  6.37  8.80  7.03  4.42  2.05
MEAN      3.47  3.85  3.35  4.07  5.49  5.68  5.29  6.16  7.27  6.75  5.36  4.60
STD DEV   1.61  1.81  1.71  2.11  2.90  3.44  2.68  3.40  3.42  3.52  2.49  2.14
SKEW      0.36  0.50  0.54  0.66  0.61  1.40  0.58  0.69  0.46  0.85  0.59  0.33
% NW      0.68  0.83  1.02  1.47  3.27  3.89  3.52  4.07  3.32  3.02  2.12  0.83
MEAN      2.43  2.92  3.17  2.91  3.72  3.44  3.93  3.70  4.48  4.49  3.65  3.35
STD DEV   0.91  1.32  1.67  1.38  1.97  1.78  2.04  1.96  2.28  2.32  1.59  1.32
SKEW      0.34  0.59  0.73  0.83  0.86  1.03  0.87  0.98  0.68  0.97  0.49  0.37
% NNW     1.41  1.44  1.69  2.04  5.01  4.45  3.48  4.17  2.95  3.75  3.13  1.50
MEAN      3.06  3.07  2.97  3.34  3.91  3.67  3.99  4.29  4.20  4.39  4.03  3.53
STD DEV   1.46  1.49  1.38  1.71  2.04  1.90  2.11  2.31  1.96  2.01  1.93  1.67
SKEW      0.47  0.54  0.80  1.27  1.06  0.87  1.20  1.09  0.56  0.70  0.74  0.48
CALM      2.88  3.87  5.10  5.72  6.20  6.51  4.77  4.08  2.99  2.96  3.19  2.65
                                                                                
INTERPOLATED DATA (station & weighting factor)                                  
                                                                                
---Wind Stations---                                                             
WINK          TX     .435  MARFA         TX     .370  SAN ANGELO    TX     .194 
