 Finland    Ranua Palovaara                                                     
 LATT=  66.13 LONG=  26.12 YEARS= 20. TYPE= 1
 ELEVATION =  577. TP5 = 1.10 TP6= 2.77
 MEAN P    .13   .13   .14   .14   .17   .22   .25   .23   .19   .18   .15   .14
 S DEV P   .12   .12   .13   .13   .19   .21   .26   .29   .21   .20   .13   .14
 SKEW  P  1.93  1.28  1.59  2.46  2.02  1.51  1.53  2.66  1.99  2.44  1.59  2.02
 P(W/W)    .63   .61   .64   .47   .49   .50   .56   .56   .56   .58   .63   .60
 P(W/D)    .40   .39   .27   .19   .25   .31   .32   .32   .28   .36   .39   .41
 TMAX AV 17.46 19.10 28.68 40.20 52.53 61.45 68.08 63.02 52.80 38.52 28.97 23.02
 TMIN AV  6.67  7.65 13.53 25.23 36.20 45.47 51.74 47.62 39.71 29.70 20.68 12.77
 SD TMAX 12.71 11.90  7.99  6.61 10.18  8.16  7.35  6.83  6.71  7.79  9.27 11.66
 SD TMIN 14.16 14.37 11.59  7.52  6.88  6.03  5.26  5.96  7.37  9.49 11.71 14.00
 SOL.RAD    7.   53.  173.  315.  416.  438.  441.  324.  178.   66.   13.    1.
 SD SOL    5.8  25.6  58.6  92.0 135.3 132.0 129.0 106.5  77.8  32.8   9.7   0.8
 MX .5 P   .11   .08   .10   .12   .33   .41   .65   .49   .31   .19   .14   .07
 DEW PT   9.63 10.69 15.92 25.25 33.89 43.04 51.47 49.27 42.03 31.82 23.49 16.08
Time Pk   .250  .360  .450  .530  .600  .670  .720  .790  .850  .900  .950 1.000
% N      12.73 15.38 15.62 14.16 11.61  8.46  8.35 11.06 15.06 17.46 17.72 14.63
MEAN      2.50  2.89  3.31  3.59  3.72  3.14  2.85  2.78  3.16  3.20  2.74  2.55
STD DEV    .90  1.18  1.39  1.45  1.52  1.22  1.07  1.04  1.19  1.18  1.02  1.01
SKEW       .96  1.14  1.01   .61   .73   .86  1.02  1.12   .74   .69   .93  1.23
% NNE    10.23 11.44 10.29  7.27  7.35  6.38  5.84  7.09  8.94  9.44 10.97 10.02
MEAN      2.60  2.98  3.42  3.45  3.94  2.96  2.79  2.68  3.13  2.95  2.65  2.68
STD DEV    .99  1.47  1.81  1.72  1.92  1.31  1.15   .95  1.45  1.10   .95  1.19
SKEW      1.52  1.91  1.55  1.32   .86  1.48  2.02  1.44  1.46  1.00  1.30  2.05
% NE      8.66 10.54  9.50  7.32  8.67  6.83  6.21  7.52 10.41 10.07  9.78  7.87
MEAN      2.73  2.84  3.33  3.18  3.70  3.09  2.72  2.70  3.14  2.94  2.67  2.80
STD DEV   1.12  1.17  1.76  1.62  2.01  1.43  1.10   .98  1.47  1.15  1.04  1.46
SKEW      1.39  1.16  1.75  1.94  1.26  1.47  1.83  1.25  1.50  1.38  1.05  3.16
% ENE     4.27  4.89  5.05  5.41  6.38  4.78  4.59  5.28  6.91  5.94  4.71  3.71
MEAN      2.80  3.11  3.31  3.60  3.79  3.20  2.91  2.90  3.61  3.21  2.77  2.67
STD DEV   1.08  1.25  1.53  1.62  1.69  1.38  1.20  1.09  1.73  1.40   .99  1.02
SKEW       .92  1.06  1.46   .74   .69  1.16  1.43   .92  1.09  1.10  1.20  1.72
% E       3.07  3.15  3.67  4.07  5.44  4.74  4.58  5.66  5.90  4.30  3.02  2.71
MEAN      2.43  2.41  2.99  3.35  3.52  3.05  2.85  2.78  3.28  2.88  2.42  2.34
STD DEV    .77   .88  1.31  1.41  1.66  1.30  1.13  1.05  1.54  1.34   .99   .75
SKEW      1.17  1.05  1.31   .96   .91  1.16  1.26   .86  1.07  1.29  1.61   .78
% ESE     1.24  1.24  1.35  2.45  2.70  2.66  2.68  3.13  2.80  1.73  1.05  1.18
MEAN      2.07  2.28  2.41  3.01  3.30  3.03  2.73  2.88  2.97  2.40  2.10  2.20
STD DEV    .57   .74   .74  1.29  1.51  1.29  1.00  1.14  1.22   .83   .56   .59
SKEW       .01  1.07  1.01  1.04   .96  1.38  1.10  1.04   .87  1.43   .09  1.47
% SE      1.03  1.18  1.16  1.88  2.71  2.48  2.99  2.68  1.97  1.37  1.15   .87
MEAN      2.03  1.97  2.44  2.67  3.07  2.76  2.68  2.56  2.61  2.19  2.08  1.97
STD DEV    .63   .45   .82   .90  1.37   .95  1.00   .93  1.05   .60   .58   .62
SKEW       .06  -.33  1.04   .43  1.24   .71  1.46  1.22  1.27  1.24  1.20   .15
% SSE      .71  1.57  1.73  2.51  2.36  2.60  2.90  2.60  1.51  1.22   .94   .97
MEAN      1.87  1.99  2.41  2.85  3.33  2.79  2.79  2.71  2.63  2.28  2.06  1.93
STD DEV    .55   .52   .68   .99  1.36   .98   .92  1.02  1.02   .68   .70   .44
SKEW      -.13  -.08   .57   .63  1.26   .72   .80  1.15  1.43   .65   .78  -.13
% S       2.35  3.82  5.63  5.96  5.50  5.93  6.50  5.63  3.36  4.18  2.90  2.68
MEAN      2.28  2.32  2.64  2.89  3.34  3.10  3.12  3.03  2.59  2.50  2.33  2.23
STD DEV    .90   .75   .95  1.04  1.30  1.14  1.26  1.36  1.00   .85   .73   .84
SKEW      1.56   .73   .80   .75   .66   .78  1.17  1.67   .81   .51   .89  2.35
% SSW     2.76  3.74  5.70  6.28  6.96  7.09  7.89  6.50  4.91  5.50  4.06  3.39
MEAN      2.45  2.72  3.07  3.53  4.14  3.88  3.87  3.61  3.52  3.18  2.67  2.52
STD DEV    .85  1.07  1.19  1.50  1.80  1.59  1.45  1.42  1.37  1.17  1.07   .93
SKEW      1.20  1.23   .96   .93   .72   .93   .60   .64  1.40   .88  1.52  1.13
% SW      3.15  3.24  4.33  6.65  8.76 12.53 13.25 10.99  8.01  6.30  3.43  3.12
MEAN      2.98  2.74  3.28  4.11  4.43  4.43  4.27  4.26  3.98  3.58  2.86  2.77
STD DEV   1.61  1.42  1.50  1.76  1.89  1.81  1.67  1.80  1.60  1.71  1.33  1.61
SKEW      1.39  2.29  1.06   .58   .59   .64   .50   .66   .50  1.12  1.39  1.80
% WSW     2.14  2.41  3.30  5.39  6.22  8.51  8.85  7.17  4.93  3.36  2.25  2.25
MEAN      3.27  3.78  4.33  4.75  4.60  4.46  4.32  4.41  4.01  4.07  3.83  3.38
STD DEV   1.80  2.14  2.28  2.01  1.72  1.87  1.76  1.93  1.70  2.25  2.12  2.44
SKEW      1.13   .71   .56   .40   .31   .82   .48   .66   .65  1.35   .97  2.02
% W       1.93  1.97  2.06  4.25  5.36  7.10  6.38  4.65  3.06  2.38  2.11  2.03
MEAN      2.71  2.67  3.83  4.19  4.28  4.01  3.93  3.52  3.42  2.92  3.07  2.54
STD DEV   1.60  1.27  1.88  1.75  1.77  1.67  1.75  1.56  1.61  1.39  2.12  1.59
SKEW      2.16  1.50   .65   .37   .52   .67   .80   .95   .71  1.06  1.61  1.78
% WNW     1.41  1.20  1.30  1.97  2.92  3.55  3.29  2.21  1.55  1.33  1.16  1.34
MEAN      2.29  2.11  2.17  3.81  3.78  3.80  3.54  3.11  2.58  2.51  2.14  2.11
STD DEV   1.10   .59   .74  1.71  1.57  1.42  1.42  1.49   .89   .68   .56   .55
SKEW      2.16   .09   .98   .79   .76   .56   .92  1.16   .92   .99   .18   .20
% NW      2.00  2.03  2.26  3.34  2.85  3.11  3.15  2.80  2.69  3.08  2.36  1.95
MEAN      2.25  2.15  2.83  3.26  3.72  3.22  2.89  2.74  2.85  2.77  2.23  1.99
STD DEV    .79   .62  1.27  1.40  1.47  1.26  1.00  1.03  1.12   .89   .81   .54
SKEW       .73   .18  1.37   .65   .37   .92   .90  1.07  1.11   .88   .85  -.16
% NNW     3.54  4.44  5.10  9.03  6.75  5.65  4.45  5.62  7.81  7.78  4.49  3.97
MEAN      2.58  2.92  3.41  3.89  3.91  3.43  3.06  3.18  3.47  3.39  2.81  2.83
STD DEV    .94  1.21  1.29  1.29  1.30  1.23  1.16  1.10  1.23  1.28  1.13  1.31
SKEW       .79   .93   .16   .05   .35   .57   .97   .32   .37   .64   .80  1.12
CALM     38.85 27.79 21.97 12.16  7.42  7.59  8.24  9.51 10.10 14.63 27.80 37.35
                                                                                
INTERPOLATED DATA (station & weighting factor)                                  
                                                                                
---Wind Stations---                                                             
FAIRBANKS/INT.AK     .889  NENANA        AK     .085  FT. YUKON     AK     .026 
