 Germany    Darmstadt                                                           
 LATT=  49.88 LONG=   8.68 YEARS= 20. TYPE= 3
 ELEVATION =  568. TP5 = 1.77 TP6= 3.76
 MEAN P    .14   .15   .16   .15   .23   .20   .23   .23   .19   .18   .17   .16
 S DEV P   .14   .16   .16   .17   .28   .25   .29   .29   .21   .21   .18   .19
 SKEW  P  1.79  2.00  1.78  2.54  2.07  2.70  3.24  2.53  2.08  2.17  2.00  3.07
 P(W/W)    .62   .66   .60   .62   .63   .53   .61   .58   .60   .60   .62   .68
 P(W/D)    .34   .27   .26   .25   .28   .28   .30   .29   .23   .26   .32   .33
 TMAX AV 38.88 41.90 49.89 59.22 66.02 72.89 76.09 75.48 67.44 57.61 47.10 40.60
 TMIN AV 31.22 31.93 36.08 42.08 49.24 55.26 58.55 57.76 51.29 44.93 38.66 33.14
 SD TMAX  7.73  7.82  8.52  9.14  8.71  8.42  8.66  8.27  7.74  7.37  6.52  7.13
 SD TMIN  8.24  7.43  6.87  6.35  5.97  5.54  5.01  5.00  5.40  6.24  6.23  7.68
 SOL.RAD   77.  138.  233.  353.  426.  487.  455.  382.  272.  150.   78.   59.
 SD SOL   29.7  55.8  86.7 106.7 121.0 105.4 109.3  98.7  88.8  59.1  31.6  21.6
 MX .5 P   .14   .17   .17   .22   .41   .49   .69   .51   .35   .25   .20   .09
 DEW PT  31.07 30.96 34.54 39.22 46.78 52.38 54.56 54.77 50.16 45.71 39.19 33.54
Time Pk   .070  .150  .240  .320  .400  .510  .600  .690  .780  .860  .940 1.000
% N       4.67  7.76  8.06  7.55  6.67  5.27  4.75  4.55  4.72  4.29  4.42  4.83
MEAN      4.09  3.98  4.19  4.70  4.20  3.95  3.68  3.61  3.69  4.28  4.02  3.97
STD DEV   2.10  1.89  1.98  2.21  1.83  1.86  1.80  1.65  1.74  2.05  2.23  2.04
SKEW       .96   .54   .69   .52   .24   .60   .66   .67   .59   .50   .93   .60
% NNE     1.98  3.33  3.52  3.75  3.69  3.15  2.34  2.20  2.48  2.12  2.48  2.42
MEAN      3.97  4.07  4.27  4.41  4.08  3.57  3.90  3.83  4.14  4.18  4.19  4.50
STD DEV   2.37  2.10  2.35  2.11  1.89  1.90  1.70  1.73  2.07  1.91  2.04  2.13
SKEW      1.46   .82   .90   .90   .22   .66   .46   .14   .65   .21   .41   .12
% NE      2.60  4.23  5.51  5.59  4.73  4.18  3.70  3.55  3.65  2.88  3.21  2.90
MEAN      4.80  4.49  4.31  4.33  4.33  3.89  3.57  3.88  3.74  3.98  4.18  4.68
STD DEV   2.55  2.48  2.25  2.18  2.16  1.99  1.78  1.66  1.81  1.99  2.02  2.43
SKEW       .11   .78   .75   .73   .64  1.23   .72   .37   .58   .52   .28   .78
% ENE     1.37  1.66  3.16  3.05  2.87  2.45  2.14  1.86  2.20  1.36  2.01  1.74
MEAN      4.25  4.60  4.75  4.34  3.69  3.67  3.46  3.32  3.65  4.25  4.52  4.42
STD DEV   2.01  2.37  2.36  2.10  1.79  1.58  1.62  1.52  1.81  2.17  2.37  2.40
SKEW       .47   .61   .18   .43   .48   .52   .42   .46   .55   .38   .81   .73
% E       2.31  3.63  5.90  7.10  7.24  6.11  4.50  3.86  4.34  3.65  2.80  2.90
MEAN      4.98  4.64  4.86  4.63  4.16  3.73  3.74  3.74  3.54  3.73  4.87  4.98
STD DEV   2.41  2.32  2.32  2.25  1.71  1.52  1.46  1.72  1.56  1.75  2.62  2.48
SKEW       .19   .66   .69   .80   .06   .22   .09   .35   .35   .51  1.04   .14
% ESE     1.77  2.12  6.34  7.87  9.24  7.77  6.64  5.04  3.95  3.71  2.62  2.57
MEAN      5.04  4.17  4.80  4.88  4.51  4.00  3.91  4.04  4.07  4.06  4.07  4.64
STD DEV   2.22  2.02  2.11  1.97  1.72  1.62  1.53  1.59  1.77  1.88  2.02  2.37
SKEW       .19   .34   .43   .39   .22   .27   .12   .18   .15   .30   .87   .23
% SE      3.75  4.84  8.74 10.02  9.74  9.74  8.41  7.92  7.75  6.87  5.71  4.49
MEAN      4.54  4.48  4.45  4.64  4.29  3.68  3.72  3.65  3.73  4.01  4.02  4.07
STD DEV   2.33  2.18  1.87  2.09  1.84  1.65  1.65  1.59  1.67  2.01  2.21  2.10
SKEW       .53   .45   .39   .42   .27   .30   .48   .24   .32   .58   .89   .48
% SSE     3.28  2.71  3.21  2.54  3.35  3.56  3.01  3.49  3.82  3.95  3.59  3.40
MEAN      3.64  3.66  3.69  3.52  3.09  3.02  3.25  2.96  3.02  3.61  3.48  3.42
STD DEV   1.74  2.03  1.98  2.13  1.54  1.46  1.70  1.48  1.51  1.91  1.91  1.73
SKEW       .89   .83   .70  1.44   .68   .88   .66  1.05   .79   .85  1.17   .67
% S       7.78  5.45  4.92  4.13  4.43  5.21  4.99  6.30  7.24  8.18  8.00  7.98
MEAN      3.48  3.62  3.76  3.93  3.53  3.25  3.23  3.27  3.11  3.55  3.59  3.52
STD DEV   1.82  1.79  1.76  1.84  1.88  1.72  1.66  1.65  1.63  1.73  1.82  1.65
SKEW      1.19   .67   .58   .51   .79   .89   .76  1.05   .94   .60  1.02   .62
% SSW     5.53  4.09  3.46  3.10  3.36  4.38  4.07  4.51  4.84  5.96  5.86  5.85
MEAN      3.64  3.57  3.77  3.92  3.71  3.28  3.37  3.24  3.32  3.71  3.62  3.41
STD DEV   1.70  1.63  1.70  2.07  2.06  1.54  1.68  1.69  1.78  1.68  1.78  1.66
SKEW       .83   .61   .83   .57   .84   .74   .67   .83  1.01   .54   .97  1.02
% SW     13.84  8.33  5.77  6.35  6.88  8.59  9.28 10.87 11.02 12.01 12.72 13.39
MEAN      3.69  3.66  3.75  4.16  4.02  3.38  3.16  3.10  3.33  3.48  3.72  3.55
STD DEV   1.87  1.88  2.12  2.37  1.99  1.75  1.52  1.47  1.68  1.81  1.91  1.72
SKEW      1.05  1.00  1.02  1.33   .68   .96   .93   .79   .91  1.04  1.28   .96
% WSW     9.88  7.28  5.50  4.66  5.64  7.41  8.32  9.07  8.58  9.78  9.49  9.60
MEAN      3.96  3.86  3.79  4.43  3.96  3.57  3.18  3.24  3.32  3.68  3.97  3.88
STD DEV   1.94  1.99  2.04  2.69  2.04  1.85  1.65  1.71  1.83  1.96  2.05  1.84
SKEW      1.18  1.22   .90  1.70   .42   .58   .95  1.08  1.07   .90   .94   .79
% W      15.34 14.41 10.06  8.73  8.89 10.60 11.98 12.16 12.03 11.97 13.61 14.11
MEAN      4.06  3.86  4.11  4.15  4.14  3.76  3.26  3.24  3.43  3.82  4.19  3.91
STD DEV   1.97  1.98  2.09  2.17  2.21  1.99  1.65  1.66  1.86  2.10  1.95  1.87
SKEW       .63   .73   .75   .82  1.99   .77   .86   .95  1.11  1.73   .62  1.10
% WNW     9.48 11.13  8.87  7.29  6.91  6.61  8.23  7.36  7.53  7.06  8.58  8.17
MEAN      4.43  4.48  4.75  4.68  4.24  3.90  3.58  3.39  3.63  4.08  4.22  4.05
STD DEV   1.98  2.07  2.25  2.22  2.13  1.95  1.80  1.79  1.87  1.94  1.96  1.80
SKEW       .54   .54   .64   .62   .56   .67   .85   .86   .82   .66   .80   .63
% NW      9.76 10.79  8.67  9.63  8.38  7.50  9.26  8.70  8.12  8.45  8.25  8.98
MEAN      4.93  4.62  4.51  5.05  4.67  4.08  4.06  3.74  4.04  4.13  4.43  4.52
STD DEV   2.30  2.24  2.18  2.33  2.33  1.94  2.00  1.71  2.00  1.98  2.07  1.98
SKEW       .33   .54   .45   .81   .73   .50   .62   .59   .64   .54   .41   .54
% NNW     3.79  5.22  4.72  5.19  4.31  3.25  3.93  3.90  3.23  3.83  3.84  3.69
MEAN      4.56  4.07  4.47  4.89  4.39  4.03  3.86  3.84  3.94  4.36  4.32  4.43
STD DEV   2.27  1.85  2.07  2.09  1.98  2.08  1.81  1.75  1.76  2.05  2.13  2.10
SKEW       .94   .43   .55   .48   .36   .61   .60   .47   .18   .37   .40   .32
CALM      2.79  3.01  3.61  3.44  3.66  4.08  4.24  4.63  4.52  3.97  2.78  3.08
                                                                                
INTERPOLATED DATA (station & weighting factor)                                  
                                                                                
---Wind Stations---                                                             
ALPENA        MI     .870  OSCODA        MI     .130                       .000 
