 Mexico    Ejido San Matias                                                     
 LATT=  31.32 LONG=-115.53 YEARS= 20. TYPE= 3
 ELEVATION = 3248. TP5 = 1.92 TP6= 2.85
 MEAN P    .41   .33   .51   .21   .48   .32   .34   .32   .39   .38   .28   .30
 S DEV P   .45   .47   .81   .15   .55   .31   .40   .35   .53   .38   .31   .30
 SKEW  P  1.74  4.46  3.87  1.03  1.48   .99  1.30  2.51  2.63  1.34  1.78  1.77
 P(W/W)    .53   .44   .43   .29   .00   .00   .38   .33   .27   .25   .33   .44
 P(W/D)    .07   .09   .06   .03   .02   .01   .04   .10   .06   .03   .05   .07
 TMAX AV 63.32 64.35 69.96 74.60 79.96 87.98 90.87 90.97 87.60 78.90 69.86 62.56
 TMIN AV 41.55 41.41 44.66 47.66 53.29 61.99 68.56 68.93 64.36 54.63 46.99 40.92
 SD TMAX  7.62  8.59  8.16  7.32  7.46  5.71  4.20  4.13  5.25  7.26  8.00  7.50
 SD TMIN  5.82  6.17  5.97  5.88  6.24  5.82  4.35  3.92  5.88  6.05  6.13  5.63
 SOL.RAD  286.  349.  461.  565.  609.  622.  572.  545.  486.  396.  311.  260.
 SD SOL   59.2  74.7  80.1  75.9  74.7  75.9 100.8  83.0  75.9  60.0  57.1  54.2
 MX .5 P   .26   .24   .27   .27   .29   .20   .55   .51   .41   .25   .23   .24
 DEW PT  25.44 28.42 30.46 31.82 37.22 40.21 50.06 50.58 46.22 36.58 28.94 26.05
Time Pk   .150  .260  .360  .450  .530  .620  .690  .760  .830  .890  .960 1.000
% N       5.20  5.56  4.78  4.68  3.71  3.54  4.27  4.85  4.39  5.07  5.88  5.98
MEAN      2.96  3.24  3.25  3.09  3.05  2.74  2.90  2.71  2.72  2.81  2.77  2.85
STD DEV   1.71  1.84  1.62  1.59  1.50  1.15  1.36  1.17  1.27  1.26  1.41  1.42
SKEW      2.07  1.72  1.36  1.52  1.19  1.09  1.45  1.62  1.46  1.55  1.99  1.87
% NNE     4.43  4.63  4.19  3.17  2.57  2.28  2.88  2.96  3.99  4.34  5.54  5.34
MEAN      3.18  3.35  3.46  3.30  2.92  2.70  2.91  2.59  2.66  2.78  3.45  3.21
STD DEV   1.92  2.00  1.83  1.82  1.52  1.05  1.31  1.07  1.20  1.32  2.13  1.62
SKEW      1.71  1.47  1.08  1.18  1.39   .94  1.38  1.41  1.41  1.43  1.41  1.27
% NE     10.04  9.75  7.72  7.23  7.02  6.83  6.63  7.69 10.80 11.31 11.86 12.17
MEAN      3.26  3.15  3.23  3.25  3.10  2.82  2.83  2.75  2.99  2.98  3.36  3.29
STD DEV   1.57  1.44  1.40  1.51  1.32  1.17  1.17  1.07  1.33  1.28  1.63  1.54
SKEW      1.16   .62   .55  1.00   .51   .80   .94  1.04  1.18   .97  1.11  1.06
% ENE     3.54  2.97  2.84  2.53  1.93  1.50  2.17  2.58  3.29  3.96  4.08  4.61
MEAN      3.05  3.19  3.18  3.26  3.13  3.14  2.90  2.75  3.10  3.14  3.09  3.24
STD DEV   1.25  1.31  1.28  1.48  1.33  1.39  1.19  1.10  1.33  1.34  1.27  1.50
SKEW       .91   .37   .72  1.19  1.11  1.13  1.35   .72   .76  1.21   .72  1.01
% E       2.72  2.71  2.17  2.12  1.89  1.68  2.74  2.56  2.50  3.36  3.18  3.24
MEAN      3.10  3.12  3.07  3.16  3.21  3.05  3.11  3.06  3.01  3.16  3.03  3.18
STD DEV   1.33  1.28  1.33  1.31  1.33  1.29  1.39  1.42  1.16  1.43  1.30  1.38
SKEW       .97   .66   .61   .46   .51   .50   .93  1.34   .77   .98   .79   .89
% ESE     1.90  1.71  1.40  1.53  1.56  1.33  1.99  1.91  2.01  1.93  1.85  1.68
MEAN      3.18  3.31  3.26  3.37  3.47  3.45  3.01  3.10  3.41  3.32  3.13  3.24
STD DEV   1.35  1.37  1.33  1.37  1.40  1.42  1.19  1.18  1.44  1.29  1.29  1.45
SKEW      1.08   .71   .47   .29   .61   .28   .83   .51   .67   .43  1.06   .92
% SE      4.48  4.49  3.81  3.23  3.59  3.08  3.65  3.77  3.92  3.75  3.99  4.15
MEAN      3.47  3.44  3.48  3.73  4.06  3.76  3.21  3.39  3.68  3.54  3.31  3.26
STD DEV   1.72  1.56  1.66  1.85  2.06  1.76  1.47  1.46  1.68  1.62  1.66  1.45
SKEW      1.18   .71   .77   .83   .89   .57   .85   .73   .95   .78  1.24   .80
% SSE     5.37  4.56  4.34  3.97  4.97  4.29  3.60  4.17  4.00  4.05  4.08  3.56
MEAN      3.66  3.75  4.37  4.39  4.70  4.47  3.60  3.65  3.80  4.05  3.48  3.44
STD DEV   1.70  1.89  2.17  2.26  2.16  2.06  1.74  1.57  1.73  1.89  1.70  1.70
SKEW       .87   .85   .70   .65   .50   .51   .89   .61   .58   .71   .98  1.12
% S       9.82 10.96 11.33 11.21 13.12 12.49  9.32 10.51 10.97 12.49 10.32 10.19
MEAN      4.23  4.01  4.59  4.67  4.82  4.69  3.70  3.66  3.90  4.17  3.86  3.73
STD DEV   1.86  1.71  2.14  2.15  2.17  2.10  1.55  1.59  1.72  1.92  1.69  1.71
SKEW       .82   .82   .81   .61   .71   .70   .63   .96   .87  1.10   .93  1.26
% SSW    10.57 11.02 14.03 16.03 18.23 18.21 11.89 11.34 13.72 13.09 11.03  9.72
MEAN      4.58  4.72  5.22  5.38  5.42  5.20  4.12  4.04  4.57  4.55  4.09  4.36
STD DEV   2.21  2.16  2.32  2.34  2.29  2.17  1.72  1.66  1.99  1.93  1.71  1.98
SKEW      1.03   .82   .67   .54   .61   .49   .68   .69   .75   .84   .87  1.19
% SW     10.95 10.87 14.39 15.75 16.08 17.84 15.13 14.15 11.83 10.38  9.34  8.92
MEAN      3.91  4.15  4.82  4.78  4.86  4.83  4.04  4.00  4.12  4.07  3.79  3.95
STD DEV   1.85  1.98  2.24  2.20  2.08  2.03  1.68  1.63  1.79  1.76  1.72  2.00
SKEW      1.11   .82   .65   .74   .57   .50   .62   .56   .79   .81  1.10  1.43
% WSW     3.66  3.88  4.99  5.23  4.59  5.24  5.55  4.28  3.89  3.13  3.43  3.17
MEAN      3.41  3.87  4.75  4.84  4.52  4.64  4.00  3.73  3.95  4.02  3.43  3.51
STD DEV   1.64  1.74  2.01  2.07  1.95  1.96  1.68  1.56  1.66  1.72  1.47  1.57
SKEW      1.05   .66   .46   .45   .63   .35   .59   .63   .48   .57   .76  1.02
% W       3.41  3.57  4.32  4.18  3.47  3.71  5.07  4.38  3.08  2.37  2.94  3.99
MEAN      3.37  3.58  4.00  3.98  3.84  3.96  3.59  3.52  3.52  3.53  3.21  3.36
STD DEV   1.35  1.52  1.80  1.82  1.64  1.75  1.47  1.49  1.40  1.54  1.24  1.41
SKEW       .56   .69   .85   .77   .55   .53   .69   .69   .50   .66   .61   .98
% WNW     2.21  2.42  2.44  2.71  1.91  1.75  2.54  2.22  1.83  1.28  1.95  2.19
MEAN      3.58  3.66  4.38  4.21  3.97  3.50  3.71  3.54  3.41  3.40  3.71  3.55
STD DEV   1.44  1.65  1.78  1.79  1.73  1.42  1.46  1.42  1.42  1.33  1.48  1.50
SKEW       .56   .44   .37   .52   .42   .77   .52   .63   .65   .54   .62   .52
% NW      3.46  3.23  3.38  3.30  2.16  2.03  3.60  3.50  2.24  1.86  2.82  3.24
MEAN      3.30  3.74  3.80  3.94  3.61  3.41  3.38  3.13  3.02  3.05  3.05  3.04
STD DEV   1.50  1.81  1.80  1.86  1.68  1.36  1.46  1.32  1.29  1.41  1.35  1.36
SKEW       .82   .90   .97   .72   .56   .83   .96   .74   .78  1.03   .61   .71
% NNW     2.89  3.18  2.58  2.25  1.93  1.61  2.03  1.90  1.73  1.68  2.86  3.27
MEAN      3.29  3.61  3.80  3.94  3.43  3.41  3.28  3.10  3.11  2.82  3.42  3.10
STD DEV   1.68  1.99  1.90  2.08  1.55  1.69  1.50  1.34  1.48  1.21  1.64  1.56
SKEW      1.01  1.09   .74   .94   .66   .57   .86   .76   .86  1.00   .80  1.26
CALM     15.42 14.53 11.35 10.93 11.32 12.60 16.93 17.32 15.82 15.87 14.84 14.62
                                                                                
INTERPOLATED DATA (station & weighting factor)                                  
                                                                                
---Wind Stations---                                                             
PRESCOTT      AZ     .343  FLAGSTAFF     AZ     .337  PAYSON        AZ     .320 
