 Mexico    E.T.A. 254 Comala                                                    
 LATT=  19.30 LONG=-103.72 YEARS= 20. TYPE= 3
 ELEVATION = 2172. TP5 = 1.79 TP6= 5.80
 MEAN P    .54   .71   .45   .00   .20   .56   .57   .59   .61   .64   .36   .26
 S DEV P   .61   .69   .41   .00   .20   .63   .63   .60   .93  1.09   .54   .39
 SKEW  P  1.44   .43   .37   .00  1.32  1.96  2.78  2.19  5.82  4.17  2.50  1.79
 P(W/W)    .29   .36   .25   .00   .33   .52   .49   .57   .62   .50   .43   .27
 P(W/D)    .02   .02   .01   .00   .03   .23   .39   .47   .39   .16   .03   .02
 TMAX AV 77.42 79.64 82.10 85.20 85.89 81.17 79.58 79.74 79.07 79.65 78.82 77.43
 TMIN AV 53.27 54.24 55.29 57.74 61.41 64.22 63.42 63.60 63.51 62.24 57.59 54.05
 SD TMAX  3.58  4.16  3.84  2.89  3.29  3.75  2.71  2.52  2.92  3.06  3.14  3.31
 SD TMIN  3.56  3.21  3.58  3.14  2.87  1.91  1.74  1.70  1.59  2.57  3.87  3.53
 SOL.RAD  400.  477.  572.  620.  615.  510.  469.  458.  392.  408.  406.  381.
 SD SOL   90.2 101.4  97.2  92.6  93.7 132.5 130.6 117.3 112.9 107.3  92.7  86.0
 MX .5 P   .30   .36   .33   .32   .53  1.16  1.51  1.29  1.31  1.01   .36   .36
 DEW PT  50.43 50.74 49.64 50.70 56.86 64.31 64.46 65.00 64.95 63.42 57.90 52.60
Time Pk   .270  .390  .480  .560  .630  .710  .770  .810  .860  .900  .950 1.000
% N       3.77  4.41  3.46  3.49  2.53  1.35  1.17  1.27  2.24  2.69  4.73  4.25
MEAN      5.01  5.64  5.85  5.41  5.20  4.70  4.14  4.03  4.41  4.97  5.34  5.48
STD DEV   2.24  2.27  2.50  2.31  2.09  2.32  1.93  1.67  2.02  2.22  2.35  2.41
SKEW       .51   .27   .43   .66   .32   .91   .80   .76   .74   .61   .58   .64
% NNE     5.49  5.35  4.75  5.84  3.67  2.15  1.86  2.59  4.94  5.01  6.72  5.40
MEAN      5.80  5.83  6.24  6.31  5.64  5.13  4.69  4.29  5.21  5.46  6.12  5.67
STD DEV   2.58  2.22  2.48  2.54  2.52  2.06  1.94  1.80  2.30  2.33  2.34  2.29
SKEW       .38   .29   .30   .36   .59   .51   .55   .74   .37   .60   .29   .65
% NE      7.13  6.44  6.24  6.37  4.23  3.03  2.72  4.03  6.59  6.14  6.13  5.21
MEAN      5.57  5.62  6.11  5.94  5.34  5.43  4.45  4.25  4.95  5.06  5.70  5.19
STD DEV   2.23  2.31  2.44  2.42  2.14  2.12  1.78  1.70  2.07  2.16  2.32  1.98
SKEW       .43   .51   .22   .50   .61   .48   .60   .70   .56   .60   .46   .37
% ENE     5.41  7.09  6.03  6.37  5.40  3.73  3.52  3.87  7.48  5.74  4.47  3.71
MEAN      4.92  4.93  5.44  5.38  5.07  5.15  4.56  4.57  4.67  4.80  4.83  4.60
STD DEV   1.76  1.76  2.02  2.06  1.98  1.98  1.77  1.75  1.75  1.83  1.91  1.74
SKEW       .59   .43   .51   .52   .69   .58   .70   .87   .71   .82   .76   .89
% E       3.32  5.15  5.04  5.31  5.69  4.34  4.36  4.88  7.39  4.63  3.29  2.29
MEAN      4.32  4.43  5.02  4.98  4.87  4.86  4.50  4.52  4.52  4.31  4.45  4.25
STD DEV   1.60  1.61  1.83  1.98  1.95  1.81  1.80  1.74  1.67  1.59  1.61  1.60
SKEW       .50   .51   .42   .82   .75   .55   .85   .69   .64   .45   .78   .53
% ESE     1.79  2.89  3.63  4.51  5.31  5.67  5.53  6.42  6.61  3.51  2.16  1.14
MEAN      3.98  4.26  4.78  5.07  4.99  4.81  4.66  4.63  4.42  4.28  4.32  3.68
STD DEV   1.31  1.47  1.81  2.00  1.98  1.69  1.69  1.64  1.53  1.70  1.52  1.33
SKEW       .24   .48   .41   .64   .64   .50   .45   .48   .52   .73   .55   .40
% SE      1.77  3.12  4.01  5.63  8.42 10.76 10.48 10.35  7.77  4.76  1.86  1.45
MEAN      3.96  4.39  4.63  5.24  5.38  5.09  4.70  4.44  4.36  4.22  3.92  3.72
STD DEV   1.47  1.88  1.79  2.16  2.29  1.93  1.69  1.52  1.52  1.59  1.49  1.47
SKEW       .35   .94   .57   .56   .84   .54   .47   .51   .43   .67   .53  1.19
% SSE     2.65  4.29  6.51  8.51 14.89 19.81 21.07 14.50 10.79  8.78  3.12  2.74
MEAN      4.52  5.35  5.79  6.16  6.23  5.86  5.26  4.75  4.66  4.89  4.59  4.53
STD DEV   1.88  2.30  2.42  2.43  2.40  1.98  1.78  1.55  1.68  1.85  1.99  1.91
SKEW       .58   .80   .83   .35   .42   .32   .42   .39   .52   .55  1.06   .62
% S       6.14  7.07  9.88 12.23 16.16 22.40 21.36 17.99 13.79 13.34  7.70  6.80
MEAN      5.01  5.53  6.02  6.25  6.01  6.01  5.27  4.77  4.94  5.11  5.21  5.24
STD DEV   2.08  2.31  2.32  2.42  2.12  2.02  1.80  1.68  1.81  1.91  2.16  2.20
SKEW       .61   .59   .42   .51   .38   .28   .39   .43   .51   .66   .92   .78
% SSW    11.44  9.93 10.82 10.64 11.22 13.40 12.45 13.53 10.31 12.59 11.51 11.44
MEAN      5.36  5.67  5.90  5.94  5.70  5.67  4.85  4.65  4.90  5.12  5.39  5.43
STD DEV   1.98  2.15  2.22  2.13  1.96  1.85  1.64  1.58  1.71  1.94  1.92  2.07
SKEW       .36   .44   .50   .42   .33   .11   .31   .37   .37   .56   .54   .54
% SW     10.76  8.71  7.67  5.86  4.84  3.25  3.71  5.59  4.07  6.58 10.93 10.84
MEAN      5.12  5.33  5.46  5.24  4.90  4.90  3.99  4.03  4.42  4.42  4.89  4.95
STD DEV   2.00  2.11  2.16  2.04  1.92  1.83  1.55  1.55  1.87  1.86  1.94  1.96
SKEW       .50   .40   .58   .41   .43   .17   .48   .67   .61   .67   .62   .68
% WSW    10.71  8.62  7.04  5.60  3.06  1.41  1.85  2.49  2.09  4.72  9.61 11.87
MEAN      4.81  5.07  5.36  5.23  4.92  4.78  3.54  3.85  3.87  3.96  4.47  4.73
STD DEV   1.93  2.08  2.33  2.17  1.95  1.91  1.35  1.54  1.59  1.69  1.81  1.97
SKEW       .78   .78   .72   .75   .42   .43   .61   .74   .78   .92   .92  1.01
% W       7.40  6.18  5.80  4.24  2.40   .82   .89  1.03  1.03  2.99  5.93  8.24
MEAN      4.87  5.28  6.14  5.84  5.03  4.03  3.02  3.13  3.30  3.67  4.41  4.63
STD DEV   2.31  2.56  3.07  2.95  2.33  1.70   .96  1.19  1.37  1.45  2.09  2.18
SKEW      1.21  1.20   .74   .80   .73   .42   .30  1.29   .99   .87  1.49  1.48
% WNW     5.19  4.42  5.48  3.53  1.94   .80   .62   .84   .80  1.94  3.95  5.44
MEAN      5.30  5.83  6.72  5.67  4.84  3.62  3.35  3.56  3.55  4.11  5.05  5.00
STD DEV   2.61  2.92  3.12  2.53  1.98  1.26  1.31  1.43  1.36  1.93  2.35  2.48
SKEW      1.00   .84   .54   .60   .41   .42   .85   .56   .26   .95   .97  1.31
% NW      3.28  3.45  3.36  2.73  1.41   .65   .53   .56   .72  1.38  2.95  3.37
MEAN      5.03  5.02  6.42  5.10  4.56  3.51  3.15  3.20  3.21  3.68  4.62  4.65
STD DEV   2.42  2.21  3.10  2.28  1.84  1.54  1.20  1.20  1.38  1.58  2.02  2.10
SKEW       .71   .67   .84  1.06   .51  1.25   .58   .64   .79   .82   .72   .87
% NNW     3.01  3.42  2.81  2.74  1.55   .76   .70   .74   .96  1.64  3.29  3.34
MEAN      5.37  5.56  6.06  5.43  4.49  3.56  3.12  3.34  3.97  4.23  4.70  4.93
STD DEV   2.28  2.24  2.58  2.35  1.90  1.42  1.14  1.29  2.01  1.80  2.11  2.08
SKEW       .51   .48   .47   .74   .53   .77   .44   .19  1.03   .77   .93   .63
CALM     10.84  9.47  7.47  6.30  7.32  5.67  7.28  9.30 12.41 13.54 11.67 12.46
                                                                                
INTERPOLATED DATA (station & weighting factor)                                  
                                                                                
---Wind Stations---                                                             
SAN ANGELO    TX     .383  SAN ANGELO    TX     .383  MIDLAND       TX     .233 
