 Mexico    Basaseachic                                                          
 LATT=  28.17 LONG=-108.20 YEARS= 20. TYPE= 3
 ELEVATION = 6644. TP5 = 1.96 TP6= 3.35
 MEAN P    .92   .85   .45   .55   .55   .56   .66   .69   .57   .85   .75   .78
 S DEV P   .66   .66   .38   .47   .50   .43   .51   .51   .43   .65   .62   .81
 SKEW  P   .86  1.18  1.19   .81  1.02  1.47  1.30  1.00  1.40   .92  1.38  1.74
 P(W/W)    .43   .40   .21   .38   .48   .59   .77   .63   .44   .51   .38   .48
 P(W/D)    .05   .08   .03   .03   .03   .17   .47   .38   .25   .08   .06   .08
 TMAX AV 59.60 62.02 66.57 72.41 78.45 83.92 79.51 79.42 78.24 73.20 66.04 59.88
 TMIN AV 32.22 34.05 36.49 41.02 46.23 54.91 56.34 55.53 53.36 45.86 37.85 32.85
 SD TMAX  6.02  6.98  6.51  5.47  5.32  5.09  4.49  4.04  4.17  5.39  6.19  6.49
 SD TMIN  5.42  5.77  5.25  5.15  4.73  3.66  2.22  2.22  3.24  5.46  5.62  5.72
 SOL.RAD  364.  439.  552.  657.  731.  651.  570.  552.  512.  471.  388.  339.
 SD SOL   85.2 108.8 117.4 118.7 110.2 155.5 133.6 119.1 116.5  98.5  82.1  74.0
 MX .5 P   .33   .45   .39   .47   .49   .84  1.38  1.20   .94   .49   .44   .51
 DEW PT  29.77 29.79 30.70 32.04 35.78 49.64 58.08 57.63 54.10 45.08 35.64 29.28
Time Pk   .100  .200  .290  .380  .460  .550  .640  .720  .800  .870  .940 1.000
% N       8.49  7.99  6.24  5.13  3.85  4.17  5.13  5.36  5.51  6.26  6.94  8.51
MEAN      4.03  4.18  4.04  4.15  3.89  3.79  3.82  3.67  3.50  3.73  3.72  3.79
STD DEV   2.11  2.17  2.15  2.16  2.02  1.99  2.14  2.01  1.82  2.33  2.10  2.13
SKEW      1.08  1.02   .83   .94  1.22  1.05  1.28  1.20  1.13  1.52  1.20  1.35
% NNE     3.87  4.18  3.04  2.49  2.22  2.28  3.29  3.33  2.94  3.57  3.96  3.94
MEAN      3.30  3.65  3.51  3.73  3.37  3.57  3.68  3.52  3.35  3.27  3.20  3.19
STD DEV   1.47  1.81  1.61  1.96  1.51  2.03  1.92  1.87  1.71  1.73  1.62  1.62
SKEW       .75  1.26   .75  1.21   .94  1.93  1.02  1.15  1.18  1.57  1.30  1.33
% NE      3.56  3.46  2.64  2.24  2.38  2.42  3.10  3.37  3.25  3.98  4.48  4.59
MEAN      2.66  2.83  3.10  2.89  2.89  3.35  3.42  3.24  3.05  2.75  2.76  2.64
STD DEV   1.09  1.16  1.37  1.23  1.17  1.79  1.71  1.64  1.62  1.25  1.28  1.06
SKEW       .90   .81  1.10   .95   .81  1.37   .94  1.12  1.28  1.33  2.13  1.04
% ENE     3.07  2.68  2.24  2.29  2.31  2.56  2.96  3.01  2.65  3.44  3.56  3.69
MEAN      2.63  2.81  2.76  2.66  3.18  3.23  3.68  3.31  3.07  2.67  2.49  2.58
STD DEV   1.00  1.18  1.05  1.09  1.49  1.65  2.19  1.70  1.69  1.04   .95   .96
SKEW       .63  1.16   .40   .90  1.40  1.21  1.21  1.28  1.60   .84   .38   .39
% E       4.23  3.94  3.28  2.86  3.14  3.55  4.03  3.86  3.86  4.19  4.53  3.89
MEAN      2.48  2.68  2.85  2.63  2.96  2.86  3.37  3.32  2.81  2.50  2.46  2.42
STD DEV   1.01  1.14  1.17  1.02  1.48  1.26  1.83  1.92  1.48  1.01   .92   .92
SKEW      1.06  1.25   .95  1.17  1.40  1.24  1.17  1.45  2.14   .81   .47   .66
% ESE     2.54  2.64  2.84  2.85  2.62  3.11  3.22  3.04  2.37  2.33  2.71  2.47
MEAN      2.97  3.03  3.25  3.32  3.31  3.66  4.06  3.44  3.01  2.77  2.84  2.60
STD DEV   1.43  1.36  1.61  1.52  1.57  1.90  2.28  1.69  1.31  1.26  1.31  1.28
SKEW      1.08   .77  1.15   .98  1.24   .96  1.09   .81   .67  1.06   .89  1.13
% SE      6.41  6.66  6.51  7.16  8.14  8.17  9.05  7.57  7.22  6.58  6.02  5.70
MEAN      3.49  3.44  3.66  3.61  3.93  4.15  4.21  3.94  3.53  3.24  3.14  3.26
STD DEV   1.68  1.62  1.74  1.68  2.05  2.11  2.00  1.86  1.61  1.54  1.59  1.53
SKEW      1.02  1.16  1.12   .99  1.23   .97   .82   .85   .91  1.19  1.08   .76
% SSE     6.92  7.72  8.69  8.56 10.75 11.57 12.70 10.80 10.10  9.00  6.99  7.03
MEAN      3.84  3.88  4.14  4.36  4.68  5.00  4.69  4.22  4.18  3.93  3.57  3.72
STD DEV   1.82  1.75  2.00  2.14  2.27  2.31  2.18  1.94  1.97  2.04  1.67  1.87
SKEW       .68   .76  1.03   .89   .82   .50   .72   .72   .79  1.31   .76   .86
% S       9.73  9.23 11.59 12.52 13.05 14.45 14.13 13.20 13.39 11.81  9.62  8.09
MEAN      3.85  4.05  4.49  4.68  4.82  4.84  4.28  4.18  4.17  3.84  3.55  3.69
STD DEV   1.94  2.09  2.25  2.41  2.34  2.37  1.97  1.98  2.11  2.00  1.79  2.07
SKEW       .87   .98   .89   .99   .66   .74   .72   .87   .93  1.03   .99  1.08
% SSW     3.28  3.98  6.56  7.36  7.39  6.73  5.26  5.18  5.42  4.90  4.25  2.77
MEAN      4.61  4.75  5.15  5.36  5.29  4.89  4.12  3.84  4.05  4.08  4.14  4.01
STD DEV   2.63  2.46  2.72  2.73  2.53  2.34  1.89  1.72  2.01  2.17  2.54  2.23
SKEW       .83   .61  1.01   .85   .56   .68   .80   .68   .82   .99  1.17   .90
% SW      3.53  4.86  7.12  8.96  8.49  6.77  4.66  4.97  5.40  4.49  4.00  3.23
MEAN      4.54  4.78  5.61  5.91  5.29  4.87  3.49  3.41  3.76  3.86  4.12  4.36
STD DEV   2.78  2.74  2.91  3.12  2.65  2.40  1.55  1.50  1.90  2.18  2.53  2.64
SKEW      1.10  1.00   .68   .70   .57   .71   .78   .78   .92  1.11  1.06   .87
% WSW     2.98  4.08  5.95  7.17  6.73  5.89  3.20  3.67  3.95  3.23  3.39  2.70
MEAN      4.85  5.22  5.85  6.00  5.35  4.85  3.58  3.45  3.76  3.92  4.36  4.51
STD DEV   2.90  3.01  3.05  3.21  2.74  2.39  1.71  1.53  1.74  2.30  2.70  2.84
SKEW       .69   .70   .49   .70   .81   .70   .98   .83   .72  1.08  1.06   .93
% W       4.78  5.44  6.33  7.37  6.95  6.42  4.65  5.01  5.63  4.95  4.35  4.50
MEAN      4.00  4.18  5.16  5.28  4.64  4.22  3.38  3.41  3.34  3.50  3.72  3.59
STD DEV   2.44  2.51  3.03  3.04  2.42  2.14  1.55  1.58  1.48  1.83  2.43  2.32
SKEW      1.17  1.44   .98  1.08  1.09   .92   .71  1.05   .69  1.00  1.55  1.55
% WNW     3.17  3.46  3.46  3.13  3.09  3.18  3.13  3.56  3.28  3.21  3.25  3.23
MEAN      3.66  3.99  4.55  4.12  3.77  3.74  3.61  3.66  3.26  3.28  3.44  3.34
STD DEV   1.81  2.08  2.60  2.18  1.63  1.78  1.68  1.85  1.43  1.60  1.72  1.70
SKEW       .78   .96  1.12  1.39   .55   .82   .89  1.04   .69   .86   .90  1.07
% NW      5.95  6.77  4.83  4.08  4.03  4.01  4.74  5.16  5.01  4.64  5.24  5.88
MEAN      3.87  4.38  4.21  4.31  3.93  3.73  3.50  3.53  3.35  3.14  3.66  3.66
STD DEV   2.05  2.50  2.31  2.45  1.89  1.78  1.65  1.76  1.58  1.46  2.08  2.03
SKEW       .96  1.21  1.01  1.33   .92   .92   .70  1.27  1.17   .81  1.24  1.18
% NNW     5.92  5.92  4.48  4.09  3.22  3.26  3.72  3.93  4.46  4.03  5.34  5.99
MEAN      4.45  4.59  4.67  4.42  4.11  3.94  3.77  3.72  3.64  3.81  3.88  3.77
STD DEV   2.42  2.41  2.63  2.39  2.27  1.90  1.89  1.84  1.87  2.09  2.22  2.16
SKEW       .91   .98  1.05   .94  1.20   .85   .94   .85  1.16  1.04  1.10  1.25
CALM     21.58 17.03 14.22 11.73 11.55 11.54 13.12 15.04 15.63 19.40 21.32 23.81
                                                                                
INTERPOLATED DATA (station & weighting factor)                                  
                                                                                
---Wind Stations---                                                             
ALAMOGORDO    NM     .833  ROSWELL/WALK. NM     .084  TRUTH OR CON. NM     .083 
