 Mexico    Torres (Ffcc)                                                        
 LATT=  28.75 LONG=-110.77 YEARS= 20. TYPE= 1
 ELEVATION =  846. TP5 = 1.53 TP6= 5.38
 MEAN P    .23   .26   .25   .11   .18   .37   .39   .52   .41   .31   .36   .40
 S DEV P   .34   .31   .49   .11   .15   .42   .52   .71   .63   .49   .83   .66
 SKEW  P  2.50  1.67  2.69  1.09   .30  1.12  1.97  3.06  4.17  2.99  4.66  3.32
 P(W/W)    .35   .38   .19   .40   .20   .29   .36   .32   .30   .23   .25   .46
 P(W/D)    .05   .06   .02   .01   .01   .03   .23   .25   .15   .05   .04   .07
 TMAX AV 77.25 79.56 85.78 90.96 96.59103.09101.90100.98 98.62 92.88 83.84 75.66
 TMIN AV 48.15 50.37 54.88 59.59 65.25 75.51 80.94 80.53 76.95 66.67 56.12 48.33
 SD TMAX  6.35  7.50  7.13  5.90  5.50  4.14  4.93  5.06  5.24  6.79  6.99  6.17
 SD TMIN  5.64  5.39  5.22  4.81  4.92  5.12  2.78  2.64  3.82  6.27  6.15  5.44
 SOL.RAD  330.  405.  515.  609.  669.  658.  574.  543.  503.  433.  351.  304.
 SD SOL   67.6  87.9  94.3  86.8  59.6  78.9 112.3 102.0  95.0  79.8  71.4  63.1
 MX .5 P   .20   .31   .28   .32   .35   .43  1.24  1.17   .69   .34   .30   .31
 DEW PT  38.00 39.13 38.70 39.48 43.66 56.38 68.29 71.06 68.62 55.66 45.65 39.51
Time Pk   .160  .260  .350  .430  .520  .610  .690  .760  .840  .900  .950 1.000
% N       5.85  4.19  4.11  5.08  4.50  3.96  3.16  3.37  6.03  7.89  7.00  6.83
MEAN      3.24  3.36  3.28  3.37  3.58  3.27  3.32  3.10  2.91  3.29  3.14  4.53
STD DEV   1.37  1.58  1.26  1.65  1.48  1.51   .85  1.03  1.52  1.50  1.32  2.10
SKEW       .46   .73   .65   .67   .61  1.18   .44   .49  1.52   .93   .85  1.19
% NNE     4.66  6.50  5.47  6.39  4.35  3.50  3.78  5.26  6.71  6.42  4.25  4.87
MEAN      4.28  2.96  2.82  4.22  3.53  2.86  3.19  3.14  3.21  3.11  3.53  4.72
STD DEV   2.52  1.18   .96  2.02  1.57  1.05  1.50  1.07  1.13  1.19  1.89  1.85
SKEW       .88   .80   .70  1.30   .62   .56  1.32   .39   .56   .73  1.30   .47
% NE      4.29  4.61  2.87  5.66  2.78  2.89  2.70  1.83  2.30  2.99  2.46  2.95
MEAN      7.05  3.20  2.77  3.41  2.82  2.50  2.63  2.57  2.78  2.82  3.40  3.71
STD DEV   4.65  1.68  1.21  1.63  1.25   .97  1.14   .87  1.32  1.34  1.35  1.71
SKEW       .99  1.20   .88  1.01   .79   .68  1.00   .83   .92  1.22   .51   .96
% ENE     5.33  6.70  3.45  4.26  4.40  3.59  4.52  2.73  7.11 18.90 17.28  8.75
MEAN      5.47  3.59  3.29  3.46  3.44  3.05  3.02  3.02  3.56  3.86  4.49  4.61
STD DEV   2.69  1.55  1.41  1.53  1.32   .96  1.03  1.03  1.28  1.53  1.87  1.55
SKEW      1.65   .88   .89   .60   .80   .38   .58   .56   .55   .36   .86   .76
% E      10.13 10.08  4.65  7.02  4.79  2.74  3.85  2.35  5.06  5.48 12.40 10.01
MEAN      4.69  3.79  3.01  3.68  2.84  2.60  2.87  2.85  3.39  3.06  3.86  3.87
STD DEV   2.34  2.09  1.32  1.62   .99   .85  1.16  1.26  1.27  1.15  1.91  1.43
SKEW       .43   .55  -.11   .68   .68   .51   .45   .61   .47   .57  1.04   .23
% ESE     1.66  1.58  1.79  1.22   .65  1.02  1.73  1.16  1.79  1.85  1.80  2.39
MEAN      4.81  3.25  3.53  2.27  2.41  2.51  2.78  2.91  3.44  3.24  3.36  3.64
STD DEV   3.04  1.26  1.28   .74   .69  1.08  1.00   .84  1.36  1.47  2.00  1.27
SKEW      1.11   .30   .29   .22   .33   .78   .62   .32   .59   .74  1.09   .61
% SE      3.80  3.32  3.62  4.03  3.56  5.03  6.71  6.04  3.76  3.51  3.92  3.56
MEAN      3.63  3.13  3.22  2.60  3.28  2.69  3.51  3.27  2.93  3.21  2.89  3.28
STD DEV   1.73  1.81   .88   .90   .91   .86  1.66   .94  1.18  1.23  1.32  1.60
SKEW       .86   .83   .50   .41   .37   .24   .93   .39   .56   .37   .84   .74
% SSE     3.22  3.24  3.65  3.62  4.07  3.98  7.71  5.97  5.64  4.70  3.37  2.26
MEAN      3.81  3.75  3.58  2.42  2.24  4.18  4.00  4.02  3.91  3.76  3.36  4.25
STD DEV   1.59   .85  1.33   .98   .93  2.03  1.37   .95   .95  1.75   .79  1.19
SKEW       .47   .33  -.05   .17   .24   .43   .35   .28   .52  1.05   .28   .52
% S       2.98  2.50  2.84  3.40  3.33  3.09  4.86  3.85  3.79  2.66  2.30  3.36
MEAN      3.91  3.39  2.78  3.00  3.03  3.27  3.34  4.65  3.09  2.87  3.21  4.49
STD DEV   1.70  1.02  1.00   .97  1.27  1.74  1.58  2.03  1.31  1.32   .83  1.79
SKEW       .38   .37   .48   .36   .78   .66   .48   .48   .82   .66   .58   .39
% SSW     1.63  2.01  2.68  1.37  1.99  2.05  2.04  2.14  2.54  2.34  1.99  2.20
MEAN      4.99  3.65  4.95  1.81  3.36  3.53  3.79  4.05  4.01  4.64  3.67  4.39
STD DEV   2.51  1.22  2.06   .96   .75  1.63   .75   .80  1.63  1.80  1.28  1.85
SKEW       .54   .38   .41   .68   .07   .98   .29   .18   .95   .25   .18  1.34
% SW      2.46  2.92  3.29  2.60  1.98  2.71  2.40  2.48  2.07  1.43  1.55  3.02
MEAN      5.63  3.80  4.68  4.70  7.11  4.44  2.71  4.40  4.90  2.38  4.27  5.47
STD DEV   2.52  2.30  1.60  3.07   .74  2.85  1.64  1.78  2.85   .67  3.10  2.43
SKEW       .61   .69   .42   .72   .33   .77  1.06   .29   .44   .52  1.14   .75
% WSW     8.54  8.44 10.73  2.09  8.71 13.75  2.54  7.09 15.75 10.24  5.22  9.34
MEAN      8.37  7.55  8.10  9.58  8.65  6.61  4.71  6.28  6.26  9.63  9.68  7.76
STD DEV   4.19  4.08  3.89  4.44  3.78  2.86  2.28  2.45  3.09  3.98  3.77  3.95
SKEW       .60  1.28   .46   .64   .12   .13   .58   .39   .80   .83   .41   .84
% W      19.23 16.37 23.22 24.79 22.90 16.26 25.51 27.47 11.35  7.07  8.23 14.78
MEAN      7.77  8.29  7.91  7.19  7.53  4.85  5.60  5.58  4.81  4.56  6.66  7.47
STD DEV   4.42  5.34  4.93  3.96  4.43  2.55  2.67  2.73  2.36  2.12  4.32  3.95
SKEW       .91   .66  1.11   .75   .75   .82   .78   .62   .65   .82   .75  1.10
% WNW     3.55  3.52  4.61  4.36  4.61  4.77  6.03  5.18  3.79  3.49  4.48  3.62
MEAN      5.24  3.84  5.56  5.41  4.38  3.38  3.56  3.49  2.92  3.76  5.48  6.20
STD DEV   2.75  1.74  2.87  3.21  2.61  1.95  1.71  1.75  1.15   .93  2.78  3.05
SKEW      1.27   .46  1.07  1.04  1.10  1.05   .97  1.02   .87   .46  1.10   .53
% NW      6.15  7.95  7.57  6.56  5.12  5.20  5.10  6.94  5.27  5.70  7.75  6.81
MEAN      4.26  3.49  4.18  3.92  3.47  3.57  3.53  3.92  2.27  4.30  4.68  6.86
STD DEV   1.42  1.57  1.96  2.04  1.59  1.80  1.01  1.86  1.12  1.07  2.20  3.79
SKEW      1.13  1.02   .45   .92   .49   .61   .29  1.14   .38   .45   .66  1.03
% NNW    11.06  9.49 11.25 14.04 17.68 19.78 10.60 10.11 11.07 10.55 11.32 10.79
MEAN      3.84  3.72  4.27  4.20  4.48  4.50  3.44  3.62  2.43  3.55  5.02  4.59
STD DEV   1.67  2.00  1.32  1.33  1.28  1.57  1.35  1.09  1.11  1.08  2.54  2.16
SKEW       .62   .68   .40   .38   .31  -.11   .31   .44   .48   .56   .77   .58
CALM      5.50  6.50  4.21  3.45  4.51  5.67  6.80  5.93  5.90  4.88  4.68  4.50
                                                                                
INTERPOLATED DATA (station & weighting factor)                                  
                                                                                
---Wind Stations---                                                             
MOUNT LAGUNA  CA     .404  THERMAL       CA     .397  MIRAMAR       CA     .199 
