 Spain    Tenerife/Los Rodeos                                                   
 LATT=  28.48 LONG= -16.33 YEARS= 20. TYPE= 3
 ELEVATION = 2011. TP5 = 2.08 TP6= 5.80
 MEAN P    .25   .33   .28   .17   .10   .09   .08   .12   .12   .23   .32   .31
 S DEV P   .42   .56   .50   .22   .16   .10   .10   .22   .24   .40   .49   .61
 SKEW  P  4.14  4.90  5.33  2.09  4.05  2.98  3.37  3.95  4.71  3.90  2.78  4.26
 P(W/W)    .60   .60   .58   .55   .42   .36   .51   .42   .29   .62   .64   .56
 P(W/D)    .21   .19   .15   .18   .13   .11   .05   .05   .09   .18   .24   .17
 TMAX AV 62.21 61.32 61.93 62.36 64.00 66.55 69.02 70.90 71.18 70.38 66.97 64.83
 TMIN AV 59.86 58.75 59.22 59.89 61.62 64.12 66.58 68.49 68.90 67.93 64.59 62.37
 SD TMAX  2.43  2.84  2.88  2.65  2.58  2.26  2.38  2.26  1.96  2.70  2.71  2.65
 SD TMIN  2.27  2.47  2.43  2.24  2.32  2.07  2.22  2.07  1.66  2.28  2.55  2.29
 SOL.RAD  321.  389.  489.  570.  629.  654.  649.  611.  533.  417.  318.  284.
 SD SOL   59.1  80.1  88.4  93.9  82.6  77.1  62.2  77.4  79.6  82.6  67.9  62.2
 MX .5 P   .37   .45   .36   .50   .49   .46   .38   .35   .37   .48   .62   .39
 DEW PT  53.23 52.75 53.99 54.56 56.82 60.48 62.92 64.70 64.54 62.91 58.41 55.74
Time Pk   .070  .170  .260  .360  .450  .540  .620  .700  .780  .860  .940 1.000
% N       5.27  5.74  4.42  3.54  2.49  1.03   .91  1.08  2.62  3.80  5.53  5.56
MEAN      4.71  5.12  5.47  5.06  4.85  3.58  3.84  3.75  3.89  4.63  4.92  5.06
STD DEV   2.02  2.06  2.33  2.14  2.14  1.73  1.74  1.58  1.69  2.02  2.24  2.27
SKEW       .41   .36   .40   .40   .37   .76   .34   .40   .40   .49   .49   .68
% NNE     5.40  5.45  5.12  5.52  3.27  1.61  1.36  1.98  4.29  4.69  6.30  5.48
MEAN      5.24  5.28  5.54  5.54  5.03  4.47  4.35  3.93  4.69  4.95  5.39  5.11
STD DEV   2.24  2.10  2.22  2.10  2.20  1.83  1.63  1.62  1.96  1.95  2.03  1.94
SKEW       .35   .37   .39   .32   .46   .16   .27   .43   .19   .39   .22   .54
% NE      5.26  5.16  5.04  5.41  3.60  2.65  1.97  3.09  5.52  4.75  5.26  4.39
MEAN      4.52  4.62  4.78  4.83  4.50  4.48  3.92  3.87  4.16  4.24  4.61  4.22
STD DEV   1.81  1.89  1.96  1.99  1.89  1.82  1.58  1.59  1.78  1.82  1.89  1.58
SKEW       .45   .32   .22   .34   .50   .51   .37   .63   .45   .53   .45   .46
% ENE     4.50  6.25  5.86  5.80  5.02  3.78  2.66  3.55  7.33  5.09  4.23  3.16
MEAN      4.09  4.21  4.50  4.34  4.19  4.27  3.88  3.99  4.01  3.96  4.01  3.78
STD DEV   1.54  1.50  1.64  1.78  1.70  1.74  1.62  1.57  1.56  1.53  1.56  1.41
SKEW       .54   .38   .34   .48   .54   .59   .43   .65   .42   .67   .43   .49
% E       2.95  4.54  4.84  4.94  5.40  4.75  3.99  5.08  7.24  4.27  3.17  2.03
MEAN      3.47  3.73  4.10  3.89  4.02  4.04  3.92  3.91  3.77  3.61  3.68  3.65
STD DEV   1.31  1.31  1.51  1.59  1.67  1.58  1.69  1.58  1.46  1.38  1.30  1.46
SKEW       .49   .34   .23   .66   .76   .64   .80   .68   .49   .33   .40   .53
% ESE     1.57  2.44  3.22  3.86  5.26  5.76  5.01  5.30  5.55  3.15  1.83  1.31
MEAN      3.36  3.93  4.08  4.32  4.38  4.34  4.17  4.14  3.95  3.81  3.64  3.33
STD DEV   1.12  1.26  1.58  1.70  1.85  1.57  1.55  1.49  1.44  1.51  1.21  1.23
SKEW       .19   .29   .55   .46   .71   .45   .25   .25   .49   .55   .19   .43
% SE      1.80  3.07  4.40  6.67  9.60 12.67 11.25  9.82  6.89  4.61  2.29  1.90
MEAN      3.47  4.23  4.37  4.70  5.07  4.74  4.42  4.07  3.97  3.96  3.54  3.60
STD DEV   1.43  1.90  1.81  1.94  2.16  1.81  1.59  1.43  1.45  1.59  1.38  1.51
SKEW       .33   .68   .33   .44   .68   .41   .33   .24   .31   .46   .34  1.02
% SSE     2.64  4.59  6.98 10.59 16.21 20.28 20.65 13.55  9.05  7.34  3.60  2.65
MEAN      4.47  5.22  5.43  5.77  5.77  5.42  4.92  4.45  4.38  4.70  4.37  4.53
STD DEV   1.84  2.19  2.13  2.33  2.19  1.91  1.68  1.49  1.55  1.79  1.81  1.87
SKEW       .40   .46   .57   .41   .34   .31   .30   .24   .22   .40   .66   .39
% S       5.91  6.63  9.78 12.54 16.03 20.57 20.25 16.83 12.30 11.48  6.69  5.43
MEAN      4.73  5.01  5.28  5.53  5.33  5.21  4.57  4.17  4.32  4.68  4.73  4.66
STD DEV   2.03  2.08  2.11  2.25  1.95  1.83  1.64  1.52  1.64  1.85  1.91  2.02
SKEW       .36   .31   .40   .43   .32   .24   .39   .37   .45   .55   .56   .63
% SSW     9.27  7.77  9.67  9.67  9.78 10.69 11.24 11.06  8.48  9.81  9.51  8.63
MEAN      4.99  5.27  5.42  5.42  5.21  5.16  4.41  4.17  4.45  4.67  4.94  4.91
STD DEV   2.00  2.09  2.09  2.04  1.93  1.80  1.53  1.47  1.67  1.78  1.92  1.93
SKEW       .33   .24   .35   .27   .24   .25   .13   .20   .22   .33   .47   .26
% SW      9.26  6.96  6.22  5.10  4.32  2.89  4.14  5.65  4.05  5.77  7.95  8.83
MEAN      4.42  4.68  4.78  4.76  4.44  4.13  3.86  3.61  3.81  3.97  4.29  4.30
STD DEV   1.83  1.99  2.01  1.96  1.79  1.66  1.35  1.37  1.71  1.77  1.81  1.87
SKEW       .42   .33   .40   .29   .39   .43   .13   .38   .41   .49   .51   .66
% WSW     7.81  6.46  4.35  3.74  1.94   .94  1.49  2.04  1.81  3.35  6.80  8.96
MEAN      4.11  4.51  4.53  4.58  3.94  3.63  3.09  3.30  3.15  3.28  3.82  3.85
STD DEV   1.91  2.21  2.09  2.25  1.71  1.51  1.10  1.28  1.41  1.54  1.69  1.66
SKEW       .90   .76   .55   .68   .39   .41   .17   .40   .72   .74   .82   .82
% W       7.54  6.68  5.40  3.71  1.86   .77   .81  1.36  1.63  3.09  6.05  8.17
MEAN      3.80  4.40  4.95  4.69  3.81  3.18  2.72  2.66  2.51  2.76  3.46  3.60
STD DEV   2.03  2.55  2.95  2.74  1.93  1.38  1.00  1.13  1.16  1.31  1.81  1.84
SKEW      1.52  1.32   .96   .97   .69   .45   .25   .89  1.10   .96  1.39  1.47
% WNW     5.41  4.56  5.08  3.01  1.49   .49   .56   .69   .82  1.95  3.91  5.44
MEAN      4.33  4.76  5.66  4.55  3.68  2.93  2.81  2.66  2.73  3.26  3.96  4.05
STD DEV   2.38  2.51  3.14  2.24  1.71  1.18  1.05  1.07  1.15  1.69  2.15  2.14
SKEW      1.17   .79   .67   .66   .46   .05   .19   .46   .49   .94  1.14  1.17
% NW      3.80  3.69  3.57  2.46  1.25   .63   .50   .66   .85  1.49  2.73  3.36
MEAN      4.43  4.33  5.00  4.26  4.02  3.02  2.75  2.62  2.61  3.32  3.55  3.83
STD DEV   2.13  1.92  2.59  2.01  1.74  1.21  1.14   .95  1.34  1.52  1.80  1.96
SKEW       .71   .61   .58   .95   .27   .56   .19   .08  1.55  1.18   .94   .91
% NNW     3.50  3.88  3.12  2.58  1.49   .68   .56   .57  1.02  1.70  3.02  3.60
MEAN      5.22  5.28  5.61  4.87  4.44  3.83  3.23  3.13  3.43  4.10  4.54  4.96
STD DEV   2.25  2.18  2.50  2.07  1.97  1.38  1.02  1.09  1.61  1.65  1.88  2.09
SKEW       .49   .34   .31   .61   .33   .22   .16   .76   .63   .41   .41   .56
CALM     18.13 16.21 12.90 10.83 11.01  9.72 12.67 17.77 20.54 23.56 21.14 21.20
                                                                                
INTERPOLATED DATA (station & weighting factor)                                  
                                                                                
---Wind Stations---                                                             
JUNCTION      TX     .546  SAN ANGELO    TX     .304  ABILENE/DYESS TX     .150 
