 United States    Harvard                                                       
 LATT=  42.41 LONG= -88.63 YEARS= 20. TYPE= 3
 ELEVATION =  915. TP5 = 2.05 TP6= 4.17
 MEAN P    .18   .21   .23   .31   .35   .41   .46   .43   .43   .29   .25   .25
 S DEV P   .25   .24   .30   .42   .39   .56   .67   .58   .62   .37   .33   .32
 SKEW  P  2.55  1.83  2.40  3.12  1.85  3.54  2.42  2.51  3.06  2.13  2.22  2.38
 P(W/W)    .45   .44   .46   .50   .54   .51   .42   .46   .46   .50   .45   .43
 P(W/D)    .24   .24   .24   .29   .32   .32   .24   .25   .24   .27   .24   .24
 TMAX AV 29.28 32.61 46.00 59.25 69.96 78.59 82.40 80.15 74.32 60.70 46.71 33.68
 TMIN AV 15.60 18.16 29.09 39.52 50.72 60.61 64.73 62.79 55.51 44.07 32.73 21.27
 SD TMAX 11.30 11.35 12.61 11.23  9.66  6.86  5.76  5.35  8.25 10.32 10.72 10.92
 SD TMIN 13.45 12.72 11.37  8.81  8.73  6.96  6.06  5.91  8.40  9.18  9.93 12.33
 SOL.RAD  149.  221.  301.  390.  448.  510.  536.  468.  371.  234.  152.  121.
 SD SOL   49.3  71.8 103.3 141.2 151.3 146.1 121.9 122.4 110.7  92.8  60.8  42.8
 MX .5 P   .24   .29   .31   .52   .68   .91  1.17   .93   .73   .48   .32   .27
 DEW PT  14.86 16.83 26.18 34.99 47.11 57.30 61.92 61.24 54.18 41.50 30.27 20.60
Time Pk   .150  .260  .350  .450  .530  .620  .700  .770  .840  .900  .960 1.000
% N       2.62  3.67  4.31  4.51  4.75  3.97  4.60  5.10  4.04  4.08  2.92  2.58
MEAN      4.36  4.75  4.72  4.61  4.20  3.97  3.60  3.55  3.70  3.88  4.53  4.38
STD DEV   1.78  2.14  1.90  1.88  1.80  1.67  1.61  1.58  1.64  1.67  2.08  2.10
SKEW       .29   .39   .47   .46   .35   .27   .52   .47   .42   .22   .43   .20
% NNE     4.12  4.14  4.53  4.95  6.46  4.60  5.19  5.83  4.34  4.07  2.50  2.11
MEAN      4.65  4.69  4.87  4.57  4.53  4.27  3.81  3.70  3.88  3.96  4.47  4.48
STD DEV   2.00  1.82  1.89  1.75  1.82  1.60  1.47  1.55  1.63  1.54  1.94  1.76
SKEW       .57   .31   .36   .46   .69   .37   .30   .44   .57   .59   .77   .27
% NE      3.49  4.04  3.96  4.74  5.95  4.16  4.69  5.71  4.30  4.27  1.90  2.07
MEAN      4.24  4.64  4.60  4.30  3.86  3.75  3.46  3.36  3.51  3.75  3.26  4.04
STD DEV   1.74  1.87  1.92  1.73  1.54  1.54  1.47  1.39  1.53  1.59  1.40  1.79
SKEW       .53   .55   .51   .25   .55   .45   .62   .45   .67   .51   .56   .30
% ENE     2.83  3.92  4.77  4.97  5.09  3.54  3.79  4.34  3.74  3.43  1.50  2.18
MEAN      4.50  4.89  4.97  4.55  4.03  3.88  3.48  3.36  3.42  3.76  3.43  4.25
STD DEV   1.88  1.91  1.91  1.63  1.68  1.44  1.40  1.33  1.39  1.47  1.34  1.61
SKEW       .82   .46   .35   .07   .46   .33   .58   .38   .49   .41   .38   .55
% E       2.99  3.65  4.16  4.51  4.15  3.81  4.18  4.29  3.62  3.45  2.26  3.16
MEAN      4.03  3.92  4.50  4.18  3.60  3.45  3.25  2.95  3.22  3.14  3.35  3.91
STD DEV   1.57  1.49  1.84  1.75  1.47  1.47  1.31  1.22  1.35  1.33  1.60  1.62
SKEW       .34   .29   .41   .56   .45   .43   .35   .45   .50   .44   .80   .41
% ESE     2.75  2.77  3.22  3.58  3.20  2.94  2.88  2.73  3.10  2.87  1.71  2.42
MEAN      4.05  4.10  4.62  4.24  3.79  3.53  3.18  3.02  3.14  3.37  3.64  4.06
STD DEV   1.56  1.55  1.76  1.61  1.49  1.40  1.27  1.27  1.23  1.46  1.53  1.65
SKEW       .35   .32   .38   .35   .32   .26   .48   .47   .49   .72   .50   .61
% SE      3.59  3.86  4.53  3.73  4.41  4.67  4.35  5.00  6.07  5.18  3.63  4.33
MEAN      4.24  4.27  4.59  4.09  3.52  3.19  2.83  2.65  3.15  3.20  3.73  4.30
STD DEV   1.68  1.75  1.96  1.81  1.65  1.44  1.22  1.21  1.43  1.34  1.78  1.71
SKEW       .45   .36   .59   .40   .61   .75   .60   .79   .84   .53   .72   .32
% SSE     5.43  5.32  6.10  4.95  4.61  5.55  4.36  5.01  5.62  5.84  6.02  6.18
MEAN      5.07  5.25  5.14  4.50  4.06  3.57  3.22  3.22  3.58  3.80  4.79  5.03
STD DEV   1.89  2.05  2.20  1.87  1.78  1.44  1.27  1.32  1.48  1.68  2.09  1.92
SKEW       .32   .37   .57   .40   .75   .56   .52   .60   .64   .94   .65   .46
% S       8.68  6.80  6.55  7.78  8.34 11.34 10.16  9.09 10.25 10.98  9.99  9.78
MEAN      5.34  5.30  5.07  4.64  4.16  3.97  3.44  3.27  3.91  4.08  4.98  5.19
STD DEV   2.21  2.30  2.35  2.05  1.96  1.77  1.52  1.45  1.76  1.80  2.26  2.26
SKEW       .58   .42   .73   .58   .77   .89   .77   .69   .65   .54   .58   .47
% SSW    11.43  8.93  6.98  8.17  8.04 10.76  9.41  8.02  9.04 10.22 12.29 12.13
MEAN      6.41  6.15  6.04  5.70  4.88  4.70  4.38  3.90  4.56  4.92  5.88  6.03
STD DEV   2.65  2.49  2.47  2.41  2.13  1.95  1.82  1.61  1.99  2.11  2.26  2.39
SKEW       .58   .25   .42   .45   .66   .60   .52   .51   .66   .65   .36   .43
% SW      8.44  7.68  6.23  8.00  8.16  9.51  9.37  7.49  8.30  9.77 10.40  9.58
MEAN      5.86  5.62  5.80  5.82  4.82  4.77  4.24  3.70  4.26  4.77  5.45  5.63
STD DEV   2.50  2.36  2.64  2.57  2.29  2.04  1.88  1.55  1.91  2.16  2.30  2.42
SKEW       .65   .46   .51   .63   .76   .45   .68   .53   .79   .58   .48   .47
% WSW    10.22  9.49  8.84  8.30  7.70  7.49  7.60  6.61  5.99  7.32 11.60 10.97
MEAN      6.40  6.07  6.55  6.19  5.40  5.09  4.65  4.20  4.71  5.08  6.00  6.04
STD DEV   2.81  2.39  2.68  2.61  2.23  1.98  1.89  1.78  1.95  2.18  2.40  2.42
SKEW       .70   .39   .51   .69   .46   .41   .60   .79   .47   .63   .74   .46
% W      11.57 12.12 11.23  9.25  8.46  7.08  7.15  7.24  7.71  7.49 10.78 12.70
MEAN      6.08  5.93  6.02  5.99  4.95  4.48  4.05  3.91  4.13  4.79  5.61  5.69
STD DEV   2.52  2.54  2.59  2.59  2.18  1.98  1.80  1.73  1.92  2.13  2.30  2.38
SKEW       .72   .46   .54   .66   .56   .50   .71   .67   .69   .50   .47   .46
% WNW     8.79 10.19 11.02  9.20  7.47  6.27  5.98  6.02  7.58  5.96  8.70  8.74
MEAN      5.90  5.87  6.00  5.97  4.85  4.59  4.21  4.07  4.50  4.74  5.65  5.51
STD DEV   2.29  2.40  2.43  2.44  2.05  1.95  1.77  1.60  1.94  1.94  2.32  2.12
SKEW       .40   .53   .47   .65   .50   .66   .54   .56   .66   .40   .65   .33
% NW      4.78  5.54  6.09  5.11  4.13  4.00  4.38  4.48  4.58  5.21  5.21  3.95
MEAN      5.08  5.14  5.16  5.32  4.03  4.13  3.81  3.69  3.96  4.33  4.86  4.74
STD DEV   2.05  2.19  2.10  2.15  1.66  1.69  1.61  1.55  1.66  1.85  2.10  2.04
SKEW       .20   .45   .43   .38   .45   .48   .48   .34   .44   .47   .53   .36
% NNW     4.42  5.17  4.66  5.05  4.41  4.50  4.84  5.27  4.53  4.41  4.67  3.30
MEAN      4.87  5.15  5.11  5.03  4.11  4.41  4.26  3.89  4.16  4.77  5.00  5.25
STD DEV   1.92  2.13  2.12  1.86  1.61  1.74  1.75  1.54  1.74  1.84  2.00  2.07
SKEW       .40   .42   .45   .31   .44   .47   .35   .27   .35   .31   .19   .16
CALM      3.92  2.83  2.82  3.19  4.64  5.79  7.04  7.74  7.10  5.40  3.90  3.80
                                                                                
INTERPOLATED DATA (station & weighting factor)                                  
                                                                                
---Wind Stations---                                                             
MANSFIELD     OH     .361  FINDLAY       OH     .345  COLUMBUS/LOC. OH     .295 
