 United States    Randolph                                                      
 LATT=  40.87 LONG= -95.57 YEARS= 20. TYPE= 3
 ELEVATION =  991. TP5 = 2.82 TP6= 6.61
 MEAN P    .17   .21   .25   .36   .50   .52   .40   .45   .41   .37   .26   .26
 S DEV P   .18   .28   .27   .49   .68   .67   .53   .75   .54   .60   .31   .38
 SKEW  P  1.11  2.19  1.66  3.19  3.11  2.67  2.00  4.49  1.87  4.31  2.04  3.22
 P(W/W)    .28   .36   .39   .46   .55   .47   .43   .48   .47   .50   .34   .40
 P(W/D)    .14   .15   .16   .26   .30   .27   .23   .23   .20   .20   .13   .14
 TMAX AV 35.24 38.04 53.24 65.54 75.11 83.98 87.64 85.24 79.26 65.74 51.87 37.86
 TMIN AV 17.79 19.49 32.33 43.35 54.24 64.62 68.44 65.77 57.70 45.10 32.82 21.25
 SD TMAX 13.14 13.81 13.51 11.37  9.32  6.63  6.13  6.02  8.19 10.78 11.91 12.43
 SD TMIN 12.23 12.56 11.74 10.03  8.48  6.55  5.87  5.86  8.82  9.74 10.19 11.52
 SOL.RAD  166.  227.  313.  407.  483.  551.  558.  481.  396.  266.  181.  144.
 SD SOL   48.7  72.3 101.5 139.7 154.4 132.6 125.1 118.1 108.4  93.6  63.0  44.8
 MX .5 P   .15   .24   .29   .59   .96  1.07  1.16   .98   .66   .48   .20   .20
 DEW PT  16.28 18.47 29.39 38.83 50.62 61.30 65.93 64.40 55.38 41.50 29.92 20.08
Time Pk   .150  .260  .350  .450  .530  .620  .700  .770  .840  .900  .960 1.000
% N       7.09  8.06  9.43  6.59  5.63  5.45  4.94  4.85  6.60  6.56  6.32  7.89
MEAN      4.47  4.37  4.68  4.00  3.44  3.21  3.03  2.96  3.07  3.47  3.96  3.53
STD DEV   2.06  2.12  2.14  2.05  1.61  1.61  1.46  1.50  1.50  1.72  2.10  1.65
SKEW       .26   .52   .39   .61   .59   .81   .65   .79   .76   .62   .71   .83
% NNE     4.22  4.42  6.45  5.75  4.52  3.29  3.03  4.13  3.55  3.12  2.76  3.07
MEAN      4.14  4.31  4.68  4.06  3.95  3.71  3.01  3.11  3.52  3.53  3.74  3.21
STD DEV   1.73  1.60  2.09  1.79  1.68  1.55  1.31  1.42  1.39  1.48  1.58  1.35
SKEW       .77   .16   .44   .55   .67   .36   .55   .68   .12   .32   .40   .35
% NE      1.75  1.95  3.23  2.62  2.63  2.36  3.00  2.45  2.59  1.12  1.29  1.51
MEAN      3.31  3.25  4.04  3.52  3.35  2.98  2.62  2.79  2.88  2.75  2.44  2.73
STD DEV   1.45  1.46  2.02  1.44  1.54  1.40  1.22  1.30  1.29  1.40   .94  1.05
SKEW       .33   .42   .44   .37   .46   .63  1.05   .54   .36   .98   .29   .18
% ENE     1.76  3.18  3.61  3.90  4.13  2.33  2.80  3.48  3.21  1.04  1.08  1.62
MEAN      2.96  3.36  3.96  3.89  3.43  3.47  2.97  2.74  2.74  2.50  2.77  2.99
STD DEV   1.30  1.42  1.73  1.52  1.44  1.62  1.39  1.10  1.23  1.10  1.20  1.31
SKEW       .34   .11   .48   .29   .66   .58  1.05   .92   .57   .58   .47   .41
% E       2.16  3.07  3.69  3.93  4.66  4.23  4.30  5.17  3.78  1.73  1.06  2.41
MEAN      2.87  3.50  3.94  3.74  3.64  3.12  2.74  2.96  2.73  2.50  2.64  3.08
STD DEV   1.37  1.57  1.84  1.77  1.73  1.54  1.31  1.38  1.36  1.12  1.39  1.41
SKEW       .62   .26   .40   .58   .53   .72   .90   .59   .89   .43   .84   .43
% ESE     3.55  5.28  4.74  6.10  5.87  5.67  6.57  5.04  4.97  4.25  2.16  4.04
MEAN      3.42  4.07  4.76  4.85  4.43  3.89  3.57  3.14  3.41  3.43  3.07  3.53
STD DEV   1.49  1.79  2.12  2.18  2.17  1.89  1.78  1.45  1.47  1.59  1.63  1.63
SKEW       .29   .63   .39   .44   .62   .67   .78   .71   .42   .43   .74   .33
% SE      5.78  5.98  5.07  5.69  7.73  9.30  9.41  8.45  6.26  7.83  5.04  6.19
MEAN      3.58  3.61  4.19  4.66  4.33  3.97  3.46  3.23  3.52  3.58  3.03  3.47
STD DEV   1.90  1.83  2.31  2.60  2.23  2.00  1.79  1.60  1.77  2.05  1.58  1.74
SKEW       .61   .93   .51   .81   .70   .66   .76  1.15   .65   .87   .91   .72
% SSE     7.37  7.32  7.33 10.48 10.93 13.53 12.31 12.36 10.42 12.63  6.65  8.44
MEAN      3.88  4.00  5.18  5.59  5.02  4.72  3.98  3.60  4.31  4.32  3.87  4.26
STD DEV   1.93  1.96  3.21  2.68  2.47  2.38  1.94  1.75  2.18  2.32  2.08  2.37
SKEW       .48   .65  1.41   .36   .45   .55   .55   .63   .63   .77   .71  1.02
% S       8.85  7.45  7.68  8.66 10.60 13.05 13.22 12.50 11.84 11.24  9.39  9.35
MEAN      3.98  4.06  4.64  4.77  4.56  4.19  3.64  3.46  4.09  3.75  3.83  3.75
STD DEV   2.12  2.05  2.85  2.64  2.73  2.07  1.71  1.82  2.23  2.03  1.98  2.12
SKEW       .91   .76   .81   .64   .98   .65   .52   .74   .82   .91   .83   .96
% SSW     5.71  4.91  4.77  4.37  5.89  4.76  6.32  6.52  4.86  5.38  4.51  3.80
MEAN      4.38  4.23  5.44  6.81  5.28  4.27  4.14  4.15  4.79  4.70  4.68  4.28
STD DEV   2.22  2.23  3.24  3.55  2.86  1.98  1.98  1.72  2.26  2.21  2.37  2.23
SKEW       .67  1.08  1.08   .27  1.46   .35   .63   .34   .45   .57   .74   .63
% SW      2.56  2.57  2.11  2.34  2.47  2.12  2.44  2.23  2.00  2.03  2.60  2.36
MEAN      3.36  3.64  4.11  3.99  3.86  3.12  3.02  3.05  3.77  3.54  3.47  3.45
STD DEV   1.69  1.45  2.53  2.10  1.91  1.36  1.55  1.49  1.70  1.65  1.75  2.18
SKEW       .60   .56  1.37   .72   .54   .39  1.01   .54   .28   .30   .51  1.73
% WSW     2.35  1.96  2.35  1.95  2.35  2.09  1.28  1.41  1.74  2.13  2.38  1.94
MEAN      3.84  3.14  4.70  4.47  3.69  2.80  3.10  2.80  3.33  4.12  3.61  3.40
STD DEV   1.99  1.53  2.92  2.49  1.74  1.26  1.39  1.23  1.54  1.82  1.65  1.59
SKEW       .82   .86   .82   .92   .50   .50   .31   .59   .20   .01   .40   .50
% W       2.44  2.35  3.09  2.52  2.15  2.05  1.93  1.06  1.81  1.74  3.62  3.96
MEAN      3.87  2.89  4.20  4.08  4.58  3.38  2.78  2.62  3.10  3.81  3.29  3.68
STD DEV   1.85  1.45  2.15  2.38  2.54  1.52  1.39  1.18  1.30  2.15  1.68  2.10
SKEW       .45  1.08   .54   .61   .99   .27   .63   .76   .32   .77   .73  1.57
% WNW     4.92  3.96  6.02  4.09  3.74  2.86  1.65  1.31  2.22  2.94  8.59  5.02
MEAN      5.33  5.38  6.07  6.04  4.56  3.95  3.45  3.25  3.55  4.62  4.97  5.03
STD DEV   2.41  2.88  3.00  2.89  2.14  1.69  1.71  1.32  1.55  2.17  2.38  2.62
SKEW       .46   .59   .58   .33   .78   .25   .52   .45   .56   .51   .59  1.04
% NW      7.15  9.04  6.74  6.67  3.68  3.52  3.06  2.58  3.74  5.40 10.16  8.18
MEAN      5.03  4.71  5.53  4.87  4.19  3.17  2.97  3.00  3.03  3.97  4.93  4.60
STD DEV   2.65  2.52  3.15  3.02  2.23  1.57  1.58  1.48  1.47  2.08  2.67  2.37
SKEW       .74   .64   .74   .79   .97   .53   .89   .72   .51   .70   .63   .54
% NNW    16.49 14.57 13.25 12.78  7.81  7.01  5.78  6.32  7.65  9.90 14.28 11.84
MEAN      5.39  5.16  5.62  5.34  4.27  3.86  3.22  3.30  3.57  4.34  4.96  4.99
STD DEV   2.45  2.31  2.80  2.59  2.10  1.85  1.72  1.88  1.82  2.27  2.62  2.59
SKEW       .39   .53   .58   .64   .69   .42  1.03  1.30   .66   .73   .70   .71
CALM     15.93 14.02 10.45 11.51 15.20 16.35 18.04 20.18 22.69 20.91 18.07 18.41
                                                                                
INTERPOLATED DATA (station & weighting factor)                                  
                                                                                
---Wind Stations---                                                             
TARKIO        MO     .542  FT.LEAVENWORTHKS     .264  LINCOLN       NB     .194 
