 United States    Ft Worth Wsfo                                                 
 LATT=  32.83 LONG= -97.30 YEARS= 20. TYPE= 4
 ELEVATION =  640. TP5 = 2.68 TP6= 5.61
 MEAN P    .37   .36   .44   .47   .47   .64   .47   .48   .50   .58   .45   .37
 S DEV P   .51   .48   .68   .57   .50   .76   .67   .67   .72   .80   .64   .48
 SKEW  P  2.35  2.17  3.42  2.00  1.38  1.88  1.96  2.97  2.53  2.60  2.83  1.88
 P(W/W)    .49   .43   .39   .37   .48   .46   .43   .38   .41   .49   .50   .43
 P(W/D)    .14   .19   .18   .20   .22   .17   .11   .12   .13   .17   .12   .15
 TMAX AV 57.84 61.46 69.93 77.41 83.80 90.83 94.74 95.26 88.28 78.34 67.30 58.18
 TMIN AV 37.55 41.04 48.91 56.69 64.83 72.61 75.71 75.79 68.52 57.97 47.75 39.15
 SD TMAX 11.71 12.46 10.11  7.35  6.64  4.98  5.03  5.49  6.56  8.53 10.02 10.89
 SD TMIN 10.00 10.86 10.38  8.61  7.28  4.28  3.48  4.13  6.67  9.09 10.30 10.00
 SOL.RAD  239.  292.  380.  468.  516.  575.  582.  529.  455.  342.  255.  215.
 SD SOL   78.9 103.4 125.0 137.3 148.4 118.7 116.9 107.1 109.5 104.5  80.8  72.3
 MX .5 P   .36   .43   .61   .72   .82  1.07   .94   .67   .65   .76   .35   .39
 DEW PT  31.84 36.17 43.34 51.14 60.72 67.43 67.59 66.96 62.22 52.63 42.76 34.21
Time Pk   .200  .310  .400  .480  .560  .650  .720  .780  .840  .900  .960 1.000
% N      11.42  9.15  8.45  6.17  4.25  2.18  1.62  2.77  5.75  7.64  9.69  9.88
MEAN      5.82  5.65  5.93  5.40  4.51  3.96  3.58  3.87  4.28  4.65  5.42  5.52
STD DEV   2.57  2.53  2.56  2.44  2.26  2.07  1.67  1.88  1.92  2.14  2.69  2.51
SKEW       .42   .49   .26   .53   .56   .65   .65   .59   .44   .56   .55   .47
% NNE     6.93  6.83  6.64  6.26  4.38  2.43  2.28  3.51  7.20  5.99  5.36  6.59
MEAN      5.33  5.01  5.48  5.34  4.34  3.94  3.89  4.14  4.46  4.87  5.08  4.97
STD DEV   2.31  2.19  2.45  2.29  2.12  1.79  1.74  1.78  2.01  2.32  2.47  2.07
SKEW       .41   .54   .34   .46   .81   .47   .55   .37   .75   .57   .51   .43
% NE      3.62  4.50  4.25  4.03  3.58  2.32  3.05  3.75  6.90  4.65  3.56  4.74
MEAN      4.20  4.12  4.17  4.61  4.16  3.43  3.73  3.71  4.11  4.23  3.90  4.53
STD DEV   1.92  1.87  1.86  1.97  1.71  1.65  1.66  1.59  1.83  1.97  1.78  1.85
SKEW       .77   .50   .70   .42   .33   .74   .76   .41   .57   .66   .63   .28
% ENE     1.77  2.35  2.67  2.93  3.09  2.14  2.92  3.36  5.70  3.00  2.16  2.23
MEAN      3.71  3.82  4.00  4.24  4.06  3.81  4.40  3.87  4.07  4.10  3.58  3.95
STD DEV   1.48  1.71  1.72  1.76  1.82  1.79  1.92  1.59  1.90  1.98  1.48  1.83
SKEW       .13   .41   .45   .30   .62   .80   .47   .35  1.18   .88   .52   .73
% E       1.84  2.64  2.77  3.10  3.35  3.68  4.33  5.71  6.99  3.82  2.16  2.22
MEAN      3.41  3.70  3.82  4.13  3.87  3.46  3.86  3.69  3.82  3.78  3.58  3.42
STD DEV   1.36  1.59  1.60  1.71  1.75  1.55  1.62  1.56  1.69  1.70  1.43  1.50
SKEW       .51   .47   .47   .19   .71   .58   .59   .50  1.15   .60   .41   .58
% ESE     1.87  3.43  3.48  3.77  5.39  5.03  4.66  6.43  7.48  4.76  2.14  2.05
MEAN      3.66  4.33  4.09  4.44  3.98  3.81  3.95  3.87  3.79  3.87  3.78  3.44
STD DEV   1.46  1.84  1.71  1.85  1.68  1.52  1.69  1.55  1.47  1.61  1.43  1.50
SKEW       .56   .56   .70   .71   .57   .71   .41   .37   .59   .57   .54   .96
% SE      3.85  5.00  5.20  5.92  7.71 10.28  8.56  9.43  8.14  6.89  3.97  3.99
MEAN      3.98  4.46  4.69  4.80  4.45  4.21  4.05  3.96  4.07  4.09  4.18  3.72
STD DEV   1.77  2.06  1.92  2.04  1.90  1.70  1.69  1.56  1.78  1.68  1.69  1.51
SKEW       .58   .58   .33   .58   .56   .47   .45   .50   .67   .74   .53   .52
% SSE     6.58  7.20  9.52 14.46 17.63 19.61 14.87 13.63 10.77 11.43  9.36  8.75
MEAN      4.62  5.19  5.61  5.85  5.40  5.00  4.62  4.32  4.45  4.79  4.77  4.87
STD DEV   1.90  2.26  2.29  2.18  2.06  1.97  1.90  1.73  1.80  2.01  2.10  1.94
SKEW       .57   .39   .36   .18   .28   .37   .44   .43   .45   .50   .54   .44
% S      16.66 14.44 17.07 20.51 22.02 27.81 27.60 21.66 14.68 15.83 16.97 15.62
MEAN      5.66  5.63  6.21  6.41  5.85  5.55  5.02  4.52  4.76  4.99  5.32  5.48
STD DEV   2.35  2.52  2.57  2.41  2.22  2.20  1.97  1.80  2.11  2.05  2.31  2.32
SKEW       .47   .37   .08   .05   .06   .22   .35   .48   .52   .43   .37   .45
% SSW    10.30  8.56  9.12  8.17  7.73  9.56 12.88 11.50  5.97  8.13  9.73  8.20
MEAN      5.82  5.71  6.47  5.97  5.34  5.41  5.00  4.68  4.94  4.96  5.42  5.28
STD DEV   2.60  2.50  2.65  2.40  2.21  2.11  1.95  1.74  2.29  2.10  2.55  2.44
SKEW       .39   .43   .15   .12   .21   .29   .33   .29   .65   .41   .43   .71
% SW      3.11  3.20  2.84  2.11  1.73  2.31  3.92  3.62  1.83  2.38  2.56  2.77
MEAN      4.85  4.97  5.31  5.13  4.26  4.37  4.23  4.21  3.92  4.20  4.31  4.48
STD DEV   2.29  2.43  2.59  2.24  1.89  2.04  1.62  1.60  1.76  1.95  2.23  2.06
SKEW       .62   .64   .37   .46   .38   .36   .19   .24   .52   .40   .76   .59
% WSW     1.90  2.19  2.21  1.47  1.08   .81  1.61  1.47   .79  1.25  1.88  2.13
MEAN      4.23  4.68  5.24  4.85  3.68  3.64  3.68  3.84  3.19  3.24  3.53  3.80
STD DEV   1.86  2.17  2.57  2.15  1.53  1.53  1.37  1.46  1.17  1.18  1.48  1.67
SKEW       .82   .71   .50   .47   .25   .25  -.03   .41   .34   .49   .64   .45
% W       2.20  2.36  2.46  1.51  1.15   .73   .86  1.05   .81  1.15  2.10  2.29
MEAN      4.28  4.46  6.07  4.85  3.47  3.72  2.84  3.52  3.12  2.87  4.03  4.06
STD DEV   2.19  2.45  3.03  2.36  1.55  1.53  1.23  1.44  1.38  1.22  2.00  2.10
SKEW       .98   .72   .41   .53   .50   .43   .57   .05   .71   .87  1.02   .95
% WNW     2.79  3.18  3.04  2.69  1.53   .56   .50   .68   .92  1.49  2.50  3.08
MEAN      5.25  5.55  6.18  5.28  4.06  3.05  2.96  3.51  2.97  4.22  4.71  4.90
STD DEV   2.57  2.58  2.98  2.43  1.83  1.44  1.11  1.21  1.13  2.41  2.50  2.39
SKEW       .59   .39   .45   .54   .46   .94   .17   .31   .35  1.42  1.20   .56
% NW      5.38  5.65  4.27  3.16  2.18   .80   .66   .98  1.73  3.14  5.05  5.52
MEAN      5.44  5.80  5.99  5.05  4.28  3.35  3.15  3.46  3.59  4.28  4.88  5.12
STD DEV   2.61  2.43  2.86  2.41  2.14  1.44  1.41  1.60  1.66  2.00  2.47  2.51
SKEW       .47   .16   .37   .61   .76   .39   .39   .40   .65   .61   .70   .73
% NNW     9.83  8.48  7.74  5.36  3.06  1.62   .84  1.78  3.48  6.01  7.74  8.69
MEAN      6.19  6.11  6.59  5.97  4.60  4.27  3.66  3.88  4.20  4.81  5.63  5.68
STD DEV   2.62  2.62  2.84  2.79  2.03  2.10  1.68  1.72  2.04  2.33  2.68  2.76
SKEW       .28   .31   .28   .48   .25   .48   .77   .39   .83   .59   .43   .65
CALM     10.01 10.92  8.38  8.43 10.12  8.15  8.81  8.63 10.87 12.44 13.10 11.24
                                                                                
INTERPOLATED DATA (station & weighting factor)                                  
                                                                                
---Wind Stations---                                                             
WACO/CONNALLY TX     .509  FT. WORTH     TX     .252  DALLAS        TX     .239 
