 United States    Blanchard 2 Ssw                                               
 LATT=  35.12 LONG= -97.67 YEARS= 20. TYPE= 3
 ELEVATION = 1280. TP5 = 2.95 TP6= 6.92
 MEAN P    .35   .28   .47   .49   .63   .57   .60   .52   .52   .56   .39   .39
 S DEV P   .39   .31   .73   .57   .91   .63   .82   .71   .63   .74   .43   .56
 SKEW  P  1.61  1.65  3.22  2.03  3.87  1.66  2.51  3.13  2.04  3.03  1.46  2.79
 P(W/W)    .37   .38   .35   .37   .47   .46   .46   .36   .47   .38   .39   .37
 P(W/D)    .10   .16   .14   .20   .20   .18   .11   .15   .14   .16   .12   .11
 TMAX AV 51.44 55.01 65.68 73.99 81.20 89.38 94.07 93.75 86.02 74.04 62.28 51.22
 TMIN AV 31.02 33.90 43.52 52.07 61.04 70.08 73.62 73.00 65.11 53.36 42.23 32.89
 SD TMAX 12.01 13.09 10.72  8.68  7.79  5.72  5.82  6.23  7.04  9.42 10.26 11.02
 SD TMIN  9.90 10.78 10.92  9.51  8.18  5.11  4.31  4.88  7.18  9.50 10.31  9.80
 SOL.RAD  225.  281.  365.  464.  507.  571.  585.  523.  439.  322.  241.  195.
 SD SOL   69.3  93.4 119.7 136.5 153.5 125.5 116.2 101.7 109.0 100.5  73.8  65.1
 MX .5 P   .21   .32   .50   .75   .97   .98  1.03   .89   .76   .65   .30   .38
 DEW PT  25.82 29.49 37.58 45.97 56.84 64.68 65.73 64.85 59.06 48.24 37.59 28.64
Time Pk   .200  .310  .400  .480  .560  .650  .720  .780  .840  .900  .960 1.000
% N      15.99 15.39 12.58  9.58  6.89  3.89  2.68  3.05  6.95 10.15 13.34 14.10
MEAN      6.49  6.55  6.68  6.23  5.66  5.05  4.28  4.41  5.15  5.47  6.15  6.16
STD DEV   2.93  2.91  2.96  2.82  2.56  2.16  2.06  1.96  2.46  2.53  2.93  2.84
SKEW       .54   .62   .50   .46   .46   .31   .52   .62   .62   .51   .72   .62
% NNE     6.77  8.26  6.54  6.18  4.98  3.40  2.88  3.71  5.76  5.86  5.86  6.28
MEAN      5.77  5.82  6.07  5.73  5.27  4.91  4.36  4.67  5.15  5.28  5.31  5.36
STD DEV   2.52  2.54  2.54  2.41  2.17  1.98  1.89  1.98  2.20  2.34  2.38  2.32
SKEW       .76   .63   .45   .40   .38   .24   .47   .56   .54   .61   .60   .51
% NE      2.83  4.23  4.45  4.53  3.76  2.97  3.38  4.24  5.10  3.19  2.76  2.83
MEAN      4.32  4.84  5.19  5.21  4.70  4.55  4.24  4.41  4.58  4.55  4.22  4.56
STD DEV   1.66  1.89  2.00  2.09  1.98  1.88  1.81  1.78  1.88  2.05  1.72  2.02
SKEW       .28   .59   .23   .44   .48   .38   .39   .46   .41   .62   .19   .45
% ENE     1.87  2.64  2.94  3.72  3.44  2.99  3.49  3.63  3.78  2.15  1.93  2.07
MEAN      3.67  4.35  4.86  4.94  4.46  4.34  4.33  4.09  4.28  3.94  4.09  3.90
STD DEV   1.41  1.65  1.93  2.01  1.82  1.72  1.68  1.69  1.67  1.75  1.53  1.64
SKEW       .19   .28   .25   .65   .38   .50   .38   .64   .57   .59   .35   .37
% E       2.00  2.57  3.13  3.66  3.90  3.33  4.19  4.54  4.28  2.01  2.06  1.51
MEAN      3.60  4.13  4.45  4.69  4.22  4.14  4.02  3.91  3.85  3.42  3.70  3.53
STD DEV   1.34  1.63  1.82  1.74  1.73  1.66  1.68  1.59  1.49  1.44  1.53  1.43
SKEW      -.02   .33   .53   .29   .52   .62   .52   .53   .25   .38   .43   .50
% ESE     2.35  2.93  3.12  3.62  4.89  4.90  5.23  5.57  4.74  2.13  2.04  1.59
MEAN      4.03  4.56  4.64  5.15  4.90  4.73  4.28  4.34  4.36  4.03  3.98  3.71
STD DEV   1.65  1.98  1.83  1.92  2.09  2.01  1.62  1.61  1.70  1.95  1.70  1.44
SKEW       .19   .38   .47   .34   .58   .75   .44   .50   .71   .76   .51   .29
% SE      4.30  4.63  6.28  7.05  8.59 10.61 11.00 11.57  9.67  6.57  4.28  3.89
MEAN      5.01  5.64  5.81  6.26  5.30  5.15  4.73  4.74  4.84  4.83  4.70  4.85
STD DEV   2.28  2.49  2.51  2.77  2.24  2.02  1.77  1.67  1.93  2.01  1.93  2.16
SKEW       .70   .50   .66   .54   .72   .50   .53   .38   .71   .52   .61   .67
% SSE    10.43 10.76 12.41 14.89 18.37 22.47 20.17 20.33 18.75 17.85 11.91 10.78
MEAN      6.10  6.72  7.18  7.50  6.74  6.30  5.28  5.24  5.52  5.88  6.18  6.30
STD DEV   2.49  2.84  2.74  2.84  2.72  2.36  1.89  1.70  2.04  2.26  2.35  2.61
SKEW       .38   .45   .40   .40   .51   .38   .50   .33   .59   .62   .48   .44
% S      18.33 15.51 15.15 18.82 22.82 26.65 25.87 22.43 20.99 23.70 20.10 19.11
MEAN      6.36  6.55  7.30  7.84  7.09  6.75  5.53  5.28  5.82  6.07  6.35  6.26
STD DEV   2.67  2.77  2.85  2.93  2.79  2.59  2.01  1.88  2.20  2.53  2.55  2.65
SKEW       .46   .58   .22   .28   .28   .33   .38   .35   .33   .55   .47   .41
% SSW     7.90  6.32  6.77  6.57  6.58  7.90 10.34  9.17  7.07  7.22  8.07  8.38
MEAN      6.22  6.36  7.13  7.76  6.95  6.81  6.11  5.91  6.24  6.14  6.18  5.86
STD DEV   2.94  3.16  3.20  3.11  3.05  2.79  2.29  2.20  2.60  2.68  2.85  2.80
SKEW       .60   .81   .29  -.04   .28   .19   .06   .11   .18   .31   .50   .64
% SW      3.34  3.25  3.30  2.67  2.37  2.47  3.62  3.86  2.40  2.77  3.72  3.36
MEAN      5.18  5.28  6.48  6.85  5.39  5.19  5.49  5.47  5.01  5.07  4.97  4.68
STD DEV   2.51  2.55  3.39  3.21  2.60  2.47  2.26  2.24  2.28  2.53  2.52  2.34
SKEW       .89   .58   .63   .38   .31   .47   .01   .28   .37   .50   .67   .62
% WSW     2.09  1.95  2.22  1.64  1.39  1.08  1.46  1.34  1.04  1.27  2.01  2.02
MEAN      4.42  4.45  6.23  5.57  4.40  4.26  4.47  3.98  4.17  3.69  4.98  4.25
STD DEV   2.38  1.92  3.24  2.66  2.34  2.13  1.98  1.50  2.16  1.85  2.59  2.08
SKEW      1.57   .35   .57   .36   .81   .81   .34   .21   .91   .65   .68  1.02
% W       1.73  1.74  1.78  1.52  1.09   .75   .69   .89   .75  1.23  2.10  2.15
MEAN      3.72  4.14  5.51  4.92  4.03  3.89  3.11  3.36  3.13  3.13  3.49  4.11
STD DEV   1.71  1.96  3.01  2.47  1.97  1.60  1.41  1.59  1.18  1.51  1.73  2.10
SKEW       .48   .56   .84   .56   .97   .25   .20   .68   .32   .61   .75  1.02
% WNW     2.35  2.51  2.75  2.13  1.50   .70   .49   .60   .74  1.40  2.33  2.44
MEAN      4.07  5.00  6.26  5.70  4.54  4.01  3.38  3.38  4.00  3.67  4.46  4.41
STD DEV   2.05  2.72  3.23  2.81  2.27  1.64  1.52  1.53  1.87  1.68  2.59  2.04
SKEW       .90  1.01   .61   .46   .84   .14   .54   .88   .69   .77  1.55   .55
% NW      4.10  4.49  4.93  3.78  2.26  1.26   .66   .91  1.42  2.70  4.36  5.27
MEAN      5.12  5.99  6.79  6.11  5.00  4.31  2.66  3.29  3.99  4.37  4.78  5.27
STD DEV   2.63  3.07  3.36  3.08  2.41  2.07  1.07  1.46  2.10  2.34  2.66  2.64
SKEW       .78   .51   .50   .64   .43   .34   .22   .57   .93  1.06   .97   .82
% NNW    10.01  9.45  9.01  7.53  3.88  2.42  1.11  1.53  3.03  5.98  9.45 10.35
MEAN      6.40  6.55  6.93  6.76  5.39  4.89  3.62  4.03  4.89  5.45  5.95  6.23
STD DEV   2.92  2.89  3.18  3.09  2.53  2.18  1.78  1.81  2.43  2.73  2.76  2.80
SKEW       .49   .46   .51   .41   .54   .44   .85   .52   .85   .55   .69   .51
CALM      3.56  3.35  2.63  2.08  3.30  2.18  2.61  2.69  3.52  3.92  3.73  3.84
                                                                                
INTERPOLATED DATA (station & weighting factor)                                  
                                                                                
---Wind Stations---                                                             
OKLAHOMA CITY OK     .500  OKLAHOMA CITY OK     .500  FT. SILL      OK     .000 
