 United States    Nacogdoches                                                   
 LATT=  31.62 LONG= -94.64 YEARS= 20. TYPE= 4
 ELEVATION =  279. TP5 = 2.97 TP6= 8.58
 MEAN P    .45   .42   .47   .41   .48   .48   .41   .41   .50   .64   .56   .45
 S DEV P   .67   .56   .59   .58   .68   .80   .70   .56   .94   .92   .77   .70
 SKEW  P  2.89  2.12  2.08  2.23  2.12  3.91  3.23  2.47  5.29  2.63  2.62  3.26
 P(W/W)    .48   .51   .44   .42   .52   .53   .45   .47   .48   .47   .47   .47
 P(W/D)    .23   .27   .24   .21   .21   .20   .19   .16   .18   .16   .22   .26
 TMAX AV 59.27 62.94 70.68 77.99 85.02 90.65 93.54 94.77 89.11 79.21 68.52 60.50
 TMIN AV 40.64 44.46 51.09 57.78 65.84 72.54 74.69 74.74 69.12 58.72 49.32 42.35
 SD TMAX 10.62 10.80  8.94  6.61  5.61  4.97  4.69  5.45  6.21  7.58  9.11  9.97
 SD TMIN 10.88 10.98 10.14  8.56  6.74  3.52  2.86  3.38  5.83  8.98 10.62 10.65
 SOL.RAD  226.  264.  352.  446.  501.  535.  537.  500.  428.  340.  246.  203.
 SD SOL   83.0 103.4 124.0 138.0 127.0 114.5 111.4 102.3 108.1 103.6  82.3  77.1
 MX .5 P   .68   .69   .67   .73  1.05  1.06  1.14   .78  1.01   .80   .80   .75
 DEW PT  37.68 42.17 48.28 54.86 62.69 69.00 70.06 69.06 64.64 55.99 47.46 40.72
Time Pk   .200  .310  .400  .480  .560  .650  .720  .780  .840  .900  .960 1.000
% N       9.47  8.64  6.82  5.28  4.88  3.49  3.56  5.41  9.78  9.25  8.66  8.09
MEAN      4.92  4.81  4.85  4.86  4.25  3.68  3.44  3.50  3.95  4.17  4.63  4.60
STD DEV   1.93  1.96  1.91  1.93  1.80  1.51  1.52  1.30  1.65  1.79  2.02  1.92
SKEW       .42   .36   .37   .34   .52   .74  1.15   .55   .69   .58   .60   .45
% NNE     6.72  6.27  4.99  3.87  3.89  2.99  2.70  4.63  9.20  6.64  5.39  5.88
MEAN      5.09  4.96  4.81  4.74  4.44  3.74  3.51  3.65  4.20  4.29  4.74  4.82
STD DEV   1.90  1.97  1.93  1.95  1.92  1.56  1.33  1.51  1.72  1.96  2.05  1.90
SKEW       .34   .33   .29   .42   .55   .91   .45   .81   .56   .65   .63   .33
% NE      6.19  6.21  5.32  4.31  4.71  3.53  3.72  5.25  8.51  5.50  5.04  5.53
MEAN      4.42  4.43  4.54  4.33  3.92  3.48  3.54  3.49  3.95  3.89  4.04  4.29
STD DEV   1.74  1.76  1.80  1.75  1.59  1.46  1.45  1.48  1.61  1.81  1.66  1.65
SKEW       .49   .50   .43   .58   .38   .92   .64   .81   .61   .94   .72   .64
% ENE     3.51  4.18  4.05  3.32  3.54  3.38  2.71  4.86  6.92  3.93  2.98  3.29
MEAN      4.05  3.99  4.37  4.00  3.80  3.82  3.69  3.49  3.95  3.57  3.88  3.86
STD DEV   1.51  1.56  1.62  1.55  1.38  1.49  1.54  1.48  1.58  1.44  1.47  1.42
SKEW       .61   .57   .57   .61   .21   .67   .69   .85   .64   .63   .59   .52
% E       4.02  4.12  5.17  4.18  4.49  4.85  4.76  5.58  6.91  4.68  3.26  3.71
MEAN      3.71  3.81  3.89  3.85  3.61  3.70  3.37  3.49  3.65  3.39  3.51  3.46
STD DEV   1.42  1.49  1.48  1.54  1.49  1.57  1.44  1.41  1.49  1.33  1.35  1.28
SKEW       .73   .63   .45   .56   .70   .78   .85   .63   .70   .62   .66   .62
% ESE     4.27  4.55  5.06  5.56  6.14  5.34  5.01  5.88  5.81  5.23  3.63  4.52
MEAN      3.71  3.87  3.97  3.94  3.45  3.39  3.37  3.18  3.37  3.40  3.57  3.71
STD DEV   1.48  1.58  1.55  1.62  1.47  1.38  1.47  1.41  1.42  1.41  1.34  1.42
SKEW       .67   .69   .76   .54   .64   .75  1.05  1.14   .97   .78   .46   .56
% SE      6.80  6.42  6.77  9.87  9.32  8.71  7.56  7.29  6.74  7.37  7.11  7.71
MEAN      3.90  4.28  4.19  4.22  3.85  3.41  3.23  3.20  3.22  3.52  4.07  3.89
STD DEV   1.51  1.80  1.85  1.83  1.68  1.37  1.30  1.30  1.31  1.55  1.77  1.64
SKEW       .58   .58   .71   .70   .67   .69   .87   .95   .92  1.00   .77   .82
% SSE     8.24  6.32  7.62 10.00  8.75  6.78  6.15  5.35  4.55  5.10  7.16  7.48
MEAN      4.35  4.46  4.81  4.75  4.41  3.72  3.37  3.38  3.57  3.93  4.36  4.36
STD DEV   1.53  1.79  1.91  1.87  1.71  1.43  1.32  1.38  1.42  1.65  1.78  1.65
SKEW       .27   .53   .46   .53   .43   .51   .86   .87   .70   .66   .49   .57
% S      10.76  9.78 12.25 14.57 11.82 11.98  9.75  7.96  5.08  5.19  8.66  8.82
MEAN      4.74  4.83  5.20  4.91  4.43  3.90  3.44  3.36  3.71  3.71  4.54  4.57
STD DEV   1.78  1.96  2.00  1.91  1.73  1.54  1.32  1.29  1.51  1.41  1.87  1.86
SKEW       .53   .47   .34   .42   .49   .73   .78   .73   .80   .57   .54   .56
% SSW     4.34  5.34  5.91  5.80  5.90  7.90  8.42  5.67  2.60  2.65  3.68  3.97
MEAN      5.10  4.93  5.15  4.79  4.36  3.93  3.59  3.53  3.63  3.83  4.43  4.65
STD DEV   2.06  2.08  1.93  1.87  1.68  1.45  1.26  1.41  1.40  1.46  2.01  2.01
SKEW       .37   .58   .29   .43   .48   .44   .45   .66   .58   .41   .77   .67
% SW      2.90  3.99  3.90  3.68  5.21  7.42  9.75  6.53  2.16  2.25  2.90  3.24
MEAN      4.56  4.38  4.36  4.43  3.79  3.76  3.57  3.51  3.33  3.40  4.15  3.83
STD DEV   2.11  2.01  1.91  2.04  1.65  1.43  1.35  1.37  1.37  1.45  1.94  1.82
SKEW       .57   .72   .49   .62   .74   .41   .61   .63   .65   .73   .69   .99
% WSW     2.80  3.44  3.00  3.02  2.56  3.98  5.55  3.61  1.37  1.65  2.29  2.86
MEAN      4.60  4.62  4.70  4.86  3.91  3.57  3.68  3.64  3.16  3.44  4.03  4.15
STD DEV   2.10  2.04  2.17  2.13  1.50  1.39  1.35  1.31  1.12  1.36  1.65  1.78
SKEW       .61   .71   .65   .50   .57   .66   .31   .51   .59   .89   .69   .66
% W       3.19  3.73  3.73  3.35  2.18  2.81  3.52  2.78  1.32  2.15  3.10  4.28
MEAN      4.54  4.74  4.89  4.61  3.76  3.72  3.49  3.39  3.06  4.10  4.10  4.51
STD DEV   2.01  2.17  2.23  2.18  1.53  1.45  1.30  1.40  1.10  1.89  1.88  1.98
SKEW       .70   .56   .49   .83   .56   .63   .49   .72   .71   .84   .79   .58
% WNW     3.34  3.98  4.14  3.02  1.93  1.84  1.89  1.76  1.22  2.44  3.39  4.41
MEAN      5.01  5.20  6.06  5.36  4.14  3.76  3.60  3.51  3.15  4.20  4.70  5.26
STD DEV   2.04  2.12  2.41  2.18  1.62  1.49  1.53  1.38  1.34  1.76  1.88  2.12
SKEW       .47   .32   .36   .33   .43   .55   .75   .59   .75   .66   .40   .44
% NW      5.72  5.50  5.66  3.70  3.02  2.28  1.65  1.96  2.18  4.01  5.44  5.20
MEAN      5.13  5.25  5.35  4.84  4.17  3.51  3.20  3.21  3.46  4.16  4.68  5.09
STD DEV   1.98  2.09  2.18  2.05  1.90  1.36  1.08  1.25  1.44  1.78  2.00  2.24
SKEW       .26   .36   .41   .46   .67   .66   .39   .73   .76   .65   .61   .55
% NNW     5.42  4.79  4.60  3.17  2.65  1.85  1.55  2.02  3.15  4.66  5.33  4.13
MEAN      5.24  5.07  5.28  4.74  4.39  3.68  3.53  3.37  3.87  4.35  4.97  4.93
STD DEV   1.98  1.92  2.06  1.99  1.82  1.47  1.53  1.24  1.52  1.73  1.94  1.96
SKEW       .30   .43   .37   .52   .40   .66  1.13   .35   .60   .52   .47   .40
CALM     12.28 12.73 11.05 13.48 19.04 20.74 21.80 23.33 22.53 27.30 21.98 16.88
                                                                                
INTERPOLATED DATA (station & weighting factor)                                  
                                                                                
---Wind Stations---                                                             
MONROE        LA     .491  SHREVEPORT    LA     .287  ALEXANDRIA    LA     .222 
