 United States    Cascabel                                                      
 LATT=  32.26 LONG=-110.35 YEARS= 20. TYPE= 3
 ELEVATION = 3189. TP5 = 1.94 TP6= 3.22
 MEAN P    .20   .20   .16   .19   .15   .18   .30   .25   .26   .17   .23   .20
 S DEV P   .29   .26   .20   .21   .12   .21   .36   .31   .44   .22   .28   .19
 SKEW  P  2.94  3.45  1.94  1.86   .71  2.05  1.85  2.40  3.79  2.50  1.97  1.81
 P(W/W)    .48   .35   .44   .29   .26   .38   .54   .45   .42   .42   .45   .45
 P(W/D)    .09   .10   .06   .04   .02   .06   .23   .22   .13   .07   .05   .10
 TMAX AV 59.22 62.51 69.49 76.69 84.68 93.99 92.18 89.48 86.60 77.99 67.01 58.29
 TMIN AV 36.22 38.49 43.90 49.60 57.28 67.14 70.39 68.20 63.88 53.93 43.74 36.09
 SD TMAX  7.20  8.00  7.92  6.59  6.55  4.43  5.07  4.63  4.56  6.46  7.80  7.40
 SD TMIN  6.16  6.85  6.80  6.27  5.89  4.22  3.07  3.13  4.15  5.98  6.89  6.54
 SOL.RAD  288.  359.  477.  595.  663.  666.  555.  528.  487.  405.  313.  259.
 SD SOL   66.8  90.9 105.7 100.2  88.0 101.2 128.7 108.0  95.9  74.3  67.4  62.1
 MX .5 P   .14   .13   .16   .19   .20   .35   .95   .67   .47   .19   .13   .20
 DEW PT  24.83 25.20 25.31 24.70 27.45 34.52 53.84 56.63 50.10 37.88 28.89 25.77
Time Pk   .160  .270  .360  .460  .540  .640  .710  .770  .830  .890  .950 1.000
% N       2.98  2.92  2.70  2.64  2.51  2.93  3.85  3.21  2.70  2.50  2.86  2.95
MEAN      2.50  2.79  2.93  3.05  3.16  3.41  3.33  3.04  3.09  2.87  2.71  2.53
STD DEV   1.06  1.36  1.42  1.51  1.43  1.65  1.55  1.41  1.43  1.25  1.26  1.11
SKEW       .67   .90  1.18   .83   .58   .90   .75   .92   .81   .62   .83   .75
% NNE     1.21  1.14  1.05   .94  1.04  1.08  1.58  1.40  1.29  1.03  1.14  1.29
MEAN      2.41  2.63  2.43  2.73  2.81  2.84  3.18  2.73  2.60  2.55  2.45  2.37
STD DEV   1.03  1.19  1.09  1.18  1.29  1.21  1.49  1.31  1.09   .97   .95   .91
SKEW       .57   .78   .77   .64   .63   .28   .59   .96   .60   .87   .40   .36
% NE      1.63  1.65  1.41  1.37  1.46  1.41  1.98  1.99  1.79  1.82  1.79  1.74
MEAN      2.37  3.02  2.72  2.72  2.77  2.89  3.07  3.03  3.04  2.91  2.96  2.81
STD DEV   1.23  1.53  1.39  1.15  1.20  1.51  1.45  1.64  1.50  1.36  1.71  1.41
SKEW      1.87   .93   .79   .50  1.04  1.16   .61  1.38   .83   .82   .85  1.32
% ENE     1.83  1.65  1.32  1.20  1.46  1.31  1.86  1.77  1.91  2.02  2.17  1.98
MEAN      3.11  3.50  3.04  3.08  3.30  3.16  3.52  3.34  3.35  3.27  3.61  3.12
STD DEV   1.65  1.83  1.41  1.45  1.65  1.65  1.91  1.99  1.54  1.52  1.84  1.41
SKEW      1.30   .81   .79   .76   .86  1.13   .88  1.32   .53   .78   .92   .68
% E       5.26  4.31  3.29  2.91  3.26  3.02  4.41  4.57  5.71  5.43  5.61  5.82
MEAN      3.52  3.42  3.07  3.19  3.29  3.22  3.54  3.58  3.84  3.56  3.69  3.55
STD DEV   1.82  1.76  1.52  1.60  1.63  1.64  1.88  2.04  1.99  1.73  1.88  1.79
SKEW       .84   .88   .85   .94  1.11   .98  1.15  1.80  1.05   .86  1.01   .86
% ESE     8.70  7.24  5.34  4.57  4.76  4.51  5.82  6.01  8.72  8.69  9.48  9.72
MEAN      4.40  4.12  3.54  3.76  3.99  3.83  4.05  3.74  4.48  4.35  4.46  4.36
STD DEV   2.32  2.19  1.75  1.87  2.20  2.18  2.09  1.96  2.26  2.32  2.27  2.25
SKEW       .77   .94   .83  1.15  1.04  1.34   .91  1.13   .63   .87   .63   .78
% SE     13.99 13.02 10.78  9.86  9.11  7.89  9.15  9.87 12.95 13.53 14.28 14.59
MEAN      3.56  3.56  3.34  3.30  3.30  3.34  3.70  3.28  3.53  3.61  3.64  3.52
STD DEV   1.83  1.91  1.56  1.47  1.48  1.61  1.99  1.62  1.83  1.87  1.87  1.81
SKEW      1.22  1.39  1.19   .88  1.18  1.22  1.20  1.08  1.31  1.24  1.21  1.21
% SSE     9.10  8.82  7.57  7.37  7.37  6.64  7.08  8.29  8.61  9.60  9.37  9.23
MEAN      3.10  3.13  3.15  3.33  3.29  3.32  3.28  3.08  3.20  3.21  3.21  3.05
STD DEV   1.42  1.34  1.34  1.44  1.32  1.43  1.63  1.38  1.42  1.28  1.36  1.31
SKEW       .95   .81   .66   .60   .52   .78  1.09  1.08  1.09   .57   .61   .73
% S       7.67  8.03  7.83  7.95  8.46  8.85  9.92 10.20  9.67  8.51  8.13  7.80
MEAN      2.98  3.06  3.28  3.50  3.58  3.61  3.41  3.12  3.13  3.13  2.93  3.00
STD DEV   1.54  1.50  1.74  1.81  1.76  1.80  1.76  1.59  1.58  1.53  1.35  1.57
SKEW      1.54  1.43  1.39  1.37  1.25  1.16  1.05  1.28  1.47  1.30  1.11  1.60
% SSW     4.65  4.52  6.00  6.30  6.43  5.83  4.86  4.99  5.08  5.32  4.34  4.53
MEAN      3.95  4.09  4.58  4.62  4.36  4.48  3.68  3.52  3.45  3.66  3.60  4.26
STD DEV   2.30  2.36  2.68  2.58  2.30  2.33  1.89  1.78  1.82  2.11  2.11  2.78
SKEW      1.15   .97   .92   .80   .89   .72   .89  1.05  1.36  1.28  1.28  1.30
% SW      5.10  5.65  7.62  8.93 10.32  9.05  4.91  5.74  6.27  6.92  5.70  5.50
MEAN      4.00  4.07  4.96  5.03  4.85  4.66  3.41  3.35  3.41  3.80  3.68  4.01
STD DEV   2.58  2.41  2.80  2.61  2.41  2.37  1.78  1.73  1.78  2.15  2.06  2.45
SKEW      1.13  1.08   .77   .72   .65   .70  1.00  1.19  1.08  1.11  1.09  1.17
% WSW     4.15  4.74  7.60  8.56 10.01  9.50  5.49  5.10  4.70  5.06  4.21  3.68
MEAN      3.88  4.17  4.80  5.02  4.85  4.57  3.57  3.34  3.49  3.80  3.58  3.77
STD DEV   2.30  2.34  2.54  2.45  2.23  2.09  1.72  1.51  1.62  1.96  1.88  2.05
SKEW      1.37  1.02   .77   .65   .48   .61   .87   .67  1.04  1.06   .86   .92
% W       6.90  9.52 11.16 13.03 12.30 12.98 10.71  9.53  7.85  7.01  6.39  5.68
MEAN      3.80  4.30  4.51  4.73  4.52  4.33  3.89  3.60  3.53  3.60  3.56  3.64
STD DEV   2.01  2.31  2.28  2.23  2.03  1.88  1.81  1.67  1.62  1.71  1.80  1.93
SKEW       .93  1.07   .79   .63   .60   .53   .84   .83   .77   .84   .87  1.08
% WNW     4.16  5.53  6.12  6.34  5.34  6.27  6.05  4.81  3.63  3.65  3.37  2.95
MEAN      3.98  4.59  4.73  4.67  4.36  4.35  4.03  3.66  3.63  3.77  3.76  3.74
STD DEV   1.90  2.29  2.24  2.11  1.89  1.88  1.70  1.58  1.56  1.77  1.79  1.96
SKEW       .62   .77   .51   .51   .47   .42   .46   .57   .38   .81   .83  1.06
% NW      4.70  5.76  6.21  6.12  4.96  6.53  6.93  5.46  4.08  4.35  4.08  3.71
MEAN      3.64  4.13  4.31  4.33  4.09  4.32  4.06  3.72  3.59  3.52  3.48  3.25
STD DEV   1.85  2.04  2.04  1.97  1.80  1.89  1.73  1.71  1.61  1.67  1.62  1.59
SKEW       .82   .74   .60   .54   .47   .42   .43   .69   .69   .83   .58   .90
% NNW     2.95  3.32  3.28  3.30  3.10  3.78  4.24  3.07  2.78  2.84  2.91  2.83
MEAN      3.28  3.57  3.75  3.84  3.84  4.10  3.85  3.45  3.37  3.29  3.24  3.15
STD DEV   1.61  1.63  1.76  1.74  1.73  1.74  1.69  1.46  1.47  1.45  1.44  1.51
SKEW       .81   .68   .50   .51   .45   .35   .52   .51   .87   .69   .63   .71
CALM     15.16 12.12 10.76  8.54  8.09  8.39 11.19 14.01 12.30 11.77 14.15 16.03
                                                                                
INTERPOLATED DATA (station & weighting factor)                                  
                                                                                
---Wind Stations---                                                             
TUCSON/DAVIS  AZ     .337  TUCSON/INT.   AZ     .337  FORT HUACHUCA AZ     .325 
