 United States    Jefferson                                                     
 LATT=  44.42 LONG= -71.50 YEARS= 20. TYPE= 3
 ELEVATION = 1093. TP5 = 1.96 TP6= 4.00
 MEAN P    .14   .18   .18   .24   .29   .32   .34   .34   .34   .31   .22   .21
 S DEV P   .20   .26   .24   .29   .34   .38   .34   .43   .41   .47   .26   .26
 SKEW  P  2.91  3.24  2.47  3.00  1.78  2.70  2.02  1.91  2.31  2.86  1.85  2.69
 P(W/W)    .56   .51   .50   .62   .60   .60   .48   .49   .45   .61   .54   .54
 P(W/D)    .46   .43   .39   .35   .37   .41   .37   .35   .28   .35   .38   .56
 TMAX AV 23.91 27.10 36.03 50.17 63.34 70.67 75.21 74.10 67.45 53.77 41.34 29.39
 TMIN AV  6.76  9.43 18.76 32.13 43.78 52.11 56.98 55.73 48.43 37.54 26.77 14.43
 SD TMAX 11.85 10.32 10.30 11.27  9.48  7.72  5.80  5.73  7.77  9.76  9.68  9.88
 SD TMIN 14.61 12.89 12.24  8.45  7.94  7.12  6.10  6.63  8.61  8.77 10.01 13.11
 SOL.RAD  136.  207.  300.  373.  426.  469.  493.  436.  343.  208.  131.  107.
 SD SOL   45.2  69.6 104.3 143.1 168.9 169.1 139.1 125.6 116.1  85.6  50.9  34.4
 MX .5 P   .12   .16   .19   .28   .53   .62   .87   .74   .56   .44   .21   .18
 DEW PT   8.41  9.75 16.94 28.02 41.53 51.86 57.43 56.44 49.87 37.82 26.10 15.74
Time Pk   .130  .230  .320  .410  .500  .590  .670  .750  .830  .890  .950 1.000
% N       1.58  1.42  1.54  2.16  2.52  2.27  2.54  3.38  2.41  3.12  1.04  1.01
MEAN      3.08  3.06  3.79  3.56  3.36  3.12  2.60  2.53  3.04  3.13  3.59  3.69
STD DEV   1.54  1.46  1.40  1.75  1.57  1.41  1.13  1.08  1.28  1.47  2.64  2.12
SKEW       .83   .68   .13   .94   .38   .50  1.50   .78   .68  1.02   .43   .68
% NNE     1.18  1.25  1.38  2.30  1.90  1.42  1.41  2.53  2.08  1.82   .95  1.05
MEAN      2.62  2.93  3.08  3.33  3.47  2.81  2.42  2.47  2.83  2.56  2.98  2.87
STD DEV    .87   .67  1.35  1.46  1.47  1.23   .51  1.02  1.14   .77  1.07  1.22
SKEW       .25   .23  1.23   .61   .43   .66   .18   .54   .59  -.91   .79   .49
% NE      2.11  2.48  2.22  2.57  3.47  2.53  3.28  4.04  3.74  4.71  2.35  2.10
MEAN      2.79  2.60  3.10  2.47  3.35  2.56  2.78  2.37  2.89  2.76  2.98  2.48
STD DEV    .76   .69  1.53  1.02  1.40  1.13  1.10   .85   .98  1.18  1.05   .86
SKEW       .32   .42   .86   .30   .65  1.13  1.05  1.65   .47   .75   .70  -.42
% ENE     1.95  2.36  2.84  2.65  3.70  3.30  5.34  3.89  4.97  4.13  1.75  2.42
MEAN      3.26  2.57  3.63  3.81  3.61  2.76  3.07  2.79  3.02  3.21  1.70  2.82
STD DEV   1.49   .69  2.42   .85  1.55  1.04  1.33  1.04  1.23  1.40   .71   .91
SKEW       .96   .32  1.25   .38   .71   .65   .80   .61   .43   .44   .62  1.45
% E       3.01  3.68  3.61  3.48  3.49  3.97  4.80  3.93  4.75  5.75  2.67  2.48
MEAN      3.77  3.15  4.05  4.29  3.28  3.45  2.87  2.54  3.07  3.06  4.13  2.87
STD DEV   1.65  1.28  2.40  1.83  1.46  1.77  1.25  1.10  1.23  1.40  1.66   .75
SKEW       .51  1.48   .99   .27   .57   .91   .83  1.51   .61   .87   .46   .24
% ESE     1.69  2.30  3.74  3.18  3.70  3.38  3.20  2.01  4.69  2.21  2.18  1.97
MEAN      4.01  4.27  4.79  4.44  4.23  3.83  3.51  2.92  3.50  3.71  4.41  5.28
STD DEV   1.18  1.74  2.37  1.63  1.59  1.59  1.47  1.07  1.37  1.37  1.86  3.74
SKEW       .72   .21   .72   .18   .23   .53   .47  1.24   .58   .60   .45   .66
% SE      2.75  4.18  3.89  3.52  3.89  5.31  4.18  5.29  4.78  5.30  4.65  2.74
MEAN      5.30  4.85  5.18  4.81  4.15  4.19  3.14  3.64  4.05  3.91  5.25  4.31
STD DEV   2.53  2.13  2.34  1.96  1.89  1.90  1.46  1.67  1.74  1.76  2.03  2.05
SKEW       .55   .32   .34   .14   .49   .65   .87   .62   .56   .64   .33   .13
% SSE     5.77  8.63  8.71  6.58  7.50  8.58  6.04  6.41 11.21 10.21  4.76  5.58
MEAN      5.45  5.47  5.77  5.15  4.55  4.35  4.30  3.66  4.41  4.38  5.14  5.31
STD DEV   1.95  1.99  2.08  1.68  1.71  1.72  1.80  1.41  1.65  1.54  2.02  2.32
SKEW       .25   .27   .40   .18   .45   .53   .31   .22   .23   .12   .10   .57
% S       6.35  4.80  5.24  4.34  4.38  5.75  5.03  5.48  5.20  7.16  6.46  6.28
MEAN      4.75  4.58  4.92  4.88  3.93  3.93  3.72  3.35  3.65  4.05  4.88  4.48
STD DEV   1.92  1.88  2.10  2.01  1.83  1.64  1.84  1.48  1.43  1.68  1.98  1.83
SKEW       .36   .35   .13   .06   .45   .39   .40   .83   .35   .23   .28   .33
% SSW     7.60  6.26  4.68  5.72  5.86  6.74  5.57  5.69  5.16  6.39  7.25  7.49
MEAN      5.04  4.88  5.38  5.18  4.12  4.06  3.83  3.30  3.50  4.13  5.27  5.21
STD DEV   1.91  1.88  2.08  2.00  1.84  1.59  1.49  1.21  1.28  1.54  1.91  2.02
SKEW       .43   .17   .18   .14   .61   .40   .62  1.01   .60   .19  -.09   .40
% SW     12.02  7.91  6.31  6.26  7.23  8.31  8.07  7.05  6.96  9.42 11.98 10.64
MEAN      5.25  4.42  5.26  5.07  3.54  3.81  3.48  2.95  3.55  4.13  4.56  4.61
STD DEV   2.25  2.12  2.47  2.15  1.74  1.74  1.50  1.17  1.39  1.91  2.00  2.07
SKEW       .36   .60   .58   .44  1.19   .74   .85  1.37   .59   .80   .37   .40
% WSW    11.70 10.80  9.12 10.22  9.35  9.16 11.97  8.84  6.82  6.65 11.84 12.29
MEAN      5.54  5.81  5.77  5.58  4.40  4.43  4.01  3.23  4.17  3.98  5.39  5.35
STD DEV   2.38  2.50  2.41  2.39  2.01  1.97  1.57  1.24  1.76  1.79  2.26  2.55
SKEW       .50   .36   .20   .52   .64   .70   .26   .92   .49   .69   .44   .87
% W      13.61 11.55 12.40 10.39  8.03  8.47 11.71 10.07  8.31  9.13 16.33 15.14
MEAN      6.35  6.04  6.22  5.67  4.56  4.00  4.00  3.29  4.34  4.77  5.72  5.49
STD DEV   2.92  2.77  2.33  2.47  2.16  1.88  1.81  1.42  2.08  2.37  2.37  2.58
SKEW       .57   .27   .23   .41   .32   .46   .58   .71   .50   .55   .30   .48
% WNW    14.66 15.95 18.37 17.58 12.44 10.43  8.75  8.05  9.16  4.94 13.32 13.55
MEAN      6.32  6.79  6.58  6.04  5.02  4.81  4.48  4.02  5.05  5.16  6.06  5.78
STD DEV   2.47  2.51  2.59  2.27  2.19  1.89  1.83  1.63  1.88  1.92  2.22  2.18
SKEW       .44   .27   .29   .23   .37   .17   .29   .32   .15   .11   .29   .27
% NW      7.23  8.29  8.60  8.90  9.56  8.51  6.64  9.12  9.16  7.33  6.18  6.80
MEAN      4.80  5.87  5.71  5.18  4.47  4.43  3.49  3.45  4.16  4.09  4.98  4.97
STD DEV   2.23  2.05  2.46  2.27  1.95  1.94  1.53  1.61  2.02  1.99  2.24  2.71
SKEW       .42   .09   .45   .15   .40   .29   .61   .68   .62   .53   .15   .70
% NNW     2.21  3.52  3.62  5.00  5.90  4.50  3.45  4.60  3.46  3.15  1.57  2.56
MEAN      3.54  5.35  4.58  4.45  4.57  3.65  3.52  3.25  3.77  3.93  3.97  4.87
STD DEV   1.50  2.23  1.81  2.07  1.91  1.74  1.46  1.24  1.73  1.76  2.59  1.88
SKEW       .63   .12   .29   .57   .29   .82   .41   .40   .69   .32  1.39   .06
CALM      4.52  4.64  3.74  5.22  7.15  7.37  7.99  9.65  7.19  8.67  4.72  5.87
                                                                                
INTERPOLATED DATA (station & weighting factor)                                  
                                                                                
---Wind Stations---                                                             
JOHNSTOWN/CAM PA     .496  BROOKVILLE    PA     .277  PITTSBURGH/AL PA     .227 
