 United States    Mica Creek                                                    
 LATT=  47.15 LONG=-116.27 YEARS= 20. TYPE= 3
 ELEVATION = 4623. TP5 = 1.02 TP6= 1.68
 MEAN P    .48   .38   .39   .34   .35   .38   .19   .32   .34   .38   .45   .43
 S DEV P   .46   .35   .35   .30   .32   .37   .21   .35   .42   .38   .45   .35
 SKEW  P  1.96  1.74  1.74  1.76  1.89  2.03  4.19  2.03  2.61  2.18  2.90  1.46
 P(W/W)    .71   .63   .69   .59   .52   .44   .17   .35   .50   .55   .63   .69
 P(W/D)    .39   .41   .44   .36   .28   .22   .07   .10   .15   .29   .41   .36
 TMAX AV 35.04 38.19 45.92 54.83 64.82 71.92 84.04 83.24 72.33 56.30 41.84 33.85
 TMIN AV 24.90 25.47 30.40 35.11 42.27 48.19 54.90 54.05 46.85 37.88 30.54 24.44
 SD TMAX  6.66  7.01  7.93  9.24  9.54  9.72  7.81  7.86 10.10  9.05  7.86  6.90
 SD TMIN  9.38  9.06  7.12  5.67  6.68  5.74  5.53  5.46  6.08  7.06  8.50  8.89
 SOL.RAD  115.  189.  283.  397.  508.  553.  627.  522.  370.  221.  124.   93.
 SD SOL   38.8  65.8  87.6 128.4 141.2 169.3  92.9  96.6 104.0  80.9  46.5  27.9
 MX .5 P   .38   .28   .25   .31   .53   .56   .24   .31   .36   .35   .36   .25
 DEW PT  25.08 24.91 28.92 32.34 38.61 43.69 44.58 42.52 39.56 35.06 28.86 23.86
Time Pk   .080  .170  .250  .340  .420  .520  .600  .690  .780  .850  .930 1.000
% N       6.97  7.42  7.63  8.72  9.60  9.13  8.89  9.69 11.93 11.41  8.51  7.81
MEAN      3.09  3.07  3.66  4.12  4.07  3.83  3.65  3.43  3.44  3.29  3.10  2.84
STD DEV   1.70  1.69  1.86  2.01  2.01  1.80  1.66  1.54  1.70  1.72  1.68  1.54
SKEW      1.26  1.46  1.10   .91   .97   .81   .66   .71  1.04  1.51  1.23  1.24
% NNE     2.14  2.52  2.31  2.07  2.26  2.45  2.11  2.07  2.27  2.04  1.89  2.23
MEAN      2.66  3.01  3.32  3.37  3.82  3.56  3.33  3.01  3.08  3.17  2.99  2.84
STD DEV   1.34  1.42  1.58  1.44  1.78  1.82  1.54  1.30  1.45  1.61  1.49  1.43
SKEW      1.83   .85  1.01   .68   .48   .84  1.10   .89   .63  1.04  1.20   .98
% NE      2.77  3.10  2.51  2.34  2.65  2.17  2.14  2.47  3.09  2.52  2.62  2.94
MEAN      2.22  2.36  2.52  2.80  2.78  2.57  2.45  2.39  2.53  2.32  2.31  2.13
STD DEV   1.24  1.17  1.21  1.46  1.32  1.05  1.05   .97  1.09   .99  1.18   .96
SKEW      2.29  1.39  1.42  1.21   .85   .55   .86   .66  1.10   .92  1.23  1.20
% ENE     2.29  2.66  2.22  1.59  1.71  1.75  1.79  1.77  1.67  1.70  2.02  1.75
MEAN      2.66  2.71  2.92  3.01  3.08  2.87  2.68  2.83  2.72  2.78  2.45  2.53
STD DEV   1.40  1.36  1.34  1.28  1.24  1.12  1.04  1.22  1.17  1.30  1.03  1.10
SKEW      1.68  1.45   .93   .53   .52   .35   .57   .95   .82   .71   .85  1.10
% E       4.32  4.65  4.00  3.91  3.80  3.95  3.83  4.07  4.35  4.31  4.62  4.08
MEAN      2.83  2.85  3.01  3.06  2.96  2.84  2.64  2.56  2.81  2.71  2.75  2.67
STD DEV   1.62  1.55  1.55  1.46  1.34  1.19  1.04  1.01  1.28  1.25  1.39  1.47
SKEW      1.02  1.03  1.12   .97   .90   .61   .69   .64   .62   .86   .81  1.00
% ESE     3.46  3.31  3.75  2.89  2.68  3.22  3.83  2.97  3.34  3.96  4.57  3.83
MEAN      3.53  3.42  3.49  3.47  3.23  3.12  2.82  2.71  3.18  3.25  3.42  3.43
STD DEV   1.48  1.43  1.52  1.45  1.24  1.19  1.00  1.00  1.30  1.37  1.43  1.45
SKEW       .78   .85   .70   .55   .49   .40   .55   .46   .41   .67   .91   .93
% SE      8.60  8.15  7.46  6.14  5.71  5.06  5.47  5.38  7.14  7.69  8.52  8.26
MEAN      3.23  3.23  3.28  3.30  3.09  2.91  2.70  2.68  2.82  2.87  2.96  3.19
STD DEV   1.52  1.54  1.51  1.55  1.37  1.21  1.05  1.09  1.16  1.29  1.34  1.61
SKEW      1.07   .87   .86   .78   .55   .50   .48  1.04   .71   .95   .66  1.03
% SSE     5.64  5.28  5.43  4.35  3.35  3.00  3.20  3.34  3.81  4.81  5.08  4.72
MEAN      3.40  3.40  3.56  3.50  3.31  3.09  2.98  2.84  2.91  2.87  3.09  3.31
STD DEV   1.69  1.60  1.66  1.62  1.45  1.21  1.22  1.14  1.16  1.23  1.49  1.62
SKEW      1.23   .86  1.09   .79   .59   .48   .73   .77   .45   .70  1.37  1.13
% S       7.19  6.88  6.25  5.25  4.02  4.07  3.76  4.21  4.72  5.82  6.59  7.38
MEAN      3.18  3.16  3.38  3.37  2.96  2.82  2.80  2.75  2.73  2.76  2.94  2.99
STD DEV   1.91  1.89  1.83  1.80  1.38  1.25  1.23  1.17  1.32  1.43  1.71  1.82
SKEW      1.36  1.26  1.07  1.00   .98   .93   .77   .96  1.19  1.29  1.47  1.49
% SSW     4.98  4.35  4.39  3.18  2.50  2.43  2.66  2.59  2.83  3.46  3.80  4.10
MEAN      3.76  3.58  3.86  3.59  3.27  3.06  3.03  3.02  3.14  3.34  3.43  3.53
STD DEV   2.16  2.16  2.20  1.92  1.65  1.33  1.30  1.47  1.39  1.88  1.92  2.02
SKEW      1.15  1.12  1.02  1.08  1.27   .70   .82  1.02   .84  1.47  1.11   .88
% SW      5.12  4.75  5.03  4.44  4.54  4.02  4.30  4.58  4.12  4.38  4.51  5.19
MEAN      3.29  3.20  3.67  3.65  3.42  3.56  3.46  3.18  3.20  3.14  3.21  3.36
STD DEV   1.96  1.70  1.98  2.01  1.59  1.75  1.50  1.36  1.46  1.71  1.90  2.13
SKEW      1.24  1.30  1.13  1.12   .75  1.23   .63   .83   .91  1.31  1.39  1.42
% WSW     4.97  5.14  6.59  6.37  5.56  5.56  5.18  4.54  4.15  4.35  4.63  4.89
MEAN      4.44  4.13  4.61  4.48  4.23  3.96  3.83  3.79  3.87  3.94  4.04  4.19
STD DEV   2.48  2.36  2.38  2.12  1.78  1.68  1.47  1.53  1.90  1.92  2.04  2.20
SKEW       .88  1.70  1.09   .72   .60  1.01   .44   .59   .93   .77   .66   .78
% W       6.95  7.89 10.58 12.00 11.10 10.61  9.62  9.80  8.06  7.44  7.51  7.49
MEAN      4.16  4.03  4.41  4.39  4.25  4.09  3.99  3.94  3.98  4.00  4.06  4.08
STD DEV   2.08  1.95  2.03  1.94  1.78  1.66  1.63  1.59  1.75  1.83  1.97  2.14
SKEW       .56  1.02   .96   .88   .54   .66   .77   .53   .57   .61   .66   .93
% WNW     3.84  4.61  6.28  7.43  7.60  8.03  8.57  8.00  6.16  5.04  4.39  3.98
MEAN      3.30  3.75  4.18  4.18  4.11  4.12  3.95  3.86  3.71  3.57  3.31  3.54
STD DEV   1.62  1.85  1.95  1.92  1.73  1.72  1.46  1.52  1.58  1.51  1.68  1.85
SKEW       .93   .94   .79  1.14   .89   .91   .38   .77   .74   .72  1.00  1.36
% NW      6.05  7.64  7.98 11.39 13.65 14.49 15.22 14.25 11.24  8.79  7.24  6.30
MEAN      3.04  3.31  3.85  4.15  4.09  3.97  3.79  3.73  3.61  3.58  3.42  3.12
STD DEV   1.74  1.81  1.96  1.98  1.80  1.71  1.40  1.43  1.53  1.74  1.90  1.78
SKEW      1.22   .98   .78   .78   .78   .86   .34   .55   .69   .71   .94  1.07
% NNW     6.28  8.08  8.24 11.25 13.17 14.07 12.32 11.78 11.86  9.41  7.05  6.35
MEAN      3.57  4.01  4.22  4.64  4.47  4.23  4.04  3.83  3.92  3.82  3.63  3.49
STD DEV   1.79  1.95  1.98  2.13  1.91  1.74  1.53  1.55  1.73  1.87  1.84  1.80
SKEW       .91   .93   .92   .61   .67   .59   .42   .70   .85  1.09   .83   .89
CALM     18.49 13.52  9.34  6.72  6.16  6.01  7.14  8.45  9.34 12.87 16.38 18.71
                                                                                
INTERPOLATED DATA (station & weighting factor)                                  
                                                                                
---Wind Stations---                                                             
BURNS         OR     .525  BAKER         OR     .280  PENDLETON     OR     .195 
