 United States    Meadows Pass                                                  
 LATT=  47.28 LONG=-121.47 YEARS= 20. TYPE= 3
 ELEVATION = 3284. TP5 = 0.69 TP6= 1.87
 MEAN P    .78   .61   .57   .44   .39   .37   .23   .40   .51   .67   .76   .66
 S DEV P   .84   .64   .51   .41   .33   .31   .21   .49   .65   .70   .86   .68
 SKEW  P  2.45  2.20  1.95  1.81  1.74  1.39  2.18  2.82  3.32  2.25  3.37  1.82
 P(W/W)    .81   .75   .76   .69   .62   .60   .38   .46   .60   .68   .78   .75
 P(W/D)    .34   .35   .41   .40   .29   .23   .13   .09   .18   .30   .36   .41
 TMAX AV 35.52 38.36 42.69 49.01 57.54 62.47 69.85 70.44 63.91 52.35 40.94 34.20
 TMIN AV 27.18 27.17 29.59 32.73 38.67 43.73 48.32 48.59 43.87 37.24 30.20 25.99
 SD TMAX  6.00  6.21  7.16  8.48  9.35  9.37  7.85  7.88  9.02  7.46  6.41  5.35
 SD TMIN  7.55  7.38  6.13  5.33  5.87  5.16  4.63  4.53  5.37  5.91  7.38  7.36
 SOL.RAD   98.  161.  233.  339.  439.  483.  565.  490.  339.  195.  109.   81.
 SD SOL   36.0  63.7  85.3 130.7 167.8 178.2 150.3 123.5 115.7  83.0  44.0  27.0
 MX .5 P   .31   .25   .21   .16   .32   .36   .24   .13   .31   .35   .33   .27
 DEW PT  26.74 26.27 29.04 32.30 39.05 44.31 48.63 48.64 44.26 37.62 30.04 25.47
Time Pk   .250  .360  .450  .530  .600  .670  .720  .790  .850  .900  .950 1.000
% N       2.88  3.30  3.88  5.00  6.15  7.19  8.17  6.69  5.45  4.38  3.05  2.66
MEAN      2.30  2.50  2.84  3.12  3.14  3.21  3.26  3.08  2.84  2.50  2.33  2.28
STD DEV   1.21  1.17  1.31  1.51  1.47  1.54  1.51  1.43  1.41  1.19  1.07  1.00
SKEW      1.36  1.92   .84   .83   .71   .83   .71   .79   .81  1.35   .70   .87
% NNE     1.42  1.69  2.20  2.56  2.97  3.37  4.50  3.40  2.64  1.83  1.39  1.34
MEAN      2.22  2.66  2.83  3.11  3.16  3.10  3.20  2.89  2.90  2.49  2.40  2.27
STD DEV    .99  1.35  1.50  1.52  1.51  1.44  1.53  1.28  1.35  1.14  1.10   .92
SKEW       .66   .80   .77  1.09   .68   .54   .75   .65   .58   .86   .97   .60
% NE      4.00  4.49  4.98  5.74  6.60  7.03  7.66  6.45  5.72  4.52  3.79  3.73
MEAN      2.40  2.46  2.61  2.82  2.74  2.61  2.55  2.44  2.44  2.28  2.41  2.31
STD DEV   1.19  1.17  1.19  1.36  1.40  1.21  1.20  1.16  1.16   .97  1.09   .99
SKEW      1.34  1.49  1.09  1.09  1.30   .97   .93  1.06  1.34   .92  1.15   .83
% ENE     3.84  4.12  4.74  4.37  4.22  4.68  4.58  3.76  4.27  3.78  3.76  3.84
MEAN      2.97  3.22  3.36  3.38  3.14  2.89  2.69  2.70  2.77  2.73  2.90  2.85
STD DEV   1.36  1.72  1.63  1.60  1.40  1.33  1.10  1.15  1.24  1.25  1.26  1.21
SKEW       .64   .88   .82   .65   .54   .82   .80   .86   .93  1.09   .59   .80
% E       9.39  9.21  8.98  7.98  6.73  7.46  7.38  6.90  8.61  8.59  8.83 10.01
MEAN      3.55  3.42  3.41  3.16  2.97  2.81  2.62  2.63  2.71  2.77  3.23  3.29
STD DEV   2.03  1.75  1.62  1.59  1.34  1.29  1.18  1.26  1.30  1.39  1.77  1.69
SKEW       .88   .69   .70  1.07   .79   .88   .97   .98  1.12  1.11   .92   .88
% ESE     5.42  5.16  4.86  4.20  3.68  3.56  3.39  3.61  4.53  4.31  4.72  5.42
MEAN      4.07  3.61  3.83  3.50  3.22  3.05  2.76  2.75  2.69  2.86  3.67  3.74
STD DEV   2.11  1.88  1.82  1.66  1.59  1.51  1.19  1.16  1.15  1.39  1.81  1.90
SKEW       .66   .76   .80   .70   .84   .81   .63   .65   .71  1.05   .83   .74
% SE      6.94  6.61  6.22  5.44  4.84  4.42  4.56  5.10  5.70  6.23  6.71  6.86
MEAN      4.01  3.63  3.54  3.51  2.85  2.76  2.56  2.51  2.61  2.90  3.52  4.02
STD DEV   2.42  1.86  1.91  1.78  1.46  1.41  1.20  1.17  1.27  1.48  1.89  2.24
SKEW      1.27   .99  1.20   .96  1.12   .94   .89  1.03  1.17  1.21  1.25   .96
% SSE     5.17  5.19  4.53  3.32  2.92  2.67  2.25  3.09  3.10  4.31  5.73  6.45
MEAN      4.45  4.27  3.77  3.56  3.26  2.86  2.61  2.56  2.91  3.24  4.15  4.50
STD DEV   2.35  2.12  1.75  1.71  1.51  1.36  1.20  1.23  1.33  1.41  2.05  2.27
SKEW      1.36  1.09   .90  1.28   .84   .94  1.15  1.47   .90   .94  1.61   .91
% S      13.76 11.48  8.92  5.44  4.87  4.65  3.30  4.12  4.97  7.33 10.63 12.09
MEAN      5.23  4.74  4.18  3.49  3.12  2.95  2.61  2.66  2.76  3.36  4.49  5.11
STD DEV   3.08  2.55  2.26  1.77  1.67  1.56  1.47  1.45  1.42  1.87  2.60  2.90
SKEW       .92   .86  1.06  1.05  1.33  1.21  1.89  1.51  1.29  1.47  1.10   .81
% SSW     4.76  4.51  4.04  2.46  2.21  2.05  1.50  1.59  1.94  2.65  3.90  5.10
MEAN      5.39  5.45  4.69  3.40  2.89  2.73  2.59  2.69  2.64  3.71  5.08  5.95
STD DEV   2.89  2.77  2.64  1.77  1.47  1.26  1.20  1.42  1.09  2.26  2.94  3.17
SKEW       .53   .62   .84  1.03   .94  1.06   .87  1.20   .82  1.03   .61   .68
% SW      4.08  4.24  4.81  3.85  3.25  3.13  2.40  3.01  3.53  3.75  4.16  3.80
MEAN      3.77  3.43  3.73  3.20  2.92  2.71  2.51  2.44  2.70  3.04  3.56  3.73
STD DEV   2.57  2.11  2.35  1.88  1.74  1.43  1.14  1.25  1.43  1.85  2.18  2.38
SKEW      1.19  1.25  1.41  1.29  1.81  1.30  1.30  1.80  1.71  1.57  1.15  1.18
% WSW     2.55  2.89  3.43  3.54  2.55  2.37  2.07  2.13  2.61  2.55  2.85  2.68
MEAN      3.81  4.13  4.75  4.67  3.40  3.74  3.04  2.94  3.33  3.68  3.85  3.80
STD DEV   2.87  2.74  3.23  2.77  2.09  2.32  1.78  1.45  2.09  2.28  2.49  2.31
SKEW      1.62  1.21   .97   .72  1.34  1.32  1.98   .88  1.55  1.27  1.20  1.05
% W       6.49  7.45  8.70  9.48  9.01  7.91  6.94  7.66  7.94  7.09  6.82  6.60
MEAN      4.10  4.53  5.13  4.96  4.36  4.04  3.87  3.83  3.89  3.78  3.97  4.52
STD DEV   2.75  3.01  3.16  2.89  2.53  2.33  2.29  2.18  2.41  2.53  2.76  3.03
SKEW      1.56  1.06   .72   .68   .91   .98  1.18  1.08  1.14  1.27  1.31  1.07
% WNW     4.34  5.32  6.62  8.70  8.44  8.04  7.91  8.65  7.17  5.88  4.63  4.28
MEAN      4.64  4.61  5.46  5.40  4.98  4.78  4.95  4.69  4.64  4.49  4.44  4.16
STD DEV   2.53  2.57  2.75  2.72  2.46  2.41  2.53  2.26  2.34  2.48  2.66  2.34
SKEW      1.03   .80   .58   .47   .57   .74   .59   .72   .72   .87   .79   .89
% NW      5.63  6.63  7.82 11.57 13.65 13.65 15.50 15.64 11.96  8.60  6.54  5.62
MEAN      3.38  3.58  4.06  4.42  4.36  4.28  4.30  4.15  3.92  3.45  3.22  3.09
STD DEV   2.08  2.02  2.25  2.25  2.20  2.16  2.11  2.06  2.12  1.93  1.92  1.82
SKEW      1.14  1.01   .83   .57   .72   .73   .71   .65   .93   .99  1.40  1.36
% NNW     2.06  2.72  3.33  4.29  5.23  5.41  5.63  5.11  4.01  3.32  2.56  1.83
MEAN      2.85  3.14  3.77  3.77  3.93  4.02  3.85  3.87  3.45  3.25  2.81  2.56
STD DEV   1.46  1.62  2.11  1.89  1.95  1.77  1.81  1.91  1.78  1.53  1.43  1.07
SKEW       .73  1.08  1.04   .86   .78   .55   .68   .76   .93   .94  1.53   .99
CALM     17.21 15.00 11.98 12.02 12.68 12.38 12.22 13.00 15.84 20.84 19.99 17.76
                                                                                
INTERPOLATED DATA (station & weighting factor)                                  
                                                                                
---Wind Stations---                                                             
LEWISTON      ID     .580  MISSOULA      MT     .210  LA GRANDE     OR     .210 
