 Australia    Cabbage Tree Mountain                                             
 LATT= -32.26 LONG= 152.12 YEARS= 10. TYPE= 3
 ELEVATION = 2182. TP5 = 2.49 TP6= 5.86
 MEAN P    .51   .62   .54   .33   .31   .44   .29   .36   .28   .33   .45   .32
 S DEV P   .82   .94   .97   .62   .51   .80   .45   .45   .34   .43   .67   .43
 SKEW  P  3.43  3.22  4.68  6.13  3.08  4.22  3.07  1.80  2.77  2.34  3.87  2.26
 P(W/W)    .59   .59   .63   .66   .55   .66   .57   .50   .53   .48   .59   .58
 P(W/D)    .29   .36   .38   .27   .21   .24   .19   .16   .16   .28   .28   .30
 TMAX AV 84.81 82.38 79.24 73.78 68.55 62.67 63.38 66.26 72.05 76.01 79.69 82.14
 TMIN AV 64.85 63.67 61.49 54.70 47.92 45.86 42.84 43.50 48.42 53.29 58.15 61.47
 SD TMAX  8.93  7.92  6.50  5.82  5.20  3.79  4.99  5.73  7.71  9.02  8.77  8.82
 SD TMIN  4.92  4.43  4.32  4.55  5.11  5.33  5.37  5.20  5.57  5.81  5.40  5.11
 SOL.RAD  551.  502.  413.  330.  261.  198.  240.  325.  422.  489.  534.  560.
 SD SOL  155.2 138.8 119.9  88.6  72.2  67.6  68.6  77.8 103.9 132.0 149.4 154.0
 MX .5 P  1.39  1.26  1.15   .62   .51   .80   .29   .36   .30   .63   .95   .88
 DEW PT  63.75 63.15 61.78 56.20 48.70 46.75 42.84 41.90 46.18 51.83 56.71 59.98
Time Pk   .200  .310  .400  .480  .560  .650  .720  .780  .840  .900  .960 1.000
% N       7.07  7.25  7.31  9.51  9.89  9.58  9.70  9.67  8.58  7.98  8.14  7.38
MEAN      3.53  3.25  3.63  4.13  4.72  4.95  5.25  5.11  4.95  4.69  3.96  3.59
STD DEV   1.44  1.33  1.68  1.96  2.23  2.42  2.42  2.38  2.37  2.27  1.87  1.54
SKEW      0.88  1.06  1.15  1.04  0.86  0.75  0.41  0.65  0.70  0.64  0.95  0.94
% NNE     2.42  2.44  3.26  3.56  2.71  2.32  2.03  1.79  1.93  1.78  2.31  2.58
MEAN      3.00  2.93  3.25  3.43  3.53  3.60  3.74  3.63  3.55  3.71  3.31  3.13
STD DEV   1.19  1.28  1.42  1.55  1.88  2.09  1.94  1.79  1.79  1.61  1.51  1.33
SKEW      0.85  1.30  0.99  1.05  1.47  1.40  0.80  0.72  1.04  1.03  1.04  0.91
% NE      3.69  4.70  6.42  6.60  3.94  4.28  3.79  4.32  3.82  3.14  3.50  3.89
MEAN      2.82  2.78  3.07  3.13  2.83  2.80  3.14  2.75  3.05  3.40  2.96  2.66
STD DEV   1.04  1.06  1.32  1.32  1.19  1.11  1.60  1.08  1.17  1.68  1.35  0.89
SKEW      0.94  0.85  1.05  1.02  1.56  1.00  1.15  0.81  0.55  1.42  1.79  0.93
% ENE     2.28  2.26  3.82  2.45  1.55  1.66  2.00  2.49  2.00  1.47  2.08  2.18
MEAN      2.87  2.92  3.19  3.10  2.84  2.66  3.38  3.02  2.98  2.93  2.94  2.92
STD DEV   1.03  1.12  1.32  1.21  1.13  0.96  1.66  1.50  1.15  0.93  1.15  0.98
SKEW      0.76  0.83  0.63  0.94  0.80  0.84  1.07  2.29  0.70  1.14  0.74  0.86
% E       4.52  4.84  5.61  3.99  3.26  3.00  3.30  3.69  3.76  3.11  4.36  4.64
MEAN      2.96  2.77  2.93  3.03  3.33  2.89  2.89  3.02  3.26  3.39  3.09  3.00
STD DEV   1.18  1.04  1.14  1.21  1.62  1.12  1.19  1.33  1.48  1.50  1.22  1.18
SKEW      0.94  0.81  1.00  1.00  1.14  1.06  1.12  1.25  1.54  1.33  0.94  1.09
% ESE     3.21  3.18  3.46  2.90  2.49  2.64  2.50  3.07  3.42  2.69  3.09  3.02
MEAN      3.16  2.82  3.11  2.98  3.08  3.16  3.15  3.42  3.59  3.49  3.33  3.14
STD DEV   1.31  1.10  1.36  1.23  1.27  1.36  1.17  1.46  1.50  1.48  1.35  1.25
SKEW      1.04  0.95  1.01  0.83  1.01  0.98  0.62  0.95  0.72  0.96  0.71  1.08
% SE      5.18  4.45  5.36  4.55  4.18  4.87  4.16  4.74  5.29  5.86  5.39  5.15
MEAN      2.88  2.96  3.09  3.10  3.15  3.24  3.18  3.24  3.54  3.68  3.22  3.07
STD DEV   1.06  1.14  1.23  1.14  1.26  1.34  1.30  1.34  1.46  1.58  1.29  1.26
SKEW      0.87  1.07  0.88  0.57  1.05  0.97  0.84  0.80  0.76  0.90  0.83  1.14
% SSE     4.11  3.75  4.02  3.60  4.02  4.11  3.94  4.59  4.80  6.10  5.07  3.97
MEAN      3.14  2.95  2.97  3.31  3.46  3.70  3.52  3.64  3.85  4.04  3.47  3.24
STD DEV   1.11  1.14  1.11  1.26  1.38  1.61  1.52  1.57  1.56  1.64  1.33  1.25
SKEW      0.66  0.90  0.46  0.80  0.85  0.92  0.82  0.94  0.57  0.66  0.64  0.84
% S       5.80  4.72  5.50  4.77  6.08  6.12  6.55  6.19  6.36  7.88  6.79  5.82
MEAN      3.19  3.05  3.22  3.32  3.77  3.81  3.82  3.95  3.90  4.13  3.65  3.37
STD DEV   1.32  1.28  1.27  1.48  1.73  1.82  1.75  1.79  1.80  1.78  1.59  1.42
SKEW      1.25  1.14  0.71  1.15  1.03  1.09  0.80  0.85  0.80  0.79  0.82  1.19
% SSW     4.06  3.16  2.61  2.44  3.73  3.42  4.57  4.53  4.72  5.55  3.98  3.80
MEAN      3.35  3.07  3.01  3.23  4.02  3.93  4.46  4.32  4.53  4.61  3.96  3.42
STD DEV   1.36  1.24  1.25  1.44  1.93  1.82  2.02  2.11  2.00  1.96  1.79  1.39
SKEW      0.81  0.86  1.08  1.09  0.67  0.67  0.64  0.73  0.56  0.52  0.71  0.85
% SW      5.34  4.33  3.41  3.09  4.62  5.22  4.95  4.94  4.80  5.98  4.98  4.69
MEAN      3.18  2.99  2.85  2.89  3.42  3.54  3.72  3.52  3.67  4.08  3.53  3.17
STD DEV   1.26  1.25  1.01  1.27  1.78  1.66  1.74  1.72  1.88  1.84  1.62  1.34
SKEW      1.03  1.16  0.78  1.72  1.15  1.04  0.86  1.15  1.12  0.81  0.87  1.04
% WSW     2.46  2.12  1.46  1.66  2.64  3.08  3.14  3.58  3.44  3.31  2.42  2.39
MEAN      2.91  2.64  2.58  2.76  2.97  3.24  3.11  3.55  3.79  4.03  3.42  2.75
STD DEV   1.03  1.02  0.83  1.16  1.20  1.43  1.24  2.07  1.87  2.00  1.59  1.02
SKEW      1.00  1.41  0.66  1.19  0.91  1.37  1.09  2.08  1.16  0.88  1.20  1.09
% W       3.59  3.46  2.49  2.70  3.81  3.51  3.94  3.89  4.29  3.59  3.18  3.75
MEAN      2.63  2.60  2.70  2.80  3.25  3.36  3.07  3.06  4.05  3.62  3.01  2.67
STD DEV   0.89  0.89  1.12  1.30  1.66  1.75  1.57  1.59  2.12  1.79  1.15  0.97
SKEW      0.71  0.91  1.27  1.56  1.17  1.24  1.48  1.20  0.94  1.17  1.19  0.66
% WNW     1.99  2.04  1.65  1.64  1.85  1.66  1.98  2.04  2.57  2.56  2.06  2.11
MEAN      3.02  3.20  3.03  3.24  3.86  4.17  3.79  3.93  5.01  5.13  4.04  3.52
STD DEV   1.15  1.36  1.24  1.38  1.92  2.19  2.05  2.09  2.57  2.47  1.93  1.63
SKEW      0.88  0.89  0.41  0.77  0.82  0.83  1.03  1.05  0.50  0.37  0.79  0.80
% NW      5.17  5.46  4.36  5.47  5.93  5.59  5.77  5.65  6.13  5.63  5.52  5.29
MEAN      3.21  3.39  3.43  3.94  4.27  4.25  4.31  4.70  4.79  4.84  3.96  3.70
STD DEV   1.39  1.46  1.57  1.80  2.03  2.13  2.21  2.40  2.29  2.32  1.93  1.58
SKEW      1.01  0.96  0.65  0.71  0.76  0.90  0.86  0.69  0.60  0.66  0.87  0.75
% NNW     8.15  7.93  8.10 11.23 14.81 14.96 17.91 17.19 17.39 13.80 11.46 10.41
MEAN      3.44  3.52  3.75  4.46  5.08  5.05  5.60  5.35  5.56  5.39  4.31  4.00
STD DEV   1.43  1.55  1.78  1.96  2.29  2.14  2.41  2.37  2.42  2.24  1.91  1.72
SKEW      0.83  0.82  0.74  0.66  0.49  0.49  0.29  0.30  0.54  0.26  0.49  0.60
CALM     30.94 33.93 31.08 29.74 24.49 24.04 19.74 17.76 16.71 19.52 25.72 28.91
                                                                                
INTERPOLATED DATA (station & weighting factor)                                  
                                                                                
---Wind Stations---                                                             
ASHEVILLE/MUN.NC     .751  GREENVILLE/DO.SC     .163  ANDERSON      SC     .086 
