 Australia    Wellington (Agrowplow)                                            
 LATT= -32.56 LONG= 148.95 YEARS= 10. TYPE= 3
 ELEVATION = 1014. TP5 = 2.70 TP6= 7.07
 MEAN P    .35   .27   .38   .31   .28   .24   .24   .24   .35   .27   .36   .40
 S DEV P   .48   .27   .55   .30   .37   .28   .38   .32   .42   .35   .41   .44
 SKEW  P  2.72  1.36  2.32  1.27  2.50  2.11  2.51  2.70  1.84  2.44  2.23  1.47
 P(W/W)    .39   .44   .54   .36   .35   .56   .46   .41   .44   .47   .49   .46
 P(W/D)    .20   .14   .15   .10   .13   .17   .17   .15   .15   .16   .16   .14
 TMAX AV 90.38 87.60 81.86 75.07 65.57 59.12 58.25 60.80 68.28 75.73 81.22 86.24
 TMIN AV 65.79 63.92 59.77 51.95 43.80 40.96 38.53 38.30 43.36 50.22 56.31 61.20
 SD TMAX  8.06  7.12  6.85  6.37  6.01  4.41  4.74  5.82  7.40  8.44  8.08  8.49
 SD TMIN  6.20  5.38  5.73  6.27  6.15  6.25  6.77  6.08  6.74  7.20  6.94  6.40
 SOL.RAD  590.  536.  449.  362.  267.  210.  236.  317.  425.  527.  577.  619.
 SD SOL  148.5 138.7 116.7  86.7  71.6  62.4  68.1  82.3 104.5 117.4 142.2 148.2
 MX .5 P   .94   .45   .65   .23   .28   .21   .28   .23   .34   .35   .52   .68
 DEW PT  55.75 54.80 54.04 49.15 44.05 42.43 39.51 38.53 40.25 44.90 48.31 50.92
Time Pk   .120  .220  .320  .400  .480  .570  .650  .740  .820  .890  .960 1.000
% N       2.12  3.12  6.63  8.73  9.59  9.94 12.87 12.13  9.99  8.18  5.78  2.95
MEAN      4.06  4.38  5.21  5.44  5.85  5.94  6.18  6.10  6.52  6.11  5.34  4.80
STD DEV   1.79  1.92  2.62  2.57  2.78  2.62  2.77  2.84  2.92  2.79  2.49  2.09
SKEW      0.94  0.48  0.77  0.66  0.55  0.44  0.61  0.54  0.43  0.59  0.61  0.88
% NNE     2.18  3.57  5.45  5.61  5.12  5.26  7.20  6.58  5.65  5.76  4.07  2.49
MEAN      4.51  4.56  5.33  5.11  5.32  5.42  5.93  5.47  5.67  5.85  5.22  5.15
STD DEV   1.86  1.94  2.34  2.47  2.34  2.39  2.74  2.59  2.52  2.64  2.04  2.21
SKEW      0.86  0.51  0.74  0.76  0.76  0.57  0.78  0.89  0.81  1.18  0.57  0.60
% NE      3.27  4.82  5.97  3.86  3.81  3.48  4.64  4.97  4.82  4.86  4.03  3.15
MEAN      4.27  4.45  4.63  4.59  4.70  4.40  4.46  4.24  4.80  4.96  4.64  4.60
STD DEV   2.04  1.87  2.07  2.27  2.32  2.06  1.99  2.13  2.07  2.17  2.13  2.10
SKEW      0.66  0.64  0.94  0.79  0.90  1.16  0.81  1.52  0.79  0.65  1.11  0.83
% ENE     4.02  4.67  4.68  2.83  2.43  2.27  2.90  3.51  3.76  3.50  3.41  3.14
MEAN      4.19  4.11  3.89  3.66  3.94  3.82  3.82  3.80  4.03  4.53  4.41  4.37
STD DEV   1.74  1.86  1.68  1.73  1.78  1.91  1.56  1.61  1.66  1.94  1.92  1.89
SKEW      0.86  1.06  0.70  1.00  1.08  1.64  0.87  1.05  0.66  0.74  0.90  1.01
% E       7.40  7.72  6.43  3.81  3.19  3.04  3.10  4.08  4.90  4.63  6.07  5.65
MEAN      4.22  4.18  3.97  3.56  3.68  3.45  3.68  3.99  4.46  4.52  4.49  4.43
STD DEV   1.79  1.69  1.60  1.45  1.49  1.39  1.46  1.69  2.01  2.10  2.02  1.89
SKEW      0.87  0.83  1.04  0.84  0.96  1.08  0.94  0.98  1.04  0.97  0.93  0.81
% ESE     8.97 10.17  8.98  5.60  4.18  3.51  4.32  4.88  5.75  6.96  7.87  9.53
MEAN      4.63  4.45  4.17  3.98  4.31  4.06  4.06  4.59  4.91  5.11  4.95  4.87
STD DEV   1.71  1.68  1.55  1.58  1.87  1.66  1.51  1.93  1.91  2.07  2.04  1.73
SKEW      0.72  0.90  0.68  0.79  0.82  0.65  0.73  0.67  0.66  0.89  0.91  0.73
% SE     16.13 16.08 14.34 11.30  6.74  6.89  5.92  7.32  9.00 11.32 14.87 18.27
MEAN      5.04  4.70  4.77  4.76  4.89  4.87  4.54  5.03  5.61  5.89  5.62  5.36
STD DEV   1.66  1.50  1.66  1.78  1.86  1.81  1.70  1.95  2.17  2.14  2.14  1.85
SKEW      0.55  0.57  0.53  0.89  0.78  0.62  0.51  0.58  0.77  0.56  0.60  0.62
% SSE    14.67 13.57 13.53 12.66  8.71  7.53  7.55  7.98  8.72 11.88 15.01 17.31
MEAN      5.41  5.04  5.16  5.36  5.31  5.49  5.09  5.66  6.31  6.71  6.19  5.95
STD DEV   1.75  1.62  1.71  1.92  1.83  1.99  1.78  2.19  2.25  2.31  2.11  2.00
SKEW      0.46  0.63  0.52  0.73  0.41  0.68  0.48  0.58  0.54  0.42  0.38  0.45
% S      19.87 16.72 14.70 15.88 14.62 13.03 11.68 10.33 11.79 14.37 15.88 21.18
MEAN      5.54  5.29  5.61  5.57  5.74  5.70  5.57  6.10  7.03  6.85  6.41  6.36
STD DEV   1.86  1.83  2.13  2.16  2.15  2.21  2.21  2.33  2.52  2.47  2.28  2.22
SKEW      0.51  0.65  0.54  0.76  0.62  0.98  0.70  0.53  0.41  0.47  0.26  0.34
% SSW     8.87  7.35  5.76  7.14  8.52  8.22  8.52  6.35  6.23  5.05  5.14  6.19
MEAN      5.69  5.22  5.57  5.62  5.79  5.95  5.80  6.26  6.66  6.70  5.93  5.96
STD DEV   2.06  1.83  2.27  2.23  2.24  2.38  2.30  2.54  2.40  2.57  2.29  2.33
SKEW      0.53  0.30  0.54  0.77  0.61  0.68  0.58  0.67  0.19  0.27  0.44  0.49
% SW      4.70  4.03  2.98  3.66  5.27  6.13  5.53  4.99  4.23  3.26  2.73  2.80
MEAN      5.43  5.19  4.85  5.09  5.43  5.64  5.83  5.42  6.48  6.33  5.27  5.23
STD DEV   2.14  1.92  2.09  2.11  2.36  2.47  2.54  2.27  2.81  2.40  2.23  2.20
SKEW      0.50  0.38  0.64  0.59  0.62  0.87  0.77  0.56  0.80  0.20  0.28  0.53
% WSW     1.92  1.98  1.46  2.04  3.32  3.88  2.91  3.14  3.22  2.33  1.60  0.99
MEAN      4.74  4.84  4.18  4.27  5.15  5.17  4.89  5.54  6.67  6.21  4.80  4.57
STD DEV   1.92  1.72  1.72  1.86  2.35  2.40  2.40  2.57  3.28  2.94  2.04  1.76
SKEW      0.51  0.33  0.60  0.56  0.60  0.92  0.90  0.52  0.78  0.88  0.50  0.31
% W       0.92  1.02  0.94  1.87  3.50  4.06  3.26  2.84  3.20  2.37  1.87  0.92
MEAN      3.75  4.00  3.95  3.77  4.94  5.03  4.52  5.16  6.86  5.99  4.64  3.97
STD DEV   1.35  1.53  1.79  1.52  3.07  2.79  2.27  2.87  3.53  2.29  2.03  1.76
SKEW      0.50  0.34  0.83  0.74  2.54  1.58  1.50  1.33  0.68  0.31  0.39  0.46
% WNW     0.78  0.67  1.13  3.00  5.32  5.94  4.40  4.68  4.48  3.75  2.30  0.90
MEAN      3.23  3.46  3.62  3.89  5.67  5.66  4.60  5.43  6.11  5.53  4.47  4.62
STD DEV   1.05  1.40  1.54  1.67  3.87  3.23  2.18  3.09  2.80  2.50  1.87  1.68
SKEW     -0.11  0.50  0.95  0.95  2.25  1.94  1.15  1.06  0.62  0.47  0.71  0.03
% NW      1.02  1.15  2.19  4.51  7.01  7.73  6.45  7.38  6.41  5.41  3.64  1.36
MEAN      3.23  3.18  3.85  4.45  5.65  5.45  5.35  5.79  6.82  6.10  4.82  4.48
STD DEV   1.27  1.43  1.77  2.29  3.06  2.88  2.79  2.96  3.77  2.85  2.53  2.18
SKEW      0.29  0.58  0.98  1.20  1.33  0.83  0.80  0.79  0.73  0.53  1.04  0.88
% NNW     0.87  1.32  1.88  3.82  6.07  6.09  5.59  6.09  5.49  4.38  3.10  1.50
MEAN      3.62  3.75  4.37  4.88  6.02  5.99  5.54  5.83  6.88  6.17  5.14  4.54
STD DEV   1.75  1.33  2.06  2.35  2.93  2.87  2.65  2.79  3.15  2.83  2.21  2.05
SKEW      1.16  0.39  1.40  0.72  0.71  0.82  0.67  0.57  0.47  0.36  0.57  0.78
CALM      2.22  2.13  2.88  3.60  2.67  3.10  3.21  2.77  2.36  2.12  2.61  1.59
                                                                                
INTERPOLATED DATA (station & weighting factor)                                  
                                                                                
---Wind Stations---                                                             
WICHITA FALLS TX    1.000  FT. SILL      OK     .000  ALTUS         OK     .000 
