 Australia    Parkham (Avenue Road)                                             
 LATT= -41.39 LONG= 146.59 YEARS= 10. TYPE= 3
 ELEVATION =  528. TP5 = 2.26 TP6= 5.01
 MEAN P    .37   .21   .30   .23   .25   .25   .28   .27   .22   .15   .26   .21
 S DEV P   .68   .32   .45   .28   .34   .31   .37   .32   .30   .22   .33   .23
 SKEW  P  3.53  2.34  3.00  1.60  2.70  1.78  2.55  1.93  2.95  2.75  2.32  2.10
 P(W/W)    .30   .44   .44   .45   .61   .60   .67   .71   .59   .51   .44   .51
 P(W/D)    .19   .21   .22   .28   .25   .22   .40   .40   .33   .24   .27   .18
 TMAX AV 75.34 73.53 70.45 64.53 58.71 55.14 54.03 55.08 58.56 62.93 66.61 70.76
 TMIN AV 54.73 55.23 52.88 47.97 44.10 41.10 40.89 40.70 43.16 45.58 49.25 52.24
 SD TMAX  6.05  5.10  5.76  4.11  3.38  3.08  2.66  3.06  3.83  4.61  5.31  5.92
 SD TMIN  5.44  5.25  5.88  5.68  6.03  5.93  5.92  5.73  5.40  5.18  5.33  5.32
 SOL.RAD  555.  463.  359.  250.  169.  129.  144.  210.  309.  425.  499.  564.
 SD SOL  142.6 134.1 107.0  77.4  52.9  45.0  47.6  69.3  91.2 117.6 144.3 143.4
 MX .5 P   .67   .39   .42   .22   .18   .08   .26   .09   .20   .15   .41   .35
 DEW PT  50.55 52.42 51.18 47.87 44.72 42.24 41.62 41.31 42.75 44.65 47.30 49.30
Time Pk   .070  .170  .250  .340  .430  .520  .610  .690  .770  .850  .940 1.000
% N       5.92  8.20  7.18  6.63  4.83  5.00  7.47  7.06  6.74  5.89  6.85  5.60
MEAN      3.11  3.19  3.52  3.52  3.77  4.32  4.56  4.50  4.66  4.45  4.09  3.65
STD DEV   1.43  1.51  1.71  1.65  1.79  1.93  1.87  2.11  2.18  1.95  1.87  1.72
SKEW      0.67  0.82  0.70  0.67  0.66  0.52  0.33  0.65  0.70  0.54  0.53  0.64
% NNE     5.24  6.98  5.97  4.84  2.77  2.85  4.25  4.92  4.58  4.79  5.65  4.47
MEAN      3.37  3.33  3.58  3.60  3.44  4.13  4.42  4.48  4.55  4.41  4.31  3.62
STD DEV   1.47  1.54  1.67  1.61  1.57  1.87  1.81  1.93  1.86  1.80  1.83  1.63
SKEW      0.52  0.72  0.65  0.51  0.61  0.66  0.48  0.35  0.32  0.30  0.45  0.44
% NE      5.97  7.10  5.94  4.44  2.45  2.89  3.42  4.59  4.66  4.57  5.07  4.91
MEAN      2.97  2.91  3.15  3.24  3.10  3.88  3.85  4.18  4.42  4.09  3.85  3.30
STD DEV   1.29  1.35  1.53  1.57  1.59  1.92  1.72  1.94  1.92  1.71  1.67  1.53
SKEW      0.68  0.96  0.88  0.86  1.02  0.92  0.63  0.66  0.41  0.41  0.53  0.74
% ENE     3.55  3.80  3.70  3.16  1.81  2.35  2.38  3.87  3.86  3.64  3.49  2.96
MEAN      2.96  2.87  3.24  3.12  3.12  3.90  4.00  4.23  4.67  4.20  3.71  3.26
STD DEV   1.27  1.27  1.55  1.47  1.35  1.81  1.90  1.84  2.08  1.77  1.59  1.43
SKEW      0.78  1.01  0.84  1.23  0.52  1.01  0.77  0.75  0.46  0.54  0.70  0.69
% E       4.45  4.35  4.26  3.41  2.34  3.23  3.02  4.14  4.83  4.21  4.69  3.86
MEAN      2.71  2.67  2.93  3.05  3.15  3.61  3.60  3.96  4.68  4.06  3.49  3.21
STD DEV   1.14  1.14  1.27  1.42  1.42  1.68  1.40  1.72  1.99  1.68  1.47  1.37
SKEW      1.12  0.74  0.65  1.14  0.81  1.22  0.25  0.77  0.50  0.51  0.62  0.72
% ESE     3.08  2.96  3.01  2.97  2.11  2.61  2.68  3.20  3.53  3.97  3.58  2.78
MEAN      2.78  2.87  3.11  3.39  3.44  3.47  3.85  3.98  4.35  4.28  3.70  3.23
STD DEV   1.22  1.16  1.25  1.33  1.31  1.43  1.48  1.60  1.70  1.74  1.48  1.33
SKEW      0.72  0.57  0.65  0.54  0.53  0.59  0.33  1.10  0.42  0.65  0.68  0.66
% SE      5.46  5.19  5.92  5.28  4.49  5.66  4.40  5.04  5.11  5.81  5.15  5.61
MEAN      2.70  2.72  3.04  3.09  3.43  3.80  3.82  3.99  4.43  4.23  3.47  3.08
STD DEV   1.16  1.15  1.38  1.35  1.59  1.65  1.69  1.67  1.92  1.77  1.44  1.37
SKEW      0.84  0.73  0.84  0.78  0.87  0.65  0.85  0.87  0.78  0.67  0.69  1.17
% SSE     5.00  4.85  6.13  5.87  6.65  7.24  5.85  6.42  5.93  5.88  5.52  6.16
MEAN      3.01  3.07  3.48  3.52  4.41  4.60  4.47  4.61  5.24  4.62  3.91  3.63
STD DEV   1.33  1.27  1.57  1.71  2.01  1.87  1.78  1.83  2.20  2.01  1.73  1.58
SKEW      0.92  0.73  0.85  1.01  0.87  0.75  0.62  0.61  0.71  0.76  0.83  0.77
% S       8.86  7.61 10.28 11.72 13.48 13.09 11.87  8.90  8.60 11.06  9.78 11.07
MEAN      3.36  3.10  3.77  4.02  4.60  4.84  4.94  4.99  5.57  5.13  4.31  3.96
STD DEV   1.51  1.30  1.75  1.96  2.08  2.10  2.12  2.17  2.44  2.29  2.04  1.80
SKEW      0.77  0.71  0.87  1.00  0.75  0.77  0.62  0.58  0.49  0.78  0.89  0.80
% SSW     8.20  6.04  7.46  8.32  9.51  8.85  8.46  7.14  6.76  9.12  8.80 10.00
MEAN      3.97  3.76  4.46  4.65  5.16  5.14  5.39  5.60  6.15  6.00  5.12  4.59
STD DEV   1.74  1.54  1.93  2.06  2.15  2.02  2.19  2.43  2.62  2.45  2.29  2.04
SKEW      0.57  0.47  0.46  0.49  0.51  0.43  0.41  0.41  0.39  0.33  0.66  0.53
% SW      9.65  7.48  6.41  6.45  7.36  7.38  6.08  5.41  5.85  6.61  8.41 10.22
MEAN      3.96  3.64  3.99  4.22  4.56  4.68  4.90  4.99  5.34  5.53  4.63  4.31
STD DEV   1.73  1.57  1.77  2.07  2.21  2.10  2.29  2.38  2.56  2.42  2.10  1.96
SKEW      0.64  0.51  0.57  0.75  0.72  0.60  0.84  0.66  0.70  0.42  0.61  0.68
% WSW     5.17  3.81  2.72  3.05  4.52  5.49  3.89  4.38  4.38  3.72  4.59  5.06
MEAN      3.81  3.70  3.61  4.15  4.85  4.85  5.17  5.01  5.85  5.53  4.54  4.26
STD DEV   1.63  1.65  1.62  1.71  2.35  2.25  2.47  2.37  2.69  2.45  2.09  1.90
SKEW      0.57  0.55  0.76  0.52  0.82  0.64  0.72  0.82  0.55  0.41  0.64  0.67
% W       4.49  3.63  3.07  3.99  6.51  6.04  5.76  5.74  6.70  5.65  4.57  4.24
MEAN      3.60  3.24  3.43  4.28  4.81  4.78  5.19  5.02  5.86  5.68  4.45  3.81
STD DEV   1.66  1.50  1.75  2.10  2.27  2.17  2.32  2.29  2.54  2.71  2.13  1.91
SKEW      0.56  0.49  0.93  0.67  0.43  0.64  0.54  0.56  0.33  0.38  0.53  0.71
% WNW     2.78  2.75  3.15  4.54  7.65  6.79  6.25  7.82  7.88  6.26  3.93  2.96
MEAN      3.42  3.32  4.01  4.66  5.43  5.19  5.36  5.61  5.81  6.18  4.76  4.41
STD DEV   1.64  1.52  1.99  2.15  2.31  2.16  2.19  2.29  2.39  2.49  2.12  1.95
SKEW      0.82  0.58  0.78  0.36  0.28  0.30  0.25  0.36  0.34  0.18  0.62  0.57
% NW      4.61  5.30  5.67  7.31  9.75  9.05 10.25  9.43  9.39  7.56  6.17  4.38
MEAN      3.28  3.14  3.55  4.27  4.87  4.83  5.07  5.38  5.27  5.33  4.21  3.63
STD DEV   1.69  1.53  1.92  2.11  2.28  2.13  2.17  2.32  2.22  2.34  1.99  1.78
SKEW      1.02  0.86  0.99  0.68  0.48  0.34  0.39  0.36  0.42  0.44  0.50  0.80
% NNW     3.70  5.03  5.76  5.77  5.26  5.47  7.74  6.89  5.85  5.70  4.87  3.97
MEAN      3.20  3.18  3.54  4.08  4.40  4.57  4.90  4.96  4.96  5.07  4.29  3.57
STD DEV   1.60  1.48  1.71  1.97  2.05  2.03  1.91  2.18  2.13  2.06  1.94  1.59
SKEW      1.03  0.80  0.68  0.58  0.48  0.53  0.40  0.47  0.34  0.33  0.55  0.46
CALM     13.86 15.00 13.34 12.31  8.50  6.06  6.20  5.05  5.31  5.56  8.79 11.70
                                                                                
INTERPOLATED DATA (station & weighting factor)                                  
                                                                                
---Wind Stations---                                                             
EVANSVILLE    IN     .342  TERRE HAUTE   IN     .330  COLUMBUS      IN     .328 
