 Australia    Bairnsdale (Mitchell River @                                      
 LATT= -37.82 LONG= 147.57 YEARS= 10. TYPE= 3
 ELEVATION =   39. TP5 = 2.43 TP6= 5.86
 MEAN P    .24   .25   .28   .26   .17   .30   .15   .15   .18   .24   .28   .28
 S DEV P   .30   .44   .35   .40   .22   .49   .27   .24   .24   .42   .27   .42
 SKEW  P  2.75  3.78  1.79  3.39  2.74  2.71  3.63  4.31  2.61  3.90  1.09  2.90
 P(W/W)    .44   .45   .40   .48   .42   .42   .44   .41   .41   .42   .48   .40
 P(W/D)    .20   .19   .21   .19   .21   .27   .23   .25   .26   .25   .21   .22
 TMAX AV 78.78 77.49 74.25 67.83 61.64 56.15 56.62 57.71 62.73 68.07 71.14 75.33
 TMIN AV 58.56 58.28 56.14 51.35 47.07 42.92 42.87 43.07 45.63 48.83 52.10 55.45
 SD TMAX 10.38  8.57  8.62  6.82  5.82  3.78  4.10  5.18  7.01  8.97  9.55  9.56
 SD TMIN  6.35  5.68  5.83  5.13  5.00  4.50  4.66  4.73  5.22  5.92  6.18  6.57
 SOL.RAD  548.  489.  394.  285.  204.  161.  189.  254.  356.  459.  514.  565.
 SD SOL  147.9 132.9 110.9  82.3  59.9  49.1  50.1  77.3  90.6 125.3 148.8 145.1
 MX .5 P   .67   .53   .44   .27   .22   .41   .20   .18   .23   .42   .48   .59
 DEW PT  56.04 56.39 54.03 50.38 45.13 42.38 40.53 40.55 42.96 46.46 50.28 53.19
Time Pk   .070  .150  .240  .320  .400  .510  .600  .690  .780  .860  .940 1.000
% N       4.98  6.88  9.83 10.99  8.12  8.30  8.83  8.90  7.59  6.78  6.12  5.82
MEAN      3.24  3.25  3.62  3.68  3.63  3.78  3.85  4.04  4.15  4.35  3.73  3.52
STD DEV   1.20  1.30  1.51  1.50  1.51  1.74  1.73  1.80  1.83  1.81  1.63  1.43
SKEW      0.64  0.83  0.75  0.67  0.62  0.73  0.75  0.93  0.71  0.52  0.82  0.76
% NNE     4.52  6.39  8.47  9.96  6.13  6.15  6.08  6.67  6.11  4.97  5.88  4.99
MEAN      3.45  3.53  3.94  3.95  3.71  3.74  4.11  3.87  3.94  4.25  3.87  3.77
STD DEV   1.30  1.39  1.66  1.55  1.49  1.55  1.73  1.54  1.63  1.65  1.46  1.49
SKEW      0.26  0.89  0.72  0.31  0.56  0.52  0.58  0.49  0.65  0.37  0.38  0.40
% NE      4.80  6.84  7.87  8.10  5.08  5.33  5.56  6.28  6.11  4.58  6.64  5.63
MEAN      3.18  3.33  3.42  3.55  3.33  3.24  3.40  3.53  3.57  3.70  3.72  3.49
STD DEV   1.29  1.31  1.43  1.48  1.45  1.45  1.48  1.45  1.44  1.49  1.49  1.42
SKEW      0.56  0.49  0.55  0.53  0.69  0.67  0.65  0.77  0.53  0.37  0.50  0.41
% ENE     3.44  4.40  4.50  4.06  2.56  2.50  2.82  3.44  4.46  3.40  4.64  3.73
MEAN      3.33  3.18  3.25  3.29  3.20  2.81  3.45  3.56  3.66  3.73  3.61  3.31
STD DEV   1.28  1.33  1.30  1.33  1.31  1.19  1.69  1.48  1.44  1.52  1.47  1.38
SKEW      0.48  0.76  0.60  0.39  0.36  0.73  1.07  0.51  0.64  0.37  0.53  0.59
% E       4.41  4.83  5.14  3.78  3.10  2.30  2.28  3.43  4.33  4.25  5.21  4.56
MEAN      2.99  2.82  2.94  2.98  2.83  2.54  2.57  3.05  3.26  3.44  3.22  3.11
STD DEV   1.23  1.21  1.32  1.30  1.29  1.16  1.09  1.47  1.45  1.49  1.30  1.31
SKEW      0.63  1.13  0.70  0.58  0.80  0.85  0.59  1.03  0.60  0.51  0.44  0.64
% ESE     3.53  3.97  3.37  2.57  2.18  1.71  1.81  2.58  3.02  3.56  3.94  3.81
MEAN      3.11  2.85  3.01  2.86  2.95  2.41  2.61  3.18  3.47  3.55  3.31  3.15
STD DEV   1.29  1.24  1.36  1.17  1.23  0.86  1.26  1.38  1.43  1.51  1.32  1.19
SKEW      0.55  0.80  0.99  0.35  0.68  0.65  0.85  0.95  0.42  0.47  0.41  0.41
% SE      4.91  4.93  4.81  3.41  3.49  2.77  2.76  3.82  4.03  4.79  4.94  5.02
MEAN      2.97  2.78  2.93  2.64  3.05  2.72  2.68  3.25  3.57  3.49  3.28  3.08
STD DEV   1.22  1.24  1.25  1.16  1.44  1.35  1.24  1.57  1.58  1.48  1.31  1.26
SKEW      0.73  1.08  0.65  0.77  0.66  1.06  1.06  0.88  0.75  0.49  0.49  0.38
% SSE     5.58  5.39  5.27  3.79  4.31  3.38  3.36  3.79  3.93  4.52  4.84  5.11
MEAN      3.14  3.03  3.18  3.07  3.39  3.28  3.12  3.63  3.90  4.03  3.52  3.33
STD DEV   1.22  1.21  1.34  1.34  1.55  1.61  1.45  1.79  1.72  1.77  1.37  1.34
SKEW      0.41  0.67  0.60  0.65  0.69  0.82  0.95  1.18  0.58  0.64  0.37  0.67
% S      11.72 11.13 10.01  7.84 10.28  9.35  9.24  7.50  7.85  9.79  9.94 11.03
MEAN      3.27  3.15  3.16  3.06  3.42  3.36  3.53  3.70  4.00  3.99  3.53  3.42
STD DEV   1.27  1.20  1.25  1.20  1.54  1.42  1.51  1.61  1.79  1.54  1.34  1.32
SKEW      0.58  0.64  0.66  0.66  0.87  0.83  0.88  0.74  0.91  0.46  0.53  0.60
% SSW    11.40  9.39  7.50  6.44  8.61  8.18  8.36  7.03  6.99  9.71  9.13  9.52
MEAN      3.51  3.48  3.47  3.46  3.79  3.78  4.03  4.31  4.64  4.55  3.94  3.79
STD DEV   1.25  1.28  1.39  1.35  1.61  1.60  1.74  1.86  1.93  1.77  1.50  1.37
SKEW      0.38  0.51  0.62  0.60  0.83  0.85  0.86  0.88  0.54  0.54  0.42  0.39
% SW     12.17  9.00  6.71  7.24  8.73 10.49  9.61  8.80  7.95 10.28  9.53  9.99
MEAN      3.54  3.31  3.24  3.38  3.65  3.63  4.00  4.33  4.58  4.41  3.94  3.69
STD DEV   1.33  1.30  1.35  1.39  1.62  1.53  1.69  2.06  2.02  1.83  1.58  1.44
SKEW      0.45  0.53  0.58  0.62  0.76  0.60  0.54  0.73  0.52  0.47  0.60  0.49
% WSW     7.18  5.01  3.98  4.46  6.40  7.56  7.06  7.24  6.51  6.99  6.60  6.66
MEAN      3.60  3.17  3.32  3.50  3.95  3.95  4.26  4.53  4.54  4.47  3.87  3.61
STD DEV   1.46  1.30  1.40  1.50  1.71  1.70  1.84  1.94  1.98  1.87  1.61  1.35
SKEW      0.55  0.73  0.68  0.69  0.58  0.76  0.66  0.57  0.68  0.56  0.42  0.59
% W       4.19  3.32  3.31  4.09  5.60  6.65  6.72  6.78  6.72  6.12  4.51  5.00
MEAN      2.93  2.73  2.95  3.09  3.77  3.80  4.16  4.37  4.33  4.30  3.45  3.02
STD DEV   1.33  1.11  1.41  1.44  1.71  1.66  1.99  2.06  1.98  1.99  1.61  1.31
SKEW      0.89  0.60  0.80  0.95  0.78  0.53  0.78  0.61  0.71  0.64  0.80  0.80
% WNW     3.04  2.77  2.53  3.72  5.24  5.24  5.76  5.80  6.20  5.04  3.61  3.88
MEAN      3.02  2.87  3.04  3.21  3.91  4.09  4.23  4.62  4.59  4.36  3.55  3.11
STD DEV   1.30  1.22  1.29  1.38  1.76  1.90  1.96  2.01  1.94  1.80  1.58  1.30
SKEW      0.80  1.12  0.70  0.85  0.66  0.61  0.58  0.41  0.57  0.47  0.66  0.81
% NW      3.60  3.75  4.05  5.30  6.40  6.43  6.69  6.70  7.52  5.86  4.82  4.59
MEAN      2.89  2.83  2.99  3.39  3.72  3.87  3.95  4.37  4.35  4.22  3.50  3.19
STD DEV   1.28  1.22  1.28  1.50  1.75  1.81  1.92  2.15  1.93  1.99  1.67  1.35
SKEW      1.05  0.94  0.84  0.82  0.88  0.77  0.88  0.75  0.57  0.81  0.95  0.81
% NNW     3.51  4.71  5.19  6.71  6.27  6.52  6.63  5.90  6.38  5.45  4.48  4.55
MEAN      3.12  3.17  3.41  3.71  3.83  4.00  4.33  4.28  4.37  4.29  3.60  3.42
STD DEV   1.27  1.33  1.33  1.52  1.66  1.70  1.89  1.95  1.82  1.78  1.54  1.42
SKEW      0.67  1.01  0.59  0.56  0.68  0.59  0.50  0.74  0.58  0.51  0.74  0.64
CALM      7.10  7.25  7.39  7.56  7.44  7.13  6.42  5.30  4.28  3.88  5.24  6.11
                                                                                
INTERPOLATED DATA (station & weighting factor)                                  
                                                                                
---Wind Stations---                                                             
RICHMOND      VA     .583  BLACKSTONE    VA     .210  FT. EUSTIS    VA     .207 
