 Australia    Mt Tamborine Alert                                                
 LATT= -27.97 LONG= 153.21 YEARS= 10. TYPE= 3
 ELEVATION = 1818. TP5 = 1.88 TP6= 3.76
 MEAN P    .85   .69   .59   .41   .39   .50   .23   .45   .28   .61   .36   .57
 S DEV P  1.83  1.22  1.16   .61   .74   .95   .21   .58   .32   .83   .51   .71
 SKEW  P  5.06  3.43  5.77  2.56  4.79  3.39  1.42  2.48  2.12  2.86  2.88  1.92
 P(W/W)    .70   .68   .68   .59   .53   .60   .48   .35   .38   .53   .62   .59
 P(W/D)    .26   .29   .38   .20   .16   .16   .13   .13   .18   .20   .19   .25
 TMAX AV 85.95 85.20 82.91 78.71 74.10 69.41 69.98 72.48 76.77 79.21 83.12 84.26
 TMIN AV 68.93 68.38 66.80 59.88 52.68 49.75 46.80 46.90 52.85 58.65 63.80 66.49
 SD TMAX  4.98  5.10  4.60  3.87  4.04  3.82  3.87  4.25  5.46  5.94  5.33  5.36
 SD TMIN  3.62  3.51  3.72  4.37  5.94  6.05  6.90  6.24  5.71  5.40  4.55  4.24
 SOL.RAD  530.  488.  414.  365.  300.  247.  278.  358.  431.  484.  536.  532.
 SD SOL  138.9 127.1 112.3  83.9  69.0  69.5  69.5  72.6  95.7 128.2 122.3 144.1
 MX .5 P  1.58  1.38  1.27   .71   .58   .58   .37   .44   .52   .95   .83  1.28
 DEW PT  66.46 66.15 65.55 59.66 52.74 49.64 46.66 45.70 51.39 56.78 60.81 63.75
Time Pk   .200  .310  .400  .480  .560  .650  .720  .780  .840  .900  .960 1.000
% N       1.69  2.34  2.92  2.53  1.49  1.84  1.83  1.75  1.74  1.78  2.35  2.24
MEAN      2.92  3.02  2.80  2.62  3.49  2.31  2.81  3.08  2.92  3.19  3.24  3.16
STD DEV   1.19  1.42  1.19  1.23  1.44  1.18  1.26  1.33  1.23  1.35  1.37  1.50
SKEW      0.23  0.72  0.18  0.57  0.67  0.86  0.32 -0.10  0.02  0.17 -0.02  0.36
% NNE     2.82  2.94  3.02  2.90  2.01  1.72  2.53  2.47  2.27  1.99  3.05  2.60
MEAN      3.22  3.36  3.00  2.99  3.39  2.74  2.80  2.89  3.03  3.10  3.03  2.89
STD DEV   1.38  1.81  1.26  1.32  1.69  1.15  1.28  1.19  1.21  1.27  1.19  1.20
SKEW      0.28  0.70  0.11  0.36  0.76  0.53  0.30  0.27  0.15 -0.13  0.05  0.03
% NE      3.26  4.58  4.10  4.47  2.66  2.09  3.08  3.53  3.55  2.58  3.61  2.92
MEAN      3.15  2.89  3.33  3.05  2.98  2.84  3.06  3.15  3.43  3.53  3.41  3.12
STD DEV   1.42  1.29  1.39  1.38  1.26  1.01  1.76  1.28  1.25  1.49  1.36  1.30
SKEW      0.32  0.26  0.04  0.62  0.50  0.22  0.72  0.06 -0.33 -0.02  0.05  0.12
% ENE     4.26  5.30  5.81  6.84  3.27  3.18  3.61  4.42  5.63  3.94  4.44  4.74
MEAN      3.53  3.38  3.60  3.32  3.58  3.75  3.21  3.44  3.83  3.63  3.88  3.25
STD DEV   1.55  1.50  1.43  1.40  1.45  1.72  1.42  1.68  1.47  1.39  1.49  1.25
SKEW      0.65  0.39  0.10  0.24  0.43  0.65  0.31  0.63 -0.01  0.01  0.52  0.22
% E       4.75  4.03  4.79  5.49  3.12  3.01  3.69  2.38  3.52  3.59  4.20  4.30
MEAN      3.53  3.32  3.11  3.24  3.06  3.08  3.04  3.18  3.44  3.64  3.24  3.22
STD DEV   1.47  1.54  1.42  1.34  1.30  1.45  1.18  1.16  1.50  1.45  1.21  1.30
SKEW      0.33  0.55  0.43  0.16  0.70  0.61 -0.09 -0.08  0.04 -0.04 -0.05 -0.19
% ESE     2.67  3.74  3.46  3.54  1.54  1.93  2.03  2.13  1.89  1.99  2.73  2.91
MEAN      3.30  3.14  2.93  3.18  3.02  2.94  2.79  3.04  3.45  3.44  2.82  3.21
STD DEV   1.25  1.63  1.23  1.19  1.21  1.31  1.27  1.43  1.44  1.71  1.27  1.51
SKEW     -0.03  1.01  0.27 -0.17  0.09  0.31  0.13  0.80  0.21  0.66  0.13  0.54
% SE      2.83  3.48  3.68  3.23  3.10  2.74  2.11  2.87  2.50  3.21  3.02  3.02
MEAN      3.03  3.18  3.47  3.35  3.48  3.48  3.18  3.72  3.93  4.55  3.40  2.99
STD DEV   1.38  1.46  1.50  1.47  1.38  1.55  1.56  1.60  1.91  1.69  1.66  1.30
SKEW      0.15  0.25  0.09  0.01  0.04  0.21  0.33  0.35  0.40  0.09  0.54  0.19
% SSE     2.99  2.79  3.83  3.49  3.42  3.86  4.24  3.09  4.59  4.83  3.41  4.03
MEAN      3.24  2.92  3.64  3.69  4.09  3.99  3.75  3.89  4.77  5.13  3.93  3.48
STD DEV   1.47  1.32  1.42  1.31  1.67  1.73  1.56  1.85  1.92  1.83  1.53  1.31
SKEW      0.54  0.33  0.14 -0.10  0.38  0.44  0.07  0.24  0.52 -0.03  0.15  0.16
% S       4.96  5.00  5.06  4.68  5.57  7.22  7.46  5.12  4.49  6.16  5.14  5.16
MEAN      3.22  3.36  3.61  3.51  3.81  4.22  4.60  4.22  4.44  4.65  3.70  3.52
STD DEV   1.40  1.52  1.30  1.41  1.73  1.78  2.11  1.78  1.58  1.78  1.75  1.43
SKEW     -0.12  0.45 -0.14  0.01  1.00  0.51  0.67  0.19  0.35 -0.11  0.58  0.32
% SSW    11.84  8.21  6.90  7.33 11.32  9.26 13.29  9.53  7.23  9.47  8.04  8.53
MEAN      3.53  3.58  3.43  3.71  4.16  4.36  4.61  4.44  4.77  4.54  3.94  3.58
STD DEV   1.47  1.54  1.32  1.47  1.66  1.76  1.89  1.94  2.07  1.68  1.83  1.38
SKEW      0.31  0.35  0.21  0.43  0.60  0.70  0.58  0.49  0.65  0.37  0.53  0.20
% SW      7.74  6.12  5.15  5.49  7.61  7.73  7.60  5.81  5.26  7.22  7.51  6.09
MEAN      3.43  3.38  3.61  3.61  4.22  3.97  4.20  4.70  4.87  4.59  3.73  3.44
STD DEV   1.55  1.51  1.72  1.78  1.95  1.72  2.08  2.35  2.66  2.32  1.94  1.42
SKEW      0.62  0.29  0.62  0.90  1.07  0.53  0.53  0.61  0.70  0.83  0.86  0.29
% WSW    10.85  9.51  9.48  8.59 14.17 13.05 12.73 12.87 12.97 13.39 12.36 12.42
MEAN      3.95  3.66  3.78  4.03  4.96  5.65  5.50  5.69  6.04  5.76  4.75  4.02
STD DEV   2.14  1.86  2.05  2.11  2.18  2.66  2.61  2.89  2.84  2.64  2.37  1.82
SKEW      0.75  0.54  0.95  0.67  0.30  0.61  0.26  0.40  0.49  0.15  0.57  0.45
% W      13.32 13.63 13.18 13.22 13.22 14.54 10.54 14.05 14.52 12.34 12.64 14.99
MEAN      3.49  3.34  3.47  4.00  5.08  5.60  5.80  5.81  6.38  5.49  4.47  4.14
STD DEV   1.74  1.66  1.61  2.17  2.58  2.73  2.88  2.64  2.87  2.48  2.08  2.00
SKEW      0.86  0.58  0.55  0.81  0.48  0.44  0.40  0.10  0.34  0.23  0.42  0.58
% WNW    11.83 12.67 14.25 14.68 17.98 18.03 16.32 19.32 21.46 17.55 16.05 13.75
MEAN      4.00  3.82  3.97  4.72  5.73  5.34  5.97  5.91  6.24  6.09  5.05  4.43
STD DEV   2.09  1.77  1.86  2.23  2.33  2.41  2.63  2.69  2.57  2.33  2.08  2.12
SKEW      0.55  0.41  0.53  0.30  0.40  0.31  0.24  0.24  0.12 -0.07  0.25  0.34
% NW      3.64  3.61  4.22  4.63  2.92  3.02  3.40  3.96  3.70  4.17  4.28  4.51
MEAN      3.65  3.29  3.76  3.87  4.11  3.34  3.52  4.05  4.59  4.55  4.18  3.61
STD DEV   1.68  1.49  1.58  1.86  1.82  1.67  1.91  2.22  2.08  1.99  1.88  1.80
SKEW      0.31  0.47  0.27  0.53  0.37  0.97  0.78  0.56  0.34  0.33  0.25  0.37
% NNW     2.41  3.07  3.05  2.75  1.47  2.29  1.99  2.33  2.06  2.82  2.41  2.81
MEAN      2.94  3.14  3.33  3.70  3.32  3.05  2.48  3.13  3.59  4.83  4.05  3.46
STD DEV   1.13  1.42  1.54  2.01  1.72  1.60  1.13  1.32  1.79  2.37  1.85  1.68
SKEW      0.27  0.47  0.40  0.87  1.00  0.76  0.53 -0.04  0.41  0.57  0.54  0.52
CALM      8.23  8.78  7.01  6.04  5.03  4.69  3.54  4.29  2.70  2.87  4.79  4.96
                                                                                
INTERPOLATED DATA (station & weighting factor)                                  
                                                                                
---Wind Stations---                                                             
PULASKI       VA     .931  ROANOKE       VA     .046  HICKORY       NC     .023 
