 Australia    Wyong (Kulnura (Jeavons))                                         
 LATT= -33.17 LONG= 151.22 YEARS= 10. TYPE= 3
 ELEVATION = 1165. TP5 = 2.45 TP6= 5.42
 MEAN P    .43   .49   .46   .41   .28   .37   .19   .31   .29   .31   .42   .33
 S DEV P   .74   .74   .51   .71   .44   .58   .27   .40   .40   .36   .52   .42
 SKEW  P  3.58  2.82  1.58  3.82  3.56  4.13  3.23  2.53  4.03  1.95  2.76  2.47
 P(W/W)    .61   .55   .56   .51   .38   .55   .36   .55   .37   .45   .55   .51
 P(W/D)    .23   .25   .25   .20   .14   .22   .16   .09   .13   .23   .24   .22
 TMAX AV 85.83 82.90 79.35 73.58 67.81 61.33 62.20 64.96 71.55 76.28 80.27 83.17
 TMIN AV 64.62 63.18 60.60 54.06 46.72 44.68 42.48 43.09 47.78 53.13 57.60 61.15
 SD TMAX 10.13  8.71  7.17  6.35  5.33  3.66  4.55  5.39  7.57  9.33  9.23  9.79
 SD TMIN  5.36  4.92  4.85  5.17  5.65  5.80  5.97  5.41  6.11  6.28  5.95  5.56
 SOL.RAD  498.  459.  386.  319.  255.  195.  230.  308.  404.  459.  510.  526.
 SD SOL  156.0 139.7 119.1  87.0  67.1  63.6  65.6  79.2  97.8 132.6 149.2 152.0
 MX .5 P  1.18   .97   .70   .46   .28   .44   .16   .09   .17   .47   .79   .73
 DEW PT  61.49 61.24 59.60 54.11 46.45 44.81 40.60 39.87 43.40 49.03 54.04 57.35
Time Pk   .200  .310  .400  .480  .560  .650  .720  .780  .840  .900  .960 1.000
% N       4.15  4.54  5.68  5.33  4.35  4.88  6.25  6.94  5.53  4.73  4.55  2.88
MEAN      3.27  3.07  3.40  3.79  4.24  3.96  4.15  4.24  4.04  3.81  3.49  3.17
STD DEV   1.62  1.41  1.59  1.77  1.95  1.68  1.68  1.98  1.84  1.60  1.47  1.36
SKEW      0.75  0.76  0.77  0.64  0.56  0.56  0.06  0.57  0.57  0.37  0.56  0.21
% NNE     3.18  3.63  3.64  2.76  2.56  3.09  3.06  4.09  4.17  3.47  3.50  2.15
MEAN      2.98  2.90  3.13  3.14  3.44  3.62  3.38  3.60  3.63  3.35  3.46  3.17
STD DEV   1.25  1.14  1.35  1.49  1.41  1.48  1.57  1.54  1.58  1.41  1.42  1.34
SKEW      0.53  0.39  0.42  0.77  0.18  0.08  0.53  0.74  0.45  0.56  0.41  0.69
% NE      3.04  3.56  3.34  2.21  1.92  2.24  2.31  2.94  3.84  3.05  2.70  3.02
MEAN      2.67  2.67  2.93  2.81  2.90  2.94  3.05  3.17  3.51  3.23  2.96  2.84
STD DEV   1.06  1.06  1.22  1.31  1.38  1.24  1.27  1.10  1.63  1.27  1.30  1.09
SKEW      0.51  0.61  0.52  1.09  1.12  0.53  0.46  0.39  0.77  0.60  0.96  0.70
% ENE     2.73  3.58  2.93  1.44  1.69  1.53  2.55  3.08  3.84  2.97  2.63  2.21
MEAN      2.78  2.70  2.76  2.72  2.92  2.89  3.08  3.30  3.58  3.36  2.87  2.85
STD DEV   1.10  1.06  1.17  1.13  1.32  1.22  1.26  1.18  1.50  1.30  1.09  1.05
SKEW      0.87  0.46  0.85  0.52  0.34  0.61  0.65 -0.09  0.48  0.45  0.36  0.27
% E       3.72  4.31  3.41  2.19  1.74  2.38  2.53  3.26  3.63  3.95  3.37  3.16
MEAN      2.55  2.61  2.54  2.55  2.31  2.68  2.66  3.11  3.26  3.10  2.75  2.52
STD DEV   1.09  1.18  1.14  1.04  1.08  1.19  1.12  1.23  1.35  1.24  1.13  0.97
SKEW      0.73  0.86  0.93  0.81  0.57  0.70  0.46  0.51  0.48  0.50  0.50  0.60
% ESE     2.94  3.42  2.89  2.14  1.80  2.70  2.58  3.56  3.33  3.64  2.38  2.48
MEAN      2.62  2.77  2.58  2.61  2.47  3.26  2.84  3.35  3.23  3.64  2.93  2.56
STD DEV   0.98  1.14  1.07  1.11  1.08  1.51  1.13  1.35  1.28  1.63  1.34  1.03
SKEW      0.72  0.49  0.63  0.50  0.61  0.55  0.43  0.57  0.35  0.41  0.99  0.61
% SE      5.70  5.33  5.96  6.14  5.41  4.55  4.07  4.05  3.60  4.64  4.81  4.94
MEAN      2.48  2.51  2.50  2.55  3.01  3.54  3.14  3.33  3.23  3.55  2.92  2.64
STD DEV   1.12  1.06  1.05  1.09  1.48  1.86  1.37  1.41  1.38  1.54  1.35  1.17
SKEW      1.12  1.09  1.07  1.10  1.11  1.10  0.56  0.38  0.51  0.59  0.80  1.23
% SSE     7.64  8.21  8.56  8.86  9.08  8.63  9.34  6.93  7.55  9.40  8.96 10.21
MEAN      2.71  2.82  2.97  3.65  3.76  4.25  4.09  3.95  4.48  4.42  3.74  3.16
STD DEV   1.12  1.24  1.31  1.72  1.79  1.86  1.82  1.68  1.94  1.88  1.82  1.46
SKEW      0.72  0.76  0.81  0.74  0.74  0.70  0.90  0.66  0.61  0.48  0.81  0.86
% S      12.52 12.74 13.95 14.83 12.92 14.04 13.91  9.69 11.47 15.04 14.91 17.40
MEAN      3.07  3.12  3.41  4.05  4.41  4.83  4.85  4.50  4.87  4.90  4.20  3.71
STD DEV   1.43  1.35  1.60  2.14  2.23  2.20  2.17  2.05  2.29  2.10  2.06  1.66
SKEW      0.86  0.63  0.51  0.90  0.74  0.73  0.69  0.69  0.69  0.64  0.84  0.60
% SSW     8.53  7.61  6.98  7.03  7.01  7.29  8.14  6.32  6.92  9.22  8.53 10.91
MEAN      3.96  3.87  4.07  4.49  4.99  4.51  5.27  4.89  5.32  5.56  4.74  4.67
STD DEV   1.78  1.53  1.85  2.25  2.26  2.16  2.29  2.56  2.51  2.49  2.14  2.02
SKEW      0.73  0.35  0.36  0.62  0.51  0.92  0.58  0.87  0.51  0.48  0.63  0.50
% SW      6.51  5.04  3.63  4.74  4.26  4.96  3.46  4.09  4.12  4.45  5.03  5.22
MEAN      3.52  3.41  3.60  3.45  4.01  3.66  4.52  4.13  4.79  4.75  4.05  4.06
STD DEV   1.68  1.44  1.81  1.72  2.55  1.90  2.60  1.84  2.50  2.47  2.04  2.02
SKEW      1.03  0.69  0.63  0.85  1.52  1.31  1.25  0.75  0.62  1.00  0.87  0.83
% WSW     4.75  3.71  2.31  3.08  3.86  4.44  3.77  4.44  4.25  3.96  4.30  4.63
MEAN      3.69  3.41  3.50  3.86  3.67  4.19  3.97  4.13  5.09  4.71  4.03  4.00
STD DEV   1.68  1.64  1.80  2.19  1.84  2.36  2.00  2.03  2.53  2.69  1.95  1.67
SKEW      0.74  0.57  0.75  0.96  0.83  1.27  0.96  1.20  0.72  1.07  0.71  0.51
% W       3.75  3.27  2.73  3.67  5.92  7.69  5.27  6.04  6.62  4.71  5.04  3.64
MEAN      3.21  3.21  3.14  3.63  4.07  4.55  4.31  4.61  5.41  5.36  4.04  3.61
STD DEV   1.65  1.54  1.43  1.74  2.01  2.54  2.20  2.28  2.59  3.07  2.29  1.68
SKEW      0.95  0.91  0.98  0.56  0.71  1.05  0.69  0.72  0.43  0.85  1.09  0.62
% WNW     2.08  2.27  2.64  4.38  7.39  7.53  7.68  7.76  8.65  6.14  4.42  2.96
MEAN      3.68  3.29  3.72  4.83  4.96  5.25  5.27  5.02  5.78  5.83  4.76  4.43
STD DEV   1.73  1.62  1.61  2.20  2.33  2.18  2.17  2.24  2.29  2.58  2.20  1.98
SKEW      0.58  0.58  0.25  0.65  0.54  0.40  0.33  0.62  0.06  0.64  0.77  0.81
% NW      2.58  2.74  2.89  4.87  7.88  6.71  6.48  7.42  7.03  5.00  4.30  2.48
MEAN      3.27  3.57  3.95  4.44  4.95  4.97  5.16  5.14  5.16  5.54  4.44  3.76
STD DEV   1.56  1.62  1.94  2.10  2.35  2.12  2.10  2.31  2.13  2.38  2.27  2.02
SKEW      1.12  0.69  0.69  0.55  0.50  0.46  0.39  0.42  0.17  0.28  1.05  0.66
% NNW     3.35  4.15  5.26  7.43  7.21  6.67  9.25  8.57  7.18  6.93  5.67  2.94
MEAN      3.63  3.55  3.72  4.27  4.82  4.76  5.18  5.50  4.94  4.94  4.22  3.62
STD DEV   1.78  1.53  1.72  1.95  2.23  1.84  1.90  2.43  1.84  2.06  1.90  1.60
SKEW      0.74  0.47  0.49  0.58  1.09  0.32  0.32  0.48  0.27  0.40  0.82  0.74
CALM     22.89 21.92 23.02 18.87 14.91 10.66  9.29 10.82  8.33  8.72 14.92 18.70
                                                                                
INTERPOLATED DATA (station & weighting factor)                                  
                                                                                
---Wind Stations---                                                             
FT. LEONARD W.MO     .640  FARMINGTON    MO     .191  FLIPPIN       AR     .169 
