 Australia    Crystal Brook                                                     
 LATT= -20.34 LONG= 148.50 YEARS= 10. TYPE= 4
 ELEVATION =   98. TP5 = 2.60 TP6= 8.72
 MEAN P    .96   .97   .96   .55   .36   .22   .27   .31   .38   .35   .81   .68
 S DEV P  1.27  1.16  1.80   .83   .57   .18   .45   .47   .89   .41   .84   .91
 SKEW  P  2.66  2.30  4.78  4.26  5.00  1.76  2.64  3.09  3.05  2.31  1.55  2.08
 P(W/W)    .69   .67   .71   .66   .53   .59   .63   .30   .52   .52   .40   .55
 P(W/D)    .21   .29   .27   .13   .15   .10   .05   .05   .04   .06   .10   .18
 TMAX AV 85.03 84.90 83.20 80.37 76.75 73.26 72.69 74.04 77.44 80.16 82.84 84.73
 TMIN AV 76.26 76.06 75.07 71.13 66.20 61.65 60.75 60.38 64.89 69.21 72.53 75.23
 SD TMAX  2.57  2.89  2.64  2.11  2.91  2.78  2.70  2.71  2.68  2.35  2.77  2.27
 SD TMIN  1.96  1.90  2.09  2.81  4.32  4.95  4.97  4.75  4.20  3.09  2.48  1.81
 SOL.RAD  537.  524.  449.  440.  371.  338.  364.  450.  531.  589.  612.  596.
 SD SOL  153.9 138.3 141.1  99.9  88.7  86.1  84.6  77.1  90.1 109.3 111.5 143.4
 MX .5 P  1.63  1.51  1.32   .79   .44   .41   .27   .29   .35   .47   .83  1.19
 DEW PT  72.33 72.86 72.09 67.76 62.54 58.74 57.97 57.53 61.70 64.64 67.72 70.58
Time Pk   .270  .390  .480  .560  .630  .710  .770  .810  .860  .900  .950 1.000
% N       0.58  1.87  7.31  9.96 12.68 13.37 12.79 10.66  8.36  4.60  3.94  1.06
MEAN      3.36  3.57  4.99  5.32  6.23  6.04  6.16  6.62  6.80  6.94  5.78  4.05
STD DEV   1.34  1.65  2.10  2.28  2.84  2.59  2.73  2.79  2.87  2.79  2.42  1.49
SKEW      0.14  0.82  0.57  0.34  0.37  0.33  0.33  0.32  0.30  0.03  0.27  0.28
% NNE     0.62  1.88  8.03  9.66 10.94 10.83 10.83  9.46  7.45  5.34  3.11  1.26
MEAN      3.41  4.25  5.29  5.47  6.09  5.81  5.80  6.03  6.44  6.70  5.92  4.46
STD DEV   1.40  1.71  2.05  2.18  2.70  2.48  2.54  2.39  2.57  2.43  2.46  1.70
SKEW      0.18  0.42  0.44  0.47  0.43  0.39  0.43  0.44  0.32  0.01  0.31  0.11
% NE      0.73  1.89  6.86  6.67  7.73  6.86  7.78  6.79  5.56  4.48  2.51  1.62
MEAN      4.00  4.05  5.08  5.11  5.26  4.69  5.00  5.35  5.66  5.61  4.97  4.65
STD DEV   1.73  1.60  2.07  2.13  2.29  2.17  2.19  2.12  2.33  2.24  2.01  1.81
SKEW      0.69  0.33  0.45  0.45  0.53  0.71  0.49  0.23  0.34  0.12  0.28  0.13
% ENE     1.05  2.82  7.52  5.23  4.51  3.93  4.34  5.47  6.36  4.87  3.42  2.09
MEAN      4.63  4.96  5.22  4.98  4.57  4.30  4.73  5.18  5.69  5.82  5.61  5.06
STD DEV   2.01  1.86  1.94  1.97  1.83  1.83  2.03  2.15  2.17  2.13  2.11  1.75
SKEW      0.17  0.09  0.31  0.26  0.23  0.40  0.55  0.52  0.14  0.17  0.45 -0.01
% E       4.13  7.78 12.13  9.21  4.46  4.82  4.00  6.07  8.59  8.42  6.94  6.02
MEAN      5.09  5.33  5.02  4.52  4.06  3.82  3.90  4.60  5.19  5.50  5.32  5.13
STD DEV   2.02  1.99  2.12  1.81  1.70  1.58  1.57  1.97  2.11  1.99  1.96  1.96
SKEW      0.00 -0.02  1.14  0.28  0.42  0.47  0.36  0.48  0.24  0.09  0.17  0.20
% ESE     9.76 12.32 11.42 10.27  4.21  4.17  3.26  6.40  9.27 13.28 13.48 13.43
MEAN      5.93  5.52  4.94  4.68  4.32  4.03  4.40  4.82  5.33  5.96  5.91  5.89
STD DEV   2.01  2.00  1.86  1.87  1.66  1.73  1.71  1.96  2.06  2.12  2.07  2.12
SKEW     -0.20 -0.08  0.18  0.31  0.35  0.66  0.36  0.41  0.36  0.15  0.08  0.06
% SE     28.61 24.12 16.09 15.45  9.86  8.21  9.70 12.85 17.53 25.14 32.28 32.23
MEAN      6.41  5.92  5.26  5.01  5.25  4.85  5.66  6.28  6.54  7.16  6.76  6.51
STD DEV   2.29  2.33  2.18  2.18  2.19  2.19  2.32  2.56  2.53  2.43  2.37  2.30
SKEW      0.01  0.10  0.38  0.51  0.28  0.55  0.28  0.20  0.17 -0.01 -0.01 -0.07
% SSE    30.42 21.66 10.20 10.91 14.15 13.16 16.37 15.33 18.65 19.96 21.24 26.50
MEAN      6.26  5.94  5.53  5.69  6.44  6.39  6.83  7.06  7.68  7.84  7.15  6.58
STD DEV   2.40  2.49  2.34  2.39  2.50  2.53  2.51  2.67  2.70  2.65  2.52  2.38
SKEW      0.25  0.26  0.34  0.40  0.17  0.17  0.16  0.13  0.05  0.01 -0.02 -0.03
% S      14.99 12.51  6.04  5.02  9.51  9.31  9.27  7.31  6.04  5.04  5.40  7.97
MEAN      4.85  4.90  4.73  4.91  5.95  5.85  6.24  5.97  6.63  6.40  5.98  5.28
STD DEV   2.10  2.17  2.21  2.22  2.62  2.56  2.66  2.45  2.86  2.75  2.59  2.32
SKEW      0.54  0.44  0.54  0.54  0.43  0.31  0.39  0.29  0.21  0.17  0.27  0.45
% SSW     3.16  3.70  2.11  1.71  3.06  3.27  2.53  2.31  1.40  1.07  0.87  1.62
MEAN      4.02  3.92  4.03  3.76  4.81  4.90  4.87  5.20  5.09  4.64  4.26  4.33
STD DEV   1.78  1.89  1.91  1.73  2.26  2.39  2.17  2.25  2.42  1.76  2.05  1.95
SKEW      0.68  0.66  0.73  0.80  0.43  0.56  0.57  0.39  0.34  0.33  0.73  0.71
% SW      1.55  1.59  1.28  1.29  1.68  1.99  1.40  1.49  0.79  0.75  0.68  0.88
MEAN      3.04  2.92  3.01  3.04  3.31  3.60  3.73  4.04  3.68  3.91  2.97  3.13
STD DEV   1.29  1.29  1.31  1.28  1.38  1.66  1.63  1.85  1.73  1.64  1.16  1.33
SKEW      0.67  0.41  0.69  0.48  0.63  0.47  0.65  0.53  0.33  0.61  0.73  0.75
% WSW     0.56  0.80  0.70  0.70  1.04  1.21  0.91  0.96  0.51  0.54  0.41  0.41
MEAN      2.80  3.04  2.59  2.96  3.10  3.25  3.18  3.53  3.75  3.64  3.01  2.57
STD DEV   1.06  1.25  1.01  1.13  1.20  1.40  1.25  1.52  1.49  1.41  1.04  0.87
SKEW      0.31  0.53  0.66  0.80  0.28  0.38  0.53  0.42  0.14  0.24  0.25  0.79
% W       0.49  0.80  1.27  1.21  1.52  1.87  1.53  1.37  0.76  0.63  0.65  0.64
MEAN      2.55  2.65  2.93  2.77  2.96  3.14  3.64  3.86  3.84  3.04  2.83  2.47
STD DEV   0.78  1.16  1.98  1.08  1.24  1.43  1.63  1.91  1.87  1.42  0.83  0.94
SKEW      0.78  0.56  1.92  0.47  0.71  0.73  0.60  1.10  0.85  0.51 -0.41  0.40
% WNW     0.26  0.48  0.79  1.23  1.55  1.86  1.81  1.57  0.89  0.58  0.54  0.48
MEAN      2.21  2.54  3.59  3.31  3.90  4.66  4.64  4.92  5.59  3.97  3.33  2.44
STD DEV   0.60  0.75  2.75  1.79  1.81  2.69  2.61  2.60  3.05  2.12  1.34  0.72
SKEW     -0.05  0.23  1.25  1.34  0.53  0.92  1.11  0.76  0.51  1.13  0.66  0.40
% NW      0.32  0.89  1.60  2.52  3.51  4.46  3.65  3.50  2.07  1.57  0.94  0.77
MEAN      2.05  2.64  3.92  3.90  4.58  5.06  5.68  6.35  5.96  5.32  4.03  3.50
STD DEV   0.79  1.14  2.60  2.01  2.31  2.60  3.12  3.15  3.12  2.56  1.79  1.39
SKEW      0.34  0.63  1.53  0.91  0.65  0.66  0.84  0.40  0.45  0.48  0.40  0.57
% NNW     0.27  1.08  2.70  4.86  6.52  7.51  7.35  6.56  4.03  2.59  1.76  0.77
MEAN      2.86  3.12  4.34  5.34  5.87  5.91  6.01  6.49  7.06  6.37  5.55  3.78
STD DEV   1.17  1.18  1.91  2.61  2.64  2.79  2.56  2.89  3.18  2.68  2.57  1.44
SKEW      0.11  0.59  0.91  0.60  0.52  0.42  0.33  0.41  0.29  0.12  0.41  0.33
CALM      2.44  3.78  4.01  4.06  3.05  3.06  2.49  1.90  1.71  1.11  1.86  2.28
                                                                                
INTERPOLATED DATA (station & weighting factor)                                  
                                                                                
---Wind Stations---                                                             
CORPUS CHRISTITX     .336  CORPUS CHRISTITX     .336  CORPUS CHRISTITX     .328 
