 Australia    Newcastle (Blacksmiths)                                           
 LATT= -33.08 LONG= 151.65 YEARS= 10. TYPE= 4
 ELEVATION =    0. TP5 = 3.55 TP6=10.24
 MEAN P    .54   .51   .39   .44   .41   .54   .31   .40   .27   .34   .44   .30
 S DEV P  1.02  1.12   .54   .60   .67   .80   .55   .74   .35   .48   .71   .36
 SKEW  P  3.01  5.80  2.81  2.61  3.50  3.64  3.60  3.65  2.64  2.19  3.77  1.49
 P(W/W)    .46   .61   .47   .56   .41   .63   .61   .53   .46   .39   .52   .48
 P(W/D)    .16   .16   .20   .20   .19   .27   .14   .10   .17   .20   .19   .16
 TMAX AV 79.39 77.85 75.90 71.61 67.08 61.91 61.93 63.62 68.10 71.36 74.44 76.90
 TMIN AV 67.84 67.37 65.47 60.48 54.53 51.91 49.60 49.95 53.85 58.03 61.76 64.70
 SD TMAX  6.99  5.84  4.90  4.85  4.39  3.06  3.86  4.43  6.13  7.14  6.94  6.92
 SD TMIN  3.66  3.35  3.17  3.53  3.82  3.93  3.94  3.51  4.06  4.42  3.99  3.71
 SOL.RAD  507.  467.  392.  323.  256.  196.  231.  312.  408.  462.  515.  533.
 SD SOL  148.6 132.0 113.3  83.9  66.8  62.1  64.3  77.1  93.7 128.0 142.5 145.2
 MX .5 P  1.00   .84   .62   .56   .52   .81   .15   .17   .29   .54   .65   .51
 DEW PT  64.50 64.07 62.52 57.46 50.63 48.33 44.68 44.25 48.15 53.24 57.64 60.69
Time Pk   .200  .310  .400  .480  .560  .650  .720  .780  .840  .900  .960 1.000
% N       5.12  6.64  7.97 10.33  9.31  8.70  8.79  8.51  7.00  5.66  6.36  5.92
MEAN      2.85  2.92  3.56  3.67  4.89  4.53  4.69  4.58  4.66  4.23  3.51  3.04
STD DEV   1.28  1.32  1.88  1.94  2.51  2.35  2.20  2.18  2.31  2.21  1.69  1.26
SKEW      0.86  1.35  1.22  1.01  0.52  0.73  0.44  0.59  0.58  0.82  0.99  0.68
% NNE     3.67  5.69 10.32  9.63  8.13  7.07  6.60  6.72  5.46  4.92  4.38  4.31
MEAN      3.03  3.31  3.80  3.84  4.16  3.99  4.58  4.36  4.25  4.17  3.50  3.19
STD DEV   1.48  1.64  1.74  1.83  2.03  2.02  2.36  1.92  2.02  2.20  1.54  1.47
SKEW      1.83  1.40  0.74  1.04  0.59  0.92  0.60  0.45  0.67  0.82  0.69  0.78
% NE      5.24  7.52 12.96 11.60  8.81  7.61  7.23  7.82  7.12  5.65  5.53  5.65
MEAN      3.21  3.22  3.96  3.83  3.91  3.84  3.86  4.30  4.21  3.81  3.51  3.32
STD DEV   1.48  1.46  1.75  1.67  1.77  1.74  1.75  2.07  1.80  1.84  1.53  1.43
SKEW      0.68  0.69  0.62  0.97  0.59  0.51  0.66  0.66  0.46  0.72  0.38  0.76
% ENE     3.36  5.28  9.93  9.05  6.14  6.05  5.33  5.73  5.70  3.87  3.94  3.68
MEAN      3.47  3.56  4.23  4.26  3.78  3.87  4.03  4.20  4.37  4.15  3.94  3.58
STD DEV   1.45  1.66  2.10  1.89  1.51  1.68  1.56  1.75  1.86  1.80  1.53  1.69
SKEW      0.50  1.03  1.04  0.64  0.60  0.45  0.31  0.51  0.56  0.57  0.41  0.68
% E       5.19  6.48 10.45  9.55  8.42  9.39  7.17  7.17  6.68  7.55  7.13  5.44
MEAN      3.17  3.55  3.92  3.86  3.60  3.86  3.81  4.14  4.09  4.04  3.96  3.64
STD DEV   1.44  1.90  1.94  1.71  1.54  1.68  1.67  1.83  1.63  1.73  1.55  1.64
SKEW      0.66  1.04  0.95  0.69  0.45  0.71  0.59  0.50  0.49  0.50  0.37  0.71
% ESE     3.96  3.79  6.29  4.92  5.17  6.06  5.04  4.90  5.59  6.81  5.72  4.67
MEAN      3.27  3.31  3.72  3.69  3.87  3.99  3.86  4.28  4.16  4.37  4.25  3.52
STD DEV   1.44  1.66  1.74  1.64  1.49  1.87  1.51  1.86  1.59  1.75  2.00  1.49
SKEW      0.75  1.01  1.09  0.78  0.64  0.77  0.45  0.62  0.21  0.50  0.81  0.52
% SE      5.86  4.57  5.08  4.20  5.15  6.37  6.98  6.10  7.60 11.09  8.28  7.11
MEAN      3.37  3.04  3.37  3.46  3.85  4.22  3.87  4.14  4.42  4.59  4.11  3.46
STD DEV   1.65  1.43  1.61  1.51  1.55  1.98  1.82  1.77  2.08  1.96  1.76  1.60
SKEW      1.05  0.75  1.41  0.87  0.31  0.65  0.81  0.56  0.83  0.78  0.74  0.76
% SSE     4.47  3.38  3.17  2.58  5.12  4.88  7.96  6.05  7.28  9.40  8.54  6.22
MEAN      3.78  3.36  3.47  3.91  4.51  4.52  4.98  5.07  5.44  5.27  4.68  3.92
STD DEV   1.55  1.48  1.69  1.72  1.90  2.21  2.28  2.16  2.36  2.22  1.98  1.82
SKEW      0.63  0.60  0.95  0.71  0.51  0.79  0.63  0.53  0.52  0.75  0.48  0.72
% S       7.32  5.41  3.43  2.35  6.10  7.30  9.71  8.53 10.79 10.99 10.88  8.22
MEAN      3.45  3.26  3.35  3.90  4.68  5.29  5.19  5.28  5.73  5.36  4.85  4.13
STD DEV   1.56  1.60  1.59  1.82  2.09  2.38  2.14  2.48  2.53  2.14  2.04  1.81
SKEW      0.75  1.19  0.80  0.54  0.55  0.36  0.40  0.55  0.45  0.27  0.30  0.63
% SSW     5.81  3.46  1.74  1.32  3.10  4.05  5.30  6.17  6.34  5.06  5.61  6.60
MEAN      3.63  3.31  3.21  3.94  4.76  5.01  5.51  5.55  5.82  5.14  4.48  3.97
STD DEV   1.52  1.51  1.29  1.89  2.13  2.21  2.21  2.25  2.32  2.08  1.79  1.66
SKEW      0.55  0.80  0.75  0.59  0.46  0.26  0.15  0.26  0.37  0.33  0.39  0.50
% SW      7.30  5.09  2.07  1.27  2.28  2.38  3.06  4.62  4.12  4.06  4.63  6.68
MEAN      3.21  3.02  2.75  3.38  3.60  4.20  4.51  4.88  4.97  4.38  3.88  3.62
STD DEV   1.48  1.43  1.28  1.84  1.76  2.08  2.12  2.20  2.09  1.88  1.85  1.57
SKEW      0.76  1.11  0.61  0.67  0.88  0.50  0.58  0.39  0.28  0.28  0.81  0.66
% WSW     4.86  3.60  1.51  1.26  1.57  1.83  1.88  2.15  2.32  2.20  2.41  3.74
MEAN      3.17  3.12  3.05  2.76  3.53  3.77  4.41  3.93  4.64  4.20  3.87  3.34
STD DEV   1.23  1.38  1.48  1.35  1.58  1.69  2.39  1.53  2.02  2.13  2.06  1.49
SKEW      0.68  1.10  0.85  1.02  0.23  0.61  0.66  0.71  0.34  0.59  0.91  0.70
% W       7.31  6.30  2.90  3.00  4.10  3.55  2.70  4.02  4.02  3.86  4.56  5.96
MEAN      3.04  2.96  2.62  2.78  3.24  3.77  3.90  4.19  4.11  4.18  3.04  2.98
STD DEV   1.43  1.20  1.22  1.33  1.55  1.91  2.57  2.27  2.17  2.48  1.46  1.36
SKEW      1.06  0.56  0.98  0.89  0.87  0.64  0.86  0.77  0.77  0.96  0.73  0.68
% WNW     6.03  5.30  2.06  3.03  3.60  3.50  3.11  3.42  3.65  3.58  3.42  4.52
MEAN      3.09  2.97  2.80  3.26  3.98  4.19  4.29  4.50  4.36  4.17  3.25  3.09
STD DEV   1.26  1.32  1.43  1.92  2.23  2.11  2.28  2.17  2.08  2.21  1.45  1.33
SKEW      0.68  1.08  1.11  1.73  0.83  0.58  0.62  0.84  0.64  0.63  0.74  0.67
% NW      6.60  6.51  3.14  5.53  5.73  6.28  5.68  5.90  5.35  4.29  4.95  5.70
MEAN      2.86  2.89  2.81  3.47  4.32  4.46  4.60  4.62  4.57  4.53  3.27  2.96
STD DEV   1.19  1.27  1.33  1.93  2.40  2.27  2.29  2.47  2.31  2.47  1.63  1.34
SKEW      0.66  0.82  0.84  0.98  0.99  0.55  0.71  0.70  0.59  0.60  1.13  1.11
% NNW     3.93  5.79  4.49  7.17  7.04  6.64  7.05  6.26  5.22  4.49  4.48  3.95
MEAN      2.99  2.95  3.42  4.01  5.14  4.87  5.48  5.18  5.23  4.29  3.70  2.90
STD DEV   1.27  1.22  1.64  2.08  2.49  2.23  2.57  2.28  2.63  2.22  1.97  1.14
SKEW      0.70  0.62  0.80  0.69  0.45  0.36  0.34  0.26  0.41  0.63  1.18  0.45
CALM     14.10 15.22 12.48 13.23 10.18  8.28  6.35  5.96  5.71  6.58  9.16 11.58
                                                                                
INTERPOLATED DATA (station & weighting factor)                                  
                                                                                
---Wind Stations---                                                             
NEW ORLEANS   LA     .414  NEW ORLEANS   LA     .414  BATON ROUGE   LA     .172 
