 Iran    Zanjan                                                                 
 LATT=  36.77 LONG=  48.36 YEARS= 10. TYPE= 3
 ELEVATION = 5358. TP5 = 1.01 TP6= 1.95
 MEAN P    .12   .18   .19   .22   .15   .25   .25   .11   .08   .16   .15   .19
 S DEV P   .16   .20   .21   .29   .20   .64   .51   .09   .12   .22   .22   .24
 SKEW  P  2.30  1.52  2.05  2.48  3.12  3.01  3.07   .12  2.61  2.77  2.47  2.58
 P(W/W)    .37   .49   .47   .48   .52   .33   .44   .00   .19   .55   .45   .39
 P(W/D)    .20   .17   .22   .25   .21   .11   .05   .03   .04   .10   .17   .16
 TMAX AV 41.15 44.23 53.80 63.12 73.54 83.89 88.85 88.14 81.92 67.64 51.88 43.84
 TMIN AV 22.66 24.50 31.36 39.44 48.61 55.25 59.77 58.32 52.76 43.22 31.92 24.56
 SD TMAX  8.54  9.71  9.55  7.74  6.49  6.33  6.39  6.28  6.94  9.75  8.65  7.52
 SD TMIN  8.50  9.03  6.93  5.95  3.82  3.44  3.76  3.57  4.13  5.69  6.86  7.12
 SOL.RAD  214.  284.  372.  469.  574.  663.  655.  594.  493.  333.  218.  188.
 SD SOL   51.8  78.3  97.1 116.3 110.2  59.1  45.0  54.2  47.7  81.3  66.5  49.0
 MX .5 P   .23   .21   .25   .36   .43   .38   .36   .15   .15   .19   .23   .19
 DEW PT  21.01 22.88 27.03 34.97 42.66 48.08 52.54 51.21 45.15 38.13 29.95 23.14
Time Pk   .120  .220  .320  .400  .480  .570  .650  .740  .820  .890  .960 1.000
% N       4.06  3.98  3.87  5.16  5.74  5.54  6.24  6.22  5.40  4.54  4.16  3.75
MEAN      2.87  3.01  3.40  3.60  3.41  3.37  3.32  3.23  3.15  2.89  2.76  2.75
STD DEV   1.35  1.75  1.80  1.84  1.60  1.65  1.59  1.55  1.51  1.35  1.34  1.34
SKEW      1.19  1.78  1.08  1.09  1.06  1.30  1.18  1.25  1.27  1.16  1.22  1.23
% NNE     1.65  1.86  1.84  2.14  2.67  2.56  2.86  2.81  2.99  2.26  1.98  1.49
MEAN      2.83  2.81  3.73  3.81  3.65  3.09  3.38  3.17  3.09  2.94  2.87  2.77
STD DEV   1.20  1.27  1.89  1.70  1.75  1.20  1.52  1.34  1.27  1.25  1.36  1.21
SKEW       .99  1.80  1.00   .93   .70   .80   .99  1.38   .93   .86   .82  1.58
% NE      3.40  3.90  3.95  5.22  5.29  4.86  4.84  4.65  5.25  4.63  3.90  2.85
MEAN      3.43  4.00  4.04  4.24  4.07  3.73  3.44  3.26  3.49  3.44  3.32  3.01
STD DEV   1.85  2.33  2.10  2.13  2.03  2.03  1.60  1.45  1.74  1.86  1.78  1.65
SKEW       .90  1.29  1.01   .88   .91  1.19   .97  1.00   .98   .99  1.29  1.29
% ENE     1.81  1.90  2.51  3.22  3.83  3.08  3.09  2.69  3.36  2.95  2.12  1.71
MEAN      3.99  3.85  4.08  4.31  4.23  3.77  3.63  3.49  3.67  3.89  3.63  3.73
STD DEV   1.96  1.85  1.82  1.89  1.97  1.66  1.51  1.37  1.56  1.97  1.60  1.79
SKEW       .96  1.10   .65   .76   .91  1.00   .57   .78   .83  1.15   .66   .79
% E       2.89  3.28  3.98  4.41  5.16  4.84  4.85  4.36  4.56  4.25  3.26  2.83
MEAN      3.35  3.29  3.32  3.51  3.62  3.37  3.31  3.30  3.29  3.15  3.21  3.08
STD DEV   1.61  1.63  1.51  1.56  1.56  1.42  1.41  1.29  1.38  1.35  1.44  1.37
SKEW       .77   .95  1.06   .87   .67   .78   .87   .57  1.08   .79   .78  1.00
% ESE     2.23  2.01  2.49  2.97  3.40  3.02  3.43  2.88  3.00  2.87  2.30  2.20
MEAN      3.04  3.11  3.38  3.71  3.69  3.49  3.42  3.39  3.23  3.13  3.24  3.12
STD DEV   1.21  1.18  1.38  1.45  1.50  1.51  1.32  1.40  1.37  1.32  1.27  1.33
SKEW       .76   .50   .66   .82   .74   .78   .57   .89   .66   .79   .55   .59
% SE      5.69  5.75  6.56  5.85  6.00  5.57  5.65  5.81  5.51  6.34  6.14  6.17
MEAN      3.11  2.98  3.56  3.74  3.82  3.57  3.37  3.44  3.31  3.18  3.09  3.16
STD DEV   1.36  1.27  1.71  1.77  1.80  1.74  1.53  1.62  1.50  1.43  1.38  1.48
SKEW       .92   .80   .98   .96  1.00  1.45  1.22  1.14  1.05   .89   .78  1.03
% SSE     2.81  2.85  2.97  2.97  2.88  2.78  3.41  3.36  2.77  2.86  2.85  2.97
MEAN      3.35  3.35  3.48  3.79  4.07  3.57  3.64  3.59  3.41  3.35  3.33  3.23
STD DEV   1.46  1.27  1.47  1.71  2.07  1.53  1.59  1.58  1.55  1.48  1.33  1.33
SKEW       .95   .59   .90  1.21  1.11  1.30   .89   .85  1.21  1.08   .92   .78
% S       6.08  5.80  5.67  5.56  5.26  5.34  5.85  6.20  5.42  6.26  6.01  6.11
MEAN      3.34  3.25  3.60  4.09  4.39  4.06  3.65  3.86  3.69  3.38  3.25  3.28
STD DEV   1.90  1.49  1.84  2.37  2.76  2.28  1.93  2.09  2.09  1.80  1.55  1.62
SKEW      2.19  1.06  1.80  1.28  1.26  1.21  1.43  1.25  1.46  1.62  1.37  1.49
% SSW     3.85  3.48  3.58  3.55  3.44  3.72  3.49  3.68  3.10  3.44  3.35  3.37
MEAN      3.84  3.84  4.01  4.57  4.73  4.87  4.31  4.29  4.27  4.21  3.58  3.81
STD DEV   2.33  2.24  2.31  2.64  2.45  2.61  2.22  2.13  2.18  2.28  1.89  2.03
SKEW      1.83  2.84  1.57  1.15   .82   .89   .96   .81   .92  1.17  2.12  1.42
% SW      9.83  9.78  9.65  9.18  8.63  9.72  9.75 10.27  9.38  9.09  9.46 10.59
MEAN      4.45  4.10  4.17  4.65  4.65  4.56  4.35  4.49  4.23  4.12  3.94  4.19
STD DEV   3.03  2.37  2.33  2.68  2.37  2.24  2.01  2.21  2.07  2.16  2.08  2.50
SKEW      2.16  1.59  1.63  1.46  1.00  1.03   .92  1.02  1.24  1.31  1.45  1.71
% WSW    10.72 10.91 10.03  8.80  8.38  8.53  8.55  8.54  8.41  9.17 10.34 11.36
MEAN      5.31  5.07  5.30  5.32  5.23  4.95  4.56  4.74  4.76  4.77  4.88  5.31
STD DEV   3.17  2.69  2.69  2.67  2.41  2.28  1.87  2.08  2.10  2.33  2.63  3.18
SKEW      1.48  1.40  1.18  1.13  1.01   .97   .81   .91   .84  1.25  1.36  1.98
% W      12.25 12.78 12.93 11.55 10.30 10.91  9.49  9.68 10.11 10.09 12.08 12.15
MEAN      5.41  5.18  5.51  5.67  5.03  4.87  4.49  4.54  4.77  4.73  4.99  5.02
STD DEV   3.32  2.84  2.83  2.91  2.54  2.44  2.17  2.31  2.42  2.55  2.77  2.84
SKEW      1.48  1.24   .85   .83   .87   .90   .82   .87   .88  1.18  1.33  1.37
% WNW     5.08  5.62  6.69  7.34  7.24  7.17  6.18  5.99  6.35  5.82  5.88  5.37
MEAN      5.24  5.19  5.61  5.93  5.36  5.23  4.82  4.82  4.94  4.94  5.12  5.10
STD DEV   3.22  2.81  2.99  3.06  2.73  2.58  2.46  2.47  2.61  2.73  2.93  3.02
SKEW      1.01   .89   .78   .91   .76   .83   .90   .87   .94  1.08   .89  1.12
% NW      7.14  7.45  8.27  9.22  8.79  8.92  8.14  7.72  7.78  7.06  7.34  6.88
MEAN      3.92  4.15  4.73  5.12  4.61  4.41  4.21  4.19  4.14  4.09  4.28  3.89
STD DEV   2.29  2.48  2.61  2.62  2.33  2.17  2.26  2.28  2.11  2.24  2.51  2.23
SKEW      1.51  1.38   .92   .70   .79   .84  1.34  1.23  1.04  1.16  1.26  1.28
% NNW     3.41  3.29  3.34  3.85  4.03  4.09  4.27  4.34  4.19  3.62  3.19  2.79
MEAN      3.29  3.85  4.40  4.48  4.29  4.08  3.86  3.85  3.77  3.62  3.45  3.58
STD DEV   1.69  2.24  2.42  2.45  2.18  1.97  1.83  1.96  1.80  1.95  1.75  2.10
SKEW      1.34  1.35   .84  1.41   .84   .92  1.03  1.31   .95  1.22  1.28  1.14
CALM     17.13 15.32 11.76  9.06  8.96  9.31  9.99 10.86 12.35 14.76 15.61 17.52
                                                                                
INTERPOLATED DATA (station & weighting factor)                                  
                                                                                
---Wind Stations---                                                             
LANDER        WY     .506  ROCK SPRINGS  WY     .266  SHERIDAN      WY     .228 
