 Japan    Miyazaki                                                              
 LATT=  31.93 LONG= 131.42 YEARS= 10. TYPE= 3
 ELEVATION =   36. TP5 = 3.03 TP6= 7.32
 MEAN P    .44   .49   .45   .73   .72  1.33  1.04   .74   .86   .96   .52   .47
 S DEV P   .60   .47   .50   .90   .90  1.47  1.23  1.08  1.35  1.60   .83   .65
 SKEW  P  2.40  1.42  1.77  2.00  2.94  1.71  1.92  2.72  3.38  3.62  3.24  3.74
 P(W/W)    .37   .45   .58   .44   .56   .74   .71   .64   .66   .57   .44   .41
 P(W/D)    .16   .27   .26   .28   .26   .43   .19   .29   .32   .21   .26   .17
 TMAX AV 50.83 53.58 60.02 67.56 73.85 76.52 84.59 85.99 80.80 73.49 64.18 54.02
 TMIN AV 35.63 39.05 44.43 52.67 60.02 67.41 74.38 75.21 69.80 60.26 49.52 39.36
 SD TMAX  5.82  6.54  6.12  5.51  4.68  4.76  4.45  4.05  4.33  4.68  5.60  6.09
 SD TMIN  5.28  7.06  7.38  6.84  5.19  4.19  2.48  2.36  4.43  6.84  7.70  6.87
 SOL.RAD  224.  270.  349.  406.  417.  336.  451.  448.  356.  295.  228.  202.
 SD SOL   63.2  86.6 114.6 149.9 172.9 160.0 143.7 120.7 114.3  96.4  72.8  55.6
 MX .5 P   .55   .69   .74  1.22  1.35  1.46  1.48  1.45  1.32  1.03   .78   .54
 DEW PT  31.82 35.67 40.74 49.45 57.63 66.37 73.02 73.46 67.95 57.93 48.01 36.71
Time Pk   .200  .310  .400  .480  .560  .650  .720  .780  .840  .900  .960 1.000
% N       9.00  7.62  6.00  3.54  3.55  2.48  1.73  3.23  5.37 10.84 11.41  9.42
MEAN      4.83  4.95  4.95  4.90  4.88  3.92  3.36  3.43  4.46  4.90  5.18  4.75
STD DEV   2.11  2.10  2.13  2.06  2.15  2.02  1.74  1.71  2.20  2.05  2.13  2.12
SKEW       .34   .39   .32   .16   .24   .81   .64   .56   .78   .30   .25   .44
% NNE     6.52  6.52  5.58  4.64  4.48  3.31  1.73  3.35  6.19 11.01  7.98  7.33
MEAN      4.85  4.98  5.15  5.37  5.20  4.84  4.20  4.25  4.97  5.26  5.00  4.79
STD DEV   2.04  2.06  1.97  2.00  1.97  1.91  1.88  1.77  2.06  2.10  1.99  2.03
SKEW       .31   .48   .12   .16   .03   .11   .30   .19   .43   .51   .35   .45
% NE      4.82  5.02  4.84  5.39  6.08  5.11  3.25  6.04 11.10 12.27  6.39  5.56
MEAN      4.06  4.28  4.42  4.68  4.96  4.59  3.99  4.28  4.86  5.12  4.28  4.15
STD DEV   1.85  1.81  1.81  1.89  1.88  1.98  1.76  1.87  1.99  2.08  1.91  1.94
SKEW       .51   .49   .42   .29   .21   .46   .31   .37   .42   .29   .54   .69
% ENE     3.69  4.44  4.41  6.82  7.55  6.73  4.62  7.17 12.45 10.42  5.28  4.26
MEAN      3.91  4.28  4.61  4.81  5.07  4.65  4.27  4.40  5.10  5.27  4.51  4.22
STD DEV   1.78  1.81  1.92  1.84  1.85  1.80  1.75  1.82  2.15  2.18  1.80  1.88
SKEW       .70   .46   .46   .29   .22   .28   .20   .97   .78   .37   .44   .58
% E       4.60  5.04  5.59  9.80 11.12 11.09  9.92 10.30 13.40  8.06  5.25  5.17
MEAN      3.84  4.26  4.71  5.02  5.08  4.79  4.45  4.42  4.65  4.90  4.40  4.14
STD DEV   1.65  1.83  1.93  1.92  1.92  1.94  1.80  1.79  1.90  2.08  1.85  1.84
SKEW       .48   .37   .25   .10   .12   .28   .18   .65   .51   .29   .38   .52
% ESE     4.36  4.17  5.62  9.02  8.79  7.47  8.01  6.64  7.44  3.50  3.32  3.31
MEAN      4.22  4.63  5.02  5.34  5.12  4.91  4.51  4.37  4.60  4.58  4.41  4.30
STD DEV   1.79  1.94  2.00  2.03  1.94  1.91  1.86  2.04  1.98  2.01  1.80  1.85
SKEW       .37   .40   .25   .09   .15   .21   .20  1.76   .54   .62   .29   .42
% SE      4.25  4.73  6.13  7.81  7.78  6.66  8.22  6.39  5.34  2.94  3.38  3.61
MEAN      3.75  4.33  4.66  4.57  4.26  3.94  3.79  3.58  3.67  3.75  3.85  3.97
STD DEV   1.74  2.04  1.97  2.03  1.92  1.83  1.76  1.77  1.89  1.76  1.73  1.82
SKEW       .65   .67   .40   .48   .67   .72   .75  1.28  1.00   .79   .57   .55
% SSE     3.58  4.21  4.86  5.01  5.01  5.04  6.04  4.70  3.65  1.99  2.59  3.12
MEAN      4.04  4.49  4.62  4.30  3.71  3.51  3.58  3.39  3.72  3.80  3.90  4.16
STD DEV   1.74  2.06  2.00  1.87  1.53  1.46  1.58  1.66  1.99  1.74  1.65  1.91
SKEW       .41   .60   .59   .53   .69   .78   .87  1.38  1.26  1.01   .57   .58
% S       5.66  7.00  8.04  6.41  7.55  8.60 11.45  8.44  5.21  3.19  4.79  5.94
MEAN      4.15  4.51  4.60  4.24  3.59  3.37  3.32  3.18  3.64  3.68  3.84  4.26
STD DEV   1.90  2.21  2.10  2.05  1.50  1.51  1.48  1.41  1.97  1.80  1.75  2.01
SKEW       .60   .62   .59   .90   .74  1.12  1.11  1.05  1.19   .90   .83   .64
% SSW     5.34  6.15  6.98  5.37  5.88  7.86  9.85  7.91  3.98  2.29  4.05  4.84
MEAN      4.62  4.92  4.98  4.61  3.74  3.49  3.45  3.47  3.63  3.75  4.27  4.61
STD DEV   2.16  2.37  2.30  2.31  1.61  1.59  1.46  1.56  1.83  1.77  1.93  2.23
SKEW       .54   .55   .49   .79   .94  1.00   .97  1.13  1.12   .83   .60   .49
% SW      5.36  5.81  6.46  6.13  6.99  8.96 10.00  8.46  4.03  2.74  4.19  5.00
MEAN      4.25  4.57  4.53  4.40  3.64  3.43  3.43  3.29  3.21  3.31  3.72  3.99
STD DEV   2.18  2.35  2.16  2.09  1.69  1.60  1.51  1.53  1.71  1.58  1.86  2.00
SKEW       .73   .75   .70   .80   .97  1.06   .89   .93  2.15  1.14   .95   .77
% WSW     5.23  5.62  6.40  6.16  5.25  6.52  6.24  4.79  2.78  2.72  3.68  3.94
MEAN      4.45  4.84  4.87  4.62  3.91  3.81  3.68  3.54  3.54  3.71  3.94  4.13
STD DEV   2.12  2.47  2.21  2.13  1.82  1.72  1.60  1.59  1.82  1.88  1.92  2.08
SKEW       .72  1.05   .56   .74   .84   .89   .79   .86  1.33  1.02   .70   .77
% W       6.77  7.57  7.05  6.26  5.36  5.90  5.03  4.66  3.16  4.00  5.61  6.00
MEAN      4.45  5.04  4.92  4.80  3.98  3.85  3.68  3.41  3.22  3.93  4.04  4.17
STD DEV   2.30  2.61  2.40  2.20  1.84  1.79  1.74  1.70  1.60  2.11  2.09  2.16
SKEW       .88   .85   .75   .51   .88   .65   .71  1.01   .94  1.12  1.03   .87
% WNW     7.66  6.90  5.78  4.76  3.46  3.23  2.36  2.93  2.49  4.26  6.60  6.99
MEAN      4.64  4.94  4.95  4.57  3.97  3.68  3.53  3.37  3.25  3.66  4.26  4.31
STD DEV   2.13  2.32  2.42  2.10  1.77  1.61  1.68  1.57  1.50  1.67  1.95  2.05
SKEW       .65   .63   .79   .50   .77   .71  1.00   .69   .75  1.08   .78   .71
% NW      9.35  7.36  6.51  4.67  3.26  2.80  2.18  3.23  3.25  7.40 10.17  9.86
MEAN      4.14  4.35  4.28  3.94  3.41  3.12  2.78  2.94  2.90  3.50  3.88  3.87
STD DEV   1.88  1.97  1.92  1.73  1.55  1.43  1.34  1.40  1.39  1.53  1.76  1.76
SKEW       .66   .63   .64   .72  1.02   .82   .85  1.15  1.21   .85   .77   .81
% NNW     7.64  6.85  4.89  3.01  2.15  1.82  1.23  1.95  2.56  6.43  8.16  8.45
MEAN      4.36  4.56  4.59  4.30  3.97  3.44  2.99  3.01  3.77  4.21  4.58  4.36
STD DEV   1.92  1.99  2.02  1.93  1.92  1.81  1.59  1.36  2.15  1.94  2.01  2.03
SKEW       .46   .42   .44   .48   .56   .81   .85  1.04   .94   .61   .48   .76
CALM      6.19  5.04  4.86  5.18  5.79  6.50  8.15  9.82  7.51  6.04  7.06  7.12
                                                                                
INTERPOLATED DATA (station & weighting factor)                                  
                                                                                
---Wind Stations---                                                             
DAYTONA BEACH FL     .575  ORLANDO       FL     .314  MAYPORT       FL     .111 
