 Mexico    Tlacualera                                                           
 LATT=  18.62 LONG= -98.93 YEARS= 10. TYPE= 3
 ELEVATION = 4288. TP5 = 1.94 TP6= 3.27
 MEAN P    .37   .44   .23   .28   .31   .53   .52   .55   .42   .42   .22   .24
 S DEV P   .51   .91   .32   .38   .33   .77   .62   .57   .45   .42   .29   .20
 SKEW  P  1.83  2.88  1.72  2.47  1.57  4.17  2.44  1.59  1.68  1.49  1.82   .50
 P(W/W)    .31   .52   .36   .32   .43   .67   .63   .69   .71   .47   .36   .17
 P(W/D)    .04   .05   .05   .10   .24   .39   .51   .59   .44   .17   .04   .01
 TMAX AV 82.20 85.82 89.37 92.73 91.93 85.92 84.78 84.93 82.34 83.75 83.76 82.57
 TMIN AV 54.89 57.97 61.69 65.61 67.93 66.86 65.01 65.44 64.97 62.45 59.16 55.16
 SD TMAX  3.62  4.08  3.85  2.83  4.37  4.59  3.87  3.49  3.16  2.94  3.05  2.94
 SD TMIN  3.49  3.28  3.77  3.07  2.63  1.99  1.78  1.84  2.06  3.24  4.37  4.08
 SOL.RAD  425.  500.  570.  621.  622.  579.  575.  542.  449.  459.  431.  421.
 SD SOL   79.3  81.3  90.9  70.3  72.8 103.2  97.2 105.6 105.9  91.1  68.6  54.8
 MX .5 P   .29   .33   .45   .57   .91  1.46  1.70  1.29  1.03   .66   .37   .30
 DEW PT  42.59 43.61 44.03 45.65 55.84 61.78 61.33 62.38 63.76 59.89 53.40 46.56
Time Pk   .270  .390  .480  .560  .630  .710  .770  .810  .860  .900  .950 1.000
% N       5.23  4.77  3.80  3.27  3.22  3.87  4.44  4.59  3.87  3.78  4.41  5.56
MEAN      4.01  3.95  4.04  3.62  3.80  3.72  3.58  3.36  3.14  3.41  3.33  3.26
STD DEV   2.88  2.23  2.20  1.62  1.81  1.78  1.89  1.55  1.51  1.80  1.74  1.58
SKEW      2.21  1.40  1.17  1.15  1.12   .98  1.43  1.23  1.15  1.48  1.20  1.23
% NNE     3.27  3.18  2.24  2.28  2.17  2.38  3.09  3.03  3.03  2.96  3.22  3.42
MEAN      3.69  3.74  4.12  3.96  3.67  3.93  3.62  3.38  3.35  3.40  3.79  3.70
STD DEV   1.93  1.81  2.00  1.88  1.69  1.95  1.93  1.66  1.66  1.53  2.02  2.23
SKEW       .91   .90   .64   .79  1.04  1.18  1.15  1.42  1.20   .91  1.16  1.40
% NE      2.94  2.95  2.30  1.90  2.34  2.64  3.79  3.69  3.24  3.07  3.14  3.41
MEAN      2.96  3.44  3.28  3.28  3.39  3.50  3.44  3.28  3.21  2.90  3.04  2.95
STD DEV   1.32  1.77  1.44  1.52  1.57  1.47  1.59  1.51  1.55  1.32  1.43  1.32
SKEW      1.49  1.39   .99  1.08  1.26   .91  1.19  1.10  1.22  1.44  1.41  1.11
% ENE     1.70  1.33  1.25  1.29  1.28  1.54  2.17  2.21  1.81  1.92  1.99  2.00
MEAN      2.59  2.76  2.93  3.07  3.33  3.38  3.26  3.11  2.92  2.72  2.57  2.51
STD DEV   1.07  1.29  1.14  1.47  1.68  1.44  1.57  1.34  1.28  1.14  1.05  1.06
SKEW       .65   .86   .49  1.08  1.13   .83   .80   .61   .84   .70   .69   .85
% E       3.19  2.93  2.56  2.45  2.57  3.44  4.72  4.55  3.93  3.79  3.47  2.91
MEAN      2.72  2.75  2.93  3.15  3.40  3.43  3.60  3.33  3.01  2.76  2.56  2.47
STD DEV   1.23  1.11  1.22  1.24  1.55  1.54  1.87  1.58  1.35  1.13  1.03   .98
SKEW       .97   .96   .91   .75  1.03  1.03  1.22  1.13  1.02  1.00   .80   .80
% ESE     1.74  1.70  1.99  2.13  2.15  2.94  4.04  3.11  2.94  2.84  2.50  1.99
MEAN      2.76  2.92  3.57  3.63  3.87  3.91  3.86  3.49  3.38  3.11  3.01  2.79
STD DEV   1.29  1.26  1.68  1.59  1.68  1.77  1.87  1.56  1.49  1.38  1.34  1.31
SKEW      1.07   .82   .68   .79   .77   .70   .85   .69   .66   .74   .90   .92
% SE      4.58  5.13  4.83  6.25  6.29  8.17  9.88  7.58  8.19  6.21  5.41  4.31
MEAN      3.50  3.63  3.83  4.08  4.40  4.41  4.22  3.95  3.71  3.60  3.36  3.15
STD DEV   1.70  1.61  1.67  1.68  1.96  2.00  1.80  1.74  1.55  1.65  1.62  1.53
SKEW       .95   .78   .79   .66   .82   .67   .68   .82   .72   .88  1.01   .98
% SSE     3.54  3.85  4.59  5.01  5.96  6.89  8.11  6.91  6.90  5.70  4.12  3.72
MEAN      3.85  3.90  4.25  4.75  4.99  4.89  4.55  4.16  4.35  4.01  3.63  3.87
STD DEV   1.86  1.84  1.98  2.14  2.31  2.16  1.99  1.86  1.95  1.98  1.67  2.10
SKEW       .60   .77   .78   .63   .75   .45   .66   .73   .62   .84   .60   .68
% S       4.96  5.38  6.50  7.67  8.33  9.74  9.47  8.83  8.15  7.38  5.57  4.62
MEAN      3.79  4.09  4.27  4.93  4.99  4.95  4.29  4.09  4.15  4.03  3.76  3.77
STD DEV   1.88  2.24  2.09  2.29  2.37  2.44  2.09  1.92  2.01  2.06  1.95  2.22
SKEW       .84  1.22   .80   .59   .74   .91   .86   .80   .79   .94   .92  1.13
% SSW     2.49  3.10  4.35  5.17  5.73  5.11  3.56  3.32  3.70  3.73  2.87  2.19
MEAN      4.21  4.81  5.92  5.36  5.65  5.30  3.97  3.64  3.85  4.12  4.40  4.42
STD DEV   2.47  2.72  3.23  2.62  2.65  2.52  1.85  1.80  1.94  2.29  2.54  2.99
SKEW      1.10   .87   .94   .50   .69   .91  1.02  1.20   .98   .91   .91   .97
% SW      3.82  4.15  6.66  7.55  7.86  5.91  3.79  3.75  3.88  3.82  3.23  2.92
MEAN      5.47  5.32  6.06  6.20  5.65  5.17  3.90  3.55  3.84  4.17  4.99  5.34
STD DEV   3.08  2.93  3.21  2.99  2.66  2.37  1.94  1.66  1.84  2.32  3.12  3.27
SKEW       .69   .67   .74   .48   .62   .59   .94   .88   .84  1.13   .85   .75
% WSW     3.24  4.27  6.48  6.63  5.88  4.42  2.22  2.62  3.26  3.34  2.88  3.14
MEAN      5.82  5.92  6.82  6.88  6.14  5.17  3.62  3.58  4.02  4.19  4.97  5.87
STD DEV   3.43  3.24  3.28  3.41  2.91  2.54  1.88  1.72  2.14  2.48  3.24  3.62
SKEW       .56   .62   .37   .51   .65   .74  1.06   .79  1.04  1.01   .98   .68
% W      12.14 14.29 17.64 17.42 15.55 11.34  6.10  8.32  9.23 11.98 12.73 13.38
MEAN      4.65  5.35  6.03  5.83  5.37  4.62  3.76  3.61  3.76  3.75  4.36  4.41
STD DEV   2.88  3.25  3.16  3.00  2.69  2.22  1.85  1.75  1.95  2.00  2.86  2.99
SKEW      1.18  1.07   .67   .89   .94   .81   .92   .99   .97  1.11  1.28  1.36
% WNW     6.63  7.02  6.60  6.22  6.13  5.16  3.81  5.34  5.91  7.21  6.93  6.36
MEAN      4.23  5.00  5.13  5.04  4.55  4.26  3.55  3.65  3.57  3.54  3.72  3.97
STD DEV   2.32  2.70  2.72  2.58  2.11  1.95  1.66  1.80  1.70  1.75  2.04  2.23
SKEW      1.04  1.07   .75  1.04   .68   .68   .91   .97   .86  1.14  1.25  1.20
% NW      7.94  9.18  8.40  7.00  8.40  7.69  5.59  6.87  7.28  6.79  7.58  8.15
MEAN      4.19  4.41  4.69  4.55  4.41  4.21  3.80  3.69  3.45  3.41  3.82  3.87
STD DEV   2.11  2.22  2.44  2.24  2.02  2.01  1.85  1.70  1.54  1.49  1.93  2.00
SKEW      1.10  1.00  1.01  1.05   .87  1.01  1.01  1.04  1.04  1.11  1.28  1.24
% NNW     4.20  4.35  3.91  3.23  2.95  2.86  2.67  3.04  2.80  2.73  3.76  4.19
MEAN      3.85  4.23  4.81  4.25  4.17  4.09  3.60  3.43  3.35  3.38  3.72  3.69
STD DEV   1.96  2.18  2.63  2.10  2.01  2.12  1.87  1.53  1.67  1.54  2.02  1.98
SKEW       .99  1.03   .88   .92   .99  1.08  1.07   .70  1.23   .77  1.04  1.04
CALM     28.39 22.39 15.85 14.55 13.18 15.99 22.58 22.26 21.90 22.77 26.14 27.63
                                                                                
INTERPOLATED DATA (station & weighting factor)                                  
                                                                                
---Wind Stations---                                                             
LAS CRUCES    NM     .531  TRUTH OR CON. NM     .242  ALAMOGORDO    NM     .227 
