 Mexico    San Francisco Tlalnepantla                                           
 LATT=  19.18 LONG= -99.12 YEARS= 10. TYPE= 3
 ELEVATION = 9341. TP5 = 1.21 TP6= 1.91
 MEAN P    .30   .21   .24   .27   .31   .41   .38   .42   .52   .40   .18   .16
 S DEV P   .30   .21   .23   .29   .33   .36   .41   .43   .58   .54   .23   .20
 SKEW  P  1.47  1.52  1.43  2.32  1.85  1.28  1.95  2.05  2.27  3.10  2.56  1.24
 P(W/W)    .33   .44   .42   .29   .49   .64   .70   .68   .65   .53   .30   .00
 P(W/D)    .04   .04   .06   .13   .17   .40   .52   .52   .34   .22   .08   .02
 TMAX AV 64.62 68.59 70.69 72.97 73.98 70.95 68.29 68.69 67.90 67.86 66.66 65.90
 TMIN AV 37.30 40.03 42.55 45.19 48.13 50.31 49.31 49.80 50.32 46.59 42.37 38.19
 SD TMAX  4.52  5.30  4.82  3.93  4.22  4.40  2.63  2.61  2.92  3.39  3.85  3.46
 SD TMIN  3.73  3.26  3.44  3.05  2.78  2.75  2.54  2.47  2.97  4.59  4.91  4.26
 SOL.RAD  417.  489.  549.  604.  616.  529.  501.  510.  426.  444.  413.  416.
 SD SOL   95.8  99.7 109.2  95.7 118.1 164.5 152.5 134.9 123.0 114.7  95.2  71.3
 MX .5 P   .29   .30   .40   .57   .77  1.00  1.35  1.15  1.21   .72   .33   .27
 DEW PT  37.23 37.97 39.20 41.02 46.42 49.87 51.13 51.25 51.12 47.54 43.93 39.18
Time Pk   .070  .170  .250  .340  .430  .520  .610  .690  .770  .850  .940 1.000
% N       3.86  4.09  4.12  4.15  3.89  3.83  4.29  4.14  3.72  3.36  3.79  3.79
MEAN      3.05  3.28  3.90  4.07  3.96  3.76  3.78  3.58  3.45  3.45  3.38  3.09
STD DEV   1.63  1.69  1.89  2.04  1.99  1.84  2.04  1.90  1.70  1.67  1.78  1.51
SKEW      1.14  1.15   .86   .80   .87   .92  1.07  1.38  1.07   .77  1.11   .72
% NNE     2.62  2.77  2.64  2.65  2.70  2.71  3.00  2.97  2.77  2.51  2.75  2.69
MEAN      2.73  3.25  3.43  3.69  3.71  3.68  3.72  3.35  3.14  3.00  3.07  2.91
STD DEV   1.40  1.63  1.77  1.67  1.91  1.96  1.97  1.66  1.50  1.37  1.53  1.45
SKEW      1.04   .88   .65   .59   .99  1.14   .95  1.19   .79   .58  1.03  1.00
% NE      4.44  4.04  3.73  3.48  3.58  4.08  5.05  4.83  4.57  4.64  4.55  4.72
MEAN      2.68  3.03  3.15  3.46  3.52  3.32  3.65  3.27  3.01  2.93  2.90  2.58
STD DEV   1.25  1.37  1.52  1.72  1.79  1.60  1.91  1.57  1.39  1.33  1.31  1.11
SKEW      1.16   .69   .92   .94   .86  1.13  1.26  1.07  1.10  1.18   .88   .70
% ENE     6.11  5.03  4.13  3.90  4.23  4.59  5.77  5.60  5.27  5.62  5.59  5.88
MEAN      2.72  2.83  3.37  3.55  3.52  3.53  3.61  3.59  3.34  3.10  2.90  2.62
STD DEV   1.06  1.13  1.73  1.82  1.61  1.67  1.70  1.74  1.67  1.33  1.15   .98
SKEW       .67   .99  1.44   .78  1.01  1.55  1.10  1.26  1.27  1.29   .65   .71
% E       8.46  7.29  6.11  5.97  6.60  6.96  9.26  9.11  8.41  8.48  8.07  8.13
MEAN      3.09  3.33  3.73  3.98  4.11  3.93  4.00  3.89  3.68  3.56  3.31  3.00
STD DEV   1.65  1.74  1.91  2.02  2.15  1.93  1.91  1.88  1.82  1.74  1.74  1.66
SKEW      1.57  1.10   .82   .69   .81   .94   .86   .87   .91  1.01  1.25  2.16
% ESE     7.99  7.63  7.52  7.15  8.03  8.60 10.73 10.40 10.38 10.43  9.09  8.02
MEAN      3.63  3.76  4.12  4.32  4.58  4.32  4.36  4.13  4.08  3.91  3.66  3.37
STD DEV   2.02  1.88  2.11  2.10  2.19  2.09  2.07  1.88  1.85  1.73  1.82  1.70
SKEW      1.03  1.04   .89   .70   .76   .96   .89   .79   .72   .78  1.15  1.11
% SE      5.02  5.31  5.20  5.50  6.52  6.90  8.70  8.25  7.69  7.05  6.14  5.24
MEAN      3.20  3.58  3.78  4.05  4.19  4.02  4.01  3.75  3.71  3.62  3.41  3.17
STD DEV   1.65  1.76  1.87  1.97  2.00  1.81  1.92  1.63  1.70  1.71  1.82  1.70
SKEW      1.00   .94  1.02   .83   .82   .96  1.08   .93   .90   .92  1.16  1.40
% SSE     3.39  3.82  4.20  4.48  4.99  5.66  5.45  5.58  5.47  5.32  4.17  3.42
MEAN      3.63  3.89  4.14  4.77  4.80  4.62  4.09  3.86  3.76  4.02  4.04  3.43
STD DEV   2.00  2.13  2.23  2.43  2.58  2.22  2.09  1.93  1.89  2.28  2.44  1.94
SKEW       .90   .94   .74   .58   .88   .73   .95  1.07  1.21  1.08  1.18   .77
% S       4.69  5.25  6.00  6.47  6.89  6.09  5.30  5.33  5.78  5.66  4.81  4.47
MEAN      3.84  4.07  4.64  5.42  5.32  4.92  3.88  3.84  4.21  4.28  3.96  3.82
STD DEV   2.38  2.48  2.57  2.98  2.86  2.45  2.01  1.99  2.37  2.52  2.32  2.39
SKEW      1.20  1.01   .74   .56   .68   .53  1.00  1.11   .95  1.11  1.11  1.12
% SSW     3.86  4.60  6.13  6.86  7.25  7.28  4.32  4.25  5.22  4.67  4.07  3.69
MEAN      3.99  4.60  5.31  6.11  6.19  5.59  4.06  3.82  4.46  4.20  4.11  3.88
STD DEV   2.30  2.95  2.86  3.24  3.14  2.58  2.06  1.91  2.42  2.44  2.43  2.20
SKEW      1.03   .97   .42   .44   .42   .28   .85  1.02   .81   .94  1.05   .81
% SW      5.27  5.51  6.97  8.29  7.92  8.26  5.39  5.72  6.17  5.46  4.70  5.01
MEAN      3.42  3.79  5.09  5.76  5.54  5.38  4.04  3.99  4.09  3.75  3.67  3.30
STD DEV   2.14  2.54  2.99  3.23  2.87  2.59  2.01  1.96  2.32  2.24  2.36  2.02
SKEW      1.22  1.40   .87   .67   .59   .60   .78   .93   .99  1.49  1.36  1.22
% WSW     5.44  5.44  7.38  8.42  7.89  7.93  4.90  4.98  5.43  4.96  5.29  4.74
MEAN      3.96  3.91  5.62  6.30  5.90  5.52  4.54  4.23  4.57  4.15  3.67  3.49
STD DEV   2.62  2.34  3.07  3.20  2.89  2.47  2.11  1.99  2.32  2.39  2.12  2.10
SKEW      1.46  1.30   .65   .51   .69   .48   .48   .66   .74  1.08  1.13  1.49
% W       7.12  8.08  7.82  7.43  7.32  6.50  5.65  5.69  5.67  5.94  6.73  6.59
MEAN      3.42  3.81  4.84  5.53  5.30  5.12  4.22  4.06  4.13  4.10  3.68  3.48
STD DEV   1.92  2.26  2.79  3.07  2.80  2.60  2.10  2.08  2.21  2.50  2.07  2.09
SKEW      1.86  1.79   .89   .63   .79   .65   .72   .87   .93  1.36  1.57  2.15
% WNW     5.82  6.72  7.25  7.36  5.86  5.41  4.76  4.60  4.97  4.83  5.43  5.06
MEAN      3.69  4.38  5.55  5.93  5.30  5.01  4.77  4.35  4.32  4.20  4.21  3.84
STD DEV   1.85  2.34  2.87  2.90  2.65  2.50  2.41  2.18  2.20  2.09  2.36  2.13
SKEW      1.12  1.03   .66   .44   .58   .67   .78   .69   .99   .95  1.52  1.24
% NW      5.35  6.10  6.13  5.40  4.46  4.32  4.01  3.92  3.71  4.12  4.45  4.71
MEAN      3.42  4.44  5.64  5.55  4.81  4.84  4.33  4.01  4.16  4.00  4.31  3.65
STD DEV   1.93  2.56  3.10  2.88  2.53  2.53  2.29  2.13  2.20  2.15  2.62  2.41
SKEW      1.22  1.00   .67   .66   .80   .72   .85   .89   .89  1.12  1.33  1.54
% NNW     3.48  4.22  5.21  4.33  3.41  3.09  3.58  3.17  3.04  3.05  3.36  3.65
MEAN      3.40  4.50  5.18  5.51  4.82  4.42  4.41  3.92  3.86  3.90  4.01  3.78
STD DEV   1.77  2.64  2.66  2.74  2.50  2.18  2.49  2.16  2.02  2.13  2.29  2.10
SKEW       .97   .90   .65   .54   .78   .79  1.02   .91   .95  1.09  1.19   .75
CALM     17.05 14.14  9.50  8.09  8.45  7.87  9.91 11.47 11.79 13.95 17.03 20.12
                                                                                
INTERPOLATED DATA (station & weighting factor)                                  
                                                                                
---Wind Stations---                                                             
ALAMOSA       CO     .416  FARMINGTON    NM     .336  GRAND JUNCT.  CO     .249 
