 Mexico    El Mayor                                                             
 LATT=  32.12 LONG=-115.27 YEARS= 10. TYPE= 1
 ELEVATION =   23. TP5 = 1.63 TP6= 4.72
 MEAN P    .97   .29   .30   .31   .00   .07   .06   .31   .43   .46   .24   .05
 S DEV P  1.15   .27   .16   .00   .00   .00   .02   .38   .60   .29   .24   .02
 SKEW  P   .53  1.40 -0.58   .00   .00   .00 -0.58  1.65  1.20   .34   .86   .00
 P(W/W)    .00   .00   .00   .00   .00   .00   .00   .00   .00   .00   .00   .33
 P(W/D)    .01   .03   .01   .00   .00   .00   .01   .02   .02   .01   .02   .01
 TMAX AV 71.88 76.00 83.94 90.02 94.29104.87106.66106.52101.03 90.99 79.15 70.19
 TMIN AV 49.81 51.34 56.42 60.98 65.54 75.43 82.66 82.74 76.00 64.82 54.80 48.43
 SD TMAX  6.41  7.23  6.91  6.38  7.01  5.21  4.15  4.15  5.54  5.98  7.12  6.01
 SD TMIN  5.52  6.14  5.55  5.29  5.46  5.37  4.44  4.54  6.45  6.26  5.86  5.54
 SOL.RAD  285.  370.  475.  584.  658.  680.  632.  592.  517.  412.  312.  257.
 SD SOL   54.9  67.0  82.6  75.5  50.9  51.4  66.0  65.6  66.1  61.8  53.6  51.2
 MX .5 P   .07   .05   .04   .05   .10   .12   .17   .25   .24   .11   .08   .01
 DEW PT  26.27 28.61 29.18 30.89 37.02 42.58 55.98 56.12 51.35 37.94 29.77 27.03
Time Pk   .160  .260  .350  .430  .520  .610  .690  .760  .840  .900  .950 1.000
% N       6.60  6.80  5.20  3.00  2.80  2.70  1.70  2.40  3.90  4.10  6.20  7.20
MEAN      3.53  4.60  4.45  3.47  3.41  2.72  2.57  2.43  2.90  3.30  4.64  4.15
STD DEV   2.14  2.86  2.61  1.87  2.18  1.24  1.30  1.18  1.82  1.69  2.89  2.75
SKEW      1.10   .78   .65   .69  1.20   .28   .64   .73  1.59   .91   .96  1.09
% NNE     2.90  3.50  3.20  2.20  1.80  1.20  1.30  1.40  1.60  2.40  2.80  3.10
MEAN      2.66  3.93  4.86  3.01  2.97  2.97  2.44  2.72  2.77  3.23  3.76  3.24
STD DEV   1.44  2.82  2.91  1.41  1.66  1.30  1.15  1.25  1.27  1.58  2.00  2.05
SKEW      1.31  1.28   .66   .56   .86   .27   .14   .47   .42  1.28  1.05  1.29
% NE      3.10  3.40  3.50  3.00  1.80  2.20  2.90  2.50  2.80  2.70  2.80  2.90
MEAN      2.41  2.85  2.85  2.56  2.40  2.51  2.66  2.53  2.52  2.55  3.05  2.72
STD DEV   1.15  1.33  1.39  1.19   .99  1.22  1.22  1.20  1.00  1.16  1.48  1.64
SKEW       .67   .54   .57   .62   .46   .79   .29   .60   .28   .56  1.10  2.09
% ENE     1.30  1.90  1.70  3.00  1.70  2.30  3.20  2.50  1.70  1.40  1.10  1.40
MEAN      1.97  2.82  2.88  2.78  2.82  2.76  2.92  2.61  2.44  2.53  2.14  2.48
STD DEV    .82  1.38  1.60  1.14  1.25  1.04  1.36  1.01   .90  1.04   .81  1.02
SKEW       .36   .63  1.23   .29   .32   .09   .63   .06  -.13   .14   .02   .26
% E       3.20  3.70  3.50  4.30  4.40  5.40 10.00  7.20  4.10  3.00  2.90  2.50
MEAN      2.25  2.52  2.54  2.89  2.62  2.98  3.09  2.94  2.65  2.60  2.43  2.30
STD DEV   1.06  1.12  1.06  1.18  1.02  1.21  1.42  1.33  1.12  1.07   .88   .95
SKEW       .47   .59   .61   .23   .23   .61   .89   .78   .29   .14   .44   .40
% ESE     1.90  2.00  3.00  2.90  3.60  5.40 10.90  8.40  4.40  2.60  1.80  1.90
MEAN      2.32  2.81  2.87  3.17  3.24  3.38  3.69  3.41  3.24  2.69  2.96  2.15
STD DEV   1.02  1.18  1.31  1.39  1.30  1.45  1.68  1.58  1.44  1.17  1.25   .99
SKEW       .46   .36   .65   .39   .34   .54   .60   .65   .56   .40   .87   .71
% SE      5.20  3.20  4.50  5.80  7.70 10.60 21.90 18.10  9.90  6.40  3.80  3.20
MEAN      2.86  2.55  3.02  3.14  3.11  3.29  3.75  3.60  3.15  2.81  2.70  2.42
STD DEV   1.45  1.25  1.41  1.58  1.30  1.38  1.63  1.69  1.43  1.20  1.07  1.16
SKEW       .76   .48   .47  1.10   .48   .49   .59   .97   .90   .46   .25   .64
% SSE     3.00  2.30  3.50  3.90  4.70  5.80  8.80  9.80  6.60  3.90  2.20  2.10
MEAN      2.60  2.65  3.02  3.29  3.06  3.21  3.69  3.62  3.22  3.05  2.68  2.64
STD DEV   1.38  1.41  1.37  1.47  1.30  1.44  1.72  1.53  1.26  1.34  1.18  1.22
SKEW       .45   .67   .44   .61   .84   .66   .74   .78   .23   .85   .44   .50
% S       4.90  2.90  3.90  4.10  4.40  5.40  6.60  7.80  7.40  5.10  3.10  3.10
MEAN      2.74  2.38  2.72  2.61  2.66  2.69  3.13  3.00  3.03  2.60  2.43  2.22
STD DEV   1.51  1.20  1.30  1.19  1.17  1.03  1.51  1.41  1.40  1.09  1.09   .92
SKEW       .92   .72   .58   .62   .64   .37   .90  1.01   .88   .40   .64   .51
% SSW     2.10  2.50  2.50  2.70  2.80  2.30  2.70  3.30  3.90  3.00  2.50  2.40
MEAN      2.63  2.33  2.47  2.86  2.85  2.51  2.72  2.69  2.67  2.57  2.61  2.25
STD DEV   1.68  1.17  1.14  1.35  1.62  1.13  1.21  1.15  1.27  1.13  1.09  1.04
SKEW      1.81   .85   .66   .65  1.97   .72   .39   .34   .77   .53   .67   .76
% SW      6.20  5.80  6.80  7.00  6.00  5.20  4.10  4.90  6.20  5.20  5.30  7.30
MEAN      3.34  3.09  3.48  4.27  4.60  4.30  3.19  2.89  3.28  3.04  2.93  3.38
STD DEV   2.51  2.14  2.46  2.62  2.97  2.59  1.72  1.61  2.03  1.79  1.35  2.53
SKEW      1.70  1.45  1.57  1.00   .83   .93   .94   .97  1.27  1.41   .95  1.69
% WSW    10.50 11.40 13.90 19.10 22.00 17.70  7.30  7.80 10.40 11.60 11.90  9.60
MEAN      5.17  5.47  6.40  7.42  7.27  7.22  5.39  5.27  5.07  5.01  4.75  4.16
STD DEV   3.36  3.23  3.28  3.52  3.08  2.90  2.52  2.67  2.64  2.74  2.84  2.91
SKEW       .68   .56   .22   .45   .04  -.10   .29   .50   .62   .67   .82  1.37
% W      20.50 22.00 23.70 22.70 20.40 19.90  8.80 10.00 16.20 22.00 25.90 23.10
MEAN      3.91  4.29  5.46  5.63  5.90  6.39  4.83  4.88  4.20  4.41  4.10  3.68
STD DEV   2.21  2.44  3.00  2.84  2.93  2.86  2.34  2.48  2.20  2.38  2.24  1.92
SKEW      1.43  1.37   .68   .83   .40   .14   .44   .56   .81  1.13  2.07  2.07
% WNW    10.80 11.40  9.80  7.90  7.30  6.50  2.80  4.90  8.40 11.00 11.70 11.00
MEAN      3.52  3.65  4.02  4.42  4.50  4.46  3.56  3.45  3.80  3.74  3.53  3.68
STD DEV   1.92  1.75  2.15  2.17  2.45  2.16  1.77  1.71  2.08  1.88  1.41  1.69
SKEW      1.86  1.10   .99   .85   .89   .61   .77   .99  1.25  1.41   .86   .96
% NW      9.00  8.80  5.60  4.30  3.90  4.10  2.90  4.00  5.90  7.90  7.80  7.90
MEAN      3.25  3.08  3.24  3.63  3.26  3.12  2.78  2.70  2.67  3.20  3.27  3.09
STD DEV   1.78  1.58  1.55  2.03  1.63  1.35  1.24  1.31  1.27  1.50  1.51  1.44
SKEW      1.30  1.04   .48  1.08  1.08   .97   .51   .56   .65   .85  1.02   .78
% NNW     4.90  5.00  3.40  2.40  3.00  1.90  1.10  1.70  2.60  3.90  4.20  4.70
MEAN      3.55  5.16  4.32  3.63  3.96  3.45  2.47  2.72  2.93  3.10  4.02  4.00
STD DEV   2.11  3.02  2.60  1.94  2.11  1.99  1.11  1.25  1.52  1.51  2.09  2.50
SKEW      1.05   .42   .95   .79   .74  1.24   .23   .55   .97   .72   .88  1.11
CALM      4.00  3.40  2.30  1.70  1.80  1.70  3.10  3.20  3.90  3.90  4.00  6.60
                                                                                
INTERPOLATED DATA (station & weighting factor)                                  
                                                                                
---Wind Stations---                                                             
EL CENTRO     CA    1.000  IMPERIAL BEACHCA     .000  MOUNT LAGUNA  CA     .000 
