 Mexico    Presa El Volantin                                                    
 LATT=  20.05 LONG=-103.10 YEARS= 10. TYPE= 3
 ELEVATION = 6276. TP5 = 1.74 TP6= 2.81
 MEAN P    .40   .19   .18   .33   .33   .42   .40   .34   .40   .38   .68   .31
 S DEV P   .25   .20   .25   .35   .28   .44   .36   .33   .36   .38   .82   .16
 SKEW  P -0.23  1.31  1.18   .45   .99  1.92  1.50  1.84  1.25  1.33  1.44 -0.50
 P(W/W)    .20   .55   .20   .20   .26   .50   .54   .51   .45   .38   .29   .17
 P(W/D)    .02   .02   .01   .02   .07   .34   .43   .45   .38   .13   .01   .02
 TMAX AV 74.31 77.84 81.61 85.81 88.19 84.37 79.48 80.05 79.33 79.36 77.12 75.19
 TMIN AV 50.76 53.02 55.67 58.12 61.75 64.37 63.01 63.20 62.87 60.07 55.72 51.93
 SD TMAX  3.78  5.07  4.52  2.64  3.95  4.71  3.04  2.59  2.97  3.02  3.97  3.74
 SD TMIN  3.22  3.08  3.29  3.05  2.79  1.76  1.28  1.26  1.60  2.83  3.79  3.31
 SOL.RAD  412.  471.  572.  625.  644.  601.  541.  555.  482.  472.  416.  391.
 SD SOL   83.8 104.0  89.4  90.0  91.6 111.3 141.0 105.0 109.2  97.9  88.6  75.9
 MX .5 P   .25   .22   .22   .35   .51  1.02  1.14   .94   .89   .57   .31   .27
 DEW PT  45.48 46.08 45.02 43.82 50.30 58.84 61.30 61.62 61.22 57.45 52.36 48.00
Time Pk   .070  .170  .250  .340  .430  .520  .610  .690  .770  .850  .940 1.000
% N       7.10  6.46  3.79  3.42  2.96  4.11  4.39  5.11  4.81  4.26  6.10  8.06
MEAN      3.85  4.39  4.37  4.95  4.75  4.82  5.15  4.47  4.27  3.99  4.09  3.91
STD DEV   1.47  2.10  1.71  2.12  1.89  2.06  2.21  1.93  1.93  1.69  1.67  1.49
SKEW       .78  1.28  1.11   .64   .63   .64   .60  1.15   .93   .79   .82  1.31
% NNE     4.40  4.42  2.91  2.97  2.61  2.81  4.17  3.75  4.28  4.39  4.47  4.84
MEAN      4.16  4.77  4.61  5.41  6.00  5.48  5.22  4.34  4.61  4.56  4.62  4.30
STD DEV   1.72  2.05  1.82  1.60  1.69  2.51  2.37  1.78  2.00  1.88  1.99  1.64
SKEW       .70   .27   .47   .21   .23   .68   .55   .68   .49   .28   .49   .54
% NE      2.81  2.36  1.66  1.51  2.01  2.41  3.60  3.78  3.47  2.62  2.34  2.48
MEAN      3.60  4.22  3.80  4.48  4.02  4.32  4.60  4.12  3.92  3.61  3.60  3.41
STD DEV   1.47  1.98  1.43  1.13  1.67  1.77  2.29  1.83  1.68  1.56  1.35  1.27
SKEW       .99  1.21   .71   .61   .95   .66   .99   .85   .90  1.12   .87   .83
% ENE     1.42  1.10  1.26  1.17  1.08  1.41  2.26  1.98  2.29  1.91  1.53  1.29
MEAN      3.77  4.35  4.43  3.92  4.27  4.88  4.55  3.91  3.90  3.69  4.09  3.37
STD DEV   1.57  1.64  1.92  1.60  1.23  1.86  1.95  1.54  1.59  1.55  1.74  1.21
SKEW       .75   .22   .39   .95   .43   .46   .35   .54   .52   .73   .83   .21
% E       3.47  2.30  2.04  2.46  2.53  3.23  4.86  4.43  4.73  3.96  2.73  2.85
MEAN      4.03  4.05  4.30  4.02  4.37  4.52  4.64  4.39  4.04  4.18  4.35  3.92
STD DEV   1.59  1.46  1.93  1.59  1.79  1.78  1.85  1.74  1.51  1.62  1.69  1.54
SKEW       .67   .36   .57   .46   .37   .62   .65   .74   .45   .34   .33   .46
% ESE     2.09  1.95  2.08  2.62  2.49  2.72  4.15  3.87  4.60  4.19  2.49  2.16
MEAN      4.05  4.12  4.57  4.75  4.67  4.89  4.92  4.73  4.68  4.33  4.44  4.04
STD DEV   1.51  1.47  1.70  1.79  1.78  1.78  1.90  1.71  1.74  1.62  1.61  1.66
SKEW       .34   .57   .44   .34   .49   .47   .55   .45   .54   .19   .38   .64
% SE      3.93  3.53  3.29  3.66  4.03  5.29  8.05  7.48  7.41  6.01  5.00  3.95
MEAN      3.93  4.04  4.33  4.58  4.92  4.77  4.88  4.41  4.41  4.19  3.93  3.55
STD DEV   1.49  1.56  1.61  1.65  2.08  2.06  1.93  1.75  1.65  1.71  1.49  1.29
SKEW       .51   .38   .42   .48   .76   .75   .68   .75   .66   .63   .77   .38
% SSE     2.66  2.42  2.74  3.04  3.69  4.60  4.73  4.12  4.96  4.07  3.44  2.44
MEAN      4.02  4.31  4.59  5.21  5.22  4.96  4.89  4.70  4.65  4.26  3.85  3.88
STD DEV   1.68  1.76  1.74  2.13  2.07  1.95  1.85  1.91  1.92  1.82  1.37  1.56
SKEW      1.07   .75   .76   .65   .48   .43   .59   .77   .59   .65   .59   .85
% S       5.96  6.81  7.12  8.33  8.59  8.63  8.09  7.59  8.00  8.70  6.51  5.56
MEAN      4.57  4.89  5.14  5.51  5.96  5.53  4.60  4.50  4.71  4.97  4.65  4.38
STD DEV   1.90  2.09  2.12  2.24  2.46  2.35  1.89  1.74  1.91  2.30  2.00  1.87
SKEW       .61   .64   .44   .61   .81   .62   .74   .60   .68   .98   .98   .66
% SSW     3.92  4.93  6.47  7.57  9.07  7.99  5.00  4.77  5.71  5.32  4.25  3.60
MEAN      5.10  5.62  6.85  6.86  7.04  6.41  4.63  4.31  5.20  5.46  5.47  5.35
STD DEV   2.46  2.59  3.23  3.33  2.87  2.63  1.69  1.70  2.22  2.55  2.54  3.12
SKEW       .77   .65   .80   .61   .30   .37   .59   .74   .62   .94   .64  1.33
% SW      3.87  5.25  8.60  9.56 10.68  9.74  5.45  4.97  5.43  4.95  4.09  4.15
MEAN      5.38  5.55  6.93  6.94  6.71  6.11  4.47  4.38  4.62  5.13  4.94  5.46
STD DEV   2.82  3.00  3.35  3.14  2.91  2.65  1.92  1.86  1.92  2.23  2.74  2.91
SKEW       .92  1.00   .78   .46   .60   .51   .91   .59   .77   .69   .99   .98
% WSW     4.86  5.36  8.65  9.89  9.04  8.08  4.09  4.14  4.46  4.14  3.88  3.91
MEAN      5.84  6.62  7.39  7.63  6.66  6.11  5.01  4.47  4.97  5.59  5.78  5.69
STD DEV   3.15  2.91  3.25  3.38  2.78  2.49  2.33  2.01  2.00  2.42  2.65  2.87
SKEW       .91   .46   .53   .46   .45   .56   .76   .78   .67   .72   .85  1.07
% W       8.89 10.58 12.43 12.53 12.48 10.61  7.10  8.36  8.19  9.03  9.96  8.50
MEAN      5.49  5.95  6.56  6.62  5.76  5.52  4.91  4.79  4.80  4.98  5.38  5.46
STD DEV   2.35  2.65  2.70  2.55  2.43  2.22  1.93  1.84  1.66  1.91  2.32  2.31
SKEW       .82   .53   .58   .52   .80   .86   .62   .53   .39   .61   .80   .84
% WNW    10.31 11.46 11.59 10.50  8.54  7.84  7.66  8.70  7.49  9.69 11.61 10.59
MEAN      5.86  6.01  6.31  6.25  5.65  5.63  5.55  5.12  4.98  4.84  5.35  5.50
STD DEV   2.48  2.47  2.66  2.60  2.17  2.05  2.14  2.05  1.86  1.78  2.06  2.26
SKEW       .84   .94   .70   .99   .78   .58   .60   .69   .35   .67   .79  1.09
% NW     13.38 14.47 11.47  9.39  8.56  8.68 10.25 10.52  9.28 11.35 12.55 13.20
MEAN      5.01  5.20  5.46  5.44  5.27  5.12  5.27  4.93  4.61  4.51  4.73  4.97
STD DEV   2.00  2.19  2.26  2.21  2.15  2.03  2.21  1.92  1.82  1.66  1.87  2.05
SKEW      1.11  1.04  1.00   .97  1.05   .61   .81   .74  1.12   .88   .91  1.04
% NNW     7.47  6.19  5.12  3.78  3.75  3.19  4.38  4.66  3.50  4.61  6.66  7.75
MEAN      4.46  4.86  5.14  5.27  4.85  4.70  4.90  4.44  4.55  4.12  4.73  4.60
STD DEV   1.69  2.09  2.26  2.02  1.93  1.62  2.19  1.80  1.77  1.43  1.77  1.99
SKEW       .87  1.11   .89   .49   .91   .93   .93   .64   .88   .41   .50  1.73
CALM     13.47 10.40  8.75  7.57  7.89  8.67 11.74 11.68 11.39 10.88 12.42 14.61
                                                                                
INTERPOLATED DATA (station & weighting factor)                                  
                                                                                
---Wind Stations---                                                             
TRUTH OR CON. NM     .569  SILVER CITY   NM     .290  ACOMITA       NM     .141 
