 Mexico    Congregacion Calles                                                  
 LATT=  25.20 LONG= -99.93 YEARS= 10. TYPE= 3
 ELEVATION = 1552. TP5 = 2.73 TP6= 6.72
 MEAN P    .32   .18   .32   .31   .42   .71   .65   .49   .88   .75   .18   .30
 S DEV P   .61   .31   .55   .58   .46  1.12  1.24   .62  1.13  1.07   .25   .36
 SKEW  P  3.35  4.46  3.64  4.16  2.09  3.36  3.52  2.70  1.94  2.11  2.81  2.29
 P(W/W)    .47   .52   .51   .51   .54   .36   .58   .33   .56   .51   .47   .30
 P(W/D)    .08   .11   .09   .09   .12   .12   .11   .15   .22   .17   .08   .11
 TMAX AV 65.94 71.25 75.21 80.50 83.38 87.05 87.46 89.10 83.12 78.78 71.88 68.11
 TMIN AV 43.84 47.97 52.42 58.03 63.18 65.51 65.98 66.49 65.14 58.91 51.59 46.99
 SD TMAX 10.24  9.73  8.09  6.31  5.73  4.22  4.25  3.28  5.06  5.91  8.40  8.97
 SD TMIN  6.45  7.25  6.24  4.50  4.76  2.52  2.01  1.89  2.75  5.36  6.83  6.46
 SOL.RAD  298.  353.  424.  493.  545.  595.  581.  572.  460.  407.  309.  270.
 SD SOL   86.3 102.0 115.7 123.7 103.0  84.7  94.5  75.1 110.3  93.0  88.6  82.4
 MX .5 P   .32   .34   .41   .47   .75  1.02  1.41   .99  1.40  1.12   .39   .45
 DEW PT  44.17 48.44 52.60 58.37 64.40 65.42 64.58 64.10 65.09 60.31 52.33 47.08
Time Pk   .070  .170  .250  .340  .430  .520  .610  .690  .770  .850  .940 1.000
% N       6.27  6.38  5.38  4.23  2.89  1.14   .99   .99  2.96  4.96  6.30  6.15
MEAN      4.74  5.15  5.47  5.17  4.74  3.48  3.90  3.74  3.97  4.63  4.97  5.01
STD DEV   2.02  2.09  2.33  2.18  2.16  1.71  1.74  1.59  1.80  2.04  2.26  2.26
SKEW       .47   .42   .40   .34   .49   .76   .34   .52   .50   .53   .47   .72
% NNE     5.13  5.35  4.93  5.17  3.07  1.46  1.24  1.70  4.29  4.53  5.69  4.68
MEAN      5.03  5.06  5.36  5.49  4.97  4.33  4.36  3.81  4.67  4.95  5.31  5.06
STD DEV   2.13  2.00  2.20  2.04  2.10  1.79  1.71  1.57  1.92  1.96  2.01  1.91
SKEW       .51   .43   .48   .26   .45   .19   .27   .50   .32   .44   .18   .42
% NE      4.85  4.92  4.79  4.95  3.30  2.43  1.82  2.79  5.60  4.44  4.86  4.02
MEAN      4.40  4.55  4.62  4.79  4.34  4.31  3.97  3.78  4.14  4.16  4.41  4.11
STD DEV   1.73  1.79  1.93  2.01  2.02  1.81  1.69  1.61  1.75  1.71  1.80  1.61
SKEW       .37   .31   .30   .43   .78   .67   .45   .77   .42   .43   .48   .55
% ENE     4.07  5.67  5.29  5.23  4.51  3.63  2.51  3.36  7.10  4.71  3.86  2.85
MEAN      4.01  4.12  4.42  4.37  4.10  4.25  3.80  3.95  4.07  3.95  3.95  3.74
STD DEV   1.49  1.50  1.66  1.83  1.69  1.78  1.69  1.54  1.56  1.50  1.55  1.39
SKEW       .45   .43   .54   .70   .57   .64   .69   .73   .40   .56   .40   .65
% E       2.93  4.46  4.90  4.51  5.09  4.85  3.87  5.46  7.67  4.36  3.13  2.12
MEAN      3.45  3.75  4.02  3.88  3.93  3.93  3.88  3.83  3.78  3.51  3.69  3.69
STD DEV   1.31  1.34  1.47  1.58  1.62  1.56  1.65  1.49  1.45  1.33  1.31  1.59
SKEW       .46   .62   .24   .67   .71   .74   .95   .62   .55   .41   .39   .68
% ESE     1.55  2.67  3.18  3.97  5.27  5.60  4.89  5.71  5.72  3.42  1.79  1.38
MEAN      3.36  3.93  4.03  4.38  4.37  4.24  4.06  4.10  4.03  3.90  3.69  3.56
STD DEV   1.07  1.29  1.54  1.71  1.77  1.53  1.48  1.44  1.46  1.51  1.35  1.25
SKEW       .08   .55   .62   .46   .67   .48   .33   .32   .48   .58   .41   .38
% SE      2.34  3.86  4.93  7.62 10.61 13.48 12.09 10.90  7.95  5.79  2.99  2.70
MEAN      3.56  4.30  4.45  4.84  5.11  4.85  4.47  4.08  3.98  3.90  3.74  3.78
STD DEV   1.47  1.93  1.85  1.99  2.13  1.86  1.65  1.47  1.47  1.47  1.53  1.56
SKEW       .43   .73   .33   .50   .64   .42   .41   .33   .34   .34   .46   .83
% SSE     3.71  5.38  7.75 12.69 17.36 21.04 21.39 14.16  9.18  8.21  4.95  3.30
MEAN      4.57  5.31  5.45  5.75  5.66  5.40  4.93  4.46  4.34  4.59  4.56  4.60
STD DEV   1.89  2.22  2.10  2.24  2.07  1.95  1.76  1.51  1.55  1.70  1.81  1.95
SKEW       .50   .44   .46   .40   .23   .37   .37   .31   .33   .39   .58   .57
% S       7.44  7.10 10.42 12.94 15.56 19.47 19.79 16.24 11.31 11.04  8.46  7.01
MEAN      4.66  4.88  5.22  5.47  5.21  5.15  4.54  4.14  4.22  4.55  4.70  4.56
STD DEV   1.98  1.99  2.08  2.18  1.93  1.86  1.68  1.53  1.63  1.82  1.93  1.97
SKEW       .39   .33   .36   .39   .31   .28   .42   .41   .51   .54   .50   .58
% SSW     8.19  7.04  8.59  8.32  8.50  9.80 10.77 10.61  7.48  8.26  7.96  7.51
MEAN      5.00  5.27  5.30  5.35  4.92  5.07  4.30  4.17  4.36  4.57  4.86  4.81
STD DEV   1.95  2.06  2.04  2.00  1.88  1.80  1.55  1.50  1.69  1.75  1.87  1.83
SKEW       .31   .32   .36   .27   .37   .34   .19   .29   .31   .33   .44   .28
% SW      8.08  6.09  5.44  4.39  3.72  2.74  3.91  5.44  4.00  4.96  6.72  7.88
MEAN      4.46  4.58  4.68  4.78  4.18  4.01  3.70  3.68  3.70  3.79  4.13  4.19
STD DEV   1.81  1.98  2.01  1.95  1.79  1.68  1.33  1.47  1.65  1.69  1.72  1.86
SKEW       .39   .43   .46   .30   .61   .50   .36   .46   .51   .52   .48   .70
% WSW     7.10  5.79  4.05  3.10  1.76   .87  1.51  1.88  1.75  2.96  5.86  7.87
MEAN      4.22  4.46  4.45  4.47  3.81  3.68  3.08  3.35  3.16  3.45  3.87  4.03
STD DEV   1.87  2.13  1.97  2.12  1.69  1.53  1.06  1.29  1.37  1.61  1.62  1.70
SKEW       .91   .69   .63   .70   .57   .45   .23   .37   .66   .81   .71   .73
% W       6.71  6.16  5.01  3.14  1.70   .72   .77  1.31  1.57  2.90  5.46  7.75
MEAN      4.03  4.69  5.08  4.73  3.51  3.38  2.80  2.85  2.80  2.91  3.54  3.81
STD DEV   2.17  2.58  2.87  2.72  1.82  1.59  1.01  1.22  1.26  1.36  1.81  1.86
SKEW      1.45  1.20   .88  1.00   .94   .66   .25   .80   .98  1.02  1.37  1.30
% WNW     5.05  4.36  4.85  2.68  1.59   .41   .49   .62   .80  1.90  3.77  5.16
MEAN      4.53  4.90  5.91  4.57  3.80  3.20  2.82  2.75  2.90  3.36  4.06  4.13
STD DEV   2.40  2.61  3.12  2.24  1.78  1.56  1.08  1.15  1.20  1.77  2.18  2.16
SKEW      1.03   .84   .59   .62   .49   .20   .33   .38   .45  1.04  1.06  1.10
% NW      4.34  4.36  3.80  2.73  1.50   .69   .49   .72  1.07  1.95  3.35  4.59
MEAN      4.78  4.68  5.21  4.46  4.00  3.46  2.98  2.66  2.75  3.44  3.87  4.14
STD DEV   2.30  2.04  2.73  2.10  1.82  1.67  1.25  1.00  1.43  1.60  2.01  2.12
SKEW       .69   .54   .59   .80   .46  1.06   .09   .22  1.65  1.24  1.03   .85
% NNW     4.62  4.75  3.89  3.19  1.84   .77   .64   .57  1.48  2.55  4.01  4.79
MEAN      5.43  5.46  5.78  5.17  4.50  3.97  3.33  3.28  3.49  4.15  4.86  5.11
STD DEV   2.36  2.23  2.63  2.21  2.07  1.57  1.18  1.45  1.61  1.67  2.03  2.17
SKEW       .50   .33   .36   .53   .52   .35   .30  1.49   .60   .43   .40   .53
CALM     17.66 15.73 12.79 11.12 11.73 10.81 12.84 17.63 20.08 23.00 20.84 20.37
                                                                                
INTERPOLATED DATA (station & weighting factor)                                  
                                                                                
---Wind Stations---                                                             
JUNCTION      TX     .543  SAN ANGELO    TX     .231  FT HOOD       TX     .226 
