 Mexico    Playa Caleta 454 Colonia Mar                                         
 LATT=  19.38 LONG= -99.08 YEARS= 10. TYPE= 3
 ELEVATION = 7398. TP5 = 1.47 TP6= 2.30
 MEAN P    .13   .15   .14   .16   .20   .38   .35   .38   .41   .29   .36   .11
 S DEV P   .15   .13   .15   .21   .20   .43   .32   .38   .41   .44   .62   .13
 SKEW  P  1.99  1.88  2.50  3.28  1.45  2.20  1.20  1.66  1.56  5.29  3.00   .00
 P(W/W)    .38   .47   .48   .48   .53   .60   .64   .64   .67   .54   .22   .00
 P(W/D)    .04   .04   .09   .14   .20   .32   .50   .46   .26   .20   .05   .01
 TMAX AV 67.67 71.80 74.30 76.89 77.96 74.36 71.25 72.11 70.80 70.47 69.17 69.06
 TMIN AV 40.62 43.44 45.81 48.70 51.94 53.71 52.65 53.00 52.99 49.37 45.43 41.79
 SD TMAX  5.05  5.52  5.11  4.36  4.94  4.69  3.07  2.91  3.16  4.08  4.14  3.80
 SD TMIN  3.55  3.21  3.46  2.94  2.81  2.39  1.95  1.84  2.88  4.37  4.77  3.89
 SOL.RAD  420.  492.  557.  612.  634.  584.  540.  542.  451.  456.  417.  413.
 SD SOL   95.4 102.5 105.8  93.9 108.0 142.1 146.4 131.5 129.1 121.0  98.1  74.7
 MX .5 P   .27   .26   .36   .49   .74  1.07  1.17  1.07   .96   .55   .35   .22
 DEW PT  38.31 38.90 40.17 41.45 46.34 50.77 52.03 52.21 52.31 48.74 45.31 40.01
Time Pk   .070  .170  .250  .340  .430  .520  .610  .690  .770  .850  .940 1.000
% N       6.88  6.53  5.70  6.08  5.80  5.27  7.40  7.80  6.11  6.80  7.62  7.06
MEAN      3.51  3.87  5.01  5.21  4.68  4.26  4.11  4.02  3.74  4.17  4.06  3.83
STD DEV   2.14  2.21  2.76  2.81  2.57  2.33  2.33  2.12  1.97  2.30  2.40  2.17
SKEW      1.36  1.31   .68   .65   .95   .96  1.27  1.31  1.11   .89  1.37  1.02
% NNE     3.08  3.26  2.59  3.04  2.86  2.94  3.77  4.07  3.23  3.17  3.37  3.35
MEAN      3.32  3.83  4.09  4.76  4.05  4.17  3.70  3.47  3.59  3.42  3.37  3.49
STD DEV   1.91  2.07  2.29  2.67  2.24  2.47  2.03  1.86  2.08  1.64  1.84  1.93
SKEW      1.27  1.05   .79   .63   .78  1.21  1.25  1.33  1.11   .66  1.47  1.19
% NE      3.29  3.09  2.82  2.49  2.84  3.35  4.62  4.40  3.74  3.61  3.78  3.48
MEAN      3.02  3.17  3.45  3.67  3.67  3.21  3.41  3.22  3.09  2.96  2.90  2.79
STD DEV   1.55  1.59  1.81  2.02  1.88  1.78  1.87  1.67  1.51  1.39  1.32  1.23
SKEW      1.39   .81  1.22  1.02   .92  1.38  1.63  1.19  1.33  1.44   .94   .80
% ENE     3.14  3.09  2.66  2.56  2.94  3.24  4.31  4.19  3.74  3.63  3.37  3.12
MEAN      2.64  2.93  3.68  3.75  3.62  3.48  3.35  3.38  3.36  3.23  2.94  2.63
STD DEV   1.09  1.23  2.00  2.16  1.63  1.84  1.62  1.77  1.99  1.45  1.37  1.14
SKEW       .67  1.23  1.57  1.08   .86  1.79  1.09  1.33  1.79  1.80   .86  1.06
% E       4.98  4.56  4.30  4.83  5.18  5.69  8.05  6.88  6.28  6.18  5.24  4.79
MEAN      3.04  3.31  3.79  4.19  4.11  3.81  3.84  3.72  3.47  3.28  3.17  2.89
STD DEV   1.91  1.96  2.14  2.29  2.46  2.11  2.07  2.05  1.95  1.82  1.92  1.92
SKEW      2.06  1.39  1.04   .80   .98  1.30  1.11  1.08  1.21  1.40  1.68  3.20
% ESE     4.05  3.68  4.09  4.17  5.27  5.49  7.10  6.38  5.58  5.41  4.42  3.10
MEAN      3.77  3.57  4.09  4.40  4.73  4.18  4.33  4.01  3.89  3.66  3.52  3.22
STD DEV   2.63  2.02  2.40  2.52  2.52  2.35  2.39  2.13  2.05  1.82  2.06  1.90
SKEW      1.54  1.37  1.18  1.02   .86  1.24   .96  1.15  1.00   .99  1.46  1.44
% SE      4.08  4.71  4.78  5.12  6.20  5.95  7.14  6.77  6.02  5.82  5.29  3.89
MEAN      3.20  3.46  3.85  4.32  4.27  4.10  3.92  3.69  3.68  3.46  3.20  3.10
STD DEV   1.75  1.76  1.89  2.16  2.16  1.89  2.03  1.67  1.78  1.64  1.72  1.80
SKEW      1.13  1.02  1.07   .85   .92   .97  1.27   .88   .93   .99  1.13  1.74
% SSE     5.02  5.70  6.78  6.23  7.04  8.03  6.34  6.78  7.81  6.87  5.75  4.89
MEAN      4.06  4.08  4.30  4.89  4.92  4.64  4.05  3.83  3.79  4.05  4.00  3.86
STD DEV   2.31  2.27  2.24  2.47  2.66  2.19  2.05  1.88  1.86  2.29  2.47  2.29
SKEW       .73   .90   .75   .68   .97   .70  1.02   .95  1.16  1.03  1.28   .80
% S       8.28  9.11 10.15  9.42  9.67  9.20  6.89  7.21  9.03  9.52  7.95  7.86
MEAN      4.38  4.40  5.03  5.56  5.43  5.15  4.10  4.00  4.32  4.49  4.30  4.30
STD DEV   2.61  2.58  2.59  2.81  2.77  2.46  2.06  1.98  2.22  2.58  2.54  2.56
SKEW       .89  1.07   .60   .54   .68   .56   .88   .89   .88  1.07   .95   .77
% SSW     5.95  6.76  8.45  9.35  9.26  9.53  5.47  5.31  7.48  6.98  6.07  5.65
MEAN      4.94  4.94  6.01  6.72  6.39  6.10  4.41  4.33  4.85  4.94  4.83  4.88
STD DEV   3.07  2.97  3.23  3.51  3.22  2.83  2.37  2.22  2.61  2.82  2.88  3.09
SKEW       .76   .94   .42   .52   .55   .28   .74   .71   .71   .72   .78   .78
% SW      7.21  7.62  9.31 10.82  9.47  9.35  5.92  6.41  7.52  7.16  6.02  7.04
MEAN      4.18  4.67  6.13  6.72  6.26  6.25  4.41  4.67  4.97  4.86  4.50  4.37
STD DEV   3.06  3.38  3.47  3.54  3.20  2.97  2.33  2.36  2.73  2.88  3.00  2.95
SKEW      1.46  1.25   .56   .44   .50   .45   .65   .55   .61   .87  1.11  1.30
% WSW     6.12  5.99  8.09  9.84  8.90  8.82  4.70  4.76  6.20  5.53  5.40  5.43
MEAN      5.32  5.02  6.86  7.57  7.13  6.63  5.10  4.90  5.62  5.11  4.59  4.48
STD DEV   3.71  3.38  3.69  3.65  3.53  3.03  2.65  2.59  2.92  3.10  3.00  3.04
SKEW      1.08  1.37   .31   .38   .59   .36   .54   .60   .46   .77  1.19  1.43
% W       6.79  7.41  6.30  6.04  5.96  5.40  4.65  4.60  4.68  5.02  5.78  6.33
MEAN      4.05  4.09  5.30  6.05  5.87  5.82  4.23  4.15  4.15  4.24  3.80  3.92
STD DEV   2.78  2.64  3.25  3.53  3.36  3.57  2.40  2.38  2.38  2.81  2.28  2.59
SKEW      2.54  2.24   .90   .74   .89   .82   .86  1.09  1.05  1.56  1.86  2.57
% WNW     4.28  4.61  4.58  4.61  3.46  2.91  3.12  3.21  3.16  2.84  3.85  4.07
MEAN      3.78  4.22  5.74  6.19  5.30  5.06  4.69  4.19  4.13  3.85  4.16  3.67
STD DEV   2.54  2.52  3.32  3.38  2.95  2.90  2.85  2.44  2.33  2.02  2.99  2.19
SKEW      1.77  1.26   .80   .53   .69   .74   .96   .91  1.22  1.19  2.20  1.54
% NW      4.76  4.95  4.67  4.05  3.19  3.24  3.98  3.94  2.86  3.10  4.01  4.42
MEAN      3.20  4.17  5.60  5.68  4.76  4.68  4.38  4.14  3.80  3.51  3.78  3.58
STD DEV   1.80  2.61  3.16  3.18  2.70  2.68  2.47  2.60  2.15  1.88  2.39  2.52
SKEW      1.67  1.27   .62   .83  1.10   .84   .95  1.25  1.14  1.12  1.68  1.91
% NNW     4.33  4.93  6.08  4.80  4.20  4.00  5.72  5.25  4.44  4.07  4.80  5.01
MEAN      3.82  4.92  5.79  6.31  5.39  4.84  4.48  4.06  3.86  4.08  4.22  4.46
STD DEV   2.10  2.97  3.05  3.28  2.87  2.64  2.56  2.40  2.16  2.47  2.51  2.59
SKEW      1.07   .94   .64   .54   .73   .66  1.13  1.01  1.14  1.28  1.26   .91
CALM     17.77 14.11  8.61  6.60  7.72  7.68 10.86 12.10 12.16 14.28 17.27 20.47
                                                                                
INTERPOLATED DATA (station & weighting factor)                                  
                                                                                
---Wind Stations---                                                             
ALAMOSA       CO     .681  FORT CARSON   CO     .183  FARMINGTON    NM     .135 
