 Spain    La Bisbal Demporda                                                    
 LATT=  41.98 LONG=   3.04 YEARS= 10. TYPE= 4
 ELEVATION =   95. TP5 = 2.15 TP6= 5.39
 MEAN P    .26   .29   .34   .27   .28   .20   .31   .23   .44   .57   .52   .29
 S DEV P   .43   .36   .53   .37   .37   .27   .51   .44   .63   .71   .81   .46
 SKEW  P  4.31  2.07  2.59  3.28  2.13  2.22  2.55  4.37  2.31  1.50  2.28  2.12
 P(W/W)    .34   .31   .48   .45   .52   .28   .25   .35   .37   .59   .55   .36
 P(W/D)    .17   .19   .18   .22   .17   .15   .12   .15   .17   .13   .17   .06
 TMAX AV 54.54 55.14 59.78 63.98 69.09 77.40 82.25 82.34 76.53 70.14 61.42 56.96
 TMIN AV 41.43 41.28 45.90 50.54 55.39 63.40 68.93 68.62 63.34 57.57 49.04 43.34
 SD TMAX  4.94  6.13  5.17  4.70  4.97  5.52  4.46  4.32  4.68  5.40  5.38  4.16
 SD TMIN  4.36  5.23  4.46  3.81  4.17  4.33  3.34  3.21  3.93  5.02  5.92  4.63
 SOL.RAD  157.  228.  340.  463.  552.  626.  624.  538.  391.  261.  168.  140.
 SD SOL   48.5  78.7 108.3 132.8 148.8 113.1  94.3 100.2 104.9  84.5  56.4  40.1
 MX .5 P   .05   .07   .21   .20   .35   .26   .48   .28   .50   .32   .37   .01
 DEW PT  39.57 38.31 43.29 48.15 52.66 59.27 63.51 63.63 59.96 55.57 46.98 42.11
Time Pk   .070  .170  .260  .360  .450  .540  .620  .700  .780  .860  .940 1.000
% N       6.54  6.26  6.53  6.58  5.84  5.00  5.44  6.85  6.97  7.13  4.70  5.15
MEAN      4.44  4.33  4.67  4.69  4.03  3.68  3.27  3.37  3.73  3.88  3.86  4.25
STD DEV   2.17  2.15  2.25  2.15  1.97  1.72  1.52  1.58  1.72  1.90  1.94  2.07
SKEW       .68   .81   .65   .47   .73   .63   .78   .84   .71   .61   .78   .54
% NNE     3.84  3.53  4.05  3.34  3.76  2.94  2.94  3.86  4.58  5.31  3.29  3.21
MEAN      4.54  4.50  4.68  4.54  4.12  3.74  3.20  3.61  3.96  4.18  4.15  4.16
STD DEV   2.11  2.03  2.09  1.93  1.69  1.50  1.33  1.45  1.78  1.87  2.03  1.97
SKEW       .74   .74   .63   .40   .55   .38   .72   .50   .72   .50   .82   .78
% NE      4.94  4.98  5.31  4.52  5.01  4.02  3.83  4.88  5.41  6.04  3.86  4.87
MEAN      4.87  4.47  4.53  4.43  4.09  3.85  3.32  3.50  3.87  4.33  4.23  4.60
STD DEV   2.47  2.22  2.27  2.07  1.77  1.73  1.53  1.52  1.84  2.06  2.16  2.28
SKEW       .64   .63   .72   .60   .36   .54   .84   .55   .71   .57   .77   .52
% ENE     4.47  4.81  5.67  5.37  5.56  3.85  3.25  4.55  5.46  5.85  3.67  4.53
MEAN      4.72  4.85  5.23  4.80  4.61  4.14  3.74  3.82  4.20  4.81  4.09  4.36
STD DEV   2.44  2.24  2.37  2.16  1.89  1.70  1.51  1.61  1.87  2.14  1.96  2.05
SKEW      1.01   .47   .83   .98   .42   .49   .46   .60   .61   .58   .82   .86
% E       3.10  3.93  5.29  5.27  5.22  4.72  3.49  3.71  4.54  4.01  3.56  3.22
MEAN      3.33  3.65  4.53  4.52  3.95  3.78  3.36  3.30  3.58  3.77  3.98  3.51
STD DEV   1.58  1.71  2.19  2.03  1.87  1.76  1.47  1.42  1.66  1.79  2.17  1.67
SKEW      1.11   .83   .59   .53   .86   .67   .57   .55   .62   .62   .97   .93
% ESE     1.69  2.16  3.00  3.43  3.64  3.20  2.88  2.98  3.40  2.62  2.39  1.74
MEAN      3.11  3.32  3.93  4.03  3.77  3.61  3.34  3.19  3.26  3.60  3.47  3.23
STD DEV   1.54  1.48  1.79  1.70  1.62  1.60  1.33  1.38  1.37  1.71  1.72  1.49
SKEW      1.16   .82   .56   .40   .67   .55   .52   .85   .69   .87  1.67  1.00
% SE      1.96  2.45  3.05  3.02  3.75  4.03  3.31  3.61  3.45  2.62  2.83  2.00
MEAN      2.94  3.06  3.80  3.53  3.38  3.10  3.08  3.00  3.01  3.05  3.16  3.24
STD DEV   1.56  1.45  1.93  1.55  1.48  1.37  1.35  1.36  1.43  1.54  1.64  1.70
SKEW      1.31  1.06   .90   .60   .66   .69   .68  1.07   .98  1.26  1.49  1.10
% SSE     1.43  2.04  2.37  2.96  3.10  3.48  3.50  3.46  3.11  2.50  2.56  1.70
MEAN      3.05  3.36  3.91  3.95  3.58  3.36  3.36  3.35  3.10  3.34  3.56  3.69
STD DEV   1.63  1.72  1.97  1.86  1.55  1.56  1.38  1.53  1.34  1.60  1.70  1.99
SKEW      1.24  1.10   .97   .73   .64   .78   .54  1.11   .86  1.12   .68   .87
% S       2.81  3.66  3.91  5.62  5.61  6.76  6.37  5.97  5.76  4.16  4.13  3.29
MEAN      3.39  3.62  4.15  4.06  3.46  3.38  3.24  3.35  3.36  3.04  3.76  3.52
STD DEV   1.92  2.01  2.13  1.92  1.60  1.54  1.41  1.57  1.63  1.48  2.04  1.86
SKEW      1.26  1.14   .60   .65   .68   .65   .70   .81   .88  1.25   .78   .87
% SSW     4.84  4.52  4.18  6.78  7.19  7.16  7.09  6.56  6.44  5.43  5.51  4.59
MEAN      4.17  4.17  4.51  4.74  4.01  3.83  3.63  3.55  3.80  3.66  4.17  3.92
STD DEV   2.10  2.07  2.13  2.08  1.71  1.65  1.50  1.48  1.68  1.78  2.18  1.89
SKEW       .66   .92   .66   .52   .67   .62   .49   .44   .78   .79   .94   .53
% SW      6.53  5.77  5.49  7.90  8.42 10.00 10.77  8.37  7.83  7.14  6.18  7.18
MEAN      4.08  3.96  4.43  4.39  3.91  3.68  3.66  3.38  3.64  3.53  3.91  3.77
STD DEV   2.12  1.99  2.15  2.04  1.73  1.64  1.60  1.46  1.62  1.66  1.89  1.77
SKEW       .80   .88   .60   .68   .76   .70   .62   .73   .79   .79   .74   .80
% WSW     5.93  5.75  5.25  6.99  7.85  9.41  9.43  7.51  6.15  7.14  7.57  7.76
MEAN      4.03  4.11  4.35  4.63  4.08  3.71  3.61  3.27  3.39  3.54  4.02  3.87
STD DEV   2.07  2.00  2.08  2.25  1.81  1.60  1.57  1.40  1.49  1.71  1.94  1.86
SKEW      1.06   .78   .67   .81   .73   .75   .70   .71   .78   .94   .78   .88
% W       9.53  8.60  8.52  7.86  7.28  7.70  8.11  7.16  6.25  7.32 10.12 11.30
MEAN      4.43  4.82  5.19  4.69  3.99  3.40  3.18  2.99  3.31  3.72  4.39  4.30
STD DEV   2.43  2.56  2.77  2.32  2.01  1.67  1.56  1.42  1.72  1.92  2.29  2.19
SKEW      1.17   .71   .82   .64   .81   .91  1.13   .98  1.34   .98   .91   .75
% WNW    12.11 12.89 12.24  8.83  6.68  6.91  6.59  6.15  5.87  7.35 12.30 13.46
MEAN      5.45  6.23  6.30  5.74  4.77  4.21  3.65  3.52  4.02  4.34  5.12  5.48
STD DEV   2.52  2.70  2.79  2.49  2.32  1.96  1.69  1.74  2.04  2.20  2.45  2.50
SKEW       .48   .22   .36   .38   .59   .74   .83   .92   .95   .94   .61   .49
% NW     12.42 12.79 12.13  9.19  7.38  7.47  6.98  6.84  7.47  7.47 10.25 10.87
MEAN      5.51  5.90  5.87  5.49  4.61  4.08  3.55  3.43  3.84  4.38  4.90  5.14
STD DEV   2.58  2.72  2.69  2.54  2.24  2.01  1.68  1.73  1.95  2.19  2.36  2.39
SKEW       .42   .34   .43   .44   .60   .75   .74   .97   .84   .66   .60   .43
% NNW     8.55  8.09  7.99  7.15  5.52  4.87  4.55  5.20  5.81  6.51  6.74  6.94
MEAN      5.56  5.68  5.64  5.59  4.87  4.43  3.82  3.61  4.08  4.58  4.98  5.15
STD DEV   2.48  2.62  2.40  2.43  2.13  2.08  1.71  1.74  1.89  2.19  2.43  2.30
SKEW       .42   .42   .33   .30   .42   .71   .63   .83   .74   .54   .52   .55
CALM      9.35  7.78  4.90  5.17  8.25  8.43 11.47 12.31 11.50 11.45 10.27  8.28
                                                                                
INTERPOLATED DATA (station & weighting factor)                                  
                                                                                
---Wind Stations---                                                             
PHILADELP/INT PA     .355  PHILADELP/NE  PA     .355  WILLOW GROVE  PA     .291 
