 Spain    Cunit                                                                 
 LATT=  41.20 LONG=   1.63 YEARS= 10. TYPE= 1
 ELEVATION =   49. TP5 = 0.85 TP6= 3.01
 MEAN P    .20   .24   .31   .28   .24   .28   .29   .42   .36   .56   .43   .25
 S DEV P   .28   .34   .47   .37   .45   .33   .39   .64   .54   .73   .65   .33
 SKEW  P  2.97  2.32  3.02  2.16  3.84  1.60  1.95  2.49  2.53  1.96  2.68  3.06
 P(W/W)    .34   .39   .49   .40   .29   .29   .25   .23   .34   .49   .48   .45
 P(W/D)    .16   .16   .15   .18   .12   .09   .08   .13   .18   .16   .15   .06
 TMAX AV 56.79 58.22 63.25 67.32 73.44 80.99 85.81 84.88 79.22 72.60 63.12 57.84
 TMIN AV 39.80 40.17 44.87 50.02 55.49 63.44 69.14 68.88 63.13 56.60 47.24 41.11
 SD TMAX  5.42  6.55  6.24  5.37  5.67  5.56  3.97  4.56  4.78  5.69  5.65  4.02
 SD TMIN  5.82  6.07  5.23  4.04  4.53  4.18  2.97  3.16  4.25  5.81  6.84  5.61
 SOL.RAD  158.  229.  336.  438.  556.  611.  611.  517.  376.  253.  168.  139.
 SD SOL   47.9  76.0  99.6 128.7 118.2 102.2  76.9  98.8  98.5  80.1  53.7  38.9
 MX .5 P   .01   .03   .13   .20   .17   .13   .23   .37   .38   .48   .24   .01
 DEW PT  37.01 35.68 40.68 46.43 50.77 57.34 63.63 65.19 61.46 55.56 44.61 39.51
Time Pk   .070  .170  .260  .360  .450  .540  .620  .700  .780  .860  .940 1.000
% N       3.06  3.14  3.69  4.04  3.44  3.64  2.44  3.62  4.46  5.23  3.18  3.16
MEAN      2.78  3.00  2.76  2.99  3.04  3.14  2.91  3.18  2.84  2.97  2.86  2.88
STD DEV   1.07  1.18  1.23  1.20  1.35  1.39  1.21  1.32   .96  1.34  1.15  1.03
SKEW       .87   .98  1.40   .99  1.60   .94   .91   .83   .71  1.70  1.02   .88
% NNE     1.14  1.04  1.03   .84   .62   .42   .30   .32   .67  1.09  1.08  1.10
MEAN      3.19  2.54  2.43  2.41  2.45  2.06  2.30  2.40  2.57  2.62  2.67  2.74
STD DEV   1.24   .86   .71   .64   .72   .53   .41   .50  1.10   .83   .97   .96
SKEW       .81  1.18   .40  1.70  1.51  -.04  1.42   .83  1.11   .48   .91   .73
% NE      1.68  1.15  1.07   .50   .63   .33   .30   .30   .66  1.09  1.62  1.70
MEAN      2.57  2.30  2.54  2.17  1.97  1.78  1.83  1.84  2.09  2.23  2.31  2.40
STD DEV   1.02   .73  1.37   .73   .52   .48   .46   .46   .58   .59   .75   .82
SKEW      1.57   .47  1.76  -.04  -.11  -.97 -1.13 -1.22   .03   .16   .31  1.27
% ENE     1.48  1.02   .74   .40   .16   .14   .10   .18   .35   .61  1.14  1.50
MEAN      2.92  2.79  2.48  2.44  2.06  2.68  2.09  2.31  2.52  2.88  2.91  2.85
STD DEV   1.14   .86   .63   .50   .00   .58   .05   .44   .53  1.19  1.16   .93
SKEW      1.06  1.22  1.41   .71 -3.00   .00   .41  1.65   .58  1.88  1.13  1.18
% E       5.46  3.34  2.44  1.35   .61   .41   .24   .61  1.37  2.84  4.24  5.26
MEAN      4.30  3.71  3.56  3.65  2.75  2.30  2.27  2.47  2.84  3.52  3.93  4.29
STD DEV   1.93  1.78  1.66  1.70   .95   .44   .43   .85  1.23  1.71  1.94  2.01
SKEW       .82  1.08  1.01  1.11  1.42  1.64  1.81   .07  1.12  1.16   .77   .60
% ESE    12.51  8.87  5.76  3.56  1.19   .69   .55   .78  2.54  5.33 10.88 12.80
MEAN      5.44  4.99  5.36  4.44  4.19  3.12  2.74  3.06  3.74  4.69  5.14  5.17
STD DEV   2.64  2.31  3.06  1.88  1.93  1.08   .79   .80  1.50  2.40  2.54  2.27
SKEW       .97   .89  1.68   .97  1.05  1.38   .85   .24  1.00  1.10   .98   .68
% SE     16.51 13.70  8.71  4.81  3.25  1.66  1.18  1.92  5.10  9.30 17.18 18.80
MEAN      4.65  4.72  4.20  3.85  3.77  3.26  2.40  2.58  3.40  4.19  4.59  4.94
STD DEV   2.31  2.24  2.12  1.86  1.77  1.46   .79  1.03  1.66  2.53  2.23  2.34
SKEW      1.12   .64   .80   .96   .68  1.03   .74   .87  1.09  1.84   .82   .83
% SSE    10.71  7.79  5.72  3.94  1.84   .94   .63   .89  1.76  4.59  7.60  9.36
MEAN      4.90  5.00  5.09  4.44  4.06  3.17  2.29  3.23  3.28  4.00  4.85  5.14
STD DEV   2.27  2.73  2.75  2.20  1.86  1.09   .42  1.47  1.66  1.97  2.57  2.69
SKEW       .55   .82  1.08   .66   .61   .55  1.36  1.28  1.39   .89  1.07   .78
% S       2.31  1.82  1.40  1.21   .94   .72   .92   .93  1.46  1.43  1.96  1.92
MEAN      2.76  2.99  2.67  2.60  3.21  2.13  2.12  2.05  2.26  2.38  2.83  2.73
STD DEV   1.09  1.31  1.04  1.37  1.81   .52   .46   .55   .91   .76  1.63  1.16
SKEW      1.39   .70  1.13  1.71  1.01   .20   .34   .01  1.39   .71  2.13  1.29
% SSW      .82   .83  1.04   .74   .46   .41   .30   .24   .34   .40   .74   .62
MEAN      2.92  2.73  3.86  3.85  3.13  3.23  2.27  2.41  2.23  2.52  2.85  2.49
STD DEV   1.22  1.43  1.75  1.63  1.12  1.76   .43   .48   .38   .91   .98   .52
SKEW       .57  1.95   .89   .59   .70  1.48  1.81   .89  2.25   .24  1.13   .48
% SW      1.49  2.44  3.17  3.66  5.03  3.02  1.61  1.52  1.73  2.03  1.88  1.48
MEAN      3.09  3.56  4.02  4.22  4.78  4.65  3.22  2.86  2.87  3.80  3.86  2.86
STD DEV   1.32  1.85  2.01  1.90  1.99  2.08  1.67  1.33  1.04  1.78  2.02  1.24
SKEW       .92  1.61   .92   .50   .25   .38  1.33  1.59   .70   .64   .94  1.01
% WSW     2.35  3.92  6.62  7.31 10.68  6.67  4.01  4.08  3.84  3.60  3.18  2.38
MEAN      3.50  4.31  4.51  4.98  5.32  4.97  4.52  4.07  4.38  4.53  3.88  3.61
STD DEV   1.43  1.71  1.94  1.98  2.09  1.94  2.00  1.80  1.69  1.84  1.68  1.69
SKEW       .58   .67   .75   .52   .34   .41   .54   .80   .48   .41  1.03   .97
% W       4.80  7.69 11.28 14.28 18.68 17.26 14.50 13.10 10.38  8.43  6.22  5.16
MEAN      3.61  4.17  4.72  5.07  5.10  4.89  4.69  4.43  4.73  4.51  4.06  3.70
STD DEV   1.48  1.75  2.11  2.21  1.97  1.76  1.94  1.85  1.81  1.65  1.75  1.72
SKEW       .65   .70   .63   .61   .24   .21   .36   .48   .12   .24   .53  1.25
% WNW     5.79  8.76 12.45 16.49 17.28 25.44 25.22 24.35 19.31 14.06  8.38  6.52
MEAN      3.74  4.16  4.59  4.61  4.75  4.93  4.78  4.74  4.76  4.56  3.93  3.61
STD DEV   1.40  1.60  1.79  1.69  1.76  1.67  1.77  1.75  1.66  1.74  1.39  1.42
SKEW       .36   .62   .39   .25   .26   .11   .22   .18   .02   .34   .22   .48
% NW      6.54 10.01 12.03 14.99 18.17 22.83 29.91 26.39 22.25 15.06  9.46  6.30
MEAN      3.10  3.44  3.77  4.07  4.04  4.30  4.41  4.22  4.08  3.85  3.40  3.21
STD DEV   1.28  1.45  1.57  1.67  1.67  1.68  1.67  1.64  1.58  1.59  1.27  1.39
SKEW      1.17   .94   .51   .54   .56   .40   .21   .33   .26   .54   .36  1.16
% NNW     2.57  3.25  3.88  5.29  5.30  6.56  6.82  7.28  7.22  5.94  3.48  2.72
MEAN      3.19  3.53  3.56  3.71  3.85  4.00  4.01  3.78  3.63  3.65  3.29  3.40
STD DEV   1.25  1.51  1.53  1.58  1.68  1.57  1.59  1.42  1.42  1.68  1.32  1.41
SKEW       .59   .70   .92   .73   .73   .79   .53   .42   .74  1.24   .93   .98
CALM     20.75 21.14 18.96 16.54 11.68  8.97 11.01 13.46 16.66 18.93 17.70 19.22
                                                                                
INTERPOLATED DATA (station & weighting factor)                                  
                                                                                
---Wind Stations---                                                             
SALINAS       CA    1.000  FORT ORD      CA     .000  JOLON         CA     .000 
