 Sweden    Torup A                                                              
 LATT=  56.95 LONG=  13.06 YEARS= 10. TYPE= 2
 ELEVATION =  394. TP5 = 0.80 TP6= 3.22
 MEAN P    .22   .26   .18   .19   .20   .25   .26   .35   .29   .25   .22   .27
 S DEV P   .26   .30   .19   .22   .20   .27   .30   .42   .30   .30   .23   .29
 SKEW  P  1.98  1.64  1.78  2.24  2.01  2.14  1.82  2.93  1.69  2.08  1.62  1.62
 P(W/W)    .75   .74   .60   .56   .62   .65   .60   .69   .75   .74   .73   .79
 P(W/D)    .39   .27   .26   .29   .28   .30   .30   .45   .28   .36   .36   .47
 TMAX AV 32.88 34.56 42.14 52.53 61.57 66.17 70.72 67.50 61.18 51.48 42.51 37.21
 TMIN AV 25.17 25.80 29.01 34.83 42.78 48.38 52.96 51.81 47.10 40.72 35.33 29.57
 SD TMAX  6.78  7.06  7.34  7.99  9.46  6.97  7.49  5.56  5.37  5.44  6.37  8.17
 SD TMIN  9.20  9.11  7.58  6.49  7.47  4.92  4.49  4.74  6.03  7.48  7.45 10.13
 SOL.RAD   42.   94.  191.  330.  444.  484.  459.  355.  225.  106.   45.   26.
 SD SOL   16.3  38.7  76.1 110.1 133.5 146.6 140.0 107.4  77.9  46.9  18.0   9.4
 MX .5 P   .01   .01   .04   .12   .26   .34   .58   .53   .27   .14   .07   .02
 DEW PT  27.02 27.38 29.98 34.32 42.79 49.62 54.37 54.52 49.74 42.86 37.34 32.06
Time Pk   .130  .230  .320  .410  .500  .590  .670  .750  .830  .890  .950 1.000
% N       5.76  5.52  5.34  5.88  7.90  8.19  9.49  8.66  9.39  8.05  6.39  4.99
MEAN      4.26  4.07  3.93  3.72  3.87  3.74  3.66  3.49  3.71  3.61  3.94  3.71
STD DEV   1.94  1.85  1.63  1.53  1.50  1.38  1.43  1.28  1.53  1.44  1.80  1.54
SKEW       .75   .81   .65   .68   .50   .41   .50   .41   .66   .54   .79   .71
% NNE     5.22  5.22  4.04  4.89  6.24  6.02  7.43  6.18  7.35  6.42  5.54  4.42
MEAN      3.89  3.78  3.75  3.88  3.72  3.65  3.58  3.44  3.68  3.59  3.74  3.76
STD DEV   1.51  1.51  1.49  1.51  1.41  1.36  1.30  1.30  1.50  1.43  1.49  1.52
SKEW       .53   .49   .44   .49   .38   .34   .34   .36   .45   .49   .34   .55
% NE      4.18  3.68  3.69  4.33  5.24  4.40  5.42  4.80  5.36  4.06  3.63  3.01
MEAN      3.32  3.32  3.24  3.44  3.53  3.45  3.50  3.27  3.33  3.30  3.20  3.17
STD DEV   1.26  1.29  1.26  1.48  1.37  1.27  1.33  1.26  1.32  1.40  1.27  1.25
SKEW       .38   .44   .44   .69   .41   .38   .37   .33   .35   .63   .47   .55
% ENE     2.14  2.11  1.72  1.95  1.91  1.58  1.96  1.71  1.84  1.64  1.74  1.58
MEAN      3.20  3.25  3.26  3.23  3.29  3.11  3.20  2.90  2.96  2.85  2.97  2.78
STD DEV   1.37  1.45  1.46  1.30  1.23  1.12  1.20  1.12  1.16  1.13  1.28  1.05
SKEW       .64   .79   .72   .55   .44   .13   .61   .38   .82   .49   .63   .92
% E       4.32  3.63  3.18  2.28  1.85  1.36  1.30  1.30  1.85  2.41  3.08  3.46
MEAN      3.26  3.16  3.19  2.91  2.73  2.70  2.44  2.38  2.68  2.91  2.97  3.07
STD DEV   1.43  1.38  1.50  1.30  1.04  1.04  1.00   .94  1.27  1.29  1.37  1.39
SKEW       .98   .80   .82   .87   .51   .63   .49   .40  1.23   .71   .74   .85
% ESE     6.14  4.71  4.53  2.99  2.28  1.58  1.18  1.57  2.34  3.90  5.30  5.72
MEAN      3.42  3.38  3.45  3.32  2.97  2.80  2.53  2.61  2.79  3.13  3.50  3.35
STD DEV   1.48  1.44  1.45  1.42  1.14  1.05   .81  1.09  1.13  1.36  1.55  1.48
SKEW       .96   .68   .62   .75   .84   .47   .23   .55   .82  1.19   .75  1.02
% SE      9.04  7.72  6.80  5.68  4.41  3.68  3.03  4.11  5.98  8.14  9.51  9.54
MEAN      3.47  3.43  3.38  3.37  3.24  3.12  3.03  3.06  3.07  3.24  3.43  3.45
STD DEV   1.40  1.43  1.35  1.37  1.23  1.15  1.16  1.18  1.24  1.22  1.33  1.36
SKEW       .76   .86   .65   .77   .42   .27   .45   .38   .62   .56   .76   .81
% SSE    12.35 11.20  9.66  8.59  7.05  6.26  4.86  6.60  8.74 11.79 13.38 14.39
MEAN      3.79  3.77  3.78  3.74  3.51  3.45  3.32  3.34  3.30  3.61  3.77  3.78
STD DEV   1.62  1.68  1.64  1.50  1.23  1.16  1.20  1.18  1.30  1.49  1.57  1.51
SKEW      1.03  1.18  1.13   .71   .50   .22   .22   .37   .76  1.10   .90  1.02
% S      15.67 14.58 13.77 11.74 10.56 10.52  8.32  9.94 10.90 14.37 15.57 15.90
MEAN      5.03  4.80  4.85  4.54  4.20  4.07  3.83  3.90  3.97  4.43  4.75  4.82
STD DEV   2.36  2.25  2.18  1.91  1.59  1.50  1.33  1.48  1.78  2.04  2.26  2.19
SKEW       .67   .69   .61   .53   .51   .63   .31   .45   .85   .74   .76   .70
% SSW    11.55 12.24 13.15 11.99 10.18 11.65  9.13  9.24  8.14  9.59  9.76 12.95
MEAN      6.47  6.47  6.20  5.81  5.03  4.72  4.37  4.44  4.89  5.78  6.30  6.46
STD DEV   2.49  2.57  2.36  2.24  1.89  1.67  1.48  1.70  2.04  2.47  2.57  2.59
SKEW       .09   .03   .28   .31   .42   .34   .44   .49   .50   .43   .02   .18
% SW      6.98  8.87 11.77 12.16 11.61 13.47 10.69  9.51  7.19  6.47  7.26  8.23
MEAN      6.52  6.45  6.45  5.98  5.34  4.91  4.43  4.47  4.89  5.44  6.30  6.73
STD DEV   2.66  2.59  2.44  2.43  2.01  1.89  1.59  1.72  2.16  2.54  2.84  2.81
SKEW       .00   .07   .13   .28   .43   .50   .45   .50   .61   .34   .08   .05
% WSW     1.70  2.41  4.12  5.17  5.56  6.24  5.43  4.98  2.99  2.12  2.03  1.65
MEAN      5.36  5.24  5.55  5.31  4.81  4.38  4.14  4.18  4.07  4.60  5.12  5.70
STD DEV   2.90  2.78  2.46  2.31  1.93  1.76  1.55  1.63  1.90  2.26  2.43  2.61
SKEW       .40   .45   .48   .44   .46   .54   .32   .45   .90   .54   .29   .37
% W        .72  1.21  1.56  2.76  3.29  3.83  4.26  3.88  2.33  1.39   .96   .74
MEAN      2.79  3.05  3.86  3.95  3.61  3.56  3.62  3.35  2.99  2.71  2.74  3.05
STD DEV   1.17  1.38  1.87  1.77  1.46  1.43  1.38  1.26  1.19  1.18  1.21  1.36
SKEW       .73   .33   .62   .63   .59   .60   .38   .44   .43   .60   .52   .32
% WNW      .45   .67  1.11  1.74  2.33  2.55  3.13  2.94  1.78  1.24   .71   .44
MEAN      2.53  2.84  3.04  3.46  3.59  3.49  3.65  3.54  3.13  2.88  2.57  2.49
STD DEV    .72  1.12  1.19  1.42  1.45  1.19  1.32  1.31  1.04  1.10   .88   .72
SKEW      1.17   .44   .36   .53   .58   .50   .24   .24   .23   .33   .54   .08
% NW       .98  1.80  2.68  4.09  5.24  5.10  6.80  6.40  4.95  3.38  1.70   .97
MEAN      2.84  3.21  3.59  3.96  4.05  4.06  4.03  3.83  3.65  3.30  3.03  3.04
STD DEV    .96  1.28  1.63  1.68  1.59  1.58  1.54  1.49  1.47  1.35  1.34  1.07
SKEW       .28   .59   .79   .48   .26   .26   .19   .34   .27   .37   .83   .29
% NNW     2.12  3.02  4.09  5.39  7.17  6.38  9.36  8.43  7.73  4.91  2.83  1.89
MEAN      4.05  4.12  4.32  4.63  4.65  4.43  4.46  4.24  4.22  3.74  3.35  3.40
STD DEV   2.17  1.90  1.87  2.01  1.82  1.74  1.70  1.61  1.75  1.58  1.46  1.69
SKEW       .81   .71   .39   .31   .22   .31   .30   .26   .26   .61   .60  1.41
CALM     10.73 11.45  8.76  8.32  7.26  7.14  8.26  9.76 11.23 10.20 10.61 10.16
                                                                                
INTERPOLATED DATA (station & weighting factor)                                  
                                                                                
---Wind Stations---                                                             
SEATTLE       WA     .500  SEATTLE       WA     .500  TACOMA        WA     .000 
