 United States    Wray 19 Nne                                                   
 LATT=  40.35 LONG=-102.14 YEARS= 10. TYPE= 3
 ELEVATION = 3648. TP5 = 2.10 TP6= 3.70
 MEAN P    .12   .10   .14   .25   .27   .33   .28   .29   .18   .16   .12   .09
 S DEV P   .15   .09   .24   .37   .38   .44   .43   .43   .26   .22   .12   .12
 SKEW  P  1.96  1.29  3.16  2.65  2.49  2.26  2.45  2.22  2.00  2.56  1.24  3.73
 P(W/W)    .14   .30   .38   .44   .53   .45   .38   .35   .39   .38   .26   .21
 P(W/D)    .09   .13   .13   .21   .28   .25   .32   .22   .17   .16   .10   .11
 TMAX AV 45.30 44.83 60.14 65.50 72.05 86.37 89.98 87.82 83.09 67.49 55.43 44.16
 TMIN AV 22.35 21.44 31.33 38.54 47.27 59.60 64.21 61.70 54.32 40.80 30.06 22.28
 SD TMAX 12.13 15.09 13.44 12.00 11.34  8.32  6.65  6.66  9.06 11.36 12.26 13.02
 SD TMIN  9.95 11.38  9.47  8.39  8.27  5.99  4.13  4.54  7.46  8.03  8.72  9.66
 SOL.RAD  178.  241.  345.  450.  536.  628.  608.  532.  416.  290.  193.  151.
 SD SOL   49.7  79.3 100.3 129.8 153.1 121.4 105.9 106.1 101.5  83.0  58.8  43.6
 MX .5 P   .06   .08   .14   .35   .63   .84   .94   .68   .40   .23   .10   .05
 DEW PT  15.92 15.48 21.76 30.79 41.46 52.33 58.07 56.04 46.72 33.41 22.79 15.45
Time Pk   .120  .220  .320  .400  .480  .570  .650  .740  .820  .890  .960 1.000
% N       4.79  5.29  5.99  7.06  5.55  4.83  3.92  3.89  4.82  5.08  4.23  4.04
MEAN      5.32  5.97  6.34  6.34  5.56  5.01  4.92  4.39  4.84  4.84  5.41  5.21
STD DEV   2.94  3.22  3.26  2.90  2.64  2.63  2.49  2.10  2.38  2.58  2.52  2.79
SKEW      1.00   .74   .70   .42   .43   .81   .71   .64   .85   .91   .69   .73
% NNE     3.70  4.58  5.79  6.77  6.77  6.11  5.46  4.52  5.51  4.82  3.57  2.69
MEAN      5.22  5.78  6.10  5.72  5.85  5.43  5.25  4.75  5.02  5.07  5.55  4.77
STD DEV   2.52  3.05  2.80  2.56  2.68  2.51  2.39  2.24  2.45  2.35  2.57  2.55
SKEW       .87   .96   .39   .39   .51   .53   .54   .74   .81   .62   .49   .98
% NE      3.02  2.82  4.06  4.18  5.06  4.86  4.40  4.05  4.06  3.20  2.10  1.74
MEAN      4.13  4.98  4.79  5.58  5.41  4.90  4.58  4.42  4.19  4.37  4.39  4.05
STD DEV   2.10  2.84  2.34  2.61  2.45  2.24  2.27  2.16  2.02  1.99  2.22  2.14
SKEW       .76  1.47   .56   .53   .40   .56   .87   .78   .68   .56   .72   .85
% ENE     1.97  2.25  3.04  4.01  4.51  4.29  4.52  4.39  3.59  2.60  1.49  1.37
MEAN      3.53  4.39  4.52  4.95  4.97  4.73  4.45  4.27  3.84  3.79  3.53  3.63
STD DEV   1.72  1.86  2.03  2.13  2.44  2.13  2.06  1.85  1.64  1.70  1.57  1.66
SKEW      1.22   .57   .66   .52  1.00   .46   .80   .85   .86   .92   .63   .72
% E       3.14  3.07  3.87  4.27  4.82  5.79  7.03  8.03  6.37  4.84  3.18  3.09
MEAN      3.15  3.61  4.03  4.08  4.29  4.29  4.06  3.97  3.81  3.37  3.05  3.63
STD DEV   1.26  1.45  1.71  1.83  1.85  1.90  1.83  1.62  1.61  1.29  1.16  1.55
SKEW       .66   .53   .84   .83   .58   .81   .83   .65   .68   .41   .48   .61
% ESE     4.61  5.05  7.76  8.05  9.68 10.53 11.40 11.55  9.89  6.97  4.44  4.06
MEAN      3.91  4.47  5.30  5.30  5.35  5.23  4.56  4.65  4.58  4.19  3.81  4.24
STD DEV   1.62  1.80  2.19  2.45  2.33  2.25  1.90  1.88  1.97  1.62  1.54  1.90
SKEW       .09   .62   .39   .65   .58   .54   .62   .58   .82   .36   .81   .73
% SE      2.85  3.11  4.88  6.57  8.40  9.28  9.84  8.60  7.45  5.31  2.87  2.91
MEAN      3.99  4.33  5.15  6.06  5.85  5.67  5.11  4.99  5.12  4.51  4.81  4.29
STD DEV   1.87  1.98  2.35  3.00  2.67  2.56  2.18  2.25  2.48  2.04  2.52  1.93
SKEW       .55   .69   .48   .51   .55   .65   .62   .55   .81   .60   .75   .61
% SSE     2.62  2.73  5.12  6.57  8.56  8.86  9.53  9.49  7.38  4.84  2.66  2.13
MEAN      4.80  4.76  5.96  6.96  6.65  6.14  5.69  5.67  5.79  5.32  5.23  4.55
STD DEV   2.15  2.29  2.77  3.36  2.94  2.74  2.44  2.46  2.79  2.56  3.00  2.12
SKEW       .82   .75   .45   .51   .61   .35  1.05   .31   .60   .52   .72   .72
% S       2.35  2.19  3.55  4.26  4.63  5.19  7.29  6.09  5.24  4.41  2.94  2.31
MEAN      4.48  4.40  5.14  5.80  5.80  5.26  5.08  4.91  5.00  4.79  4.29  4.02
STD DEV   2.33  2.16  2.58  3.15  2.72  2.76  2.31  2.38  2.54  2.58  2.32  1.86
SKEW       .74   .63   .57   .73   .43   .93   .74   .57   .83   .83  1.06   .55
% SSW     4.81  3.92  4.08  4.30  4.08  4.67  5.89  5.47  5.04  5.18  4.62  3.82
MEAN      4.55  4.53  4.99  5.30  4.80  4.55  4.63  4.49  4.53  4.42  4.38  4.37
STD DEV   1.97  2.04  2.24  2.64  2.57  2.23  2.03  2.04  2.17  2.12  2.09  1.99
SKEW       .47   .52   .48   .80   .90   .99   .57   .71   .77   .86   .76   .47
% SW      5.88  5.27  3.28  3.20  3.03  3.64  3.59  4.19  3.81  4.92  5.84  5.91
MEAN      4.32  4.12  4.39  4.04  4.19  3.92  3.85  3.79  3.65  3.91  3.71  4.14
STD DEV   2.05  1.94  2.11  1.87  2.21  1.89  1.91  1.92  1.55  1.91  1.58  1.94
SKEW       .57   .83   .56   .70  1.15   .77  1.36  1.02   .67   .91   .68   .77
% WSW     6.83  6.23  4.38  3.83  3.56  3.48  3.20  3.50  3.42  4.11  6.13  6.31
MEAN      4.89  4.70  4.81  4.39  4.29  4.06  3.79  3.77  3.56  3.80  4.34  4.41
STD DEV   2.50  2.20  2.49  2.07  2.13  2.07  1.74  1.74  1.59  1.80  2.12  2.01
SKEW       .90   .72  1.00   .78   .96  1.19  1.22  1.55  1.04  1.17   .88   .92
% W       8.67  9.04  6.55  5.18  4.45  4.16  3.71  4.09  5.15  6.77  8.16  9.04
MEAN      5.39  5.71  5.50  5.39  5.11  4.12  3.62  3.78  3.96  4.38  4.89  5.33
STD DEV   2.89  2.92  2.95  2.88  2.88  2.23  1.90  1.85  1.95  2.33  2.47  2.89
SKEW      1.24   .91   .89  1.03   .87  1.37  1.80  1.16   .97  1.22   .90  1.14
% WNW    18.41 18.67 13.55 10.63  9.11  7.88  5.84  7.28  9.08 13.24 18.48 20.75
MEAN      6.52  6.49  7.20  6.49  5.99  5.29  4.40  4.63  4.75  5.57  6.03  6.38
STD DEV   3.27  3.17  3.53  3.47  3.18  2.63  2.23  2.32  2.27  3.03  2.77  2.95
SKEW      1.14  1.16   .77  1.06  1.13   .90  1.14  1.33   .86  1.27   .93  1.03
% NW     13.52 12.95 11.68  9.37  8.24  7.43  5.68  5.91  8.16 11.46 16.22 15.97
MEAN      6.38  5.96  7.44  6.80  6.09  5.16  4.41  4.35  4.77  5.27  6.23  6.26
STD DEV   3.75  3.12  4.43  3.76  3.42  2.88  2.16  2.13  2.44  2.93  3.30  3.45
SKEW      1.14   .88  1.12   .96   .93   .92   .90   .98   .93  1.23  1.03  1.18
% NNW     7.50  8.24  8.28  8.65  6.43  5.14  4.14  3.94  5.65  6.41  7.91  8.11
MEAN      5.75  6.27  7.44  7.32  6.10  5.27  4.87  4.49  5.06  5.29  6.35  5.77
STD DEV   2.89  3.03  3.74  3.75  2.92  2.67  2.46  2.14  2.43  2.83  3.32  2.96
SKEW       .80   .65   .77   .76   .47   .75   .73   .90   .69   .93   .74   .91
CALM      5.32  4.61  4.10  3.14  3.08  3.88  4.54  4.97  5.37  5.77  5.10  5.66
                                                                                
INTERPOLATED DATA (station & weighting factor)                                  
                                                                                
---Wind Stations---                                                             
SCOTTSBLUFF   NB     .464  SIDNEY        NB     .367  CHADRON       NB     .169 
