 United States    Hammocks 0.5 Sse                                              
 LATT=  25.66 LONG= -80.44 YEARS= 10. TYPE= 4
 ELEVATION =   33. TP5 = 3.34 TP6= 7.84
 MEAN P    .28   .34   .27   .50   .55   .53   .51   .49   .55   .41   .27   .37
 S DEV P   .41   .52   .40   .81   .84   .74   .68   .65   .81   .59   .43  1.17
 SKEW  P  2.62  2.72  2.14  2.84  3.14  2.12  2.92  2.25  2.85  3.18  2.64  6.77
 P(W/W)    .46   .39   .27   .36   .49   .66   .67   .69   .72   .57   .52   .59
 P(W/D)    .21   .18   .13   .23   .28   .45   .48   .54   .44   .34   .23   .17
 TMAX AV 75.89 78.64 80.23 84.37 86.47 88.88 89.66 89.85 88.55 85.26 81.02 78.62
 TMIN AV 59.77 62.83 63.60 69.71 73.12 76.50 77.41 77.64 76.54 73.23 67.03 64.11
 SD TMAX  5.80  5.29  4.84  3.55  3.05  2.93  2.46  2.35  2.37  3.35  3.91  5.20
 SD TMIN  9.24  8.04  7.44  4.58  3.53  2.24  1.81  1.59  1.91  4.75  6.69  9.03
 SOL.RAD  295.  377.  454.  517.  552.  520.  528.  487.  422.  368.  317.  286.
 SD SOL   74.1  77.3  91.9  99.8 105.9 106.1  90.6 106.6 102.4  90.2  69.5  63.6
 MX .5 P   .51   .58   .54  1.14  1.38  1.55  1.73  1.48  1.42   .85   .63   .63
 DEW PT  56.70 59.88 58.77 64.61 68.53 73.39 74.55 75.17 74.57 70.14 64.13 61.64
Time Pk   .270  .390  .480  .560  .630  .710  .770  .810  .860  .900  .950 1.000
% N       8.02  7.03  5.24  2.62  2.06  1.39   .74  1.31  1.58  7.06  7.87  8.26
MEAN      5.50  5.82  6.16  5.59  6.43  5.36  3.07  4.48  4.15  5.76  6.04  5.93
STD DEV   2.41  2.26  2.29  2.35  2.49  2.69  1.48  2.05  2.28  2.27  2.32  2.72
SKEW       .08  -.11   .28  -.12   .00   .26   .32   .37   .59   .08   .03   .51
% NNE     5.41  5.90  5.65  4.50  4.33  2.19  1.25  3.27  4.19  9.25  6.66  6.65
MEAN      4.85  5.55  5.66  6.23  6.11  5.60  4.54  5.36  5.52  5.87  5.48  5.63
STD DEV   2.07  1.98  1.87  2.00  2.13  2.44  2.00  2.28  1.86  2.19  1.93  2.50
SKEW       .64   .05  -.07  -.20   .45   .40   .17   .47  -.21   .67  -.01   .81
% NE      4.89  4.95  4.01  8.11  8.32  3.90  3.00  5.88  9.06 15.44  7.36  6.00
MEAN      4.70  4.77  5.27  5.60  5.96  5.21  4.57  4.91  5.75  6.11  5.31  5.39
STD DEV   2.13  1.77  2.01  1.91  2.01  1.92  1.68  2.07  2.67  2.18  1.81  2.42
SKEW       .84  -.05   .46   .11   .48  -.17   .01  1.46  2.80   .15   .15   .62
% ENE     4.50  4.26  4.27  6.88  8.96  4.99  5.09  7.77 14.61 15.95  6.02  4.69
MEAN      5.17  4.97  6.22  5.76  5.86  5.11  4.52  4.72  6.01  6.36  4.98  5.63
STD DEV   2.17  1.75  2.41  1.75  1.91  1.54  1.53  1.43  2.21  2.58  1.91  2.15
SKEW       .58   .02   .79   .10   .37   .19   .27   .21  1.49  1.39   .22   .15
% E       4.97  5.66  5.61  9.87 10.12  9.00  9.65 10.69 13.76  8.56  5.97  5.70
MEAN      4.39  4.75  5.33  5.22  5.38  5.12  4.52  4.60  5.06  5.32  4.57  4.98
STD DEV   1.83  1.82  2.00  1.76  1.58  1.52  1.54  1.53  1.61  2.24  1.71  2.10
SKEW       .34   .27   .43  -.13  -.10   .04  -.13   .01   .09  1.21   .31   .30
% ESE     5.70  5.22  7.22 11.52  8.76 11.44 12.95  9.63 10.41  4.49  3.94  5.55
MEAN      4.66  4.88  5.29  5.40  5.62  5.16  4.69  4.67  4.98  4.98  4.65  4.63
STD DEV   1.65  1.72  1.78  1.65  1.55  1.56  1.51  1.51  1.55  2.20  1.49  1.75
SKEW      -.03   .22   .16   .09  -.24  -.03   .05   .10   .19  2.27   .18   .14
% SE      9.32  8.11 10.89  9.55  9.49  9.14 11.98  8.23  8.20  4.96  4.62  6.48
MEAN      4.47  4.82  5.65  5.03  5.29  4.85  4.38  4.31  4.58  4.37  4.16  4.57
STD DEV   1.72  1.90  1.99  1.85  1.78  1.69  1.70  1.69  1.78  1.77  1.60  1.75
SKEW       .32   .26   .09   .26  -.05   .16   .20   .38   .40   .62   .54   .19
% SSE     5.36  5.11  7.28  5.89  5.61  7.22  8.57  6.80  5.13  2.90  3.13  3.83
MEAN      3.88  4.08  4.62  4.28  4.31  3.84  3.53  4.10  4.35  4.40  3.63  4.07
STD DEV   1.69  1.61  1.71  1.50  1.48  1.56  1.51  2.38  2.06  1.85  1.40  1.56
SKEW       .56   .56   .40   .67  -.06   .58   .49  1.63   .54   .99   .48   .72
% S       4.44  5.81  5.90  4.89  7.08  7.20  8.81  5.97  3.94  3.06  4.38  4.44
MEAN      3.33  3.86  4.30  3.65  3.39  3.27  3.00  2.96  3.32  3.82  3.43  3.83
STD DEV   1.45  1.88  1.99  1.65  1.39  1.31  1.27  1.37  1.63  2.14  1.53  1.56
SKEW       .75   .75   .63  1.15   .69   .63   .68   .96  1.12  1.41   .85   .53
% SSW     4.81  6.05  7.44  4.36  6.17  8.66  7.78  7.89  4.50  2.72  4.79  5.39
MEAN      3.95  4.10  4.61  4.13  3.50  3.55  3.13  3.40  3.60  3.56  3.97  4.01
STD DEV   1.67  1.87  1.90  1.84  1.36  1.49  1.33  1.48  1.97  1.77  1.72  1.77
SKEW       .62   .63   .42   .61   .39   .68   .65   .73   .90   .47   .51   .51
% SW      4.51  6.43  6.42  5.63  7.95 11.47  7.22  7.69  4.99  2.80  4.21  5.44
MEAN      3.69  4.01  4.14  3.74  3.39  3.42  3.05  3.11  3.21  2.76  3.33  3.46
STD DEV   1.80  1.80  1.85  1.61  1.38  1.40  1.49  1.42  1.45  1.01  1.44  1.50
SKEW      1.21   .59   .58   .71   .63   .89  1.05   .98  1.05   .44   .73   .75
% WSW     3.18  4.02  5.27  5.49  4.77  6.16  3.93  4.94  2.94  1.50  2.58  3.60
MEAN      3.82  4.12  4.66  4.37  4.13  3.70  3.16  3.42  3.35  3.18  4.01  3.91
STD DEV   1.71  1.98  2.16  1.82  1.63  1.42  1.45  1.52  1.42  1.34  1.75  1.84
SKEW       .27   .83   .76   .35   .33   .21   .55   .56   .28   .25   .34   .94
% W       4.02  5.70  6.38  6.15  4.61  5.07  3.23  3.59  2.58  2.30  4.37  4.39
MEAN      3.52  4.12  4.58  4.14  3.83  3.41  2.77  3.14  2.97  3.24  3.75  3.61
STD DEV   1.56  1.94  1.95  1.75  1.76  1.49  1.33  1.53  1.30  1.49  1.89  1.84
SKEW       .70   .79   .39   .35   .67   .44   .70  1.25   .39   .59   .81  1.01
% WNW     4.81  5.46  4.38  3.43  2.83  2.48  1.85  2.24  1.90  3.05  7.80  5.90
MEAN      4.43  4.74  4.53  4.53  4.04  3.53  2.91  3.18  3.55  3.81  4.58  4.48
STD DEV   1.94  2.10  1.88  1.81  1.77  1.30  1.52  1.43  1.86  1.57  2.07  2.11
SKEW       .76   .59   .26   .19   .35  -.05   .83   .41   .90   .42   .59   .64
% NW      8.73  8.96  5.96  3.78  2.57  1.63  1.89  2.32  2.48  6.10 12.40  8.74
MEAN      4.45  4.64  4.99  4.80  3.44  3.20  2.92  3.16  2.88  3.88  4.76  4.42
STD DEV   2.17  2.13  2.11  2.25  1.71  1.44  1.33  1.50  1.28  1.58  2.02  2.04
SKEW       .46   .52   .56   .61  1.14   .69   .57   .71  1.16   .58   .37   .42
% NNW     8.30  5.59  3.78  1.91  1.32  1.06   .74  1.02  1.26  4.38  7.13  7.22
MEAN      4.62  5.11  6.42  5.70  5.27  4.27  3.04  3.32  4.40  5.09  5.63  5.40
STD DEV   1.99  2.21  2.30  2.32  2.29  1.77  1.66  1.63  2.37  2.10  2.22  2.56
SKEW       .51   .26   .16   .05   .30   .79   .42   .59  1.34   .10   .30   .56
CALM      9.04  5.81  4.17  5.30  5.07  6.90 11.31 10.75  8.47  5.45  6.62  7.67
                                                                                
INTERPOLATED DATA (station & weighting factor)                                  
                                                                                
---Wind Stations---                                                             
MELBOURNE     FL     .676  COCOA BEACH   FL     .324                       .000 
