 United States    Osgood 4.1 Ne                                                 
 LATT=  39.17 LONG= -85.24 YEARS= 10. TYPE= 3
 ELEVATION =  955. TP5 = 1.91 TP6= 3.85
 MEAN P    .27   .31   .34   .43   .32   .41   .34   .42   .35   .31   .40   .29
 S DEV P   .34   .46   .43   .48   .42   .43   .44   .69   .64   .47   .52   .43
 SKEW  P  1.74  2.59  2.25  1.78  2.38  1.19  1.89  3.20  3.55  2.62  2.07  2.98
 P(W/W)    .58   .55   .47   .56   .62   .55   .53   .42   .51   .48   .41   .55
 P(W/D)    .33   .39   .38   .33   .33   .35   .28   .25   .22   .28   .31   .37
 TMAX AV 37.33 42.35 52.85 65.98 75.57 82.24 84.88 83.28 78.49 66.52 52.31 42.98
 TMIN AV 23.02 26.83 35.60 46.53 58.29 65.68 68.65 66.11 59.95 48.36 35.99 30.35
 SD TMAX 12.24 13.11 12.46  9.42  8.95  5.56  5.35  4.69  7.95 10.26 10.56 11.12
 SD TMIN 13.11 12.64 11.13  9.71  8.80  5.89  5.54  5.53  7.83  9.61  9.72 10.92
 SOL.RAD  155.  219.  309.  412.  476.  546.  543.  493.  385.  264.  178.  127.
 SD SOL   52.3  78.2 106.2 128.4 146.8 127.2 110.3 106.0 107.5  85.8  60.9  46.0
 MX .5 P   .37   .42   .50   .64   .71   .87  1.10   .95   .80   .54   .55   .45
 DEW PT  21.39 24.50 31.44 40.98 54.24 61.26 65.28 63.02 57.38 45.20 33.13 28.96
Time Pk   .150  .260  .350  .450  .530  .620  .700  .770  .840  .900  .960 1.000
% N       3.33  4.62  3.86  4.31  5.07  4.07  3.78  4.92  4.49  4.32  2.67  2.80
MEAN      2.92  2.95  3.25  3.16  3.12  2.88  2.76  2.74  2.72  2.75  2.76  2.72
STD DEV   1.08  1.03  1.21  1.17  1.23  1.10   .97  1.01  1.02  1.04  1.07  1.01
SKEW       .98   .74  1.07   .70   .95  1.05   .96  1.04  1.21  1.60  1.22   .93
% NNE     3.08  3.77  3.64  3.12  3.96  3.57  4.04  4.09  4.48  3.69  2.47  2.60
MEAN      2.95  2.93  3.17  3.22  3.17  3.06  2.92  2.97  3.00  2.80  2.70  2.84
STD DEV   1.08  1.00  1.15  1.19  1.18  1.05  1.06  1.08  1.20  1.06  1.13  1.13
SKEW       .62   .86   .60   .70   .63   .56   .87  1.01   .81   .98  1.54  1.43
% NE      6.27  7.04  7.26  5.58  5.46  6.68  6.39  6.23  8.33  6.17  4.96  6.34
MEAN      2.74  2.91  3.02  2.86  2.66  2.49  2.50  2.49  2.57  2.55  2.48  2.65
STD DEV    .93  1.04  1.06  1.07  1.00   .88   .89   .91  1.01  1.02   .89   .93
SKEW       .86   .92   .66  1.03  1.08  1.32  1.25  1.40  1.54  1.76  1.21  1.32
% ENE     3.12  3.82  3.48  2.70  2.87  3.13  3.59  3.99  4.80  3.24  3.06  3.22
MEAN      2.49  2.63  2.65  2.67  2.36  2.39  2.42  2.23  2.32  2.18  2.30  2.37
STD DEV    .80   .88   .95   .96   .81   .77   .82   .69   .81   .65   .66   .79
SKEW      1.07   .89  1.16  1.68  1.33  1.27  1.45  1.30  1.67  2.40  1.75  1.30
% E       2.88  2.43  2.87  2.76  3.17  3.88  3.96  4.30  5.28  4.47  3.30  3.20
MEAN      2.30  2.40  2.42  2.44  2.25  2.29  2.17  2.13  2.19  2.19  2.17  2.29
STD DEV    .72   .66   .77   .85   .64   .80   .61   .61   .66   .66   .62   .59
SKEW      1.71  1.06  1.32  1.52  1.09  2.09  1.52  1.71  2.07  1.99  1.22  1.18
% ESE     2.09  2.22  2.83  2.69  3.12  3.17  3.14  3.47  4.32  4.12  2.64  2.80
MEAN      2.53  2.70  2.97  2.98  2.54  2.41  2.38  2.23  2.36  2.51  2.40  2.58
STD DEV    .80  1.03  1.08  1.26   .93   .85   .81   .64   .77   .89   .85   .91
SKEW      1.29  1.03   .94  1.34  1.48  1.78  1.78  1.35  1.42  1.59  1.17  1.24
% SE      2.57  3.46  3.85  3.85  4.26  3.43  3.43  3.93  4.61  4.08  3.79  3.23
MEAN      3.09  3.49  3.68  3.84  3.17  2.68  2.43  2.33  2.68  2.93  3.06  3.25
STD DEV   1.34  1.58  1.56  1.86  1.38  1.05   .78   .84  1.14  1.31  1.28  1.51
SKEW      1.12   .90   .84  1.07   .97  1.23  1.68  1.73  1.46  1.09   .93  1.18
% SSE     3.07  4.14  4.59  4.43  3.99  3.15  3.91  3.15  3.74  3.60  4.71  4.14
MEAN      3.64  3.89  4.20  3.93  3.33  2.90  2.78  2.56  3.12  3.06  3.75  3.58
STD DEV   1.57  1.61  1.65  1.56  1.37  1.10  1.01   .99  1.31  1.23  1.59  1.60
SKEW       .68   .52   .41   .66   .75   .91  1.41  1.33   .94   .89   .70   .98
% S       6.62  6.26  7.64  7.31  7.64  9.36  9.71  8.44  8.18  7.75  8.10  7.81
MEAN      3.56  3.56  3.81  3.44  2.96  2.75  2.68  2.64  2.82  2.77  3.19  3.31
STD DEV   1.40  1.33  1.57  1.39  1.23  1.01   .99   .97  1.09  1.10  1.37  1.30
SKEW       .73   .65   .73   .99  1.25  1.40  1.37  1.29  1.03  1.22   .98   .78
% SSW     6.21  5.36  5.67  6.32  6.13  6.47  7.15  6.04  5.02  5.28  5.97  6.30
MEAN      4.20  4.19  4.38  4.06  3.43  3.39  3.25  3.04  3.38  3.19  3.91  4.11
STD DEV   1.74  1.70  1.82  1.73  1.44  1.45  1.33  1.18  1.35  1.32  1.69  1.71
SKEW       .61   .49   .63   .69   .84  1.23   .99   .99   .82   .87   .63   .91
% SW     12.76 11.02 10.42 11.81 12.30 12.13 11.70  8.74  7.61  9.46 12.62 12.43
MEAN      4.52  4.41  4.70  4.47  4.02  3.84  3.64  3.53  3.64  3.72  4.15  4.36
STD DEV   1.72  1.75  1.96  1.93  1.63  1.45  1.40  1.33  1.44  1.51  1.64  1.72
SKEW       .60   .60   .77   .76   .77   .68   .84   .64   .81   .89   .65   .69
% WSW    12.69 11.48 11.65 10.62  8.10  7.78  6.82  5.61  4.75  6.69 10.61 11.58
MEAN      5.09  5.05  5.39  5.16  4.42  4.06  3.73  3.60  3.88  4.00  4.77  4.95
STD DEV   1.92  1.92  2.13  2.09  1.79  1.51  1.41  1.33  1.55  1.59  1.87  1.92
SKEW       .48   .48   .47   .62   .88   .43   .76   .57   .86   .62   .48   .63
% W       8.05  8.05  8.27  7.36  5.23  3.90  3.35  3.10  3.01  4.98  7.01  7.35
MEAN      4.58  4.75  4.95  4.68  4.04  3.58  3.30  3.18  3.42  3.76  4.52  4.55
STD DEV   1.80  1.87  2.01  1.94  1.69  1.42  1.16  1.13  1.37  1.63  1.86  1.71
SKEW       .62   .54   .64   .57   .68   .66   .64   .69   .98  1.06   .59   .47
% WNW     6.94  7.94  7.65  6.82  5.13  3.55  2.99  3.07  3.06  4.20  5.89  6.48
MEAN      4.46  4.74  4.93  4.63  3.98  3.67  3.57  3.28  3.70  3.72  4.38  4.44
STD DEV   1.77  1.71  2.01  1.85  1.54  1.49  1.47  1.18  1.58  1.50  1.81  1.74
SKEW       .74   .31   .85   .67   .62   .75   .95   .80  1.01   .67   .71   .60
% NW      4.55  4.37  4.59  5.18  4.05  3.08  2.58  3.40  2.91  3.48  3.27  4.06
MEAN      3.81  3.78  3.93  3.99  3.45  3.12  2.90  2.92  3.10  3.38  3.67  3.78
STD DEV   1.55  1.54  1.64  1.58  1.36  1.33  1.13  1.11  1.22  1.51  1.66  1.52
SKEW       .84   .78   .96   .68   .72  1.30   .91  1.24   .70   .98   .70   .68
% NNW     3.13  3.83  3.88  3.79  4.22  3.12  3.07  3.40  3.58  3.52  2.76  2.75
MEAN      3.51  3.61  3.70  3.74  3.53  3.07  3.04  2.84  3.01  3.22  3.23  3.23
STD DEV   1.46  1.33  1.50  1.45  1.40  1.20  1.16   .97  1.15  1.32  1.40  1.23
SKEW       .91   .61   .78   .63   .98  1.05   .81   .66  1.03   .85   .96   .78
CALM     12.69 10.18  7.95 11.37 15.36 19.56 20.37 24.25 21.83 21.11 15.96 12.83
                                                                                
INTERPOLATED DATA (station & weighting factor)                                  
                                                                                
---Wind Stations---                                                             
CHARLESTON    WV    1.000  BECKLEY       WV     .000  HUNTINGTON/TS.WV     .000 
