 United States    Shelbyville 3.1 Ese                                           
 LATT=  35.47 LONG= -86.40 YEARS= 10. TYPE= 3
 ELEVATION =  755. TP5 = 2.53 TP6= 5.25
 MEAN P    .39   .48   .40   .52   .40   .49   .55   .42   .57   .45   .47   .51
 S DEV P   .45   .59   .53   .66   .54   .52   .79   .47   .81   .51   .62   .55
 SKEW  P  1.46  1.85  3.05  1.95  3.60  1.28  2.50  1.35  2.93  1.88  1.88  1.06
 P(W/W)    .54   .55   .49   .48   .50   .53   .59   .43   .51   .54   .41   .57
 P(W/D)    .27   .37   .38   .28   .27   .26   .26   .27   .17   .17   .26   .30
 TMAX AV 48.58 53.98 62.43 73.27 80.35 86.97 88.55 87.46 83.72 73.26 60.57 53.05
 TMIN AV 32.24 36.88 43.50 52.27 61.59 69.18 71.55 69.79 64.01 52.39 41.49 37.97
 SD TMAX 11.27 11.73 10.62  7.71  7.37  5.02  4.68  4.58  6.93  8.98  8.97 10.13
 SD TMIN 12.56 11.47 10.61  8.87  7.66  4.38  3.83  4.45  6.65  9.45 10.61 10.77
 SOL.RAD  188.  239.  334.  444.  514.  564.  555.  494.  413.  307.  215.  161.
 SD SOL   66.8  88.0 118.3 133.8 143.1 104.6  99.0 103.5 106.5  92.7  73.6  56.6
 MX .5 P   .53   .66   .61   .79   .83   .93  1.40   .96   .84   .54   .70   .60
 DEW PT  28.39 32.62 38.98 48.10 59.00 66.11 69.59 68.14 62.10 50.30 38.68 35.71
Time Pk   .200  .310  .400  .480  .560  .650  .720  .780  .840  .900  .960 1.000
% N       8.66  9.11  6.68  7.05  5.89  5.76  6.44  7.51  9.41  8.91  7.03  6.81
MEAN      3.76  3.50  3.44  3.59  3.20  2.75  2.80  2.73  2.88  3.22  3.42  3.42
STD DEV   1.52  1.55  1.47  1.49  1.52  1.27  1.25  1.15  1.35  1.60  1.70  1.59
SKEW       .35   .61   .56   .46   .71   .88   .82   .78   .92   .88   .76   .58
% NNE     4.38  5.50  3.91  3.96  4.42  4.38  5.04  6.17  7.40  5.77  4.07  4.33
MEAN      3.68  3.55  3.57  3.52  3.24  2.95  3.00  3.09  3.49  3.46  3.54  3.48
STD DEV   1.52  1.44  1.41  1.38  1.32  1.25  1.24  1.26  1.63  1.59  1.45  1.61
SKEW       .51   .48   .31   .15   .37   .74   .49   .52   .79   .90   .62   .83
% NE      1.66  2.46  2.20  1.91  2.34  2.78  2.94  3.52  3.54  2.58  1.46  1.58
MEAN      2.58  2.93  2.97  2.84  2.68  2.58  2.68  2.70  2.61  2.67  2.47  2.80
STD DEV    .97  1.16  1.26  1.17  1.11  1.00  1.13  1.25  1.12  1.30  1.07  1.11
SKEW       .67   .79   .60   .83   .48   .47   .76  1.17   .72   .88   .82   .54
% ENE      .95  1.22  1.25  1.23  1.32  1.60  1.84  2.24  2.19  1.20   .78  1.09
MEAN      2.36  2.78  2.64  2.63  2.51  2.45  2.49  2.45  2.49  2.40  2.48  2.35
STD DEV    .79  1.08  1.16  1.04  1.19   .94  1.05   .96  1.08  1.08   .99   .92
SKEW       .26   .67   .57   .38   .96   .41   .70   .70  1.02   .75   .36   .80
% E       1.28  1.91  1.83  1.75  1.81  2.24  2.83  2.50  2.80  1.77   .86  1.68
MEAN      2.27  2.40  2.58  2.46  2.31  2.24  2.19  2.10  2.16  2.14  2.00  2.26
STD DEV    .87   .89  1.11  1.09  1.01   .97   .87   .84   .89   .92   .86   .86
SKEW       .82   .38   .89   .94   .74   .65   .82   .90   .83   .99  1.20   .73
% ESE     2.66  2.57  3.48  2.47  2.84  3.32  3.28  3.40  3.35  2.31  1.83  3.19
MEAN      2.93  3.07  3.33  2.99  2.38  2.53  2.22  2.15  2.39  2.26  2.55  2.94
STD DEV   1.34  1.59  1.58  1.41  1.05  1.03   .93   .86   .93   .92  1.17  1.31
SKEW       .70  1.17   .87   .89   .84   .86  1.10   .93   .86  1.11   .67   .77
% SE      7.74  6.62  7.13  5.93  5.71  6.90  6.95  6.70  8.26  6.95  6.59  8.69
MEAN      3.21  3.54  3.57  3.01  2.50  2.42  2.15  2.24  2.55  2.37  3.07  3.36
STD DEV   1.55  2.01  1.89  1.62  1.18  1.09   .97  1.11  1.14  1.16  1.81  1.74
SKEW       .91  1.12  1.08  1.16  1.16  1.18  1.21  1.79  1.01  1.22  1.45  1.08
% SSE    13.04  8.95  8.88 10.50  9.13  8.27  8.06  7.08  8.73  8.02 10.49 12.38
MEAN      4.41  4.23  3.89  4.00  3.06  2.67  2.47  2.41  2.88  2.74  3.54  4.20
STD DEV   2.10  2.13  2.06  2.09  1.53  1.19  1.08  1.11  1.32  1.42  1.82  2.13
SKEW       .76   .75  1.09   .93   .98   .91  1.21  1.38   .74  1.21  1.04   .66
% S      15.04 11.41 13.53 15.03 12.98 13.37 11.35  9.87  9.05 11.33 14.38 14.27
MEAN      4.36  4.09  4.11  4.07  3.31  2.67  2.52  2.48  2.77  2.66  3.57  3.79
STD DEV   2.03  2.01  2.06  1.99  1.77  1.25  1.14  1.17  1.37  1.36  1.93  1.87
SKEW       .54   .59   .74   .79   .91   .96   .86  1.02   .91  1.09  1.05   .78
% SSW     5.65  5.73  6.73  8.16  7.54  6.85  6.24  5.64  3.79  4.33  5.89  5.24
MEAN      4.68  4.64  4.89  4.94  3.67  3.29  3.07  2.96  3.14  3.34  4.21  4.08
STD DEV   2.09  2.19  2.30  2.18  1.77  1.50  1.40  1.41  1.39  1.73  2.02  2.02
SKEW       .46   .47   .51   .47   .77   .64   .68   .85   .47   .76   .64   .77
% SW      3.33  4.24  4.74  5.10  6.04  5.95  5.17  4.63  2.80  3.08  4.02  3.94
MEAN      3.81  4.10  4.72  4.41  3.45  3.26  3.06  3.00  2.97  3.12  3.61  3.80
STD DEV   1.84  2.14  2.48  2.06  1.65  1.49  1.42  1.35  1.39  1.66  1.91  2.01
SKEW       .70   .53   .83   .43   .70   .47   .56   .73   .39   .84   .66   .94
% WSW     2.43  3.30  4.65  3.71  3.96  4.20  3.70  2.91  1.74  1.84  3.00  3.77
MEAN      4.52  4.36  4.98  4.86  3.81  3.55  3.23  3.48  2.79  3.11  3.97  4.32
STD DEV   2.23  1.91  2.42  2.41  1.68  1.58  1.41  1.43  1.41  1.40  1.85  1.90
SKEW       .68   .43   .65   .50   .52   .43   .67   .54   .75   .71   .50   .63
% W       4.64  5.33  6.64  5.15  5.55  4.73  4.47  4.02  2.91  3.13  5.13  5.05
MEAN      4.10  3.98  4.27  4.23  3.54  3.12  2.78  2.70  2.60  2.80  3.59  3.61
STD DEV   1.91  2.20  2.00  2.06  1.75  1.45  1.24  1.21  1.18  1.32  1.78  1.70
SKEW       .45   .83   .43   .50  1.18   .86   .68   .84   .69   .68   .63   .57
% WNW     5.25  6.30  6.61  5.74  3.86  2.80  2.95  2.68  2.69  3.63  7.17  5.14
MEAN      4.14  4.36  4.56  4.40  3.77  3.00  2.78  2.64  2.70  3.39  4.34  4.07
STD DEV   1.73  1.99  1.91  1.77  1.73  1.38  1.18  1.09  1.28  1.62  1.95  1.76
SKEW       .38   .42   .31   .44   .59   .63   .41   .70   .96   .78   .42   .56
% NW      6.73  7.86  6.86  6.41  5.01  3.72  3.83  4.50  5.77  6.51  7.10  6.26
MEAN      4.06  3.77  4.07  3.82  3.13  2.74  2.61  2.57  2.59  3.10  3.67  3.52
STD DEV   1.79  1.86  1.92  1.77  1.45  1.28  1.17  1.12  1.23  1.50  1.75  1.60
SKEW       .38   .69   .54   .67   .70  1.07   .80   .85  1.12   .78   .59   .57
% NNW     7.11  6.91  5.33  5.74  3.73  3.75  3.61  5.23  5.18  6.39  6.15  5.71
MEAN      3.92  3.74  3.91  3.86  3.06  2.89  2.81  2.91  2.76  3.38  3.70  3.79
STD DEV   1.59  1.68  1.64  1.67  1.35  1.23  1.23  1.23  1.14  1.44  1.61  1.70
SKEW       .38   .60   .36   .41   .77   .70   .67   .68   .86   .49   .50   .68
CALM      9.41 10.54  9.52 10.07 17.86 19.49 21.21 21.49 20.15 22.20 14.12 10.93
                                                                                
INTERPOLATED DATA (station & weighting factor)                                  
                                                                                
---Wind Stations---                                                             
SMITHVILLE    TN     .424  SMYRNA/SEWART TN     .329  TULLAHOMA     TN     .247 
