 United States    Smoot 4.9 Sse                                                 
 LATT=  42.55 LONG=-110.89 YEARS= 10. TYPE= 3
 ELEVATION = 6988. TP5 = 1.00 TP6= 1.58
 MEAN P    .21   .21   .21   .25   .23   .18   .09   .15   .28   .24   .21   .18
 S DEV P   .19   .19   .17   .20   .23   .19   .09   .19   .34   .29   .19   .14
 SKEW  P  1.74  1.56  1.48  1.44  1.63  2.30  1.58  2.43  1.99  3.04  1.78  1.45
 P(W/W)    .61   .60   .56   .54   .65   .59   .41   .49   .61   .59   .48   .51
 P(W/D)    .28   .35   .29   .31   .22   .15   .19   .21   .17   .20   .25   .34
 TMAX AV 28.05 30.61 39.66 43.95 52.86 67.43 76.63 75.34 66.49 50.47 36.13 26.75
 TMIN AV 13.70 16.96 23.67 26.50 30.98 40.17 47.78 46.23 39.12 29.09 17.18 12.44
 SD TMAX  6.86  7.73  6.74  6.87  7.96  7.96  4.68  5.34  8.55 10.11  8.78  8.12
 SD TMIN  9.75  9.47  7.46  6.42  5.82  6.50  4.79  4.93  6.83  9.00 12.03 11.21
 SOL.RAD  161.  222.  322.  434.  534.  661.  656.  566.  424.  268.  165.  132.
 SD SOL   45.4  66.6  94.7 133.0 153.9 145.9 119.9 117.7 113.6  87.5  60.0  37.5
 MX .5 P   .21   .21   .21   .28   .39   .38   .46   .44   .35   .22   .20   .16
 DEW PT  13.41 15.82 21.05 24.64 30.86 36.66 40.54 37.33 32.64 26.21 17.93 13.10
Time Pk   .130  .230  .320  .410  .500  .590  .670  .750  .830  .890  .950 1.000
% N      13.25 11.86  9.80  9.09  9.78  8.61  9.18  9.80 10.08 12.91 10.89 12.13
MEAN      2.91  3.01  3.76  4.10  3.60  3.21  3.11  2.91  3.05  2.81  2.67  2.71
STD DEV   1.67  1.82  2.44  2.33  1.95  1.56  1.61  1.68  1.56  1.38  1.35  1.35
SKEW      1.56  1.88  1.27   .99  1.13  1.32  1.38  1.47  1.34  1.53  1.65  1.59
% NNE     6.11  5.63  6.48  6.14  5.55  5.44  6.48  6.09  7.73  6.16  5.74  5.84
MEAN      2.62  2.61  3.20  3.66  3.45  3.18  3.06  2.99  3.17  2.79  2.56  2.51
STD DEV   1.42  1.36  1.73  2.09  1.90  1.52  1.47  1.40  1.88  1.45  1.24  1.17
SKEW      1.70  1.43  1.17  1.13  1.18  1.02  1.25  1.33  1.64  1.46   .61  1.34
% NE      6.33  7.50  7.20  6.80  6.31  6.44  6.89  6.58  7.68  5.23  5.94  4.84
MEAN      2.46  2.61  3.08  3.36  3.40  3.03  3.08  2.97  3.29  2.62  2.58  2.33
STD DEV   1.19  1.23  1.66  1.80  1.75  1.56  1.44  1.45  1.98  1.33  1.34   .98
SKEW      1.64  1.18  1.43  1.03  1.09  1.37   .99  1.22  1.41  1.19  1.35   .78
% ENE     2.36  3.55  4.03  2.39  2.82  4.15  3.84  3.40  3.71  2.61  2.13  2.05
MEAN      2.29  2.47  2.79  3.00  3.18  2.94  2.98  2.98  2.86  2.41  2.38  2.19
STD DEV   1.01  1.01  1.40  1.43  1.70  1.51  1.45  1.55  1.35  1.16  1.11   .96
SKEW       .74   .68  1.12  1.33   .75   .99   .91  1.22  1.11  1.42   .97   .81
% E       2.25  2.81  3.33  2.78  3.37  3.84  4.03  4.20  3.99  3.11  2.83  1.84
MEAN      2.04  2.18  2.65  2.77  2.66  2.83  2.71  2.72  2.58  2.23  2.09  1.95
STD DEV    .79   .94  1.30  1.55  1.34  1.37  1.21  1.28  1.39   .80   .91   .77
SKEW       .49   .92  1.04  1.30   .78   .91  1.23  1.01  1.52   .15  1.29  1.08
% ESE     1.54  1.30  2.55  2.11  2.41  2.20  3.39  2.48  2.25  1.77  1.44  1.54
MEAN      2.00  2.17  2.58  2.78  2.83  2.78  2.81  2.76  2.47  2.41  2.41  2.03
STD DEV    .82   .82  1.18  1.08  1.40  1.30  1.37  1.31  1.15   .64   .82   .78
SKEW      1.32   .32   .94   .07   .68   .71  1.21  1.09   .85   .46   .79   .67
% SE      3.22  3.33  3.80  3.77  3.59  3.40  3.93  4.37  3.53  3.93  3.42  3.69
MEAN      2.28  2.03  2.69  3.03  3.16  2.72  2.70  2.85  2.81  2.28  2.28  2.06
STD DEV    .94   .73  1.31  1.37  1.54  1.28  1.24  1.42  1.44  1.00   .95   .72
SKEW       .69   .61   .91   .78   .88   .91   .91  1.39  1.05  1.02   .66  -.36
% SSE     2.13  2.28  2.69  3.43  3.00  3.44  3.62  3.55  3.00  2.74  2.71  1.90
MEAN      4.32  3.11  3.30  3.47  3.30  3.28  3.35  3.23  2.72  3.01  3.26  3.90
STD DEV   2.53  1.44  1.39  1.59  1.86  1.46  1.47  1.42  1.26  1.43  1.77  1.29
SKEW       .49   .43  -.16   .95  1.26  1.05   .92   .88   .86   .95  1.25   .39
% S       5.44  5.05  6.36  7.29  7.26  7.61  7.83  8.42  8.48  7.35  7.27  5.64
MEAN      5.18  4.41  3.86  4.23  4.58  4.08  4.51  3.89  3.74  4.01  4.33  4.58
STD DEV   3.23  2.72  1.83  2.10  3.20  2.09  2.54  2.07  2.19  2.33  2.53  2.74
SKEW      1.27   .88  1.71   .84  1.20  1.01  1.06  1.67  1.74  1.56  1.14  1.05
% SSW     9.09  9.00  9.86 12.69 11.88 11.30  9.02 10.73 10.50  9.80 11.07  9.01
MEAN      5.88  4.67  5.29  5.62  5.63  5.52  5.18  4.85  4.69  5.17  5.50  5.61
STD DEV   3.10  2.67  3.09  2.92  2.67  2.76  2.44  2.28  2.29  2.84  2.98  2.96
SKEW       .80  1.96  1.05   .80   .59   .63   .59   .64   .70   .81  1.19   .84
% SW      8.94 10.74 12.67 15.04 14.65 14.00 12.88 12.40 11.12 10.46 10.71  9.83
MEAN      5.22  4.75  6.28  6.34  6.14  5.75  5.80  5.63  5.38  4.96  5.22  5.05
STD DEV   3.28  3.07  3.65  3.53  3.38  2.89  2.73  2.88  2.90  3.07  2.98  3.25
SKEW      1.28  1.28   .92   .94   .68   .75   .45   .79   .74  1.15   .81  1.12
% WSW     3.72  4.15  5.03  5.15  6.03  7.02  7.08  5.54  4.55  3.96  4.03  3.72
MEAN      4.10  3.45  4.65  5.97  6.06  5.76  5.14  4.79  4.84  3.83  3.62  3.49
STD DEV   2.33  2.02  2.63  3.62  3.11  2.96  2.57  2.46  3.17  2.11  2.22  2.10
SKEW      1.67  1.53   .95  1.03   .88   .62   .59   .69  1.25   .96  1.12   .03
% W       3.98  3.69  4.30  4.89  4.64  4.75  5.49  4.17  4.46  4.21  4.37  4.29
MEAN      2.64  2.91  3.88  4.20  4.02  4.22  3.65  3.79  2.83  3.18  2.65  2.76
STD DEV   1.59  1.48  2.52  2.50  2.55  2.65  2.23  2.04  1.62  2.27  1.59  1.83
SKEW      1.32   .74  1.21   .79  1.14   .93  1.58   .84  1.35  1.63  1.72  1.60
% WNW     2.23  1.97  2.55  2.58  2.22  2.84  2.22  1.84  2.23  2.34  2.36  2.88
MEAN      2.88  2.60  3.17  3.43  3.71  3.53  3.17  3.29  3.12  2.85  2.46  2.79
STD DEV   1.95  1.31  2.17  1.84  1.54  1.96  1.85  1.31  1.87  1.93  1.31  1.86
SKEW      1.41   .87  1.63   .33   .53   .66   .72   .71  1.30  1.41   .97  1.39
% NW      4.25  4.89  4.01  4.13  3.93  4.22  3.94  4.00  3.83  3.87  3.57  4.08
MEAN      2.91  3.03  3.11  3.58  3.51  3.65  3.22  2.92  2.75  3.19  2.85  2.46
STD DEV   1.79  2.23  1.70  2.16  2.00  2.65  1.81  1.30  1.49  2.06  1.77  1.24
SKEW      1.30  1.60   .91   .84   .90  1.46  1.00   .52  1.09  1.39  1.28   .88
% NNW     7.80  8.74  6.77  5.06  5.96  4.10  3.86  4.56  4.46  6.42  5.65  8.49
MEAN      3.31  4.44  4.41  4.68  4.70  4.31  3.60  3.64  4.18  3.88  3.07  3.60
STD DEV   2.02  3.03  2.62  3.07  2.37  2.50  2.02  1.84  2.32  2.25  1.95  2.21
SKEW      1.29  1.09   .96  1.24   .70   .85   .86   .96   .79  1.11  1.92  1.00
CALM     17.43 13.45  8.55  6.68  6.46  6.57  6.24  7.83  8.35 13.12 15.77 18.23
                                                                                
INTERPOLATED DATA (station & weighting factor)                                  
                                                                                
---Wind Stations---                                                             
IDAHO FALLS   ID     .357  IDAHO FALLS   ID     .357  LANDER        WY     .286 
