 United States    Wood River 1 Nnw                                              
 LATT=  40.83 LONG= -98.60 YEARS= 10. TYPE= 3
 ELEVATION = 1975. TP5 = 2.37 TP6= 4.78
 MEAN P    .12   .14   .26   .29   .52   .41   .40   .35   .36   .38   .28   .18
 S DEV P   .17   .16   .31   .39  1.15   .56   .47   .47   .56   .48   .37   .20
 SKEW  P  2.24  1.79  1.63  2.59  6.76  2.10  2.15  2.44  2.55  2.14  1.57  1.83
 P(W/W)    .32   .39   .46   .48   .50   .49   .44   .27   .43   .46   .30   .35
 P(W/D)    .09   .12   .17   .25   .27   .29   .23   .23   .18   .16   .10   .12
 TMAX AV 36.73 39.53 54.81 63.93 73.03 85.13 88.39 85.36 80.55 66.14 52.00 38.65
 TMIN AV 17.55 19.29 30.43 40.06 50.55 62.87 66.98 63.66 56.62 42.31 29.65 20.21
 SD TMAX 12.49 14.08 14.07 11.41 10.46  6.60  6.18  5.78  8.75 10.59 11.72 12.03
 SD TMIN 11.10 11.24 10.69  9.30  8.77  6.35  5.46  5.34  9.01  9.10  9.42 10.35
 SOL.RAD  169.  233.  324.  430.  501.  588.  582.  499.  396.  273.  183.  141.
 SD SOL   50.6  74.1 103.0 134.6 168.3 130.8 115.0 118.2 102.1  82.1  55.9  42.9
 MX .5 P   .03   .08   .23   .35  1.01   .84   .89   .69   .61   .34   .14   .06
 DEW PT  15.92 17.23 27.76 36.30 47.76 59.77 63.87 62.45 53.76 38.10 26.45 18.54
Time Pk   .150  .260  .350  .450  .530  .620  .700  .770  .840  .900  .960 1.000
% N       7.90  7.04  8.27  8.63  6.12  6.70  6.86  5.46  6.00  7.14  6.42  5.62
MEAN      5.81  6.11  6.72  5.94  5.41  4.79  4.29  4.28  4.77  5.23  5.91  5.31
STD DEV   2.76  2.80  3.38  2.57  2.58  2.18  1.96  1.90  2.10  2.35  2.51  2.27
SKEW       .54   .30   .44   .30   .45   .45   .57   .60   .42   .41   .27   .55
% NNE     2.07  2.77  3.65  4.04  4.11  4.73  4.25  3.44  2.67  3.23  2.30  1.98
MEAN      4.35  4.56  5.54  5.29  5.31  4.11  3.96  3.89  4.04  4.50  4.74  4.93
STD DEV   1.87  1.87  2.61  2.24  2.88  1.97  1.85  1.80  1.61  2.01  2.25  2.21
SKEW       .65   .21   .34   .39   .49   .73   .63   .72   .18   .58   .38   .53
% NE      1.91  2.43  3.52  4.17  4.13  3.61  4.50  3.23  3.09  2.06  2.01  1.72
MEAN      3.50  4.00  4.55  4.54  4.19  3.87  3.83  3.26  3.59  3.65  3.80  3.71
STD DEV   1.65  1.62  2.23  2.13  2.07  1.77  1.77  1.42  1.62  1.85  1.70  1.49
SKEW       .76   .15   .53   .56   .77   .54   .69   .55   .57   .82   .32   .39
% ENE     1.76  2.26  3.20  3.22  3.59  3.29  3.51  3.22  3.55  1.37  1.20  1.42
MEAN      3.17  4.24  4.06  5.07  4.09  3.80  3.59  3.25  3.57  2.91  3.87  3.07
STD DEV   1.43  1.97  1.84  2.20  1.90  1.79  1.60  1.47  1.63  1.21  1.92  1.57
SKEW       .54   .38   .80   .31   .81   .51   .63   .85   .75   .85   .49  1.13
% E       2.74  4.07  4.28  5.62  5.77  5.23  6.28  5.54  4.10  2.62  2.26  2.42
MEAN      3.20  3.87  4.70  4.97  4.46  3.71  3.53  3.12  3.43  3.13  3.11  3.08
STD DEV   1.52  2.04  2.30  2.42  2.05  1.74  1.68  1.41  1.60  1.41  1.36  1.46
SKEW       .53   .60   .65   .52   .41   .82  1.08  1.01   .71   .76   .75  1.02
% ESE     3.78  4.51  4.71  5.28  5.44  5.25  6.11  6.05  5.37  4.26  3.40  3.77
MEAN      3.46  3.92  4.84  4.91  4.51  4.19  3.79  3.30  3.76  3.44  3.60  3.37
STD DEV   1.59  1.98  2.07  2.26  2.06  1.84  1.79  1.42  1.53  1.42  1.71  1.70
SKEW       .64   .58   .62   .32   .41   .51   .74   .86   .46   .86  1.10  1.04
% SE      5.47  6.70  6.52  7.20  8.22  6.99  8.40  9.50  7.11  6.92  5.18  5.90
MEAN      3.89  4.72  4.64  5.20  5.31  4.27  4.51  3.90  4.02  4.15  3.77  4.20
STD DEV   1.90  2.09  2.05  2.56  2.48  2.14  2.22  1.80  1.96  1.93  1.77  2.06
SKEW       .60   .40   .36   .58   .54  1.07   .86   .66   .89   .69   .98   .50
% SSE     5.68  6.57  6.40  7.95 10.78 10.99 11.40 11.58 10.15  8.61  5.91  5.56
MEAN      4.91  5.83  6.02  6.87  6.56  5.79  5.30  5.02  5.30  5.62  4.97  4.55
STD DEV   2.15  2.44  2.62  2.94  2.70  2.46  2.08  2.13  2.18  2.67  2.11  2.21
SKEW       .13   .19   .19   .40   .24   .18   .43   .46   .20   .64   .47   .49
% S       7.51  5.92  7.30  7.89 13.17 12.95 13.80 12.85 13.35  9.72  8.22  5.60
MEAN      5.34  5.12  6.27  6.94  7.08  6.53  5.79  5.69  6.37  6.12  5.49  4.82
STD DEV   2.58  2.50  2.93  3.02  2.92  2.72  2.30  2.22  2.55  2.76  2.47  2.52
SKEW       .42   .39   .29   .23   .11   .18   .31   .15   .09   .41   .34   .77
% SSW     5.32  4.11  4.55  5.76  6.23  7.82  7.41  9.26  7.97  6.33  6.39  4.67
MEAN      5.19  5.44  6.05  6.39  6.29  6.31  5.41  5.48  6.11  5.77  5.59  4.62
STD DEV   2.56  2.69  2.88  2.71  2.89  2.62  2.25  2.31  2.70  2.71  2.68  2.23
SKEW       .43   .46   .19   .29   .57   .02   .13   .25   .21   .35   .42   .56
% SW      3.83  3.24  3.83  2.85  2.85  3.83  3.44  3.81  3.73  4.12  4.43  4.15
MEAN      3.59  3.60  4.18  5.23  5.29  4.50  4.15  3.90  4.38  4.27  4.22  3.92
STD DEV   1.77  1.82  2.32  2.47  2.56  2.50  2.02  2.02  2.37  2.06  2.23  1.97
SKEW       .78   .76   .88   .58   .43  1.15   .51  1.03   .78   .57   .83   .72
% WSW     4.01  2.80  2.74  2.02  2.26  2.87  2.31  2.80  2.50  3.74  3.94  4.68
MEAN      3.57  3.29  3.85  4.94  4.93  3.70  3.23  3.42  3.87  3.84  3.52  3.67
STD DEV   1.69  1.65  2.03  2.70  2.66  1.87  1.48  1.64  2.33  1.94  1.77  1.86
SKEW      1.04   .69  1.27   .58   .81   .84   .80   .94   .94   .96  1.07   .98
% W       7.16  7.46  5.39  4.12  3.93  3.49  3.35  4.12  4.10  5.79  7.67  9.12
MEAN      3.83  3.63  4.09  4.66  5.16  3.56  3.05  3.15  3.55  3.73  3.82  3.99
STD DEV   1.96  1.83  2.53  2.66  3.09  1.89  1.44  1.63  2.12  2.14  1.84  2.06
SKEW      1.06   .94  1.36   .81   .85  1.04  1.07  1.29  1.26  1.25  1.02  1.07
% WNW     7.33  7.56  6.18  5.44  4.57  4.32  2.81  3.46  5.28  8.03 10.11 10.27
MEAN      4.63  4.82  5.75  5.66  5.25  4.17  3.65  3.68  4.12  4.40  5.07  4.97
STD DEV   2.27  2.69  3.51  3.32  3.18  2.27  1.84  2.11  2.38  2.51  2.81  2.61
SKEW       .63  1.23  1.25   .82  1.56   .79  1.16  1.56  1.25  1.40  1.26   .93
% NW     14.55 13.37 11.22 10.00  7.30  6.84  4.76  5.11  7.22  9.79 13.19 14.41
MEAN      6.79  6.47  7.31  7.49  6.42  5.24  4.33  4.37  5.24  6.01  6.96  6.86
STD DEV   3.61  3.19  3.83  3.76  3.17  2.82  2.50  2.46  2.83  3.16  3.49  3.18
SKEW       .61   .69   .66   .48   .35   .61  1.07   .90   .56   .48   .48   .49
% NNW    14.62 14.62 14.92 12.47  8.38  6.92  6.28  5.69  7.78 10.88 12.22 13.66
MEAN      6.86  7.44  7.60  7.78  6.05  5.62  4.75  4.89  5.55  6.48  7.36  7.32
STD DEV   3.17  3.08  3.29  3.36  3.02  2.77  2.28  2.25  2.73  2.86  3.67  3.04
SKEW       .45   .60   .25   .43   .36   .73   .68   .33   .47   .28   .67   .34
CALM      4.27  4.55  3.28  3.27  3.10  4.18  4.45  4.93  6.05  5.49  5.21  5.02
                                                                                
INTERPOLATED DATA (station & weighting factor)                                  
                                                                                
---Wind Stations---                                                             
NORFOLK       NB     .437  VALENTINE     NB     .299  SIOUX CITY    IA     .264 
