 United States    Caprock                                                       
 LATT=  33.34 LONG=-103.68 YEARS= 10. TYPE= 3
 ELEVATION = 4344. TP5 = 2.47 TP6= 4.39
 MEAN P    .23   .14   .28   .45   .40   .33   .45   .36   .42   .56   .35   .31
 S DEV P   .27   .11   .24   .45   .39   .30   .53   .37   .52   .67   .40   .31
 SKEW  P  2.32  1.57  1.41   .92  1.09  1.25  1.91  1.95  2.08  1.68  2.03  1.20
 P(W/W)    .18   .11   .20   .25   .26   .16   .34   .25   .40   .34   .18   .29
 P(W/D)    .05   .06   .04   .05   .07   .12   .16   .17   .16   .10   .05   .05
 TMAX AV 55.11 61.23 70.80 78.08 83.97 94.08 92.34 91.01 84.34 75.33 63.72 55.25
 TMIN AV 29.41 33.10 40.74 47.81 55.36 66.11 68.34 67.65 61.41 49.49 38.11 31.15
 SD TMAX 10.39 11.67  9.22  7.69  8.47  6.28  5.52  5.63  6.70  8.17  9.16 10.16
 SD TMIN  8.05  9.60  8.12  7.75  7.45  4.22  3.19  4.03  4.99  8.01  8.70  7.73
 SOL.RAD  271.  347.  455.  572.  649.  673.  625.  580.  474.  390.  285.  227.
 SD SOL   66.1  88.3 110.2 118.7 118.9  90.6 104.9  94.7 113.6  88.6  71.7  62.3
 MX .5 P   .05   .06   .09   .23   .33   .44   .86   .64   .61   .34   .12   .08
 DEW PT  18.45 20.00 23.11 27.04 33.70 48.38 54.84 55.03 52.05 39.70 27.51 22.24
Time Pk   .120  .220  .320  .400  .480  .570  .650  .740  .820  .890  .960 1.000
% N       7.09  7.25  5.90  5.62  4.92  3.80  3.89  4.08  5.67  6.89  6.88  7.60
MEAN      4.61  5.04  5.14  5.65  5.16  4.81  4.49  4.34  4.45  4.62  4.59  4.73
STD DEV   2.34  2.53  2.63  2.82  2.47  2.29  2.12  2.04  2.03  2.37  2.22  2.45
SKEW       .98   .86   .89   .84   .73   .83   .96  1.08   .76   .95   .88   .95
% NNE     4.42  5.25  3.75  4.46  4.39  3.17  3.21  3.25  4.05  4.43  4.79  4.76
MEAN      4.74  5.49  5.55  5.58  5.39  5.26  4.65  4.59  4.83  4.91  5.02  5.13
STD DEV   2.24  2.53  2.45  2.44  2.47  2.39  2.24  2.04  2.33  2.26  2.45  2.72
SKEW       .64   .55   .60   .57   .71   .60  1.01   .86   .78   .60   .60  1.06
% NE      5.29  5.68  5.47  5.45  5.12  4.23  4.10  4.35  5.98  5.84  5.34  5.26
MEAN      4.17  4.70  5.04  4.99  4.46  4.58  4.22  4.19  4.38  4.28  4.48  4.32
STD DEV   2.08  2.28  2.28  2.22  2.06  2.09  1.95  1.85  2.11  2.07  2.23  2.25
SKEW      1.12   .77   .79   .66  1.13   .78   .83  1.05   .90   .94   .80  1.34
% ENE     2.71  2.87  3.01  2.96  3.37  3.29  3.25  2.81  3.46  2.96  2.48  2.37
MEAN      3.62  4.05  4.47  4.32  4.34  4.56  4.39  3.96  4.09  3.94  3.74  3.68
STD DEV   1.48  1.72  1.94  1.76  1.86  1.94  1.92  1.64  1.74  1.65  1.73  1.72
SKEW       .80   .69   .87   .76   .72   .95   .80   .83   .67   .97   .89  1.13
% E       2.62  2.75  3.41  3.97  4.41  4.46  5.07  4.76  4.15  3.15  2.97  2.36
MEAN      3.28  3.75  3.95  4.03  4.27  4.28  4.24  4.03  3.54  3.39  3.23  3.22
STD DEV   1.37  1.77  1.57  1.65  1.80  1.82  1.85  1.74  1.43  1.47  1.34  1.30
SKEW       .77  1.13   .74   .98   .91   .77   .80   .82   .95   .94   .97   .81
% ESE     1.80  1.61  2.30  3.22  3.49  4.85  5.23  4.55  3.61  2.28  1.87  1.53
MEAN      3.16  3.51  4.13  4.43  4.71  4.76  4.85  4.56  4.01  3.55  3.34  3.02
STD DEV   1.12  1.33  1.61  1.75  2.00  1.81  1.79  1.88  1.59  1.38  1.24  1.05
SKEW       .51   .48   .80   .63   .84   .53   .44   .74   .40   .22   .53   .44
% SE      3.53  3.64  4.69  5.52  6.72  9.37 11.24  9.45  7.01  5.83  4.35  3.28
MEAN      3.36  3.98  4.46  4.79  5.04  5.26  4.90  4.60  4.27  4.03  3.78  3.46
STD DEV   1.38  1.73  1.75  1.90  2.23  2.17  1.92  1.72  1.76  1.66  1.72  1.32
SKEW       .61   .89   .61   .29   .70   .87   .51   .41   .69   .64   .88   .63
% SSE     6.78  6.72  8.10  8.32  9.93 13.52 14.18 11.01 10.71  9.07  7.16  6.32
MEAN      4.13  4.76  5.46  5.69  5.90  5.77  5.22  4.77  4.95  4.75  4.39  4.14
STD DEV   1.81  1.92  2.35  2.25  2.34  2.15  1.98  1.80  1.89  1.82  1.83  1.59
SKEW       .72   .55   .55   .44   .45   .44   .71   .37   .38   .37   .75   .49
% S       7.91  9.19 10.14 10.10 11.67 15.28 16.42 15.76 14.37 11.67  9.01  8.00
MEAN      4.16  4.70  5.27  5.64  5.72  5.69  4.89  4.70  4.74  4.60  4.34  4.26
STD DEV   1.81  2.02  2.42  2.50  2.52  2.35  1.91  1.87  1.95  2.03  2.01  2.00
SKEW       .95   .77   .91   .71   .78   .64   .54   .56   .68   .74   .91  1.02
% SSW     4.93  4.93  5.57  6.04  7.13  7.57  6.71  7.09  6.62  5.48  4.92  4.98
MEAN      4.89  4.99  5.67  6.03  6.23  5.92  4.60  4.47  4.60  4.55  4.83  4.84
STD DEV   2.53  2.49  2.84  3.02  3.14  2.77  1.82  1.79  2.01  2.10  2.65  2.51
SKEW      1.08  1.11  1.09  1.04   .58   .68   .62   .56   .80   .90  1.28  1.11
% SW      7.65  8.06  8.56  8.96  9.10  8.29  6.93  8.23  8.35  8.59  8.32  7.36
MEAN      4.66  5.07  6.13  6.12  6.08  5.51  4.31  4.08  4.24  4.39  4.44  4.44
STD DEV   2.79  2.85  3.62  3.10  3.17  2.73  1.95  1.90  1.95  2.15  2.52  2.42
SKEW      1.42  1.30  1.41   .84   .79   .75   .82  1.08  1.15  1.05  1.35  1.39
% WSW     6.09  6.72  7.61  7.48  6.19  4.16  2.84  3.53  3.62  4.75  5.71  6.30
MEAN      5.11  5.98  6.88  7.12  6.26  5.32  4.49  4.06  4.20  4.53  4.49  4.81
STD DEV   3.00  3.45  3.59  3.73  3.33  2.56  2.22  1.90  1.97  2.36  2.50  2.85
SKEW      1.40  1.07   .96   .75  1.12   .75  1.01  1.14  1.09  1.28  1.46  1.40
% W       8.95  9.29  9.93  9.17  7.38  4.85  3.46  4.51  4.62  6.40  8.76  9.61
MEAN      4.54  5.62  6.68  6.55  5.61  4.82  4.18  4.05  4.03  4.20  4.46  4.52
STD DEV   2.74  3.44  3.55  3.62  2.83  2.40  2.07  2.10  1.81  2.20  2.57  2.72
SKEW      1.45  1.27   .98  1.11   .93   .92  1.07  1.16   .80  1.23  1.41  1.53
% WNW     5.22  5.31  5.05  4.35  3.18  2.16  1.62  2.19  2.07  2.84  4.35  5.21
MEAN      5.39  6.05  6.71  6.42  5.45  4.61  4.17  4.20  3.79  4.01  4.68  5.14
STD DEV   3.44  3.60  3.67  3.73  2.74  2.30  2.00  2.01  1.84  1.95  2.80  3.24
SKEW      1.21  1.11  1.06  1.19   .87  1.05  1.02   .83   .98   .66  1.26  1.24
% NW      5.36  5.49  4.67  3.48  3.35  2.25  2.09  2.72  2.63  3.75  5.16  5.19
MEAN      4.62  5.44  5.78  5.17  4.79  4.22  3.86  3.82  3.60  3.61  4.25  4.41
STD DEV   2.92  3.13  3.39  2.75  2.52  2.16  1.95  1.84  1.66  1.82  2.53  2.99
SKEW      1.16   .83   .89   .94   .98  1.22  1.37  1.07   .98  1.16  1.20  1.69
% NNW     4.74  4.79  3.97  3.39  3.09  2.33  2.34  2.41  2.82  4.09  4.66  4.72
MEAN      4.52  4.97  6.05  5.10  4.54  4.62  4.25  3.98  3.84  3.99  4.34  4.25
STD DEV   2.61  2.69  3.69  2.43  2.00  2.06  1.92  1.74  1.66  1.87  2.21  2.24
SKEW      1.39  1.10  1.27  1.13   .94   .85  1.16   .94   .74  1.13  1.08  1.09
CALM     14.94 10.37  7.89  7.51  6.60  6.44  7.44  9.36 10.22 11.99 13.29 15.16
                                                                                
INTERPOLATED DATA (station & weighting factor)                                  
                                                                                
---Wind Stations---                                                             
ROSWELL/WALK. NM     .364  ROSWELL       NM     .364  TUCUMCARI     NM     .271 
