 United States    Oelwein 1E                                                    
 LATT=  42.68 LONG= -91.88 YEARS= 10. TYPE= 3
 ELEVATION = 1161. TP5 = 2.71 TP6= 6.17
 MEAN P    .15   .22   .23   .32   .32   .43   .70   .44   .47   .39   .20   .23
 S DEV P   .15   .28   .28   .39   .42   .46  1.29   .61   .54   .48   .27   .31
 SKEW  P  1.45  2.37  2.40  2.09  2.47  1.76  4.92  2.92  1.65  1.55  2.13  2.67
 P(W/W)    .33   .21   .44   .51   .53   .53   .34   .35   .41   .40   .37   .40
 P(W/D)    .20   .18   .20   .25   .32   .33   .24   .25   .23   .21   .21   .20
 TMAX AV 26.01 29.27 45.08 59.45 71.39 79.96 82.70 80.23 74.96 61.24 45.08 32.64
 TMIN AV 11.46 13.78 27.78 39.21 51.70 61.90 65.26 61.94 55.20 42.47 29.21 19.81
 SD TMAX 12.74 13.01 14.09 11.30  9.79  6.07  5.53  4.81  8.15 10.17 11.72 11.76
 SD TMIN 14.20 13.66 12.57  9.40  8.93  6.12  6.18  5.87  9.05  9.54 10.28 12.53
 SOL.RAD  142.  216.  313.  384.  470.  529.  545.  475.  362.  232.  147.  113.
 SD SOL   38.4  66.3  98.8 139.5 151.0 144.8 127.4 119.9 104.9  85.7  51.5  35.8
 MX .5 P   .17   .17   .21   .38   .66   .79  1.25   .82   .67   .38   .22   .14
 DEW PT  12.00 14.06 25.66 35.03 48.50 59.52 64.33 61.52 54.25 40.09 27.47 19.57
Time Pk   .150  .260  .350  .450  .530  .620  .700  .770  .840  .900  .960 1.000
% N       5.52  6.76  7.10  6.68  6.92  5.63  5.52  5.66  5.39  4.98  4.44  4.78
MEAN      5.80  6.00  6.83  6.46  5.79  5.15  4.65  4.53  4.54  5.18  5.99  5.55
STD DEV   2.50  2.81  3.17  3.00  2.65  2.18  2.02  1.97  1.97  2.17  2.53  2.45
SKEW       .54   .73   .52   .67   .53   .40   .56   .58   .60   .48   .37   .64
% NNE     2.67  3.86  4.27  3.70  4.14  3.13  3.17  3.11  2.52  2.50  2.72  2.98
MEAN      5.71  5.99  6.50  6.22  5.73  5.13  4.46  4.16  4.24  5.18  6.07  5.96
STD DEV   2.54  2.79  2.96  2.71  2.36  1.93  2.13  1.84  1.69  2.34  2.48  2.40
SKEW       .51   .69   .58   .56   .58   .53   .81   .67   .57   .87   .18   .15
% NE      1.85  3.00  4.05  3.65  4.23  3.12  2.96  2.87  2.71  1.68  1.90  2.19
MEAN      4.65  5.30  5.86  5.27  4.95  4.46  3.58  3.58  4.10  4.17  5.08  4.68
STD DEV   2.20  2.75  2.68  2.42  2.21  1.96  1.67  1.70  1.85  1.94  2.34  2.27
SKEW       .54   .78   .47   .47   .44   .63   .86   .82   .81   .52   .54   .56
% ENE     1.31  2.66  3.66  3.38  3.60  2.98  2.44  2.13  2.19  1.23  1.27  1.91
MEAN      4.73  5.88  6.52  6.29  5.33  4.70  4.09  3.78  4.02  4.23  4.74  5.15
STD DEV   2.31  2.53  3.00  3.10  2.10  1.81  1.67  1.56  1.75  1.76  2.23  2.32
SKEW       .71   .46   .55   .62   .39   .33   .71   .33   .82   .42   .53   .71
% E       2.14  3.70  4.57  5.20  5.13  4.15  3.77  3.48  3.56  1.84  2.19  2.62
MEAN      5.11  6.25  6.34  6.68  5.76  4.98  4.10  3.73  4.13  4.06  4.74  5.15
STD DEV   2.56  3.42  3.01  3.26  2.50  2.20  1.78  1.70  1.73  1.75  2.17  2.45
SKEW       .53   .84   .54   .46   .29   .66   .38   .64   .39   .55   .45   .54
% ESE     4.02  4.31  6.33  7.27  6.94  5.89  5.10  5.14  4.81  4.44  3.96  4.50
MEAN      5.44  5.87  6.26  6.82  6.10  5.35  4.38  4.34  4.55  4.83  5.29  5.57
STD DEV   2.22  2.69  2.65  2.75  2.51  2.19  1.89  1.79  1.91  2.14  2.33  2.26
SKEW       .40   .38   .28   .15   .31   .51   .71   .66   .63   .78   .51   .39
% SE      5.37  5.53  6.63  6.87  7.69  8.35  7.59  9.31  7.36  8.47  5.93  6.26
MEAN      5.53  5.69  5.85  6.14  5.96  5.19  4.48  4.55  4.75  5.07  4.98  5.66
STD DEV   2.40  2.53  2.53  2.62  2.54  2.21  1.97  2.06  2.13  2.32  2.26  2.51
SKEW       .57   .31   .32   .03   .35   .45   .54   .56   .45   .58   .44   .44
% SSE     6.75  6.63  6.63  6.91  8.12  9.56  9.33  9.53  9.90 10.03  7.27  7.71
MEAN      6.13  6.39  6.45  7.01  6.64  6.10  5.16  5.21  5.61  5.77  6.09  6.09
STD DEV   2.52  2.67  2.73  2.79  2.81  2.45  2.14  2.32  2.48  2.54  2.53  2.47
SKEW       .35   .31   .37   .23   .41   .39   .55   .68   .60   .52   .45   .39
% S       8.93  7.35  7.06  7.48 10.29 13.18 13.94 14.45 14.08 13.10 10.63  8.62
MEAN      5.72  5.59  5.91  6.59  6.61  6.24  5.36  5.07  5.59  5.84  5.60  5.94
STD DEV   2.58  2.52  2.76  3.15  2.86  2.65  2.38  2.29  2.50  2.74  2.51  2.60
SKEW       .59   .58   .58   .36   .34   .30   .51   .62   .56   .68   .63   .50
% SSW     4.53  4.11  3.29  5.23  5.76  7.14  7.21  7.43  6.28  5.95  5.67  4.21
MEAN      6.07  6.17  6.17  7.25  6.90  6.13  5.53  5.53  6.01  6.15  6.14  5.90
STD DEV   2.75  2.65  2.69  3.03  2.88  2.50  2.27  2.30  2.34  2.68  2.65  2.66
SKEW       .58   .42   .46   .08   .13   .30   .46   .63   .31  1.65   .44   .85
% SW      4.11  3.68  2.76  3.90  4.50  5.43  4.81  5.30  4.31  4.72  5.07  4.60
MEAN      5.58  5.52  5.48  6.40  6.36  5.39  4.82  4.72  4.88  5.43  5.47  5.75
STD DEV   2.44  2.46  2.65  2.92  2.81  2.26  2.22  2.17  2.22  2.39  2.45  2.38
SKEW       .30   .50   .57   .17   .30   .36   .60   .50   .55   .48   .56   .15
% WSW     4.65  4.24  2.88  3.09  3.43  4.77  3.72  3.58  4.09  4.18  4.82  5.09
MEAN      5.48  5.65  5.92  6.53  6.22  5.23  4.60  4.40  5.17  5.34  5.56  5.77
STD DEV   2.19  2.36  2.48  3.00  3.07  2.24  1.95  1.77  2.11  2.35  2.32  2.20
SKEW       .31   .42   .57   .65  1.44   .54   .44   .44   .54   .66   .45   .42
% W       8.58  6.31  5.59  4.84  5.20  5.59  5.30  4.88  5.70  6.61  7.84  8.00
MEAN      5.87  5.34  5.62  6.18  5.66  4.99  4.18  4.10  4.72  5.19  5.78  5.81
STD DEV   2.73  2.60  2.83  3.18  2.77  2.20  1.86  1.79  2.12  2.38  2.65  2.66
SKEW       .91  1.34   .98   .85  1.08   .78   .92   .69   .76   .89   .73   .77
% WNW    14.83 13.25 11.13  9.60  7.60  6.57  6.93  5.61  7.85  9.99 14.11 13.44
MEAN      7.20  6.85  7.03  7.77  6.88  5.91  4.72  4.69  5.62  6.20  7.58  6.85
STD DEV   3.11  2.98  3.13  3.66  3.14  2.66  2.09  2.10  2.46  2.72  3.39  2.81
SKEW       .57   .59   .77   .56   .58   .60   .75   .70   .58   .66   .77   .29
% NW     14.06 13.54 12.74 10.97  7.04  5.98  7.28  6.11  8.03 10.08 12.54 13.52
MEAN      7.33  7.31  7.25  7.66  6.49  5.78  5.02  4.73  5.61  6.52  7.49  6.94
STD DEV   2.98  2.88  2.94  3.19  2.69  2.56  2.32  2.26  2.47  2.92  3.34  2.82
SKEW       .48   .22   .41   .26   .31   .45   .61   .84   .74   .64   .96   .42
% NNW     8.11  7.78  8.35  8.21  5.99  4.43  4.72  4.50  5.73  6.11  6.65  6.54
MEAN      7.29  7.07  7.74  7.80  6.72  6.14  5.28  5.07  5.46  6.24  7.00  6.96
STD DEV   2.88  2.99  3.05  3.03  2.68  2.48  2.16  2.20  2.18  2.65  2.84  2.89
SKEW       .28   .78   .19   .25   .33   .39   .49   .48   .42   .54   .31   .50
CALM      2.64  3.32  2.98  2.96  3.47  4.06  6.22  6.87  5.55  4.12  2.93  3.07
                                                                                
INTERPOLATED DATA (station & weighting factor)                                  
                                                                                
---Wind Stations---                                                             
MASON CITY    IA     .817  WATERLOO      IA     .097  ROCHESTER     MN     .086 
