 United States    Waiehu Camp 484                                               
 LATT=  20.92 LONG=-156.51 YEARS= 10. TYPE= 3
 ELEVATION =  322. TP5 = 2.72 TP6=10.58
 MEAN P    .37   .27   .36   .29   .30   .09   .13   .15   .19   .17   .23   .32
 S DEV P   .58   .43   .58   .67   .61   .11   .27   .28   .49   .39   .37   .58
 SKEW  P  2.46  2.92  2.57  4.72  3.64  2.43  5.25  4.55  5.21  6.23  2.99  3.49
 P(W/W)    .54   .59   .60   .57   .52   .52   .57   .60   .44   .54   .64   .64
 P(W/D)    .27   .27   .31   .20   .21   .20   .29   .28   .29   .26   .31   .31
 TMAX AV 74.58 74.16 74.30 75.96 77.05 78.47 79.58 80.22 80.30 79.58 77.78 75.96
 TMIN AV 71.66 71.02 70.91 72.20 73.29 74.43 75.53 76.26 76.39 76.02 74.40 72.73
 SD TMAX  1.38  1.80  1.81  1.60  1.40  1.20  1.52  1.37  1.57  1.47  1.73  1.75
 SD TMIN  1.38  2.00  1.68  1.46  1.38  1.28  1.49  1.52  1.68  1.35  1.51  1.58
 SOL.RAD  421.  458.  520.  602.  655.  669.  667.  628.  586.  494.  408.  375.
 SD SOL   70.3  96.6 124.1 108.7  82.7  70.0  70.7  97.0  83.3  88.0  93.1  80.1
 MX .5 P   .79   .51   .74   .65   .78   .60   .84   .70   .69   .51   .65   .78
 DEW PT  64.05 64.11 63.67 65.36 66.38 67.37 68.83 69.43 69.62 69.11 67.23 65.90
Time Pk   .270  .390  .480  .560  .630  .710  .770  .810  .860  .900  .950 1.000
% N       8.02  8.74  6.81  5.27  3.84  2.39  1.26  2.19  2.56  7.53  8.77  8.83
MEAN      5.69  5.72  5.69  5.04  4.69  4.09  3.02  3.68  3.69  4.99  5.66  5.73
STD DEV   2.32  2.20  2.27  2.11  1.87  1.83  1.38  1.74  2.21  1.99  2.25  2.42
SKEW       .15   .17   .38   .30   .43   .41   .71   .86  1.45   .20   .43   .39
% NNE     9.30  8.15  5.74  4.41  3.83  1.93  1.20  2.59  3.07  9.62 11.10 11.22
MEAN      5.08  5.34  5.26  5.43  4.74  4.03  3.53  4.17  4.40  5.28  5.30  5.51
STD DEV   2.04  2.03  1.99  2.03  1.83  1.63  1.48  1.82  2.06  2.02  1.94  2.19
SKEW       .65   .35   .21   .19   .46   .19   .64   .55  1.13   .34   .14   .58
% NE     12.26  8.60  5.91  7.41  6.02  3.28  2.88  5.39  7.25 17.31 15.99 15.09
MEAN      4.89  4.91  5.13  5.19  4.81  4.07  3.66  3.94  4.50  5.36  5.19  5.34
STD DEV   1.94  1.86  2.07  2.03  1.87  1.75  1.41  1.70  2.15  2.08  1.77  2.10
SKEW       .66   .24   .37   .25   .41   .54   .47  1.23  1.86   .23   .18   .45
% ENE     9.34  7.10  5.63  7.59  7.36  4.64  4.93  7.60 11.60 16.81 12.08 10.49
MEAN      5.01  4.98  5.86  5.75  5.24  4.57  4.09  4.22  4.88  5.63  5.09  5.43
STD DEV   1.89  1.75  2.23  1.97  1.89  1.71  1.49  1.47  2.04  2.24  1.90  1.96
SKEW       .49   .18   .46   .10   .25   .49   .45   .39  1.80   .80   .37   .24
% E      10.25  9.47 10.43 15.85 15.29 12.35 15.69 15.20 16.34 11.22  8.99  9.88
MEAN      4.99  5.23  5.79  6.07  5.65  5.08  4.76  4.72  4.94  5.04  5.01  5.21
STD DEV   1.83  1.85  1.98  1.92  1.77  1.81  1.71  1.68  1.83  1.97  1.77  1.94
SKEW       .15   .10   .04  -.14  -.17   .35   .33   .11   .62   .71   .28   .07
% ESE     8.74  8.99 12.14 15.11 14.83 15.50 20.73 15.46 13.41  6.61  5.91  7.46
MEAN      5.25  5.42  5.72  5.90  5.57  4.99  4.85  4.79  4.95  4.90  4.99  5.21
STD DEV   1.74  1.94  1.85  1.83  1.76  1.71  1.60  1.61  1.80  1.92  1.55  1.73
SKEW      -.12   .19   .12   .01  -.02   .47   .21   .24   .76  1.24   .05  -.08
% SE      8.23  9.54 13.55 11.29 12.21 13.76 16.48 12.47  9.99  5.57  4.84  6.55
MEAN      4.88  5.07  5.57  5.35  4.98  4.64  4.40  4.32  4.53  4.32  4.75  4.93
STD DEV   1.72  1.85  1.86  1.77  1.81  1.78  1.62  1.68  1.88  1.70  1.69  1.77
SKEW       .17   .28   .07   .07   .22   .82   .34   .45   .63   .59   .27   .02
% SSE     3.92  4.71  6.83  5.31  5.59  7.81  7.93  7.26  5.76  2.95  2.43  2.79
MEAN      4.07  4.52  4.80  4.59  4.14  3.96  3.67  3.99  4.26  4.47  4.14  4.28
STD DEV   1.63  1.74  1.67  1.61  1.58  1.64  1.48  1.99  1.88  2.33  1.55  1.62
SKEW       .42   .41   .35   .52   .34  1.17   .79  1.28   .62  1.52   .39   .38
% S       3.85  5.55  5.69  4.00  5.70  8.11  7.23  5.83  5.76  2.99  3.02  3.11
MEAN      4.03  4.63  4.49  4.32  3.81  3.93  3.48  3.44  4.09  4.47  4.11  4.41
STD DEV   1.64  1.84  1.82  1.82  1.63  1.85  1.47  1.50  2.13  2.38  1.74  1.85
SKEW       .65   .67   .36   .79   .79  1.09   .84  1.08  1.96  1.15   .60   .77
% SSW     2.82  3.92  4.51  2.66  3.79  6.38  4.52  4.90  3.97  2.04  2.49  2.73
MEAN      4.23  4.84  4.69  4.70  3.85  4.25  3.59  3.59  4.36  4.54  4.58  4.38
STD DEV   1.79  1.96  1.82  2.08  1.59  2.00  1.58  1.57  2.10  2.25  2.06  1.84
SKEW       .52   .43   .53   .44   .62   .94   .86  1.29   .71   .65   .57  1.00
% SW      2.60  3.36  3.50  3.08  4.40  6.82  3.81  4.71  4.12  2.06  2.35  2.92
MEAN      4.11  4.36  4.47  4.17  3.69  3.74  3.37  3.25  4.08  3.84  3.92  4.04
STD DEV   1.77  1.80  1.84  1.77  1.71  1.66  1.56  1.53  1.93  1.78  1.65  1.74
SKEW       .85   .40   .38   .52   .96   .70   .91  1.05   .76   .58   .46   .83
% WSW     1.73  2.12  2.59  2.49  2.48  3.56  1.92  2.60  2.29  1.07  1.35  1.98
MEAN      3.69  4.36  4.72  4.53  4.14  3.67  3.28  3.71  4.10  4.02  4.21  4.05
STD DEV   1.31  1.83  1.85  1.76  1.66  1.59  1.47  1.78  1.95  1.85  1.69  1.75
SKEW       .07   .49   .45   .53   .42   .49   .53   .75   .49   .35   .07   .53
% W       2.12  2.55  2.78  2.71  2.65  2.91  1.64  2.31  2.19  1.35  1.97  2.09
MEAN      3.87  4.23  4.52  4.26  3.93  3.45  2.92  3.47  3.88  3.58  3.84  3.67
STD DEV   1.82  1.83  2.14  1.85  1.87  1.67  1.30  1.71  2.61  1.78  1.83  1.77
SKEW       .50   .80   .32   .33   .65   .77   .62   .96  1.03   .42   .47   .80
% WNW     2.37  3.00  2.22  2.14  2.15  1.77  1.21  1.64  1.66  1.80  3.56  2.50
MEAN      4.93  5.48  4.88  5.00  4.09  3.23  3.16  3.51  3.50  3.69  4.48  4.29
STD DEV   2.20  2.56  2.02  2.06  1.81  1.31  1.34  1.56  1.68  1.58  2.09  2.09
SKEW       .36   .48   .26   .34   .43   .35   .29   .25   .74   .38   .50   .76
% NW      4.85  5.86  4.50  3.66  3.44  2.13  1.61  2.40  2.47  3.80  6.45  4.17
MEAN      5.50  5.51  5.49  4.72  3.45  3.03  3.18  3.00  3.02  3.91  4.92  5.02
STD DEV   2.41  2.48  2.39  2.11  1.59  1.32  1.51  1.37  2.24  1.67  2.33  2.15
SKEW       .28   .45   .46   .47   .75   .61  1.45   .68  2.39   .60   .51   .16
% NNW     4.90  5.18  4.73  3.86  2.70  1.67   .82  1.40  1.54  3.51  4.57  4.10
MEAN      5.89  5.88  6.22  5.31  4.35  3.64  3.08  3.27  3.83  4.70  5.75  5.97
STD DEV   2.23  2.32  2.41  2.17  1.69  1.41  1.37  1.57  2.24  1.99  2.35  2.48
SKEW       .18   .30   .19   .25   .31   .77   .18   .77  1.93   .41   .25   .11
CALM      4.73  3.18  2.42  3.10  3.70  4.98  6.15  6.13  5.97  3.77  4.04  4.02
                                                                                
INTERPOLATED DATA (station & weighting factor)                                  
                                                                                
---Wind Stations---                                                             
KEY WEST      FL     .339  KEY WEST      FL     .339  MELBOURNE     FL     .322 
