 United States    Randolph 6 S                                                  
 LATT=  42.29 LONG= -97.36 YEARS= 10. TYPE= 3
 ELEVATION = 1775. TP5 = 2.44 TP6= 4.79
 MEAN P    .10   .13   .21   .38   .39   .36   .35   .39   .41   .35   .22   .20
 S DEV P   .10   .18   .24   .46   .42   .47   .41   .61   .54   .45   .22   .30
 SKEW  P  1.56  2.83  1.49  1.74  1.31  2.02  1.84  3.01  2.47  2.02  1.27  3.99
 P(W/W)    .33   .37   .39   .49   .54   .42   .35   .33   .40   .45   .29   .23
 P(W/D)    .11   .14   .15   .19   .25   .38   .16   .25   .18   .14   .10   .13
 TMAX AV 30.86 33.77 49.71 60.83 71.51 82.35 86.03 82.26 77.82 62.95 48.17 33.98
 TMIN AV 13.87 15.80 28.80 38.85 50.42 62.41 66.39 62.96 55.78 41.70 28.54 18.33
 SD TMAX 13.23 13.89 15.29 12.26 10.70  6.86  6.22  5.84  8.50 10.68 12.03 12.07
 SD TMIN 12.97 12.30 11.66  9.79  8.93  6.53  6.32  5.87  9.00  9.27 10.34 11.73
 SOL.RAD  149.  224.  309.  404.  475.  551.  580.  485.  375.  247.  159.  125.
 SD SOL   42.9  66.6  93.9 137.3 165.5 147.2 105.5 120.1 105.3  82.5  53.6  37.0
 MX .5 P   .07   .13   .22   .42   .62   .88   .69   .85   .54   .29   .12   .07
 DEW PT  13.80 15.08 26.72 35.30 47.07 59.23 64.02 62.38 53.75 38.11 26.00 17.76
Time Pk   .150  .260  .350  .450  .530  .620  .700  .770  .840  .900  .960 1.000
% N       7.29  7.53  9.02  9.03  8.57  5.59  5.77  5.68  5.46  6.35  6.61  6.39
MEAN      5.39  5.52  6.33  6.19  5.37  4.68  3.96  4.09  4.33  4.77  5.36  5.26
STD DEV   2.78  2.84  3.00  2.89  2.57  2.29  1.90  2.06  2.10  2.43  2.84  2.67
SKEW       .56   .73   .63   .45   .54   .49   .59   .60   .64   .52  1.10   .46
% NNE     4.25  5.23  6.50  6.35  7.36  5.46  4.97  4.84  4.49  4.85  3.86  3.91
MEAN      4.69  5.08  5.90  6.04  5.20  4.62  3.87  3.83  4.26  4.43  5.72  4.61
STD DEV   2.28  2.47  2.76  2.71  2.31  2.08  1.83  1.84  2.00  2.11  3.02  2.33
SKEW       .44   .45   .84   .26   .31   .56   .62   .71   .61   .42   .70   .63
% NE      3.16  4.06  4.02  4.09  5.50  4.79  4.82  4.46  3.95  3.13  2.62  3.31
MEAN      3.65  4.38  4.94  4.98  4.50  4.16  3.56  3.42  3.74  3.60  3.80  3.70
STD DEV   1.78  2.25  2.63  2.51  2.20  2.03  1.71  1.66  1.91  1.87  2.02  2.08
SKEW       .68   .49   .83   .34   .40   .58   .59   .79   .60   .80   .66  1.05
% ENE     2.54  3.56  3.49  3.59  4.36  4.18  3.80  3.75  2.62  2.06  1.53  2.20
MEAN      3.89  5.00  5.29  5.58  4.93  4.60  4.11  3.81  3.98  4.08  3.87  3.76
STD DEV   1.91  2.60  2.69  2.76  2.30  2.09  1.93  1.74  1.91  1.98  1.81  1.78
SKEW       .67   .69   .73   .53   .55   .57   .59   .60   .53   .57   .71   .53
% E       2.75  3.70  4.57  4.77  4.76  5.09  4.83  5.15  3.80  2.25  2.24  2.72
MEAN      3.88  4.91  5.08  5.95  4.99  4.40  3.76  3.72  3.76  3.58  3.92  3.82
STD DEV   2.08  2.70  2.67  2.93  2.47  1.95  1.77  1.75  1.76  1.72  1.91  1.95
SKEW       .81   .70   .77   .41   .61   .55   .70   .71   .49   .68   .74   .59
% ESE     3.71  4.04  6.25  5.71  6.04  6.30  5.68  6.26  4.70  3.32  3.00  3.54
MEAN      4.29  4.80  5.29  5.63  5.30  4.90  4.19  3.99  4.13  4.03  4.22  4.01
STD DEV   2.06  2.36  2.31  2.65  2.56  2.20  1.84  1.74  1.90  1.78  1.93  1.94
SKEW       .53   .83   .45   .49   .56   .41   .62   .58   .53   .53   .49   .68
% SE      6.48  6.24  6.95  7.53  7.42  7.85  8.65 10.17  8.03  8.17  5.48  6.04
MEAN      4.48  4.55  5.75  5.68  5.58  5.25  4.53  4.48  4.63  4.89  4.45  4.57
STD DEV   2.26  2.23  2.60  2.77  2.53  2.52  2.05  1.93  2.19  2.37  2.18  2.40
SKEW       .73   .63   .48   .68   .47   .51   .54   .43   .58   .69   .51   .67
% SSE    10.00 10.00  8.35 10.06 10.11 11.04 13.16 14.99 13.59 13.22  9.89 10.88
MEAN      5.84  5.76  6.46  6.76  6.69  6.12  5.78  5.66  6.04  6.13  5.75  5.53
STD DEV   2.63  2.43  2.52  2.69  2.65  2.40  2.23  2.27  2.39  2.46  2.41  2.51
SKEW       .28   .14   .15   .23   .29   .24   .29   .37   .16   .26   .25   .40
% S       7.40  7.20  6.40  8.58  9.12 10.90 14.35 14.25 12.60 10.76  9.14  8.47
MEAN      5.34  5.12  5.60  6.85  6.45  6.24  5.82  5.68  6.14  6.00  5.29  5.03
STD DEV   2.61  2.36  2.58  3.15  2.78  2.72  2.36  2.31  2.58  2.72  2.33  2.39
SKEW       .38   .31   .43   .40   .19   .36   .16   .17   .21   .42   .32   .45
% SSW     3.89  3.81  3.31  3.83  4.06  5.29  5.23  4.99  4.70  4.94  5.10  4.71
MEAN      4.20  4.39  5.04  6.31  5.35  5.58  5.19  5.11  5.41  5.18  4.70  4.10
STD DEV   2.04  2.11  2.34  2.85  2.45  2.63  2.50  2.40  2.52  2.57  2.23  1.98
SKEW       .61   .55   .45   .41   .29   .43   .39   .35   .33   .58   .43   .75
% SW      4.50  4.29  3.14  2.62  3.27  4.48  3.46  3.72  3.87  4.43  4.55  4.84
MEAN      3.64  3.46  3.95  4.63  4.49  4.35  3.63  3.97  3.86  4.11  3.63  3.45
STD DEV   1.76  1.68  1.91  2.53  2.45  2.15  1.87  2.10  1.92  2.13  1.74  1.66
SKEW       .73   .85   .67   .74   .69   .69   .91   .71   .85   .78   .81   .82
% WSW     4.11  3.89  2.99  2.37  3.24  4.28  2.59  2.35  3.19  3.72  3.95  4.39
MEAN      4.09  4.09  4.43  4.77  5.17  4.92  3.78  4.11  4.16  4.56  4.00  3.93
STD DEV   1.79  1.89  2.13  2.43  2.85  2.50  1.68  2.18  1.95  2.30  1.68  1.80
SKEW       .50   .87   .79   .59   .69   .72   .52   .85   .81   .81   .66   .73
% W       4.75  4.86  3.76  2.82  3.70  4.14  3.14  2.53  3.96  4.35  5.39  5.07
MEAN      4.45  4.65  4.43  5.26  5.69  5.16  3.87  3.99  4.84  4.74  4.48  4.72
STD DEV   2.14  2.39  2.23  2.68  3.28  2.84  1.96  2.24  2.50  2.58  2.14  2.27
SKEW       .67   .99   .96   .59   .80   .84   .69  1.23   .74   .77   .79   .66
% WNW     8.95  7.90  6.99  6.02  5.85  5.96  4.51  3.16  7.21  7.83 10.98  9.26
MEAN      5.78  5.70  6.25  6.87  6.64  5.79  5.08  4.79  6.03  6.16  6.52  6.11
STD DEV   2.74  2.81  3.13  3.08  3.35  2.73  2.47  2.26  2.86  2.96  2.92  2.84
SKEW       .56   .73   .69   .41   .54   .55   .62   .55   .67   .55   .42   .46
% NW     12.02 10.38 10.89  9.36  6.69  6.08  5.70  4.64  7.77  9.21 12.45 11.71
MEAN      6.34  5.96  6.70  7.39  6.36  5.45  4.74  4.60  5.53  5.94  7.17  6.20
STD DEV   3.11  2.88  3.30  3.34  3.27  2.60  2.32  2.20  2.56  2.96  3.63  2.97
SKEW       .60   .64   .49   .34   .57   .46   .53   .48   .42   .50   .54   .60
% NNW    10.80  9.93 10.97 10.99  7.39  5.21  4.71  4.73  5.72  7.65 10.21  9.27
MEAN      6.52  6.08  6.70  7.25  5.99  5.22  4.73  4.82  5.19  5.81  6.68  5.99
STD DEV   2.84  2.69  2.97  3.02  2.81  2.39  2.11  2.28  2.32  2.68  3.09  2.59
SKEW       .34   .48   .59   .26   .29   .32   .39   .43   .43   .43   .55   .34
CALM      3.49  3.39  2.36  2.20  2.56  3.30  4.64  4.39  4.20  3.72  2.92  3.28
                                                                                
INTERPOLATED DATA (station & weighting factor)                                  
                                                                                
---Wind Stations---                                                             
SIOUX FALLS   SD     .432  HURON         SD     .293  WATERTOWN     SD     .275 
