 United States    Summit Lake                                                   
 LATT=  45.38 LONG= -89.19 YEARS= 10. TYPE= 3
 ELEVATION = 1742. TP5 = 1.50 TP6= 3.74
 MEAN P    .10   .15   .21   .26   .27   .36   .29   .28   .35   .28   .16   .16
 S DEV P   .13   .15   .28   .28   .36   .56   .39   .34   .52   .35   .21   .22
 SKEW  P  2.57  1.55  3.01  1.55  2.45  2.99  2.31  2.17  2.84  1.76  1.80  2.30
 P(W/W)    .48   .35   .42   .57   .56   .61   .49   .43   .53   .63   .47   .60
 P(W/D)    .24   .24   .19   .32   .32   .39   .32   .35   .29   .32   .29   .27
 TMAX AV 21.49 25.53 39.96 52.03 67.28 74.17 78.63 75.52 68.20 54.06 38.21 26.64
 TMIN AV  6.56  8.75 20.85 32.03 45.86 54.95 59.57 56.70 49.44 38.18 25.33 14.25
 SD TMAX 11.58 10.63 12.78 12.29 10.42  6.61  5.59  5.81  8.63 10.29 11.16 10.64
 SD TMIN 14.41 13.24 14.14  9.53  9.17  6.62  6.15  6.42  8.97  7.95 10.57 12.95
 SOL.RAD  124.  198.  299.  390.  472.  518.  550.  464.  337.  201.  116.   94.
 SD SOL   37.7  61.9 101.7 138.2 155.8 159.3 134.1 127.0 106.5  83.0  45.5  31.0
 MX .5 P   .15   .14   .17   .25   .53   .84   .96   .64   .60   .36   .22   .14
 DEW PT   7.68  9.05 18.90 27.25 41.67 52.81 58.30 56.42 50.06 36.99 23.74 14.93
Time Pk   .130  .230  .320  .410  .500  .590  .670  .750  .830  .890  .950 1.000
% N       2.97  2.93  3.07  3.90  4.44  3.29  3.41  3.54  2.60  2.86  2.39  2.17
MEAN      3.22  3.17  3.57  3.58  3.70  3.32  3.27  3.21  2.99  3.19  3.03  2.89
STD DEV   1.37  1.37  1.42  1.53  1.58  1.50  1.31  1.38  1.24  1.34  1.28  1.28
SKEW       .45   .51   .47   .68   .52   .91   .40   .36   .93   .48   .62   .97
% NNE     1.53  1.80  2.14  2.59  3.27  2.04  2.57  2.37  1.69  1.66  1.25   .74
MEAN      3.31  3.05  3.29  3.51  3.42  3.04  3.18  3.45  3.04  3.33  2.98  3.01
STD DEV   1.37  1.26  1.56  1.42  1.56  1.27  1.35  1.42  1.39  1.32  1.22  1.22
SKEW       .38   .37   .73   .25   .58   .48   .50   .56   .65   .37   .62   .62
% NE      2.34  2.03  2.30  2.51  2.94  1.63  1.97  2.32  2.03  2.21  1.59  1.50
MEAN      2.45  2.28  2.70  3.07  2.48  3.30  2.64  2.56  2.36  2.79  2.42  2.56
STD DEV    .69   .86   .83  1.55  1.03  1.25  1.15  1.12   .74  1.43  1.08   .82
SKEW       .52   .46   .41   .92   .78   .26   .72   .82  1.25   .98  1.30   .79
% ENE      .90   .72  1.47  1.18  1.61   .93  1.03  1.15   .92   .88   .69   .57
MEAN      3.03  2.54  2.95  3.10  3.05  3.07  2.73  2.60  2.61  3.11  2.72  2.37
STD DEV   1.07   .76   .99  1.12  1.37  1.39  1.12  1.08   .89  1.10  1.11   .53
SKEW       .61   .41   .49   .52   .67   .49   .44   .41   .72   .46   .51   .27
% E       1.25  1.17  1.39  1.36  1.61  1.33  1.26  1.24  1.55  1.27  1.48  1.26
MEAN      2.69  2.85  3.21  3.47  3.07  2.72  2.52  2.44  2.77  2.83  2.85  2.95
STD DEV   1.13  1.16  1.51  1.81  1.34  1.18  1.00   .92  1.21  1.18  1.20  1.13
SKEW       .87   .58   .52  1.26   .79   .74   .67   .82   .70   .83   .58   .71
% ESE     4.32  4.55  3.94  3.36  3.86  4.28  3.80  4.21  4.70  4.53  3.99  4.18
MEAN      3.52  3.47  3.91  3.95  3.36  3.24  2.98  2.83  3.25  3.59  3.90  3.52
STD DEV   1.52  1.37  1.64  1.84  1.32  1.20  1.12  1.19  1.22  1.43  2.00  1.39
SKEW       .74   .51   .51   .63   .70   .44   .60   .65   .27   .35  1.13   .69
% SE      7.75  7.05  8.39  7.49  7.78  9.30  7.85 10.17 11.19 11.00 10.06  8.99
MEAN      3.66  3.85  4.38  3.86  3.54  3.27  3.07  3.02  3.25  3.44  3.75  3.74
STD DEV   1.61  1.88  2.15  1.80  1.59  1.32  1.21  1.32  1.31  1.45  1.64  1.81
SKEW       .98   .91   .81  1.07   .66   .59   .62   .88   .56   .63   .80   .93
% SSE    12.93 12.67 11.92 12.54 13.26 13.45 11.28 12.77 14.66 13.87 13.40 13.41
MEAN      4.31  4.13  4.80  4.16  3.66  3.36  2.93  3.01  3.52  3.57  4.40  4.27
STD DEV   2.10  2.00  2.29  1.97  1.61  1.33  1.20  1.23  1.46  1.63  2.08  1.97
SKEW       .83   .89   .65  1.02   .92   .65   .52   .53   .80  1.01   .82   .89
% S       4.38  4.15  3.53  4.23  4.68  5.76  5.11  5.06  5.10  5.11  5.56  5.06
MEAN      3.52  3.42  3.86  3.67  3.29  3.28  3.00  2.84  3.25  3.28  3.77  3.36
STD DEV   1.84  1.63  1.96  1.75  1.64  1.51  1.52  1.26  1.69  1.50  1.86  1.48
SKEW       .95  1.21   .84   .74  1.04  1.05  1.39   .82  1.04   .87  1.00   .76
% SSW     3.83  3.62  3.51  4.06  3.27  4.67  4.42  3.74  4.21  4.22  5.06  5.13
MEAN      4.07  3.94  4.18  4.28  3.65  3.70  3.46  3.20  3.72  3.78  4.35  3.83
STD DEV   1.77  1.88  1.96  1.91  1.77  1.62  1.54  1.55  1.81  1.65  1.79  1.65
SKEW       .36   .96   .77   .41   .81   .63   .60   .91   .67   .50   .72   .57
% SW      5.58  4.89  3.98  4.81  5.44  7.05  6.33  6.36  6.13  6.52  6.87  7.74
MEAN      3.80  3.38  3.88  3.97  3.30  3.28  3.39  2.87  3.54  3.33  3.95  3.64
STD DEV   2.25  1.68  2.12  2.17  1.71  1.50  1.76  1.34  1.87  1.54  1.76  1.69
SKEW      1.13   .53   .80   .61   .75   .65   .81   .72   .89   .78   .71   .60
% WSW     6.92  7.43  6.72  7.89  5.47  6.34  6.47  5.25  5.64  6.42  8.11  9.41
MEAN      4.89  4.57  4.44  4.59  4.12  3.77  3.59  3.14  3.63  4.13  4.27  4.22
STD DEV   2.17  1.93  1.98  2.07  1.90  1.61  1.68  1.30  1.68  1.85  1.80  1.80
SKEW       .50   .38   .53   .67   .52   .50   .56   .59   .76   .59   .53   .84
% W       6.78  6.69  6.98  6.35  4.55  4.87  4.90  4.17  4.67  4.65  6.18  7.40
MEAN      4.51  4.49  4.37  4.46  4.23  3.69  2.93  2.72  3.41  3.80  3.83  4.03
STD DEV   2.13  1.97  2.01  1.94  2.27  1.77  1.55  1.20  1.63  1.78  1.65  1.78
SKEW       .64   .47   .62   .48   .72   .57  1.18   .83   .77   .42   .44   .63
% WNW     9.41 11.86 12.17  9.46  6.27  6.79  6.54  4.88  6.06  5.95  7.18  8.01
MEAN      4.86  5.13  5.17  4.85  4.81  4.34  3.81  3.54  4.01  4.14  4.62  4.65
STD DEV   1.94  2.07  2.02  1.97  2.05  1.89  1.64  1.47  1.67  1.83  1.91  1.93
SKEW       .28   .50   .33   .31   .49   .41   .61   .52   .43   .42   .47   .45
% NW      7.07  7.35  8.31  6.88  6.77  6.10  6.51  5.70  5.67  6.47  7.21  6.45
MEAN      4.30  4.67  4.73  4.57  4.26  4.26  3.68  3.53  3.55  3.96  4.24  4.07
STD DEV   1.97  2.11  2.05  2.00  1.95  1.94  1.58  1.56  1.57  1.92  1.87  1.76
SKEW       .69   .44   .44   .46   .58   .33   .36   .58   .66   .71   .41   .47
% NNW    10.44 11.07 11.55 11.26 11.20  7.87  8.15  7.63  6.31  6.94  6.75  6.54
MEAN      4.35  4.67  4.50  4.50  4.37  4.29  3.79  3.80  3.60  4.05  4.01  4.11
STD DEV   1.90  2.14  1.82  1.88  1.80  1.70  1.60  1.48  1.42  1.56  1.60  1.80
SKEW       .62   .57   .47   .44   .59   .48   .40   .46   .47   .50   .55   .76
CALM     11.47  9.99  8.61 10.17 13.54 14.30 18.42 19.57 16.97 15.46 12.20 11.47
                                                                                
INTERPOLATED DATA (station & weighting factor)                                  
                                                                                
---Wind Stations---                                                             
DANSVILLE MUN NY     .514  ELMIRA/CHEMUN NY     .263  BRADFORD/REG  PA     .223 
