 United States    Blue Canyon Ap                                                
 LATT=  39.28 LONG=-120.71 YEARS= 10. TYPE= 1
 ELEVATION = 5299. TP5 = 1.47 TP6= 5.09
 MEAN P    .66   .85   .74   .54   .44   .35   .14   .10   .35   .84   .87   .84
 S DEV P   .83  1.12   .88   .62   .66   .48   .20   .12   .44  1.12   .94  1.03
 SKEW  P  2.53  2.20  2.36  2.00  4.16  1.76  1.00  1.43  1.13  2.64  2.24  2.40
 P(W/W)    .68   .67   .72   .59   .59   .49   .00   .20   .36   .51   .59   .67
 P(W/D)    .18   .19   .28   .20   .16   .07   .01   .02   .07   .12   .19   .22
 TMAX AV 46.12 47.05 50.54 56.53 63.29 75.48 82.69 81.80 76.57 65.28 52.38 43.67
 TMIN AV 28.98 28.32 31.59 33.91 39.40 48.01 53.75 52.42 47.79 39.30 31.60 27.37
 SD TMAX  7.75  9.50  9.36  9.32  9.37  9.15  5.68  5.07  8.39  8.62 10.47  6.98
 SD TMIN  6.33  7.51  5.92  5.84  5.53  6.01  4.47  4.33  5.75  5.98  7.69  7.68
 SOL.RAD  199.  271.  359.  505.  625.  734.  750.  660.  508.  356.  224.  179.
 SD SOL   61.3  89.2 117.0 162.7 170.7 138.3  69.7  87.1  92.0  89.1  67.8  49.1
 MX .5 P   .64   .59   .80   .76   .63   .40   .21   .19   .31   .75   .74   .77
 DEW PT  26.03 25.75 29.31 31.10 34.72 38.08 40.85 39.34 36.03 32.33 27.66 24.46
Time Pk   .070  .170  .250  .340  .430  .520  .610  .690  .770  .850  .940 1.000
% N       4.80  3.19  3.43  3.87  3.48  2.97  2.20  2.62  4.46  5.90  5.46  5.65
MEAN      3.66  3.02  2.96  3.04  3.33  2.84  2.95  2.77  2.51  3.04  2.88  4.08
STD DEV   1.85  1.30  1.05  1.34  1.29  1.20   .70   .81  1.15  1.25  1.08  1.85
SKEW       .64   .65   .47   .57   .77   .79   .20   .34   .34   .75   .45  1.08
% NNE     4.47  5.73  4.38  5.11  3.60  3.36  3.62  5.24  6.03  6.01  4.49  5.06
MEAN      4.18  2.75  2.69  3.68  3.15  2.62  2.83  2.87  2.86  2.87  3.38  4.51
STD DEV   2.42  1.03   .86  1.53  1.32   .86  1.21   .92   .98   .99  1.94  1.88
SKEW       .96   .76   .63  1.25   .30   .35  1.59   .54  1.16   .77  1.54   .43
% NE      5.42  6.22  3.91  5.50  3.12  3.60  3.98  6.61  6.99  8.30  6.82  7.42
MEAN      6.31  3.24  2.92  3.28  2.75  2.49  2.45  2.53  2.74  2.84  3.24  3.67
STD DEV   3.87  1.44  1.29  1.41  1.14   .91   .92   .82  1.16  1.24  1.30  1.54
SKEW      1.09   .71  1.19   .56   .77   .66  1.07   .94   .58   .95   .86   .57
% ENE    12.88 16.10  9.97  6.87  6.46  6.25  6.21  3.75  8.36 21.18 20.52 12.51
MEAN      5.11  3.58  3.33  3.42  3.48  3.05  2.83  2.88  3.36  3.79  4.17  4.38
STD DEV   2.27  1.39  1.28  1.38  1.27   .98   .87   .92  1.24  1.46  1.63  1.39
SKEW      1.26   .37   .51   .51   .57   .46   .70   .65   .57   .31   .59   .39
% E      10.37  8.03  7.13  8.46  6.40  3.30  3.74  2.15  4.27  3.75 11.86 11.35
MEAN      4.52  3.58  3.12  3.55  2.93  2.72  2.71  2.75  3.03  2.86  3.88  3.89
STD DEV   2.11  1.85  1.25  1.50  1.02   .92  1.02  1.07  1.05  1.03  1.81  1.37
SKEW       .37   .43  -.11   .55   .50   .40   .57   .91   .25   .43   .83   .06
% ESE     1.52  1.20  1.73  1.57  1.38  1.38  1.91  1.25  1.88  1.62  1.46  1.53
MEAN      4.48  3.01  3.35  2.20  2.39  2.51  2.76  2.71  3.04  2.96  3.15  3.44
STD DEV   2.65  1.09  1.15   .63   .69   .91   .91   .66  1.05  1.21  1.74  1.07
SKEW       .92   .58   .43   .09   .43   .77   .67   .63   .42   .55  1.29   .47
% SE      3.14  2.64  2.95  3.66  3.08  4.47  5.86  5.80  4.05  3.65  3.21  3.04
MEAN      3.50  2.77  3.16  2.45  3.16  2.58  3.11  2.96  2.84  3.01  2.74  3.21
STD DEV   1.61  1.47   .99   .75   .94   .80  1.29   .82  1.07  1.15  1.16  1.46
SKEW       .85   .75   .43   .23   .33   .55   .57   .39   .69   .51   .88   .50
% SSE     3.11  2.67  2.73  3.27  4.01  4.01  6.91  5.19  4.81  3.89  2.83  2.10
MEAN      4.36  3.80  3.27  2.48  2.55  3.85  3.57  3.62  3.50  3.58  3.20  4.23
STD DEV   1.98   .99  1.14  1.00   .98  1.74  1.19   .89   .82  1.66   .98  1.33
SKEW       .33   .24  -.10   .15   .23   .42   .67   .47   .45   .99  1.02   .35
% S       2.79  1.79  2.23  3.84  3.75  3.73  5.55  3.81  4.55  3.15  2.04  3.19
MEAN      3.76  3.12  2.97  3.05  3.12  3.24  3.18  4.17  2.97  3.07  3.20  4.48
STD DEV   1.48   .96   .95  1.06  1.28  1.60  1.40  1.74  1.21  1.31   .98  1.86
SKEW       .36   .32   .13   .58   .69   .65   .47   .48   .63   .39   .52   .53
% SSW     2.22  2.22  2.95  2.70  2.69  3.15  3.11  2.30  2.28  2.35  1.92  2.36
MEAN      4.58  3.39  4.73  2.16  3.34  3.44  3.60  3.79  3.61  4.38  3.57  4.00
STD DEV   2.09  1.04  1.89  1.06   .84  1.49   .80   .81  1.36  1.62  1.34  1.46
SKEW       .40   .14   .22  1.14   .20   .85   .16   .15   .93   .15   .38   .27
% SW      3.31  3.48  4.06  3.66  4.19  4.82  5.71  4.28  3.86  2.88  1.82  2.87
MEAN      5.29  3.62  4.45  4.33  6.19  4.20  2.86  4.13  4.47  2.63  3.90  5.09
STD DEV   2.31  2.04  1.44  2.55   .76  2.44  1.46  1.58  2.39   .77  2.58  2.35
SKEW       .49   .60   .18   .43   .14   .52   .68   .10   .25   .26   .78  1.04
% WSW     7.84  8.16 10.46  5.06  9.95 14.18  7.57  9.40 15.45  9.60  4.98  8.15
MEAN      7.45  6.77  7.21  8.44  7.69  6.08  4.61  5.72  5.65  8.36  8.18  6.84
STD DEV   3.60  3.42  3.30  3.85  3.11  2.44  2.00  2.10  2.65  3.57  3.11  3.51
SKEW       .45   .82   .68  1.11  -.12  -.03   .30   .21   .57  1.39   .37  1.13
% W      17.20 16.41 21.53 24.28 24.20 18.18 24.91 27.52 14.91 11.40  9.45 12.94
MEAN      7.15  7.33  7.27  6.48  6.86  4.84  5.48  5.36  4.73  4.53  5.78  6.64
STD DEV   3.91  4.42  4.46  3.32  3.73  2.30  2.39  2.40  2.12  1.95  3.54  3.59
SKEW       .89   .94  1.33   .52   .67   .48   .48   .38   .45   .79   .67  1.50
% WNW     5.11  4.87  5.89  5.19  4.94  5.57  4.33  5.22  3.93  3.69  5.75  5.46
MEAN      5.59  4.08  5.65  5.45  4.70  3.76  3.71  3.72  3.13  3.81  5.09  6.28
STD DEV   2.88  1.75  2.75  3.15  2.56  1.91  1.69  1.80  1.34  1.01  2.40  3.22
SKEW      1.20   .64  1.11  1.39  1.01   .81   .78   .84   .74   .19   .77   .71
% NW      5.35  6.87  6.98  5.31  3.91  3.90  2.96  4.31  3.62  3.77  7.31  6.05
MEAN      4.23  3.45  4.52  3.82  3.49  3.73  3.12  3.71  2.24  4.15  4.49  6.36
STD DEV   1.52  1.51  1.90  1.81  1.66  1.88   .93  1.81  1.07  1.18  1.99  3.39
SKEW      1.04   .79   .10   .88   .53   .47   .52  1.19   .52   .42   .42   .83
% NNW     8.47  7.28  8.50 10.60 13.24 14.40  7.24  7.07  7.83  7.36  8.55  8.60
MEAN      3.75  3.44  4.55  3.81  3.90  4.01  2.91  3.10  2.16  3.14  4.37  4.16
STD DEV   1.72  1.73  1.56  1.15  1.05  1.39   .94   .73   .84   .83  2.12  1.90
SKEW       .93   .57   .24   .30   .59   .07  -.96  1.03   .83   .63   .80   .65
CALM      1.99  2.99  1.14   .99  1.56  2.76  4.15  3.34  2.70  1.56  1.52  1.76
                                                                                
INTERPOLATED DATA (station & weighting factor)                                  
                                                                                
---Wind Stations---                                                             
OCEANSIDE     CA     .387  MOUNT LAGUNA  CA     .312  THERMAL       CA     .300 
