 United States    Montgomery Orange Ap                                          
 LATT=  41.51 LONG= -74.27 YEARS= 10. TYPE= 4
 ELEVATION =  354. TP5 = 1.33 TP6= 5.30
 MEAN P    .26   .23   .26   .26   .26   .41   .32   .35   .36   .31   .31   .30
 S DEV P   .31   .27   .35   .36   .33   .52   .46   .75   .62   .52   .39   .34
 SKEW  P  1.77  1.75  2.87  3.23  1.75  1.40  2.61  5.81  2.56  2.70  1.66  1.88
 P(W/W)    .41   .51   .46   .55   .57   .54   .50   .53   .48   .45   .40   .51
 P(W/D)    .27   .33   .27   .32   .35   .35   .33   .35   .34   .37   .25   .29
 TMAX AV 32.72 35.83 44.14 57.77 69.25 75.18 81.25 77.94 72.58 60.39 47.50 37.97
 TMIN AV 18.77 20.58 27.76 39.00 50.65 57.46 63.73 61.16 55.16 44.93 32.98 26.13
 SD TMAX 10.33 10.55 11.09 10.26  9.38  6.60  5.62  5.05  7.62  8.63  9.51  9.62
 SD TMIN 11.14 11.30 10.60  8.25  8.11  6.48  5.59  5.75  8.08  8.73  8.57  9.66
 SOL.RAD  155.  218.  310.  395.  448.  512.  527.  466.  356.  233.  161.  121.
 SD SOL   46.8  70.9  97.4 134.2 157.5 147.0 121.0 112.8 105.3  81.6  54.8  37.3
 MX .5 P   .18   .12   .17   .29   .48   .75   .93   .78   .58   .46   .26   .19
 DEW PT  14.60 16.64 21.50 32.37 47.83 55.63 61.21 59.46 54.25 42.85 28.81 23.23
Time Pk   .150  .260  .350  .450  .530  .620  .700  .770  .840  .900  .960 1.000
% N       8.80  6.70  5.40  7.20  5.20  3.30  3.80  5.80  3.70  5.60  6.40  6.50
MEAN      4.54  4.81  4.50  4.44  4.35  3.69  3.68  3.44  3.48  3.83  4.04  4.42
STD DEV   2.47  2.69  2.25  2.11  2.34  1.70  1.77  1.56  1.31  1.89  1.94  2.48
SKEW       .79   .95   .62   .62   .97   .52   .74   .69   .36  1.13   .35   .81
% NNE    15.40 15.80 12.40 10.00  8.60  6.30  3.90  6.90  5.60 10.00  9.80 10.20
MEAN      4.85  4.67  5.20  4.63  4.66  4.34  3.16  4.02  3.89  4.31  3.98  4.59
STD DEV   2.28  2.24  2.34  2.08  2.19  1.88  1.21  1.75  1.73  1.98  1.63  2.28
SKEW       .50   .90   .60   .42   .51   .41   .24   .37   .69   .69   .37   .80
% NE      9.00 10.80  9.50  6.00  7.10  4.20  2.80  5.10  5.60  6.90  7.60  4.80
MEAN      3.98  4.39  5.15  4.14  4.56  4.02  3.45  3.86  4.17  4.33  3.81  3.96
STD DEV   2.13  2.12  2.18  1.80  1.93  1.62  1.56  1.59  2.10  1.87  1.80  2.03
SKEW       .85  1.25   .40   .31   .27   .61   .40   .13   .65   .64   .77   .59
% ENE     3.20  4.90  5.40  3.70  4.10  2.70  1.60  2.80  2.30  2.80  3.60  2.70
MEAN      3.30  3.78  4.98  3.88  4.08  4.28  3.67  3.98  4.34  4.19  4.51  3.70
STD DEV   1.65  1.67  2.06  1.66  1.81  1.70  1.44  1.38  1.73  1.79  2.28  2.02
SKEW       .74   .79   .09   .38   .30   .24   .50   .12   .36   .59   .76   .73
% E       1.00  1.20  2.00   .90  2.20  1.60   .70  1.70  1.20   .80  1.80  1.70
MEAN      2.11  2.07  4.23  2.53  2.95  3.09  3.01  2.79  3.63  2.97  3.80  3.98
STD DEV    .76   .80  2.06  1.11  1.20  1.33  1.18  1.13  1.63  1.02  1.99  2.69
SKEW       .96   .59   .25   .67   .26   .38   .24  -.11  1.07   .39   .37  1.04
% ESE     1.20  1.30  2.30  2.80  3.70  1.80  1.40  1.40  1.30  1.60  1.80  1.70
MEAN      3.02  3.11  4.84  4.55  3.67  2.79  2.99  2.92  2.63  3.27  3.56  3.80
STD DEV   1.68  1.88  2.51  2.31  1.71   .90  1.53  1.48  1.14  1.55  3.68  1.98
SKEW       .84  2.16   .41   .94  1.04   .55   .92  1.13   .18   .60  3.11   .91
% SE      1.70  1.70  2.60  2.70  4.10  2.80  2.00  1.90  1.90  2.60  2.10  1.50
MEAN      2.40  2.67  3.95  3.40  2.97  3.36  3.02  2.64  2.50  3.22  2.57  3.26
STD DEV   1.32  1.08  1.75  1.59  1.28  1.24  1.43  1.17  1.08  1.75   .96  1.34
SKEW      1.97   .63   .41   .64   .88   .51   .91  1.15   .32   .89   .63  1.08
% SSE     4.30  3.30  5.00  5.10  5.90  6.10  5.50  3.90  4.40  4.50  4.30  3.90
MEAN      3.87  3.34  4.66  3.98  3.70  3.63  3.47  3.40  3.59  3.29  3.82  4.25
STD DEV   2.35  1.67  2.28  2.01  1.66  1.36  1.49  1.48  1.58  1.62  2.01  2.75
SKEW      1.06  1.26   .60  1.08   .70   .05   .53   .72   .71  1.12   .91  1.60
% S       4.70  4.80  4.40  6.00  7.10  8.40  8.20  8.40  7.40  7.10  5.60  5.20
MEAN      3.43  3.76  4.03  3.83  3.64  3.73  3.48  3.54  3.76  3.48  3.63  3.65
STD DEV   2.08  1.87  1.80  1.76  1.55  1.59  1.42  1.64  1.60  1.51  1.74  1.73
SKEW      1.60  1.18   .44   .42   .63   .19   .53   .90   .44   .50   .84   .82
% SSW     5.80  5.30  5.40  9.20 12.30 17.90 16.30 12.10 15.30 12.40  9.70  8.60
MEAN      4.38  4.01  4.68  4.90  4.67  4.52  4.23  4.36  4.82  4.33  4.93  5.06
STD DEV   2.07  1.64  1.66  1.94  1.93  1.61  1.57  1.63  1.94  1.69  2.41  2.15
SKEW       .72   .50   .53   .51   .55   .24   .18   .30   .42   .16   .85   .69
% SW      5.50  4.80  4.40  6.90  7.40  9.70 10.90 10.10 11.80  9.70  7.60  8.60
MEAN      3.80  3.82  4.18  4.56  3.98  3.69  3.96  4.03  4.13  4.06  4.20  4.21
STD DEV   1.74  1.63  1.92  2.18  1.80  1.47  1.73  1.62  1.75  1.66  1.86  2.09
SKEW       .59   .64   .75   .94   .58   .39   .63   .42   .58   .52   .58  1.06
% WSW     3.50  2.50  2.60  4.40  4.10  5.60  6.90  5.10  5.60  4.80  4.50  5.30
MEAN      4.09  3.76  4.47  4.73  4.46  4.02  4.18  3.97  3.97  4.29  4.29  4.29
STD DEV   1.88  1.28  1.89  2.01  1.99  1.59  1.82  1.66  1.65  1.90  1.88  1.97
SKEW       .33  -.45   .41   .11   .45   .55   .72   .82   .42   .53   .57   .31
% W       4.40  3.20  4.20  4.90  4.60  4.10  6.30  6.90  5.00  3.50  5.20  5.20
MEAN      4.90  4.54  4.77  4.55  4.02  3.82  4.01  4.09  4.07  3.91  3.99  4.79
STD DEV   2.54  1.92  2.19  1.91  1.89  1.69  1.68  1.86  1.48  1.75  1.89  2.30
SKEW       .27   .07   .09   .26   .41   .51   .49   .78   .27   .58   .67   .48
% WNW     9.80 11.40 11.60 10.10  6.20  8.70 11.20 10.40 10.20  8.80  8.60 11.40
MEAN      6.65  7.33  6.73  5.74  4.95  5.55  4.73  4.82  5.19  5.55  5.47  6.44
STD DEV   3.02  3.55  3.42  2.69  2.47  2.47  2.03  2.08  2.20  2.29  2.31  2.89
SKEW       .63   .46  1.19   .60   .94   .44   .59   .81   .51   .45   .42   .29
% NW      8.40  8.80 12.90  7.40  6.10  5.50  9.70  9.50  8.90  8.80  8.30 10.60
MEAN      6.46  7.13  6.62  5.59  5.64  5.60  5.11  4.64  5.08  5.67  4.97  5.79
STD DEV   3.42  3.14  3.00  2.59  2.90  2.60  2.15  2.07  2.39  2.52  2.64  2.81
SKEW       .70  -.01   .38   .47  1.04   .52   .40   .62   .63   .46  1.06   .48
% NNW     7.80  9.10  8.00  9.70  7.10  6.30  6.50  5.80  5.50  6.90  8.20  8.10
MEAN      5.81  6.60  5.64  5.73  5.73  5.46  4.90  4.40  5.17  5.47  5.03  5.26
STD DEV   2.85  2.99  2.60  2.71  2.50  2.44  2.04  1.88  2.37  2.66  2.45  2.54
SKEW       .56   .14   .46   .64   .46   .43   .57   .70   .70   .64   .71   .99
CALM      5.40  4.30  2.00  3.20  4.20  5.00  2.30  2.50  4.20  3.30  4.90  4.30
                                                                                
INTERPOLATED DATA (station & weighting factor)                                  
                                                                                
---Wind Stations---                                                             
AUGUSTA/STATE ME    1.000  BRUNSWICK     ME     .000  PORTLAND/INT  ME     .000 
