 United States    Valley Head 1 Ssw                                             
 LATT=  34.57 LONG= -85.62 YEARS= 10. TYPE= 3
 ELEVATION = 1014. TP5 = 2.58 TP6= 6.24
 MEAN P    .46   .51   .43   .57   .47   .47   .46   .43   .67   .47   .51   .53
 S DEV P   .66   .58   .47   .79   .53   .59   .55   .50  1.15   .72   .72   .67
 SKEW  P  3.21  1.95  1.80  2.50  1.63  2.23  1.82  1.71  4.06  2.76  2.41  2.20
 P(W/W)    .43   .53   .49   .45   .46   .53   .48   .52   .47   .52   .42   .53
 P(W/D)    .26   .35   .31   .28   .25   .25   .30   .20   .16   .18   .21   .27
 TMAX AV 49.29 54.72 63.00 73.03 79.17 85.37 86.95 86.14 82.52 72.60 60.55 53.37
 TMIN AV 32.58 37.51 43.65 51.92 60.86 68.41 70.98 69.43 63.96 52.54 41.46 38.25
 SD TMAX 10.66 10.74  9.99  7.07  6.88  4.77  4.26  4.40  6.58  8.35  8.23  9.24
 SD TMIN 11.72 10.81  9.79  8.08  7.07  3.75  3.38  3.80  6.07  8.99  9.84 10.10
 SOL.RAD  201.  251.  338.  446.  520.  555.  543.  490.  418.  314.  220.  166.
 SD SOL   69.9  89.6 117.4 133.2 136.5 108.1 101.4 107.3 103.4  91.8  73.0  59.5
 MX .5 P   .68   .69   .60  1.03   .89  1.10  1.28   .95  1.04   .64   .74   .70
 DEW PT  28.72 33.32 38.94 48.18 58.63 66.01 69.12 67.60 62.34 50.64 38.98 36.25
Time Pk   .200  .310  .400  .480  .560  .650  .720  .780  .840  .900  .960 1.000
% N       5.54  5.67  4.88  5.05  4.31  3.81  3.17  4.40  5.04  5.93  6.00  4.94
MEAN      3.57  3.63  3.69  3.57  3.03  2.75  2.72  2.62  3.09  3.13  3.34  3.21
STD DEV   1.46  1.67  1.67  1.63  1.44  1.11  1.17  1.10  1.31  1.37  1.62  1.36
SKEW       .56   .65   .65   .70  1.16  1.07  1.15  1.10   .87   .79  1.17   .91
% NNE     3.50  3.32  3.04  2.72  2.79  2.48  2.02  3.15  3.71  3.29  2.94  3.50
MEAN      3.40  3.27  3.20  3.50  3.26  2.77  2.62  2.79  3.01  3.32  3.04  3.46
STD DEV   1.57  1.38  1.48  1.53  1.52  1.20  1.22  1.16  1.30  1.53  1.33  1.63
SKEW       .72   .71   .95   .64   .77   .96  1.30   .92   .74   .88   .84   .82
% NE      8.26  8.32  7.42  6.50  7.72  9.00  8.80 11.41 14.36 12.56 10.40  9.92
MEAN      3.19  3.14  3.21  2.91  2.83  2.78  2.55  2.63  3.06  2.97  2.93  3.38
STD DEV   1.46  1.39  1.55  1.33  1.39  1.26  1.05  1.12  1.43  1.45  1.34  1.50
SKEW       .79   .75  1.02  1.04  1.31  1.10  1.13  1.31  1.03  1.30  1.03   .69
% ENE     9.14  9.59  7.71  6.49  6.14  7.17  6.44  8.77 13.67 13.36  8.24  9.81
MEAN      3.94  4.01  3.82  3.46  2.88  3.08  2.96  2.94  3.65  3.45  3.33  3.93
STD DEV   1.73  1.82  1.83  1.60  1.23  1.31  1.35  1.39  1.76  1.63  1.59  1.82
SKEW       .43   .61   .79   .89   .96   .87  1.25  1.17   .77   .95   .85   .62
% E       7.75 10.04  8.39  8.10  8.68  9.18 10.40 12.86 16.60 14.78  9.54  9.83
MEAN      3.91  4.13  4.14  3.41  2.89  3.01  2.93  2.85  3.48  3.47  3.12  4.15
STD DEV   1.96  1.98  2.07  1.65  1.39  1.40  1.34  1.37  1.73  1.75  1.55  2.09
SKEW       .59   .52   .62   .86  1.18   .97  1.03  1.20   .90   .80  1.08   .57
% ESE     2.07  2.95  2.78  2.65  2.62  2.73  2.80  2.75  3.94  3.16  2.50  3.16
MEAN      3.87  4.33  4.55  3.96  3.03  3.33  3.21  3.14  3.73  3.71  3.86  4.60
STD DEV   1.89  1.97  2.09  1.84  1.26  1.40  1.51  1.34  1.62  1.70  1.81  2.02
SKEW       .59   .38   .65   .46   .61   .45   .77   .63   .55   .57   .46   .25
% SE      2.81  3.10  3.18  3.98  4.18  3.84  4.55  4.15  4.24  3.72  3.74  3.30
MEAN      3.42  3.83  4.18  3.86  2.95  2.74  2.77  2.78  3.15  3.31  3.39  3.91
STD DEV   1.63  1.98  2.26  1.82  1.29  1.26  1.21  1.41  1.43  1.63  1.71  2.07
SKEW       .77   .77   .83   .49   .98  1.19  1.07  1.33   .73   .76   .87   .67
% SSE     2.72  2.69  3.09  3.07  2.57  2.41  2.80  2.37  1.92  1.62  2.54  2.66
MEAN      4.16  4.41  4.69  4.31  3.13  2.76  2.89  2.63  3.93  3.01  4.52  4.74
STD DEV   2.09  2.18  2.24  2.34  1.34  1.05  1.19  1.13  1.96  1.05  2.09  2.11
SKEW       .59   .26   .33   .97   .70   .51   .71  1.42  1.12   .74   .24   .22
% S       5.06  4.48  6.45  6.59  4.50  3.77  4.66  4.06  2.91  2.23  3.84  4.38
MEAN      4.55  4.78  5.22  4.25  3.31  2.91  2.78  2.73  2.97  3.12  4.21  4.49
STD DEV   2.16  2.34  2.63  2.15  1.66  1.27  1.22  1.21  1.32  1.56  2.34  2.33
SKEW       .32   .55   .86   .63   .92   .79  1.28  1.14  1.08   .96   .66   .57
% SSW     4.75  4.25  5.34  5.04  3.50  3.03  3.46  2.32  1.52  1.34  2.59  3.27
MEAN      4.68  4.86  5.23  4.82  3.94  3.40  2.92  2.81  3.42  3.30  3.74  4.81
STD DEV   2.05  2.22  2.22  2.13  1.95  1.57  1.09  1.19  1.86  1.81  1.88  2.32
SKEW       .41   .44   .35   .27   .83   .88   .88  1.23   .93   .95   .71   .52
% SW      7.39  6.49  7.99  8.26  8.14  8.66  9.92  6.10  3.63  3.62  5.45  6.34
MEAN      4.07  4.41  4.53  4.38  3.78  3.16  3.11  2.90  3.09  3.07  3.59  3.67
STD DEV   1.98  2.26  2.25  2.10  1.86  1.46  1.36  1.25  1.42  1.47  1.90  1.91
SKEW       .69   .63   .48   .65   .83  1.10  1.12  1.15   .97   .93   .85   .99
% WSW     5.11  4.90  4.34  5.31  4.46  4.82  5.25  3.20  1.84  1.83  3.43  4.23
MEAN      4.07  4.62  4.83  4.45  3.90  3.51  3.27  3.25  3.46  3.46  4.02  3.94
STD DEV   1.97  2.34  2.29  2.13  1.77  1.66  1.46  1.45  1.42  1.62  1.75  1.90
SKEW       .77   .80   .49   .60   .71   .79  1.06   .80   .78  1.09   .47   .73
% W       7.01  5.98  7.60  7.47  7.17  8.45  8.50  6.03  3.08  4.06  6.40  6.76
MEAN      4.09  4.33  4.50  4.15  3.52  3.30  3.08  2.94  2.97  3.40  3.88  4.09
STD DEV   2.02  2.12  2.27  2.12  1.64  1.54  1.41  1.33  1.37  1.62  1.77  1.99
SKEW       .78   .60   .62   .78   .85  1.12  1.36  1.19  1.16   .94   .64   .70
% WNW     5.61  6.01  5.91  5.39  4.08  3.36  2.63  2.54  1.73  2.52  5.09  4.74
MEAN      4.48  4.98  5.16  4.78  3.79  3.34  2.85  2.84  3.25  3.78  4.74  4.69
STD DEV   2.20  2.43  2.51  2.25  1.80  1.51  1.17  1.00  1.28  1.96  2.25  2.12
SKEW       .53   .37   .43   .34   .73   .81   .81   .87   .76   .80   .39   .31
% NW      7.58  7.44  8.15  6.68  7.41  6.93  4.85  5.67  3.91  5.85  8.42  7.08
MEAN      4.28  4.44  4.56  4.24  3.42  2.88  2.62  2.67  2.80  3.25  4.11  4.06
STD DEV   2.19  2.24  2.29  2.13  1.76  1.33  1.06  1.09  1.16  1.62  2.13  2.01
SKEW       .64   .66   .59   .59  1.01  1.22  1.15  1.26   .91  1.17   .76   .67
% NNW     5.50  5.18  4.38  3.94  2.98  2.59  1.84  2.23  2.53  3.43  4.36  3.93
MEAN      4.19  3.90  4.22  4.07  3.44  2.80  2.77  2.96  3.26  3.34  3.77  3.90
STD DEV   1.74  1.65  1.90  1.79  1.49  1.20  1.13  1.19  1.42  1.33  1.82  1.86
SKEW       .44   .66   .49   .48   .68  1.19   .65   .61   .45   .52   .84   .77
CALM     10.20  9.62  9.49 12.76 18.79 17.72 17.97 18.04 15.41 16.75 14.45 12.24
                                                                                
INTERPOLATED DATA (station & weighting factor)                                  
                                                                                
---Wind Stations---                                                             
ANNISTON      AL     .594  BIRMINGHAM    AL     .229  COLUMBUS      GA     .177 
