 United States    Monterey Peninsul Ap                                          
 LATT=  36.59 LONG=-121.85 YEARS= 10. TYPE= 2
 ELEVATION =  187. TP5 = 0.91 TP6= 2.83
 MEAN P    .31   .33   .28   .19   .10   .08   .02   .02   .04   .19   .29   .29
 S DEV P   .43   .41   .33   .24   .16   .13   .02   .01   .07   .32   .37   .46
 SKEW  P  2.73  2.21  1.78  1.79  2.73  2.28  1.05  1.84  2.93  2.30  2.44  4.80
 P(W/W)    .59   .64   .66   .42   .38   .19   .10   .46   .20   .42   .46   .51
 P(W/D)    .18   .17   .22   .16   .11   .05   .03   .06   .05   .11   .17   .23
 TMAX AV 56.40 55.50 55.58 55.08 54.86 56.33 57.47 59.17 60.85 61.19 58.56 56.57
 TMIN AV 52.22 51.71 52.15 52.07 52.48 53.96 55.59 57.19 57.90 57.64 54.95 52.49
 SD TMAX  2.83  3.41  2.83  2.59  2.25  2.43  2.57  2.37  3.80  3.74  3.03  2.88
 SD TMIN  2.81  3.29  2.54  1.97  1.54  1.61  2.15  2.05  2.41  2.48  2.83  3.11
 SOL.RAD  197.  269.  354.  472.  554.  607.  589.  518.  433.  322.  225.  179.
 SD SOL   55.5  74.1  99.2 110.4  95.3  76.7  57.0  72.5  65.1  66.0  55.3  47.1
 MX .5 P   .22   .23   .26   .23   .25   .08   .07   .10   .03   .13   .26   .18
 DEW PT  47.88 47.04 48.34 48.57 49.62 52.31 54.48 55.80 55.94 54.45 50.76 46.86
Time Pk   .070  .170  .250  .340  .430  .520  .610  .690  .770  .850  .940 1.000
% N       7.51  7.88  6.89  7.58  7.85  6.92  4.27  4.48  6.79  8.83  8.95  8.42
MEAN      4.45  4.09  4.62  4.04  4.24  4.07  3.11  2.99  3.73  4.11  4.13  3.75
STD DEV   2.61  2.23  2.78  2.25  2.26  2.06  1.53  1.33  1.96  2.22  2.34  2.07
SKEW      1.04  1.01  1.23  1.03   .83   .85   .94  1.07  1.61   .88  1.01   .97
% NNE     2.56  2.72  2.63  2.99  3.72  3.39  3.23  2.18  2.91  3.09  2.71  2.97
MEAN      2.88  3.44  3.65  3.36  3.74  3.42  2.84  2.79  3.18  3.32  2.81  2.93
STD DEV   1.29  1.69  2.08  1.64  1.88  1.66  1.26  1.19  1.83  1.81  1.39  1.66
SKEW       .97  1.12  1.50  1.02   .75   .98   .90   .66  1.94  1.36  1.28  1.64
% NE      2.80  3.20  2.70  2.83  3.27  3.42  3.31  3.06  3.77  3.35  3.15  3.50
MEAN      2.61  2.95  2.98  2.77  3.08  2.96  2.54  2.47  2.61  2.70  2.54  2.57
STD DEV   1.18  1.45  1.48  1.32  1.36  1.30  1.13  1.02  1.15  1.29  1.11  1.20
SKEW       .88   .88   .98  1.44   .65   .99   .79   .80   .71   .76   .62  1.01
% ENE     4.10  3.59  3.52  3.59  3.37  4.00  3.63  3.32  3.61  3.70  3.89  3.81
MEAN      3.06  3.13  3.21  3.03  3.20  3.10  2.64  2.57  2.70  2.83  2.70  2.60
STD DEV   1.49  1.47  1.43  1.33  1.40  1.31  1.23  1.09  1.18  1.31  1.22  1.24
SKEW       .60   .69   .64  1.02   .53   .60  1.24   .72   .49   .74   .34   .48
% E       2.50  2.83  2.40  3.73  4.68  4.72  6.31  7.68  4.64  3.80  2.89  3.20
MEAN      2.54  2.58  2.68  2.61  2.81  2.94  2.84  2.78  2.47  2.38  2.43  2.35
STD DEV   1.25  1.14  1.23  1.18  1.34  1.45  1.38  1.30  1.10  1.05  1.09  1.10
SKEW       .45   .48   .79   .67   .67   .88   .93   .91   .74   .61   .74   .73
% ESE     3.55  4.05  3.69  5.35  6.57  9.35 12.51 10.53  8.36  4.83  3.78  4.83
MEAN      3.07  3.08  3.28  3.18  3.42  3.37  3.38  3.36  3.02  2.77  2.92  2.86
STD DEV   1.41  1.37  1.47  1.38  1.56  1.47  1.49  1.41  1.31  1.19  1.37  1.37
SKEW       .81   .66   .86   .83   .73   .57   .64   .69   .79   .79   .79   .83
% SE      6.54  6.59  6.67  6.87  7.42  8.43 10.71  9.68  8.22  5.70  5.80  7.48
MEAN      4.74  4.68  4.57  4.32  3.94  3.85  3.90  3.70  3.70  3.61  4.08  4.44
STD DEV   2.78  2.73  2.48  2.25  1.88  1.76  1.81  1.78  1.89  1.98  2.36  3.04
SKEW       .85   .99   .86   .81   .66   .88   .63   .78  1.07  1.37   .78  1.46
% SSE    13.33 12.93 13.46 11.10 10.43 10.20 11.67 11.74  9.29  8.44  9.55 11.71
MEAN      6.81  6.52  6.25  5.10  4.70  4.18  3.97  4.08  4.03  5.36  6.24  6.41
STD DEV   3.50  3.45  3.04  2.44  2.18  1.66  1.61  1.85  1.84  2.99  3.32  3.72
SKEW       .64   .75   .70   .83   .79   .44   .60   .89   .78  1.00   .87   .95
% S       8.21  8.36  9.83  8.71  8.62  9.75 10.88 11.33  8.45  7.04  7.11  7.20
MEAN      4.62  4.89  4.78  4.38  4.16  4.34  4.02  3.98  3.90  4.16  4.88  4.59
STD DEV   2.54  2.68  2.33  2.02  1.87  1.76  1.69  1.73  1.68  2.21  2.83  2.69
SKEW       .96  1.09   .70   .69   .75   .51   .51   .61   .68   .97  1.17  1.10
% SSW     5.32  5.66  6.60  6.30  5.75  6.01  6.08  6.13  5.20  4.95  4.14  4.23
MEAN      4.76  4.37  4.51  4.13  4.15  4.28  3.93  3.82  3.62  4.11  4.06  4.23
STD DEV   2.63  2.28  2.15  1.75  1.86  1.62  1.52  1.54  1.61  2.12  2.07  2.29
SKEW      1.07  1.03   .85   .68   .58   .28   .35   .68   .83   .87   .73  1.01
% SW      3.32  4.03  4.28  4.54  4.54  4.48  4.73  4.63  4.45  3.98  3.25  3.00
MEAN      3.70  3.68  3.68  3.45  3.53  3.56  3.35  3.15  3.13  3.23  3.26  3.53
STD DEV   2.25  1.98  1.88  1.64  1.54  1.46  1.44  1.26  1.50  1.75  1.70  2.10
SKEW      1.20  1.06  1.04  1.27   .63   .36   .42   .41   .88  1.43   .99   .84
% WSW     4.71  6.22  5.67  5.67  5.48  5.15  3.99  3.96  5.57  6.10  6.60  4.53
MEAN      3.25  3.43  3.71  3.43  3.54  3.69  3.30  3.23  3.08  2.97  2.85  3.08
STD DEV   1.67  1.57  1.91  1.49  1.51  1.82  1.40  1.38  1.18  1.25  1.26  1.64
SKEW      1.07  1.10  1.77   .73   .79  1.09   .62   .54   .50   .96  1.21  1.42
% W       3.54  4.17  3.81  4.36  4.39  3.61  3.21  3.67  4.61  5.07  5.29  3.96
MEAN      2.82  3.01  3.37  3.23  3.26  3.14  2.78  2.77  2.82  2.72  2.66  2.76
STD DEV   1.51  1.46  1.79  1.73  1.54  1.39  1.17  1.20  1.15  1.08  1.10  1.22
SKEW      1.64  1.65  1.36  1.56  1.23   .47   .84   .72   .91   .85  1.32   .88
% WNW     7.35  6.72  7.27  7.01  5.96  4.89  3.87  4.42  5.89  7.72  8.05  7.51
MEAN      2.97  3.03  3.54  3.47  3.72  3.60  2.96  2.85  2.93  3.10  2.86  2.87
STD DEV   1.28  1.35  1.76  1.68  1.73  1.66  1.22  1.20  1.20  1.46  1.13  1.17
SKEW      1.23  1.29  1.02  1.11   .95   .63   .84  1.44   .85  1.35   .98   .88
% NW      8.50  7.95  7.12  7.15  6.69  5.13  4.02  5.04  6.81  8.84  8.98  8.27
MEAN      3.22  3.14  3.36  3.25  3.43  3.44  2.74  2.64  2.93  2.97  2.89  2.94
STD DEV   1.65  1.30  1.53  1.45  1.66  1.44  1.10  1.01  1.19  1.35  1.23  1.20
SKEW      1.44   .77   .86  1.16  1.07   .46   .73   .84   .80   .88   .99   .65
% NNW    12.99 10.58 11.62 10.27  9.61  8.58  4.85  4.55  7.93 11.31 12.25 11.13
MEAN      4.52  3.77  4.72  4.56  4.66  4.46  3.44  2.88  3.90  4.25  4.29  3.60
STD DEV   2.55  1.78  2.25  2.32  2.33  2.14  1.60  1.22  1.91  2.25  2.34  1.74
SKEW      1.15  1.05   .85   .86   .64   .64   .84  1.00   .93   .78   .83   .88
CALM      3.14  2.53  1.77  2.05  1.63  2.05  2.72  3.62  3.48  3.19  3.46  4.30
                                                                                
INTERPOLATED DATA (station & weighting factor)                                  
                                                                                
---Wind Stations---                                                             
RED BLUFF     CA     .410  WILLIAMS      CA     .351  BLUE CANYON   CA     .239 
