 Australia    Kirrama Station                                                   
 LATT= -18.14 LONG= 145.61 YEARS= 20. TYPE= 3
 ELEVATION = 1962. TP5 = 2.08 TP6= 5.80
 MEAN P    .76   .73   .62   .36   .32   .27   .32   .36   .31   .29   .53   .56
 S DEV P   .94  1.00   .96   .43   .44   .26   .32   .39   .24   .27   .61   .50
 SKEW  P  2.34  4.46  3.30  2.37  4.04  2.06  2.65  2.26  1.35  1.72  2.26  1.16
 P(W/W)    .62   .69   .64   .63   .52   .60   .24   .51   .33   .38   .40   .43
 P(W/D)    .19   .27   .25   .16   .16   .07   .08   .06   .06   .09   .14   .15
 TMAX AV 84.14 83.58 81.75 78.10 74.55 71.20 70.68 73.44 78.23 81.60 83.80 85.43
 TMIN AV 69.64 69.87 67.99 64.35 59.62 56.31 54.04 54.44 58.16 62.58 66.07 68.69
 SD TMAX  4.35  4.55  3.97  3.51  3.75  4.09  3.41  4.32  4.64  5.34  4.50  4.67
 SD TMIN  2.52  2.20  2.85  3.93  5.42  6.09  6.40  5.29  4.48  3.68  3.23  2.84
 SOL.RAD  518.  496.  459.  404.  345.  311.  353.  449.  547.  583.  603.  581.
 SD SOL  162.8 150.8 145.9 143.4 138.4 137.3 138.1 122.3 114.5 129.5 135.3 150.8
 MX .5 P  1.45  1.43  1.41   .69   .52   .38   .34   .41   .44   .59   .86  1.00
 DEW PT  68.89 69.33 67.84 64.40 59.84 56.54 54.43 54.33 57.11 60.80 64.09 67.00
Time Pk   .100  .200  .290  .380  .460  .550  .640  .720  .800  .870  .940 1.000
% N       0.91  1.08  2.62  3.80  5.53  5.56  5.27  5.74  4.42  3.54  2.49  1.03
MEAN      3.84  3.75  3.89  4.63  4.92  5.06  4.71  5.12  5.47  5.06  4.85  3.58
STD DEV   1.74  1.58  1.69  2.02  2.24  2.27  2.02  2.06  2.33  2.14  2.14  1.73
SKEW      0.34  0.40  0.40  0.49  0.49  0.68  0.41  0.36  0.40  0.40  0.37  0.76
% NNE     1.36  1.98  4.29  4.69  6.30  5.48  5.40  5.45  5.12  5.52  3.27  1.61
MEAN      4.35  3.93  4.69  4.95  5.39  5.11  5.24  5.28  5.54  5.54  5.03  4.47
STD DEV   1.63  1.62  1.96  1.95  2.03  1.94  2.24  2.10  2.22  2.10  2.20  1.83
SKEW      0.27  0.43  0.19  0.39  0.22  0.54  0.35  0.37  0.39  0.32  0.46  0.16
% NE      1.97  3.09  5.52  4.75  5.26  4.39  5.26  5.16  5.04  5.41  3.60  2.65
MEAN      3.92  3.87  4.16  4.24  4.61  4.22  4.52  4.62  4.78  4.83  4.50  4.48
STD DEV   1.58  1.59  1.78  1.82  1.89  1.58  1.81  1.89  1.96  1.99  1.89  1.82
SKEW      0.37  0.63  0.45  0.53  0.45  0.46  0.45  0.32  0.22  0.34  0.50  0.51
% ENE     2.66  3.55  7.33  5.09  4.23  3.16  4.50  6.25  5.86  5.80  5.02  3.78
MEAN      3.88  3.99  4.01  3.96  4.01  3.78  4.09  4.21  4.50  4.34  4.19  4.27
STD DEV   1.62  1.57  1.56  1.53  1.56  1.41  1.54  1.50  1.64  1.78  1.70  1.74
SKEW      0.43  0.65  0.42  0.67  0.43  0.49  0.54  0.38  0.34  0.48  0.54  0.59
% E       3.99  5.08  7.24  4.27  3.17  2.03  2.95  4.54  4.84  4.94  5.40  4.75
MEAN      3.92  3.91  3.77  3.61  3.68  3.65  3.47  3.73  4.10  3.89  4.02  4.04
STD DEV   1.69  1.58  1.46  1.38  1.30  1.46  1.31  1.31  1.51  1.59  1.67  1.58
SKEW      0.80  0.68  0.49  0.33  0.40  0.53  0.49  0.34  0.23  0.66  0.76  0.64
% ESE     5.01  5.30  5.55  3.15  1.83  1.31  1.57  2.44  3.22  3.86  5.26  5.76
MEAN      4.17  4.14  3.95  3.81  3.64  3.33  3.36  3.93  4.08  4.32  4.38  4.34
STD DEV   1.55  1.49  1.44  1.51  1.21  1.23  1.12  1.26  1.58  1.70  1.85  1.57
SKEW      0.25  0.25  0.49  0.55  0.19  0.43  0.19  0.29  0.55  0.46  0.71  0.45
% SE     11.25  9.82  6.89  4.61  2.29  1.90  1.80  3.07  4.40  6.67  9.60 12.67
MEAN      4.42  4.07  3.97  3.96  3.54  3.60  3.47  4.23  4.37  4.70  5.07  4.74
STD DEV   1.59  1.43  1.45  1.59  1.38  1.51  1.43  1.90  1.81  1.94  2.16  1.81
SKEW      0.33  0.24  0.31  0.46  0.34  1.02  0.33  0.68  0.33  0.44  0.68  0.41
% SSE    20.65 13.55  9.05  7.34  3.60  2.65  2.64  4.59  6.98 10.59 16.21 20.28
MEAN      4.92  4.45  4.38  4.70  4.37  4.53  4.47  5.22  5.43  5.77  5.77  5.42
STD DEV   1.68  1.49  1.55  1.79  1.81  1.87  1.84  2.19  2.13  2.33  2.19  1.91
SKEW      0.30  0.24  0.22  0.40  0.66  0.39  0.40  0.46  0.57  0.41  0.34  0.31
% S      20.25 16.83 12.30 11.48  6.69  5.43  5.91  6.63  9.78 12.54 16.03 20.57
MEAN      4.57  4.17  4.32  4.68  4.73  4.66  4.73  5.01  5.28  5.53  5.33  5.21
STD DEV   1.64  1.52  1.64  1.85  1.91  2.02  2.03  2.08  2.11  2.25  1.95  1.83
SKEW      0.39  0.37  0.45  0.55  0.56  0.63  0.36  0.31  0.40  0.43  0.32  0.24
% SSW    11.24 11.06  8.48  9.81  9.51  8.63  9.27  7.77  9.67  9.67  9.78 10.69
MEAN      4.41  4.17  4.45  4.67  4.94  4.91  4.99  5.27  5.42  5.42  5.21  5.16
STD DEV   1.53  1.47  1.67  1.78  1.92  1.93  2.00  2.09  2.09  2.04  1.93  1.80
SKEW      0.13  0.20  0.22  0.33  0.47  0.26  0.33  0.24  0.35  0.27  0.24  0.25
% SW      4.14  5.65  4.05  5.77  7.95  8.83  9.26  6.96  6.22  5.10  4.32  2.89
MEAN      3.86  3.61  3.81  3.97  4.29  4.30  4.42  4.68  4.78  4.76  4.44  4.13
STD DEV   1.35  1.37  1.71  1.77  1.81  1.87  1.83  1.99  2.01  1.96  1.79  1.66
SKEW      0.13  0.38  0.41  0.49  0.51  0.66  0.42  0.33  0.40  0.29  0.39  0.43
% WSW     1.49  2.04  1.81  3.35  6.80  8.96  7.81  6.46  4.35  3.74  1.94  0.94
MEAN      3.09  3.30  3.15  3.28  3.82  3.85  4.11  4.51  4.53  4.58  3.94  3.63
STD DEV   1.10  1.28  1.41  1.54  1.69  1.66  1.91  2.21  2.09  2.25  1.71  1.51
SKEW      0.17  0.40  0.72  0.74  0.82  0.82  0.90  0.76  0.55  0.68  0.39  0.41
% W       0.81  1.36  1.63  3.09  6.05  8.17  7.54  6.68  5.40  3.71  1.86  0.77
MEAN      2.72  2.66  2.51  2.76  3.46  3.60  3.80  4.40  4.95  4.69  3.81  3.18
STD DEV   1.00  1.13  1.16  1.31  1.81  1.84  2.03  2.55  2.95  2.74  1.93  1.38
SKEW      0.25  0.89  1.10  0.96  1.39  1.47  1.52  1.32  0.96  0.97  0.69  0.45
% WNW     0.56  0.69  0.82  1.95  3.91  5.44  5.41  4.56  5.08  3.01  1.49  0.49
MEAN      2.81  2.66  2.73  3.26  3.96  4.05  4.33  4.76  5.66  4.55  3.68  2.93
STD DEV   1.05  1.07  1.15  1.69  2.15  2.14  2.38  2.51  3.14  2.24  1.71  1.18
SKEW      0.19  0.46  0.49  0.94  1.14  1.17  1.17  0.79  0.67  0.66  0.46  0.05
% NW      0.50  0.66  0.85  1.49  2.73  3.36  3.80  3.69  3.57  2.46  1.25  0.63
MEAN      2.75  2.62  2.61  3.32  3.55  3.83  4.43  4.33  5.00  4.26  4.02  3.02
STD DEV   1.14  0.95  1.34  1.52  1.80  1.96  2.13  1.92  2.59  2.01  1.74  1.21
SKEW      0.19  0.08  1.55  1.18  0.94  0.91  0.71  0.61  0.58  0.95  0.27  0.56
% NNW     0.56  0.57  1.02  1.70  3.02  3.60  3.50  3.88  3.12  2.58  1.49  0.68
MEAN      3.23  3.13  3.43  4.10  4.54  4.96  5.22  5.28  5.61  4.87  4.44  3.83
STD DEV   1.02  1.09  1.61  1.65  1.88  2.09  2.25  2.18  2.50  2.07  1.97  1.38
SKEW      0.16  0.76  0.63  0.41  0.41  0.56  0.49  0.34  0.31  0.61  0.33  0.22
CALM     12.67 17.77 20.54 23.56 21.14 21.20 18.13 16.21 12.90 10.83 11.01  9.72
                                                                                
INTERPOLATED DATA (station & weighting factor)                                  
                                                                                
---Wind Stations---                                                             
JUNCTION      TX     .546  SAN ANGELO    TX     .304  ABILENE/DYESS TX     .150 
