 Australia    Meda                                                              
 LATT= -17.37 LONG= 124.00 YEARS= 20. TYPE= 4
 ELEVATION =   62. TP5 = 3.23 TP6= 7.79
 MEAN P    .79   .73   .75   .44   .64   .66   .41   .00   .05   .65   .50   .47
 S DEV P   .95   .75   .94   .52   .68   .63   .26   .00   .00   .48   .49   .44
 SKEW  P  2.16  1.69  3.63  3.29  1.15  1.20 -0.55   .00   .00   .72  1.51  1.65
 P(W/W)    .52   .53   .37   .20   .43   .44   .33   .00   .00   .00   .16   .38
 P(W/D)    .29   .26   .16   .05   .01   .01   .00   .00   .00   .01   .05   .11
 TMAX AV 91.91 91.52 92.63 94.07 89.65 85.32 85.14 86.87 91.39 93.55 95.30 94.59
 TMIN AV 80.50 80.11 79.59 76.31 69.56 64.19 62.65 63.48 69.85 76.17 79.97 81.29
 SD TMAX  4.39  4.44  4.56  3.45  4.14  3.56  3.61  3.20  3.86  3.69  3.44  4.27
 SD TMIN  1.90  2.08  2.29  4.02  5.00  5.13  4.91  4.52  4.06  3.31  2.48  2.10
 SOL.RAD  506.  510.  496.  490.  434.  412.  433.  512.  583.  622.  624.  558.
 SD SOL  140.0 138.5 112.8  86.1  76.3  56.0  59.2  39.5  54.8  74.9  96.0 143.2
 MX .5 P  1.78  1.51  1.13   .43   .40   .40   .23   .23   .28   .45   .60   .82
 DEW PT  76.09 76.36 74.94 66.83 54.29 46.98 45.87 46.00 55.37 66.19 70.21 74.11
Time Pk   .160  .270  .360  .460  .540  .640  .710  .770  .830  .890  .950 1.000
% N       2.50  2.64  2.58  6.33  9.14  6.51  7.09  7.36  4.63  4.69  3.17  2.67
MEAN      3.12  3.33  3.64  4.04  4.63  4.67  4.55  4.46  4.44  4.60  3.62  3.34
STD DEV   1.15  1.44  1.80  1.64  1.73  1.79  1.85  1.86  1.68  1.97  1.45  1.40
SKEW      0.63  1.27  1.47  0.64  0.36  0.53  0.46  0.43  0.78  1.15  0.62  0.79
% NNE     3.27  4.13  5.25 11.28 11.11  8.00  7.73  7.75  5.02  4.79  4.25  3.62
MEAN      2.96  3.44  3.65  4.15  4.40  4.52  4.20  4.53  4.58  4.20  3.78  3.40
STD DEV   1.10  1.46  1.85  1.69  1.69  1.88  1.86  1.86  1.92  1.75  1.69  1.45
SKEW      0.99  1.19  2.82  0.76  0.56  0.48  0.66  0.49  0.60  0.74  0.77  1.19
% NE      6.01  8.56 11.20 18.24 16.83 12.64 10.25  8.97  6.44  7.04  7.07  5.91
MEAN      3.06  3.22  3.54  4.20  3.79  3.96  3.81  3.98  3.88  4.12  3.81  3.47
STD DEV   1.14  1.28  1.56  1.86  1.69  1.82  1.70  1.84  1.77  2.00  1.61  1.64
SKEW      0.92  1.14  1.41  0.90  0.90  0.78  0.96  0.74  0.69  1.03  0.68  1.41
% ENE     9.59  9.65 14.30 17.73 11.68 10.62  9.30  7.96  7.41  8.17  7.61  8.00
MEAN      3.18  3.39  3.72  4.36  4.08  3.68  3.59  3.96  4.10  4.27  4.02  3.47
STD DEV   1.25  1.31  1.65  1.83  1.80  1.57  1.60  1.69  1.81  1.89  1.77  1.53
SKEW      1.18  1.18  1.38  0.76  0.76  1.03  1.04  0.93  0.89  0.61  0.80  1.26
% E      18.62 18.88 19.14 14.04 11.82 13.71 13.29  9.68  9.78 14.58 12.62 13.46
MEAN      3.26  3.43  3.67  4.04  3.82  3.77  3.63  3.66  4.15  4.20  3.92  3.47
STD DEV   1.34  1.45  1.59  1.88  1.69  1.69  1.69  1.67  2.00  1.92  1.82  1.61
SKEW      1.36  1.14  1.22  0.96  0.71  1.03  1.06  0.98  0.96  0.95  0.82  1.16
% ESE    12.07 10.40  9.05  4.82  5.25  6.88  8.90  5.77  8.33  8.46  8.19  8.96
MEAN      3.59  3.51  3.84  4.14  3.77  4.11  4.00  4.16  4.26  4.26  3.76  3.53
STD DEV   1.44  1.48  1.50  1.80  1.60  1.62  1.69  1.92  2.02  1.86  1.80  1.58
SKEW      1.02  1.19  0.67  0.86  0.74  0.40  0.63  0.76  0.78  0.65  1.08  1.23
% SE      8.98  7.29  5.20  2.93  3.11  4.37  5.45  5.37  5.99  5.37  5.77  7.10
MEAN      3.38  3.53  3.64  3.34  3.62  4.05  4.25  3.99  4.32  3.99  3.52  3.19
STD DEV   1.33  1.39  1.62  1.42  1.49  1.78  1.77  2.01  1.93  1.84  1.72  1.56
SKEW      1.02  0.84  1.19  0.87  0.62  0.65  0.48  0.92  0.52  1.17  1.15  2.03
% SSE     5.07  4.24  2.49  1.75  2.23  2.93  3.00  3.31  4.48  3.41  3.46  4.52
MEAN      3.57  3.65  3.80  3.45  3.94  4.30  4.61  4.11  4.99  4.93  3.42  3.37
STD DEV   1.41  1.65  1.58  1.52  2.00  1.84  1.98  1.75  2.63  3.10  1.44  1.50
SKEW      0.98  1.52  1.23  0.91  1.10  0.54  0.63  0.62  1.18  1.65  0.85  1.21
% S       4.36  4.35  2.95  2.11  3.00  4.62  4.97  6.16  6.98  4.13  3.52  3.97
MEAN      3.67  3.68  4.05  3.96  4.36  4.66  4.84  5.26  5.43  5.20  4.28  3.75
STD DEV   1.59  1.67  1.99  2.25  1.89  2.12  2.07  2.50  2.71  2.45  2.14  1.99
SKEW      0.85  1.02  1.05  1.20  0.54  0.71  0.51  0.65  0.86  0.54  0.89  1.29
% SSW     2.96  3.87  2.58  1.28  2.77  3.48  2.88  4.98  6.60  3.79  3.10  2.95
MEAN      4.49  4.80  4.56  4.31  4.79  5.15  4.94  5.36  6.09  5.81  4.88  4.29
STD DEV   1.79  2.35  1.97  1.59  1.85  2.21  1.90  2.17  2.37  2.51  1.97  2.04
SKEW      0.42  0.73  0.53  0.25  0.22  0.26  0.20  0.06  0.39  0.30  0.11  0.88
% SW      4.29  4.02  3.52  2.17  2.69  3.51  3.00  4.04  7.22  6.02  5.85  5.05
MEAN      4.39  4.44  4.29  4.73  4.43  4.45  4.44  5.35  5.46  5.54  5.25  4.23
STD DEV   1.73  1.92  1.99  1.99  1.73  1.91  1.81  2.15  2.19  2.01  1.97  1.92
SKEW      0.36  0.54  0.55  0.45  0.39  0.42  0.38  0.21  0.19 -0.07  0.14  0.74
% WSW     3.90  3.62  3.20  1.65  1.76  2.23  2.12  2.89  4.33  4.04  7.43  6.59
MEAN      4.40  4.64  4.65  4.61  4.33  4.42  4.12  4.78  5.13  5.20  5.45  5.06
STD DEV   1.64  1.85  1.87  2.00  1.59  1.72  1.69  1.81  1.97  1.93  1.84  1.90
SKEW      0.19  0.95  0.37  0.56  0.38  0.03  0.39  0.25  0.05  0.33 -0.09  0.09
% W       4.27  4.23  4.24  3.08  2.35  2.05  2.90  3.49  4.31  6.00  8.17  7.50
MEAN      4.44  4.32  4.33  4.00  4.06  3.98  4.09  4.77  5.24  5.13  5.27  4.78
STD DEV   1.73  1.56  1.54  1.46  1.65  1.71  2.01  2.31  1.98  1.96  1.88  1.69
SKEW      0.27  0.37  0.35  0.70  0.52  0.79  0.87  1.12  0.36  0.29  0.13  0.07
% WNW     2.59  2.59  3.28  2.02  2.32  2.40  3.23  4.40  4.46  6.01  6.01  4.91
MEAN      4.02  4.23  4.66  4.07  4.34  4.75  4.64  5.30  5.39  5.29  4.90  4.62
STD DEV   1.46  1.46  2.76  1.59  1.92  2.21  2.11  2.50  2.17  2.12  1.89  1.83
SKEW      0.46  0.25  1.93  0.61  0.93  0.76  0.64  0.97  0.52  0.40  0.43  0.49
% NW      1.51  2.29  2.32  2.03  2.22  3.17  3.79  5.10  3.63  4.04  3.33  3.13
MEAN      3.57  3.68  3.47  3.94  4.85  5.05  4.88  5.11  5.01  4.54  4.17  3.81
STD DEV   1.42  1.43  1.31  1.72  1.96  2.38  2.57  2.43  2.30  2.01  1.94  1.55
SKEW      0.23  0.63  0.72  1.11  0.42  1.13  0.44  0.83  0.44  0.46  0.89  0.55
% NNW     1.57  1.54  1.42  2.23  3.52  3.19  4.10  3.93  3.61  3.38  1.88  2.23
MEAN      3.35  3.15  3.53  4.02  5.06  4.78  4.66  4.72  4.71  4.55  3.75  3.34
STD DEV   1.21  1.36  1.44  1.48  2.02  1.96  2.00  2.04  1.98  1.86  1.40  1.32
SKEW      0.06  0.68  0.64  0.49  0.42  0.57  0.59  0.52  0.51  0.82  0.81  0.69
CALM      8.51  7.65  7.08  6.06  8.20  9.61  7.93  9.01  6.71  6.01  8.51  9.34
                                                                                
INTERPOLATED DATA (station & weighting factor)                                  
                                                                                
---Wind Stations---                                                             
FT. MYERS     FL    1.000  AVON PARK     FL     .000  BARTOW        FL     .000 
