 Australia    Challa                                                            
 LATT= -28.28 LONG= 118.31 YEARS= 20. TYPE= 3
 ELEVATION = 1407. TP5 = 1.80 TP6= 2.89
 MEAN P    .42   .31   .42   .29   .22   .20   .19   .14   .13   .16   .28   .40
 S DEV P   .44   .30   .65   .38   .24   .20   .22   .14   .11   .17   .37   .57
 SKEW  P  1.67  1.88  3.14  3.13  1.47  1.65  2.74  1.91  1.80  1.93  2.80  2.80
 P(W/W)    .44   .32   .37   .22   .35   .45   .29   .19   .29   .19   .26   .23
 P(W/D)    .07   .08   .07   .06   .06   .09   .11   .09   .05   .04   .05   .06
 TMAX AV 98.35 96.10 89.93 82.62 73.43 66.37 64.89 69.14 75.45 84.20 89.72 95.13
 TMIN AV 74.44 73.73 68.72 61.59 53.00 47.53 45.40 47.09 51.28 58.81 64.86 70.65
 SD TMAX  8.42  8.41  8.37  7.71  6.47  5.69  5.69  7.08  8.04  8.18  8.58  7.81
 SD TMIN  6.18  5.84  6.21  5.97  5.73  5.40  5.02  5.37  5.71  6.54  6.77  6.75
 SOL.RAD  644.  570.  507.  403.  327.  279.  302.  386.  505.  590.  652.  675.
 SD SOL  132.6 134.4 109.9  91.9  69.4  70.0  72.9  77.7  85.7 104.6 106.4 113.9
 MX .5 P   .74   .49   .50   .32   .30   .33   .28   .27   .26   .33   .39   .47
 DEW PT  50.27 52.33 50.60 47.06 42.82 40.99 40.54 38.32 37.48 38.76 41.28 44.37
Time Pk   .160  .260  .350  .430  .520  .610  .690  .760  .840  .900  .950 1.000
% N       4.08  5.19  6.53  8.35  9.31  9.40  9.59  9.78  7.82  6.19  4.86  4.27
MEAN      3.33  3.18  3.03  2.82  2.82  2.63  2.66  2.93  3.00  2.88  3.07  3.02
STD DEV   1.69  1.70  1.33  1.25  1.48  1.17  1.32  1.63  1.55  1.35  1.35  1.39
SKEW      1.39  1.57  1.01  0.95  1.48  0.93  1.63  1.79  1.76  1.19  0.77  1.20
% NNE     1.93  2.10  2.39  2.69  3.09  2.82  3.29  2.97  2.52  2.29  1.85  1.67
MEAN      3.56  3.03  2.83  2.91  3.13  2.95  3.18  3.08  2.93  2.81  2.88  2.82
STD DEV   2.03  1.67  1.42  1.45  1.74  1.54  1.98  1.82  1.66  1.36  1.46  1.35
SKEW      1.12  1.46  1.41  1.35  1.09  1.02  1.23  1.46  1.31  0.84  1.23  1.22
% NE      2.98  3.28  3.15  3.39  3.71  3.74  3.93  3.36  2.86  2.98  2.70  2.43
MEAN      3.08  2.97  3.02  3.05  3.38  3.24  2.89  3.21  2.74  2.87  2.84  2.58
STD DEV   1.63  1.46  1.47  1.57  2.12  1.80  1.64  1.81  1.38  1.32  1.35  1.13
SKEW      1.49  1.44  1.36  1.20  1.31  1.19  1.44  1.28  1.03  1.06  1.35  0.94
% ENE     2.22  2.58  3.13  2.96  3.37  3.25  3.18  2.96  2.37  2.23  2.25  2.08
MEAN      3.36  3.32  3.40  3.36  3.91  3.30  3.23  3.66  3.18  3.03  3.31  2.91
STD DEV   1.73  1.76  1.70  1.70  2.23  1.64  1.66  2.09  1.59  1.43  1.65  1.35
SKEW      1.29  1.43  1.18  1.05  1.15  0.91  1.05  1.42  1.16  0.96  1.08  0.98
% E       6.64  7.93 10.16 10.50  9.80  9.02  9.44  8.71  7.79  7.39  7.06  6.72
MEAN      3.49  3.45  3.41  3.34  3.28  3.17  3.21  3.17  3.02  3.06  3.21  3.07
STD DEV   1.71  1.67  1.62  1.59  1.58  1.47  1.61  1.56  1.41  1.45  1.55  1.46
SKEW      1.12  1.16  1.01  0.98  1.04  0.82  1.15  0.97  0.95  0.92  0.95  0.97
% ESE     5.25  6.21  7.91  8.07  7.42  7.65  7.58  7.13  6.63  5.45  5.29  4.68
MEAN      3.91  3.75  3.95  3.60  3.30  3.20  3.31  3.34  3.09  3.38  3.56  3.37
STD DEV   1.87  1.83  1.87  1.76  1.51  1.48  1.55  1.61  1.24  1.55  1.70  1.57
SKEW      0.98  1.13  0.83  1.04  0.76  0.82  0.73  0.97  0.70  0.96  0.91  0.80
% SE      7.85  9.09 10.32  9.93  9.37  8.96  9.23  9.30  8.73  7.71  7.30  6.92
MEAN      3.88  3.49  3.42  3.16  2.93  2.85  2.78  2.89  2.94  2.97  3.20  3.14
STD DEV   2.09  1.80  1.69  1.48  1.35  1.24  1.24  1.28  1.22  1.25  1.46  1.38
SKEW      1.32  1.42  1.11  1.07  1.19  0.82  0.95  1.07  0.88  1.01  1.17  1.08
% SSE     4.43  5.33  4.42  4.44  4.12  4.04  4.22  4.44  4.11  3.96  4.06  3.76
MEAN      3.64  3.37  3.39  2.99  2.74  2.61  2.55  2.90  2.99  2.99  3.27  3.33
STD DEV   1.81  1.54  1.48  1.32  1.31  1.12  1.15  1.37  1.32  1.31  1.47  1.54
SKEW      1.12  1.38  0.72  0.61  1.10  0.96  1.20  0.96  0.67  0.72  0.65  0.85
% S       8.05  7.55  5.82  5.43  4.77  4.42  4.49  5.72  6.47  6.65  6.81  7.01
MEAN      3.59  3.41  3.14  3.04  2.79  2.77  2.60  2.85  3.32  3.54  3.51  3.54
STD DEV   1.79  1.84  1.53  1.60  1.49  1.45  1.34  1.43  1.76  1.81  1.76  1.78
SKEW      1.02  1.36  1.14  1.21  1.36  1.67  1.62  1.44  1.25  1.03  1.00  1.01
% SSW     6.82  5.03  3.73  3.04  2.48  2.75  2.38  3.25  4.70  6.22  7.09  7.29
MEAN      4.04  3.82  3.64  3.58  3.27  3.41  3.30  3.51  4.05  4.35  4.20  4.22
STD DEV   1.79  1.77  1.76  1.89  1.66  1.88  1.80  1.89  2.15  2.17  2.09  1.98
SKEW      0.74  0.94  1.04  1.18  1.25  0.91  1.11  1.23  1.10  0.83  0.82  0.67
% SW      8.38  7.17  5.41  3.90  3.22  3.16  2.96  4.00  6.29  8.91 10.39 10.35
MEAN      3.85  3.78  3.65  3.59  3.34  3.56  3.20  3.68  4.42  4.72  4.52  4.38
STD DEV   1.81  1.71  1.72  1.87  1.72  2.01  1.76  2.00  2.28  2.48  2.17  2.11
SKEW      0.80  0.92  1.01  1.16  1.00  1.05  1.02  1.08  0.83  0.84  0.78  0.77
% WSW     5.58  3.94  3.22  2.77  2.33  2.16  2.51  3.31  4.83  6.54  7.35  7.19
MEAN      4.04  3.70  3.87  3.75  3.36  3.66  3.25  4.05  4.63  4.96  4.85  4.59
STD DEV   1.76  1.64  1.87  2.02  1.73  2.03  1.86  2.24  2.45  2.50  2.24  2.04
SKEW      0.49  0.55  0.88  1.01  0.86  0.80  1.27  0.99  0.84  0.62  0.58  0.67
% W       8.97  7.07  5.50  4.58  4.09  3.86  4.17  5.46  6.73  8.67  9.53  9.59
MEAN      3.76  3.55  3.47  3.39  3.33  3.37  3.52  4.11  4.43  4.42  4.24  4.07
STD DEV   1.72  1.59  1.54  1.68  1.80  1.94  1.96  2.49  2.35  2.27  1.99  1.82
SKEW      0.81  0.69  0.84  0.97  1.06  1.25  1.03  1.21  0.80  0.70  0.86  0.67
% WNW     4.40  3.33  2.64  2.62  2.46  2.49  2.89  3.56  4.12  4.38  4.25  4.63
MEAN      3.68  3.70  3.35  3.43  3.33  3.27  3.33  4.15  4.50  4.32  3.97  3.82
STD DEV   1.51  1.63  1.37  1.78  1.87  1.88  1.83  2.35  2.37  2.16  1.82  1.62
SKEW      0.52  0.80  0.30  1.28  1.35  1.42  1.23  0.98  0.72  0.72  0.80  0.46
% NW      6.26  5.29  4.65  4.25  4.21  3.98  4.07  4.89  5.37  5.48  4.93  6.11
MEAN      3.61  3.57  3.27  3.10  2.93  2.98  3.15  3.61  3.70  3.70  3.56  3.51
STD DEV   1.55  1.73  1.41  1.53  1.40  1.54  1.82  2.05  1.93  1.70  1.53  1.48
SKEW      0.58  1.02  0.75  1.47  1.03  1.34  1.87  1.31  1.06  0.76  0.68  0.53
% NNW     3.28  3.12  3.09  3.59  4.13  4.23  3.94  4.12  3.86  3.44  2.80  3.23
MEAN      3.51  3.41  3.17  3.10  3.05  2.99  3.02  3.11  3.54  3.43  3.33  3.32
STD DEV   1.65  1.50  1.32  1.37  1.43  1.36  1.49  1.42  1.73  1.40  1.43  1.38
SKEW      1.12  0.86  0.58  1.03  0.94  1.08  1.24  1.10  1.09  0.41  0.52  0.81
CALM     12.84 15.79 17.93 19.51 22.23 24.09 22.18 17.03 14.76 11.47 11.52 12.09
                                                                                
INTERPOLATED DATA (station & weighting factor)                                  
                                                                                
---Wind Stations---                                                             
PHOENIX/LUKE  AZ     .363  PHOENIX/SKY   AZ     .363  TUCSON/DAVIS  AZ     .273 
