 Australia    Tumbarumba (Maragle Park)                                         
 LATT= -35.84 LONG= 148.21 YEARS= 20. TYPE= 2
 ELEVATION = 2628. TP5 = 0.88 TP6= 2.15
 MEAN P    .33   .30   .34   .24   .29   .29   .28   .33   .32   .32   .35   .39
 S DEV P   .41   .31   .42   .25   .36   .29   .31   .35   .32   .33   .36   .47
 SKEW  P  2.30  1.85  2.05  1.58  2.34  1.87  1.89  2.02  2.07  1.77  1.77  2.41
 P(W/W)    .45   .37   .41   .45   .54   .66   .66   .66   .59   .48   .51   .48
 P(W/D)    .17   .15   .13   .17   .18   .28   .30   .28   .29   .28   .21   .18
 TMAX AV 82.46 80.10 74.76 66.65 57.23 51.23 49.60 52.23 58.61 65.55 72.36 77.05
 TMIN AV 56.30 55.63 50.60 43.60 37.42 34.83 34.06 34.17 37.71 42.22 48.47 52.08
 SD TMAX  7.87  7.31  7.15  6.45  5.80  4.36  4.07  5.46  6.34  7.54  8.15  7.93
 SD TMIN  6.96  6.28  6.49  6.35  6.65  6.38  5.86  5.78  6.73  7.16  7.39  6.90
 SOL.RAD  606.  527.  439.  325.  228.  173.  185.  254.  359.  483.  550.  603.
 SD SOL  151.2 138.9 121.0  93.6  78.1  71.0  75.6  94.7 120.1 138.1 152.0 149.8
 MX .5 P   .83   .53   .46   .32   .24   .27   .31   .38   .33   .46   .64   .71
 DEW PT  52.73 53.50 50.15 45.67 40.81 38.31 37.12 37.17 40.47 43.58 48.13 49.76
Time Pk   .070  .150  .240  .320  .400  .510  .600  .690  .780  .860  .940 1.000
% N      17.29 16.38 12.38 10.73  6.72  6.81  6.48  7.12  8.62 10.08 15.41 17.50
MEAN      4.21  4.01  3.79  3.63  3.12  2.96  3.12  3.64  3.80  4.36  4.53  4.34
STD DEV   1.81  1.76  1.96  2.19  1.80  1.47  1.97  2.37  1.95  2.36  2.09  2.01
SKEW      0.53  0.62  0.73  0.99  1.54  0.87  1.73  1.26  0.76  0.76  0.57  0.52
% NNE    13.89 11.47 10.07  7.97  6.38  6.00  7.40  9.64  9.33 10.22 12.56 12.65
MEAN      4.00  3.62  3.42  3.18  3.02  2.85  2.97  3.12  3.65  4.00  4.31  4.10
STD DEV   2.06  1.76  1.94  2.00  1.59  1.37  1.54  1.83  2.04  2.04  2.06  1.94
SKEW      1.02  0.96  1.46  1.73  1.19  1.18  1.23  1.60  1.06  0.81  0.71  0.87
% NE      6.67  7.28  7.41  7.38  5.45  4.45  5.47  5.98  4.91  6.63  6.25  7.23
MEAN      2.69  2.62  2.60  2.37  2.47  2.51  2.59  2.42  2.80  2.91  2.83  2.80
STD DEV   1.32  1.25  1.23  1.06  1.10  1.10  1.09  1.11  1.48  1.53  1.44  1.30
SKEW      1.19  1.29  1.19  1.25  0.90  0.73  0.97  1.02  1.49  1.27  1.52  0.89
% ENE     4.35  4.70  3.99  3.16  2.39  2.16  3.00  3.60  2.65  3.29  3.19  2.73
MEAN      2.43  2.48  2.46  2.35  2.52  2.35  2.38  2.40  2.53  2.60  2.68  2.48
STD DEV   0.98  0.99  1.11  1.06  1.15  0.98  0.97  1.00  1.14  1.23  1.33  0.92
SKEW      0.74  0.97  1.04  0.88  0.80  0.66  0.94  1.04  1.42  1.07  1.69  0.75
% E       2.23  2.46  2.96  2.61  2.06  2.27  2.08  2.07  2.20  2.41  2.08  2.08
MEAN      2.35  2.20  2.30  2.22  2.34  2.44  2.49  2.42  2.74  2.33  2.37  2.45
STD DEV   1.03  0.98  1.04  0.97  1.05  1.21  1.20  1.05  1.49  1.13  1.01  1.14
SKEW      1.12  1.23  1.04  0.60  0.70  0.67  0.73  0.70  1.82  1.21  0.43  0.91
% ESE     1.88  2.30  3.00  2.48  3.31  3.32  3.69  3.95  3.13  2.59  1.94  1.71
MEAN      2.48  2.60  2.48  2.88  2.90  2.90  2.79  2.84  2.74  3.08  2.87  3.05
STD DEV   1.15  1.19  1.11  1.11  1.12  1.19  1.12  1.22  1.06  1.56  1.74  1.31
SKEW      1.00  0.81  1.11  0.86  0.32  0.56  0.77  0.88  0.61  0.76  1.95  0.75
% SE      3.57  3.81  4.09  5.28  6.39  6.04  7.74  7.10  6.12  4.76  3.55  3.58
MEAN      3.65  2.73  2.54  2.60  4.29  2.97  2.96  3.22  2.96  3.23  3.06  2.79
STD DEV   2.38  1.57  1.26  1.21  4.02  1.54  1.39  2.12  1.37  1.61  1.58  1.59
SKEW      1.33  1.61  1.52  1.07  1.46  2.19  2.31  2.17  1.63  0.87  0.95  1.89
% SSE     4.43  4.94  5.16  5.70  6.29  6.81  7.13  5.63  6.18  6.02  4.94  3.57
MEAN      4.03  4.39  3.92  5.18  6.51  6.22  5.79  4.05  6.95  6.21  4.86  3.53
STD DEV   2.47  2.43  2.59  3.60  4.06  4.47  3.96  3.29  4.52  4.11  3.09  1.95
SKEW      0.93  0.55  1.05  0.84  0.32  0.81  0.57  1.73  0.33  0.59  0.76  1.06
% S       3.29  3.84  4.20  5.71  9.32  8.23  9.70  6.25  6.92  5.81  3.77  3.51
MEAN      5.12  5.45  4.29  5.79  7.19  6.33  6.80  6.34  6.81  6.03  4.84  4.26
STD DEV   3.08  3.21  2.82  4.18  4.16  4.01  3.54  3.98  3.78  3.52  2.89  2.86
SKEW      0.74  0.48  0.62  0.73  0.59  0.61  0.22  0.46  0.30  0.43  0.55  0.94
% SSW     2.48  2.65  3.14  5.89  7.37  7.11 10.37  6.14  6.90  6.41  3.51  2.37
MEAN      3.65  3.65  3.27  4.81  4.99  4.78  5.37  4.83  5.64  5.39  3.87  3.97
STD DEV   1.82  1.79  1.92  3.19  3.04  3.06  3.32  3.00  3.46  3.28  2.36  2.37
SKEW      0.84  0.78  1.19  1.26  0.60  0.93  0.88  0.91  0.74  0.67  1.09  0.90
% SW      3.05  2.99  3.61  3.95  5.35  5.83  5.92  5.07  4.54  4.26  3.08  2.01
MEAN      2.88  2.87  2.83  2.68  2.97  2.80  3.71  3.03  3.61  3.13  2.75  2.73
STD DEV   1.42  1.30  1.46  1.64  1.81  1.62  2.31  1.99  2.42  1.79  1.25  1.32
SKEW      0.60  0.50  1.69  1.90  1.83  1.86  0.98  1.78  1.30  1.22  0.65  0.75
% WSW     2.37  2.76  2.49  2.53  3.22  3.36  3.97  3.56  4.73  2.53  3.05  1.98
MEAN      3.29  2.96  2.56  2.80  2.78  2.80  2.90  3.16  3.82  3.05  3.40  3.18
STD DEV   1.77  1.49  1.41  1.58  1.56  1.52  1.63  1.78  2.32  1.79  2.12  1.51
SKEW      0.77  1.10  1.45  1.46  1.46  1.06  1.24  1.00  1.00  1.69  1.16  0.93
% W       1.66  1.65  1.76  1.93  2.00  1.93  1.80  2.02  2.24  1.87  2.14  2.35
MEAN      3.61  3.01  2.61  2.80  2.74  3.09  2.61  2.93  3.28  3.32  3.60  3.35
STD DEV   1.72  1.71  1.38  1.85  1.58  1.73  1.25  1.81  1.82  2.03  2.21  1.88
SKEW      0.41  0.74  1.12  1.53  1.11  0.74  1.03  1.15  0.87  0.87  1.00  0.87
% WNW     3.27  3.23  3.03  2.85  1.41  1.50  2.15  2.93  4.89  4.39  3.57  3.60
MEAN      3.82  3.82  3.35  3.27  3.12  3.02  3.26  3.34  4.24  4.47  4.36  4.15
STD DEV   1.84  1.99  1.88  1.88  1.76  1.74  1.80  2.25  2.31  2.15  2.08  2.02
SKEW      0.52  0.76  1.11  1.19  1.08  1.19  0.92  1.48  0.68  0.56  0.36  0.77
% NW      7.49  7.81  7.74  6.42  5.50  5.25  5.23  5.22  6.40  7.70  9.77  9.96
MEAN      4.18  3.75  3.42  3.19  2.94  3.32  2.77  3.35  3.87  4.11  4.02  3.74
STD DEV   1.93  1.90  1.70  2.08  1.64  2.24  1.33  1.64  1.94  2.21  1.81  1.78
SKEW      0.38  0.66  0.82  1.51  1.60  1.41  0.88  0.79  0.87  0.81  0.39  0.78
% NNW    15.44 13.55  9.79  5.77  3.37  3.32  3.33  5.73  7.77 10.30 12.82 16.78
MEAN      4.54  4.40  3.94  3.49  3.89  3.08  3.19  4.07  4.28  4.46  4.89  4.83
STD DEV   1.93  1.97  1.84  1.95  2.20  1.83  1.52  2.23  2.16  2.24  1.99  2.01
SKEW      0.53  0.55  0.46  1.79  0.64  1.32  0.71  0.78  0.73  0.80  0.31  0.57
CALM      6.68  8.17 15.23 19.66 23.56 25.60 14.67 18.02 12.58 10.74  8.37  6.29
                                                                                
INTERPOLATED DATA (station & weighting factor)                                  
                                                                                
---Wind Stations---                                                             
MONTAGUE      CA     .695  MOUNT SHASTA  CA     .211  SEXTON SUMMIT OR     .093 
