 Australia    Goolwa Council Depot                                              
 LATT= -35.50 LONG= 138.76 YEARS= 20. TYPE= 1
 ELEVATION =   26. TP5 = 0.92 TP6= 3.50
 MEAN P    .21   .25   .14   .14   .14   .18   .15   .14   .15   .14   .11   .14
 S DEV P   .26   .59   .20   .25   .16   .21   .17   .15   .16   .21   .12   .20
 SKEW  P  1.61  3.96  2.72  5.86  2.06  2.29  2.90  2.73  1.96  4.24  2.04  3.47
 P(W/W)    .30   .21   .27   .42   .53   .59   .60   .53   .53   .41   .39   .32
 P(W/D)    .08   .08   .10   .18   .26   .31   .38   .31   .24   .22   .17   .14
 TMAX AV 80.77 79.53 75.68 69.98 62.56 57.44 56.40 58.11 62.75 68.21 73.55 77.39
 TMIN AV 58.13 58.06 55.37 51.75 48.52 45.17 44.70 44.52 46.50 48.83 52.71 55.31
 SD TMAX 11.16 10.45  9.51  8.02  5.56  3.63  3.63  5.25  7.18  9.34 10.43 10.97
 SD TMIN  7.24  6.81  6.83  6.26  5.61  5.40  4.80  5.03  5.92  6.91  7.27  7.23
 SOL.RAD  616.  543.  432.  315.  228.  190.  208.  280.  386.  493.  578.  615.
 SD SOL  135.4 126.9 112.3  90.5  70.0  53.9  61.2  77.8 102.5 123.5 130.1 141.9
 MX .5 P   .28   .23   .21   .16   .27   .23   .24   .23   .23   .26   .36   .36
 DEW PT  51.13 52.02 50.27 47.77 46.80 44.60 43.69 43.00 44.11 44.40 47.24 48.76
Time Pk   .120  .220  .320  .400  .480  .570  .650  .740  .820  .890  .960 1.000
% N       0.60  0.91  3.45  5.62  6.44  6.55  6.87  6.72  5.78  4.92  3.18  2.19
MEAN      2.84  2.96  4.19  4.30  3.75  3.75  4.10  4.60  4.69  4.38  4.32  4.02
STD DEV   1.28  1.17  2.55  2.60  2.20  2.13  2.65  2.71  2.75  2.48  2.18  2.25
SKEW      0.61  0.36  1.27  1.01  1.32  1.31  1.36  0.88  1.25  1.03  0.72  1.52
% NNE     0.17  0.29  0.87  1.76  2.48  2.72  2.23  2.26  1.77  1.33  0.81  0.61
MEAN      2.42  2.54  2.82  3.46  2.93  3.01  2.84  3.45  3.45  3.07  3.01  3.63
STD DEV   0.49  1.15  1.31  1.93  1.57  1.46  1.61  2.18  1.93  1.75  1.31  2.17
SKEW      0.26  0.60  1.01  0.94  1.71  1.20  2.05  1.50  1.13  1.38  0.54  0.79
% NE      0.16  0.22  0.50  1.19  1.81  2.25  1.78  1.55  1.04  0.89  0.52  0.30
MEAN      2.52  2.19  2.42  2.39  2.44  2.60  2.38  2.52  2.72  2.52  2.82  3.17
STD DEV   0.79  0.76  1.00  1.12  0.92  1.13  0.93  1.11  1.23  1.25  1.25  1.89
SKEW      0.55 -0.05  1.13  1.25  0.96  0.86  0.74  1.20  0.82  2.04  0.35  0.75
% ENE     0.10  0.10  0.31  0.74  1.20  1.36  1.09  1.09  0.72  0.65  0.32  0.15
MEAN      1.40  2.35  2.27  2.13  2.32  2.62  2.37  2.38  2.60  2.31  2.24  2.13
STD DEV   0.41  0.26  0.83  0.75  0.84  1.22  0.95  0.93  1.46  0.84  0.65  0.90
SKEW      0.15  0.40  0.45  0.24  0.75  0.99  0.63  0.71  1.53  0.55 -0.33  0.88
% E       0.37  0.58  1.19  2.10  2.80  2.83  2.54  3.38  2.05  1.44  0.92  0.53
MEAN      2.09  2.62  2.19  2.28  2.37  2.46  2.45  2.46  2.43  2.24  2.50  2.23
STD DEV   0.38  1.04  0.78  0.86  0.85  0.97  0.97  0.94  0.98  0.83  1.04  0.85
SKEW     -1.25  0.41  0.59  0.59  0.55  0.69  0.60  0.75  0.56  0.38  0.58  0.32
% ESE     2.10  2.89  3.65  4.39  4.49  3.82  3.76  4.30  4.14  3.95  2.93  2.10
MEAN      2.55  2.72  2.52  2.54  2.62  2.86  2.84  2.83  2.82  2.88  2.69  2.61
STD DEV   0.92  1.06  0.93  0.96  0.97  1.27  1.18  1.26  1.22  1.29  0.97  0.98
SKEW      0.49  0.43  0.63  0.57  0.78  1.55  0.91  1.08  0.87  1.47  0.37  0.50
% SE      9.10 10.30 10.68  8.74  8.93  9.29  9.94 10.01 10.50 10.79 10.22  9.54
MEAN      3.20  3.23  3.18  3.18  3.84  4.21  4.24  3.96  3.91  3.67  3.42  3.49
STD DEV   1.12  1.13  1.16  1.42  2.25  2.51  2.46  2.32  2.28  1.74  1.29  1.29
SKEW      0.35  0.31  0.46  1.90  1.92  1.63  1.70  1.88  2.23  1.55  0.59  0.37
% SSE    18.50 16.75 13.55  8.97 10.28 11.95 14.76 12.02 12.95 12.42 13.08 15.40
MEAN      3.53  3.57  3.51  3.70  4.87  5.57  5.99  5.16  4.68  4.11  3.75  3.81
STD DEV   1.19  1.18  1.45  1.95  2.94  3.43  3.59  3.09  2.75  2.06  1.54  1.37
SKEW      0.22  0.30  1.66  2.17  1.30  1.18  1.02  1.12  1.47  1.44  0.79  0.48
% S      21.42 19.18 13.22  8.64  7.33  8.30 10.15  9.60 12.73 12.31 15.70 18.26
MEAN      3.96  3.86  3.56  3.68  4.21  4.73  5.07  4.53  4.33  4.03  4.11  4.27
STD DEV   1.41  1.49  1.43  1.95  2.43  2.95  3.25  2.73  2.42  1.87  1.68  1.68
SKEW      0.46  0.53  0.50  2.43  1.34  1.28  1.37  1.29  1.71  0.90  0.56  0.48
% SSW    13.56 12.55  9.02  5.32  3.21  3.18  2.78  3.70  7.02  7.92 10.60 11.83
MEAN      4.14  4.17  3.77  3.79  3.77  4.77  4.09  3.93  4.06  4.11  4.44  4.43
STD DEV   1.64  1.66  1.57  1.92  2.24  3.17  2.43  2.04  1.94  2.00  1.95  1.89
SKEW      0.52  0.57  0.57  0.94  1.06  1.37  1.12  0.93  0.73  0.92  0.71  0.53
% SW     12.36 11.08  8.27  4.85  2.57  2.14  2.03  2.96  5.76  7.67 10.36 11.50
MEAN      4.29  4.10  3.75  3.57  3.18  3.93  3.72  3.79  4.20  4.10  4.51  4.48
STD DEV   1.63  1.60  1.58  1.80  1.68  2.63  2.14  2.06  2.15  2.03  1.98  1.91
SKEW      0.49  0.48  0.63  1.02  1.10  1.39  1.30  0.95  0.80  1.02  0.66  0.71
% WSW     6.00  6.01  4.90  2.74  1.47  1.01  1.07  1.53  2.93  3.79  5.07  5.35
MEAN      3.74  3.67  3.35  3.00  3.00  2.91  3.03  3.26  3.85  3.72  4.18  3.73
STD DEV   1.35  1.53  1.51  1.51  1.82  1.37  1.58  1.95  1.99  1.86  2.00  1.63
SKEW      0.31  0.68  0.69  1.00  1.82  1.60  0.90  2.01  0.92  0.71  0.81  0.68
% W       3.11  3.37  2.91  2.04  1.48  1.18  1.27  1.64  2.16  2.59  3.10  3.29
MEAN      3.35  3.17  2.83  2.47  2.45  2.43  2.52  2.58  3.05  3.15  3.53  3.44
STD DEV   1.25  1.24  1.23  1.12  1.12  1.27  1.17  1.13  1.62  1.51  1.68  1.44
SKEW      0.41  0.48  1.05  1.41  1.63  1.47  1.26  0.92  1.12  0.94  1.05  0.76
% WNW     1.94  2.34  2.71  2.29  1.44  1.27  1.33  1.58  1.61  2.04  2.74  2.84
MEAN      3.19  2.78  2.72  2.70  2.45  2.48  2.49  2.67  3.04  2.97  3.60  3.34
STD DEV   1.14  1.07  1.09  1.39  1.05  0.99  1.08  1.32  1.54  1.28  1.75  1.34
SKEW      0.31  0.42  0.69  1.32  0.81  0.59  0.84  1.46  1.10  0.79  0.91  0.61
% NW      1.86  2.01  3.56  4.60  4.11  3.81  3.73  4.09  3.97  4.47  4.31  3.56
MEAN      3.23  3.19  3.22  3.63  3.11  3.21  3.28  3.70  4.03  3.79  4.26  3.94
STD DEV   1.17  1.26  1.43  2.12  1.59  1.84  1.77  2.22  2.21  2.11  2.24  2.02
SKEW      0.44  0.49  1.02  1.48  1.32  1.73  1.55  1.54  1.06  1.46  1.09  1.21
% NNW     1.09  1.40  4.12  6.53  6.87  6.25  6.83  7.31  6.65  5.92  4.70  3.31
MEAN      3.49  3.36  4.14  4.58  4.30  3.97  4.58  5.21  5.11  4.49  4.83  4.66
STD DEV   1.25  1.44  2.44  2.86  2.57  2.29  2.82  3.08  2.72  2.39  2.33  2.47
SKEW      0.39  0.90  1.53  1.06  1.15  1.33  1.21  0.86  0.72  0.97  0.69  1.10
CALM      7.54 10.05 17.12 29.47 33.09 32.10 27.75 26.31 18.24 16.86 11.33  9.26
                                                                                
INTERPOLATED DATA (station & weighting factor)                                  
                                                                                
---Wind Stations---                                                             
SACRAMENTO/MA.CA     .472  SACRAMENTO/MC.CA     .472  FAIRFIELD/TRV.CA     .057 
