 Australia    Barkly River (Glenlea)                                            
 LATT= -37.51 LONG= 146.55 YEARS= 20. TYPE= 3
 ELEVATION = 1480. TP5 = 2.39 TP6= 5.25
 MEAN P    .46   .37   .36   .33   .25   .30   .31   .31   .31   .34   .30   .33
 S DEV P   .60   .45   .31   .44   .27   .35   .30   .26   .29   .38   .32   .35
 SKEW  P  3.31  3.65  1.31  3.21  2.28  3.23  2.11  1.32  2.22  3.34  3.00  2.93
 P(W/W)    .35   .25   .33   .45   .48   .48   .54   .51   .57   .48   .51   .39
 P(W/D)    .11   .11   .14   .17   .20   .25   .26   .32   .28   .26   .23   .17
 TMAX AV 74.28 72.52 67.88 60.14 52.13 46.71 45.38 47.48 53.61 59.77 65.80 69.77
 TMIN AV 51.72 51.40 48.20 43.16 38.58 35.30 34.81 34.56 37.44 40.98 45.65 48.26
 SD TMAX  9.40  8.59  8.49  7.03  5.61  4.31  3.81  5.37  6.73  8.29  9.09  9.12
 SD TMIN  7.89  6.84  6.75  6.17  5.17  4.54  4.35  4.78  5.92  7.19  7.48  7.77
 SOL.RAD  566.  499.  405.  285.  198.  153.  172.  243.  339.  436.  508.  567.
 SD SOL  154.8 143.0 117.9  91.3  71.4  59.3  63.9  84.1 108.8 133.3 155.0 149.3
 MX .5 P   .68   .39   .40   .34   .27   .24   .22   .25   .30   .45   .55   .55
 DEW PT  49.17 49.95 47.08 43.48 39.75 36.92 35.75 35.21 37.45 39.87 44.36 46.03
Time Pk   .070  .150  .240  .320  .400  .510  .600  .690  .780  .860  .940 1.000
% N       3.61  4.14  5.42  4.81  4.05  4.55  6.11  6.55  4.98  4.28  4.18  2.63
MEAN      3.11  3.05  3.39  3.78  4.08  4.08  3.81  4.08  3.85  3.79  3.37  3.09
STD DEV   1.50  1.38  1.50  1.64  1.78  1.70  1.52  1.85  1.72  1.61  1.40  1.27
SKEW      0.74  0.63  0.49  0.51  0.54  0.50  0.21  0.60  0.51  0.32  0.57  0.21
% NNE     3.32  3.71  3.95  3.08  2.56  2.95  3.28  4.45  4.22  3.64  3.45  2.23
MEAN      2.96  2.92  3.20  3.33  3.52  3.78  3.39  3.79  3.77  3.40  3.40  3.09
STD DEV   1.29  1.16  1.39  1.52  1.47  1.58  1.52  1.62  1.61  1.46  1.44  1.25
SKEW      0.71  0.40  0.44  0.57  0.27  0.25  0.43  0.78  0.39  0.52  0.42  0.60
% NE      3.38  4.03  3.76  2.70  2.28  2.37  2.60  3.03  3.73  3.29  3.12  3.15
MEAN      2.66  2.63  2.93  2.92  3.10  3.05  3.02  3.19  3.54  3.24  2.98  2.74
STD DEV   1.05  1.06  1.19  1.31  1.43  1.26  1.26  1.18  1.57  1.28  1.33  1.07
SKEW      0.54  0.58  0.56  0.85  0.58  0.48  0.58  0.50  0.74  0.64  1.02  0.68
% ENE     3.11  3.75  3.25  2.05  1.83  1.83  2.48  3.08  3.84  3.20  3.05  2.52
MEAN      2.77  2.79  2.82  2.91  3.21  3.21  3.12  3.38  3.59  3.51  2.94  2.94
STD DEV   1.07  1.10  1.13  1.19  1.40  1.39  1.25  1.20  1.40  1.34  1.10  1.13
SKEW      0.75  0.46  0.85  0.55  0.30  0.54  0.58  0.14  0.44  0.48  0.28  0.27
% E       4.74  5.21  4.22  3.07  2.04  2.77  3.03  3.73  4.65  4.25  3.97  3.92
MEAN      2.62  2.71  2.73  2.78  2.70  2.98  2.92  3.25  3.57  3.28  2.84  2.65
STD DEV   1.04  1.16  1.21  1.12  1.19  1.29  1.22  1.31  1.50  1.36  1.13  1.04
SKEW      0.62  0.84  0.92  0.45  0.56  0.60  0.64  0.63  0.60  0.63  0.49  0.65
% ESE     3.96  4.28  3.59  2.78  1.92  3.37  3.47  4.44  4.57  4.15  3.17  3.15
MEAN      2.73  2.78  2.75  2.92  2.91  3.50  3.10  3.67  3.58  3.68  3.16  2.68
STD DEV   1.03  1.10  1.06  1.12  1.22  1.50  1.21  1.46  1.37  1.50  1.35  1.07
SKEW      0.75  0.58  0.56  0.36  0.65  0.54  0.49  0.43  0.44  0.30  0.67  0.70
% SE      6.14  6.18  7.14  6.55  5.35  4.60  4.36  4.06  4.22  4.93  5.45  5.63
MEAN      2.55  2.65  2.68  2.85  3.13  3.55  3.22  3.41  3.47  3.59  3.13  2.77
STD DEV   1.05  1.04  1.04  1.18  1.40  1.67  1.31  1.30  1.42  1.45  1.38  1.10
SKEW      1.03  0.90  0.80  0.94  0.99  0.78  0.43  0.26  0.53  0.66  0.78  0.85
% SSE     7.07  7.54  8.19  8.30  8.21  8.07  8.35  6.32  6.94  8.96  8.27  9.22
MEAN      2.79  2.88  3.15  3.73  3.88  4.25  4.15  4.07  4.52  4.37  3.81  3.29
STD DEV   1.11  1.19  1.31  1.61  1.75  1.78  1.73  1.68  1.91  1.80  1.73  1.46
SKEW      0.64  0.77  0.69  0.67  0.69  0.66  0.76  0.71  0.61  0.56  0.65  0.80
% S      10.76 11.24 11.63 12.20 10.43 11.04 10.34  8.02  9.46 12.47 13.13 14.82
MEAN      3.13  3.20  3.49  4.10  4.39  4.78  4.66  4.42  4.78  4.67  4.26  3.75
STD DEV   1.38  1.34  1.52  1.96  2.04  2.06  2.04  2.02  2.13  1.98  1.95  1.64
SKEW      0.77  0.58  0.43  0.68  0.73  0.63  0.66  0.69  0.69  0.66  0.69  0.64
% SSW     9.15  8.29  7.29  7.08  8.34  8.01  7.93  6.72  7.29  9.88  9.10 11.92
MEAN      3.82  3.80  4.16  4.44  4.89  4.65  5.18  4.87  5.40  5.50  4.71  4.53
STD DEV   1.65  1.47  1.82  2.06  2.10  2.06  2.21  2.46  2.52  2.36  2.13  1.95
SKEW      0.66  0.32  0.35  0.54  0.51  0.75  0.57  0.70  0.43  0.43  0.63  0.55
% SW      8.40  7.10  5.09  6.09  6.08  5.99  4.71  5.20  4.81  5.33  6.18  7.19
MEAN      3.36  3.36  3.66  3.57  3.94  3.81  4.16  4.00  4.55  4.40  4.00  3.83
STD DEV   1.48  1.31  1.76  1.62  2.31  1.75  2.19  1.69  2.23  2.24  2.01  1.80
SKEW      0.90  0.65  0.66  0.63  1.51  1.19  1.17  0.78  0.71  1.12  1.00  0.80
% WSW     4.82  3.80  2.41  3.25  4.54  5.05  4.29  4.58  4.69  3.90  4.43  4.84
MEAN      3.51  3.38  3.55  3.73  3.81  4.18  3.91  4.10  5.10  4.54  3.95  3.81
STD DEV   1.57  1.64  1.78  1.93  1.90  2.21  1.93  1.93  2.59  2.61  1.77  1.59
SKEW      0.66  0.65  0.67  0.86  0.82  1.22  0.84  0.91  0.69  0.96  0.47  0.51
% W       3.74  3.27  2.67  3.84  5.83  6.80  5.29  5.63  6.08  4.37  4.57  3.54
MEAN      2.99  2.96  2.96  3.49  4.07  4.45  4.15  4.55  5.40  4.98  3.73  3.43
STD DEV   1.45  1.40  1.35  1.68  1.99  2.38  2.11  2.22  2.52  2.92  2.04  1.58
SKEW      0.95  1.01  0.92  0.68  0.85  1.01  0.69  0.66  0.37  0.85  1.03  0.51
% WNW     2.48  2.13  2.32  4.24  7.72  8.55  8.72  8.56  8.82  6.20  4.16  2.88
MEAN      3.56  3.20  3.54  4.66  4.88  5.11  5.09  4.91  5.69  5.76  4.56  4.36
STD DEV   1.67  1.56  1.55  2.06  2.29  2.13  2.09  2.22  2.37  2.57  2.14  1.89
SKEW      0.60  0.65  0.27  0.68  0.48  0.49  0.41  0.66  0.11  0.41  0.71  0.55
% NW      2.69  2.93  3.36  5.09  7.90  7.35  7.46  7.61  7.03  5.64  4.56  2.49
MEAN      3.13  3.26  3.79  4.35  4.79  4.83  4.78  4.75  4.94  5.16  4.20  3.57
STD DEV   1.52  1.45  1.82  1.99  2.27  2.04  1.96  2.13  2.11  2.24  2.03  1.85
SKEW      1.04  0.60  0.60  0.51  0.50  0.47  0.40  0.56  0.27  0.31  0.90  0.65
% NNW     3.00  3.35  4.77  6.97  6.99  6.39  8.49  8.28  6.91  6.91  5.13  2.66
MEAN      3.44  3.49  3.78  4.27  4.76  4.54  4.79  5.12  4.83  4.79  4.14  3.56
STD DEV   1.68  1.52  1.79  1.90  2.05  1.75  1.80  2.21  1.83  2.01  1.84  1.52
SKEW      0.69  0.50  0.59  0.53  0.54  0.38  0.32  0.48  0.37  0.37  0.68  0.56
CALM     19.74 19.04 20.76 17.87 13.87 10.43  9.02  9.79  7.77  8.69 14.12 17.20
                                                                                
INTERPOLATED DATA (station & weighting factor)                                  
                                                                                
---Wind Stations---                                                             
FT. LEONARD W.MO     .449  FLIPPIN       AR     .295  VICHY         MO     .256 
