 Brazil    Fazenda Sao Felix                                                    
 LATT= -18.46 LONG= -45.65 YEARS= 20. TYPE= 3
 ELEVATION = 2365. TP5 = 2.34 TP6= 6.74
 MEAN P    .74   .75   .80   .64   .45   .41   .57   .30   .48   .60   .66   .63
 S DEV P   .75   .73   .80   .73   .32   .40   .54   .30   .50   .53   .60   .58
 SKEW  P  2.50  1.93  1.89  2.11   .97   .96  1.04   .85  2.27  1.61  1.90  2.31
 P(W/W)    .67   .66   .57   .38   .20   .07   .00   .35   .32   .38   .66   .62
 P(W/D)    .31   .20   .20   .11   .07   .02   .01   .02   .10   .15   .30   .38
 TMAX AV 83.31 84.08 82.76 82.46 80.07 78.95 79.30 82.58 85.79 86.92 82.74 82.59
 TMIN AV 68.41 68.19 67.66 65.85 61.42 58.80 57.86 59.94 63.94 67.81 67.70 68.04
 SD TMAX  4.31  3.76  3.60  3.47  3.38  2.96  3.71  3.80  4.84  5.79  5.30  4.45
 SD TMIN  1.78  1.71  1.65  2.68  3.41  3.27  3.17  3.42  3.70  3.32  2.46  1.77
 SOL.RAD  500.  504.  452.  442.  401.  383.  406.  470.  511.  510.  448.  470.
 SD SOL  146.0 130.2 120.8  94.0  70.6  61.2  60.7  71.6 113.0 143.2 129.2 138.5
 MX .5 P  1.70  1.39  1.29   .73   .49   .39   .30   .37   .53   .77  1.23  1.42
 DEW PT  66.84 66.47 67.21 64.62 59.91 56.80 53.98 52.98 55.72 60.29 65.58 67.23
Time Pk   .270  .390  .480  .560  .630  .710  .770  .810  .860  .900  .950 1.000
% N       1.19  1.29  2.27  2.74  4.77  4.31  3.82  4.45  3.48  3.52  2.56  1.37
MEAN      4.13  4.03  4.43  4.95  5.32  5.46  5.02  5.65  5.85  5.41  5.20  4.72
STD DEV   1.94  1.67  2.05  2.23  2.35  2.41  2.25  2.28  2.51  2.31  2.11  2.32
SKEW      0.81  0.76  0.75  0.61  0.59  0.64  0.51  0.28  0.43  0.66  0.33  0.89
% NNE     1.86  2.58  4.90  5.00  6.68  5.37  5.43  5.32  4.70  5.78  3.66  2.15
MEAN      4.71  4.30  5.22  5.47  6.10  5.66  5.80  5.85  6.24  6.32  5.64  5.14
STD DEV   1.96  1.81  2.31  2.34  2.35  2.30  2.58  2.24  2.48  2.55  2.52  2.07
SKEW      0.55  0.74  0.39  0.61  0.30  0.65  0.38  0.29  0.30  0.37  0.58  0.51
% NE      2.73  4.02  6.58  6.11  6.11  5.21  7.12  6.39  6.21  6.31  4.23  3.01
MEAN      4.47  4.27  4.96  5.07  5.69  5.20  5.57  5.64  6.13  5.96  5.36  5.44
STD DEV   1.80  1.72  2.07  2.17  2.33  2.00  2.24  2.33  2.44  2.43  2.16  2.13
SKEW      0.60  0.69  0.55  0.59  0.45  0.38  0.44  0.51  0.21  0.48  0.60  0.48
% ENE     3.57  3.92  7.48  5.74  4.44  3.71  5.40  7.03  5.99  6.34  5.39  3.75
MEAN      4.58  4.59  4.69  4.81  4.84  4.61  4.92  4.94  5.45  5.40  5.09  5.16
STD DEV   1.78  1.76  1.76  1.83  1.91  1.75  1.76  1.77  2.03  2.06  2.00  1.99
SKEW      0.70  0.87  0.71  0.81  0.74  0.87  0.58  0.43  0.50  0.51  0.70  0.58
% E       4.42  4.92  7.35  4.64  3.30  2.31  3.34  5.12  5.01  5.30  5.71  4.36
MEAN      4.51  4.51  4.51  4.31  4.43  4.24  4.34  4.44  5.03  4.98  4.88  4.86
STD DEV   1.81  1.74  1.67  1.60  1.61  1.61  1.61  1.62  1.83  1.99  1.95  1.82
SKEW      0.85  0.69  0.63  0.46  0.77  0.54  0.50  0.51  0.42  0.81  0.74  0.56
% ESE     5.67  6.54  6.66  3.58  2.19  1.16  1.81  2.92  3.64  4.51  5.33  5.74
MEAN      4.66  4.63  4.41  4.27  4.31  3.67  3.98  4.27  4.79  5.08  5.00  4.82
STD DEV   1.70  1.65  1.53  1.69  1.52  1.34  1.33  1.49  1.82  1.99  1.99  1.69
SKEW      0.45  0.48  0.52  0.74  0.54  0.41  0.26  0.49  0.42  0.63  0.64  0.50
% SE     10.71 10.55  7.94  4.88  1.93  1.49  1.81  3.15  4.02  5.66  8.46 10.86
MEAN      4.70  4.43  4.35  4.22  3.92  3.71  3.95  4.37  4.63  5.24  5.38  5.09
STD DEV   1.71  1.53  1.53  1.61  1.51  1.47  1.48  1.87  1.80  2.18  2.29  1.94
SKEW      0.47  0.51  0.44  0.68  0.54  1.17  0.36  0.95  0.58  0.57  0.84  0.53
% SSE    21.17 14.65 11.01  8.91  3.24  2.84  2.74  4.37  6.57  8.58 14.89 19.94
MEAN      5.25  4.74  4.66  4.88  4.59  4.52  4.51  5.32  5.78  6.15  6.22  5.86
STD DEV   1.79  1.56  1.69  1.85  2.00  1.91  1.88  2.29  2.42  2.43  2.40  1.99
SKEW      0.42  0.39  0.52  0.56  1.05  0.62  0.59  0.80  0.81  0.36  0.42  0.32
% S      21.19 17.91 13.79 13.39  7.85  6.92  6.27  7.16  9.94 12.25 16.08 22.24
MEAN      5.27  4.77  4.93  5.10  5.18  5.21  4.98  5.51  5.99  6.23  6.00  6.01
STD DEV   1.81  1.69  1.82  1.91  2.15  2.19  2.07  2.31  2.32  2.42  2.13  2.03
SKEW      0.39  0.43  0.51  0.67  0.92  0.77  0.61  0.59  0.42  0.51  0.38  0.27
% SSW    12.16 13.26 10.14 12.44 11.42 11.39 11.37  9.86 10.71 10.50 11.05 13.13
MEAN      4.83  4.63  4.86  5.08  5.34  5.38  5.31  5.63  5.85  5.90  5.68  5.65
STD DEV   1.64  1.59  1.71  1.93  1.91  2.05  1.97  2.14  2.21  2.13  1.96  1.85
SKEW      0.32  0.38  0.38  0.57  0.55  0.55  0.38  0.46  0.51  0.43  0.34  0.11
% SW      3.63  5.48  4.02  6.54 10.84 10.82 10.69  8.71  7.69  5.86  4.85  3.25
MEAN      3.99  4.02  4.40  4.40  4.86  4.92  5.09  5.29  5.44  5.23  4.90  4.89
STD DEV   1.56  1.56  1.87  1.86  1.93  1.96  1.99  2.10  2.16  2.05  1.93  1.83
SKEW      0.47  0.67  0.61  0.67  0.62  0.69  0.51  0.41  0.59  0.42  0.44  0.18
% WSW     1.80  2.43  2.06  4.70  9.58 11.83 10.69  8.67  7.13  5.69  3.13  1.44
MEAN      3.55  3.85  3.89  3.98  4.49  4.75  4.83  5.09  5.40  5.27  4.96  4.79
STD DEV   1.36  1.55  1.62  1.69  1.83  1.99  1.94  2.10  2.35  2.19  1.97  1.91
SKEW      0.59  0.74  0.79  0.92  0.93  1.01  0.78  0.78  0.72  0.74  0.43  0.44
% W       0.88  1.00  1.02  2.95  5.87  8.13  7.33  6.15  5.83  4.28  2.45  0.82
MEAN      3.02  3.12  3.32  3.68  4.42  4.63  4.88  5.29  6.15  5.86  5.05  4.06
STD DEV   0.98  1.19  1.40  1.47  2.10  2.19  2.32  2.57  3.07  2.96  2.34  1.72
SKEW      0.30  1.29  0.99  0.87  1.48  1.46  1.19  1.18  0.73  0.79  0.72  0.43
% WNW     0.62  0.85  0.81  1.94  3.94  5.43  5.18  4.44  5.46  3.55  1.96  0.82
MEAN      3.36  3.59  3.55  4.10  5.03  5.00  5.29  5.81  6.72  5.68  4.85  3.66
STD DEV   1.31  1.45  1.37  1.92  2.35  2.48  2.60  2.91  3.12  2.53  1.99  1.30
SKEW      0.84  0.55  0.26  0.95  0.97  1.31  0.98  0.84  0.54  0.60  0.42  0.43
% NW      0.53  0.56  0.72  1.40  2.97  3.38  3.30  3.44  3.35  2.72  1.43  0.66
MEAN      3.14  3.20  3.22  3.67  4.59  4.63  5.01  5.02  6.40  5.08  4.55  3.53
STD DEV   1.20  1.22  1.38  1.59  2.02  2.10  2.41  2.22  3.09  2.28  1.84  1.56
SKEW      0.58  0.67  0.77  0.85  0.74  0.88  0.72  0.69  0.83  1.05  0.51  1.24
% NNW     0.69  0.74  0.96  1.65  3.32  3.36  3.04  3.44  2.80  2.72  1.56  0.77
MEAN      3.12  3.33  3.97  4.19  4.67  4.91  5.34  5.53  6.04  5.42  4.50  3.58
STD DEV   1.16  1.31  2.02  1.79  2.11  2.08  2.28  2.26  2.58  2.35  1.91  1.44
SKEW      0.47  0.23  1.02  0.80  0.93  0.64  0.52  0.50  0.49  0.73  0.54  0.79
CALM      7.28  9.26 12.26 13.38 11.56 12.31 10.77  9.38  7.46  6.32  7.28  5.71
                                                                                
INTERPOLATED DATA (station & weighting factor)                                  
                                                                                
---Wind Stations---                                                             
SAN ANGELO    TX     .367  SAN ANGELO    TX     .367  MIDLAND       TX     .266 
