 Brazil    Usina Joao Ribeiro                                                   
 LATT= -20.64 LONG= -44.05 YEARS= 20. TYPE= 3
 ELEVATION = 2792. TP5 = 2.17 TP6= 4.71
 MEAN P    .68   .59   .53   .44   .44   .27   .33   .38   .46   .44   .49   .67
 S DEV P   .66   .72   .56   .54   .53   .31   .54   .36   .44   .44   .50   .66
 SKEW  P  1.97  2.23  1.79  2.59  2.27  1.96  4.22  2.65  1.50  1.71  1.96  1.90
 P(W/W)    .76   .62   .59   .44   .24   .31   .29   .29   .42   .51   .64   .69
 P(W/D)    .30   .29   .29   .13   .10   .06   .04   .06   .14   .23   .30   .41
 TMAX AV 80.74 81.99 80.46 78.95 75.28 74.32 74.40 77.49 79.51 81.13 78.86 79.85
 TMIN AV 64.73 64.39 63.96 61.30 56.36 53.95 52.70 54.26 57.88 61.79 63.23 64.63
 SD TMAX  4.69  3.91  3.83  3.71  3.85  3.46  4.27  4.31  5.89  5.84  5.26  4.72
 SD TMIN  2.10  2.02  2.17  3.47  4.12  3.89  4.02  4.11  4.18  3.69  3.09  2.18
 SOL.RAD  498.  507.  445.  417.  362.  349.  367.  438.  477.  494.  452.  474.
 SD SOL  149.7 131.6 125.1  96.9  83.8  67.3  75.8  80.5 125.3 139.8 134.9 141.3
 MX .5 P  1.61  1.41  1.13   .65   .48   .42   .26   .39   .61   .82  1.17  1.44
 DEW PT  64.03 63.56 63.90 61.47 56.72 54.41 52.08 52.15 54.98 59.06 62.31 64.32
Time Pk   .100  .200  .290  .380  .460  .550  .640  .720  .800  .870  .940 1.000
% N       1.50  1.60  3.10  5.70  9.90  9.10  7.60  8.50  3.80  3.20  3.50  1.00
MEAN      3.99  2.72  3.04  2.86  3.35  3.58  2.77  3.83  3.56  4.35  4.92  4.17
STD DEV   2.34  1.38  2.00  1.48  1.99  2.59  1.40  2.78  1.97  2.65  2.50  2.08
SKEW      1.14  0.58  1.42  0.84  1.48  1.82  1.19  1.71  1.01  1.21  0.59  0.33
% NNE     2.50  3.20  4.10  6.00  5.60  5.90  7.10  6.10  4.70  5.00  5.70  2.30
MEAN      4.05  3.67  4.40  4.61  4.27  4.89  4.07  5.27  6.06  5.87  5.81  5.39
STD DEV   2.34  2.06  2.82  2.92  2.69  3.18  2.65  3.56  3.44  3.35  2.82  3.11
SKEW      0.64  0.83  0.86  0.71  0.97  0.67  0.96  0.63  0.23  0.72  0.39  0.38
% NE      3.50  3.30  6.50  6.00  6.90  4.40  6.30  4.70  5.40  5.40  4.10  1.90
MEAN      4.14  3.71  4.54  4.09  4.55  3.67  4.26  4.26  4.82  5.58  5.09  5.01
STD DEV   2.54  1.99  2.59  2.47  2.83  2.32  2.70  2.56  2.58  3.40  2.46  2.11
SKEW      1.12  0.46  0.83  0.51  0.95  0.99  0.97  0.63  0.46  0.83  0.10  0.19
% ENE     4.40  5.70  6.50  5.30  3.10  3.60  4.90  3.60  3.80  6.30  5.10  3.00
MEAN      4.62  3.75  4.12  3.90  3.64  3.74  4.34  4.31  4.56  5.07  5.39  4.67
STD DEV   2.24  2.06  2.17  2.12  2.08  2.21  2.44  2.43  2.25  2.35  2.74  2.08
SKEW      0.53  1.03  0.70  0.95  0.80  0.76  0.92  0.85  0.35  0.17  0.67  0.21
% E       5.80  5.70  6.00  5.30  3.20  3.10  3.60  3.90  2.90  4.40  4.10  3.20
MEAN      3.88  3.84  3.34  3.10  3.14  2.71  3.07  3.51  3.77  4.17  4.18  4.58
STD DEV   1.86  1.82  1.65  1.55  1.51  1.40  1.56  1.66  1.77  1.91  1.98  1.97
SKEW      0.73  0.70  0.74  0.80  0.64  0.59  0.64  0.69  0.47  0.65  0.41  0.24
% ESE    13.60 13.80 14.00 11.20  6.00  5.50  5.50  6.90  8.00  8.80  8.70 11.40
MEAN      4.27  4.03  3.67  3.56  3.28  3.02  3.60  4.01  4.52  4.46  4.73  5.16
STD DEV   1.86  1.74  1.51  1.75  1.60  1.51  1.67  1.97  1.99  2.02  1.94  2.06
SKEW      0.55  0.69  0.53  0.77  0.89  0.88  0.47  0.91  0.62  0.53  0.35  0.55
% SE     29.90 29.60 27.00 24.90 13.60 11.40 12.00 14.40 17.80 16.80 21.80 31.30
MEAN      5.07  4.30  4.38  4.07  3.55  3.63  3.61  4.21  5.00  5.25  5.38  6.10
STD DEV   2.07  1.81  1.94  1.79  1.78  1.72  1.60  1.80  2.42  2.47  2.39  2.35
SKEW      0.55  0.46  0.70  0.62  1.02  0.72  0.66  0.43  0.56  0.48  0.78  0.27
% SSE    23.30 19.40 15.00 12.30  7.00  6.30  5.80  5.70  7.60 12.00 14.80 28.30
MEAN      5.50  4.83  4.48  4.54  3.70  3.79  3.87  4.24  5.38  5.34  6.07  6.67
STD DEV   2.05  1.94  1.74  2.22  1.88  1.82  2.07  1.96  2.51  2.22  2.36  2.25
SKEW      0.31  0.39  0.34  0.83  1.04  0.61  1.05  0.50  0.45  0.16  0.34  0.07
% S       4.40  4.80  4.40  4.30  4.00  4.40  4.50  3.70  3.70  4.30  3.50  3.70
MEAN      4.05  3.90  3.78  3.09  2.89  2.99  3.06  3.38  3.43  3.76  4.52  4.85
STD DEV   1.90  1.79  1.72  1.40  1.34  1.56  1.38  1.53  1.61  1.73  1.81  2.11
SKEW      0.49  0.46  0.40  0.30  0.46  0.94  0.43  0.30  0.27  0.79  0.30  0.23
% SSW     3.00  3.20  2.50  2.50  2.90  3.60  3.60  3.10  3.00  3.20  4.20  2.80
MEAN      4.22  4.28  3.63  3.53  3.26  3.62  3.82  3.07  4.12  3.96  4.47  4.81
STD DEV   1.91  2.00  1.79  1.55  1.55  1.71  1.95  1.23  2.03  1.89  1.82  2.23
SKEW      0.57  0.56  0.66  0.31  0.55  1.02  2.04  0.49  0.56  0.84  0.23  0.65
% SW      1.70  1.70  1.80  3.00  5.50  5.60  6.90  6.40  6.30  3.70  3.60  1.90
MEAN      3.24  3.34  2.82  3.04  4.00  4.02  4.44  3.86  4.81  4.59  4.20  4.34
STD DEV   1.54  1.59  1.30  1.49  2.18  2.39  2.50  2.05  2.54  2.08  2.05  2.03
SKEW      0.23  0.52  0.91  0.90  1.02  1.17  1.09  0.89  0.90  0.89  0.54  0.37
% WSW     1.40  1.40  1.30  2.40  5.90  8.70  8.70  8.40  9.70  6.40  4.90  2.30
MEAN      3.82  4.18  3.85  4.31  5.59  5.79  6.22  5.96  7.12  6.07  5.92  5.77
STD DEV   1.75  1.90  2.01  2.65  2.76  2.93  2.93  2.91  3.42  2.73  2.85  2.09
SKEW      0.18  0.28  0.64  1.03  0.51  0.58  0.48  0.48  0.55  0.57  0.65  0.11
% W       0.80  1.30  1.20  2.20  5.50  7.50  8.60  8.70 10.20  6.90  5.00  2.40
MEAN      3.48  3.27  3.69  3.87  5.18  5.98  5.68  5.62  6.75  6.27  5.38  4.93
STD DEV   1.54  1.34  1.53  2.23  3.49  3.85  3.16  3.29  3.82  3.55  2.83  2.39
SKEW      0.52 -0.02 -0.18  0.81  1.03  0.98  0.77  0.82  0.59  0.69  0.66  0.14
% WNW     0.80  0.90  0.80  1.40  3.90  4.60  3.90  5.00  6.30  6.20  3.90  1.80
MEAN      3.33  3.95  3.17  3.33  4.81  5.11  4.60  5.73  7.24  7.27  5.20  5.12
STD DEV   1.71  1.74  2.02  1.83  3.07  3.90  2.65  3.77  3.36  4.00  2.57  2.71
SKEW      0.28  0.40  0.72  0.61  0.71  2.07  0.56  0.82  0.24  0.59  0.73  0.47
% NW      0.80  0.80  1.20  1.70  4.30  5.20  4.50  4.60  3.40  3.30  2.50  0.90
MEAN      2.46  2.79  2.70  2.27  3.04  2.92  3.43  2.93  4.03  4.39  3.17  3.55
STD DEV   0.93  1.23  1.34  1.08  1.70  1.82  2.11  1.72  2.25  2.87  1.35  1.15
SKEW      0.21  0.49  0.63  1.01  0.96  1.47  1.22  1.11  0.67  1.31  0.32  0.00
% NNW     1.20  1.40  1.90  2.40  7.10  6.10  4.20  5.10  2.30  3.20  3.30  1.30
MEAN      2.95  2.62  2.70  2.91  3.54  3.38  3.29  3.61  3.83  4.30  3.72  3.43
STD DEV   1.41  1.35  1.22  1.96  2.35  2.21  2.25  2.35  2.06  2.05  2.00  1.53
SKEW      0.16  0.80  0.47  2.12  1.68  1.28  1.85  1.56  0.65  0.69  0.81  0.15
CALM      1.40  2.10  2.80  3.30  5.30  5.00  2.20  1.20  1.20  1.00  1.10  0.40
                                                                                
INTERPOLATED DATA (station & weighting factor)                                  
                                                                                
---Wind Stations---                                                             
WINK          TX    1.000  MIDLAND       TX     .000  CARLSBAD      NM     .000 
