 Mexico    Paso Hondo                                                           
 LATT=  15.68 LONG= -92.00 YEARS= 20. TYPE= 3
 ELEVATION = 2461. TP5 = 2.10 TP6= 6.78
 MEAN P    .36   .37   .42   .41   .64   .60   .60   .66   .72   .70   .56   .38
 S DEV P   .32   .35   .39   .42   .55   .56   .53   .59   .70  1.41   .66   .38
 SKEW  P   .89   .46   .93  1.36  1.07  1.78  1.42  1.66  2.82  9.54  3.07  1.10
 P(W/W)    .24   .00   .23   .20   .50   .64   .46   .51   .64   .53   .32   .33
 P(W/D)    .03   .01   .03   .03   .10   .28   .18   .25   .33   .17   .09   .05
 TMAX AV 82.20 85.40 88.54 91.39 89.61 84.28 85.70 86.07 83.73 82.63 82.40 82.36
 TMIN AV 59.22 60.42 62.35 65.27 67.89 67.08 65.71 66.18 66.56 65.12 61.97 59.82
 SD TMAX  4.07  3.97  4.11  3.59  4.78  4.07  3.39  3.46  3.73  3.90  3.51  3.78
 SD TMIN  3.42  3.05  3.69  3.59  2.44  1.73  1.93  1.93  1.56  3.00  4.01  3.54
 SOL.RAD  467.  538.  595.  627.  553.  487.  536.  531.  453.  436.  451.  453.
 SD SOL   97.8 107.0 115.9 120.1 169.6 173.2 167.1 137.5 127.2 115.7 107.2  90.2
 MX .5 P   .33   .33   .45   .55   .83  1.24  1.28  1.23  1.28  1.08   .47   .45
 DEW PT  55.31 55.52 55.65 57.16 61.05 64.69 62.70 63.05 64.80 63.36 59.31 56.84
Time Pk   .270  .390  .480  .560  .630  .710  .770  .810  .860  .900  .950 1.000
% N       6.70  7.06  5.78  4.33  2.62  2.22  1.19  1.56  2.91  4.50  5.95  6.37
MEAN      5.49  5.93  6.24  5.74  5.22  5.24  3.86  3.75  4.53  4.87  5.27  5.47
STD DEV   2.79  2.78  2.90  2.64  2.52  2.71  1.89  1.88  2.48  2.61  2.81  2.78
SKEW       .54   .34   .38   .40   .60   .66   .45   .79   .78   .70   .72   .64
% NNE     4.73  5.39  4.93  4.51  2.87  1.84  1.38  2.14  3.68  4.17  5.13  4.82
MEAN      5.57  6.25  6.61  6.16  5.60  4.70  4.70  4.48  5.14  5.41  5.85  5.64
STD DEV   2.71  2.89  2.92  2.54  2.60  2.16  2.03  1.93  2.39  2.37  2.66  2.42
SKEW       .52   .38   .26   .37   .50   .53   .38   .40   .57   .36   .29   .38
% NE      5.40  6.18  5.40  5.42  4.06  2.83  2.89  3.55  6.20  6.26  5.61  5.65
MEAN      5.42  5.97  6.16  6.11  5.79  5.22  4.70  4.45  4.76  5.50  5.50  5.48
STD DEV   2.58  2.69  2.55  2.69  2.65  2.22  2.12  2.04  2.21  2.54  2.60  2.45
SKEW       .60   .31   .30   .57   .40   .38   .63   .63   .46   .36   .41   .30
% ENE     4.25  5.31  5.12  5.76  4.38  3.67  3.66  3.96  5.48  4.84  4.15  3.58
MEAN      5.01  5.29  5.75  5.77  5.70  5.21  4.81  4.76  4.64  4.93  5.05  5.01
STD DEV   2.21  2.35  2.37  2.34  2.45  2.20  2.07  1.93  1.92  2.18  2.17  2.30
SKEW       .70   .72   .54   .53   .49   .46   .44   .41   .39   .53   .52   .45
% E       3.41  5.20  5.16  5.93  5.83  5.52  4.99  5.43  6.56  4.23  3.24  2.85
MEAN      4.15  4.46  4.98  5.23  4.95  4.80  4.45  4.25  4.01  4.11  3.86  3.87
STD DEV   1.85  1.91  2.07  2.13  2.10  1.96  1.87  1.92  1.71  1.84  1.79  1.71
SKEW       .54   .43   .58   .29   .50   .55   .53   .75   .48   .55   .55   .55
% ESE     1.82  2.89  3.37  3.90  4.77  4.94  4.23  4.72  4.22  2.80  1.86  1.40
MEAN      3.99  4.37  4.77  5.00  4.90  4.82  4.38  4.12  3.93  3.87  3.84  3.46
STD DEV   1.52  1.81  1.85  1.94  1.99  1.89  1.63  1.63  1.46  1.45  1.49  1.41
SKEW       .50   .48   .37   .38   .54   .54   .36   .66   .33   .29   .40   .30
% SE      2.68  3.83  4.43  4.48  7.13  9.18  8.95  8.88  7.47  4.71  2.91  2.41
MEAN      3.86  4.48  4.98  5.34  5.28  5.12  4.65  4.25  4.08  4.31  3.81  3.68
STD DEV   1.59  1.94  1.95  2.18  2.19  2.01  1.72  1.63  1.52  1.80  1.67  1.61
SKEW       .56   .41   .37   .38   .63   .49   .34   .52   .41   .61   .90   .74
% SSE     4.98  5.70  7.11  8.08 13.53 16.23 16.90 14.59 11.79  8.74  5.83  4.91
MEAN      4.36  4.70  5.54  6.13  6.20  6.03  5.09  4.49  4.68  4.84  4.50  4.32
STD DEV   1.93  2.12  2.51  2.65  2.51  2.28  1.85  1.72  1.83  2.09  2.14  1.98
SKEW       .64   .88   .73   .55   .50   .33   .28   .58   .39   .63  1.12   .90
% S      15.31 14.11 16.53 18.36 23.39 29.16 30.98 27.05 23.40 21.73 17.51 15.70
MEAN      5.27  5.76  6.72  6.81  6.67  6.66  5.59  5.01  5.34  5.59  5.27  5.32
STD DEV   2.37  2.63  2.74  2.74  2.47  2.34  2.03  1.90  2.09  2.36  2.32  2.44
SKEW       .62   .58   .39   .17   .17   .12   .21   .28   .29   .43   .60   .66
% SSW    10.34  8.24  8.60  8.28  8.46  9.19 10.16  9.34  8.08  9.16 10.20  9.95
MEAN      5.74  5.96  6.52  6.65  6.37  6.55  5.56  5.01  5.39  5.53  5.45  5.75
STD DEV   2.48  2.56  2.67  2.70  2.47  2.35  2.09  1.95  2.21  2.36  2.47  2.48
SKEW       .41   .26   .23   .16   .18   .06   .18   .13   .17   .24   .50   .31
% SW      8.50  7.14  6.28  5.97  5.26  3.87  3.56  4.39  4.07  6.07  8.35  8.56
MEAN      5.55  5.69  6.30  6.23  6.02  5.68  4.76  4.55  4.82  4.96  5.33  5.30
STD DEV   2.65  2.58  2.78  2.76  2.58  2.29  2.23  1.93  2.15  2.24  2.40  2.40
SKEW       .54   .38   .43   .36   .36   .18   .66   .34   .35   .32   .49   .48
% WSW     4.72  4.59  5.05  5.50  3.64  1.72  1.04  1.50  1.70  3.08  4.77  5.50
MEAN      5.84  6.28  7.04  7.06  6.12  5.14  3.76  3.88  4.34  4.80  5.58  5.57
STD DEV   2.81  3.10  3.40  3.23  2.67  2.34  1.54  1.79  2.06  2.37  2.78  2.90
SKEW       .37   .49   .48   .41   .48   .43   .51   .50   .40   .60   .64   .75
% W       6.37  6.18  6.49  6.30  3.66  1.66  1.14  1.32  1.53  3.37  5.93  6.37
MEAN      6.01  6.55  7.27  7.03  5.99  4.78  3.41  3.54  3.77  4.21  5.61  5.62
STD DEV   3.57  3.72  3.82  3.45  2.72  2.15  1.58  1.79  1.95  2.29  3.02  3.32
SKEW       .92   .73   .65   .58   .36   .38   .96   .99   .50   .77   .65  1.05
% WNW     3.11  3.22  3.59  3.19  1.72   .77   .47   .53   .78  1.48  2.93  4.07
MEAN      5.57  6.28  7.04  7.36  5.15  3.82  2.87  3.50  3.06  4.13  5.31  5.44
STD DEV   3.15  3.57  3.57  3.69  2.50  1.80  1.18  1.57  1.76  2.22  3.04  3.01
SKEW       .75   .82   .45   .66   .51   .83   .32   .42   .85   .65   .73   .75
% NW      3.61  3.43  3.15  2.54  1.58   .90   .68   .63   .89  1.81  2.82  3.54
MEAN      4.62  5.11  6.12  5.39  4.67  3.84  3.34  2.66  3.00  3.88  4.46  4.54
STD DEV   2.50  2.96  3.28  2.74  2.26  1.77  1.60  1.10  1.29  2.20  2.60  2.58
SKEW       .69   .89   .62   .85   .79   .71  1.14   .37   .30  1.08   .87   .85
% NNW     3.49  3.22  3.15  2.18  1.41   .94   .56   .65   .97  1.98  2.63  3.23
MEAN      5.18  5.34  6.22  5.38  4.40  4.43  3.71  3.17  3.52  4.35  4.61  4.84
STD DEV   2.64  2.84  2.96  2.61  1.84  2.28  1.62  1.37  1.80  2.60  2.62  2.49
SKEW       .80   .67   .35   .51   .71  1.53   .59   .30   .92  1.14   .97   .70
CALM     10.55  8.36  5.91  5.35  5.67  5.33  7.29  9.78 10.37 11.10 10.14 11.05
                                                                                
INTERPOLATED DATA (station & weighting factor)                                  
                                                                                
---Wind Stations---                                                             
BIG SPRINGS   TX     .521  LUBBOCK/REESE TX     .296  ABILENE/DYESS TX     .183 
