 Mexico    Valle De Yaqui Km. 025                                               
 LATT=  27.35 LONG=-110.03 YEARS= 20. TYPE= 4
 ELEVATION =   69. TP5 = 2.54 TP6= 6.85
 MEAN P    .38   .36   .17   .25   .13   .40   .48   .55   .88   .56   .40   .36
 S DEV P   .66   .43   .12   .20   .11   .65   .60   .70  1.20   .65   .55   .46
 SKEW  P  2.95  1.89   .50 -0.17  1.05  2.88  1.88  2.40  2.41  1.53  1.33  2.79
 P(W/W)    .37   .31   .00   .00   .00   .14   .44   .39   .35   .40   .41   .32
 P(W/D)    .04   .05   .01   .01   .01   .03   .23   .27   .14   .04   .03   .04
 TMAX AV 78.75 80.38 85.06 89.83 95.34 99.85100.41100.08 98.13 94.20 86.47 78.55
 TMIN AV 50.50 52.42 55.47 59.84 65.54 75.69 81.28 81.25 78.60 69.57 59.09 51.52
 SD TMAX  5.06  5.86  5.78  4.71  4.41  3.45  3.69  3.98  4.43  5.64  5.80  5.25
 SD TMIN  5.13  4.85  4.62  4.43  4.34  4.79  2.31  2.33  3.21  5.91  5.62  5.19
 SOL.RAD  367.  444.  554.  643.  716.  712.  636.  603.  551.  481.  388.  338.
 SD SOL   73.0  95.7  98.4  96.4  62.5  71.9 108.8  94.7  98.4  88.0  72.6  64.6
 MX .5 P   .24   .32   .22   .31   .33   .42  1.44  1.34  1.31   .46   .36   .28
 DEW PT  46.35 47.73 48.99 50.95 55.44 67.07 73.44 75.99 74.80 64.78 54.55 47.37
Time Pk   .160  .260  .350  .430  .520  .610  .690  .760  .840  .900  .950 1.000
% N      10.04  9.25  7.99  5.04  4.35  2.14  1.13  2.91  6.64  9.04 10.36  9.48
MEAN      5.73  5.61  5.87  5.42  4.74  4.29  3.36  3.31  4.09  4.78  5.65  5.45
STD DEV   2.42  2.29  2.50  2.15  1.99  1.88  1.28  1.35  1.83  2.06  2.48  2.33
SKEW       .47   .21   .53   .38   .55   .81   .46   .95   .98   .71   .38   .41
% NNE     8.92  7.23  6.19  4.61  4.35  2.73  1.63  3.77  8.78  8.78  8.89  6.86
MEAN      5.75  5.69  5.62  5.18  4.94  4.14  3.72  3.74  4.51  5.00  5.59  5.18
STD DEV   2.33  2.21  2.37  2.13  2.01  1.76  1.60  1.56  1.79  1.99  2.50  2.19
SKEW       .40   .29   .39   .50   .32  1.36   .72   .77   .71   .57   .50   .40
% NE      6.90  7.05  5.42  5.08  4.44  4.24  2.60  5.33 12.68  9.20  7.14  5.72
MEAN      4.74  5.47  5.06  5.09  4.53  4.23  3.59  3.69  4.47  4.42  5.39  4.72
STD DEV   1.94  2.19  1.97  2.13  1.80  1.61  1.64  1.53  1.89  1.74  2.41  2.04
SKEW       .61   .40   .36   .48   .44   .72   .98   .83   .60   .55   .44   .58
% ENE     6.59  6.47  5.06  4.61  3.52  3.80  2.57  4.83  9.73  7.45  6.71  5.57
MEAN      5.20  5.26  4.77  5.00  4.54  4.25  3.57  4.04  4.61  4.36  5.23  4.40
STD DEV   2.20  2.03  2.07  1.94  1.81  1.69  1.58  1.64  1.87  1.61  2.20  1.93
SKEW       .36   .43   .74   .37   .45   .58   .91   .89   .50   .48   .44   .75
% E       6.82  6.32  4.84  5.43  4.26  4.65  2.95  4.73  8.16  7.08  5.78  5.57
MEAN      4.82  5.54  4.71  4.74  4.33  4.32  3.82  3.99  4.27  4.19  4.22  4.36
STD DEV   2.07  2.17  2.10  1.91  1.93  1.74  1.78  1.56  1.89  1.64  1.74  1.70
SKEW       .55   .44   .64   .37   .62   .59   .71   .46   .87   .58   .50   .80
% ESE     5.48  6.40  7.50  9.45  8.15  7.49  5.10  5.94  8.59  8.82  6.01  5.74
MEAN      4.51  4.93  4.92  5.21  4.91  4.55  4.02  4.16  4.23  4.40  4.33  4.09
STD DEV   1.96  2.02  2.01  2.02  2.07  1.80  1.84  1.67  1.81  1.79  1.69  1.69
SKEW       .72   .67   .44   .33   .47   .48   .65   .45  1.06   .74   .61   .76
% SE      5.05  5.89  8.48 13.71 15.98 13.49  9.26  8.89  8.73  8.50  5.28  5.66
MEAN      4.40  4.80  5.02  5.71  5.26  4.69  4.28  4.02  4.06  4.28  4.26  4.40
STD DEV   1.86  2.02  2.11  2.09  2.07  1.84  1.94  1.75  1.71  1.72  1.62  1.79
SKEW       .84   .73   .65   .35   .51   .57   .67   .58   .71   .75   .88   .50
% SSE     7.51  8.24 12.32 18.43 21.53 20.69 16.81 13.72  8.25  8.07  7.38  7.07
MEAN      4.71  5.50  5.59  6.09  5.86  5.18  4.62  4.54  4.28  4.48  5.12  4.81
STD DEV   1.88  2.20  2.24  2.34  2.13  1.90  1.84  1.81  1.93  1.98  2.04  1.99
SKEW       .50   .40   .48   .25   .17   .39   .40   .43   .66   .92   .57   .68
% S       8.37  9.35 11.08 11.25 11.26 15.88 19.44 14.15  6.48  5.70  8.85  8.11
MEAN      5.10  5.43  5.69  6.00  5.36  5.08  4.59  4.37  4.23  4.64  5.44  5.22
STD DEV   2.09  2.29  2.36  2.22  2.23  2.08  1.99  1.89  1.85  1.99  2.21  2.10
SKEW       .51   .54   .44   .28   .42   .43   .57   .60   .57   .70   .36   .43
% SSW     6.63  6.25  6.47  4.86  4.71  6.90 10.96  8.13  2.71  3.53  5.39  5.34
MEAN      5.41  5.36  5.48  5.25  4.64  4.79  4.18  4.06  4.02  4.23  5.31  4.96
STD DEV   2.20  2.20  2.24  2.07  1.98  1.77  1.69  1.77  1.68  1.70  2.29  2.07
SKEW       .43   .47   .38   .40   .63   .23   .61   .77   .58   .61   .35   .40
% SW      3.42  3.34  3.09  1.79  2.23  3.38  6.60  5.35  1.64  1.99  2.57  4.51
MEAN      4.66  4.57  4.77  4.41  3.81  3.94  3.70  3.42  3.61  3.57  4.12  4.20
STD DEV   2.14  1.82  2.09  2.09  1.51  1.56  1.45  1.45  1.50  1.56  1.78  2.01
SKEW       .71   .51   .38   .97   .64   .63   .59   .73   .83   .98  1.08   .81
% WSW     2.32  3.21  2.61  1.52  1.86  2.06  5.43  3.64  1.23  1.97  2.97  4.08
MEAN      4.34  4.44  4.50  4.15  3.59  3.57  3.64  3.45  3.46  3.72  4.29  4.38
STD DEV   1.83  1.77  2.11  1.68  1.18  1.39  1.36  1.45  1.35  1.43  1.55  1.76
SKEW       .49   .65   .53   .12   .30   .86   .46   .61   .79   .61   .45   .69
% W       2.50  2.58  2.20  1.74  1.89  1.71  2.46  2.93  1.23  1.63  2.66  3.34
MEAN      3.96  4.07  4.53  4.05  3.97  3.39  3.32  3.19  3.19  3.40  3.68  3.87
STD DEV   1.71  1.83  2.42  1.77  1.62  1.32  1.30  1.35  1.20  1.52  1.46  1.57
SKEW       .96   .83  1.07   .88   .57   .69   .83   .57   .74   .84   .76   .75
% WNW     3.43  3.46  2.47  2.72  1.83  1.70  1.79  2.02  1.23  2.25  3.07  4.29
MEAN      5.00  4.98  5.25  5.20  4.08  3.47  3.01  3.04  3.39  3.65  4.39  4.36
STD DEV   2.43  2.19  2.46  2.48  1.70  1.32  1.14  1.19  1.43  1.50  1.92  2.04
SKEW       .90   .52   .82   .69   .44   .47   .58   .67   .77   .78   .82   .86
% NW      4.16  4.36  3.80  2.60  1.82  1.51  1.09  1.55  1.39  2.99  3.80  5.00
MEAN      5.22  5.22  5.34  5.37  4.06  3.41  2.97  2.95  3.23  3.90  4.59  4.96
STD DEV   2.32  2.32  2.68  2.33  1.80  1.43  1.16  1.13  1.43  1.59  1.92  2.39
SKEW       .67   .53   .87   .59   .88   .95   .40   .63  1.31   .85   .35   .84
% NNW     7.55  6.70  5.92  3.53  2.86  1.34   .94  1.46  2.86  5.30  7.15  8.03
MEAN      6.00  5.78  6.13  5.39  5.07  4.00  3.35  3.07  3.71  4.50  5.37  5.74
STD DEV   2.50  2.46  2.87  2.27  2.10  1.81  1.10  1.25  1.65  1.87  2.20  2.65
SKEW       .39   .50   .73   .47   .30   .62   .12   .69   .94   .55   .34   .53
CALM      4.35  3.82  4.55  3.63  4.96  6.35  9.16 10.68  9.64  7.70  6.00  5.72
                                                                                
INTERPOLATED DATA (station & weighting factor)                                  
                                                                                
---Wind Stations---                                                             
HOUSTON/ELL.  TX     .336  HOUSTON/HOBBY TX     .336  VICTORIA      TX     .329 
