 Mexico    La Laguna                                                            
 LATT=  21.28 LONG= -98.58 YEARS= 20. TYPE= 4
 ELEVATION =  400. TP5 = 2.26 TP6= 5.60
 MEAN P    .24   .23   .29   .53   .76   .80   .74   .70   .97   .91   .40   .23
 S DEV P   .26   .29   .48   .85   .90  1.02  1.06   .83  1.30  1.30   .67   .39
 SKEW  P  2.04  2.38  3.60  2.53  1.48  2.23  3.45  2.46  4.21  2.53  4.90  3.83
 P(W/W)    .42   .44   .48   .45   .34   .52   .57   .51   .62   .51   .39   .46
 P(W/D)    .17   .16   .12   .12   .14   .19   .22   .23   .27   .19   .19   .14
 TMAX AV 74.69 78.88 83.91 89.62 91.94 91.91 90.62 92.26 89.39 85.70 79.93 76.28
 TMIN AV 57.76 60.69 65.02 69.98 73.97 75.14 74.49 74.87 73.84 69.85 63.53 59.21
 SD TMAX  6.93  7.51  6.97  6.21  4.98  4.27  4.18  4.34  4.74  4.99  5.66  6.10
 SD TMIN  5.21  5.67  5.26  4.48  3.83  2.26  1.78  1.96  2.35  4.70  5.98  5.45
 SOL.RAD  296.  361.  430.  494.  536.  530.  513.  508.  425.  390.  326.  295.
 SD SOL  100.1 114.0 118.6 114.7  97.0 110.5 112.2 105.4 114.5 108.5  99.4  91.7
 MX .5 P   .53   .51   .51   .82  1.13  1.41  1.61  1.40  1.35  1.15   .67   .47
 DEW PT  58.44 61.49 64.73 68.76 72.76 74.18 73.75 73.57 73.32 69.87 63.81 59.78
Time Pk   .250  .360  .430  .510  .580  .660  .730  .790  .840  .900  .940 1.000
% N      14.04 13.00  9.30  6.88  4.98  2.15  1.16  2.87  7.37 10.55 13.40 13.75
MEAN      6.33  6.23  6.61  6.48  5.20  3.59  3.67  3.59  4.32  5.10  6.11  6.03
STD DEV   2.80  2.73  2.98  2.93  2.51  1.57  1.62  1.66  2.08  2.52  2.91  2.80
SKEW       .54   .40   .22   .30   .62   .81   .49   .76  1.00   .72   .47   .45
% NNE    11.49  9.02  9.28  6.14  4.80  2.84  1.64  3.67  9.59 10.07 10.82  9.46
MEAN      5.80  5.78  5.80  5.53  4.90  4.12  3.33  3.58  4.56  4.98  5.51  5.40
STD DEV   2.61  2.54  2.78  2.41  2.40  1.72  1.45  1.69  1.95  2.27  2.64  2.56
SKEW       .54   .62   .62   .35   .58   .81   .89   .81   .55   .66   .67   .67
% NE      6.52  6.25  5.77  4.35  4.20  3.56  2.28  4.32  9.96  7.40  6.15  5.40
MEAN      4.79  5.19  4.82  4.83  4.32  3.88  3.37  3.64  4.25  4.14  4.90  4.38
STD DEV   2.18  2.42  2.21  2.08  2.01  1.68  1.47  1.59  1.92  2.06  2.37  2.02
SKEW       .92   .56   .49   .51   .66   .80   .80   .69   .71   .82   .56   .58
% ENE     5.20  4.38  4.59  4.19  3.45  2.97  2.42  4.56  8.00  5.88  4.54  3.92
MEAN      4.29  4.45  4.41  4.41  4.08  3.79  3.52  3.84  4.12  3.81  3.97  3.70
STD DEV   1.93  2.01  1.92  1.77  1.80  1.52  1.68  1.70  1.84  1.63  1.90  1.59
SKEW       .57   .62   .59   .31   .72   .29  1.04  1.17   .63   .74   .69   .51
% E       3.51  4.19  4.17  4.74  3.97  3.91  3.36  4.87  6.51  5.91  3.92  4.00
MEAN      3.95  4.32  4.13  4.17  3.83  3.69  3.62  3.83  3.74  3.60  3.50  3.65
STD DEV   1.59  2.03  1.92  1.75  1.69  1.66  1.57  1.66  1.60  1.48  1.50  1.64
SKEW       .54   .67   .54   .31   .68   .94   .62   .63   .77   .48   .50   .80
% ESE     3.31  5.25  6.20  7.86  7.43  6.79  5.85  6.22  7.45  7.04  4.35  4.02
MEAN      4.02  4.52  4.48  4.96  4.61  4.37  4.24  4.26  3.83  3.98  3.68  3.61
STD DEV   1.85  2.03  1.99  1.98  1.94  1.84  1.76  1.74  1.55  1.64  1.74  1.64
SKEW       .52   .68   .43   .31   .37   .54   .43   .35   .53   .58  1.00   .73
% SE      4.29  7.24  9.54 15.80 20.57 20.64 15.89 13.40  9.70  9.52  5.00  4.32
MEAN      4.33  4.74  4.90  5.47  5.16  4.98  4.71  4.38  4.06  4.09  3.96  3.90
STD DEV   1.85  2.19  2.19  2.07  2.03  1.88  1.91  1.81  1.63  1.80  1.70  1.66
SKEW       .68   .80   .58   .18   .26   .28   .38   .46   .53   .77   .60   .49
% SSE     9.80 11.06 15.90 21.92 24.62 27.19 24.37 19.22 11.01  9.88  9.07  7.86
MEAN      5.31  5.89  5.92  6.04  5.85  5.47  5.07  4.86  4.32  4.56  4.93  5.00
STD DEV   2.23  2.30  2.40  2.36  2.12  1.96  1.97  1.93  1.83  1.91  2.21  2.27
SKEW       .48   .32   .32   .20   .16   .26   .30   .24   .55   .59   .53   .55
% S       9.09  8.50  9.94  9.95  9.64 13.23 17.16 14.87  6.96  7.01  8.88  9.00
MEAN      5.63  5.69  5.87  6.14  5.60  5.25  5.11  4.91  4.29  4.76  5.38  5.32
STD DEV   2.49  2.49  2.42  2.49  2.36  2.04  2.10  2.05  1.97  2.18  2.36  2.30
SKEW       .42   .34   .22   .22   .29   .19   .39   .36   .50   .60   .36   .49
% SSW     5.78  5.42  5.78  3.78  3.32  5.02  9.68  8.26  3.26  3.68  6.03  6.25
MEAN      5.13  5.35  5.33  4.95  4.58  4.64  4.49  4.29  3.86  4.15  4.85  4.93
STD DEV   2.34  2.32  2.24  2.30  1.86  1.81  1.83  1.88  1.59  1.88  2.27  2.25
SKEW       .43   .37   .29   .35   .34   .33   .39   .50   .59   .65   .61   .39
% SW      3.06  3.27  2.38  1.52  1.39  1.91  3.85  3.79  1.75  2.09  2.84  3.65
MEAN      4.50  4.67  4.76  3.96  3.78  3.82  3.81  3.67  3.54  3.69  3.94  4.03
STD DEV   2.11  2.08  2.11  2.03  1.72  1.53  1.57  1.72  1.67  1.80  1.78  2.11
SKEW       .63   .48   .41   .86   .61   .48   .45   .59   .80   .83   .66   .75
% WSW     1.89  1.80  1.44   .89   .76  1.06  2.04  1.88  1.09  1.21  1.81  2.67
MEAN      3.66  4.05  4.28  3.77  3.50  3.20  3.48  3.25  3.11  3.52  3.40  3.51
STD DEV   1.49  1.84  2.12  1.83  1.42  1.15  1.31  1.40  1.39  1.60  1.43  1.55
SKEW       .54   .77   .57   .45   .49   .35   .32   .59   .55   .55   .50   .63
% W       1.83  1.92  1.39   .92   .68   .71  1.21  1.15   .91  1.10  1.60  1.84
MEAN      3.71  4.43  4.38  4.08  3.31  2.70  3.06  2.83  2.98  3.00  3.22  3.52
STD DEV   1.81  2.34  2.39  1.89  1.29   .89  1.26  1.06  1.13  1.27  1.33  1.83
SKEW       .97   .91   .99   .93   .25   .29   .82   .50   .36   .39   .66  1.10
% WNW     2.56  2.26  1.43  1.44   .88   .67   .68   .83  1.05  1.22  2.25  2.80
MEAN      4.60  5.07  5.71  5.05  3.69  2.26  3.28  2.69  2.97  3.11  3.92  3.99
STD DEV   2.41  2.64  3.02  2.78  1.64   .93  1.02   .95  1.25  1.48  2.06  2.01
SKEW      1.05   .62   .58   .63   .35   .30  -.16  -.33   .62   .65  1.21   .55
% NW      3.70  3.71  2.09  1.99  1.47  1.06   .69   .99  1.49  2.59  3.51  4.13
MEAN      5.13  5.86  5.55  5.39  4.25  3.37  3.50  3.34  3.27  3.47  4.45  4.89
STD DEV   2.78  2.98  2.73  2.72  2.03  1.25  1.37  1.33  1.36  1.67  2.44  2.79
SKEW       .89   .53   .43   .49   .76   .07   .02   .61   .71  1.01  1.06  1.12
% NNW     7.06  6.40  4.73  3.01  2.45  1.02   .64  1.30  3.23  4.78  7.47  7.88
MEAN      6.30  6.26  6.70  5.88  5.17  3.77  3.29  3.25  3.69  4.34  5.47  5.87
STD DEV   2.93  3.01  3.55  2.82  2.75  1.72  1.23  1.37  1.70  2.31  2.81  3.04
SKEW       .41   .49   .50   .36   .54   .66   .05   .68  1.09   .87   .74   .54
CALM      6.91  6.33  6.10  4.64  5.42  5.21  7.01  7.86 10.66 10.01  8.42  9.05
                                                                                
INTERPOLATED DATA (station & weighting factor)                                  
                                                                                
---Wind Stations---                                                             
VICTORIA      TX     .388  VICTORIA/ALOE TX     .388  SAN MARCOS    TX     .225 
