 Mexico    El Vivero                                                            
 LATT=  30.62 LONG=-110.97 YEARS= 20. TYPE= 3
 ELEVATION = 2513. TP5 = 1.92 TP6= 3.19
 MEAN P    .30   .31   .26   .43   .36   .23   .31   .37   .33   .34   .43   .32
 S DEV P   .36   .27   .29   .43   .27   .29   .40   .42   .45   .55   .79   .39
 SKEW  P  2.23  1.13  1.69   .90   .49  2.65  3.13  1.91  2.60  2.36  4.62  3.18
 P(W/W)    .45   .29   .21   .13   .25   .46   .42   .39   .32   .36   .34   .37
 P(W/D)    .07   .08   .06   .02   .01   .05   .27   .31   .14   .05   .04   .07
 TMAX AV 67.55 69.41 75.73 82.54 89.59 97.91 94.56 92.56 91.10 83.89 74.83 66.50
 TMIN AV 39.84 41.46 46.04 52.00 59.15 69.61 73.19 71.11 67.67 57.12 47.64 40.12
 SD TMAX  7.18  7.94  7.70  6.29  6.18  4.72  5.77  5.26  5.11  6.63  7.51  7.33
 SD TMIN  6.27  6.46  6.00  5.70  5.51  4.80  3.17  2.85  4.02  6.02  6.45  6.35
 SOL.RAD  323.  396.  519.  636.  702.  691.  570.  555.  513.  440.  348.  296.
 SD SOL   68.8  91.2 100.8  86.6  74.5  90.7 121.8 109.1  90.1  74.7  69.3  64.3
 MX .5 P   .27   .25   .27   .30   .32   .41  1.07  1.02   .59   .33   .28   .28
 DEW PT  30.50 31.74 31.44 29.88 32.24 42.69 61.23 63.56 57.78 44.73 35.24 31.70
Time Pk   .160  .270  .360  .460  .540  .640  .710  .770  .830  .890  .950 1.000
% N       3.36  3.15  2.94  2.83  2.71  2.99  3.65  3.15  2.80  2.64  3.29  3.33
MEAN      2.80  2.98  3.13  3.22  3.45  3.55  3.68  3.34  3.32  3.09  2.85  2.78
STD DEV   1.20  1.35  1.47  1.52  1.53  1.63  1.73  1.51  1.50  1.36  1.17  1.12
SKEW       .68   .88  1.26   .85   .61   .83   .79   .76   .94   .69   .73   .56
% NNE     1.13  1.07  1.00   .83   .85   .79  1.25  1.07  1.07   .85  1.09  1.22
MEAN      2.66  2.82  2.55  2.81  2.98  2.93  3.52  3.07  2.80  2.77  2.72  2.67
STD DEV   1.18  1.27  1.11  1.24  1.44  1.25  1.75  1.46  1.21  1.03  1.07  1.05
SKEW       .56   .80   .74   .78   .66   .41   .72   .91   .62  1.06   .43   .46
% NE      1.59  1.47  1.20  1.05  1.11   .94  1.40  1.49  1.31  1.34  1.41  1.52
MEAN      2.62  3.27  2.91  2.92  2.90  2.99  3.28  3.22  3.25  3.25  3.30  3.11
STD DEV   1.48  1.65  1.55  1.27  1.27  1.61  1.54  1.72  1.51  1.58  2.00  1.58
SKEW      2.45   .92   .81   .57  1.29  1.34   .66  1.55   .71  1.09   .98  1.47
% ENE     1.80  1.56  1.12   .91  1.15   .98  1.61  1.51  1.79  1.87  2.09  1.98
MEAN      3.40  3.76  3.25  3.19  3.48  3.31  3.84  3.82  3.73  3.59  4.08  3.37
STD DEV   1.84  2.01  1.53  1.48  1.78  1.77  2.13  2.41  1.69  1.70  2.19  1.52
SKEW      1.57   .87   .86   .75  1.01  1.25  1.03  1.59   .52   .94  1.14   .73
% E       4.87  4.07  3.02  2.69  2.74  2.59  3.67  3.91  5.25  5.37  5.50  5.21
MEAN      3.85  3.75  3.17  3.32  3.43  3.36  3.82  3.90  4.09  3.82  4.03  3.89
STD DEV   2.01  2.01  1.57  1.64  1.71  1.68  2.01  2.22  2.03  1.85  2.02  1.95
SKEW      1.01  1.12   .98   .98  1.29  1.05  1.21  2.02   .98  1.01  1.05   .93
% ESE    10.62  9.21  6.70  5.72  5.78  5.57  6.96  7.16 10.48 10.65 11.45 11.88
MEAN      4.78  4.42  3.70  3.83  4.04  3.92  4.38  4.07  4.90  4.78  4.84  4.77
STD DEV   2.53  2.45  1.84  1.96  2.30  2.23  2.23  2.15  2.52  2.63  2.52  2.46
SKEW       .84  1.19  1.02  1.43  1.26  1.45   .96  1.29   .81  1.04   .87   .85
% SE     17.35 16.76 14.27 13.18 12.08 10.28 11.58 12.61 15.77 16.70 17.26 17.47
MEAN      3.56  3.49  3.28  3.29  3.27  3.22  3.91  3.45  3.65  3.66  3.64  3.61
STD DEV   1.85  1.76  1.48  1.41  1.44  1.50  2.12  1.68  1.87  1.94  1.86  1.86
SKEW      1.53  1.51  1.41  1.07  1.41  1.50  1.42  1.26  1.43  1.46  1.45  1.41
% SSE    10.71 10.63  9.40  9.10  8.99  8.00  8.52 10.48 10.07 11.08 10.99 10.75
MEAN      3.14  3.15  3.17  3.21  3.11  3.07  3.38  3.25  3.21  3.13  3.17  3.13
STD DEV   1.37  1.22  1.28  1.26  1.14  1.25  1.60  1.43  1.37  1.24  1.26  1.29
SKEW      1.11   .68   .71   .68   .48   .99  1.12  1.34  1.17   .71   .67   .75
% S       7.40  7.58  8.07  8.37  8.39  8.95 10.92 11.04  9.41  8.33  7.80  7.58
MEAN      3.15  3.19  3.37  3.43  3.39  3.41  3.54  3.28  3.25  3.14  3.07  3.20
STD DEV   1.58  1.55  1.66  1.62  1.61  1.68  1.76  1.65  1.62  1.49  1.34  1.57
SKEW      1.62  1.55  1.43  1.42  1.42  1.41  1.19  1.44  1.62  1.48  1.11  1.47
% SSW     3.35  3.25  4.49  4.70  5.30  4.89  4.86  4.68  3.88  3.59  2.96  3.20
MEAN      4.31  4.26  4.65  4.50  4.33  4.39  3.84  3.72  3.63  3.95  3.90  4.58
STD DEV   2.47  2.42  2.58  2.37  2.29  2.32  2.00  1.91  1.94  2.34  2.21  2.87
SKEW       .90   .97   .72   .70   .95   .82   .92  1.18  1.51  1.16   .99  1.10
% SW      2.94  3.21  5.27  6.64  7.58  6.86  3.95  4.38  3.72  3.34  2.82  2.76
MEAN      4.11  4.07  5.06  5.07  4.91  4.73  3.44  3.44  3.60  4.08  3.94  4.25
STD DEV   2.49  2.33  2.74  2.57  2.41  2.39  1.81  1.77  1.93  2.35  2.17  2.50
SKEW       .93  1.05   .67   .70   .60   .64  1.12  1.21  1.13   .90   .82   .91
% WSW     2.63  3.18  5.19  6.26  8.14  7.96  4.41  3.77  3.60  3.29  2.71  2.28
MEAN      3.66  4.04  4.68  4.89  4.84  4.54  3.45  3.34  3.53  3.90  3.45  3.65
STD DEV   2.21  2.24  2.48  2.41  2.23  2.16  1.61  1.52  1.66  2.07  1.78  1.92
SKEW      1.59  1.00   .78   .66   .46   .66   .85   .70  1.11   .98   .84   .96
% W       4.34  5.89  7.50  9.64  9.95 10.09  7.32  6.56  5.69  4.79  3.95  3.62
MEAN      3.68  4.21  4.45  4.69  4.54  4.38  3.97  3.76  3.66  3.64  3.50  3.55
STD DEV   1.96  2.26  2.25  2.22  2.00  1.90  1.79  1.71  1.65  1.69  1.76  1.87
SKEW      1.03  1.22   .77   .67   .56   .50   .83   .82   .78   .78   .82  1.19
% WNW     4.27  5.73  6.65  6.99  6.14  7.01  6.41  5.14  4.22  4.05  3.66  3.16
MEAN      3.92  4.50  4.63  4.65  4.42  4.48  4.25  3.88  3.81  3.76  3.77  3.55
STD DEV   1.95  2.23  2.18  2.08  1.91  1.88  1.78  1.65  1.61  1.78  1.76  1.80
SKEW       .87   .91   .62   .61   .57   .48   .55   .71   .50   .91  1.01  1.10
% NW      5.24  6.74  7.18  7.17  6.04  7.62  8.09  6.52  5.06  5.21  4.65  4.27
MEAN      3.68  4.12  4.33  4.38  4.14  4.44  4.35  4.03  3.81  3.74  3.55  3.41
STD DEV   1.83  1.96  2.04  1.92  1.77  1.92  1.81  1.76  1.67  1.77  1.67  1.69
SKEW       .94   .82   .76   .62   .51   .49   .44   .67   .82  1.09   .82  1.03
% NNW     3.52  4.04  4.01  4.09  3.80  4.57  4.93  3.58  3.39  3.54  3.51  3.49
MEAN      3.42  3.61  3.93  4.15  3.96  4.24  4.19  3.88  3.63  3.55  3.33  3.36
STD DEV   1.61  1.70  1.79  1.78  1.69  1.72  1.79  1.61  1.58  1.51  1.40  1.57
SKEW       .94   .93   .65   .60   .49   .42   .58   .57  1.12   .74   .69   .92
CALM     15.07 12.43 11.98  9.79  9.30  9.92 10.47 12.93 12.55 13.43 14.85 16.29
                                                                                
INTERPOLATED DATA (station & weighting factor)                                  
                                                                                
---Wind Stations---                                                             
TUCSON/DAVIS  AZ     .454  TUCSON/INT.   AZ     .454  CHANDLER      AZ     .091 
