 Mexico    El Piruli                                                            
 LATT=  23.57 LONG= -98.52 YEARS= 20. TYPE= 3
 ELEVATION = 1460. TP5 = 2.58 TP6= 7.12
 MEAN P    .33   .31   .35   .54   .67   .71   .74   .87   .86   .85   .49   .34
 S DEV P   .59   .31   .40   .53   .72   .79   .82  1.06   .88   .73  1.05   .34
 SKEW  P  5.25  2.20  2.36  1.65  2.01  3.53  2.70  2.78  2.53  1.37  5.41  1.87
 P(W/W)    .32   .27   .29   .38   .25   .45   .38   .39   .47   .40   .25   .39
 P(W/D)    .07   .06   .06   .05   .11   .17   .14   .18   .22   .12   .07   .04
 TMAX AV 75.59 81.47 86.70 92.21 94.97 95.93 95.27 96.71 91.50 87.18 81.15 76.79
 TMIN AV 54.95 58.30 63.15 68.35 73.07 74.85 74.62 74.87 72.71 68.10 61.37 56.61
 SD TMAX  9.37  9.42  8.01  6.67  5.76  4.80  5.20  4.80  5.63  6.29  7.25  8.24
 SD TMIN  7.06  7.48  6.34  5.16  4.29  2.41  1.83  1.93  2.93  5.69  6.88  6.96
 SOL.RAD  298.  367.  441.  495.  537.  556.  548.  537.  451.  405.  333.  292.
 SD SOL   98.3 112.6 120.8 116.4 108.7 100.2 118.4 102.8 110.0  98.8  93.3  88.2
 MX .5 P   .23   .30   .44   .54   .91  1.16  1.21  1.39  1.39   .91   .34   .38
 DEW PT  52.23 55.11 59.22 63.83 68.79 71.66 71.52 71.57 71.37 66.65 58.90 53.64
Time Pk   .100  .200  .290  .380  .460  .550  .640  .720  .800  .870  .940 1.000
% N       6.56  5.77  5.76  4.45  2.64  1.19   .49  1.48  5.14  5.88  7.59  7.01
MEAN      4.54  4.89  5.25  4.88  4.34  3.68  3.37  3.44  3.59  4.30  4.76  4.57
STD DEV   2.15  2.50  2.50  2.34  2.25  1.78  1.12  1.73  1.88  2.13  2.51  2.68
SKEW       .59   .61   .48   .45   .55   .65   .42   .91  1.10   .45   .53   .68
% NNE     5.13  4.44  4.57  3.71  3.36  1.44   .48  2.17  3.83  4.28  6.85  4.21
MEAN      4.41  4.72  5.05  4.94  4.33  4.22  3.55  3.67  3.96  4.03  4.35  4.01
STD DEV   2.13  2.27  2.26  2.13  2.14  1.93  1.13  1.68  1.77  1.95  2.10  1.89
SKEW       .78   .63   .51   .47   .53   .42   .41   .90   .51   .75   .66   .70
% NE      4.48  5.18  4.25  5.04  2.82  1.97  1.29  3.07  5.25  4.10  4.41  3.41
MEAN      3.44  3.87  3.56  3.84  3.54  3.96  2.90  3.31  3.43  3.14  3.33  3.14
STD DEV   1.48  1.65  1.83  1.93  1.92  1.90  1.48  1.59  1.71  1.50  1.75  1.28
SKEW       .97   .72   .71   .56   .71   .78   .61   .89   .86   .67  1.06   .64
% ENE     3.71  5.43  4.59  4.77  4.26  2.70  1.81  4.30  6.54  3.79  3.84  2.38
MEAN      3.48  3.93  3.91  3.95  3.69  3.79  3.12  3.62  3.42  3.33  3.35  3.17
STD DEV   1.35  1.74  1.66  1.86  1.79  1.75  1.72  1.75  1.59  1.37  1.36  1.04
SKEW       .65   .69   .60   .65   .61   .76  1.04   .74   .87   .91   .56   .15
% E       5.24  6.25  6.26  7.06  7.09  6.61  7.76 10.54  9.26  6.15  5.34  4.52
MEAN      3.44  3.55  3.65  3.98  3.61  4.19  3.42  3.34  3.19  3.14  3.29  3.09
STD DEV   1.36  1.54  1.56  1.68  1.59  1.80  1.54  1.47  1.43  1.38  1.39  1.29
SKEW       .70   .75   .43   .63   .72   .55   .76  1.02   .61   .65   .59   .37
% ESE     5.29  6.29  8.29 11.92 13.60 14.69 12.61 12.65 10.04  7.15  5.19  5.08
MEAN      3.68  4.11  4.46  4.70  4.80  4.82  4.25  4.08  3.97  3.69  3.48  3.42
STD DEV   1.46  1.58  1.81  1.75  1.95  1.81  1.67  1.56  1.72  1.48  1.48  1.31
SKEW       .70   .49   .52   .29   .55   .44   .45   .46   .80   .46   .39   .33
% SE      9.12 12.09 14.70 17.87 25.58 30.36 30.52 24.09 18.97 15.79  9.70 10.10
MEAN      3.86  4.28  4.70  4.94  5.23  5.07  4.66  4.19  4.07  4.00  3.67  3.61
STD DEV   1.67  1.85  1.93  1.97  2.00  1.90  1.82  1.67  1.67  1.70  1.58  1.54
SKEW       .43   .66   .41   .33   .29   .30   .47   .48   .48   .47   .45   .66
% SSE     4.66  7.12  8.67 10.10 13.01 16.89 17.87 12.41  9.17  8.65  6.85  5.39
MEAN      4.42  4.78  5.09  5.35  5.35  5.28  4.82  4.30  4.13  4.63  4.07  4.04
STD DEV   2.03  2.19  2.00  2.12  1.96  1.87  1.76  1.57  1.57  1.88  1.74  1.77
SKEW       .37   .56   .28   .32   .19   .18   .27   .34   .28   .24   .24   .42
% S       3.67  4.70  5.87  5.74  5.97  7.62  8.22  6.83  5.82  6.30  4.15  4.34
MEAN      3.53  3.74  4.19  4.21  4.05  4.44  4.06  3.61  3.38  3.50  3.42  3.28
STD DEV   1.84  1.77  1.84  1.86  1.75  1.76  1.57  1.49  1.55  1.59  1.60  1.49
SKEW       .82   .61   .66   .22   .38   .48   .58   .51   .69   .71   .89   .51
% SSW     3.24  2.57  3.58  3.39  2.78  2.53  2.66  2.69  2.07  3.30  3.41  3.48
MEAN      3.47  3.37  3.43  3.93  3.55  3.82  2.87  3.18  3.35  2.86  3.09  2.96
STD DEV   1.47  1.54  1.37  1.83  1.77  1.33  1.12  1.32  1.10  1.14  1.35  1.23
SKEW       .50   .64   .47   .64   .87   .44   .23   .21   .63   .60   .60   .37
% SW      4.38  2.94  2.72  2.43  1.85  1.35  1.56  1.65  1.66  2.46  3.44  4.10
MEAN      3.31  3.31  3.08  3.84  3.37  3.02  2.95  3.29  2.54  2.62  3.10  2.95
STD DEV   1.60  1.66  1.21  1.92  1.47   .96   .95   .84   .81  1.17  1.46  1.24
SKEW       .53   .93   .71   .68   .59   .12   .17   .29   .23   .34   .36   .41
% WSW     2.97  2.42  1.53  1.71   .99   .39   .41   .49   .74  1.32  2.24  3.21
MEAN      3.07  3.73  3.55  3.59  3.35  3.02  3.12  3.85  2.51  2.39  2.66  2.98
STD DEV   1.46  1.72  1.51  1.59  1.53   .75   .42   .72   .74  1.50  1.39  1.11
SKEW       .83   .36   .51   .31   .06   .32   .28  -.01   .53  1.08   .83   .82
% W       4.27  3.57  2.90  2.18  1.01   .44   .36   .60   .97  1.81  3.30  4.75
MEAN      3.40  3.90  4.71  3.87  2.91  2.43  2.39  6.01  1.71  2.25  2.67  3.05
STD DEV   2.02  2.36  2.68  2.18  1.65   .80   .99   .90  1.01   .93  1.20  1.76
SKEW      1.81  1.12  1.07  1.03  1.00   .50   .19   .45   .95  -.01  1.26  1.88
% WNW     3.98  4.09  3.16  2.47  1.31   .38   .20   .24   .62  1.67  2.66  3.43
MEAN      4.92  4.85  5.79  5.33  4.13  3.28  2.17  1.59  2.43  3.22  3.36  3.61
STD DEV   2.58  2.79  3.34  2.63  2.20  1.06   .92   .61  1.21  1.58  1.53  1.48
SKEW       .82   .80   .61   .73   .52  -.11   .48   .22   .36   .80   .41   .98
% NW      7.48  7.07  4.63  3.52  1.89   .71   .32   .65  1.34  3.59  5.27  6.40
MEAN      4.86  4.86  5.09  4.69  4.72  4.04  1.93  2.78  2.81  3.54  3.99  4.00
STD DEV   2.59  2.89  3.13  2.54  2.65  1.83  1.00  1.14  1.22  1.78  2.26  2.29
SKEW       .74   .94   .83   .63   .89   .66   .60  -.16   .95  1.12   .93  1.08
% NNW     6.82  6.17  5.29  3.78  2.02  1.49   .18   .48  1.48  2.95  6.31  6.87
MEAN      5.25  5.86  5.84  5.29  4.43  4.04  2.19  2.93  3.99  4.72  5.13  5.27
STD DEV   2.47  2.63  2.91  2.44  2.22  1.68   .91  1.01  1.97  2.10  2.22  2.58
SKEW       .62   .31   .49   .44   .43   .40   .21  1.20   .23   .68   .53   .41
CALM     19.03 13.90 13.21  9.86  9.78  9.22 13.27 15.69 17.03 20.89 19.43 21.37
                                                                                
INTERPOLATED DATA (station & weighting factor)                                  
                                                                                
---Wind Stations---                                                             
DEL RIO       TX     .357  HONDO         TX     .328  JUNCTION      TX     .314 
