 Mexico    Torreon (Obs)                                                        
 LATT=  25.52 LONG=-103.42 YEARS= 20. TYPE= 3
 ELEVATION = 3701. TP5 = 2.19 TP6= 4.61
 MEAN P    .24   .21   .21   .19   .29   .31   .23   .29   .37   .27   .14   .20
 S DEV P   .36   .33   .21   .24   .58   .45   .33   .54   .58   .40   .17   .18
 SKEW  P  2.85  2.17   .90  1.49  4.06  2.36  2.04  4.33  3.13  2.45  1.41   .89
 P(W/W)    .48   .13   .25   .29   .38   .42   .38   .48   .42   .34   .30   .49
 P(W/D)    .04   .02   .01   .03   .07   .11   .16   .10   .13   .07   .04   .03
 TMAX AV 72.66 79.35 84.93 92.13 96.08 96.91 94.56 94.32 90.06 87.04 78.71 73.34
 TMIN AV 47.67 52.23 57.46 64.01 69.36 73.19 73.64 73.56 69.76 64.14 54.63 48.73
 SD TMAX  7.38  7.79  6.82  5.22  4.85  4.38  4.28  3.81  5.23  5.66  6.79  7.22
 SD TMIN  6.23  6.70  6.33  5.38  4.88  2.97  2.81  2.67  3.68  5.69  6.46  6.38
 SOL.RAD  350.  433.  526.  598.  644.  640.  597.  573.  493.  461.  386.  335.
 SD SOL   79.3  99.2 104.8 103.8  84.8  97.1 116.0 108.0 117.0  89.4  78.9  73.8
 MX .5 P   .25   .21   .24   .34   .50   .66   .92   .56   .65   .38   .31   .30
 DEW PT  34.69 33.30 34.39 37.11 44.38 54.15 56.92 57.36 58.07 51.12 42.11 35.36
Time Pk   .160  .260  .350  .430  .520  .610  .690  .760  .840  .900  .950 1.000
% N       3.55  4.16  3.20  3.33  2.87  1.30  1.52  1.81  2.91  3.22  5.01  4.59
MEAN      4.65  5.19  5.37  5.27  5.27  4.62  4.04  3.85  4.21  4.60  5.12  5.12
STD DEV   2.20  2.27  2.49  2.37  2.15  2.45  1.88  1.60  2.09  2.21  2.47  2.48
SKEW       .60   .43   .54   .63   .30   .94   .71   .79   .92   .87   .78   .74
% NNE     6.01  5.64  5.25  6.35  4.54  3.02  3.03  3.65  5.41  5.51  7.60  6.15
MEAN      5.18  5.19  5.66  5.79  5.31  4.73  4.48  4.05  4.58  4.84  5.38  5.21
STD DEV   2.37  2.27  2.38  2.54  2.39  1.94  1.90  1.81  2.02  2.19  2.21  2.40
SKEW       .47   .58   .39   .55   .54   .54   .63   .94   .49   .74   .45   .85
% NE      5.79  5.21  5.05  5.23  3.63  2.59  2.47  3.86  5.59  5.21  5.06  4.13
MEAN      4.77  4.75  5.15  5.08  4.88  4.86  3.84  3.94  4.49  4.47  4.90  4.41
STD DEV   2.02  2.12  2.23  2.11  2.10  1.88  1.59  1.74  2.07  2.04  2.02  1.83
SKEW       .66   .73   .70   .51   .68   .30   .65   .98   .75   .77   .51   .68
% ENE     4.53  5.67  5.14  5.52  4.83  3.42  3.38  3.48  6.40  4.69  3.85  3.06
MEAN      4.36  4.32  4.75  4.84  4.63  4.60  4.11  4.19  4.29  4.29  4.33  3.88
STD DEV   1.60  1.69  1.89  1.91  1.91  1.83  1.63  1.64  1.76  1.68  1.83  1.47
SKEW       .59   .60   .55   .67   .68   .51   .59   .75   .76   .69   .82   .95
% E       2.89  4.23  4.22  4.43  4.76  3.96  4.19  4.20  6.21  3.86  2.78  2.04
MEAN      3.93  3.98  4.42  4.63  4.70  4.53  4.23  4.20  4.07  3.88  4.00  3.83
STD DEV   1.46  1.44  1.62  1.78  1.91  1.66  1.83  1.61  1.55  1.48  1.51  1.43
SKEW       .40   .42   .31   .50   .80   .37   .96   .50   .61   .35   .65   .32
% ESE     2.61  3.18  3.64  4.75  5.39  6.86  6.51  6.54  6.60  3.29  2.58  1.83
MEAN      3.99  3.97  4.54  4.97  4.90  4.88  4.67  4.57  4.31  4.07  4.04  3.48
STD DEV   1.44  1.43  1.85  1.97  2.08  1.79  1.79  1.70  1.53  1.74  1.56  1.28
SKEW       .43   .39   .55   .59   .73   .49   .47   .62   .52   .75   .70   .34
% SE      2.56  3.71  4.74  5.57  7.63 10.09  9.82 10.08  8.39  5.84  2.87  2.31
MEAN      3.92  4.39  4.78  5.21  5.34  5.39  4.68  4.43  4.41  4.30  3.98  3.73
STD DEV   1.55  1.90  1.85  2.11  2.28  2.03  1.73  1.58  1.55  1.64  1.63  1.54
SKEW       .57   .83   .49   .53   .74   .55   .45   .51   .42   .53   .59  1.16
% SSE     5.16  6.12  7.86  9.83 14.33 20.43 20.68 15.01 12.29  9.98  4.95  4.56
MEAN      4.65  5.36  5.69  6.07  6.29  5.97  5.23  4.77  4.70  4.86  4.67  4.65
STD DEV   1.96  2.23  2.36  2.30  2.46  2.05  1.87  1.64  1.70  1.87  2.06  2.02
SKEW       .52   .68   .81   .26   .44   .32   .49   .44   .50   .53   .96   .63
% S       5.34  6.52  8.92 10.88 13.96 18.84 18.59 16.32 12.62 12.06  6.62  6.08
MEAN      4.88  5.27  5.70  6.00  5.93  5.75  4.91  4.64  4.71  4.82  4.92  4.99
STD DEV   2.01  2.15  2.19  2.35  2.42  2.07  1.75  1.64  1.69  1.82  2.05  2.08
SKEW       .46   .63   .40   .51   .95   .45   .48   .49   .45   .54   .87   .70
% SSW     9.65  8.51  9.43  9.79 11.04 13.33 12.42 12.84 10.25 11.72 10.11  9.62
MEAN      5.27  5.55  5.99  6.03  5.66  5.75  4.83  4.57  4.79  5.12  5.38  5.42
STD DEV   2.13  2.34  2.72  2.40  2.11  2.03  1.81  1.68  1.71  2.12  2.10  2.30
SKEW       .51   .52   .95   .66   .35   .30   .42   .56   .22   .76   .64   .62
% SW      9.58  7.74  6.85  5.44  5.13  3.64  4.26  5.51  4.36  6.51  9.28  8.86
MEAN      5.65  5.71  5.95  5.39  5.15  5.14  3.99  3.82  4.19  4.37  4.72  5.02
STD DEV   2.49  2.79  2.74  2.23  2.14  2.12  1.73  1.54  1.83  1.88  2.01  2.28
SKEW       .45   .70   .58   .48   .56   .29   .76   .59   .71   .67   .72   .81
% WSW    13.64 10.47 10.99  8.65  5.61  3.49  2.31  3.08  2.69  5.66  9.85 12.29
MEAN      6.21  6.25  6.96  6.57  5.74  5.58  3.49  4.03  3.76  4.65  5.68  6.08
STD DEV   2.75  2.92  3.23  2.87  2.46  2.32  1.48  1.76  1.62  2.26  2.78  2.90
SKEW       .68   .79   .72   .76   .45   .40   .82   .72   .79   .88   .91   .90
% W       7.06  6.68  6.69  4.86  2.81  1.31  1.25  1.60  1.40  3.47  6.65  9.09
MEAN      5.00  5.96  7.17  6.44  5.44  4.35  3.33  3.38  3.26  4.14  4.89  5.53
STD DEV   2.50  3.40  3.82  3.32  2.78  1.91  1.45  1.39  1.39  2.12  2.65  3.03
SKEW      1.14  1.26   .77   .85   .95   .37   .80  1.11  1.06  1.34  1.49  1.35
% WNW     5.38  5.01  5.60  3.79  2.35  1.23  1.17  1.63  1.27  2.53  4.67  6.02
MEAN      5.17  5.82  6.66  5.61  4.97  3.91  3.57  3.68  3.49  4.13  5.06  5.05
STD DEV   2.61  3.06  3.41  2.62  2.06  1.64  1.74  1.67  1.33  2.12  2.57  2.62
SKEW      1.03   .84   .70   .68   .52   .39  1.00   .74   .24   .96   .99  1.25
% NW      3.25  3.85  3.09  2.79  1.97   .87  1.13  1.23  1.35  1.89  3.39  3.71
MEAN      4.90  4.96  6.01  4.98  4.63  3.36  3.41  3.32  3.30  3.72  4.52  4.61
STD DEV   2.50  2.10  3.04  2.22  1.94  1.40  1.42  1.36  1.55  1.67  2.12  2.23
SKEW       .66   .56   .80   .92   .48   .88   .66   .52   .90   .69   .71  1.11
% NNW     4.72  5.61  3.70  4.23  3.73  1.86  1.94  2.43  2.76  3.90  5.70  5.70
MEAN      5.39  5.59  5.89  5.45  4.81  3.99  3.50  3.70  4.17  4.53  4.89  5.08
STD DEV   2.44  2.33  2.60  2.50  2.07  1.78  1.36  1.48  2.16  2.14  2.36  2.33
SKEW       .58   .37   .36   .70   .53   .62   .34   .09   .94   .71   .93   .69
CALM      8.32  7.70  5.62  4.48  5.43  3.81  5.43  6.69  9.58 10.69  9.10  9.93
                                                                                
INTERPOLATED DATA (station & weighting factor)                                  
                                                                                
---Wind Stations---                                                             
SAN ANGELO    TX     .337  SAN ANGELO    TX     .337  CARLSBAD      NM     .326 
