 Russia    Zolotoj                                                              
 LATT=  47.32 LONG= 138.98 YEARS= 20. TYPE= 4
 ELEVATION =  138. TP5 = 1.29 TP6= 5.07
 MEAN P    .20   .19   .26   .31   .35   .26   .33   .34   .37   .36   .31   .22
 S DEV P   .28   .25   .32   .45   .53   .57   .53   .67   .65   .56   .47   .27
 SKEW  P  1.98  2.13  1.63  2.94  3.16  6.54  2.81  4.98  3.95  3.00  2.55  2.03
 P(W/W)    .41   .50   .50   .51   .52   .59   .58   .56   .47   .45   .37   .42
 P(W/D)    .11   .08   .18   .22   .30   .28   .35   .29   .25   .19   .11   .09
 TMAX AV 11.55 17.80 30.70 44.09 56.67 64.20 70.18 71.71 64.86 49.23 29.22 12.90
 TMIN AV -9.25 -4.53 10.50 26.48 37.82 48.24 56.23 57.44 45.86 31.20 13.56 -4.88
 SD TMAX  7.81  8.32  8.20  8.73  9.96  8.78  7.18  6.40  6.67  8.25 10.53  8.35
 SD TMIN  8.96  9.00 10.06  6.35  5.75  5.88  4.80  5.33  7.32  6.70 11.42  9.31
 SOL.RAD  134.  220.  313.  392.  436.  445.  414.  377.  318.  214.  142.  110.
 SD SOL   35.4  56.2  83.2 117.6 156.0 166.6 156.8 132.7 104.4  72.7  41.4  25.5
 MX .5 P   .01   .01   .14   .22   .59   .47   .93   .65   .51   .24   .08   .02
 DEW PT -10.03 -5.37  9.89 24.56 38.27 50.18 57.75 58.51 46.90 27.94  8.78 -7.09
Time Pk   .250  .360  .450  .530  .600  .670  .720  .790  .850  .900  .950 1.000
% N      10.01  8.39  7.12  8.02  5.81  4.11  4.23  5.80  5.09  6.62  7.84  8.46
MEAN      4.52  4.77  4.55  4.49  4.37  3.78  3.66  3.42  3.47  3.82  4.03  4.38
STD DEV   2.48  2.67  2.29  2.18  2.32  1.83  1.81  1.62  1.48  1.96  2.02  2.46
SKEW       .81   .87   .62   .61   .83   .59   .77   .73   .56  1.10   .51   .87
% NNE    13.69 13.59 11.08  9.00  7.54  5.60  3.49  5.92  5.43  8.75  9.28  9.88
MEAN      4.78  4.63  5.02  4.63  4.51  4.17  3.24  3.84  3.75  4.23  3.98  4.53
STD DEV   2.32  2.32  2.32  2.16  2.17  1.84  1.31  1.76  1.71  2.00  1.76  2.26
SKEW       .51   .95   .58   .49   .56   .42   .36   .50   .76   .64   .54   .77
% NE      8.16  9.50  8.77  5.76  6.38  4.02  2.61  4.47  5.15  6.25  6.88  5.11
MEAN      4.00  4.28  4.87  4.13  4.37  3.86  3.33  3.69  3.96  4.21  3.73  3.93
STD DEV   2.16  2.19  2.16  1.86  1.93  1.61  1.51  1.57  1.99  1.89  1.81  2.07
SKEW       .82  1.23   .51   .42   .46   .62   .51   .32   .72   .66   .83   .71
% ENE     2.80  4.09  4.68  3.39  3.59  2.55  1.48  2.34  2.18  2.50  3.14  2.42
MEAN      3.32  3.77  4.71  3.87  3.92  3.98  3.38  3.69  3.93  4.03  4.17  3.65
STD DEV   1.72  1.79  2.03  1.75  1.79  1.64  1.38  1.38  1.60  1.75  2.18  2.00
SKEW       .77   .85   .26   .57   .53   .38   .62   .42   .36   .55   .92   .82
% E       1.03  1.32  2.04  1.33  2.40  1.87   .95  1.62  1.26  1.03  1.78  1.51
MEAN      2.36  2.70  4.09  2.82  3.01  3.07  2.86  2.77  3.32  3.03  3.69  3.80
STD DEV   1.02  1.33  2.01  1.34  1.30  1.36  1.15  1.18  1.47  1.26  2.09  2.52
SKEW      1.08   .71   .41   .80   .38   .62   .31   .10   .88   .56   .59  1.04
% ESE     1.03  1.21  2.10  2.54  3.40  1.80  1.40  1.34  1.28  1.49  1.65  1.39
MEAN      3.26  3.34  4.67  4.25  3.55  2.95  2.93  2.99  2.67  3.39  3.67  3.77
STD DEV   1.84  1.90  2.45  2.14  1.63  1.11  1.44  1.53  1.18  1.68  3.23  2.12
SKEW       .76  1.74   .56   .89   .91   .63   .79  1.32   .31   .59  2.40   .84
% SE      1.45  1.58  2.36  2.55  3.79  2.73  2.03  1.94  1.93  2.40  1.94  1.32
MEAN      2.70  2.87  3.89  3.47  3.12  3.22  2.99  2.69  2.68  3.35  2.76  3.58
STD DEV   1.50  1.34  1.82  1.66  1.41  1.27  1.37  1.28  1.21  1.88  1.22  1.71
SKEW      1.95   .83   .59   .71  1.09   .58   .78  1.54   .57  1.06   .70  1.00
% SSE     3.43  2.85  4.30  4.70  5.70  5.76  5.38  3.97  4.14  4.20  3.77  3.17
MEAN      3.96  3.43  4.45  3.99  3.77  3.59  3.49  3.39  3.56  3.40  3.86  4.46
STD DEV   2.38  1.78  2.20  1.99  1.71  1.46  1.56  1.52  1.62  1.72  2.11  2.92
SKEW       .93  1.27   .70   .97   .77   .30   .60   .70   .77  1.06   .91  1.40
% S       4.40  4.83  4.90  7.59  9.41 10.99 11.31 10.45  9.14  8.40  6.00  4.75
MEAN      3.64  3.87  4.07  4.07  3.91  3.85  3.63  3.63  3.81  3.61  3.79  3.85
STD DEV   2.30  2.10  1.94  1.88  1.72  1.69  1.54  1.68  1.69  1.66  1.96  1.98
SKEW      1.47  1.38   .59   .45   .59   .28   .54   .77   .54   .63   .97   .84
% SSW     5.11  5.18  5.24  8.87 11.80 16.34 15.64 12.36 14.26 11.29  8.45  7.34
MEAN      4.44  4.16  4.58  4.83  4.68  4.47  4.22  4.29  4.69  4.30  4.80  4.92
STD DEV   2.19  1.83  1.79  1.97  2.00  1.71  1.65  1.71  1.96  1.81  2.38  2.20
SKEW       .76   .59   .59   .47   .57   .31   .26   .57   .46   .37   .84   .75
% SW      5.46  4.74  4.33  6.38  7.16  9.40 10.23  9.62 10.57  8.78  7.21  7.90
MEAN      3.93  3.90  4.14  4.50  4.06  3.84  3.95  3.94  4.12  4.06  4.19  4.24
STD DEV   1.85  1.76  1.92  2.17  1.87  1.61  1.75  1.66  1.80  1.74  1.91  2.10
SKEW       .59   .69   .68   .80   .58   .41   .60   .47   .55   .58   .57   .97
% WSW     3.66  2.77  2.90  4.00  3.85  5.02  5.88  4.61  4.88  4.39  4.49  5.19
MEAN      4.07  3.88  4.47  4.49  4.38  3.93  3.98  3.75  3.80  4.15  4.19  4.30
STD DEV   1.93  1.56  2.02  2.08  2.04  1.68  1.81  1.65  1.67  1.90  1.93  2.05
SKEW       .51  -.07   .50   .44   .49   .59   .74   .80   .56   .61   .65   .48
% W       4.65  3.78  4.51  4.79  4.41  3.93  5.72  6.18  4.72  3.90  5.28  5.17
MEAN      4.72  4.52  4.69  4.41  4.00  3.73  3.83  3.88  3.88  3.84  3.96  4.57
STD DEV   2.46  2.08  2.31  2.02  1.97  1.79  1.72  1.86  1.58  1.79  1.97  2.27
SKEW       .43   .29   .34   .47   .51   .67   .60   .82   .44   .64   .74   .58
% WNW     8.66  9.80 10.08  8.70  5.50  7.11  8.99  8.56  8.36  7.72  7.66  9.88
MEAN      6.24  6.70  6.36  5.59  4.87  5.17  4.51  4.68  4.88  5.29  5.26  6.03
STD DEV   2.88  3.32  3.18  2.68  2.47  2.37  2.00  2.10  2.18  2.32  2.39  2.81
SKEW       .60   .57  1.02   .59   .86   .48   .61   .78   .55   .52   .53   .38
% NW      8.70  8.87 11.97  7.56  6.04  5.22  8.38  8.27  7.72  8.14  8.07 10.15
MEAN      6.20  6.74  6.42  5.62  5.52  5.31  4.95  4.55  4.92  5.55  4.97  5.67
STD DEV   3.18  3.07  2.90  2.64  2.78  2.48  2.19  2.07  2.39  2.55  2.60  2.76
SKEW       .61   .18   .45   .50   .85   .53   .47   .64   .69   .49   .93   .50
% NNW     8.64  9.19  8.51  9.10  6.73  5.91  6.07  5.81  5.57  6.75  7.88  8.40
MEAN      5.69  6.27  5.61  5.63  5.60  5.27  4.73  4.33  4.90  5.27  4.91  5.19
STD DEV   2.78  2.92  2.57  2.68  2.52  2.42  2.04  1.95  2.36  2.57  2.45  2.56
SKEW       .55   .27   .46   .57   .43   .47   .56   .66   .87   .59   .70   .91
CALM      9.05  8.21  5.16  5.86  6.51  7.64  6.23  6.96  8.24  7.48  8.65  8.18
                                                                                
INTERPOLATED DATA (station & weighting factor)                                  
                                                                                
---Wind Stations---                                                             
AUGUSTA/STATE ME     .708  BRUNSWICK     ME     .213  BANGOR/INT    ME     .079 
