 Spain    Salamanca Aeropuerto                                                  
 LATT=  40.96 LONG=  -5.50 YEARS= 20. TYPE= 2
 ELEVATION = 2585. TP5 = 1.29 TP6= 5.04
 MEAN P    .14   .15   .14   .15   .16   .16   .17   .21   .20   .21   .15   .15
 S DEV P   .17   .16   .17   .16   .21   .17   .23   .29   .25   .24   .16   .21
 SKEW  P  2.88  2.41  2.80  2.30  3.45  1.65  2.78  1.76  2.62  2.27  1.90  3.29
 P(W/W)    .55   .57   .56   .58   .58   .35   .18   .28   .39   .59   .54   .48
 P(W/D)    .18   .14   .18   .22   .15   .12   .05   .06   .12   .18   .24   .17
 TMAX AV 47.61 50.80 56.75 61.28 69.43 79.80 84.64 84.18 76.89 66.25 53.60 48.72
 TMIN AV 34.41 34.43 38.32 42.17 47.89 55.56 58.62 58.34 53.37 47.56 39.52 35.23
 SD TMAX  5.29  6.76  7.77  8.41  9.19  8.84  6.54  6.51  7.17  7.92  6.23  4.95
 SD TMIN  6.23  5.51  5.73  5.12  5.76  5.72  4.46  4.50  4.77  5.83  6.46  6.46
 SOL.RAD  162.  237.  334.  452.  570.  644.  667.  581.  424.  267.  170.  142.
 SD SOL   56.0  84.2 111.6 131.5 135.1 124.4  88.6  89.0 101.9  93.7  61.6  46.3
 MX .5 P   .14   .08   .15   .22   .28   .30   .21   .19   .22   .20   .20   .06
 DEW PT  35.01 33.90 35.53 39.03 42.50 46.63 47.78 47.88 46.31 44.67 39.58 35.84
Time Pk   .120  .220  .320  .400  .480  .570  .650  .740  .820  .890  .960 1.000
% N       6.17  5.90  5.41  5.05  4.69  2.98  1.24  1.62  4.12  6.32  6.79  6.20
MEAN      4.65  4.38  4.87  4.09  4.34  3.97  2.84  2.77  3.79  4.25  4.06  3.77
STD DEV   3.07  2.63  3.08  2.48  2.31  2.26  1.36  1.02  2.23  2.58  2.46  2.19
SKEW      1.13   .99  1.23  1.19   .73  1.43   .87   .58  1.43  1.01  1.21  1.22
% NNE     2.20  2.22  1.98  1.87  2.10  1.95  1.75  1.08  1.78  2.24  2.18  2.35
MEAN      2.71  3.33  3.46  3.02  3.29  3.50  2.51  2.44  2.86  3.31  2.68  2.82
STD DEV   1.40  1.88  1.95  1.67  1.55  1.98   .70  1.06  1.51  1.79  1.34  1.43
SKEW      1.64  1.36  1.50  1.43   .63   .85   .57   .61  1.52   .97  1.58  1.40
% NE      1.33  1.52  1.03  1.31  1.28  1.30  1.39  1.30  1.57  1.39  1.43  1.75
MEAN      2.30  2.48  2.63  2.35  2.93  2.99  2.51  2.21  2.37  2.33  2.24  2.43
STD DEV    .88  1.04  1.22  1.07  1.30  1.69   .97   .78   .99  1.09   .82  1.08
SKEW       .82  1.02   .79  1.69   .47   .78   .83   .27  1.05  1.17   .67  1.18
% ENE      .97  1.13   .90  1.19  1.03  1.48  1.64  1.54  1.33  1.04  1.12  1.29
MEAN      2.33  2.40  2.62  2.25  2.49  2.32  1.85  2.49  2.35  2.13  2.18  2.30
STD DEV    .89   .89  1.23   .76   .81   .99   .66   .53   .88   .72   .73  1.02
SKEW       .66   .62  1.25   .79  -.08   .79   .86   .72   .48   .30   .47   .79
% E       2.01  3.00  2.15  2.88  3.13  2.95  3.96  5.23  3.02  2.59  2.46  2.28
MEAN      2.30  2.42  2.34  2.31  2.62  2.73  2.70  2.88  2.36  2.21  2.32  2.26
STD DEV    .85   .87   .94   .92  1.12  1.10   .95  1.34   .93   .80   .85   .86
SKEW       .40   .57   .58   .58   .63   .41  -.54   .65   .68   .54   .55   .51
% ESE     4.08  5.04  4.94  6.16  6.31  7.89 10.11  9.05  7.95  5.48  4.79  4.81
MEAN      2.99  3.12  3.17  3.13  3.24  3.23  3.30  3.45  2.95  2.70  2.87  2.95
STD DEV   1.24  1.38  1.35  1.33  1.30  1.36  1.36  1.44  1.15  1.07  1.22  1.37
SKEW       .86   .86   .75  1.28   .46   .61   .55   .58   .67   .72   .81  1.36
% SE      8.75  9.49 10.31 10.34 10.17 10.04 10.60 10.81 10.82  8.09  8.12  8.94
MEAN      4.16  4.11  4.06  3.66  3.58  3.59  3.67  3.60  3.34  3.27  3.76  4.18
STD DEV   2.31  2.27  2.23  1.73  1.44  1.42  1.49  1.52  1.40  1.57  2.09  2.63
SKEW      1.42  1.53  1.74  1.34   .50   .59   .48   .52   .63  1.62  1.52  1.63
% SSE    14.89 12.10 13.25 11.63 11.37 13.17 14.86 13.79 11.64  8.64 10.26 12.93
MEAN      6.24  5.42  5.07  4.05  3.90  3.66  3.56  3.61  3.48  4.21  5.32  5.85
STD DEV   3.60  3.04  2.78  2.00  1.65  1.37  1.31  1.52  1.52  2.28  3.08  3.58
SKEW       .94   .93  1.27  1.30   .83   .49   .44   .76  1.46  1.68  1.14  1.17
% S       7.96  7.73  9.98  9.75 12.21 14.25 16.47 15.14 10.08  6.97  5.77  6.46
MEAN      4.55  4.37  4.16  3.87  3.80  4.13  3.76  3.68  3.34  3.62  4.31  4.40
STD DEV   2.87  2.55  2.29  1.82  1.61  1.68  1.55  1.57  1.42  2.05  2.68  2.71
SKEW      1.25  1.21  1.36   .81   .59   .52   .65   .63   .61  2.02  1.42  1.20
% SSW     3.30  3.98  6.39  7.23  8.83  9.70 10.82  9.97  7.22  5.22  3.33  3.29
MEAN      4.22  4.01  4.16  3.96  4.14  4.30  3.88  3.74  3.39  3.88  3.65  4.46
STD DEV   2.49  2.06  1.97  1.86  1.82  1.73  1.57  1.54  1.51  2.12  2.12  2.86
SKEW      1.15   .93   .66   .75   .66   .42   .55   .92   .79  1.00  1.03  1.24
% SW      2.24  3.01  4.36  5.52  7.21  7.44  7.93  7.00  5.69  3.77  2.75  2.28
MEAN      3.53  3.72  3.90  3.75  4.07  4.12  3.77  3.49  3.37  3.30  3.02  3.71
STD DEV   2.16  2.03  2.05  1.95  1.84  1.84  1.64  1.38  1.63  1.87  1.60  2.53
SKEW      1.41   .95   .98  1.25   .70   .70   .64   .47  1.05  1.37  1.29  1.38
% WSW     3.77  4.95  4.83  4.59  4.84  4.41  3.46  3.85  4.68  4.80  5.38  3.64
MEAN      3.21  3.32  3.98  3.61  3.93  3.67  3.52  3.44  3.18  2.87  2.96  3.05
STD DEV   1.66  1.81  2.04  1.84  1.90  1.74  1.47  1.60  1.44  1.44  1.68  1.56
SKEW       .99  1.84   .87   .93  1.01   .96   .62   .82   .96  1.31  1.92  1.73
% W       2.08  3.03  2.70  3.25  3.37  3.07  2.68  3.04  3.36  3.74  3.63  2.50
MEAN      2.65  2.66  3.08  3.02  3.24  3.15  2.99  2.82  2.67  2.43  2.45  2.54
STD DEV   1.41  1.14  1.64  1.61  1.50  1.35  1.21  1.08  1.15  1.11  1.06  1.29
SKEW      1.73  1.12  1.23  1.48  1.33   .74   .92   .58  1.41  1.62  1.83  1.48
% WNW     3.75  3.66  3.77  3.57  3.45  3.15  2.19  2.67  3.66  4.05  3.54  3.48
MEAN      2.65  2.74  3.16  2.98  3.54  3.21  3.05  2.69  2.71  2.71  2.53  2.54
STD DEV   1.18  1.25  1.45  1.26  1.61  1.26  1.06   .98  1.05  1.32  1.02  1.00
SKEW      1.09  1.34   .96  1.00  1.08   .64   .36   .79   .60  1.25   .88   .68
% NW      4.99  5.08  4.78  4.75  4.65  3.28  2.07  2.53  4.08  4.97  4.62  4.69
MEAN      3.46  3.51  3.83  3.51  3.84  3.61  2.94  2.86  3.10  3.39  3.00  3.12
STD DEV   1.97  1.87  1.95  1.82  2.01  1.72  1.10  1.09  1.32  1.93  1.51  1.68
SKEW      1.53  1.12   .81  1.41  1.17   .91   .42   .55   .96  1.35  1.24  1.49
% NNW    10.73  8.89  9.92  8.00  6.55  5.24  2.00  2.15  5.15  8.45  9.33  8.56
MEAN      4.94  4.71  5.33  4.73  4.98  4.72  3.36  3.06  4.09  4.75  4.68  3.86
STD DEV   3.11  2.63  2.76  2.57  2.51  2.49  1.38  1.28  2.38  2.94  2.83  2.15
SKEW      1.23  1.01   .71   .98   .72   .91   .71   .99  1.51  1.01  1.04  1.21
CALM     20.67 19.27 13.30 12.94  8.73  7.71  6.83  9.28 13.89 22.21 24.41 24.58
                                                                                
INTERPOLATED DATA (station & weighting factor)                                  
                                                                                
---Wind Stations---                                                             
SACRAMENTO/MA.CA     .340  SACRAMENTO/MC.CA     .340  WILLIAMS      CA     .321 
