 Sweden    Skagsudde A                                                          
 LATT=  63.19 LONG=  19.02 YEARS= 20. TYPE= 1
 ELEVATION =   26. TP5 = 1.10 TP6= 2.77
 MEAN P    .07   .08   .08   .12   .13   .16   .22   .25   .21   .18   .11   .10
 S DEV P   .08   .09   .10   .14   .14   .23   .26   .34   .26   .24   .13   .12
 SKEW  P  2.60  2.34  2.11  2.13  1.87  4.01  2.16  3.20  2.29  2.69  2.62  2.44
 P(W/W)    .55   .55   .43   .46   .53   .39   .43   .42   .47   .53   .59   .60
 P(W/D)    .32   .23   .21   .21   .23   .27   .26   .30   .25   .29   .37   .36
 TMAX AV 27.86 27.41 32.81 41.30 50.40 58.83 65.82 63.98 56.39 45.05 36.84 31.99
 TMIN AV 19.85 18.94 22.81 31.31 39.82 48.14 55.32 53.97 47.13 37.65 30.80 24.55
 SD TMAX  8.85  9.54  7.04  5.32  5.95  4.99  4.88  4.68  4.73  5.80  6.51  8.14
 SD TMIN  9.90 10.74  8.78  4.58  4.66  4.14  3.85  4.42  5.27  6.27  7.39  9.16
 SOL.RAD   13.   60.  173.  310.  423.  473.  448.  335.  202.   79.   22.    5.
 SD SOL    7.5  28.4  62.8 101.0 129.6 136.2 133.0 112.4  76.2  39.8  14.2   1.9
 MX .5 P   .07   .05   .08   .13   .28   .34   .62   .45   .30   .19   .15   .09
 DEW PT  20.01 19.23 22.22 29.52 37.08 44.77 53.26 52.71 45.86 36.53 30.15 24.40
Time Pk   .250  .360  .450  .530  .600  .670  .720  .790  .850  .900  .950 1.000
% N       3.81  5.49  5.28  4.81  3.89  5.42  5.27  5.69  4.78  2.99  3.12  3.02
MEAN      4.58  3.56  4.08  3.94  4.06  3.66  3.31  3.75  4.43  5.19  4.89  4.05
STD DEV   2.21  1.41  1.75  1.60  1.66  1.30  1.14  1.58  2.07  2.11  2.11  1.98
SKEW       .77   .67   .85   .78   .68   .56   .45   .92   .84   .52   .39   .55
% NNE     4.00  3.06  4.83  5.24  3.88  4.08  4.64  4.83  4.33  3.72  2.44  4.65
MEAN      4.95  3.80  4.94  4.57  4.58  4.29  4.01  4.64  5.21  5.85  4.83  4.31
STD DEV   2.79  1.39  1.83  1.71  1.71  1.49  1.35  1.84  1.96  2.55  1.88  1.66
SKEW      1.22   .49   .38   .74   .56   .56   .44   .58   .28   .84   .52   .66
% NE      8.31  9.94 13.62 13.52 12.17  7.32  6.34  7.27  8.54 11.27 11.75 11.96
MEAN      4.96  4.66  5.37  5.34  5.40  4.63  5.17  5.57  5.71  6.53  6.03  5.17
STD DEV   2.29  2.06  2.19  2.02  2.07  1.56  1.94  2.52  2.28  2.71  2.95  2.65
SKEW      1.04   .96   .61   .46   .54   .56   .29   .54   .61   .42   .70  1.05
% ENE    12.04 15.51 17.31 16.38 19.36 15.69 12.18 11.09 14.63 16.54 17.42 16.42
MEAN      5.92  5.56  6.12  5.89  6.17  5.88  6.26  6.60  6.78  6.95  7.10  5.91
STD DEV   2.76  2.39  2.49  2.48  2.25  1.99  2.03  2.84  2.44  3.01  3.06  2.73
SKEW       .58   .65   .63   .69   .57   .32   .19   .66   .13   .35   .37   .68
% E      11.78 14.90 14.05 14.32 18.86 21.01 17.17 17.55 16.65 14.55 16.21 13.26
MEAN      6.08  5.56  5.73  5.84  5.87  6.30  6.12  6.73  6.28  6.38  6.65  5.45
STD DEV   3.02  2.78  2.79  2.67  2.28  2.05  2.05  2.79  2.44  3.18  3.21  2.89
SKEW      1.07   .93  1.12   .47   .49   .20   .09   .53   .32   .54   .37  1.00
% ESE    10.43  6.93  6.18  7.93 10.41  8.46  6.00 10.19 10.84  8.93  8.26  6.43
MEAN      6.82  5.89  5.77  6.23  6.04  5.82  5.68  6.29  6.26  5.65  5.78  5.45
STD DEV   3.62  3.08  2.85  3.09  2.31  2.07  2.04  2.42  2.56  2.77  2.96  3.01
SKEW       .97   .58   .85   .46   .26   .37   .50   .45   .42   .89   .87   .76
% SE      5.03  3.88  3.87  4.78  5.56  4.32  3.58  4.85  5.83  6.79  5.56  4.83
MEAN      5.11  4.48  4.48  4.85  5.06  4.80  5.27  4.93  4.83  5.03  4.91  4.99
STD DEV   2.67  2.59  2.46  2.46  2.22  1.70  1.94  1.73  2.04  2.32  2.71  3.02
SKEW      1.14  1.10   .89   .90   .60   .19   .18   .52   .83   .97  1.09   .98
% SSE     2.63  1.97  1.69  2.64  2.20  1.94  2.60  2.77  3.80  5.20  3.73  2.61
MEAN      4.44  3.65  3.96  4.51  4.07  4.36  5.03  4.73  4.72  4.82  4.62  4.01
STD DEV   2.21  1.65  1.82  2.05  1.71  1.59  1.61  1.70  1.64  1.94  2.38  2.36
SKEW       .75   .67   .27   .46   .46   .19   .08   .65   .42   .78   .87  1.03
% S       5.71  3.53  3.87  5.23  3.48  2.37  2.97  3.39  5.18  8.10  6.81  4.92
MEAN      4.91  4.21  4.05  4.48  4.30  4.13  5.07  4.84  4.63  5.15  5.01  3.87
STD DEV   2.60  2.18  1.63  2.13  1.99  1.53  1.85  2.08  1.85  1.98  2.28  2.09
SKEW      1.19  1.22   .23  1.07   .94   .46   .51   .71   .38   .41  1.08  1.52
% SSW     5.00  3.96  4.25  3.81  2.62  2.01  2.70  2.53  2.71  4.22  3.96  3.59
MEAN      5.11  4.51  4.47  4.83  4.54  4.78  5.68  5.75  5.81  5.62  6.01  4.38
STD DEV   2.38  1.94  1.42  2.03  1.84  1.80  2.18  2.21  2.44  2.33  2.85  1.94
SKEW      1.11  1.59   .09   .79   .84   .30   .21   .28   .47   .62   .97   .92
% SW      4.96  4.55  4.35  3.64  2.94  4.25  6.79  4.41  3.27  2.91  2.63  4.07
MEAN      5.00  4.87  4.24  4.61  4.77  4.93  5.45  5.43  5.47  6.05  6.48  4.44
STD DEV   2.91  3.06  1.58  1.95  2.32  1.84  2.06  1.99  2.47  2.40  3.86  2.96
SKEW      1.27  1.83   .93   .74  1.10   .82   .74   .42   .90   .12   .82  2.34
% WSW     5.48  4.21  4.16  2.79  2.53  6.18  9.17  6.12  2.79  2.13  3.08  4.43
MEAN      5.81  5.42  5.19  4.98  5.10  5.48  5.83  5.86  5.53  6.84  6.25  5.24
STD DEV   3.21  3.48  2.21  2.49  2.60  2.20  2.27  2.41  2.48  2.60  3.56  3.00
SKEW      1.13  2.00   .67   .80  1.27   .94   .59   .72   .50   .47  1.11   .75
% W       6.96  7.27  6.08  4.13  3.28  6.01  8.80  6.86  4.31  3.25  4.37  6.92
MEAN      5.41  5.31  5.27  5.23  4.73  4.68  5.03  5.07  5.18  6.83  6.48  5.65
STD DEV   2.93  2.79  3.21  2.44  2.07  1.93  2.26  2.25  2.23  3.49  3.67  3.04
SKEW      1.13   .81  2.80   .47   .60   .60   .74   .69   .50  1.69  1.78   .64
% WNW     4.80  5.24  3.76  3.13  2.01  3.49  4.27  4.50  3.85  3.22  3.98  3.92
MEAN      5.17  4.99  5.22  4.69  4.25  4.22  4.28  5.22  5.74  6.27  6.59  5.60
STD DEV   2.69  2.48  2.47  2.12  1.76  1.62  2.14  2.53  2.29  2.40  3.33  2.98
SKEW       .87  1.06  1.09  1.16   .66   .86  1.19  1.10   .14   .44   .63  1.17
% NW      4.12  3.95  2.83  3.39  2.98  3.36  4.00  3.91  4.03  2.73  3.12  3.54
MEAN      4.35  3.73  3.90  4.06  3.91  3.93  3.90  4.29  5.17  5.77  5.13  4.31
STD DEV   1.73  1.91  1.87  1.72  1.52  1.84  1.82  1.75  2.35  2.47  2.77  2.49
SKEW       .67  1.59  1.21   .92   .36  1.11   .94   .45   .57   .64   .86   .94
% NNW     3.31  3.79  2.30  2.77  2.69  3.35  2.57  3.25  3.19  2.24  2.45  2.36
MEAN      4.35  3.67  3.63  3.72  4.27  4.01  3.52  4.28  5.06  5.21  5.00  4.20
STD DEV   1.76  1.58  1.55  1.40  1.84  1.61  1.25  1.68  2.29  2.23  2.23  2.37
SKEW       .54  1.02   .71   .73   .40  1.22   .71   .63   .75   .67   .90   .98
CALM      1.57  1.97  1.61  1.48  1.18   .76   .87   .84  1.27  1.28  1.11  3.26
                                                                                
INTERPOLATED DATA (station & weighting factor)                                  
                                                                                
---Wind Stations---                                                             
BARROW        AK    1.000  BETTLES       AK     .000  KOTZEBUE      AK     .000 
