 United States    Princeton                                                     
 LATT=  41.37 LONG= -89.45 YEARS= 20. TYPE= 3
 ELEVATION =  719. TP5 = 2.35 TP6= 5.04
 MEAN P    .26   .25   .30   .41   .46   .47   .49   .51   .52   .34   .33   .27
 S DEV P   .31   .30   .32   .50   .53   .56   .56   .55   .86   .44   .38   .36
 SKEW  P  2.41  2.09  1.97  2.86  2.10  2.12  1.69  1.73  4.31  3.04  1.98  2.48
 P(W/W)    .36   .37   .41   .48   .49   .45   .35   .40   .42   .46   .42   .41
 P(W/D)    .19   .25   .23   .27   .31   .28   .22   .22   .19   .23   .20   .22
 TMAX AV 31.71 35.24 49.57 62.77 72.74 80.78 83.63 81.94 76.88 63.53 49.29 35.90
 TMIN AV 17.43 20.07 31.42 42.09 53.10 62.57 65.96 63.86 56.66 45.24 33.81 22.58
 SD TMAX 12.07 12.41 12.49 10.90  9.14  6.43  5.57  5.29  8.17 10.55 11.08 11.65
 SD TMIN 13.49 12.64 11.42  9.58  8.83  6.77  6.09  6.13  8.71  9.66 10.35 12.58
 SOL.RAD  153.  222.  302.  397.  459.  529.  535.  470.  385.  246.  164.  128.
 SD SOL   49.8  73.5 100.5 136.9 146.0 139.6 119.9 120.8 108.0  92.6  62.8  43.5
 MX .5 P   .25   .30   .33   .60   .89   .98  1.13   .95   .80   .46   .32   .30
 DEW PT  16.52 18.65 28.45 37.49 49.63 59.50 64.17 62.82 55.10 42.20 31.25 21.94
Time Pk   .150  .260  .350  .450  .530  .620  .700  .770  .840  .900  .960 1.000
% N       5.29  5.32  5.43  5.98  6.16  5.21  5.69  6.65  5.10  4.92  3.59  3.40
MEAN      5.20  5.36  5.42  5.33  4.98  4.13  3.80  3.80  4.29  4.51  4.97  4.86
STD DEV   2.00  2.42  2.36  2.10  2.09  1.73  1.52  1.54  1.69  1.78  2.17  2.21
SKEW       .41   .50   .56   .55   .35   .36   .44   .52   .38   .30   .45   .57
% NNE     4.31  4.55  5.83  7.15  7.98  5.91  6.51  7.29  5.31  5.19  2.50  2.78
MEAN      5.00  5.07  5.36  5.37  5.12  4.47  4.17  3.97  4.33  4.47  4.65  5.15
STD DEV   2.01  2.32  2.17  1.96  1.99  1.77  1.61  1.62  1.81  1.71  1.78  2.25
SKEW       .47   .89   .49   .30   .32   .41   .48   .51   .40   .55   .45   .33
% NE      3.23  4.37  5.30  5.32  6.31  5.36  6.63  7.28  5.54  4.47  2.36  2.40
MEAN      4.87  4.93  5.32  5.29  4.72  4.02  3.64  3.81  4.02  3.87  4.21  4.76
STD DEV   2.14  2.07  2.14  2.18  1.87  1.68  1.40  1.51  1.64  1.75  1.63  2.22
SKEW       .50   .47   .36   .32   .35   .67   .18   .39   .69   .65   .66   .66
% ENE     3.56  4.83  5.43  5.36  5.44  4.31  4.88  5.21  4.39  3.59  2.03  2.59
MEAN      4.82  5.31  5.78  5.48  4.73  4.11  3.64  3.79  3.96  4.05  4.30  4.69
STD DEV   1.92  2.26  2.24  2.22  1.89  1.66  1.45  1.45  1.72  1.77  2.01  1.98
SKEW       .39   .51   .32   .32   .42   .36   .35   .21   .66   .66   .66   .74
% E       2.71  3.76  3.87  4.43  3.81  3.25  3.64  3.49  3.14  3.17  1.63  2.46
MEAN      4.61  4.72  5.45  5.16  4.39  3.63  3.03  3.06  3.20  3.33  3.46  4.24
STD DEV   1.76  1.95  2.33  2.21  1.92  1.57  1.33  1.35  1.39  1.43  1.53  1.74
SKEW       .11   .34   .43   .35   .33   .57   .50   .48   .43   .37   .26   .35
% ESE     3.52  3.45  3.80  4.28  3.83  2.96  3.05  2.97  2.98  3.07  2.01  3.13
MEAN      4.80  4.99  5.33  5.24  4.54  3.90  3.32  3.51  3.46  3.70  3.81  4.44
STD DEV   1.68  1.89  2.13  2.25  1.86  1.53  1.32  1.42  1.37  1.60  1.55  1.54
SKEW       .27   .24   .44   .42   .39   .21   .33   .15   .35   .68   .63   .32
% SE      4.11  3.91  4.09  4.34  4.39  4.19  4.37  4.13  4.63  4.72  3.55  5.08
MEAN      4.93  4.95  4.96  5.02  4.33  3.83  3.37  3.28  3.55  3.58  4.19  4.84
STD DEV   2.18  1.97  2.06  2.41  1.98  1.71  1.31  1.30  1.53  1.68  1.84  1.99
SKEW       .77   .39   .44   .80   .72   .68   .34   .39   .82   .82   .51   .50
% SSE     5.66  5.71  5.98  5.74  5.42  6.78  5.60  4.80  6.69  6.84  6.02  6.89
MEAN      5.60  5.80  5.82  5.62  4.91  4.62  3.67  3.79  4.10  4.50  5.18  5.37
STD DEV   2.26  2.36  2.49  2.35  2.23  2.04  1.49  1.65  1.87  2.14  2.32  2.18
SKEW       .36   .44   .47   .58   .63   .71   .21   .51   .69   .75   .54   .29
% S       8.10  5.96  6.40  6.75  7.68  9.42  8.73  7.17  9.55  8.96  8.86  8.84
MEAN      5.88  5.65  6.23  6.13  5.10  4.68  3.98  3.57  4.52  4.65  5.52  5.53
STD DEV   2.73  2.42  2.82  2.67  2.46  2.09  1.85  1.63  2.24  2.30  2.78  2.63
SKEW       .64   .46   .31   .47   .73   .61   .65   .69   .82  1.02   .71   .67
% SSW    10.75  8.88  7.41  8.48  9.62 11.51 10.59  8.29  9.24 10.77 11.40 11.20
MEAN      6.32  6.33  6.75  6.79  6.12  5.59  4.79  4.20  5.14  5.55  6.05  6.28
STD DEV   2.73  2.52  2.98  2.81  2.79  2.25  2.02  1.85  2.17  2.49  2.63  2.63
SKEW       .83   .39   .30   .33   .54   .36   .37   .47   .36   .50   .51   .33
% SW      6.84  6.98  5.62  5.75  7.64  9.28  9.15  8.18  7.64  8.27  9.50  8.92
MEAN      5.63  5.71  6.16  6.13  5.36  5.19  4.57  4.25  4.53  4.98  5.39  5.54
STD DEV   2.52  2.55  2.88  2.81  2.59  2.28  2.07  1.81  2.16  2.42  2.81  2.54
SKEW       .57   .77   .49   .68   .69   .55   .63   .34   .61   .66  1.11   .73
% WSW     7.12  6.67  8.39  6.70  6.70  6.66  5.93  5.62  5.23  4.78  9.01  8.93
MEAN      6.08  6.04  6.60  6.33  5.63  5.13  4.57  4.24  4.36  4.55  5.67  5.72
STD DEV   3.00  2.77  2.88  3.07  2.40  2.25  1.94  1.70  1.92  2.16  2.52  2.65
SKEW       .90   .76   .45   .78   .51   .47   .53   .44   .65   .61   .58   .94
% W       7.57  7.30  6.87  5.86  4.49  4.62  4.21  3.94  4.62  5.24  9.08  7.38
MEAN      5.85  5.57  6.03  6.45  5.06  4.54  3.98  3.72  3.90  4.49  5.44  5.35
STD DEV   2.67  2.46  2.78  3.11  2.48  2.05  1.86  1.70  1.92  2.36  2.49  2.50
SKEW       .63   .66   .51   .61   .59   .53   .72   .73   .95   .79   .59   .81
% WNW     8.25  9.61  8.11  8.16  5.33  3.95  3.32  3.72  5.29  5.51  9.47  9.59
MEAN      6.30  6.26  6.38  6.53  5.35  4.78  4.17  4.23  4.58  5.15  5.95  5.70
STD DEV   2.38  2.41  2.50  2.44  2.28  1.99  1.74  1.67  1.93  2.34  2.34  2.22
SKEW       .47   .43   .41   .37   .58   .42   .50   .39   .60   .42   .35   .42
% NW      8.29  7.99  7.31  5.89  5.03  4.35  3.77  4.18  5.40  5.93  7.72  6.99
MEAN      6.07  5.89  5.88  6.07  4.81  4.32  4.19  3.93  4.33  4.97  5.73  5.42
STD DEV   2.21  2.30  2.45  2.47  2.04  1.83  1.69  1.63  1.70  2.08  2.38  2.14
SKEW       .23   .20   .51   .38   .50   .45   .30   .51   .49   .31   .40   .41
% NNW     6.59  6.21  5.81  5.70  5.13  4.07  3.82  3.90  4.72  5.01  5.69  4.44
MEAN      5.79  5.75  5.79  6.05  5.08  4.48  4.30  4.07  4.75  5.21  5.81  5.47
STD DEV   2.11  2.28  2.33  2.35  1.93  1.77  1.58  1.62  1.82  2.02  2.24  2.35
SKEW       .44   .45   .35   .27   .33   .33   .23   .28   .36   .40   .51   .61
CALM      4.20  4.44  4.36  4.01  5.02  8.15 10.12 13.22 10.60  9.67  5.54  4.94
                                                                                
INTERPOLATED DATA (station & weighting factor)                                  
                                                                                
---Wind Stations---                                                             
RANTOUL       IL     .479  W. LAFAYETTE  IN     .345  JOLIET        IL     .176 
