 United States    Mahanoy City 2 N                                              
 LATT=  40.83 LONG= -76.14 YEARS= 20. TYPE= 3
 ELEVATION = 1598. TP5 = 2.02 TP6= 4.11
 MEAN P    .26   .29   .37   .36   .37   .41   .49   .43   .54   .43   .36   .36
 S DEV P   .33   .36   .53   .45   .43   .55   .58   .54   .72   .65   .48   .45
 SKEW  P  2.14  2.47  3.09  2.64  2.40  4.45  1.76  2.45  2.79  3.60  2.13  2.35
 P(W/W)    .48   .46   .48   .47   .57   .51   .43   .49   .50   .52   .48   .44
 P(W/D)    .37   .35   .28   .35   .35   .37   .33   .29   .25   .31   .28   .37
 TMAX AV 33.97 37.43 46.89 60.15 70.08 77.57 82.23 80.37 74.01 61.27 49.69 38.71
 TMIN AV 21.01 22.56 30.51 41.19 51.37 59.90 64.23 63.20 56.33 45.28 35.32 27.18
 SD TMAX 10.49  9.97 10.83 10.45  8.84  6.78  5.54  5.61  7.65  9.31  9.37  9.26
 SD TMIN 11.64 10.46  9.84  8.43  8.07  6.39  5.56  5.68  7.66  8.77  8.63  9.59
 SOL.RAD  149.  220.  292.  374.  430.  480.  495.  429.  353.  236.  158.  121.
 SD SOL   50.7  76.7 101.9 138.4 150.0 142.2 123.1 120.2 119.5  90.3  59.2  40.7
 MX .5 P   .25   .29   .39   .50   .67   .73  1.14   .79   .81   .61   .41   .37
 DEW PT  17.32 18.61 24.79 35.12 47.98 57.13 60.51 59.71 54.06 43.17 31.70 23.66
Time Pk   .130  .230  .320  .410  .500  .590  .670  .750  .830  .890  .950 1.000
% N       5.84  9.03 10.95 10.03 10.00  7.91  7.26  8.74  5.93  6.92  5.92  5.42
MEAN      4.65  4.80  5.38  5.17  4.99  4.42  3.98  4.22  4.27  4.89  5.17  4.70
STD DEV   2.38  2.25  2.47  2.38  2.28  2.21  1.95  2.02  1.96  2.33  2.66  2.26
SKEW       .68   .35   .24   .36   .22   .46   .55   .44   .30   .45   .67   .34
% NNE     2.77  4.45  8.02  9.10  9.84  7.68  7.01  7.26  5.70  5.22  3.25  3.40
MEAN      4.29  4.26  5.03  4.95  4.69  4.36  4.02  4.23  4.05  4.29  4.57  4.23
STD DEV   2.10  2.09  2.15  2.03  1.79  1.80  1.65  1.77  1.69  1.81  2.10  1.92
SKEW       .45   .42   .53   .37   .17   .37   .27   .45   .38   .41   .56   .49
% NE      2.01  2.89  4.18  5.03  4.74  4.09  4.55  4.56  3.13  2.14  2.01  2.17
MEAN      3.97  3.87  4.11  4.40  4.01  3.84  3.58  3.45  3.58  3.37  4.17  4.06
STD DEV   1.83  1.82  1.98  2.01  1.67  1.60  1.49  1.41  1.52  1.48  1.89  1.69
SKEW       .32   .64   .55   .53   .38   .44   .24   .38   .50   .73   .61   .28
% ENE     1.61  2.60  3.52  3.65  3.36  2.53  2.81  2.83  2.58  1.69  1.51  2.34
MEAN      3.97  3.81  3.96  4.07  3.88  3.56  3.34  3.20  3.28  3.38  4.17  3.75
STD DEV   1.97  1.82  1.96  1.92  1.65  1.29  1.37  1.25  1.46  1.53  2.02  1.77
SKEW       .64   .62   .55   .60   .20  -.03   .13   .26   .60   .34   .20   .51
% E       2.07  2.55  3.75  5.19  4.44  3.84  3.52  3.06  2.92  2.68  1.91  2.46
MEAN      3.53  3.31  4.06  4.47  3.41  3.12  3.11  2.73  3.23  3.09  3.64  3.31
STD DEV   1.88  1.76  2.24  2.30  1.58  1.48  1.57  1.25  1.54  1.39  2.01  1.58
SKEW       .62   .78  1.05   .80   .73   .56   .60   .64   .63   .41   .63  1.02
% ESE     3.23  2.94  4.51  5.00  4.93  4.36  3.48  3.96  4.00  3.97  3.34  3.49
MEAN      3.54  3.27  3.96  4.70  4.01  3.87  3.40  3.25  3.50  3.82  3.85  3.55
STD DEV   1.76  1.70  2.05  2.16  1.70  1.74  1.49  1.47  1.53  1.86  2.02  1.64
SKEW       .69   .62   .55   .44   .41   .46   .45   .24   .29   .52   .64   .56
% SE      2.76  3.05  3.89  3.73  4.27  3.94  2.67  3.17  4.05  3.48  2.97  2.82
MEAN      3.82  4.02  4.23  4.64  4.56  4.03  3.61  3.56  3.91  4.01  4.09  3.94
STD DEV   1.91  1.89  1.87  2.06  2.07  1.70  1.60  1.50  1.90  1.99  1.91  1.97
SKEW       .55   .41   .20   .23   .41   .35   .27   .25   .75   .69   .27   .79
% SSE     3.70  3.71  3.88  4.45  5.63  5.99  4.49  4.19  5.75  5.58  4.54  3.64
MEAN      4.54  4.62  4.57  5.49  5.27  4.70  4.32  4.21  5.04  4.87  4.54  4.53
STD DEV   2.23  2.32  2.01  2.06  2.17  1.96  1.74  1.84  2.16  2.01  2.10  2.27
SKEW       .30   .23   .28   .10   .20   .16   .22   .44   .28   .24   .54   .51
% S       6.89  6.37  7.28  7.20  8.44  9.20  7.90  8.14  9.31 10.35  8.45  7.27
MEAN      4.58  4.70  4.48  5.02  5.24  4.54  4.31  4.22  4.86  4.98  4.95  4.78
STD DEV   2.24  2.41  2.17  2.34  2.34  2.11  1.86  1.97  2.12  2.18  2.20  2.30
SKEW       .45   .59   .41   .54   .28   .49   .23   .56   .25   .41   .31   .45
% SSW     8.18  6.72  4.47  4.74  6.00  8.75  9.27  8.87  9.22  9.43  9.26  7.66
MEAN      4.49  4.84  4.56  4.76  5.10  4.73  4.45  4.34  4.76  4.70  4.96  4.58
STD DEV   2.17  2.23  2.25  2.25  2.53  2.12  1.95  1.96  2.15  2.06  2.35  2.18
SKEW       .52   .30   .34   .35  1.04   .47   .43   .48   .44   .39   .50   .58
% SW      5.57  3.66  2.69  3.63  4.51  6.22  6.96  7.25  6.48  5.67  5.02  5.76
MEAN      3.83  4.14  4.39  4.73  5.03  4.58  4.03  3.97  4.23  4.33  4.29  4.18
STD DEV   1.93  2.12  2.25  2.30  2.35  2.15  1.87  1.82  2.03  2.11  2.20  2.07
SKEW       .67   .62   .52   .51   .26   .46   .46   .53   .52   .80   .81   .81
% WSW     5.39  3.47  3.19  3.86  3.97  5.40  5.27  5.40  4.93  4.12  5.19  5.23
MEAN      4.00  4.56  4.54  5.34  5.15  5.00  4.22  4.13  4.38  4.79  4.99  4.41
STD DEV   1.95  2.12  2.21  2.41  2.37  2.37  1.83  1.97  1.95  2.05  2.54  2.28
SKEW       .76   .43   .70   .34   .48   .57   .35   .62   .32   .26   .87   .99
% W       8.85  6.16  5.57  6.00  4.84  5.00  5.93  4.94  5.81  6.53  8.51  8.27
MEAN      4.31  4.19  4.55  5.32  4.98  4.70  3.60  3.64  4.08  4.57  4.51  4.02
STD DEV   2.27  2.03  2.42  2.51  2.49  2.39  1.79  1.84  2.13  2.14  2.11  1.87
SKEW       .86   .53   .79   .26   .41   .52   .71   .63   .74   .51   .56   .62
% WNW    12.32 10.36  9.40  8.43  5.95  6.18  7.09  5.64  7.62  7.42 11.26 11.73
MEAN      4.40  4.53  4.43  4.91  4.96  4.57  4.05  3.61  4.39  4.67  4.79  4.18
STD DEV   2.06  2.16  2.20  2.39  2.24  2.23  2.07  1.77  2.18  2.05  2.16  1.90
SKEW       .57   .60   .65   .38   .18   .38   .59   .60   .56   .33   .51   .63
% NW     10.07 10.01  7.18  6.00  4.92  4.68  5.65  5.21  5.92  6.80  8.66 11.31
MEAN      4.28  4.44  4.45  4.58  4.36  3.98  3.90  3.63  3.77  4.13  4.57  4.07
STD DEV   1.92  2.05  2.14  2.35  2.02  1.96  1.95  1.82  1.81  1.91  2.14  1.85
SKEW       .49   .43   .51   .41   .30   .39   .49   .66   .48   .72   .56   .48
% NNW     8.24  9.35  7.05  6.64  5.49  4.66  4.25  4.73  5.35  6.11  7.56  7.04
MEAN      4.77  4.88  5.41  4.99  4.82  4.42  3.92  3.98  4.22  4.59  4.98  4.59
STD DEV   2.09  2.21  2.35  2.30  2.25  2.15  1.92  1.90  2.18  2.08  2.37  2.03
SKEW       .46   .17   .13   .30   .29   .32   .53   .35   .67   .34   .63   .26
CALM     10.47 12.69 10.48  7.25  8.65  9.52 11.88 12.08 11.34 11.96 10.67  9.94
                                                                                
INTERPOLATED DATA (station & weighting factor)                                  
                                                                                
---Wind Stations---                                                             
WAUSAU        WI     .386  GWINN         MI     .323  MARQUETTE     MI     .290 
