 United States    Gretna 4Ne                                                    
 LATT=  41.16 LONG= -96.19 YEARS= 20. TYPE= 3
 ELEVATION = 1230. TP5 = 2.64 TP6= 6.23
 MEAN P    .12   .17   .22   .31   .38   .44   .30   .42   .36   .31   .21   .22
 S DEV P   .16   .28   .25   .41   .52   .63   .46   .60   .52   .46   .30   .35
 SKEW  P  2.22  3.28  1.41  2.38  2.58  2.38  2.83  2.66  2.51  3.06  2.10  3.06
 P(W/W)    .35   .42   .44   .50   .55   .47   .41   .46   .45   .50   .35   .42
 P(W/D)    .18   .19   .21   .27   .35   .35   .25   .26   .23   .20   .15   .18
 TMAX AV 34.81 37.73 52.75 65.13 74.95 84.21 88.25 85.57 79.31 65.43 51.50 37.18
 TMIN AV 17.57 19.20 31.75 42.85 53.82 64.50 68.55 65.77 57.52 44.70 32.42 20.80
 SD TMAX 13.01 13.78 13.68 11.57  9.55  6.80  6.27  6.23  8.42 10.95 11.95 12.37
 SD TMIN 12.13 12.49 11.59  9.94  8.48  6.54  5.96  5.88  8.93  9.63 10.15 11.36
 SOL.RAD  165.  226.  315.  410.  487.  555.  558.  478.  393.  265.  180.  145.
 SD SOL   47.7  70.5 102.2 138.5 158.0 133.4 125.2 117.5 108.1  92.6  62.0  43.6
 MX .5 P   .17   .25   .32   .51   .86  1.08   .98   .95   .75   .41   .23   .19
 DEW PT  15.98 18.06 28.96 38.34 49.88 60.65 65.36 63.84 54.87 40.93 29.34 19.45
Time Pk   .150  .260  .350  .450  .530  .620  .700  .770  .840  .900  .960 1.000
% N       4.54  5.52  5.73  6.05  6.38  4.79  4.85  5.03  4.46  4.62  3.80  4.12
MEAN      5.33  5.44  6.25  6.00  5.39  4.78  4.40  4.31  4.28  4.78  5.53  5.13
STD DEV   2.32  2.60  2.90  2.85  2.52  2.10  1.90  1.89  1.90  2.10  2.33  2.29
SKEW       .60   .72   .43   .62   .53   .45   .57   .54   .60   .54   .34   .59
% NNE     2.32  3.50  3.90  3.62  4.34  3.05  3.05  3.03  2.37  2.59  2.49  2.70
MEAN      5.05  5.59  6.04  5.71  5.30  4.69  4.21  3.99  3.99  4.82  5.49  5.30
STD DEV   2.36  2.65  2.70  2.60  2.21  1.87  1.90  1.76  1.66  2.22  2.34  2.25
SKEW       .72   .60   .57   .52   .49   .49   .64   .64   .65   .81   .26   .38
% NE      1.76  3.09  3.70  3.50  4.17  3.39  2.90  3.10  2.66  1.89  1.90  2.16
MEAN      4.27  5.09  5.38  4.97  4.64  4.16  3.52  3.52  3.94  3.93  4.64  4.38
STD DEV   2.23  2.71  2.59  2.35  2.06  1.90  1.66  1.65  1.77  1.82  2.06  2.17
SKEW       .77   .82   .60   .39   .40   .64   .81   .70   .83   .53   .41   .58
% ENE     1.45  3.07  4.15  3.72  3.97  3.13  2.59  2.63  2.59  1.45  1.56  2.04
MEAN      4.56  5.86  6.31  6.09  5.18  4.57  4.03  3.74  4.01  4.12  4.59  4.85
STD DEV   2.30  2.68  2.92  2.90  2.09  1.82  1.74  1.51  1.72  1.67  2.12  2.25
SKEW       .73   .42   .51   .48   .37   .45   .66   .24   .66   .29   .49   .68
% E       2.12  3.08  4.52  4.75  4.44  3.87  3.27  3.49  3.20  1.73  1.94  2.53
MEAN      4.85  5.57  5.78  6.30  5.33  4.57  3.96  3.56  3.98  3.82  4.50  4.71
STD DEV   2.52  3.07  2.77  3.06  2.35  2.00  1.81  1.64  1.70  1.66  2.11  2.26
SKEW       .64   .86   .48   .39   .38   .48   .55   .58   .42   .54   .54   .45
% ESE     4.30  4.10  6.58  6.50  6.64  6.16  4.80  5.05  4.55  3.92  3.62  4.33
MEAN      5.05  5.15  5.86  6.38  5.77  5.01  4.11  4.06  4.20  4.40  4.85  5.17
STD DEV   2.13  2.44  2.53  2.76  2.41  2.14  1.79  1.74  1.85  2.02  2.14  2.24
SKEW       .40   .48   .30   .23   .32   .54   .63   .59   .66   .70   .42   .47
% SE      6.20  6.37  6.66  7.07  7.70  8.94  8.01  9.86  7.93  8.89  6.16  6.56
MEAN      5.04  5.17  5.34  5.73  5.51  4.84  4.13  4.11  4.31  4.72  4.66  5.20
STD DEV   2.43  2.47  2.59  2.74  2.60  2.22  1.94  1.98  2.07  2.37  2.25  2.51
SKEW       .68   .37   .46   .24   .46   .47   .59   .62   .58   .61   .50   .48
% SSE     7.24  6.97  6.48  6.94  7.88  9.45 10.34 10.31 10.41 10.45  7.56  8.00
MEAN      5.82  5.99  6.09  6.54  6.43  5.90  5.03  4.91  5.39  5.64  5.85  5.88
STD DEV   2.61  2.69  2.79  2.83  2.95  2.53  2.18  2.24  2.41  2.55  2.57  2.52
SKEW       .38   .35   .41   .27   .49   .40   .56   .64   .53   .48   .47   .39
% S       8.09  6.80  6.58  6.89  9.27 11.54 12.81 13.12 12.70 11.84  9.67  7.93
MEAN      5.53  5.35  5.57  6.29  6.36  6.06  5.21  4.89  5.43  5.69  5.50  5.68
STD DEV   2.68  2.65  2.78  3.11  2.83  2.73  2.33  2.27  2.47  2.68  2.44  2.59
SKEW       .56   .69   .66   .46   .37   .39   .55   .65   .54   .68   .48   .43
% SSW     5.00  4.23  3.38  5.23  5.69  7.35  7.78  7.77  6.62  6.83  6.18  5.04
MEAN      5.75  5.77  5.78  6.62  6.55  6.05  5.38  5.38  5.89  6.09  5.99  5.64
STD DEV   2.59  2.52  2.55  2.89  2.83  2.50  2.24  2.23  2.40  2.59  2.57  2.60
SKEW       .60   .44   .40   .27   .28   .29   .48   .50   .32  1.17   .33   .70
% SW      4.06  3.78  2.76  3.70  4.08  5.28  4.93  5.29  4.71  4.68  5.05  4.69
MEAN      5.01  5.04  4.81  5.72  5.76  5.06  4.57  4.59  4.66  5.10  5.00  5.15
STD DEV   2.32  2.45  2.36  2.65  2.78  2.22  2.13  2.16  2.18  2.32  2.31  2.36
SKEW       .43   .56   .60   .31   .56   .42   .58   .54   .62   .51   .57   .48
% WSW     4.56  4.39  3.27  3.18  3.93  5.16  3.84  3.45  4.36  4.18  5.11  5.27
MEAN      5.11  5.25  5.45  5.98  6.12  5.28  4.35  4.24  4.88  5.12  5.17  5.30
STD DEV   2.23  2.34  2.38  2.83  3.12  2.37  1.94  1.77  2.14  2.33  2.25  2.26
SKEW       .41   .47   .53   .81  1.14   .67   .63   .46   .73   .61   .49   .55
% W       8.32  6.64  6.16  4.91  5.09  5.66  5.52  4.76  6.03  6.40  7.81  8.01
MEAN      5.31  4.91  5.29  5.82  5.36  4.89  4.00  3.90  4.56  4.97  5.50  5.36
STD DEV   2.66  2.49  2.73  3.10  2.83  2.37  1.90  1.78  2.19  2.39  2.66  2.58
SKEW       .97  1.22   .92   .77  1.00   .89   .93   .78   .85   .89   .75   .72
% WNW    15.48 13.25 11.80 10.23  7.82  6.78  7.00  5.50  8.55  9.62 14.47 13.83
MEAN      6.83  6.49  6.63  7.37  6.48  5.76  4.66  4.64  5.47  5.94  7.31  6.47
STD DEV   3.06  2.95  3.00  3.45  3.06  2.73  2.14  2.14  2.50  2.62  3.25  2.75
SKEW       .56   .68   .74   .52   .59   .64   .68   .67   .75   .57   .67   .37
% NW     13.88 13.75 13.00 11.64  8.31  6.48  7.38  6.22  8.01 10.44 12.82 13.09
MEAN      6.85  6.70  6.83  7.18  6.06  5.48  4.86  4.59  5.34  6.24  7.05  6.49
STD DEV   2.89  2.69  2.83  3.07  2.76  2.46  2.29  2.16  2.40  2.81  3.10  2.71
SKEW       .55   .35   .46   .37   .54   .39   .60   .70   .66   .56   .75   .44
% NNW     7.57  7.71  7.83  8.56  6.31  4.57  4.66  4.33  5.26  6.20  6.76  6.46
MEAN      6.83  6.57  7.34  7.37  6.27  5.74  5.13  4.97  5.33  5.96  6.83  6.56
STD DEV   2.84  2.72  2.88  2.85  2.51  2.31  2.11  2.12  2.13  2.52  2.84  2.69
SKEW       .34   .73   .37   .29   .30   .27   .37   .40   .34   .44   .42   .42
CALM      3.17  3.75  3.49  3.45  4.02  4.37  6.27  6.99  5.69  4.30  3.03  3.24
                                                                                
INTERPOLATED DATA (station & weighting factor)                                  
                                                                                
---Wind Stations---                                                             
MASON CITY    IA     .501  ROCHESTER     MN     .335  REDWOOD FALLS MN     .164 
