 United States    Sleeping Woman                                                
 LATT=  47.18 LONG=-114.33 YEARS= 20. TYPE= 3
 ELEVATION = 6004. TP5 = 1.11 TP6= 1.73
 MEAN P    .24   .25   .23   .24   .26   .31   .28   .25   .26   .27   .24   .22
 S DEV P   .20   .20   .19   .22   .21   .28   .29   .26   .22   .25   .22   .18
 SKEW  P  2.10  2.46  2.59  2.38  1.93  2.37  2.43  2.27  2.04  2.87  2.56  2.16
 P(W/W)    .62   .63   .62   .54   .52   .53   .20   .36   .48   .56   .57   .63
 P(W/D)    .37   .40   .43   .40   .28   .23   .12   .13   .18   .28   .43   .42
 TMAX AV 33.79 36.37 45.44 54.49 64.53 72.27 85.13 83.95 72.53 56.30 41.54 32.61
 TMIN AV 20.04 21.01 27.47 33.10 40.66 47.21 54.04 52.63 45.24 35.69 27.37 20.27
 SD TMAX  8.09  9.13  9.15  9.55  9.75  9.63  7.45  7.74 10.57  9.97  9.07  8.52
 SD TMIN 10.86 10.50  7.98  5.56  6.47  5.91  5.21  5.06  6.02  7.09  9.48 10.79
 SOL.RAD  116.  190.  279.  388.  480.  530.  606.  508.  354.  210.  120.   94.
 SD SOL   33.1  56.0  77.3 113.9 128.7 145.0  96.0  98.3 101.0  70.3  39.6  24.9
 MX .5 P   .16   .18   .20   .27   .41   .46   .42   .33   .34   .27   .19   .15
 DEW PT  20.15 20.25 25.16 29.67 36.20 42.06 42.46 40.07 37.20 32.29 24.97 18.99
Time Pk   .130  .230  .320  .410  .500  .590  .670  .750  .830  .890  .950 1.000
% N       4.77  5.83  6.09  6.48  6.36  6.38  5.49  4.94  6.00  6.40  5.07  5.48
MEAN      3.37  3.84  4.15  4.41  4.13  3.96  3.72  3.57  3.61  3.83  3.65  3.52
STD DEV   1.44  1.87  1.85  1.96  1.91  1.73  1.54  1.52  1.41  1.74  1.54  1.57
SKEW      1.00  1.11   .88   .81  1.04   .88   .91  1.20   .97  1.26   .86  1.38
% NNE     3.63  4.44  3.77  4.45  4.47  3.98  3.68  3.39  3.94  5.16  3.91  3.88
MEAN      3.92  4.24  4.35  4.48  4.32  3.85  4.03  3.82  3.77  4.04  3.92  3.87
STD DEV   1.96  1.95  1.99  1.92  1.89  1.53  1.83  1.63  1.45  1.93  1.71  1.83
SKEW      1.22   .99  1.01   .81   .92   .73  1.04  1.01   .77  1.30   .97  1.70
% NE      5.53  6.41  4.99  5.12  4.90  5.11  4.94  4.57  5.66  5.37  5.30  5.37
MEAN      3.68  3.90  3.92  4.06  3.91  3.68  3.55  3.53  3.53  3.58  3.51  3.48
STD DEV   1.64  1.70  1.76  1.77  1.77  1.58  1.65  1.51  1.45  1.50  1.56  1.42
SKEW      1.27  1.08  1.00   .88   .81   .91  1.31  1.16  1.04   .89  1.09   .75
% ENE     4.06  4.00  3.24  3.28  3.10  3.27  3.13  3.00  3.40  3.49  3.85  4.07
MEAN      3.09  3.46  3.50  3.51  3.63  3.41  3.39  3.35  3.36  3.23  3.13  3.12
STD DEV   1.15  1.40  1.36  1.25  1.47  1.38  1.36  1.25  1.20  1.23  1.17  1.03
SKEW       .99  1.17   .83   .61  1.02   .87   .84   .85   .63  1.06  1.07   .59
% E       4.10  3.96  3.11  3.26  3.39  3.17  3.88  3.89  4.03  3.89  4.05  3.85
MEAN      2.78  2.83  3.02  3.03  3.19  2.97  3.10  3.02  2.90  2.66  2.71  2.87
STD DEV    .92  1.00  1.09  1.20  1.24  1.17  1.31  1.19   .96   .86   .97  1.01
SKEW       .53  1.12   .77   .93   .93  1.21  1.48  1.40   .66  1.36  1.29   .89
% ESE     2.23  2.25  1.90  2.07  2.13  1.88  2.34  2.31  2.15  2.18  2.31  2.28
MEAN      2.66  2.65  2.96  3.15  3.19  2.98  3.19  2.93  2.73  2.76  2.79  2.80
STD DEV    .79   .88  1.13  1.34  1.22  1.16  1.31  1.04   .90   .90   .95   .93
SKEW       .43   .67   .60  1.47  1.19   .93  1.27   .97  1.11   .80  1.05   .84
% SE      2.02  1.94  2.22  2.21  2.32  2.16  2.66  3.12  2.95  2.66  2.44  2.03
MEAN      2.64  2.75  2.96  3.32  3.55  3.17  3.14  3.16  2.83  2.71  2.66  2.54
STD DEV   1.23  1.20  1.29  1.51  1.64  1.44  1.39  1.39  1.01  1.02  1.10   .83
SKEW      1.65  1.53  1.19  1.28  1.11  1.43  1.47  1.38  1.32  1.53  2.38   .67
% SSE     3.20  3.06  2.73  3.91  3.66  3.18  3.41  3.60  3.02  2.69  3.23  3.11
MEAN      4.45  4.33  4.34  4.61  4.48  4.07  3.95  3.94  3.69  3.62  4.47  4.00
STD DEV   2.48  2.22  2.38  2.34  2.50  2.07  2.03  1.84  1.88  1.81  2.67  2.23
SKEW       .72   .68  1.43   .79  1.41  1.29  1.22   .83  1.59  1.18   .96  1.23
% S      13.23 12.08 11.45 10.90 11.18 11.12 12.83 12.82 13.14 13.09 14.14 12.61
MEAN      4.92  4.83  4.80  4.80  4.53  4.34  4.22  4.24  4.15  4.55  4.73  4.61
STD DEV   2.56  2.25  2.45  2.42  2.08  2.08  1.89  1.91  1.95  2.21  2.45  2.18
SKEW       .95   .70  1.08  1.10   .93  1.07  1.03  1.17  1.19  1.05  1.06   .86
% SSW     9.51  7.71  8.58  6.89  7.95  7.67  9.88  9.09  8.07  7.70  8.04  7.85
MEAN      5.59  4.98  5.21  4.82  5.05  4.83  4.62  4.45  4.52  4.55  4.61  4.90
STD DEV   2.81  2.29  2.69  2.30  2.32  2.16  2.03  1.92  1.96  2.20  2.16  2.48
SKEW       .96   .70  1.13  1.02   .87   .88   .95   .97   .95  1.16   .89  1.13
% SW      7.45  7.12  7.98  7.46  7.91  8.09  9.12  9.11  7.47  6.73  7.27  7.22
MEAN      5.02  4.78  5.06  5.04  5.08  5.05  4.80  4.74  4.55  4.63  4.47  4.77
STD DEV   2.32  2.11  2.42  2.28  2.37  2.30  2.08  2.05  1.98  2.14  2.04  2.29
SKEW       .90   .62   .93   .63   .72   .72   .70   .74   .71   .82   .65   .94
% WSW     5.76  5.99  6.74  6.41  6.22  6.07  6.07  6.21  5.51  5.00  5.23  5.42
MEAN      4.66  4.56  4.94  5.07  5.13  5.34  4.75  4.94  4.87  4.62  4.48  4.67
STD DEV   2.11  2.05  2.23  2.33  2.32  2.43  2.04  2.07  2.17  2.15  2.05  2.07
SKEW       .72   .70   .69   .59   .72   .63   .60   .56   .55   .80   .84   .75
% W       4.49  4.82  6.09  6.03  5.83  5.54  5.40  5.91  4.96  4.18  4.05  4.10
MEAN      3.79  4.12  4.46  5.01  4.86  4.84  4.57  4.72  4.60  4.20  3.99  3.83
STD DEV   1.82  1.90  2.16  2.35  2.30  2.19  2.10  2.11  1.95  1.99  1.86  1.90
SKEW      1.02   .88   .82   .62   .70   .50   .60   .53   .39   .80  1.05  1.11
% WNW     3.15  3.82  5.29  5.32  4.85  5.02  3.75  3.93  3.59  3.06  2.71  3.03
MEAN      3.85  4.08  5.05  5.04  5.00  5.00  4.64  4.64  4.56  4.37  4.15  3.86
STD DEV   1.90  2.07  2.46  2.41  2.40  2.38  2.11  1.97  2.03  1.98  2.08  2.01
SKEW      1.18  1.60  1.17   .84   .86   .80   .65   .61   .69   .76  1.06  1.03
% NW      4.17  5.19  6.08  7.29  6.97  7.35  5.18  5.46  4.99  4.41  3.63  4.17
MEAN      4.05  4.25  4.88  4.95  4.71  4.55  4.04  4.13  4.06  4.17  3.85  3.96
STD DEV   1.95  2.18  2.49  2.49  2.33  2.13  1.85  1.89  1.89  2.02  1.85  1.95
SKEW      1.03  1.17   .87   .79   .95   .87   .85  1.00   .95  1.12  1.07  1.30
% NNW     3.00  3.74  4.41  5.49  5.41  6.20  4.52  3.99  3.76  3.63  2.86  3.08
MEAN      3.89  4.34  4.78  5.16  4.66  4.35  3.98  3.73  4.01  4.01  3.85  3.79
STD DEV   2.06  2.18  2.27  2.43  2.23  2.00  1.69  1.52  1.83  1.94  1.82  1.76
SKEW      1.15  1.02   .72   .65   .94   .82   .79   .88   .86  1.22   .95  1.13
CALM     19.68 17.65 15.37 13.50 13.31 13.77 13.66 14.65 17.41 20.43 21.87 22.54
                                                                                
INTERPOLATED DATA (station & weighting factor)                                  
                                                                                
---Wind Stations---                                                             
ELKO          NV     .453  ELY           NV     .290  BATTLE MOUNT. NV     .257 
